ATOM	X	Y	Z	RESIDUE
N	-52.794	-50.492	-26.307	1
CA	-52.347	-51.593	-25.455	1
C	-50.862	-51.456	-25.145	1
N	-50.558	-50.174	-25.389	2
CA	-50.841	-49.354	-26.544	2
C	-50.189	-47.933	-26.501	2
N	-49.514	-46.787	-26.156	3
CA	-49.528	-46.167	-24.841	3
C	-49.019	-44.982	-23.963	3
N	-48.305	-43.766	-23.816	4
CA	-47.226	-43.402	-22.764	4
C	-46.116	-42.392	-22.091	4
N	-45.441	-41.126	-22.096	5
CA	-44.92	-39.76	-21.514	5
C	-43.883	-39.495	-20.244	5
N	-42.846	-38.531	-19.858	6
CA	-41.97	-37.84	-18.725	6
C	-42.208	-36.713	-17.595	6
N	-41.631	-36.061	-16.42	7
CA	-40.557	-35.644	-15.367	7
C	-39.181	-34.756	-15.293	7
N	-38.276	-34.224	-14.238	8
CA	-37.703	-32.842	-13.654	8
C	-36.341	-32.345	-12.787	8
N	-35.781	-31.042	-12.267	9
CA	-34.904	-30.319	-11.079	9
C	-34.02	-28.867	-10.792	9
N	-33.153	-28.01	-9.822	10
CA	-32.427	-26.525	-9.566	10
C	-31.19	-25.682	-8.642	10
N	-30.558	-24.27	-8.375	11
CA	-29.925	-22.937	-7.555	11
C	-28.751	-22.099	-6.523	11
N	-28.054	-20.778	-6.006	12
CA	-27.16	-20.064	-4.765	12
C	-26.245	-18.632	-4.313	12
N	-25.501	-17.942	-3.112	13
CA	-24.493	-16.781	-2.372	13
C	-24.058	-15.189	-1.809	13
N	-22.932	-14.287	-1.173	14
CA	-22.467	-13.091	-0.08	14
C	-21.088	-12.302	0.627	14
N	-20.639	-11.146	1.573	15
CA	-19.499	-9.963	1.973	15
C	-18.88	-8.999	3.316	15
N	-17.872	-7.87	3.872	16
CA	-17.34	-6.779	5.089	16
C	-15.907	-5.858	5.702	16
N	-15.193	-4.869	6.808	17
CA	-14.399	-3.485	7.595	17
C	-12.95	-2.797	8.538	17
N	-11.967	-1.504	9.021	18
CA	-10.796	-0.575	10.067	18
C	-9.907	1.045	10.643	18
N	-8.739	1.999	11.575	19
CA	-7.767	3.291	12.498	19
C	-6.788	4.934	12.943	19
N	-5.852	6.078	13.918	20
CA	-4.924	7.651	14.531	20
C	-3.741	8.714	15.724	20
N	-3.202	10.255	16.519	21
CA	-3.758	11.462	15.907	21
C	-3.855	12.622	16.9	21
N	-3.325	13.779	16.499	22
CA	-3.191	14.976	17.356	22
C	-4.547	15.522	17.775	22
N	-4.635	16.01	19.013	23
CA	-5.764	16.822	19.438	23
C	-5.653	18.155	18.716	23
N	-6.779	18.865	18.558	24
CA	-6.697	20.266	18.184	24
C	-5.907	21.064	19.222	24
N	-5.187	22.106	18.789	25
CA	-4.534	22.962	19.776	25
C	-5.546	23.703	20.66	25
N	-5.061	24.304	21.739	26
CA	-5.945	24.915	22.748	26
C	-6.828	26.022	22.164	26
N	-6.276	26.783	21.227	27
CA	-6.984	27.891	20.581	27
C	-7.963	27.45	19.482	27
N	-8.0	26.154	19.158	28
CA	-9.04	25.569	18.304	28
C	-9.95	24.646	19.119	28
N	-10.112	24.969	20.404	29
CA	-11.016	24.237	21.289	29
C	-10.541	22.886	21.794	29
N	-9.259	22.577	21.615	30
CA	-8.735	21.297	22.056	30
C	-8.578	21.236	23.563	30
N	-8.491	20.021	24.119	31
CA	-8.375	19.878	25.565	31
C	-7.01	20.26	26.095	31
N	-6.978	20.663	27.359	32
CA	-5.727	20.711	28.094	32
C	-5.196	19.287	28.251	32
N	-3.895	19.142	28.06	33
CA	-3.257	17.839	27.999	33
C	-3.095	17.279	29.395	33
N	-3.342	15.978	29.535	34
CA	-3.093	15.253	30.787	34
C	-2.197	14.054	30.518	34
N	-1.823	13.344	31.579	35
CA	-0.966	12.164	31.427	35
C	-1.603	11.004	30.648	35
N	-2.916	11.022	30.443	36
CA	-3.568	10.01	29.604	36
C	-3.389	10.235	28.104	36
N	-2.989	11.444	27.707	37
CA	-2.914	11.801	26.286	37
C	-1.731	12.698	25.919	37
N	-0.627	12.532	26.649	38
CA	0.648	13.214	26.37	38
C	1.011	13.228	24.888	38
N	0.85	12.076	24.239	39
CA	1.303	11.897	22.867	39
C	0.458	12.637	21.825	39
N	-0.707	13.132	22.242	40
CA	-1.648	13.779	21.344	40
C	-1.502	15.303	21.342	40
N	-0.614	15.85	22.175	41
CA	-0.412	17.302	22.205	41
C	0.251	17.776	20.907	41
N	-0.359	18.737	20.192	42
CA	0.238	19.224	18.943	42
C	1.334	20.27	19.235	42
N	2.464	19.797	19.754	43
CA	3.52	20.688	20.253	43
C	4.126	21.627	19.201	43
N	4.022	21.244	17.935	44
CA	4.548	22.033	16.828	44
C	3.735	23.282	16.49	44
N	2.489	23.376	16.976	45
CA	1.607	24.518	16.666	45
C	0.987	25.144	17.921	45
N	1.831	25.588	18.862	46
CA	1.285	26.181	20.086	46
C	0.672	27.577	19.92	46
N	0.875	28.24	18.777	47
CA	0.279	29.559	18.551	47
C	0.806	30.61	19.505	47
N	2.024	30.401	19.986	48
CA	2.613	31.245	21.025	48
C	4.112	31.004	21.087	48
N	4.816	31.955	21.698	49
CA	6.282	31.94	21.812	49
C	6.767	32.235	23.224	49
N	8.071	32.056	23.42	50
CA	8.737	32.409	24.675	50
C	9.072	33.91	24.682	50
N	8.97	34.554	25.854	51
CA	9.025	36.026	25.873	51
C	10.408	36.655	25.719	51
N	11.472	35.863	25.69	52
CA	12.823	36.408	25.504	52
C	13.154	36.849	24.075	52
N	12.252	36.579	23.13	53
CA	12.37	37.085	21.771	53
C	11.018	37.512	21.243	53
N	10.989	37.933	19.98	54
CA	9.744	38.287	19.304	54
C	9.66	37.517	17.993	54
N	8.439	37.247	17.542	55
CA	8.208	36.527	16.291	55
C	7.21	37.277	15.417	55
N	7.537	37.396	14.129	56
CA	6.613	37.85	13.101	56
C	6.464	36.746	12.075	56
N	5.3	36.663	11.45	57
CA	5.174	35.903	10.218	57
C	4.779	36.872	9.122	57
N	5.224	36.582	7.903	58
CA	5.029	37.484	6.778	58
C	4.756	36.716	5.502	58
N	3.986	37.321	4.608	59
CA	3.715	36.701	3.327	59
C	5.016	36.582	2.521	59
N	5.255	35.396	1.978	60
CA	6.508	35.087	1.296	60
C	6.725	35.792	-0.034	60
N	5.67	36.369	-0.61	61
CA	5.783	37.156	-1.839	61
C	5.805	38.657	-1.549	61
N	4.797	39.143	-0.826	62
CA	4.628	40.58	-0.586	62
C	5.468	41.108	0.561	62
N	5.857	40.226	1.486	63
CA	6.448	40.664	2.757	63
C	5.498	41.335	3.747	63
N	4.183	41.316	3.501	64
CA	3.22	41.856	4.468	64
C	3.311	41.073	5.77	64
N	3.402	41.787	6.886	65
CA	3.399	41.16	8.207	65
C	1.983	40.667	8.506	65
N	1.846	39.353	8.67	66
CA	0.552	38.697	8.87	66
C	0.234	38.365	10.326	66
N	1.245	37.976	11.102	67
CA	1.06	37.694	12.531	67
C	2.204	38.293	13.31	67
N	1.931	38.645	14.566	68
CA	2.969	39.118	15.478	68
C	2.724	38.536	16.862	68
N	3.795	38.145	17.54	69
CA	3.688	37.853	18.962	69
C	3.199	39.12	19.681	69
N	2.402	38.948	20.741	70
CA	1.818	40.091	21.487	70
C	2.87	41.048	22.026	70
N	4.081	40.549	22.26	71
CA	5.197	41.358	22.746	71
C	6.058	42.005	21.66	71
N	5.718	41.798	20.385	72
CA	6.616	42.17	19.292	72
C	6.781	43.682	19.161	72
N	5.676	44.411	19.294	73
CA	5.697	45.877	19.197	73
C	6.579	46.488	20.291	73
N	6.342	46.083	21.537	74
CA	7.167	46.517	22.675	74
C	8.628	46.069	22.515	74
N	8.835	44.805	22.146	75
CA	10.187	44.255	21.972	75
C	10.982	44.994	20.888	75
N	10.322	45.329	19.776	76
CA	10.968	46.005	18.643	76
C	10.836	47.54	18.683	76
N	10.12	48.08	19.669	77
CA	9.936	49.532	19.795	77
C	9.088	50.151	18.694	77
N	8.103	49.394	18.209	78
CA	7.167	49.851	17.179	78
C	5.814	50.127	17.823	78
N	5.014	50.986	17.189	79
CA	3.611	51.169	17.575	79
C	2.842	49.921	17.128	79
N	2.031	49.307	18.023	80
CA	1.236	48.116	17.661	80
C	0.426	48.25	16.363	80
N	-0.22	49.401	16.186	81
CA	-0.978	49.7	14.965	81
C	-0.106	49.771	13.696	81
N	1.132	50.249	13.832	82
CA	2.053	50.377	12.695	82
C	2.629	49.017	12.268	82
N	2.842	48.104	13.216	83
CA	3.516	46.829	12.923	83
C	2.652	45.839	12.122	83
N	1.393	45.649	12.526	84
CA	0.464	44.76	11.803	84
C	0.193	45.311	10.403	84
N	0.415	44.484	9.384	85
CA	0.173	44.883	7.993	85
C	1.29	45.654	7.308	85
N	2.297	46.103	8.071	86
CA	3.517	46.698	7.51	86
C	4.231	45.652	6.664	86
N	5.086	46.105	5.755	87
CA	5.849	45.209	4.894	87
C	7.282	45.082	5.389	87
N	7.907	43.943	5.102	88
CA	9.326	43.729	5.395	88
C	10.241	44.646	4.577	88
N	9.797	45.066	3.386	89
CA	10.506	46.102	2.622	89
C	10.685	47.382	3.442	89
N	9.635	47.779	4.158	90
CA	9.647	48.995	4.987	90
C	10.264	48.788	6.374	90
N	10.016	47.621	6.967	91
CA	10.515	47.292	8.306	91
C	12.016	47.004	8.266	91
N	12.432	46.205	7.278	92
CA	13.797	45.684	7.154	92
C	14.391	45.986	5.769	92
N	14.512	47.282	5.409	93
CA	14.976	47.634	4.055	93
C	16.34	47.037	3.655	93
N	17.259	46.921	4.612	94
CA	18.595	46.371	4.355	94
C	18.655	44.844	4.209	94
N	17.662	44.121	4.736	95
CA	17.642	42.645	4.671	95
C	16.655	42.047	3.664	95
N	15.555	42.748	3.383	96
CA	14.454	42.174	2.589	96
C	14.892	41.568	1.238	96
N	15.678	42.306	0.422	97
CA	16.151	41.702	-0.836	97
C	16.969	40.421	-0.65	97
N	17.921	40.437	0.283	98
CA	18.712	39.242	0.601	98
C	17.831	38.103	1.132	98
N	16.882	38.443	1.995	99
CA	15.944	37.461	2.543	99
C	15.151	36.731	1.44	99
N	14.596	37.494	0.499	100
CA	13.829	36.92	-0.626	100
C	14.672	35.975	-1.466	100
N	15.882	36.426	-1.798	101
CA	16.798	35.628	-2.6	101
C	17.195	34.341	-1.889	101
N	17.4	34.421	-0.572	102
CA	17.831	33.27	0.215	102
C	16.747	32.215	0.415	102
N	15.486	32.638	0.488	103
CA	14.382	31.734	0.833	103
C	13.259	31.773	-0.207	103
N	13.512	31.246	-1.425	104
CA	12.506	31.229	-2.484	104
C	11.409	30.187	-2.224	104
N	10.242	30.318	-2.883	105
CA	9.192	29.292	-2.784	105
C	9.67	27.854	-3.012	105
N	9.217	26.931	-2.173	106
CA	9.577	25.522	-2.305	106
C	10.949	25.121	-1.787	106
N	11.687	26.053	-1.167	107
CA	13.001	25.733	-0.592	107
C	12.792	24.822	0.622	107
N	13.835	24.086	1.052	108
CA	13.642	23.248	2.243	108
C	13.238	24.081	3.466	108
N	12.321	23.568	4.281	109
CA	11.87	24.305	5.47	109
C	13.004	24.524	6.484	109
N	13.96	23.594	6.529	110
CA	15.149	23.707	7.385	110
C	16.144	24.803	6.964	110
N	16.06	25.284	5.721	111
CA	16.957	26.338	5.228	111
C	16.717	27.657	5.963	111
N	17.794	28.31	6.404	112
CA	17.706	29.55	7.179	112
C	18.392	30.734	6.522	112
N	17.8	31.912	6.694	113
CA	18.472	33.189	6.481	113
C	18.725	33.783	7.862	113
N	19.951	34.245	8.097	114
CA	20.357	34.823	9.373	114
C	21.015	36.176	9.146	114
N	20.638	37.164	9.956	115
CA	21.281	38.479	9.935	115
C	21.405	39.029	11.344	115
N	22.37	39.928	11.528	116
CA	22.53	40.678	12.765	116
C	22.065	42.107	12.496	116
N	21.16	42.607	13.338	117
CA	20.557	43.935	13.178	117
C	21.037	44.87	14.282	117
N	21.346	46.123	13.938	118
CA	21.541	47.182	14.939	118
C	20.212	47.918	15.126	118
N	19.491	47.546	16.185	119
CA	18.14	48.028	16.471	119
C	18.208	48.923	17.723	119
N	18.05	50.254	17.569	120
CA	18.309	51.146	18.717	120
C	17.46	50.851	19.968	120
N	16.175	50.556	19.771	121
CA	15.254	50.248	20.876	121
C	15.571	48.936	21.616	121
N	16.06	47.928	20.888	122
CA	16.339	46.598	21.451	122
C	17.829	46.233	21.563	122
N	18.709	47.001	20.918	123
CA	20.136	46.669	20.82	123
C	20.441	45.791	19.615	123
N	21.62	45.166	19.628	124
CA	22.004	44.203	18.59	124
C	21.054	42.998	18.657	124
N	20.386	42.697	17.543	125
CA	19.47	41.552	17.466	125
C	19.953	40.517	16.463	125
N	19.686	39.253	16.775	126
CA	19.815	38.166	15.816	126
C	18.456	37.978	15.162	126
N	18.441	37.976	13.832	127
CA	17.256	37.676	13.028	127
C	17.476	36.322	12.377	127
N	16.535	35.406	12.595	128
CA	16.534	34.09	11.973	128
C	15.222	33.926	11.23	128
N	15.307	33.557	9.954	129
CA	14.119	33.403	9.116	129
C	14.121	32.046	8.425	129
N	12.954	31.421	8.332	130
CA	12.778	30.259	7.481	130
C	11.393	30.315	6.862	130
N	11.235	29.562	5.779	131
CA	9.996	29.512	5.006	131
C	9.275	28.196	5.264	131
N	7.971	28.279	5.508	132
CA	7.118	27.098	5.501	132
C	5.978	27.411	4.549	132
N	5.893	26.666	3.455	133
CA	4.919	26.966	2.414	133
C	5.121	28.378	1.887	133
N	4.069	29.185	1.951	134
CA	4.101	30.557	1.46	134
C	4.322	31.58	2.581	134
N	4.724	31.106	3.765	135
CA	4.902	31.95	4.952	135
C	6.372	32.038	5.364	135
N	6.838	33.257	5.641	136
CA	8.143	33.476	6.257	136
C	7.943	33.633	7.755	136
N	8.788	32.971	8.538	137
CA	8.711	33.008	9.993	137
C	9.995	33.67	10.479	137
N	9.858	34.84	11.117	138
CA	10.983	35.696	11.5	138
C	11.11	35.716	13.016	138
N	12.278	35.324	13.523	139
CA	12.559	35.293	14.961	139
C	13.607	36.332	15.286	139
N	13.311	37.174	16.274	140
CA	14.211	38.231	16.712	140
C	14.575	37.952	18.159	140
N	15.864	37.959	18.485	141
CA	16.268	37.967	19.894	141
C	17.597	38.677	20.103	141
N	17.871	39.117	21.348	142
CA	19.135	39.815	21.549	142
C	20.343	38.953	21.242	142
N	21.395	39.564	20.721	143
CA	22.65	38.851	20.557	143
C	23.808	39.672	21.091	143
N	24.841	38.963	21.541	144
CA	25.983	39.546	22.244	144
C	26.938	40.254	21.287	144
N	27.976	40.823	21.862	145
CA	29.004	40.599	20.869	145
C	29.509	39.13	20.622	145
N	29.044	38.131	21.38	146
CA	29.996	37.257	22.05	146
C	30.917	36.612	20.989	146
N	32.102	36.056	21.39	147
CA	32.513	34.654	21.209	147
C	33.052	33.668	20.154	147
N	33.394	33.914	18.865	148
CA	34.508	34.796	18.515	148
C	35.925	34.277	18.642	148
N	36.72	35.277	18.988	149
CA	38.036	35.019	19.501	149
C	38.119	35.1	21.019	149
N	39.011	34.239	21.539	150
CA	38.699	32.912	21.071	150
C	37.37	32.186	21.361	150
N	37.346	31.16	20.456	151
CA	37.427	30.418	19.193	151
C	36.639	30.277	17.883	151
N	37.567	29.709	17.022	152
CA	38.617	28.895	17.631	152
C	38.056	27.869	18.618	152
N	37.132	28.299	19.475	153
CA	36.489	27.397	20.442	153
C	35.74	26.263	19.742	153
N	35.006	26.601	18.678	154
CA	34.311	25.6	17.866	154
C	35.295	24.62	17.249	154
N	36.367	25.134	16.642	155
CA	37.415	24.286	16.052	155
C	37.944	23.266	17.061	155
N	38.333	23.758	18.239	156
CA	38.893	22.915	19.303	156
C	37.894	21.88	19.824	156
N	36.648	22.304	20.029	157
CA	35.58	21.398	20.453	157
C	35.34	20.306	19.421	157
N	35.251	20.694	18.151	158
CA	35.069	19.73	17.059	158
C	36.201	18.697	17.053	158
N	37.436	19.181	17.184	159
CA	38.623	18.328	17.248	159
C	38.621	17.394	18.456	159
N	38.2	17.91	19.609	160
CA	38.103	17.11	20.846	160
C	37.148	15.909	20.714	160
N	36.03	16.109	20.022	161
CA	35.068	15.026	19.792	161
C	35.676	13.957	18.875	161
N	36.252	14.403	17.758	162
CA	36.927	13.527	16.787	162
C	38.025	12.698	17.458	162
N	38.853	13.36	18.265	163
CA	39.976	12.701	18.937	163
C	39.588	11.779	20.095	163
N	38.347	11.827	20.571	164
CA	37.921	10.927	21.65	164
C	38.078	9.456	21.235	164
N	38.667	8.609	22.11	165
CA	39.08	7.248	21.725	165
C	37.994	6.161	21.657	165
N	36.894	6.332	22.378	166
CA	35.825	5.333	22.415	166
C	34.499	6.029	22.741	166
N	33.401	5.273	22.749	167
CA	32.055	5.834	22.909	167
C	31.834	6.489	24.266	167
N	32.279	5.828	25.329	168
CA	32.17	6.405	26.677	168
C	32.961	7.706	26.767	168
N	34.213	7.68	26.323	169
CA	35.036	8.887	26.319	169
C	34.438	10.009	25.462	169
N	33.853	9.639	24.319	170
CA	33.189	10.591	23.428	170
C	32.018	11.248	24.144	170
N	31.238	10.433	24.843	171
CA	30.097	10.928	25.62	171
C	30.553	11.898	26.701	171
N	31.627	11.539	27.395	172
CA	32.199	12.379	28.457	172
C	32.752	13.702	27.929	172
N	33.544	13.633	26.859	173
CA	34.079	14.827	26.196	173
C	32.944	15.711	25.687	173
N	31.91	15.105	25.104	174
CA	30.785	15.883	24.578	174
C	30.123	16.677	25.699	174
N	29.848	16.011	26.818	175
CA	29.186	16.686	27.943	175
C	30.068	17.758	28.579	175
N	31.352	17.462	28.774	176
CA	32.265	18.445	29.355	176
C	32.481	19.632	28.433	176
N	32.618	19.37	27.137	177
CA	32.87	20.435	26.163	177
C	31.658	21.352	26.04	177
N	30.464	20.763	25.944	178
CA	29.247	21.562	25.861	178
C	29.054	22.378	27.146	178
N	29.351	21.792	28.302	179
CA	29.271	22.542	29.551	179
C	30.261	23.725	29.58	179
N	31.501	23.498	29.148	180
CA	32.512	24.571	29.069	180
C	32.076	25.726	28.156	180
N	31.504	25.392	27.004	181
CA	31.044	26.41	26.049	181
C	29.835	27.2	26.53	181
N	28.921	26.539	27.242	182
CA	27.617	27.134	27.572	182
C	27.501	27.676	28.984	182
N	28.285	27.128	29.907	183
CA	28.114	27.424	31.323	183
C	26.922	26.757	31.997	183
N	26.219	25.86	31.293	184
CA	25.056	25.196	31.888	184
C	25.441	24.415	33.164	184
N	24.545	24.393	34.147	185
CA	24.768	23.713	35.422	185
C	24.885	22.201	35.23	185
N	24.166	21.656	34.253	186
CA	24.218	20.214	33.981	186
C	24.119	19.996	32.484	186
N	24.976	19.122	31.959	187
CA	24.886	18.671	30.578	187
C	24.99	17.154	30.589	187
N	23.992	16.497	30.006	188
CA	23.876	15.038	29.964	188
C	23.907	14.553	28.534	188
N	24.352	13.311	28.347	189
CA	24.063	12.59	27.101	189
C	22.989	11.556	27.453	189
N	21.811	11.739	26.859	190
CA	20.612	10.978	27.167	190
C	20.353	10.049	25.989	190
N	20.5	8.739	26.201	191
CA	20.456	7.759	25.101	191
C	19.125	7.025	25.105	191
N	18.469	6.951	23.943	192
CA	17.211	6.197	23.808	192
C	17.489	4.719	23.583	192
N	16.802	3.879	24.343	193
CA	16.81	2.438	24.126	193
C	15.793	2.113	23.031	193
N	15.825	0.88	22.512	194
CA	14.854	0.508	21.48	194
C	13.377	0.662	21.876	194
N	13.059	0.536	23.17	195
CA	11.693	0.734	23.664	195
C	11.38	2.203	23.99	195
N	12.28	3.095	23.587	196
CA	12.158	4.545	23.79	196
C	12.327	5.022	25.229	196
N	12.653	4.136	26.172	197
CA	13.114	4.604	27.479	197
C	14.444	5.308	27.265	197
N	14.824	6.143	28.221	198
CA	16.065	6.895	28.128	198
C	16.965	6.642	29.314	198
N	18.258	6.827	29.101	199
CA	19.24	6.662	30.155	199
C	20.292	7.749	30.042	199
N	20.676	8.31	31.189	200
CA	21.801	9.245	31.213	200
C	23.085	8.409	31.189	200
N	23.851	8.499	30.105	201
CA	25.074	7.676	29.952	201
C	26.368	8.464	30.141	201
N	26.258	9.784	30.299	202
CA	27.382	10.648	30.673	202
C	26.783	11.938	31.171	202
N	27.463	12.586	32.101	203
CA	27.062	13.929	32.499	203
C	28.227	14.735	33.052	203
N	28.107	16.045	32.894	204
CA	28.997	17.032	33.481	204
C	28.087	17.899	34.322	204
N	28.428	18.114	35.59	205
CA	27.521	18.799	36.507	205
C	28.245	19.669	37.521	205
N	27.623	20.804	37.813	206
CA	28.04	21.72	38.872	206
C	28.155	21.035	40.251	206
N	29.104	21.486	41.084	207
CA	29.248	20.987	42.469	207
C	27.91	21.032	43.196	207
N	27.56	19.945	43.885	208
CA	26.339	19.887	44.684	208
C	25.096	19.306	44.028	208
N	25.099	19.173	42.697	209
CA	23.95	18.626	41.985	209
C	23.924	17.112	42.139	209
N	22.727	16.539	42.259	210
CA	22.561	15.081	42.36	210
C	23.032	14.423	41.049	210
N	23.653	13.242	41.132	211
CA	24.036	12.483	39.927	211
C	22.814	11.838	39.284	211
N	22.682	11.997	37.964	212
CA	21.723	11.21	37.183	212
C	22.374	10.098	36.355	212
N	23.7	9.983	36.39	213
CA	24.398	8.958	35.613	213
C	23.867	7.559	35.918	213
N	23.481	6.842	34.861	214
CA	22.967	5.479	34.996	214
C	21.481	5.382	35.282	214
N	20.833	6.515	35.548	215
CA	19.407	6.504	35.816	215
C	18.657	6.37	34.489	215
N	17.556	5.62	34.533	216
CA	16.697	5.375	33.377	216
C	15.308	5.949	33.624	216
N	14.64	6.316	32.533	217
CA	13.376	7.051	32.589	217
C	12.37	6.475	31.597	217
N	11.073	6.5	31.95	218
CA	10.066	5.972	31.023	218
C	10.034	6.684	29.676	218
N	9.612	5.97	28.633	219
CA	9.467	6.541	27.295	219
C	8.523	7.734	27.256	219
N	7.488	7.698	28.102	220
CA	6.445	8.716	28.113	220
C	6.935	10.127	28.446	220
N	8.088	10.246	29.105	221
CA	8.6	11.565	29.468	221
C	9.12	12.366	28.281	221
N	9.424	11.695	27.164	222
CA	9.686	12.376	25.896	222
C	8.805	11.674	24.881	222
N	7.552	12.121	24.762	223
CA	6.585	11.3	24.019	223
C	6.848	11.198	22.519	223
N	6.134	10.291	21.872	224
CA	6.459	9.915	20.5	224
C	6.435	11.067	19.507	224
N	5.503	12.013	19.663	225
CA	5.458	13.139	18.733	225
C	6.62	14.106	18.946	225
N	7.112	14.194	20.185	226
CA	8.307	14.985	20.493	226
C	9.52	14.334	19.846	226
N	9.641	13.02	20.011	227
CA	10.752	12.299	19.417	227
C	10.766	12.447	17.896	227
N	9.584	12.382	17.281	228
CA	9.442	12.558	15.841	228
C	9.865	13.968	15.433	228
N	9.363	14.976	16.138	229
CA	9.732	16.359	15.838	229
C	11.247	16.563	15.962	229
N	11.842	15.92	16.967	230
CA	13.268	16.069	17.247	230
C	14.189	15.374	16.241	230
N	13.611	14.529	15.395	231
CA	14.326	13.947	14.275	231
C	14.442	14.932	13.093	231
N	13.525	15.905	13.01	232
CA	13.473	16.917	11.936	232
C	14.036	18.28	12.35	232
N	13.788	18.682	13.596	233
CA	14.217	19.99	14.101	233
C	15.097	19.747	15.323	233
N	16.388	20.022	15.159	234
CA	17.413	19.375	15.974	234
C	17.805	20.095	17.267	234
N	17.22	21.257	17.532	235
CA	17.476	21.987	18.782	235
C	16.201	22.636	19.284	235
N	15.961	22.497	20.584	236
CA	14.865	23.201	21.227	236
C	15.237	23.541	22.653	236
N	14.494	24.49	23.222	237
CA	14.848	25.038	24.528	237
C	13.663	25.674	25.235	237
N	13.801	25.81	26.549	238
CA	12.923	26.626	27.372	238
C	13.821	27.522	28.206	238
N	13.849	28.822	27.904	239
CA	14.782	29.726	28.589	239
C	14.394	30.049	30.04	239
N	13.093	30.011	30.316	240
CA	12.553	30.296	31.64	240
C	11.34	29.415	31.847	240
N	11.485	28.388	32.684	241
CA	10.412	27.432	32.87	241
C	9.2	27.961	33.664	241
N	9.259	29.192	34.172	242
CA	8.093	29.815	34.793	242
C	7.377	30.811	33.873	242
N	7.977	31.144	32.723	243
CA	7.48	32.234	31.868	243
C	6.252	31.797	31.104	243
N	5.188	32.592	31.189	244
CA	4.001	32.335	30.398	244
C	4.28	32.55	28.913	244
N	3.646	31.732	28.09	245
CA	3.747	31.874	26.641	245
C	3.071	33.156	26.17	245
N	3.602	33.723	25.093	246
CA	3.109	34.969	24.5	246
C	2.4	34.574	23.198	246
N	1.069	34.751	23.111	247
CA	0.366	34.331	21.886	247
C	0.784	35.078	20.619	247
N	0.591	34.429	19.477	248
CA	0.613	35.095	18.181	248
C	-0.75	35.699	17.939	248
N	-0.764	36.86	17.283	249
CA	-2.011	37.536	16.925	249
C	-1.957	38.009	15.463	249
N	-2.933	37.634	14.626	250
CA	-3.911	36.589	14.907	250
C	-3.238	35.25	15.109	250
N	-3.934	34.34	15.772	251
CA	-3.327	33.067	16.149	251
C	-3.164	32.151	14.939	251
N	-4.111	32.201	14.003	252
CA	-4.007	31.429	12.763	252
C	-3.351	32.246	11.665	252
N	-2.634	31.551	10.786	253
CA	-2.104	32.162	9.572	253
C	-3.279	32.596	8.685	253
N	-3.421	33.914	8.407	254
CA	-4.524	34.357	7.539	254
C	-4.492	33.799	6.115	254
N	-3.316	33.389	5.639	255
CA	-3.215	32.765	4.322	255
C	-4.079	31.521	4.228	255
N	-4.085	30.728	5.3	256
CA	-4.663	29.389	5.309	256
C	-5.859	29.201	6.243	256
N	-6.094	30.16	7.139	257
CA	-7.0	29.969	8.266	257
C	-6.703	28.681	9.026	257
N	-5.41	28.448	9.226	258
CA	-4.931	27.234	9.866	258
C	-3.714	27.554	10.726	258
N	-3.369	26.648	11.654	259
CA	-2.246	26.904	12.552	259
C	-0.932	27.215	11.843	259
N	-0.142	28.096	12.45	260
CA	1.182	28.446	11.955	260
C	2.195	27.383	12.384	260
N	2.882	26.736	11.424	261
CA	3.843	25.699	11.839	261
C	5.051	26.316	12.522	261
N	5.301	25.918	13.769	262
CA	6.394	26.489	14.555	262
C	7.435	25.465	14.992	262
N	7.397	24.27	14.418	263
CA	8.394	23.257	14.753	263
C	9.83	23.699	14.523	263
N	10.04	24.538	13.509	264
CA	11.352	25.096	13.199	264
C	11.704	26.422	13.851	264
N	10.875	26.889	14.788	265
CA	11.097	28.146	15.474	265
C	11.572	27.824	16.883	265
N	12.824	28.165	17.178	266
CA	13.383	27.97	18.517	266
C	12.593	28.741	19.586	266
N	12.001	29.871	19.205	267
CA	11.168	30.642	20.12	267
C	9.803	30.031	20.434	267
N	9.386	28.965	19.747	268
CA	8.055	28.432	20.016	268
C	7.885	28.063	21.492	268
N	6.668	28.234	21.985	269
CA	6.343	27.833	23.347	269
C	6.548	26.325	23.549	269
N	7.058	25.974	24.721	270
CA	7.233	24.586	25.134	270
C	5.941	24.016	25.728	270
N	5.713	22.71	25.56	271
CA	4.582	22.05	26.198	271
C	4.522	22.391	27.694	271
N	3.349	22.799	28.195	272
CA	3.213	23.016	29.641	272
C	3.486	21.773	30.489	272
N	3.234	20.573	29.952	273
CA	3.524	19.344	30.696	273
C	5.022	19.209	30.969	273
N	5.826	19.543	29.969	274
CA	7.264	19.493	30.102	274
C	7.778	20.625	31.001	274
N	7.212	21.818	30.858	275
CA	7.596	22.956	31.695	275
C	7.42	22.609	33.172	275
N	6.296	21.956	33.495	276
CA	6.013	21.524	34.874	276
C	7.014	20.478	35.367	276
N	7.28	19.472	34.53	277
CA	8.332	18.482	34.814	277
C	9.649	19.178	35.191	277
N	10.023	20.183	34.406	278
CA	11.274	20.909	34.679	278
C	11.24	21.703	35.974	278
N	10.145	22.413	36.218	279
CA	10.028	23.147	37.482	279
C	10.151	22.22	38.682	279
N	9.521	21.047	38.602	280
CA	9.565	20.086	39.707	280
C	10.963	19.53	39.954	280
N	11.795	19.509	38.906	281
CA	13.224	19.161	39.024	281
C	14.128	20.294	39.492	281
N	13.572	21.479	39.697	282
CA	14.38	22.656	40.028	282
C	15.14	23.245	38.852	282
N	14.619	23.041	37.64	283
CA	15.288	23.496	36.423	283
C	14.582	24.752	35.922	283
N	15.334	25.854	35.88	284
CA	14.858	27.139	35.371	284
C	15.004	27.323	33.871	284
N	15.953	26.602	33.274	285
CA	16.278	26.719	31.849	285
C	16.723	25.362	31.32	285
N	16.223	24.986	30.141	286
CA	16.515	23.665	29.56	286
C	16.798	23.824	28.065	286
N	17.721	23.016	27.541	287
CA	18.045	23.031	26.114	287
C	18.528	21.662	25.704	287
N	18.057	21.166	24.563	288
CA	18.636	19.923	24.045	288
C	18.901	19.978	22.56	288
N	19.88	19.156	22.179	289
CA	20.284	18.987	20.794	289
C	20.142	17.519	20.454	289
N	19.51	17.234	19.323	290
CA	19.351	15.864	18.863	290
C	20.658	15.25	18.38	290
N	20.818	13.969	18.695	291
CA	21.887	13.144	18.162	291
C	21.177	12.161	17.236	291
N	21.447	12.277	15.935	292
CA	20.72	11.529	14.906	292
C	21.717	10.62	14.192	292
N	21.479	9.314	14.26	293
CA	22.392	8.303	13.708	293
C	21.567	7.406	12.796	293
N	21.974	7.298	11.528	294
CA	21.22	6.53	10.529	294
C	19.779	6.991	10.358	294
N	19.553	8.302	10.463	295
CA	18.21	8.877	10.355	295
C	17.269	8.631	11.531	295
N	17.78	8.033	12.613	296
CA	16.998	7.73	13.811	296
C	17.499	8.579	14.975	296
N	16.582	8.95	15.869	297
CA	16.934	9.721	17.072	297
C	17.618	8.792	18.074	297
N	18.936	8.944	18.172	298
CA	19.779	8.103	18.998	298
C	19.759	8.58	20.448	298
N	19.718	9.89	20.629	299
CA	19.741	10.483	21.954	299
C	19.705	11.992	21.881	299
N	19.989	12.613	23.025	300
CA	19.983	14.068	23.171	300
C	21.18	14.498	23.979	300
N	21.793	15.618	23.577	301
CA	22.62	16.398	24.482	301
C	21.602	17.234	25.247	301
N	21.41	16.935	26.533	302
CA	20.336	17.563	27.337	302
C	20.951	18.455	28.419	302
N	20.574	19.735	28.44	303
CA	21.2	20.711	29.313	303
C	20.196	21.33	30.264	303
N	20.642	21.574	31.5	304
CA	19.835	22.27	32.504	304
C	20.605	23.421	33.129	304
N	19.866	24.459	33.506	305
CA	20.327	25.501	34.434	305
C	19.299	25.692	35.54	305
N	19.746	25.935	36.767	306
CA	18.809	26.197	37.858	306
C	18.1	27.551	37.703	306
N	18.853	28.573	37.319	307
CA	18.319	29.912	37.087	307
C	17.879	30.005	35.62	307
N	16.805	30.768	35.316	308
CA	16.529	31.052	33.894	308
C	17.765	31.586	33.184	308
N	17.868	31.318	31.894	309
CA	19.12	31.558	31.185	309
C	18.847	31.47	29.705	309
N	19.17	32.543	28.986	310
CA	19.074	32.58	27.53	310
C	20.455	32.331	26.953	310
N	20.654	31.148	26.382	311
CA	21.922	30.853	25.748	311
C	22.037	31.743	24.5	311
N	23.133	32.533	24.387	312
CA	23.273	33.422	23.228	312
C	23.145	32.713	21.865	312
N	22.528	33.371	20.863	313
CA	22.343	32.801	19.518	313
C	23.596	32.175	18.881	313
N	24.735	32.851	18.997	314
CA	25.985	32.331	18.432	314
C	26.437	31.04	19.114	314
N	26.191	30.927	20.419	315
CA	26.458	29.679	21.135	315
C	25.519	28.536	20.715	315
N	24.254	28.83	20.414	316
CA	23.338	27.801	19.901	316
C	23.807	27.231	18.566	316
N	24.277	28.101	17.674	317
CA	24.844	27.673	16.395	317
C	26.03	26.73	16.603	317
N	26.909	27.084	17.536	318
CA	28.029	26.219	17.905	318
C	27.515	24.853	18.378	318
N	26.505	24.839	19.246	319
CA	25.933	23.561	19.684	319
C	25.322	22.741	18.546	319
N	24.703	23.412	17.572	320
CA	24.159	22.732	16.39	320
C	25.28	22.027	15.619	320
N	26.396	22.719	15.416	321
CA	27.57	22.103	14.779	321
C	28.072	20.899	15.579	321
N	28.189	21.056	16.896	322
CA	28.648	19.954	17.752	322
C	27.679	18.777	17.804	322
N	26.376	19.05	17.73	323
CA	25.386	17.988	17.623	323
C	25.617	17.128	16.391	323
N	25.853	17.785	15.255	324
CA	26.133	17.077	14.002	324
C	27.445	16.286	14.096	324
N	28.475	16.889	14.682	325
CA	29.762	16.208	14.875	325
C	29.624	14.997	15.804	325
N	28.927	15.173	16.928	326
CA	28.691	14.065	17.859	326
C	27.94	12.92	17.181	326
N	26.912	13.261	16.412	327
CA	26.147	12.283	15.636	327
C	27.042	11.452	14.714	327
N	27.918	12.141	13.991	328
CA	28.891	11.485	13.108	328
C	29.837	10.589	13.906	328
N	30.344	11.106	15.025	329
CA	31.3	10.372	15.842	329
C	30.687	9.2	16.594	329
N	29.42	9.299	16.995	330
CA	28.726	8.147	17.58	330
C	28.68	6.998	16.575	330
N	28.327	7.303	15.33	331
CA	28.319	6.285	14.284	331
C	29.72	5.684	14.083	331
N	30.749	6.531	14.069	332
CA	32.154	6.074	13.9	332
C	32.596	5.187	15.061	332
N	32.366	5.653	16.293	333
CA	32.742	4.912	17.507	333
C	32.0	3.585	17.629	333
N	30.703	3.592	17.325	334
CA	29.893	2.358	17.345	334
C	30.379	1.32	16.319	334
N	30.886	1.79	15.178	335
CA	31.487	0.909	14.164	335
C	32.816	0.296	14.63	335
N	33.612	1.069	15.372	336
CA	34.887	0.577	15.917	336
C	34.669	-0.507	16.972	336
N	33.712	-0.276	17.871	337
CA	33.431	-1.189	18.983	337
C	32.43	-2.267	18.591	337
N	33.179	-3.475	18.695	338
CA	34.48	-4.203	18.999	338
C	34.712	-5.804	18.982	338
N	35.803	-6.614	18.701	339
CA	36.356	-7.837	19.42	339
C	36.586	-9.057	18.448	339
N	37.049	-10.363	18.616	340
CA	37.13	-11.351	17.468	340
C	37.287	-12.939	17.603	340
N	37.42	-13.75	18.699	341
CA	38.096	-14.927	19.367	341
C	37.744	-16.468	19.149	341
N	38.63	-17.457	19.594	342
CA	39.158	-18.839	19.426	342
C	39.988	-19.857	18.582	342
N	39.659	-21.184	18.718	343
CA	40.447	-22.419	18.383	343
C	41.033	-22.78	17.029	343
