ATOM	X	Y	Z	RESIDUE
N	11.824	-11.118	-28.324	1
CA	11.464	-12.547	-28.431	1
C	10.51	-12.962	-27.301	1
N	9.279	-12.433	-27.258	2
CA	8.254	-12.873	-26.284	2
C	7.359	-14.002	-26.842	2
N	7.758	-14.627	-27.957	3
CA	6.89	-15.514	-28.736	3
C	6.805	-16.963	-28.252	3
N	7.703	-17.419	-27.369	4
CA	7.724	-18.818	-26.904	4
C	7.152	-19.04	-25.495	4
N	6.852	-17.981	-24.733	5
CA	6.359	-18.08	-23.345	5
C	4.867	-17.719	-23.195	5
N	4.123	-17.624	-24.301	6
CA	2.688	-17.337	-24.269	6
C	1.888	-18.639	-24.096	6
N	1.142	-18.771	-22.997	7
CA	0.229	-19.895	-22.75	7
C	0.19	-20.324	-21.282	7
N	-0.7	-21.264	-20.944	8
CA	-0.635	-21.974	-19.663	8
C	0.654	-22.801	-19.644	8
N	1.684	-22.321	-18.948	9
CA	2.885	-23.117	-18.74	9
C	2.522	-24.258	-17.784	9
N	2.574	-25.501	-18.269	10
CA	2.414	-26.715	-17.46	10
C	3.639	-26.939	-16.548	10
N	4.12	-25.908	-15.844	11
CA	4.912	-26.163	-14.644	11
C	3.975	-26.892	-13.692	11
N	4.285	-28.152	-13.392	12
CA	3.546	-28.989	-12.454	12
C	3.399	-28.208	-11.145	12
N	2.242	-27.582	-10.946	13
CA	1.884	-27.037	-9.648	13
C	1.637	-28.278	-8.792	13
N	2.423	-28.468	-7.727	14
CA	2.204	-29.56	-6.768	14
C	0.718	-29.625	-6.378	14
N	0.183	-30.821	-6.103	15
CA	-1.264	-31.053	-5.898	15
C	-1.92	-30.14	-4.833	15
N	-1.133	-29.552	-3.922	16
CA	-1.584	-28.641	-2.855	16
C	-1.232	-27.152	-3.076	16
N	-0.747	-26.788	-4.265	17
CA	-0.359	-25.421	-4.601	17
C	-1.352	-24.749	-5.564	17
N	-1.381	-23.417	-5.558	18
CA	-2.137	-22.616	-6.525	18
C	-1.406	-21.305	-6.84	18
N	-1.783	-20.647	-7.938	19
CA	-1.249	-19.338	-8.321	19
C	-2.235	-18.229	-7.962	19
N	-1.716	-17.109	-7.466	20
CA	-2.496	-15.892	-7.272	20
C	-1.738	-14.679	-7.792	20
N	-2.462	-13.747	-8.406	21
CA	-1.887	-12.588	-9.084	21
C	-2.488	-11.292	-8.557	21
N	-1.631	-10.324	-8.235	22
CA	-2.034	-8.942	-7.949	22
C	-1.272	-7.971	-8.842	22
N	-1.913	-6.864	-9.213	23
CA	-1.266	-5.754	-9.918	23
C	-1.174	-4.496	-9.052	23
N	-0.206	-3.644	-9.371	24
CA	-0.073	-2.288	-8.855	24
C	0.326	-1.355	-9.987	24
N	0.091	-0.063	-9.8	25
CA	0.519	0.973	-10.739	25
C	1.29	2.075	-10.011	25
N	2.162	2.776	-10.731	26
CA	2.965	3.867	-10.189	26
C	2.219	5.197	-10.114	26
N	2.878	6.19	-9.515	27
CA	2.33	7.539	-9.29	27
C	1.887	8.257	-10.575	27
N	2.463	7.914	-11.731	28
CA	2.14	8.539	-13.011	28
C	1.144	7.79	-13.885	28
N	0.583	6.676	-13.409	29
CA	-0.535	6.027	-14.091	29
C	-1.74	6.976	-14.073	29
N	-2.456	7.191	-15.19	30
CA	-3.446	8.263	-15.294	30
C	-4.554	8.189	-14.231	30
N	-5.091	7.003	-13.923	31
CA	-6.03	6.85	-12.791	31
C	-5.418	7.243	-11.432	31
N	-4.134	6.928	-11.194	32
CA	-3.455	7.305	-9.948	32
C	-3.078	8.767	-9.879	32
N	-2.885	9.435	-11.012	33
CA	-2.81	10.897	-11.049	33
C	-4.128	11.474	-10.518	33
N	-5.268	10.958	-10.988	34
CA	-6.586	11.405	-10.547	34
C	-6.812	11.181	-9.047	34
N	-6.53	9.98	-8.533	35
CA	-6.646	9.683	-7.097	35
C	-5.793	10.639	-6.239	35
N	-4.535	10.87	-6.638	36
CA	-3.629	11.777	-5.925	36
C	-4.095	13.235	-5.973	36
N	-4.644	13.704	-7.099	37
CA	-5.193	15.063	-7.222	37
C	-6.45	15.211	-6.362	37
N	-7.376	14.254	-6.439	38
CA	-8.596	14.227	-5.63	38
C	-8.282	14.314	-4.132	38
N	-7.297	13.552	-3.65	39
CA	-6.879	13.623	-2.247	39
C	-6.017	14.845	-1.902	39
N	-5.279	15.419	-2.856	40
CA	-4.601	16.698	-2.647	40
C	-5.603	17.849	-2.461	40
N	-6.722	17.822	-3.196	41
CA	-7.842	18.757	-3.015	41
C	-8.483	18.554	-1.643	41
N	-8.775	17.31	-1.25	42
CA	-9.275	17.005	0.095	42
C	-8.341	17.539	1.191	42
N	-7.043	17.242	1.109	43
CA	-6.055	17.715	2.081	43
C	-5.977	19.251	2.116	43
N	-6.159	19.933	0.979	44
CA	-6.171	21.394	0.915	44
C	-7.379	22.009	1.641	44
N	-8.549	21.368	1.557	45
CA	-9.733	21.75	2.326	45
C	-9.549	21.465	3.82	45
N	-9.156	20.241	4.191	46
CA	-9.011	19.826	5.595	46
C	-7.954	20.615	6.379	46
N	-6.941	21.171	5.699	47
CA	-5.957	22.076	6.322	47
C	-6.574	23.364	6.87	47
N	-7.67	23.834	6.281	48
CA	-8.333	25.088	6.653	48
C	-9.672	24.841	7.353	48
N	-10.333	23.742	7.005	49
CA	-11.658	23.365	7.464	49
C	-11.696	21.844	7.7	49
N	-11.381	21.384	8.926	50
CA	-11.424	19.967	9.29	50
C	-12.801	19.304	9.103	50
N	-13.869	20.097	8.965	51
CA	-15.248	19.643	8.78	51
C	-15.73	19.743	7.325	51
N	-14.826	20.05	6.388	52
CA	-15.115	20.113	4.963	52
C	-15.806	18.832	4.465	52
N	-16.893	19.007	3.711	53
CA	-17.578	17.926	2.997	53
C	-17.045	17.903	1.577	53
N	-16.386	16.815	1.197	54
CA	-15.654	16.709	-0.07	54
C	-16.038	15.407	-0.767	54
N	-16.436	15.53	-2.029	55
CA	-16.602	14.469	-3.014	55
C	-16.005	14.974	-4.341	55
N	-14.675	14.95	-4.444	56
CA	-13.926	15.525	-5.562	56
C	-13.418	14.424	-6.496	56
N	-14.041	14.288	-7.659	57
CA	-13.606	13.398	-8.728	57
C	-12.642	14.123	-9.67	57
N	-11.63	13.403	-10.149	58
CA	-10.661	13.925	-11.112	58
C	-10.682	13.084	-12.382	58
N	-10.703	13.745	-13.539	59
CA	-10.546	13.12	-14.859	59
C	-9.306	13.685	-15.542	59
N	-8.469	12.809	-16.091	60
CA	-7.249	13.173	-16.798	60
C	-7.264	12.647	-18.239	60
N	-6.942	13.518	-19.196	61
CA	-6.629	13.142	-20.584	61
C	-5.568	14.091	-21.141	61
N	-5.134	13.899	-22.384	62
CA	-4.109	14.71	-23.056	62
C	-4.291	16.208	-22.797	62
N	-3.358	16.797	-22.044	63
CA	-3.349	18.225	-21.723	63
C	-4.485	18.719	-20.819	63
N	-5.277	17.842	-20.195	64
CA	-6.455	18.219	-19.409	64
C	-6.511	17.488	-18.067	64
N	-6.76	18.257	-17.008	65
CA	-7.34	17.794	-15.747	65
C	-8.705	18.46	-15.577	65
N	-9.725	17.676	-15.251	66
CA	-11.046	18.152	-14.857	66
C	-11.31	17.717	-13.416	66
N	-11.609	18.677	-12.543	67
CA	-12.204	18.423	-11.233	67
C	-13.725	18.513	-11.361	67
N	-14.445	17.508	-10.877	68
CA	-15.903	17.458	-10.886	68
C	-16.431	16.879	-9.568	68
N	-17.593	17.337	-9.113	69
CA	-18.247	16.821	-7.908	69
C	-18.638	17.923	-6.931	69
N	-18.679	17.596	-5.641	70
CA	-19.316	18.438	-4.632	70
C	-18.387	18.755	-3.456	70
N	-18.202	20.046	-3.17	71
CA	-17.456	20.526	-2.009	71
C	-18.237	21.618	-1.274	71
N	-18.559	21.345	-0.01	72
CA	-19.048	22.345	0.945	72
C	-18.01	22.519	2.037	72
N	-17.366	23.683	2.043	73
CA	-16.26	23.99	2.942	73
C	-16.095	25.498	3.116	73
N	-15.553	25.91	4.261	74
CA	-15.146	27.292	4.529	74
C	-13.715	27.615	4.059	74
N	-12.986	26.629	3.528	75
CA	-11.633	26.812	3.018	75
C	-11.604	27.645	1.727	75
N	-10.571	28.476	1.574	76
CA	-10.262	29.148	0.305	76
C	-9.117	28.39	-0.36	76
N	-9.429	27.602	-1.391	77
CA	-8.47	26.708	-2.059	77
C	-8.168	27.193	-3.475	77
N	-6.881	27.365	-3.781	78
CA	-6.402	27.571	-5.149	78
C	-6.27	26.215	-5.863	78
N	-7.344	25.794	-6.537	79
CA	-7.384	24.522	-7.263	79
C	-6.33	24.433	-8.374	79
N	-6.02	25.544	-9.059	80
CA	-4.982	25.563	-10.096	80
C	-3.639	25.171	-9.487	80
N	-3.276	25.793	-8.362	81
CA	-2.023	25.499	-7.671	81
C	-1.982	24.067	-7.136	81
N	-3.037	23.597	-6.463	82
CA	-3.087	22.241	-5.871	82
C	-2.928	21.15	-6.935	82
N	-3.65	21.27	-8.054	83
CA	-3.563	20.326	-9.178	83
C	-2.153	20.328	-9.772	83
N	-1.617	21.514	-10.083	84
CA	-0.307	21.658	-10.735	84
C	0.843	21.189	-9.845	84
N	0.811	21.493	-8.55	85
CA	1.822	21.02	-7.597	85
C	1.811	19.489	-7.468	85
N	0.631	18.865	-7.529	86
CA	0.497	17.401	-7.493	86
C	1.104	16.75	-8.738	86
N	0.795	17.26	-9.934	87
CA	1.375	16.764	-11.198	87
C	2.903	16.949	-11.21	87
N	3.385	18.09	-10.698	88
CA	4.815	18.367	-10.531	88
C	5.488	17.334	-9.624	88
N	4.874	16.989	-8.489	89
CA	5.398	15.984	-7.555	89
C	5.529	14.587	-8.19	89
N	4.541	14.201	-9.0	90
CA	4.528	12.933	-9.741	90
C	5.696	12.883	-10.746	90
N	5.99	14.01	-11.402	91
CA	7.151	14.193	-12.284	91
C	6.813	14.401	-13.763	91
N	5.57	14.791	-14.064	92
CA	5.142	15.265	-15.383	92
C	5.359	16.776	-15.489	92
N	6.53	17.146	-15.987	93
CA	7.075	18.504	-15.964	93
C	7.596	18.965	-17.33	93
N	7.302	18.234	-18.404	94
CA	7.711	18.611	-19.749	94
C	6.863	17.91	-20.814	94
N	6.627	18.605	-21.925	95
CA	5.879	18.068	-23.067	95
C	6.489	16.782	-23.648	95
N	7.814	16.589	-23.554	96
CA	8.502	15.35	-23.96	96
C	8.111	14.118	-23.137	96
N	7.469	14.301	-21.975	97
CA	6.926	13.213	-21.144	97
C	5.457	12.898	-21.461	97
N	4.841	13.639	-22.387	98
CA	3.426	13.529	-22.758	98
C	2.467	14.341	-21.877	98
N	2.957	14.967	-20.799	99
CA	2.156	15.786	-19.886	99
C	3.041	16.757	-19.086	99
N	2.554	17.974	-18.832	100
CA	3.309	19.024	-18.136	100
C	2.409	19.868	-17.222	100
N	2.751	19.919	-15.93	101
CA	2.034	20.708	-14.924	101
C	1.983	22.215	-15.226	101
N	2.944	22.755	-15.989	102
CA	3.011	24.196	-16.292	102
C	1.999	24.617	-17.352	102
N	1.677	23.719	-18.28	103
CA	0.965	24.051	-19.524	103
C	-0.359	23.31	-19.691	103
N	-0.653	22.298	-18.863	104
CA	-1.941	21.61	-18.916	104
C	-3.119	22.543	-18.58	104
N	-4.263	22.268	-19.202	105
CA	-5.544	22.859	-18.855	105
C	-6.068	22.225	-17.559	105
N	-6.551	23.058	-16.641	106
CA	-7.194	22.627	-15.397	106
C	-8.585	23.243	-15.378	106
N	-9.594	22.394	-15.543	107
CA	-11.01	22.736	-15.538	107
C	-11.613	22.374	-14.18	107
N	-12.513	23.217	-13.681	108
CA	-13.153	23.036	-12.374	108
C	-14.663	23.145	-12.547	108
N	-15.362	22.059	-12.234	109
CA	-16.815	21.928	-12.229	109
C	-17.261	21.391	-10.857	109
N	-16.934	22.146	-9.804	110
CA	-17.25	21.809	-8.417	110
C	-18.44	22.641	-7.937	110
N	-19.445	21.974	-7.383	111
CA	-20.637	22.594	-6.8	111
C	-20.702	22.339	-5.287	111
N	-21.718	22.873	-4.611	112
CA	-21.954	22.562	-3.199	112
C	-22.511	21.141	-3.046	112
N	-22.292	20.516	-1.884	113
CA	-22.993	19.282	-1.531	113
C	-24.506	19.513	-1.593	113
N	-25.239	18.554	-2.169	114
CA	-26.702	18.593	-2.186	114
C	-27.26	18.852	-0.774	114
N	-28.107	19.884	-0.587	115
CA	-28.764	20.147	0.691	115
C	-29.58	18.952	1.202	115
N	-30.145	18.149	0.293	116
CA	-30.933	16.952	0.619	116
C	-30.07	15.84	1.233	116
N	-28.803	15.737	0.809	117
CA	-27.813	14.844	1.427	117
C	-27.379	15.425	2.774	117
N	-27.071	16.724	2.822	118
CA	-26.573	17.373	4.031	118
C	-27.546	17.224	5.215	118
N	-28.842	17.486	4.994	119
CA	-29.882	17.372	6.027	119
C	-30.077	15.938	6.539	119
N	-29.879	14.931	5.681	120
CA	-30.009	13.526	6.072	120
C	-28.782	12.978	6.805	120
N	-27.606	13.573	6.586	121
CA	-26.317	13.016	7.02	121
C	-25.757	13.728	8.246	121
N	-25.627	15.06	8.223	122
CA	-24.805	15.781	9.21	122
C	-25.407	17.06	9.796	122
N	-26.328	17.748	9.111	123
CA	-26.941	18.958	9.676	123
C	-27.733	18.621	10.948	123
N	-27.597	19.468	11.971	124
CA	-28.278	19.363	13.272	124
C	-28.078	18.026	14.02	124
N	-26.971	17.319	13.748	125
CA	-26.602	16.059	14.416	125
C	-25.346	16.212	15.265	125
N	-25.281	15.448	16.355	126
CA	-24.035	15.273	17.098	126
C	-23.009	14.54	16.214	126
N	-21.729	14.916	16.289	127
CA	-20.657	14.303	15.494	127
C	-20.592	12.781	15.661	127
N	-20.754	12.249	16.88	128
CA	-20.722	10.795	17.111	128
C	-21.865	10.051	16.409	128
N	-22.997	10.733	16.24	129
CA	-24.226	10.212	15.65	129
C	-24.447	10.722	14.225	129
N	-23.409	11.246	13.562	130
CA	-23.459	11.574	12.134	130
C	-23.851	10.327	11.336	130
N	-24.756	10.499	10.377	131
CA	-25.185	9.412	9.511	131
C	-24.074	8.993	8.556	131
N	-24.134	7.762	8.051	132
CA	-23.337	7.406	6.886	132
C	-23.677	8.343	5.716	132
N	-22.653	8.866	5.038	133
CA	-22.815	9.787	3.911	133
C	-23.453	9.156	2.675	133
N	-23.488	7.826	2.617	134
CA	-24.169	7.041	1.595	134
C	-24.497	5.641	2.148	134
N	-25.319	4.886	1.426	135
CA	-25.404	3.443	1.587	135
C	-24.169	2.756	0.998	135
N	-23.908	1.529	1.429	136
CA	-22.899	0.705	0.78	136
C	-22.42	-0.428	1.66	136
N	-21.504	-1.212	1.109	137
CA	-20.829	-2.297	1.802	137
C	-19.323	-2.132	1.633	137
N	-18.56	-2.429	2.677	138
CA	-17.109	-2.267	2.711	138
C	-16.486	-3.52	3.303	138
N	-15.245	-3.792	2.908	139
CA	-14.506	-4.942	3.398	139
C	-13.168	-4.541	4.001	139
N	-12.808	-5.249	5.063	140
CA	-11.5	-5.237	5.687	140
C	-10.852	-6.602	5.566	140
N	-9.577	-6.664	5.205	141
CA	-8.847	-7.925	5.1	141
C	-7.49	-7.846	5.794	141
N	-7.08	-8.962	6.394	142
CA	-5.739	-9.177	6.918	142
C	-5.349	-10.658	6.796	142
N	-4.058	-10.894	6.598	143
CA	-3.411	-12.203	6.421	143
C	-2.091	-12.188	7.19	143
N	-1.635	-13.309	7.738	144
CA	-0.367	-13.415	8.471	144
C	0.836	-13.728	7.568	144
N	0.633	-13.777	6.247	145
CA	1.689	-14.11	5.283	145
C	2.82	-13.066	5.21	145
N	2.571	-11.825	5.648	146
CA	3.602	-10.791	5.815	146
C	3.447	-10.034	7.136	146
N	4.516	-9.364	7.574	147
CA	4.531	-8.604	8.827	147
C	3.497	-7.466	8.839	147
N	3.321	-6.783	7.708	148
CA	2.338	-5.716	7.508	148
C	0.886	-6.226	7.376	148
N	0.679	-7.534	7.531	149
CA	-0.587	-8.243	7.409	149
C	-1.289	-8.061	6.054	149
N	-0.53	-8.066	4.959	150
CA	-1.027	-7.866	3.594	150
C	-0.634	-9.037	2.693	150
N	-1.334	-9.259	1.569	151
CA	-0.893	-10.25	0.603	151
C	0.487	-9.927	0.018	151
N	1.396	-10.904	-0.018	152
CA	2.747	-10.731	-0.558	152
C	2.707	-10.269	-2.022	152
N	1.772	-10.811	-2.801	153
CA	1.498	-10.43	-4.199	153
C	1.365	-8.913	-4.389	153
N	0.447	-8.256	-3.669	154
CA	0.224	-6.806	-3.796	154
C	1.353	-5.984	-3.156	154
N	1.937	-6.464	-2.051	155
CA	3.096	-5.824	-1.4	155
C	4.278	-5.725	-2.366	155
N	4.619	-6.821	-3.049	156
CA	5.7	-6.836	-4.034	156
C	5.365	-5.946	-5.235	156
N	4.134	-6.007	-5.753	157
CA	3.712	-5.166	-6.871	157
C	3.847	-3.66	-6.547	157
N	3.419	-3.219	-5.358	158
CA	3.612	-1.841	-4.893	158
C	5.091	-1.467	-4.778	158
N	5.901	-2.308	-4.118	159
CA	7.333	-2.046	-3.902	159
C	8.11	-1.951	-5.221	159
N	7.74	-2.723	-6.248	160
CA	8.325	-2.606	-7.591	160
C	8.068	-1.218	-8.21	160
N	6.837	-0.694	-8.125	161
CA	6.531	0.66	-8.612	161
C	7.271	1.737	-7.807	161
N	7.298	1.61	-6.477	162
CA	8.01	2.546	-5.611	162
C	9.516	2.573	-5.924	162
N	10.125	1.408	-6.193	163
CA	11.534	1.314	-6.59	163
C	11.804	1.99	-7.933	163
N	10.918	1.842	-8.919	164
CA	11.046	2.578	-10.185	164
C	10.956	4.095	-9.973	164
N	10.036	4.571	-9.129	165
CA	9.942	5.992	-8.801	165
C	11.197	6.516	-8.074	165
N	11.781	5.73	-7.164	166
CA	13.055	6.032	-6.495	166
C	14.197	6.191	-7.514	166
N	14.394	5.198	-8.39	167
CA	15.467	5.193	-9.395	167
C	15.289	6.267	-10.48	167
N	14.04	6.649	-10.771	168
CA	13.706	7.79	-11.632	168
C	14.092	9.109	-10.967	168
N	13.689	9.311	-9.707	169
CA	13.907	10.568	-8.968	169
C	15.371	10.798	-8.605	169
N	16.127	9.739	-8.315	170
CA	17.551	9.846	-7.989	170
C	18.469	9.877	-9.231	170
N	17.908	9.758	-10.441	171
CA	18.65	9.819	-11.702	171
C	19.437	8.556	-12.068	171
N	19.33	7.459	-11.306	172
CA	20.016	6.186	-11.617	172
C	19.5	5.564	-12.914	172
N	18.199	5.711	-13.188	173
CA	17.552	5.303	-14.437	173
C	16.807	6.515	-15.03	173
N	17.526	7.451	-15.682	174
CA	16.98	8.75	-16.092	174
C	15.988	8.66	-17.265	174
N	15.991	7.538	-17.986	175
CA	15.045	7.252	-19.061	175
C	13.647	6.886	-18.549	175
N	13.495	6.529	-17.264	176
CA	12.188	6.235	-16.674	176
C	11.269	7.461	-16.723	176
N	9.987	7.214	-16.975	177
CA	8.906	8.199	-16.872	177
C	7.887	7.764	-15.804	177
N	6.98	8.657	-15.364	178
CA	6.151	8.39	-14.187	178
C	5.124	7.249	-14.335	178
N	4.599	6.985	-15.537	179
CA	3.602	5.926	-15.767	179
C	4.235	4.531	-15.722	179
N	3.713	3.672	-14.851	180
CA	4.184	2.299	-14.683	180
C	3.085	1.382	-14.162	180
N	3.181	0.108	-14.54	181
CA	2.335	-0.994	-14.09	181
C	3.21	-2.196	-13.763	181
N	2.907	-2.857	-12.658	182
CA	3.561	-4.095	-12.24	182
C	2.507	-5.131	-11.894	182
N	2.813	-6.396	-12.146	183
CA	1.947	-7.51	-11.785	183
C	2.81	-8.651	-11.268	183
N	2.439	-9.22	-10.125	184
CA	3.194	-10.291	-9.473	184
C	2.268	-11.474	-9.254	184
N	2.663	-12.619	-9.804	185
CA	2.02	-13.914	-9.584	185
C	2.883	-14.725	-8.638	185
N	2.313	-15.147	-7.518	186
CA	2.985	-15.959	-6.5	186
C	2.32	-17.327	-6.458	186
N	3.141	-18.364	-6.34	187
CA	2.688	-19.706	-6.012	187
C	2.536	-19.815	-4.498	187
N	1.367	-20.257	-4.056	188
CA	1.021	-20.432	-2.655	188
C	0.72	-21.894	-2.352	188
N	0.964	-22.289	-1.102	189
CA	0.41	-23.496	-0.481	189
C	-0.583	-23.085	0.603	189
N	-1.686	-23.814	0.738	190
CA	-2.654	-23.582	1.811	190
C	-2.306	-24.411	3.059	190
N	-2.218	-23.767	4.227	191
CA	-2.073	-24.422	5.537	191
C	-3.284	-24.093	6.414	191
N	-4.242	-25.026	6.511	192
CA	-5.462	-24.882	7.338	192
C	-6.182	-23.534	7.138	192
N	-6.243	-23.072	5.886	193
CA	-6.88	-21.81	5.485	193
C	-5.963	-20.58	5.477	193
N	-4.78	-20.655	6.096	194
CA	-3.726	-19.651	5.966	194
C	-2.938	-19.861	4.666	194
N	-2.335	-18.791	4.149	195
CA	-1.641	-18.79	2.86	195
C	-0.135	-18.718	3.085	195
N	0.608	-19.666	2.52	196
CA	2.065	-19.707	2.594	196
C	2.652	-19.408	1.206	196
N	3.266	-18.229	0.987	197
CA	4.005	-17.949	-0.239	197
C	5.171	-18.928	-0.405	197
N	5.26	-19.582	-1.563	198
CA	6.325	-20.548	-1.877	198
C	7.39	-19.902	-2.758	198
N	6.979	-19.316	-3.889	199
CA	7.866	-18.66	-4.864	199
C	7.116	-17.649	-5.726	199
N	7.836	-16.73	-6.363	200
CA	7.284	-15.867	-7.41	200
C	7.296	-16.618	-8.74	200
N	6.104	-16.84	-9.286	201
CA	5.905	-17.524	-10.558	201
C	6.117	-16.597	-11.757	201
N	5.531	-15.397	-11.729	202
CA	5.629	-14.453	-12.852	202
C	5.678	-13.017	-12.374	202
N	6.562	-12.228	-12.98	203
CA	6.645	-10.781	-12.787	203
C	6.428	-10.091	-14.13	203
N	5.488	-9.15	-14.164	204
CA	5.282	-8.226	-15.28	204
C	5.701	-6.833	-14.838	204
N	6.484	-6.147	-15.668	205
CA	6.784	-4.722	-15.502	205
C	6.619	-4.027	-16.846	205
N	5.739	-3.029	-16.886	206
CA	5.605	-2.078	-17.99	206
C	5.802	-0.675	-17.435	206
N	6.769	0.068	-17.951	207
CA	7.064	1.436	-17.525	207
C	7.284	2.325	-18.735	207
N	6.72	3.525	-18.683	208
CA	6.924	4.53	-19.706	208
C	8.404	4.937	-19.727	208
N	8.959	5.113	-20.922	209
CA	10.373	5.426	-21.119	209
C	10.577	6.519	-22.173	209
N	11.779	7.091	-22.228	210
CA	12.159	7.997	-23.313	210
C	12.388	7.269	-24.645	210
N	12.581	8.025	-25.722	211
CA	12.74	7.445	-27.058	211
C	14.173	6.964	-27.368	211
N	15.096	7.06	-26.403	212
CA	16.533	6.824	-26.619	212
C	16.956	5.451	-26.106	212
N	16.481	5.046	-24.923	213
CA	16.867	3.766	-24.312	213
C	16.374	2.569	-25.138	213
N	17.237	1.57	-25.34	214
CA	16.871	0.363	-26.077	214
C	16.181	-0.679	-25.175	214
N	15.429	-1.595	-25.792	215
CA	14.628	-2.595	-25.078	215
C	15.461	-3.528	-24.188	215
N	16.654	-3.921	-24.631	216
CA	17.501	-4.849	-23.876	216
C	18.108	-4.18	-22.635	216
N	18.538	-2.917	-22.741	217
CA	19.007	-2.128	-21.593	217
C	17.899	-1.942	-20.548	217
N	16.671	-1.638	-20.987	218
CA	15.526	-1.55	-20.077	218
C	15.271	-2.874	-19.356	218
N	15.272	-4.001	-20.078	219
CA	15.003	-5.323	-19.492	219
C	16.047	-5.719	-18.459	219
N	17.321	-5.497	-18.762	220
CA	18.421	-5.763	-17.838	220
C	18.292	-4.908	-16.568	220
N	18.116	-3.593	-16.725	221
CA	17.953	-2.676	-15.602	221
C	16.717	-2.992	-14.74	221
N	15.58	-3.331	-15.356	222
CA	14.372	-3.732	-14.632	222
C	14.595	-5.025	-13.839	222
N	15.322	-6.002	-14.386	223
CA	15.632	-7.237	-13.659	223
C	16.593	-6.975	-12.496	223
N	17.73	-6.344	-12.774	224
CA	18.841	-6.234	-11.825	224
C	18.642	-5.126	-10.783	224
N	18.14	-3.951	-11.183	225
CA	18.027	-2.781	-10.29	225
C	16.646	-2.616	-9.658	225
N	15.604	-3.224	-10.231	226
CA	14.228	-3.13	-9.712	226
C	13.795	-4.446	-9.076	226
N	13.732	-5.54	-9.841	227
CA	13.192	-6.812	-9.337	227
C	14.064	-7.403	-8.234	227
N	15.366	-7.6	-8.478	228
CA	16.284	-8.151	-7.463	228
C	16.461	-7.249	-6.238	228
N	16.193	-5.949	-6.371	229
CA	16.244	-5.009	-5.253	229
C	14.998	-5.068	-4.35	229
N	13.885	-5.627	-4.84	230
CA	12.586	-5.635	-4.148	230
C	12.169	-7.034	-3.717	230
N	12.304	-8.021	-4.601	231
CA	11.824	-9.381	-4.358	231
C	12.918	-10.167	-3.635	231
N	12.658	-10.692	-2.422	232
CA	13.621	-11.534	-1.724	232
C	14.08	-12.705	-2.596	232
N	15.394	-12.938	-2.66	233
CA	15.983	-13.952	-3.543	233
C	15.458	-15.373	-3.276	233
N	14.985	-15.66	-2.058	234
CA	14.361	-16.95	-1.705	234
C	13.102	-17.263	-2.525	234
N	12.442	-16.249	-3.092	235
CA	11.256	-16.431	-3.928	235
C	11.553	-16.399	-5.433	235
N	12.807	-16.19	-5.843	236
CA	13.211	-16.144	-7.248	236
C	14.041	-17.384	-7.581	236
N	13.714	-18.042	-8.686	237
CA	14.443	-19.207	-9.188	237
C	14.553	-19.179	-10.72	237
N	15.17	-20.22	-11.281	238
CA	15.404	-20.355	-12.722	238
C	14.095	-20.478	-13.526	238
N	12.998	-20.873	-12.87	239
CA	11.665	-21.015	-13.461	239
C	10.806	-19.746	-13.301	239
N	11.315	-18.671	-12.685	240
CA	10.559	-17.415	-12.583	240
C	10.428	-16.781	-13.968	240
N	9.19	-16.521	-14.394	241
CA	8.902	-15.911	-15.695	241
C	8.951	-14.384	-15.577	241
N	9.725	-13.741	-16.451	242
CA	9.892	-12.287	-16.476	242
C	9.318	-11.682	-17.765	242
N	8.214	-10.944	-17.649	243
CA	7.643	-10.126	-18.721	243
C	8.011	-8.651	-18.51	243
N	9.224	-8.281	-18.924	244
CA	9.779	-6.931	-18.758	244
C	9.67	-6.146	-20.073	244
N	8.983	-4.999	-20.034	245
CA	8.552	-4.237	-21.214	245
C	7.914	-5.154	-22.279	245
N	6.845	-5.905	-21.938	246
CA	6.293	-6.922	-22.827	246
C	5.703	-6.347	-24.121	246
N	5.258	-5.081	-24.117	247
CA	4.79	-4.361	-25.313	247
C	5.91	-4.024	-26.305	247
N	7.175	-4.11	-25.882	248
CA	8.35	-3.729	-26.666	248
C	8.599	-2.22	-26.752	248
N	7.551	-1.386	-26.732	249
CA	7.654	0.081	-26.757	249
C	6.547	0.716	-25.917	249
N	6.914	1.656	-25.048	250
CA	5.992	2.414	-24.2	250
C	6.477	3.866	-24.013	250
N	6.648	4.598	-25.119	251
CA	7.088	6.011	-25.088	251
C	5.925	6.954	-24.754	251
N	4.784	6.764	-25.425	252
CA	3.539	7.48	-25.124	252
C	2.93	6.856	-23.867	252
N	2.745	7.649	-22.814	253
CA	2.175	7.203	-21.542	253
C	1.405	8.313	-20.832	253
N	1.029	8.064	-19.58	254
CA	0.245	9.003	-18.782	254
C	-1.119	9.317	-19.413	254
N	-1.698	10.501	-19.133	255
CA	-2.998	10.9	-19.683	255
C	-3.052	10.944	-21.221	255
N	-1.893	11.056	-21.883	256
CA	-1.801	11.002	-23.34	256
C	-2.091	9.59	-23.861	256
N	-1.493	8.57	-23.238	257
CA	-1.679	7.166	-23.607	257
C	-3.058	6.619	-23.241	257
N	-3.57	6.953	-22.056	258
CA	-4.829	6.41	-21.532	258
C	-5.595	7.465	-20.716	258
N	-6.924	7.369	-20.652	259
CA	-7.728	8.274	-19.829	259
C	-7.648	7.851	-18.356	259
N	-7.534	8.818	-17.449	260
CA	-7.513	8.58	-16.008	260
C	-8.799	9.032	-15.346	260
N	-9.318	8.254	-14.398	261
CA	-10.385	8.686	-13.497	261
C	-10.094	8.254	-12.054	261
N	-10.496	9.09	-11.098	262
CA	-10.501	8.75	-9.669	262
C	-11.308	7.468	-9.434	262
N	-10.848	6.613	-8.52	263
CA	-11.576	5.408	-8.122	263
C	-11.517	4.239	-9.111	263
N	-10.688	4.307	-10.158	264
CA	-10.52	3.208	-11.135	264
C	-9.429	2.204	-10.773	264
N	-8.823	2.362	-9.594	265
CA	-7.762	1.498	-9.061	265
C	-8.086	0.929	-7.673	265
N	-9.374	0.755	-7.372	266
CA	-9.893	0.256	-6.083	266
C	-9.28	-1.069	-5.591	266
N	-8.943	-1.998	-6.49	267
CA	-8.3	-3.266	-6.103	267
C	-6.798	-3.085	-5.842	267
N	-6.151	-2.161	-6.563	268
CA	-4.768	-1.735	-6.291	268
C	-4.698	-1.013	-4.946	268
N	-5.725	-0.247	-4.583	269
CA	-5.772	0.475	-3.308	269
C	-5.957	-0.406	-2.085	269
N	-6.5	-1.601	-2.291	270
CA	-6.907	-2.501	-1.221	270
C	-6.019	-3.734	-1.153	270
N	-6.492	-4.867	-1.661	271
CA	-5.938	-6.181	-1.34	271
C	-5.488	-6.958	-2.58	271
N	-5.39	-6.315	-3.749	272
CA	-4.841	-6.942	-4.955	272
C	-5.612	-8.173	-5.439	272
N	-6.915	-8.238	-5.171	273
CA	-7.786	-9.364	-5.517	273
C	-8.062	-10.312	-4.349	273
N	-7.287	-10.238	-3.263	274
CA	-7.573	-10.979	-2.034	274
C	-8.733	-10.363	-1.249	274
N	-9.295	-11.136	-0.32	275
CA	-10.433	-10.697	0.48	275
C	-11.661	-10.444	-0.396	275
N	-12.192	-9.224	-0.343	276
CA	-13.285	-8.752	-1.187	276
C	-13.24	-7.218	-1.287	276
N	-14.074	-6.641	-2.153	277
CA	-14.206	-5.194	-2.303	277
C	-15.676	-4.778	-2.393	277
N	-15.988	-3.6	-1.855	278
CA	-17.353	-3.088	-1.757	278
C	-17.869	-2.319	-2.969	278
N	-16.938	-1.781	-3.754	279
CA	-17.192	-1.002	-4.97	279
C	-16.883	0.486	-4.802	279
N	-16.989	1.012	-3.581	280
CA	-16.701	2.41	-3.266	280
C	-15.234	2.802	-3.455	280
N	-14.989	3.884	-4.194	281
CA	-13.675	4.523	-4.293	281
C	-13.289	5.245	-2.994	281
N	-11.989	5.446	-2.758	282
CA	-11.507	6.171	-1.58	282
C	-11.207	7.638	-1.876	282
N	-10.342	7.912	-2.854	283
CA	-9.792	9.246	-3.117	283
C	-10.844	10.321	-3.361	283
N	-10.586	11.526	-2.841	284
CA	-11.482	12.678	-2.987	284
C	-12.66	12.719	-2.021	284
N	-12.685	11.869	-0.987	285
CA	-13.83	11.737	-0.075	285
C	-13.477	12.042	1.38	285
N	-14.268	12.881	2.047	286
CA	-14.132	13.117	3.493	286
C	-14.62	11.917	4.335	286
N	-14.386	11.953	5.652	287
CA	-14.656	10.819	6.545	287
C	-16.132	10.384	6.59	287
N	-17.081	11.27	6.258	288
CA	-18.514	10.934	6.265	288
C	-18.87	9.922	5.175	288
N	-18.042	9.79	4.129	289
CA	-18.229	8.81	3.053	289
C	-17.681	7.467	3.519	289
N	-18.602	6.602	3.931	290
CA	-18.3	5.293	4.528	290
C	-17.513	4.364	3.61	290
N	-17.556	4.578	2.29	291
CA	-16.661	3.924	1.324	291
C	-15.202	3.924	1.785	291
N	-14.735	5.065	2.304	292
CA	-13.373	5.251	2.801	292
C	-13.266	4.913	4.281	292
N	-14.029	5.608	5.125	293
CA	-13.84	5.538	6.578	293
C	-14.157	4.152	7.131	293
N	-15.226	3.513	6.652	294
CA	-15.591	2.178	7.099	294
C	-14.7	1.087	6.491	294
N	-14.158	1.268	5.279	295
CA	-13.126	0.37	4.749	295
C	-11.832	0.438	5.583	295
N	-11.399	1.639	5.987	296
CA	-10.252	1.813	6.886	296
C	-10.513	1.184	8.259	296
N	-11.704	1.389	8.829	297
CA	-12.089	0.764	10.091	297
C	-12.18	-0.765	9.975	297
N	-12.718	-1.299	8.877	298
CA	-12.772	-2.737	8.646	298
C	-11.36	-3.335	8.505	298
N	-10.434	-2.655	7.808	299
CA	-9.004	-3.019	7.782	299
C	-8.419	-3.035	9.191	299
N	-8.704	-2.005	9.98	300
CA	-8.228	-1.891	11.352	300
C	-8.724	-3.043	12.231	300
N	-10.005	-3.41	12.119	301
CA	-10.585	-4.589	12.78	301
C	-9.865	-5.864	12.336	301
N	-9.74	-6.091	11.024	302
CA	-9.113	-7.289	10.467	302
C	-7.661	-7.452	10.947	302
N	-6.855	-6.388	10.84	303
CA	-5.458	-6.391	11.289	303
C	-5.349	-6.586	12.8	303
N	-6.265	-6.009	13.579	304
CA	-6.308	-6.2	15.034	304
C	-6.593	-7.649	15.423	304
N	-7.517	-8.326	14.733	305
CA	-7.811	-9.744	14.968	305
C	-6.602	-10.643	14.653	305
N	-5.901	-10.394	13.539	306
CA	-4.695	-11.161	13.168	306
C	-3.549	-10.9	14.146	306
N	-3.252	-9.633	14.464	307
CA	-2.173	-9.272	15.403	307
C	-2.461	-9.67	16.854	307
N	-3.726	-9.854	17.235	308
CA	-4.105	-10.443	18.522	308
C	-3.922	-11.976	18.573	308
N	-3.541	-12.62	17.462	309
CA	-3.405	-14.076	17.379	309
C	-4.743	-14.819	17.416	309
N	-5.858	-14.13	17.14	310
CA	-7.192	-14.738	17.135	310
C	-7.481	-15.506	15.844	310
N	-6.821	-15.153	14.747	311
CA	-6.924	-15.812	13.448	311
C	-5.655	-15.524	12.639	311
N	-5.397	-16.316	11.598	312
CA	-4.288	-16.065	10.662	312
C	-4.733	-15.277	9.433	312
N	-5.998	-15.429	9.036	313
CA	-6.586	-14.765	7.873	313
C	-8.037	-14.421	8.152	313
N	-8.446	-13.192	7.855	314
CA	-9.813	-12.741	8.133	314
C	-10.309	-11.729	7.114	314
N	-11.582	-11.867	6.754	315
CA	-12.367	-10.894	6.011	315
C	-13.47	-10.35	6.923	315
N	-13.584	-9.032	6.988	316
CA	-14.599	-8.296	7.741	316
C	-15.484	-7.595	6.728	316
N	-16.798	-7.771	6.802	317
CA	-17.758	-6.999	6.014	317
C	-18.535	-6.069	6.939	317
N	-18.742	-4.828	6.511	318
CA	-19.65	-3.865	7.149	318
C	-20.559	-3.254	6.089	318
N	-21.774	-2.852	6.455	319
CA	-22.67	-2.134	5.541	319
C	-23.459	-1.037	6.242	319
N	-23.872	-0.018	5.49	320
CA	-24.578	1.162	5.994	320
C	-25.75	1.533	5.08	320
N	-26.694	2.299	5.628	321
CA	-27.675	3.074	4.873	321
C	-27.386	4.565	5.068	321
N	-27.616	5.372	4.029	322
CA	-27.455	6.827	4.104	322
C	-28.253	7.408	5.283	322
N	-27.624	8.287	6.061	323
CA	-28.227	8.908	7.241	323
C	-28.288	8.021	8.496	323
N	-27.957	6.73	8.426	324
CA	-27.919	5.841	9.602	324
C	-26.491	5.76	10.143	324
N	-26.303	6.013	11.444	325
CA	-24.97	6.038	12.054	325
C	-24.397	4.625	12.265	325
N	-25.186	3.703	12.824	326
CA	-24.734	2.33	13.058	326
C	-24.706	1.504	11.76	326
N	-23.769	0.545	11.625	327
CA	-23.801	-0.412	10.526	327
C	-25.097	-1.236	10.532	327
N	-25.64	-1.517	9.347	328
CA	-26.764	-2.439	9.151	328
C	-26.346	-3.893	9.393	328
N	-25.107	-4.23	9.036	329
CA	-24.536	-5.556	9.246	329
C	-23.037	-5.483	9.515	329
N	-22.545	-6.462	10.278	330
CA	-21.119	-6.732	10.488	330
C	-20.922	-8.246	10.421	330
N	-20.072	-8.714	9.509	331
CA	-19.78	-10.139	9.299	331
C	-18.281	-10.396	9.397	331
N	-17.898	-11.535	9.976	332
CA	-16.503	-11.962	10.133	332
C	-16.344	-13.325	9.471	332
N	-15.366	-13.46	8.577	333
CA	-15.02	-14.722	7.929	333
C	-13.547	-15.038	8.18	333
N	-13.244	-16.064	8.979	334
CA	-11.86	-16.36	9.396	334
C	-11.195	-17.485	8.584	334
N	-11.846	-17.974	7.522	335
CA	-11.316	-19.001	6.608	335
C	-10.843	-20.3	7.291	335
N	-11.437	-20.684	8.425	336
CA	-10.967	-21.836	9.214	336
C	-9.676	-21.61	10.022	336
N	-9.125	-20.39	10.045	337
CA	-7.834	-20.081	10.693	337
C	-7.911	-19.671	12.169	337
N	-9.092	-19.742	12.785	338
CA	-9.306	-19.446	14.204	338
C	-9.724	-20.703	14.959	338
N	-9.371	-20.772	16.244	339
CA	-9.954	-21.739	17.183	339
C	-11.324	-21.282	17.712	339
N	-11.652	-19.99	17.571	340
CA	-12.953	-19.419	17.928	340
C	-13.853	-19.407	16.703	340
N	-15.15	-19.565	16.92	341
CA	-16.142	-19.403	15.86	341
C	-16.215	-17.954	15.361	341
N	-16.673	-17.766	14.124	342
CA	-16.956	-16.441	13.549	342
C	-17.924	-15.625	14.419	342
N	-18.889	-16.295	15.066	343
CA	-19.803	-15.681	16.037	343
C	-19.06	-15.131	17.255	343
N	-18.14	-15.897	17.836	344
CA	-17.338	-15.427	18.971	344
C	-16.429	-14.26	18.579	344
N	-15.793	-14.316	17.403	345
CA	-14.989	-13.202	16.895	345
C	-15.84	-11.944	16.682	345
N	-17.056	-12.078	16.144	346
CA	-17.985	-10.959	15.983	346
C	-18.349	-10.313	17.328	346
N	-18.579	-11.105	18.377	347
CA	-18.842	-10.57	19.72	347
C	-17.62	-9.852	20.314	347
N	-16.4	-10.328	20.038	348
CA	-15.167	-9.601	20.386	348
C	-15.116	-8.265	19.637	348
N	-15.423	-8.249	18.336	349
CA	-15.431	-7.018	17.532	349
C	-16.443	-6.013	18.083	349
N	-17.697	-6.421	18.314	350
CA	-18.751	-5.544	18.86	350
C	-18.405	-4.943	20.226	350
N	-17.64	-5.656	21.062	351
CA	-17.185	-5.154	22.373	351
C	-16.029	-4.156	22.287	351
N	-15.248	-4.182	21.207	352
CA	-13.995	-3.427	21.097	352
C	-14.054	-2.282	20.075	352
N	-15.004	-2.31	19.142	353
CA	-15.12	-1.337	18.062	353
C	-16.532	-0.765	17.989	353
N	-16.613	0.561	18.004	354
CA	-17.793	1.294	17.567	354
C	-17.524	1.783	16.143	354
N	-18.337	1.294	15.211	355
CA	-18.176	1.515	13.78	355
C	-19.125	2.604	13.257	355
N	-19.675	3.466	14.124	356
CA	-20.327	4.703	13.672	356
C	-19.292	5.617	12.993	356
N	-19.579	6.25	11.837	357
CA	-18.623	7.128	11.147	357
C	-18.07	8.243	12.047	357
N	-18.919	8.776	12.93	358
CA	-18.583	9.771	13.951	358
C	-17.625	9.301	15.047	358
N	-17.544	7.993	15.292	359
CA	-16.561	7.408	16.215	359
C	-15.301	6.985	15.467	359
N	-15.453	6.453	14.251	360
CA	-14.335	6.094	13.37	360
C	-13.434	7.308	13.111	360
N	-14.011	8.481	12.82	361
CA	-13.238	9.711	12.579	361
C	-12.349	10.086	13.757	361
N	-12.824	9.886	14.99	362
CA	-12.053	10.142	16.207	362
C	-10.969	9.091	16.422	362
N	-11.312	7.807	16.327	363
CA	-10.369	6.708	16.598	363
C	-9.24	6.643	15.554	363
N	-9.524	7.031	14.306	364
CA	-8.577	6.982	13.188	364
C	-8.089	8.363	12.725	364
N	-8.47	9.434	13.424	365
CA	-8.012	10.809	13.186	365
C	-8.243	11.301	11.738	365
N	-9.432	11.003	11.198	366
CA	-9.764	11.156	9.772	366
C	-10.082	12.6	9.346	366
N	-9.871	13.589	10.211	367
CA	-9.871	15.001	9.797	367
C	-8.465	15.504	9.455	367
N	-7.416	14.699	9.685	368
CA	-6.042	15.089	9.351	368
C	-5.802	15.109	7.836	368
N	-5.11	16.137	7.312	369
CA	-4.778	16.247	5.894	369
C	-3.575	15.355	5.533	369
N	-3.814	14.044	5.471	370
CA	-2.821	12.999	5.171	370
C	-3.198	12.145	3.951	370
N	-4.293	12.468	3.268	371
CA	-4.934	11.596	2.293	371
C	-4.152	11.469	0.994	371
N	-3.442	12.509	0.549	372
CA	-2.626	12.419	-0.665	372
C	-1.562	11.316	-0.546	372
N	-1.05	11.077	0.671	373
CA	-0.095	9.991	0.948	373
C	-0.727	8.605	0.824	373
N	-2.055	8.499	0.881	374
CA	-2.806	7.24	0.743	374
C	-3.005	6.835	-0.719	374
N	-3.121	7.821	-1.616	375
CA	-3.573	7.679	-3.002	375
C	-2.61	6.958	-3.971	375
N	-1.415	6.572	-3.518	376
CA	-0.475	5.742	-4.264	376
C	0.169	4.696	-3.343	376
N	0.532	3.549	-3.928	377
CA	1.163	2.418	-3.232	377
C	0.292	1.755	-2.15	377
N	-1.027	1.746	-2.364	378
CA	-2.002	1.078	-1.503	378
C	-2.339	1.872	-0.241	378
N	-3.606	1.845	0.167	379
CA	-4.06	2.511	1.393	379
C	-3.663	1.73	2.658	379
N	-3.344	0.443	2.51	380
CA	-3.119	-0.497	3.606	380
C	-1.692	-1.055	3.621	380
N	-1.281	-1.603	4.766	381
CA	0.041	-2.215	4.953	381
C	1.196	-1.236	5.176	381
N	0.916	0.045	5.451	382
CA	1.938	1.083	5.667	382
C	1.816	1.675	7.066	382
N	2.862	1.531	7.875	383
CA	2.838	1.787	9.329	383
C	2.438	3.209	9.744	383
N	2.539	4.187	8.844	384
CA	2.303	5.594	9.167	384
C	0.832	6.002	9.332	384
N	-0.119	5.065	9.273	385
CA	-1.553	5.362	9.307	385
C	-2.267	4.755	10.523	385
N	-3.241	5.463	11.13	386
CA	-3.926	4.991	12.338	386
C	-4.615	3.626	12.194	386
N	-5.221	3.329	11.038	387
CA	-5.872	2.031	10.787	387
C	-4.89	0.859	10.673	387
N	-3.595	1.138	10.516	388
CA	-2.544	0.125	10.502	388
C	-1.972	-0.162	11.898	388
N	-2.374	0.587	12.936	389
CA	-1.977	0.373	14.337	389
C	-3.018	-0.518	15.03	389
N	-2.72	-1.799	15.313	390
CA	-3.7	-2.737	15.861	390
C	-4.286	-2.267	17.199	390
N	-5.612	-2.346	17.354	391
CA	-6.274	-2.118	18.642	391
C	-5.998	-3.297	19.571	391
N	-5.594	-3.024	20.814	392
CA	-5.504	-4.063	21.85	392
C	-6.913	-4.524	22.231	392
N	-7.255	-5.758	21.873	393
CA	-8.587	-6.322	22.085	393
C	-8.749	-6.877	23.508	393
N	-9.949	-6.73	24.076	394
CA	-10.377	-7.336	25.347	394
C	-11.317	-8.508	25.053	394
N	-10.957	-9.725	25.473	395
CA	-11.738	-10.952	25.262	395
C	-11.372	-12.085	26.218	395
