ATOM	X	Y	Z	RESIDUE
N	-12.241	-14.598	14.731	1
CA	-12.632	-15.952	15.211	1
C	-11.486	-16.964	15.091	1
N	-10.579	-16.749	14.129	2
CA	-9.451	-17.647	13.949	2
C	-8.162	-16.852	14.168	2
N	-7.035	-17.533	14.032	3
CA	-5.726	-16.905	14.234	3
C	-5.024	-16.801	12.865	3
N	-4.422	-15.651	12.59	4
CA	-3.72	-15.395	11.299	4
C	-2.249	-15.292	11.673	4
N	-1.38	-15.933	10.886	5
CA	0.061	-15.965	11.216	5
C	0.872	-15.447	10.025	5
N	1.696	-14.426	10.229	6
CA	2.538	-13.917	9.149	6
C	3.931	-14.394	9.437	6
N	4.459	-15.196	8.516	7
CA	5.8	-15.739	8.62	7
C	6.776	-14.732	8.047	7
N	7.617	-14.166	8.916	8
CA	8.646	-13.189	8.515	8
C	8.197	-12.106	7.544	8
N	7.081	-11.402	7.846	9
CA	6.605	-10.361	6.955	9
C	7.677	-9.282	6.78	9
N	7.733	-8.73	5.583	10
CA	8.774	-7.745	5.29	10
C	8.426	-6.281	5.199	10
N	7.304	-5.971	4.559	11
CA	6.902	-4.591	4.295	11
C	5.85	-4.08	5.302	11
N	6.182	-3.039	6.086	12
CA	5.257	-2.49	7.086	12
C	3.836	-2.128	6.636	12
N	3.689	-1.567	5.445	13
CA	2.387	-1.157	4.918	13
C	1.444	-2.37	4.821	13
N	1.958	-3.506	4.356	14
CA	1.104	-4.68	4.283	14
C	0.648	-5.125	5.661	14
N	1.572	-5.126	6.599	15
CA	1.245	-5.551	7.923	15
C	0.253	-4.567	8.544	15
N	0.386	-3.288	8.184	16
CA	-0.515	-2.26	8.71	16
C	-1.918	-2.529	8.234	16
N	-2.057	-2.878	6.956	17
CA	-3.381	-3.192	6.433	17
C	-3.875	-4.457	7.139	17
N	-2.983	-5.418	7.421	18
CA	-3.435	-6.652	8.061	18
C	-3.886	-6.46	9.519	18
N	-3.23	-5.556	10.219	19
CA	-3.64	-5.278	11.589	19
C	-5.035	-4.65	11.594	19
N	-5.306	-3.738	10.646	20
CA	-6.612	-3.077	10.521	20
C	-7.648	-4.155	10.167	20
N	-7.25	-5.086	9.277	21
CA	-8.133	-6.201	8.893	21
C	-8.493	-7.075	10.084	21
N	-7.492	-7.502	10.83	22
CA	-7.769	-8.33	11.987	22
C	-8.633	-7.567	13.024	22
N	-8.415	-6.27	13.218	23
CA	-9.276	-5.552	14.179	23
C	-10.737	-5.445	13.667	23
N	-10.894	-5.292	12.356	24
CA	-12.212	-5.171	11.735	24
C	-12.982	-6.48	11.673	24
N	-12.285	-7.591	11.909	25
CA	-12.898	-8.921	11.817	25
C	-12.877	-9.749	13.112	25
N	-12.104	-9.309	14.099	26
CA	-12.009	-10.068	15.331	26
C	-11.009	-11.221	15.221	26
N	-10.246	-11.281	14.143	27
CA	-9.275	-12.385	14.011	27
C	-8.033	-11.951	14.8	27
N	-7.29	-12.92	15.333	28
CA	-6.089	-12.62	16.12	28
C	-4.868	-12.735	15.243	28
N	-3.914	-11.827	15.416	29
CA	-2.709	-11.819	14.543	29
C	-1.46	-12.272	15.257	29
N	-0.699	-13.132	14.585	30
CA	0.584	-13.612	15.111	30
C	1.66	-13.204	14.104	30
N	2.823	-12.74	14.571	31
CA	3.915	-12.389	13.646	31
C	5.127	-13.272	13.996	31
N	5.756	-13.894	12.999	32
CA	6.918	-14.735	13.316	32
C	8.181	-13.975	12.868	32
N	9.063	-13.737	13.832	33
CA	10.277	-12.978	13.577	33
C	11.272	-13.825	12.81	33
N	12.236	-13.187	12.154	34
CA	12.495	-11.747	12.062	34
C	11.56	-11.021	11.125	34
N	11.151	-9.821	11.507	35
CA	10.307	-9.018	10.631	35
C	11.21	-8.111	9.805	35
N	10.66	-7.522	8.748	36
CA	11.436	-6.621	7.921	36
C	11.423	-5.183	8.433	36
N	10.757	-4.934	9.553	37
CA	10.651	-3.571	10.109	37
C	10.688	-3.583	11.636	37
N	10.984	-2.426	12.224	38
CA	11.011	-2.333	13.669	38
C	9.539	-2.369	14.103	38
N	9.264	-2.964	15.255	39
CA	7.887	-3.037	15.736	39
C	7.461	-1.61	16.055	39
N	8.452	-0.792	16.375	40
CA	8.244	0.617	16.69	40
C	8.358	1.467	15.41	40
N	8.227	0.829	14.247	41
CA	8.333	1.523	12.955	41
C	7.157	2.445	12.648	41
N	7.465	3.604	12.071	42
CA	6.455	4.604	11.734	42
C	5.398	4.072	10.775	42
N	5.835	3.279	9.797	43
CA	4.95	2.715	8.776	43
C	3.795	1.829	9.278	43
N	3.538	1.861	10.58	44
CA	2.43	1.114	11.168	44
C	1.734	2.096	12.121	44
N	2.456	3.149	12.508	45
CA	1.931	4.17	13.413	45
C	1.422	5.447	12.732	45
N	2.302	6.134	11.998	46
CA	1.914	7.356	11.283	46
C	0.921	6.917	10.206	46
N	0.896	5.605	9.965	47
CA	0.045	4.953	8.97	47
C	-1.45	5.257	9.081	47
N	-1.902	5.579	10.283	48
CA	-3.31	5.854	10.467	48
C	-3.872	4.784	11.376	48
N	-2.987	3.93	11.883	49
CA	-3.429	2.883	12.777	49
C	-3.667	3.442	14.17	49
N	-4.621	2.818	14.848	50
CA	-5.025	3.166	16.198	50
C	-4.272	2.198	17.108	50
N	-3.698	2.703	18.194	51
CA	-2.926	1.854	19.097	51
C	-3.71	0.694	19.711	51
N	-5.03	0.811	19.711	52
CA	-5.872	-0.229	20.271	52
C	-5.919	-1.391	19.285	52
N	-5.637	-1.083	18.025	53
CA	-5.618	-2.108	16.986	53
C	-4.391	-3.008	17.166	53
N	-3.491	-2.619	18.072	54
CA	-2.299	-3.419	18.37	54
C	-2.486	-4.134	19.713	54
N	-1.371	-4.6	20.277	55
CA	-1.35	-5.285	21.57	55
C	-2.116	-6.615	21.649	55
N	-2.994	-6.881	20.686	56
CA	-3.72	-8.151	20.656	56
C	-2.901	-9.021	19.707	56
N	-1.779	-8.453	19.274	57
CA	-0.858	-9.09	18.343	57
C	0.222	-9.824	19.105	57
N	0.488	-11.056	18.705	58
CA	1.539	-11.799	19.37	58
C	2.723	-11.92	18.445	58
N	3.904	-11.65	18.974	59
CA	5.102	-11.795	18.188	59
C	5.821	-13.049	18.685	59
N	6.314	-13.874	17.751	60
CA	7.035	-15.104	18.089	60
C	8.484	-15.021	17.537	60
N	9.468	-15.354	18.367	61
CA	10.874	-15.281	17.911	61
C	11.248	-16.253	16.787	61
N	10.623	-17.417	16.778	62
CA	10.863	-18.413	15.744	62
C	9.594	-19.186	15.497	62
N	9.59	-19.911	14.386	63
CA	8.473	-20.745	14.005	63
C	8.289	-21.838	15.06	63
N	9.397	-22.41	15.527	64
CA	9.312	-23.457	16.54	64
C	8.634	-22.958	17.786	64
N	9.011	-21.758	18.204	65
CA	8.455	-21.144	19.393	65
C	6.953	-20.972	19.203	65
N	6.568	-20.565	17.998	66
CA	5.165	-20.383	17.689	66
C	4.412	-21.713	17.847	66
N	4.932	-22.793	17.283	67
CA	4.239	-24.064	17.389	67
C	4.105	-24.541	18.835	67
N	5.187	-24.377	19.592	68
CA	5.228	-24.798	20.997	68
C	4.313	-23.941	21.911	68
N	4.182	-22.649	21.654	69
CA	3.303	-21.853	22.518	69
C	1.825	-21.866	22.075	69
N	1.572	-21.943	20.77	70
CA	0.182	-21.955	20.286	70
C	-0.458	-23.335	20.089	70
N	0.348	-24.347	19.81	71
CA	-0.165	-25.706	19.592	71
C	-1.415	-25.64	18.717	71
N	-1.273	-25.084	17.506	72
CA	-2.486	-25.03	16.696	72
C	-3.191	-26.344	16.451	72
N	-4.509	-26.348	16.6	73
CA	-5.256	-27.586	16.328	73
C	-5.043	-28.03	14.863	73
N	-5.13	-27.058	13.957	74
CA	-4.878	-27.29	12.554	74
C	-4.172	-26.044	12.068	74
N	-3.133	-26.234	11.274	75
CA	-2.376	-25.109	10.709	75
C	-2.475	-25.204	9.191	75
N	-2.95	-24.127	8.561	76
CA	-3.058	-24.072	7.115	76
C	-1.968	-23.138	6.594	76
N	-1.411	-23.456	5.415	77
CA	-0.403	-22.575	4.821	77
C	-0.966	-22.098	3.504	77
N	-1.067	-20.773	3.333	78
CA	-1.554	-20.224	2.082	78
C	-0.365	-20.174	1.153	78
N	-0.429	-20.901	0.033	79
CA	0.693	-20.923	-0.896	79
C	0.171	-21.114	-2.31	79
N	0.727	-20.389	-3.285	80
CA	0.272	-20.601	-4.647	80
C	0.595	-22.066	-5.03	80
N	1.363	-22.795	-4.215	81
CA	1.673	-24.214	-4.515	81
C	0.596	-25.189	-3.992	81
N	-0.401	-24.651	-3.307	82
CA	-1.443	-25.491	-2.722	82
C	-2.379	-26.051	-3.769	82
N	-3.017	-27.184	-3.445	83
CA	-3.961	-27.786	-4.394	83
C	-5.422	-27.376	-4.088	83
N	-5.935	-27.634	-2.876	84
CA	-7.323	-27.189	-2.668	84
C	-7.329	-25.641	-2.58	84
N	-8.409	-25.008	-3.032	85
CA	-8.543	-23.556	-2.964	85
C	-8.979	-23.221	-1.546	85
N	-8.732	-21.971	-1.144	86
CA	-9.096	-21.495	0.188	86
C	-10.585	-21.684	0.467	86
N	-11.464	-21.591	-0.562	87
CA	-12.887	-21.763	-0.285	87
C	-13.345	-23.236	-0.395	87
N	-12.432	-24.132	-0.746	88
CA	-12.794	-25.558	-0.845	88
C	-12.523	-26.319	0.441	88
N	-11.947	-25.651	1.433	89
CA	-11.724	-26.301	2.721	89
C	-12.784	-25.79	3.694	89
N	-13.046	-26.565	4.741	90
CA	-14.044	-26.186	5.739	90
C	-13.335	-25.76	7.003	90
N	-13.222	-24.455	7.198	91
CA	-12.586	-23.919	8.376	91
C	-13.364	-24.234	9.641	91
N	-12.634	-24.331	10.753	92
CA	-13.228	-24.623	12.064	92
C	-12.5	-23.861	13.137	92
N	-13.191	-23.6	14.242	93
CA	-12.547	-22.915	15.343	93
C	-11.293	-23.712	15.66	93
N	-10.244	-22.999	16.035	94
CA	-8.982	-23.642	16.342	94
C	-8.006	-23.602	15.19	94
N	-8.473	-23.2	14.002	95
CA	-7.558	-23.153	12.851	95
C	-6.657	-21.948	12.894	95
N	-5.416	-22.142	12.428	96
CA	-4.422	-21.063	12.301	96
C	-4.122	-20.98	10.78	96
N	-4.177	-19.779	10.199	97
CA	-3.948	-19.549	8.745	97
C	-2.619	-18.795	8.609	97
N	-1.635	-19.439	7.998	98
CA	-0.291	-18.856	7.877	98
C	0.031	-18.396	6.46	98
N	0.693	-17.238	6.376	99
CA	1.064	-16.622	5.094	99
C	2.551	-16.398	5.068	99
N	3.138	-16.417	3.88	100
CA	4.565	-16.172	3.785	100
C	4.934	-14.757	3.456	100
N	6.244	-14.472	3.418	101
CA	6.783	-13.15	3.115	101
C	6.459	-12.707	1.701	101
N	6.407	-11.402	1.481	102
CA	6.072	-10.869	0.164	102
C	6.993	-11.217	-0.991	102
N	8.248	-11.479	-0.685	103
CA	9.205	-11.738	-1.76	103
C	9.524	-13.213	-1.982	103
N	8.999	-14.114	-1.158	104
CA	9.358	-15.513	-1.356	104
C	8.356	-16.548	-0.898	104
N	7.35	-16.157	-0.138	105
CA	6.428	-17.206	0.293	105
C	7.004	-18.178	1.344	105
N	6.151	-19.02	1.917	106
CA	6.576	-19.949	2.97	106
C	7.654	-20.992	2.594	106
N	8.705	-21.118	3.412	107
CA	9.768	-22.092	3.103	107
C	9.333	-23.507	2.812	107
N	9.912	-24.097	1.768	108
CA	9.607	-25.478	1.456	108
C	9.904	-26.368	2.674	108
N	10.86	-25.972	3.523	109
CA	11.176	-26.805	4.682	109
C	9.954	-26.934	5.584	109
N	9.141	-25.885	5.619	110
CA	7.917	-25.941	6.421	110
C	6.822	-26.648	5.609	110
N	6.622	-26.224	4.373	111
CA	5.57	-26.846	3.575	111
C	5.709	-28.371	3.444	111
N	6.949	-28.841	3.352	112
CA	7.24	-30.268	3.233	112
C	6.729	-31.117	4.375	112
N	6.533	-30.51	5.53	113
CA	6.07	-31.278	6.665	113
C	4.595	-31.103	6.937	113
N	3.875	-30.49	6.0	114
CA	2.444	-30.265	6.187	114
C	1.583	-31.16	5.3	114
N	0.383	-31.553	5.758	115
CA	-0.415	-32.403	4.863	115
C	-0.881	-31.633	3.631	115
N	-1.012	-32.342	2.521	116
CA	-1.438	-31.735	1.278	116
C	-2.759	-30.969	1.418	116
N	-3.691	-31.499	2.223	117
CA	-5.001	-30.868	2.419	117
C	-4.949	-29.563	3.194	117
N	-3.801	-29.253	3.775	118
CA	-3.675	-28.021	4.546	118
C	-2.816	-26.939	3.897	118
N	-2.417	-27.168	2.649	119
CA	-1.633	-26.192	1.867	119
C	-2.648	-25.777	0.807	119
N	-3.148	-24.569	0.988	120
CA	-4.22	-24.081	0.148	120
C	-3.871	-22.887	-0.72	120
N	-4.509	-22.81	-1.88	121
CA	-4.186	-21.701	-2.799	121
C	-5.416	-20.849	-3.053	121
N	-5.184	-19.575	-3.324	122
CA	-6.28	-18.712	-3.745	122
C	-6.167	-18.802	-5.281	122
N	-7.266	-19.145	-5.975	123
CA	-7.274	-19.276	-7.434	123
C	-6.811	-18.044	-8.167	123
N	-6.09	-18.266	-9.263	124
CA	-5.67	-17.163	-10.115	124
C	-5.685	-17.631	-11.586	124
N	-5.765	-16.678	-12.485	125
CA	-5.754	-16.965	-13.916	125
C	-4.329	-17.286	-14.4	125
N	-4.245	-17.761	-15.654	126
CA	-2.961	-18.09	-16.268	126
C	-1.928	-16.959	-16.247	126
N	-0.687	-17.311	-15.925	127
CA	0.414	-16.351	-15.871	127
C	0.094	-15.085	-15.085	127
N	-0.366	-15.274	-13.852	128
CA	-0.697	-14.169	-12.96	128
C	0.567	-13.717	-12.24	128
N	0.472	-12.59	-11.546	129
CA	1.599	-12.056	-10.805	129
C	1.344	-12.281	-9.324	129
N	2.394	-12.259	-8.518	130
CA	2.208	-12.495	-7.099	130
C	1.201	-11.53	-6.498	130
N	0.085	-12.083	-6.029	131
CA	-0.964	-11.292	-5.401	131
C	-0.37	-10.595	-4.189	131
N	-0.921	-9.437	-3.856	132
CA	-0.407	-8.639	-2.755	132
C	-0.716	-9.326	-1.428	132
N	0.239	-9.325	-0.502	133
CA	0.034	-10.017	0.776	133
C	-1.192	-9.58	1.556	133
N	-1.382	-8.279	1.73	134
CA	-2.545	-7.837	2.515	134
C	-3.815	-8.24	1.793	134
N	-3.852	-8.125	0.464	135
CA	-5.061	-8.611	-0.217	135
C	-5.291	-10.164	-0.008	135
N	-4.222	-10.957	-0.028	136
CA	-4.352	-12.406	0.181	136
C	-4.929	-12.704	1.537	136
N	-4.466	-11.931	2.52	137
CA	-4.945	-12.159	3.884	137
C	-6.405	-11.752	3.988	137
N	-6.766	-10.613	3.393	138
CA	-8.166	-10.16	3.439	138
C	-9.097	-11.208	2.808	138
N	-8.715	-11.709	1.636	139
CA	-9.555	-12.684	0.952	139
C	-9.722	-13.951	1.79	139
N	-8.635	-14.403	2.414	140
CA	-8.691	-15.622	3.212	140
C	-9.533	-15.459	4.485	140
N	-9.24	-14.397	5.224	141
CA	-9.962	-14.071	6.453	141
C	-11.466	-13.934	6.153	141
N	-11.844	-13.189	5.111	142
CA	-13.261	-13.054	4.846	142
C	-13.935	-14.314	4.372	142
N	-13.192	-15.214	3.721	143
CA	-13.78	-16.475	3.267	143
C	-14.011	-17.33	4.529	143
N	-13.013	-17.381	5.409	144
CA	-13.2	-18.142	6.663	144
C	-14.357	-17.571	7.493	144
N	-14.409	-16.25	7.634	145
CA	-15.437	-15.633	8.449	145
C	-16.828	-15.924	7.835	145
N	-16.905	-15.89	6.509	146
CA	-18.18	-16.173	5.811	146
C	-18.59	-17.579	6.203	146
N	-17.662	-18.525	6.122	147
CA	-18.037	-19.921	6.481	147
C	-18.496	-20.051	7.925	147
N	-17.917	-19.243	8.795	148
CA	-18.238	-19.315	10.197	148
C	-19.402	-18.389	10.581	148
N	-20.098	-17.862	9.578	149
CA	-21.275	-17.015	9.855	149
C	-21.066	-15.595	10.334	149
N	-19.859	-15.054	10.129	150
CA	-19.584	-13.689	10.491	150
C	-19.887	-13.36	11.964	150
N	-19.586	-14.309	12.849	151
CA	-19.844	-14.069	14.269	151
C	-19.102	-12.821	14.722	151
N	-19.802	-11.939	15.425	152
CA	-19.165	-10.721	15.901	152
C	-19.399	-9.496	15.043	152
N	-19.905	-9.674	13.83	153
CA	-20.151	-8.498	12.998	153
C	-21.32	-7.692	13.49	153
N	-21.258	-6.394	13.266	154
CA	-22.39	-5.558	13.656	154
C	-22.683	-4.575	12.564	154
N	-23.965	-4.243	12.415	155
CA	-24.398	-3.285	11.404	155
C	-24.006	-1.908	11.933	155
N	-23.621	-0.995	11.047	156
CA	-23.19	0.338	11.475	156
C	-24.305	1.364	11.743	156
N	-23.512	2.566	12.036	157
CA	-23.32	4.063	11.993	157
C	-23.942	4.986	13.013	157
N	-24.255	6.261	13.128	158
CA	-23.49	7.244	13.889	158
C	-23.989	8.708	14.059	158
N	-23.248	9.806	14.477	159
CA	-23.062	11.335	14.396	159
C	-23.749	12.479	15.171	159
N	-24.221	13.781	15.269	160
CA	-24.002	15.097	15.933	160
C	-24.983	16.389	16.078	160
