ATOM	X	Y	Z	RESIDUE
N	39.335	8.119	1.628	1
CA	38.867	7.915	2.988	1
C	38.175	6.741	3.719	1
N	36.751	6.918	3.921	2
CA	35.69	6.776	4.95	2
C	35.203	5.462	5.766	2
N	33.846	5.16	6.128	3
CA	32.881	3.926	6.39	3
C	32.338	2.4	6.825	3
N	30.971	1.749	7.199	4
CA	30.826	2.279	8.584	4
C	30.321	1.157	9.493	4
N	29.389	1.473	10.384	5
CA	28.851	0.463	11.287	5
C	27.854	-0.423	10.552	5
N	27.649	-1.625	11.081	6
CA	26.716	-2.549	10.468	6
C	26.333	-3.648	11.432	6
N	26.026	-4.821	10.891	7
CA	25.633	-5.965	11.701	7
C	26.493	-7.184	11.387	7
N	27.625	-6.949	10.731	8
CA	28.523	-8.037	10.383	8
C	29.474	-8.374	11.515	8
N	30.324	-9.369	11.292	9
CA	31.28	-9.805	12.305	9
C	32.34	-8.745	12.602	9
N	32.691	-7.947	11.599	10
CA	33.718	-6.934	11.789	10
C	33.228	-5.509	12.014	10
N	31.915	-5.296	11.984	11
CA	31.391	-3.952	12.191	11
C	30.075	-3.969	12.96	11
N	29.764	-5.123	13.545	12
CA	28.528	-5.289	14.292	12
C	28.488	-4.678	15.681	12
N	27.38	-4.888	16.411	13
CA	27.143	-4.381	17.767	13
C	28.328	-4.437	18.731	13
N	29.161	-5.465	18.588	14
CA	30.323	-5.653	19.456	14
C	31.408	-4.603	19.211	14
N	31.343	-3.951	18.055	15
CA	32.328	-2.945	17.659	15
C	31.866	-1.497	17.834	15
N	30.551	-1.286	17.889	16
CA	30.01	0.069	17.997	16
C	30.586	0.983	19.079	16
N	30.931	0.43	20.236	17
CA	31.443	1.259	21.326	17
C	32.713	2.041	20.984	17
N	33.469	1.579	19.994	18
CA	34.701	2.274	19.624	18
C	34.447	3.651	19.014	18
N	33.4	3.774	18.205	19
CA	33.068	5.06	17.604	19
C	31.959	5.77	18.375	19
N	31.179	4.995	19.128	20
CA	30.077	5.54	19.922	20
C	30.167	4.96	21.334	20
N	31.07	5.504	22.166	21
CA	31.26	5.033	23.543	21
C	29.998	4.965	24.403	21
N	28.96	5.701	24.015	22
CA	27.709	5.687	24.77	22
C	27.083	4.287	24.691	22
N	27.631	3.443	23.82	23
CA	27.143	2.074	23.642	23
C	27.236	1.28	24.941	23
N	28.081	1.75	25.854	24
CA	28.258	1.106	27.153	24
C	27.706	2.044	28.222	24
N	26.751	2.88	27.816	25
CA	26.148	3.854	28.711	25
C	25.23	3.342	29.808	25
N	24.592	4.289	30.493	26
CA	23.697	4.0	31.609	26
C	22.268	3.59	31.237	26
N	21.815	3.928	30.035	27
CA	20.45	3.564	29.639	27
C	20.347	3.102	28.188	27
N	21.064	2.032	27.863	28
CA	21.062	1.505	26.504	28
C	19.943	0.513	26.216	28
N	19.575	0.423	24.938	29
CA	18.512	-0.467	24.473	29
C	19.034	-1.308	23.31	29
N	18.398	-2.461	23.043	30
CA	17.239	-3.016	23.75	30
C	17.63	-3.692	25.061	30
N	16.63	-4.236	25.755	31
CA	16.843	-4.941	27.012	31
C	15.91	-6.141	27.059	31
N	16.2	-7.077	27.953	32
CA	15.323	-8.224	28.104	32
C	14.263	-7.787	29.099	32
N	13.011	-8.069	28.781	33
CA	11.915	-7.718	29.663	33
C	11.575	-8.922	30.532	33
N	11.981	-8.876	31.798	34
CA	11.669	-9.968	32.718	34
C	10.275	-9.652	33.251	34
N	9.276	-10.357	32.731	35
CA	7.888	-10.126	33.111	35
C	7.593	-10.266	34.597	35
N	8.455	-10.984	35.317	36
CA	8.259	-11.193	36.749	36
C	8.992	-10.161	37.605	36
N	9.654	-9.212	36.955	37
CA	10.369	-8.162	37.668	37
C	9.717	-6.818	37.354	37
N	8.985	-6.765	36.244	38
CA	8.3	-5.537	35.846	38
C	7.243	-5.2	36.894	38
N	7.089	-3.914	37.186	39
CA	6.128	-3.463	38.187	39
C	4.882	-2.842	37.569	39
N	3.719	-3.383	37.917	40
CA	2.467	-2.839	37.412	40
C	2.341	-1.431	37.981	40
N	2.089	-0.458	37.111	41
CA	1.964	0.924	37.551	41
C	0.549	1.433	37.287	41
N	-0.314	1.411	38.314	42
CA	-1.694	1.877	38.155	42
C	-1.814	3.375	37.883	42
N	-0.706	4.101	38.008	43
CA	-0.717	5.542	37.769	43
C	-0.504	5.868	36.292	43
N	-0.134	4.862	35.505	44
CA	0.086	5.069	34.078	44
C	-1.231	5.398	33.387	44
N	-1.297	6.575	32.778	45
CA	-2.502	7.003	32.076	45
C	-2.694	6.167	30.815	45
N	-3.923	6.128	30.282	46
CA	-4.193	5.348	29.069	46
C	-3.313	5.791	27.899	46
N	-2.875	4.834	27.093	47
CA	-2.034	5.129	25.936	47
C	-2.934	5.593	24.792	47
N	-2.556	6.697	24.152	48
CA	-3.332	7.247	23.049	48
C	-2.559	7.285	21.736	48
N	-2.979	6.45	20.789	49
CA	-2.357	6.388	19.473	49
C	-3.333	7.017	18.485	49
N	-3.03	8.233	18.043	50
CA	-3.89	8.947	17.105	50
C	-3.242	9.001	15.731	50
N	-3.49	7.977	14.921	51
CA	-2.919	7.888	13.58	51
C	-3.948	8.118	12.477	51
N	-5.077	8.726	12.818	52
CA	-6.131	8.965	11.837	52
C	-5.727	9.852	10.657	52
N	-4.939	10.889	10.918	53
CA	-4.521	11.802	9.86	53
C	-3.078	11.585	9.408	53
N	-2.56	10.383	9.643	54
CA	-1.192	10.044	9.264	54
C	-0.967	10.201	7.763	54
N	0.125	10.862	7.401	55
CA	0.452	11.083	5.997	55
C	1.803	10.476	5.629	55
N	1.776	9.268	5.073	56
CA	3.002	8.588	4.673	56
C	3.521	9.247	3.402	56
N	4.835	9.249	3.227	57
CA	5.422	9.886	2.057	57
C	6.27	8.977	1.187	57
N	7.211	8.277	1.806	58
CA	8.12	7.436	1.045	58
C	8.677	6.265	1.838	58
N	9.214	5.289	1.116	59
CA	9.838	4.12	1.722	59
C	11.265	4.094	1.183	59
N	12.233	3.962	2.085	60
CA	13.632	3.98	1.689	60
C	14.484	2.876	2.293	60
N	15.373	2.318	1.479	61
CA	16.302	1.295	1.946	61
C	17.547	2.096	2.31	61
N	17.896	2.134	3.59	62
CA	19.055	2.913	4.015	62
C	20.311	2.093	4.284	62
N	20.328	0.839	3.846	63
CA	21.504	0.013	4.055	63
C	21.54	-0.723	5.379	63
N	20.593	-0.424	6.261	64
CA	20.514	-1.081	7.566	64
C	19.137	-1.717	7.74	64
N	18.13	-1.066	7.167	65
CA	16.75	-1.532	7.208	65
C	16.024	-0.646	6.198	65
N	14.696	-0.66	6.213	66
CA	13.953	0.23	5.331	66
C	13.039	1.062	6.217	66
N	12.923	2.346	5.9	67
CA	12.079	3.236	6.683	67
C	10.91	3.762	5.876	67
N	9.739	3.792	6.5	68
CA	8.566	4.373	5.859	68
C	8.493	5.723	6.571	68
N	8.658	6.809	5.817	69
CA	8.65	8.156	6.383	69
C	7.283	8.836	6.302	69
N	7.01	9.704	7.271	70
CA	5.746	10.436	7.342	70
C	5.955	11.945	7.388	70
N	4.917	12.691	7.023	71
CA	4.973	14.145	7.067	71
C	4.712	14.537	8.517	71
N	5.725	15.097	9.171	72
CA	5.611	15.486	10.571	72
C	5.693	16.995	10.785	72
N	5.168	17.756	9.828	73
CA	5.176	19.212	9.929	73
C	4.014	19.684	10.797	73
N	3.075	18.781	11.061	74
CA	1.909	19.083	11.886	74
C	1.567	17.873	12.749	74
N	0.654	18.055	13.699	75
CA	0.247	16.969	14.587	75
C	-0.762	16.038	13.916	75
N	-0.38	15.472	12.776	76
CA	-1.26	14.562	12.05	76
C	-1.367	13.219	12.767	76
N	-0.237	12.546	12.932	77
CA	-0.199	11.255	13.614	77
C	0.629	11.419	14.881	77
N	-0.003	11.281	16.045	78
CA	0.724	11.442	17.298	78
C	0.474	10.364	18.342	78
N	1.409	10.274	19.278	79
CA	1.351	9.333	20.383	79
C	1.309	10.188	21.648	79
N	0.383	9.871	22.542	80
CA	0.224	10.603	23.793	80
C	-0.205	9.639	24.893	80
N	-0.285	10.139	26.121	81
CA	-0.704	9.304	27.231	81
C	0.349	8.32	27.701	81
N	-0.092	7.272	28.389	82
CA	0.843	6.288	28.899	82
C	1.805	6.966	29.853	82
N	3.117	6.731	29.715	83
CA	4.093	7.362	30.604	83
C	4.568	8.678	30.002	83
N	3.974	9.046	28.872	84
CA	4.361	10.251	28.155	84
C	3.7	11.547	28.602	84
N	4.5	12.603	28.619	85
CA	4.033	13.931	28.973	85
C	4.159	14.731	27.685	85
N	3.044	15.266	27.202	86
CA	3.099	16.038	25.977	86
C	2.697	15.247	24.748	86
N	3.046	15.78	23.584	87
CA	2.698	15.157	22.316	87
C	3.922	14.748	21.51	87
N	3.894	13.522	20.997	88
CA	4.986	12.997	20.189	88
C	4.484	12.68	18.776	88
N	5.1	13.297	17.769	89
CA	4.711	13.087	16.372	89
C	5.437	11.933	15.693	89
N	4.682	11.122	14.957	90
CA	5.252	9.996	14.22	90
C	6.087	10.528	13.056	90
N	7.321	10.052	12.924	91
CA	8.175	10.5	11.83	91
C	8.543	9.357	10.887	91
N	8.623	8.137	11.412	92
CA	8.959	6.988	10.578	92
C	8.794	5.677	11.328	92
N	8.73	4.578	10.58	93
CA	8.704	3.262	11.205	93
C	9.584	2.359	10.361	93
N	10.12	1.327	10.996	94
CA	10.998	0.379	10.334	94
C	10.94	-0.892	11.157	94
N	11.629	-1.921	10.685	95
CA	11.651	-3.201	11.376	95
C	13.076	-3.7	11.553	95
N	13.206	-4.703	12.416	96
CA	14.458	-5.406	12.68	96
C	14.014	-6.861	12.554	96
N	14.751	-7.673	11.803	97
CA	14.349	-9.068	11.638	97
C	15.539	-10.009	11.552	97
N	15.265	-11.306	11.62	98
CA	16.345	-12.269	11.581	98
C	16.423	-13.092	10.313	98
N	17.374	-14.018	10.308	99
CA	17.583	-14.916	9.178	99
C	16.764	-16.185	9.401	99
N	16.298	-16.361	10.634	100
CA	15.496	-17.515	11.039	100
C	14.338	-17.019	11.9	100
N	13.237	-17.766	11.929	101
CA	12.067	-17.356	12.706	101
C	12.304	-17.242	14.213	101
N	13.331	-17.92	14.72	102
CA	13.606	-17.881	16.148	102
C	14.419	-16.702	16.646	102
N	14.706	-15.752	15.76	103
CA	15.473	-14.571	16.133	103
C	15.087	-13.414	15.228	103
N	15.398	-12.197	15.666	104
CA	15.08	-11.033	14.861	104
C	14.672	-9.823	15.673	104
N	13.988	-10.049	16.791	105
CA	13.551	-8.929	17.622	105
C	14.733	-8.392	18.416	105
N	14.608	-7.15	18.856	106
CA	15.664	-6.535	19.635	106
C	15.35	-6.748	21.105	106
N	14.158	-6.345	21.536	107
CA	13.793	-6.602	22.924	107
C	13.437	-8.076	22.988	107
N	13.531	-8.655	24.176	108
CA	13.161	-10.047	24.352	108
C	12.237	-10.063	25.559	108
N	11.422	-11.102	25.67	109
CA	10.494	-11.218	26.789	109
C	10.845	-12.523	27.483	109
N	11.375	-12.419	28.698	110
CA	11.802	-13.596	29.444	110
C	12.765	-14.393	28.577	110
N	13.639	-13.655	27.897	111
CA	14.666	-14.187	27.009	111
C	14.143	-14.7	25.673	111
N	12.823	-14.685	25.5	112
CA	12.244	-15.142	24.239	112
C	12.476	-14.109	23.141	112
N	13.004	-14.572	22.011	113
CA	13.26	-13.716	20.855	113
C	12.134	-13.945	19.846	113
N	11.646	-12.868	19.241	114
CA	10.587	-12.967	18.241	114
C	11.209	-12.911	16.847	114
N	10.415	-13.207	15.824	115
CA	10.907	-13.209	14.443	115
C	11.322	-11.825	13.946	115
N	10.676	-10.794	14.474	116
CA	10.997	-9.429	14.073	116
C	10.402	-8.447	15.073	116
N	10.739	-7.176	14.901	117
CA	10.225	-6.135	15.777	117
C	10.025	-4.867	14.97	117
N	8.846	-4.277	15.119	118
CA	8.486	-3.047	14.436	118
C	8.684	-1.888	15.402	118
N	9.298	-0.817	14.914	119
CA	9.527	0.366	15.717	119
C	8.873	1.568	15.054	119
N	7.908	2.165	15.744	120
CA	7.246	3.37	15.242	120
C	7.887	4.493	16.054	120
N	8.654	5.334	15.374	121
CA	9.379	6.422	16.021	121
C	8.638	7.762	16.046	121
N	8.569	8.369	17.228	122
CA	7.896	9.656	17.421	122
C	8.812	10.626	18.179	122
N	8.698	11.926	17.903	123
CA	9.522	12.9	18.615	123
C	8.663	13.929	19.345	123
N	9.16	14.366	20.501	124
CA	8.477	15.332	21.358	124
C	8.383	16.699	20.681	124
N	7.16	17.137	20.381	125
CA	6.951	18.416	19.701	125
C	7.476	19.647	20.442	125
N	7.644	19.541	21.757	126
CA	8.136	20.674	22.538	126
C	9.546	21.088	22.115	126
N	10.222	20.225	21.36	127
CA	11.583	20.52	20.927	127
C	11.759	21.064	19.509	127
N	10.654	21.371	18.835	128
CA	10.74	21.947	17.5	128
C	10.995	21.033	16.312	128
N	12.047	20.226	16.381	129
CA	12.345	19.307	15.293	129
C	13.021	18.049	15.817	129
N	13.073	17.026	14.972	130
CA	13.665	15.746	15.337	130
C	15.109	15.868	15.819	130
N	15.904	16.651	15.091	131
CA	17.302	16.838	15.448	131
C	17.526	17.37	16.852	131
N	16.67	18.284	17.299	132
CA	16.802	18.841	18.644	132
C	16.314	17.825	19.673	132
N	15.254	17.108	19.321	133
CA	14.664	16.117	20.213	133
C	15.605	14.984	20.614	133
N	16.416	14.498	19.681	134
CA	17.328	13.398	20.0	134
C	18.423	13.8	20.986	134
N	18.526	15.093	21.268	135
CA	19.529	15.576	22.207	135
C	18.905	15.755	23.592	135
N	17.685	15.253	23.765	136
CA	16.982	15.379	25.044	136
C	16.635	14.007	25.631	136
N	16.673	13.88	26.967	137
CA	16.359	12.604	27.622	137
C	14.944	12.092	27.349	137
N	14.026	13.004	27.044	138
CA	12.638	12.637	26.753	138
C	12.286	13.136	25.358	138
N	13.26	13.057	24.456	139
CA	13.052	13.534	23.106	139
C	12.243	12.638	22.198	139
N	12.396	11.327	22.354	140
CA	11.676	10.388	21.505	140
C	10.864	9.38	22.292	140
N	9.854	8.841	21.623	141
CA	9.002	7.806	22.186	141
C	8.909	6.8	21.047	141
N	9.366	5.578	21.286	142
CA	9.305	4.559	20.251	142
C	8.353	3.461	20.684	142
N	7.385	3.159	19.824	143
CA	6.411	2.103	20.094	143
C	6.977	0.843	19.456	143
N	7.25	-0.173	20.273	144
CA	7.805	-1.414	19.762	144
C	6.757	-2.51	19.727	144
N	6.675	-3.208	18.6	145
CA	5.696	-4.275	18.415	145
C	6.375	-5.535	17.879	145
N	6.205	-6.637	18.601	146
CA	6.81	-7.9	18.194	146
C	6.034	-8.543	17.054	146
N	6.747	-9.271	16.201	147
CA	6.136	-9.994	15.093	147
C	6.473	-11.47	15.25	147
N	5.458	-12.318	15.131	148
CA	5.646	-13.76	15.214	148
C	5.132	-14.321	13.893	148
N	5.692	-15.442	13.46	149
CA	5.269	-16.055	12.207	149
C	4.019	-16.899	12.424	149
N	2.959	-16.55	11.698	150
CA	1.695	-17.257	11.789	150
C	0.836	-16.884	10.596	150
N	-0.309	-16.259	10.85	151
CA	-1.202	-15.835	9.772	151
C	-0.73	-14.489	9.232	151
N	-1.055	-14.204	7.974	152
CA	-0.645	-12.951	7.345	152
C	-1.272	-11.723	7.997	152
N	-0.56	-10.599	7.923	153
CA	-1.045	-9.34	8.475	153
C	-1.45	-8.467	7.288	153
N	-2.763	-8.348	7.031	154
CA	-3.273	-7.542	5.916	154
C	-2.649	-6.152	5.808	154
N	-2.561	-5.455	6.936	155
CA	-1.998	-4.117	6.942	155
C	-0.521	-4.035	6.595	155
N	0.154	-5.176	6.551	156
CA	1.58	-5.199	6.235	156
C	1.876	-5.541	4.779	156
N	0.897	-6.118	4.089	157
CA	1.1	-6.506	2.697	157
C	1.46	-5.348	1.771	157
N	0.918	-4.161	2.027	158
CA	1.229	-3.009	1.183	158
C	2.729	-2.723	1.254	158
N	3.311	-2.932	2.431	159
CA	4.742	-2.715	2.613	159
C	5.51	-3.825	1.901	159
N	5.057	-5.06	2.092	160
CA	5.693	-6.216	1.47	160
C	5.681	-6.123	-0.058	160
N	4.598	-5.585	-0.612	161
CA	4.46	-5.462	-2.064	161
C	5.452	-4.517	-2.732	161
N	5.937	-3.522	-1.998	162
CA	6.856	-2.55	-2.576	162
C	8.344	-2.824	-2.342	162
N	8.663	-3.826	-1.528	163
CA	10.061	-4.13	-1.233	163
C	10.922	-4.446	-2.458	163
N	10.308	-4.975	-3.513	164
CA	11.057	-5.299	-4.724	164
C	11.615	-4.05	-5.404	164
N	10.998	-2.9	-5.139	165
CA	11.439	-1.647	-5.747	165
C	12.544	-0.928	-4.972	165
N	12.864	-1.415	-3.778	166
CA	13.922	-0.802	-2.968	166
C	14.845	-1.894	-2.438	166
N	15.193	-2.829	-3.312	167
CA	16.037	-3.956	-2.939	167
C	17.395	-3.584	-2.367	167
N	18.029	-2.57	-2.949	168
CA	19.361	-2.158	-2.522	168
C	19.453	-0.805	-1.83	168
N	20.546	-0.626	-1.094	169
CA	20.813	0.599	-0.347	169
C	20.737	1.858	-1.203	169
N	19.995	2.853	-0.715	170
CA	19.862	4.107	-1.436	170
C	18.578	4.229	-2.231	170
N	17.965	3.095	-2.546	171
CA	16.727	3.087	-3.311	171
C	15.536	3.538	-2.469	171
N	14.629	4.281	-3.095	172
CA	13.432	4.763	-2.418	172
C	12.272	4.731	-3.403	172
N	11.056	4.671	-2.878	173
CA	9.871	4.643	-3.718	173
C	8.766	5.437	-3.043	173
N	7.87	6.002	-3.842	174
CA	6.768	6.764	-3.282	174
C	5.941	5.778	-2.466	174
N	5.425	6.232	-1.33	175
CA	4.628	5.366	-0.472	175
C	3.618	6.219	0.278	175
N	2.687	6.793	-0.473	176
CA	1.657	7.641	0.098	176
C	0.407	6.846	0.438	176
N	-0.427	7.444	1.279	177
CA	-1.685	6.85	1.697	177
C	-1.585	5.497	2.401	177
N	-0.541	5.311	3.201	178
CA	-0.405	4.069	3.955	178
C	-0.894	4.353	5.374	178
N	-1.74	3.471	5.899	179
CA	-2.3	3.638	7.239	179
C	-1.568	2.775	8.262	179
N	-0.761	3.397	9.137	180
CA	-0.017	2.647	10.154	180
C	-0.898	1.929	11.179	180
N	-2.16	2.335	11.274	181
CA	-3.083	1.705	12.211	181
C	-3.245	0.225	11.89	181
N	-2.945	-0.141	10.645	182
CA	-3.066	-1.527	10.225	182
C	-1.97	-2.445	10.735	182
N	-1.001	-1.885	11.453	183
CA	0.107	-2.679	11.99	183
C	-0.01	-2.916	13.493	183
N	-1.057	-2.37	14.108	184
CA	-1.244	-2.508	15.55	184
C	-2.02	-3.744	15.988	184
N	-1.634	-4.343	17.13	185
CA	-2.349	-5.526	17.614	185
C	-3.665	-5.049	18.23	185
N	-4.491	-5.976	18.705	186
CA	-5.765	-5.605	19.312	186
C	-5.579	-4.853	20.622	186
N	-4.737	-5.405	21.49	187
CA	-4.479	-4.829	22.8	187
C	-3.324	-3.839	22.804	187
N	-3.458	-2.804	23.629	188
CA	-2.419	-1.799	23.761	188
C	-1.678	-1.929	25.097	188
N	-1.827	-3.065	25.779	189
CA	-1.117	-3.273	27.049	189
C	0.372	-3.199	26.719	189
N	1.165	-2.617	27.617	190
CA	2.587	-2.444	27.335	190
C	3.512	-2.414	28.548	190
N	4.81	-2.435	28.26	191
CA	5.862	-2.314	29.267	191
C	6.575	-1.039	28.833	191
N	7.152	-0.304	29.774	192
CA	7.851	0.92	29.407	192
C	9.066	1.15	30.291	192
N	10.121	1.696	29.696	193
CA	11.349	1.987	30.429	193
C	12.139	3.032	29.645	193
N	13.066	3.741	30.315	194
CA	13.869	4.756	29.629	194
C	15.077	4.099	28.973	194
N	15.263	4.363	27.684	195
CA	16.365	3.751	26.967	195
C	17.029	4.614	25.912	195
N	17.495	3.963	24.85	196
CA	18.218	4.645	23.78	196
C	17.844	4.144	22.398	196
N	18.461	4.746	21.388	197
CA	18.265	4.3	20.015	197
C	19.028	2.982	20.023	197
N	18.603	2.019	19.213	198
CA	19.288	0.726	19.168	198
C	20.332	0.632	18.061	198
N	20.568	1.745	17.37	199
CA	21.586	1.804	16.322	199
C	22.39	3.076	16.525	199
N	23.634	3.096	16.032	200
CA	24.451	4.301	16.184	200
C	23.616	5.468	15.683	200
N	23.759	6.631	16.311	201
CA	24.597	7.061	17.444	201
C	24.199	6.591	18.85	201
N	23.2	5.711	18.946	202
CA	22.79	5.145	20.235	202
C	22.445	6.167	21.322	202
N	21.932	7.32	20.913	203
CA	21.576	8.378	21.853	203
C	20.546	7.921	22.889	203
N	20.743	8.33	24.138	204
CA	19.836	7.938	25.215	204
C	18.735	8.98	25.354	204
N	17.839	8.967	24.37	205
CA	16.753	9.938	24.281	205
C	15.386	9.297	24.091	205
N	15.288	8.003	24.373	206
CA	14.045	7.285	24.127	206
C	13.243	6.744	25.299	206
N	11.937	6.971	25.239	207
CA	11.027	6.402	26.22	207
C	10.466	5.233	25.423	207
N	10.827	4.023	25.823	208
CA	10.345	2.844	25.13	208
C	8.985	2.377	25.618	208
N	8.116	2.057	24.668	209
CA	6.781	1.557	24.975	209
C	6.7	0.295	24.129	209
N	6.822	-0.861	24.773	210
CA	6.801	-2.13	24.063	210
C	5.496	-2.855	24.325	210
N	4.748	-3.132	23.261	211
CA	3.461	-3.806	23.4	211
C	3.607	-5.272	23.783	211
N	2.719	-5.711	24.67	212
CA	2.682	-7.08	25.164	212
C	2.272	-8.073	24.082	212
N	1.238	-7.719	23.33	213
CA	0.721	-8.592	22.287	213
C	1.406	-8.45	20.931	213
N	1.985	-9.548	20.425	214
CA	2.652	-9.472	19.125	214
C	1.629	-9.532	18.001	214
N	2.04	-9.155	16.798	215
CA	1.141	-9.248	15.658	215
C	1.664	-10.438	14.872	215
N	0.807	-11.056	14.066	216
CA	1.226	-12.21	13.278	216
C	1.474	-11.826	11.83	216
N	2.538	-12.375	11.258	217
CA	2.89	-12.145	9.864	217
C	3.11	-13.524	9.257	217
N	2.839	-13.665	7.966	218
CA	3.005	-14.959	7.315	218
C	4.455	-15.247	6.964	218
N	4.759	-16.522	6.76	219
CA	6.108	-16.922	6.397	219
C	6.467	-16.241	5.077	219
N	5.491	-16.134	4.177	220
CA	5.731	-15.498	2.883	220
C	6.135	-14.039	3.058	220
N	5.48	-13.344	3.982	221
CA	5.792	-11.941	4.225	221
C	7.202	-11.766	4.797	221
N	7.554	-12.568	5.795	222
CA	8.886	-12.46	6.391	222
C	9.967	-12.777	5.356	222
N	9.702	-13.767	4.51	223
CA	10.647	-14.172	3.473	223
C	11.016	-13.019	2.549	223
N	10.043	-12.169	2.237	224
CA	10.311	-11.037	1.366	224
C	11.197	-10.013	2.069	224
N	11.067	-9.906	3.389	225
CA	11.915	-8.989	4.153	225
C	13.356	-9.45	3.972	225
N	13.55	-10.764	4.041	226
CA	14.876	-11.37	3.922	226
C	15.481	-11.334	2.519	226
N	14.729	-10.829	1.547	227
CA	15.236	-10.744	0.181	227
C	15.891	-9.391	-0.079	227
N	15.751	-8.468	0.87	228
CA	16.353	-7.144	0.734	228
C	17.871	-7.257	0.833	228
N	18.573	-6.207	0.403	229
CA	20.036	-6.175	0.423	229
C	20.619	-5.035	1.263	229
N	21.702	-5.325	1.984	230
CA	22.394	-4.313	2.786	230
C	23.205	-3.451	1.812	230
N	23.752	-4.11	0.795	231
CA	24.589	-3.469	-0.217	231
C	23.83	-2.622	-1.224	231
N	24.575	-1.773	-1.926	232
CA	23.981	-0.923	-2.939	232
C	23.999	-1.626	-4.282	232
N	23.229	-1.107	-5.228	233
CA	23.146	-1.679	-6.568	233
C	24.519	-1.776	-7.222	233
N	24.773	-2.893	-7.895	234
CA	26.045	-3.085	-8.565	234
C	27.171	-3.528	-7.653	234
N	26.82	-4.016	-6.466	235
CA	27.811	-4.481	-5.502	235
C	27.483	-5.912	-5.092	235
N	28.467	-6.64	-4.536	236
CA	28.233	-8.023	-4.111	236
C	27.023	-8.075	-3.183	236
N	26.154	-9.055	-3.397	237
CA	24.948	-9.176	-2.593	237
C	25.145	-9.679	-1.171	237
N	24.612	-8.91	-0.23	238
CA	24.648	-9.249	1.185	238
C	23.192	-9.129	1.599	238
N	22.556	-10.256	1.895	239
CA	21.155	-10.23	2.28	239
C	20.925	-9.45	3.564	239
N	19.881	-8.625	3.568	240
CA	19.552	-7.844	4.747	240
C	18.803	-8.733	5.741	240
N	19.548	-9.327	6.67	241
CA	18.965	-10.173	7.704	241
C	19.755	-9.974	8.993	241
N	19.104	-10.251	10.116	242
CA	19.716	-10.101	11.425	242
C	20.248	-8.7	11.685	242
N	19.411	-7.706	11.403	243
CA	19.785	-6.322	11.642	243
C	19.215	-5.903	12.997	243
N	19.509	-6.709	14.015	244
CA	19.053	-6.44	15.373	244
C	20.218	-6.389	16.352	244
N	20.101	-5.519	17.351	245
CA	21.128	-5.39	18.387	245
C	20.658	-6.297	19.524	245
N	21.585	-7.017	20.168	246
CA	21.184	-7.898	21.268	246
C	20.868	-7.119	22.541	246
N	20.198	-7.782	23.477	247
CA	19.822	-7.159	24.74	247
C	21.027	-6.62	25.509	247
N	20.844	-5.445	26.106	248
CA	21.88	-4.762	26.875	248
C	21.561	-4.785	28.369	248
N	22.569	-4.536	29.226	249
CA	22.368	-4.532	30.682	249
C	21.296	-3.528	31.108	249
N	20.382	-3.963	31.967	250
CA	19.314	-3.086	32.436	250
C	19.871	-2.031	33.39	250
N	20.892	-2.418	34.146	251
CA	21.533	-1.528	35.106	251
C	20.541	-0.901	36.084	251
N	20.679	0.397	36.335	252
CA	19.808	1.097	37.277	252
C	18.489	1.585	36.682	252
N	17.711	0.661	36.127	253
CA	16.43	1.005	35.521	253
C	15.338	0.016	35.894	253
N	14.106	0.502	35.963	254
CA	12.985	-0.358	36.291	254
C	12.019	-0.355	35.115	254
N	11.464	-1.517	34.81	255
CA	10.507	-1.631	33.715	255
C	9.124	-1.629	34.353	255
N	8.25	-0.762	33.854	256
CA	6.893	-0.658	34.376	256
C	5.921	-1.314	33.407	256
N	4.887	-1.952	33.946	257
CA	3.879	-2.6	33.114	257
C	2.557	-1.856	33.273	257
N	1.802	-1.738	32.184	258
CA	0.513	-1.046	32.214	258
C	-0.603	-2.011	32.601	258
N	-0.24	-3.274	32.794	259
CA	-1.208	-4.316	33.135	259
C	-0.659	-5.245	34.218	259
N	-1.541	-6.034	34.824	260
CA	-1.126	-6.978	35.857	260
C	-0.841	-8.339	35.229	260
