ATOM	X	Y	Z	RESIDUE
N	-33.903	-5.086	-19.778	1
CA	-32.903	-5.845	-20.552	1
C	-31.877	-4.975	-21.304	1
N	-32.343	-4.549	-22.508	2
CA	-33.53	-3.702	-22.436	2
C	-33.394	-2.673	-21.317	2
N	-33.18	-1.415	-21.69	3
CA	-32.968	-0.363	-20.7	3
C	-33.825	0.867	-20.952	3
N	-34.454	1.369	-19.89	4
CA	-35.132	2.661	-19.933	4
C	-34.273	3.707	-19.242	4
N	-34.063	4.842	-19.904	5
CA	-33.376	5.965	-19.274	5
C	-34.293	7.174	-19.28	5
N	-34.597	7.694	-18.094	6
CA	-35.328	8.942	-17.965	6
C	-34.354	10.006	-17.492	6
N	-34.339	11.149	-18.169	7
CA	-33.502	12.273	-17.751	7
C	-34.393	13.442	-17.347	7
N	-34.104	14.038	-16.189	8
CA	-34.899	15.174	-15.716	8
C	-34.032	16.425	-15.647	8
N	-34.51	17.505	-16.257	9
CA	-33.655	18.663	-16.469	9
C	-34.48	19.918	-16.753	9
N	-33.958	21.093	-16.424	10
CA	-34.644	22.318	-16.842	10
C	-34.204	22.744	-18.238	10
N	-33.294	21.982	-18.839	11
CA	-32.892	22.233	-20.227	11
C	-33.037	20.978	-21.076	11
N	-34.287	20.561	-21.345	12
CA	-34.499	19.302	-22.069	12
C	-33.82	19.273	-23.434	12
N	-33.641	20.432	-24.049	13
CA	-33.043	20.448	-25.384	13
C	-31.571	20.016	-25.387	13
N	-30.915	20.106	-24.235	14
CA	-29.504	19.73	-24.126	14
C	-29.316	18.261	-24.457	14
N	-30.349	17.464	-24.209	15
CA	-30.23	16.02	-24.357	15
C	-30.641	15.546	-25.754	15
N	-30.973	16.492	-26.63	16
CA	-31.346	16.172	-28.015	16
C	-30.333	15.265	-28.741	16
N	-29.014	15.538	-28.611	17
CA	-28.052	14.638	-29.267	17
C	-28.156	13.169	-28.85	17
N	-28.575	12.887	-27.621	18
CA	-28.695	11.502	-27.177	18
C	-29.738	10.754	-28.002	18
N	-30.953	11.294	-28.067	19
CA	-32.035	10.637	-28.794	19
C	-31.696	10.549	-30.282	19
N	-30.856	11.472	-30.741	20
CA	-30.369	11.471	-32.115	20
C	-29.405	10.314	-32.374	20
N	-28.483	10.085	-31.443	21
CA	-27.443	9.075	-31.632	21
C	-27.958	7.637	-31.513	21
N	-29.239	7.468	-31.191	22
CA	-29.83	6.134	-31.056	22
C	-30.308	5.568	-32.394	22
N	-29.735	4.427	-32.814	23
CA	-30.165	3.719	-34.027	23
C	-31.593	3.194	-33.906	23
N	-32.366	3.33	-34.979	24
CA	-33.76	2.935	-34.971	24
C	-33.966	1.47	-34.651	24
N	-33.012	0.636	-35.057	25
CA	-33.122	-0.81	-34.868	25
C	-33.141	-1.198	-33.382	25
N	-32.343	-0.512	-32.569	26
CA	-32.293	-0.799	-31.137	26
C	-33.579	-0.358	-30.436	26
N	-34.122	0.78	-30.859	27
CA	-35.395	1.261	-30.331	27
C	-36.529	0.33	-30.763	27
N	-36.552	0.003	-32.052	28
CA	-37.565	-0.89	-32.606	28
C	-37.505	-2.275	-31.97	28
N	-36.302	-2.722	-31.616	29
CA	-36.146	-4.013	-30.953	29
C	-36.386	-3.913	-29.441	29
N	-36.706	-2.712	-28.963	30
CA	-37.002	-2.502	-27.555	30
C	-35.81	-2.687	-26.63	30
N	-34.612	-2.446	-27.155	31
CA	-33.385	-2.592	-26.377	31
C	-33.13	-1.373	-25.501	31
N	-33.663	-0.233	-25.916	32
CA	-33.38	1.012	-25.219	32
C	-34.45	2.06	-25.484	32
N	-34.769	2.821	-24.447	33
CA	-35.684	3.941	-24.561	33
C	-35.153	5.085	-23.696	33
N	-34.895	6.228	-24.318	34
CA	-34.421	7.39	-23.586	34
C	-35.498	8.451	-23.658	34
N	-35.925	8.926	-22.493	35
CA	-36.968	9.936	-22.406	35
C	-36.45	11.119	-21.62	35
N	-36.742	12.324	-22.098	36
CA	-36.271	13.524	-21.423	36
C	-37.463	14.309	-20.889	36
N	-37.377	14.727	-19.63	37
CA	-38.466	15.449	-18.985	37
C	-38.045	16.828	-18.516	37
N	-38.87	17.822	-18.83	38
CA	-38.689	19.177	-18.314	38
C	-39.072	19.232	-16.837	38
N	-38.122	19.569	-15.967	39
CA	-38.403	19.63	-14.527	39
C	-39.569	20.569	-14.197	39
N	-39.807	21.562	-15.047	40
CA	-40.828	22.557	-14.722	40
C	-42.261	22.008	-14.813	40
N	-42.419	20.814	-15.384	41
CA	-43.686	20.08	-15.329	41
C	-44.176	19.9	-13.893	41
N	-43.231	19.825	-12.957	42
CA	-43.592	19.535	-11.571	42
C	-43.515	20.759	-10.652	42
N	-43.413	21.957	-11.219	43
CA	-43.423	23.158	-10.372	43
C	-44.824	23.447	-9.818	43
N	-44.883	24.196	-8.715	44
CA	-46.15	24.414	-8.007	44
C	-46.812	25.75	-8.276	44
N	-46.046	26.69	-8.805	45
CA	-46.47	28.077	-8.824	45
C	-46.52	28.626	-10.234	45
N	-47.172	29.771	-10.379	46
CA	-47.331	30.363	-11.69	46
C	-45.974	30.817	-12.265	46
N	-44.984	31.066	-11.407	47
CA	-43.667	31.484	-11.897	47
C	-42.768	30.296	-12.234	47
N	-43.313	29.091	-12.111	48
CA	-42.57	27.855	-12.374	48
C	-41.177	27.843	-11.734	48
N	-41.143	28.089	-10.43	49
CA	-39.894	28.202	-9.689	49
C	-39.213	26.859	-9.419	49
N	-37.928	26.752	-9.747	50
CA	-37.209	25.521	-9.441	50
C	-36.066	25.737	-8.461	50
N	-35.807	26.991	-8.088	51
CA	-34.695	27.275	-7.184	51
C	-35.08	28.288	-6.107	51
N	-34.22	28.427	-5.098	52
CA	-34.508	29.256	-3.922	52
C	-33.184	29.477	-3.172	52
N	-33.152	30.442	-2.258	53
CA	-31.891	30.805	-1.602	53
C	-31.372	29.728	-0.639	53
N	-30.036	29.592	-0.528	54
CA	-29.436	28.561	0.328	54
C	-29.553	28.873	1.815	54
N	-30.03	27.911	2.598	55
CA	-29.983	28.03	4.052	55
C	-28.548	28.173	4.517	55
N	-28.313	29.075	5.464	56
CA	-26.96	29.285	5.95	56
C	-26.25	30.345	5.145	56
N	-26.913	30.818	4.097	57
CA	-26.367	31.866	3.262	57
C	-25.353	31.36	2.263	57
N	-24.762	32.293	1.534	58
CA	-23.814	31.941	0.5	58
C	-24.351	32.329	-0.856	58
N	-23.487	32.271	-1.873	59
CA	-23.849	32.673	-3.228	59
C	-24.589	31.568	-3.949	59
N	-25.197	31.913	-5.074	60
CA	-25.899	30.933	-5.871	60
C	-27.219	30.541	-5.243	60
N	-27.891	29.601	-5.885	61
CA	-29.221	29.184	-5.475	61
C	-29.218	27.672	-5.354	61
N	-30.235	27.114	-4.712	62
CA	-30.343	25.67	-4.519	62
C	-31.655	25.181	-5.133	62
N	-31.654	24.045	-5.821	63
CA	-32.918	23.62	-6.417	63
C	-33.873	23.085	-5.364	63
N	-35.152	23.412	-5.529	64
CA	-36.199	23.121	-4.544	64
C	-36.491	21.635	-4.353	64
N	-36.539	21.185	-3.092	65
CA	-36.825	19.768	-2.868	65
C	-38.258	19.366	-3.218	65
N	-39.22	20.261	-3.036	66
CA	-40.618	19.89	-3.287	66
C	-40.855	19.562	-4.759	66
N	-40.234	20.34	-5.643	67
CA	-40.364	20.128	-7.08	67
C	-39.718	18.807	-7.5	67
N	-38.46	18.628	-7.101	68
CA	-37.723	17.4	-7.398	68
C	-38.389	16.174	-6.803	68
N	-38.914	16.315	-5.586	69
CA	-39.612	15.209	-4.944	69
C	-40.792	14.718	-5.762	69
N	-41.601	15.643	-6.28	70
CA	-42.751	15.256	-7.093	70
C	-42.317	14.574	-8.393	70
N	-41.289	15.115	-9.04	71
CA	-40.813	14.555	-10.301	71
C	-40.294	13.128	-10.122	71
N	-39.48	12.922	-9.094	72
CA	-38.91	11.595	-8.879	72
C	-39.971	10.615	-8.403	72
N	-40.907	11.098	-7.585	73
CA	-42.044	10.274	-7.19	73
C	-42.758	9.706	-8.414	73
N	-42.951	10.542	-9.428	74
CA	-43.677	10.124	-10.62	74
C	-42.862	9.176	-11.484	74
N	-41.577	9.474	-11.624	75
CA	-40.746	8.815	-12.615	75
C	-40.079	7.562	-12.067	75
N	-39.68	7.592	-10.799	76
CA	-38.94	6.457	-10.252	76
C	-39.83	5.355	-9.714	76
N	-39.28	4.146	-9.692	77
CA	-39.872	3.034	-8.961	77
C	-38.818	2.489	-8.016	77
N	-39.18	1.461	-7.248	78
CA	-38.225	0.842	-6.335	78
C	-37.057	0.172	-7.082	78
N	-37.242	-0.095	-8.37	79
CA	-36.216	-0.775	-9.155	79
C	-35.258	0.204	-9.844	79
N	-35.565	1.49	-9.738	80
CA	-34.777	2.534	-10.375	80
C	-33.399	2.685	-9.77	80
N	-32.408	2.858	-10.634	81
CA	-31.118	3.382	-10.195	81
C	-31.091	4.888	-10.478	81
N	-31.138	5.692	-9.413	82
CA	-31.176	7.147	-9.543	82
C	-29.761	7.698	-9.581	82
N	-29.414	8.333	-10.7	83
CA	-28.077	8.848	-10.935	83
C	-28.112	10.352	-10.797	83
N	-27.308	10.883	-9.885	84
CA	-27.286	12.322	-9.656	84
C	-25.9	12.898	-9.91	84
N	-25.691	13.484	-11.101	85
CA	-24.381	14.096	-11.326	85
C	-24.115	15.23	-10.343	85
N	-22.874	15.317	-9.878	86
CA	-22.47	16.378	-8.948	86
C	-20.959	16.427	-8.866	86
N	-20.405	17.64	-8.739	87
CA	-18.944	17.743	-8.653	87
C	-18.43	17.085	-7.371	87
N	-19.321	16.858	-6.406	88
CA	-18.952	16.222	-5.149	88
C	-19.278	14.73	-5.117	88
N	-19.503	14.135	-6.278	89
CA	-19.918	12.748	-6.319	89
C	-18.756	11.762	-6.276	89
N	-19.092	10.486	-6.087	90
CA	-18.129	9.409	-6.292	90
C	-17.719	9.426	-7.769	90
N	-16.487	8.994	-8.086	91
CA	-16.044	8.988	-9.487	91
C	-16.801	7.991	-10.347	91
N	-17.339	8.488	-11.447	92
CA	-17.879	7.633	-12.495	92
C	-16.726	7.121	-13.344	92
N	-16.553	5.804	-13.396	93
CA	-15.488	5.21	-14.204	93
C	-16.04	4.178	-15.18	93
N	-15.152	3.606	-15.994	94
CA	-15.57	2.54	-16.895	94
C	-16.197	1.387	-16.118	94
N	-15.71	1.14	-14.909	95
CA	-16.251	0.047	-14.115	95
C	-17.703	0.361	-13.765	95
N	-17.967	1.625	-13.447	96
CA	-19.334	2.058	-13.187	96
C	-20.21	1.86	-14.417	96
N	-19.689	2.27	-15.568	97
CA	-20.446	2.18	-16.809	97
C	-20.838	0.732	-17.084	97
N	-19.895	-0.19	-16.872	98
CA	-20.163	-1.619	-17.055	98
C	-21.273	-2.085	-16.123	98
N	-21.175	-1.693	-14.854	99
CA	-22.19	-2.046	-13.864	99
C	-23.569	-1.525	-14.26	99
N	-23.64	-0.268	-14.676	100
CA	-24.937	0.332	-14.968	100
C	-25.53	-0.167	-16.277	100
N	-24.696	-0.747	-17.135	101
CA	-25.147	-1.162	-18.467	101
C	-26.181	-2.286	-18.434	101
N	-26.287	-2.998	-17.313	102
CA	-27.283	-4.066	-17.227	102
C	-28.515	-3.661	-16.408	102
N	-28.603	-2.388	-16.039	103
CA	-29.767	-1.9	-15.291	103
C	-31.021	-1.793	-16.159	103
N	-32.179	-2.076	-15.569	104
CA	-33.436	-1.947	-16.301	104
C	-33.887	-0.497	-16.425	104
N	-33.551	0.315	-15.433	105
CA	-34.091	1.662	-15.386	105
C	-33.122	2.626	-14.727	105
N	-32.551	3.525	-15.522	106
CA	-31.756	4.612	-14.975	106
C	-32.559	5.892	-15.015	106
N	-32.537	6.645	-13.925	107
CA	-33.1	7.986	-13.924	107
C	-31.976	8.955	-13.596	107
N	-31.75	9.92	-14.476	108
CA	-30.658	10.865	-14.256	108
C	-31.205	12.227	-13.912	108
N	-30.923	12.662	-12.689	109
CA	-31.445	13.928	-12.192	109
C	-30.414	15.021	-12.391	109
N	-30.661	15.91	-13.355	110
CA	-29.704	16.97	-13.683	110
C	-29.949	18.249	-12.896	110
N	-28.993	18.613	-12.044	111
CA	-29.057	19.864	-11.296	111
C	-28.567	21.045	-12.101	111
N	-28.877	22.24	-11.602	112
CA	-28.306	23.494	-12.095	112
C	-28.055	24.37	-10.877	112
N	-27.703	25.641	-11.093	113
CA	-27.392	26.544	-9.985	113
C	-26.304	25.915	-9.11	113
N	-26.491	25.907	-7.794	114
CA	-25.509	25.291	-6.896	114
C	-25.82	23.839	-6.546	114
N	-26.828	23.259	-7.185	115
CA	-27.131	21.862	-6.954	115
C	-28.521	21.651	-6.387	115
N	-28.805	20.427	-5.959	116
CA	-30.139	20.067	-5.475	116
C	-30.145	19.926	-3.962	116
N	-31.202	20.425	-3.311	117
CA	-31.386	20.248	-1.869	117
C	-31.065	18.788	-1.521	117
N	-30.18	18.582	-0.548	118
CA	-29.656	17.229	-0.275	118
C	-30.761	16.252	0.146	118
N	-31.867	16.774	0.675	119
CA	-32.942	15.885	1.132	119
C	-33.565	15.083	0.004	119
N	-33.461	15.591	-1.223	120
CA	-34.037	14.887	-2.367	120
C	-33.39	13.515	-2.539	120
N	-32.067	13.505	-2.644	121
CA	-31.308	12.262	-2.759	121
C	-31.47	11.397	-1.517	121
N	-31.409	12.035	-0.348	122
CA	-31.489	11.305	0.915	122
C	-32.85	10.609	1.051	122
N	-33.935	11.319	0.72	123
CA	-35.273	10.716	0.727	123
C	-35.348	9.577	-0.294	123
N	-34.865	9.825	-1.51	124
CA	-34.92	8.8	-2.555	124
C	-34.191	7.528	-2.114	124
N	-33.078	7.712	-1.407	125
CA	-32.234	6.576	-1.019	125
C	-32.914	5.677	-0.005	125
N	-34.007	6.143	0.602	126
CA	-34.744	5.275	1.533	126
C	-35.663	4.288	0.804	126
N	-35.792	4.405	-0.516	127
CA	-36.633	3.43	-1.207	127
C	-36.098	2.997	-2.57	127
N	-34.942	3.521	-2.957	128
CA	-34.283	3.068	-4.187	128
C	-32.772	3.26	-4.097	128
N	-32.044	2.684	-5.042	129
CA	-30.605	2.87	-5.08	129
C	-30.29	4.243	-5.673	129
N	-29.451	5.012	-4.982	130
CA	-29.09	6.352	-5.449	130
C	-27.576	6.46	-5.599	130
N	-27.11	7.062	-6.692	131
CA	-25.673	7.209	-6.93	131
C	-25.322	8.649	-7.304	131
N	-24.695	9.378	-6.385	132
CA	-24.172	10.711	-6.69	132
C	-22.792	10.529	-7.33	132
N	-22.591	11.055	-8.534	133
CA	-21.359	10.754	-9.256	133
C	-20.785	11.977	-9.937	133
N	-19.46	12.02	-9.989	134
CA	-18.723	13.064	-10.703	134
C	-18.117	12.415	-11.942	134
N	-18.098	13.117	-13.074	135
CA	-17.44	12.541	-14.262	135
C	-15.99	13.007	-14.461	135
N	-15.478	13.833	-13.551	136
CA	-14.082	14.245	-13.634	136
C	-13.814	15.428	-12.737	136
N	-12.543	15.8	-12.601	137
CA	-12.165	16.834	-11.642	137
C	-12.152	18.22	-12.249	137
N	-13.326	18.627	-12.717	138
CA	-13.567	19.96	-13.244	138
C	-15.014	20.285	-12.907	138
N	-15.367	21.555	-13.003	139
CA	-16.693	22.008	-12.596	139
C	-17.501	22.423	-13.815	139
N	-18.702	21.862	-13.959	140
CA	-19.602	22.21	-15.062	140
C	-20.629	23.216	-14.553	140
N	-21.519	23.694	-15.417	141
CA	-22.593	24.581	-14.934	141
C	-23.815	23.804	-14.432	141
N	-23.884	22.523	-14.77	142
CA	-25.026	21.713	-14.384	142
C	-24.804	20.27	-14.775	142
N	-25.8	19.425	-14.527	143
CA	-25.632	17.997	-14.747	143
C	-25.805	17.492	-16.171	143
N	-26.304	18.351	-17.063	144
CA	-26.674	17.905	-18.417	144
C	-25.497	17.321	-19.221	144
N	-24.355	18.007	-19.248	145
CA	-23.212	17.464	-20.004	145
C	-22.733	16.151	-19.38	145
N	-22.834	16.049	-18.06	146
CA	-22.479	14.813	-17.365	146
C	-23.427	13.688	-17.742	146
N	-24.711	14.014	-17.865	147
CA	-25.702	13.025	-18.281	147
C	-25.381	12.498	-19.673	147
N	-24.99	13.392	-20.576	148
CA	-24.605	12.987	-21.944	148
C	-23.453	11.987	-21.935	148
N	-22.441	12.296	-21.132	149
CA	-21.27	11.437	-20.988	149
C	-21.637	10.081	-20.405	149
N	-22.417	10.106	-19.331	150
CA	-22.839	8.859	-18.684	150
C	-23.661	8.01	-19.641	150
N	-24.597	8.647	-20.332	151
CA	-25.472	7.887	-21.22	151
C	-24.642	7.252	-22.325	151
N	-23.731	8.023	-22.906	152
CA	-22.934	7.468	-23.988	152
C	-22.041	6.318	-23.5	152
N	-21.399	6.5	-22.352	153
CA	-20.426	5.506	-21.868	153
C	-21.155	4.226	-21.502	153
N	-22.352	4.365	-20.942	154
CA	-23.129	3.179	-20.559	154
C	-23.711	2.475	-21.78	154
N	-24.407	3.21	-22.642	155
CA	-25.141	2.578	-23.733	155
C	-24.239	1.929	-24.776	155
N	-23.004	2.401	-24.902	156
CA	-22.116	1.77	-25.86	156
C	-21.648	0.406	-25.336	156
N	-21.932	0.112	-24.07	157
CA	-21.67	-1.219	-23.522	157
C	-22.898	-2.138	-23.585	157
N	-24.044	-1.611	-24.01	158
CA	-25.23	-2.446	-24.188	158
C	-25.217	-2.969	-25.615	158
N	-25.115	-4.292	-25.761	159
CA	-24.979	-4.943	-27.067	159
C	-25.971	-4.423	-28.113	159
N	-25.436	-3.897	-29.211	160
CA	-26.234	-3.487	-30.349	160
C	-26.994	-2.183	-30.227	160
N	-26.783	-1.446	-29.139	161
CA	-27.513	-0.199	-28.981	161
C	-26.889	0.896	-29.833	161
N	-25.626	1.225	-29.585	162
CA	-24.985	2.306	-30.328	162
C	-24.25	1.776	-31.56	162
N	-23.007	1.684	-31.16	163
CA	-22.892	2.984	-30.565	163
C	-21.587	3.259	-29.893	163
N	-21.6	4.535	-29.444	164
CA	-21.802	5.174	-28.119	164
C	-20.55	6.057	-28.0	164
N	-20.193	6.584	-26.833	165
CA	-20.945	6.601	-25.607	165
C	-20.236	7.635	-24.735	165
N	-19.118	8.228	-25.088	166
CA	-18.65	9.154	-24.078	166
C	-18.478	8.395	-22.755	166
N	-17.638	9.005	-21.897	167
CA	-16.186	9.16	-21.993	167
C	-15.117	9.599	-23.026	167
N	-15.285	9.998	-24.315	168
CA	-14.052	10.713	-24.799	168
C	-13.52	11.868	-23.993	168
N	-14.243	12.173	-22.851	169
CA	-14.241	11.422	-21.579	169
C	-13.062	11.32	-20.649	169
N	-11.907	11.922	-20.807	170
CA	-11.142	12.022	-19.545	170
C	-10.804	12.403	-18.014	170
N	-11.365	13.064	-16.907	171
CA	-12.132	12.558	-15.749	171
C	-11.487	12.161	-14.446	171
N	-10.183	12.226	-14.245	172
CA	-9.1	13.045	-14.751	172
C	-7.939	12.228	-14.144	172
N	-8.505	11.267	-13.394	173
CA	-8.52	9.818	-13.235	173
C	-7.496	8.847	-12.597	173
N	-6.382	9.31	-12.016	174
CA	-5.533	10.416	-12.424	174
C	-5.197	9.592	-13.728	174
N	-5.772	8.379	-14.077	175
CA	-5.668	7.309	-15.14	175
C	-4.865	6.023	-15.059	175
N	-4.318	5.494	-16.177	176
CA	-4.492	5.35	-17.624	176
C	-5.703	4.536	-18.109	176
N	-6.538	4.062	-17.139	177
CA	-7.236	2.837	-16.702	177
C	-7.015	1.468	-16.022	177
N	-5.928	0.873	-15.514	178
CA	-4.892	1.044	-14.512	178
C	-3.975	-0.168	-14.714	178
N	-4.291	-1.135	-15.614	179
CA	-4.541	-0.923	-17.034	179
C	-3.603	0.141	-17.59	179
N	-3.324	0.056	-18.885	180
CA	-2.446	1.011	-19.546	180
C	-3.215	1.776	-20.618	180
N	-2.635	2.879	-21.071	181
CA	-3.222	3.692	-22.127	181
C	-3.007	3.075	-23.505	181
N	-3.958	3.29	-24.412	182
CA	-3.781	2.895	-25.81	182
C	-2.688	3.727	-26.453	182
N	-1.845	3.085	-27.258	183
CA	-0.808	3.781	-27.999	183
C	-1.334	4.391	-29.288	183
N	-0.43	4.948	-30.106	184
CA	-0.833	5.64	-31.337	184
C	-1.378	4.674	-32.39	184
N	-2.3	5.15	-33.217	185
CA	-2.849	4.364	-34.326	185
C	-2.528	5.038	-35.655	185
N	-2.441	4.259	-36.733	186
CA	-2.07	4.796	-38.052	186
C	-2.898	4.135	-39.139	186
N	-3.181	4.86	-40.212	187
CA	-3.788	4.239	-41.385	187
C	-3.187	4.873	-42.629	187
N	-3.727	4.554	-43.803	188
CA	-3.148	5.08	-45.036	188
C	-3.282	6.596	-45.106	188
N	-2.351	7.258	-45.802	189
CA	-1.226	6.683	-46.549	189
C	0.009	6.362	-45.677	189
N	0.908	5.5	-46.173	190
CA	2.082	5.104	-45.379	190
C	3.028	6.265	-45.11	190
N	2.995	7.265	-45.977	191
CA	3.782	8.472	-45.77	191
C	2.903	9.699	-45.964	191
N	2.976	10.629	-45.014	192
CA	2.129	11.819	-45.035	192
C	2.833	12.976	-44.347	192
N	2.929	14.097	-45.06	193
CA	3.624	15.305	-44.592	193
C	4.962	14.994	-43.918	193
N	5.732	14.108	-44.543	194
CA	7.069	13.81	-44.074	194
C	7.125	12.838	-42.918	194
N	5.981	12.252	-42.57	195
CA	5.915	11.324	-41.447	195
C	5.486	9.944	-41.916	195
N	6.373	8.974	-41.721	196
CA	6.111	7.59	-42.099	196
C	5.424	6.822	-40.979	196
N	4.501	5.951	-41.358	197
CA	3.962	4.981	-40.417	197
C	5.121	4.112	-39.934	197
N	5.209	3.861	-38.616	198
CA	6.301	3.011	-38.111	198
C	6.413	1.692	-38.872	198
N	7.583	1.439	-39.487	199
CA	7.813	0.274	-40.349	199
C	7.43	-1.043	-39.697	199
N	7.552	-1.143	-38.376	200
CA	7.211	-2.404	-37.723	200
C	5.76	-2.796	-38.036	200
N	4.879	-1.802	-38.166	201
CA	3.448	-2.078	-38.375	201
C	3.19	-2.713	-39.737	201
N	4.111	-2.512	-40.669	202
CA	3.947	-3.113	-41.991	202
C	4.825	-4.353	-42.18	202
N	5.385	-4.867	-41.086	203
CA	6.401	-5.923	-41.159	203
C	5.854	-7.344	-41.335	203
N	4.592	-7.561	-40.982	204
CA	4.046	-8.902	-40.987	204
C	4.591	-9.778	-39.866	204
N	5.289	-9.173	-38.915	205
CA	5.739	-9.905	-37.734	205
C	4.803	-9.537	-36.594	205
N	3.75	-10.326	-36.405	206
CA	2.679	-9.894	-35.518	206
C	3.044	-10.031	-34.039	206
N	3.99	-10.907	-33.705	207
CA	4.479	-10.943	-32.334	207
C	5.242	-9.659	-32.018	207
N	6.084	-9.247	-32.961	208
CA	6.862	-8.022	-32.801	208
C	5.959	-6.78	-32.725	208
N	4.945	-6.737	-33.585	209
CA	3.989	-5.633	-33.576	209
C	3.316	-5.525	-32.206	209
N	2.896	-6.661	-31.66	210
CA	2.23	-6.657	-30.362	210
C	3.167	-6.138	-29.285	210
N	4.444	-6.509	-29.37	211
CA	5.401	-6.045	-28.371	211
C	5.679	-4.548	-28.527	211
N	5.751	-4.097	-29.774	212
CA	5.959	-2.678	-30.054	212
C	4.788	-1.864	-29.504	212
N	3.571	-2.342	-29.742	213
CA	2.379	-1.664	-29.23	213
C	2.351	-1.634	-27.701	213
N	2.739	-2.749	-27.086	214
CA	2.808	-2.835	-25.626	214
C	3.785	-1.811	-25.059	214
N	4.937	-1.666	-25.713	215
CA	5.941	-0.706	-25.261	215
C	5.473	0.742	-25.48	215
N	4.789	1.002	-26.594	216
CA	4.212	2.331	-26.833	216
C	3.235	2.665	-25.717	216
N	2.406	1.692	-25.357	217
CA	1.425	1.868	-24.293	217
C	2.105	2.179	-22.956	217
N	3.152	1.426	-22.638	218
CA	3.868	1.677	-21.391	218
C	4.463	3.084	-21.384	218
N	5.12	3.483	-22.468	219
CA	5.723	4.817	-22.518	219
C	4.669	5.921	-22.358	219
N	3.577	5.798	-23.099	220
CA	2.517	6.806	-23.044	220
C	1.913	6.899	-21.647	220
N	1.761	5.756	-20.99	221
CA	1.196	5.752	-19.647	221
C	2.159	6.449	-18.681	221
N	3.449	6.133	-18.786	222
CA	4.467	6.779	-17.942	222
C	4.425	8.292	-18.105	222
N	4.369	8.742	-19.351	223
CA	4.391	10.169	-19.656	223
C	3.097	10.904	-19.294	223
N	1.949	10.281	-19.549	224
CA	0.679	11.003	-19.438	224
C	-0.119	10.697	-18.177	224
N	0.015	9.471	-17.685	225
CA	-0.79	9.003	-16.567	225
C	0.041	8.178	-15.587	225
N	1.087	8.783	-14.991	226
CA	1.916	8.032	-14.04	226
C	1.097	7.484	-12.871	226
N	-0.062	8.079	-12.625	227
CA	-0.949	7.641	-11.556	227
C	-1.464	6.22	-11.775	227
N	-1.434	5.746	-13.017	228
CA	-1.932	4.405	-13.317	228
C	-0.867	3.354	-13.043	228
N	0.33	3.816	-12.703	229
CA	1.465	2.933	-12.469	229
C	1.883	2.943	-11.004	229
N	2.984	1.992	-10.442	230
CA	3.374	0.503	-9.769	230
C	4.299	-0.749	-8.951	230
N	5.56	-1.321	-8.193	231
CA	6.308	-2.681	-7.565	231
C	7.539	-3.103	-6.392	231
N	8.566	-4.097	-5.679	232
CA	9.244	-4.905	-4.352	232
C	10.674	-5.683	-3.822	232
N	11.421	-6.494	-2.734	233
CA	11.721	-7.423	-1.409	233
C	13.224	-7.683	-0.631	233
N	14.054	-8.307	0.498	234
CA	14.891	-9.558	1.173	234
C	15.72	-10.117	2.575	234
N	16.623	-11.279	3.008	235
CA	17.657	-12.166	3.911	235
C	18.32	-13.14	5.185	235
N	19.633	-13.738	5.578	236
CA	20.249	-14.694	6.728	236
C	21.702	-15.493	7.004	236
N	22.559	-16.19	8.042	237
CA	23.497	-17.436	8.365	237
C	24.303	-18.034	9.662	237
N	25.3	-19.105	9.775	238
CA	25.947	-20.379	10.465	238
C	26.607	-20.892	11.892	238
N	27.563	-21.985	12.178	239
CA	28.552	-22.396	13.286	239
C	29.481	-23.579	13.992	239
N	29.888	-24.975	13.901	240
CA	30.898	-25.969	14.59	240
C	31.184	-26.837	15.929	240
N	32.335	-27.473	16.476	241
CA	32.767	-28.689	17.359	241
C	34.242	-28.832	17.966	241
N	34.916	-29.944	18.486	242
CA	35.924	-30.163	19.602	242
C	36.573	-31.598	19.664	242
N	37.536	-32.291	20.43	243
CA	38.946	-32.094	20.918	243
C	39.959	-33.038	21.65	243
N	40.031	-34.296	22.189	244
CA	40.621	-34.768	23.458	244
C	40.094	-34.527	24.882	244
N	-9.716	40.016	-23.569	1
CA	-9.982	39.099	-24.701	1
C	-10.845	37.871	-24.411	1
N	-12.079	37.897	-24.961	2
CA	-12.605	37.376	-26.216	2
C	-12.008	36.004	-26.535	2
N	-12.871	35.034	-26.824	3
CA	-12.41	33.698	-27.199	3
C	-13.177	33.153	-28.399	3
N	-12.461	32.506	-29.314	4
CA	-13.086	31.814	-30.432	4
C	-12.876	30.318	-30.27	4
N	-13.948	29.54	-30.398	5
CA	-13.825	28.084	-30.375	5
C	-14.345	27.472	-31.668	5
N	-13.491	26.72	-32.356	6
CA	-13.941	25.934	-33.492	6
C	-13.981	24.462	-33.113	6
N	-15.082	23.789	-33.428	7
CA	-15.178	22.355	-33.195	7
C	-15.279	21.657	-34.537	7
N	-14.458	20.629	-34.741	8
CA	-14.47	19.875	-35.996	8
C	-14.908	18.441	-35.742	8
N	-15.88	17.961	-36.517	9
CA	-16.552	16.697	-36.221	9
C	-17.242	16.158	-37.468	9
N	-17.421	14.844	-37.536	10
CA	-18.261	14.291	-38.592	10
C	-19.729	14.233	-38.142	10
N	-20.008	14.691	-36.921	11
CA	-21.388	14.774	-36.42	11
C	-21.709	16.16	-35.872	11
N	-21.78	17.175	-36.753	12
CA	-22.014	18.553	-36.296	12
C	-23.31	18.721	-35.495	12
N	-24.323	17.904	-35.761	13
CA	-25.591	18.043	-35.044	13
C	-25.476	17.757	-33.54	13
N	-24.541	16.891	-33.151	14
CA	-24.343	16.582	-31.738	14
C	-23.889	17.83	-30.965	14
N	-23.265	18.787	-31.644	15
CA	-22.695	19.94	-30.937	15
C	-23.703	21.056	-30.653	15
N	-24.939	20.881	-31.105	16
CA	-25.958	21.926	-30.962	16
C	-26.36	22.339	-29.518	16
N	-26.1	21.495	-28.489	17
CA	-26.337	22.021	-27.132	17
C	-25.544	23.289	-26.749	17
N	-24.624	23.753	-27.595	18
CA	-23.978	25.049	-27.376	18
C	-24.855	26.195	-27.885	18
N	-25.899	26.159	-28.698	19
CA	-26.278	27.505	-29.15	19
C	-26.532	28.494	-28.023	19
N	-27.411	29.345	-28.489	20
CA	-28.621	29.308	-27.7	20
C	-29.711	29.291	-28.775	20
N	-31.015	29.264	-28.467	21
CA	-31.539	30.579	-28.713	21
C	-30.429	31.119	-27.807	21
N	-30.432	32.373	-28.251	22
CA	-30.995	33.612	-27.788	22
C	-30.33	34.355	-28.947	22
N	-30.757	35.593	-29.032	23
CA	-30.833	36.757	-28.255	23
C	-29.574	37.462	-27.876	23
N	-28.463	36.85	-28.316	24
CA	-27.563	36.313	-27.317	24
C	-27.493	37.716	-26.714	24
N	-28.313	38.63	-27.342	25
CA	-28.932	39.96	-27.141	25
C	-27.886	41.0	-27.475	25
N	-26.744	40.502	-27.984	26
CA	-27.143	39.635	-29.124	26
C	-26.43	40.023	-30.429	26
N	-25.558	40.991	-30.283	27
CA	-25.052	41.096	-28.919	27
C	-24.182	39.895	-28.399	27
N	-23.563	38.62	-28.595	28
CA	-23.77	37.138	-28.361	28
C	-23.573	36.055	-27.205	28
N	-23.119	35.952	-25.934	29
CA	-22.885	36.824	-24.756	29
C	-21.761	37.768	-25.148	29
N	-21.35	37.481	-26.431	30
CA	-20.555	38.184	-27.425	30
C	-19.068	38.225	-27.108	30
N	-18.704	37.747	-25.922	31
CA	-17.304	37.697	-25.519	31
C	-16.675	36.401	-26.014	31
N	-17.511	35.529	-26.568	32
CA	-17.05	34.25	-27.092	32
C	-17.9	33.799	-28.278	32
N	-17.236	33.334	-29.333	33
CA	-17.922	32.779	-30.492	33
C	-17.552	31.314	-30.65	33
N	-18.555	30.477	-30.887	34
CA	-18.324	29.055	-31.085	34
C	-18.843	28.622	-32.447	34
N	-17.996	27.94	-33.21	35
CA	-18.355	27.498	-34.548	35
C	-18.121	26.006	-34.684	35
N	-19.044	25.33	-35.358	36
CA	-18.943	23.893	-35.554	36
C	-18.76	23.58	-37.026	36
N	-17.776	22.747	-37.335	37
CA	-17.457	22.431	-38.716	37
C	-17.585	20.942	-38.993	37
N	-18.227	20.632	-40.113	38
CA	-18.352	19.269	-40.605	38
C	-17.052	18.857	-41.286	38
N	-16.358	17.865	-40.726	39
CA	-15.082	17.412	-41.285	39
C	-15.23	17.017	-42.758	39
N	-16.401	16.493	-43.126	40
CA	-16.602	15.966	-44.481	40
C	-16.571	17.059	-45.548	40
N	-16.65	18.319	-45.132	41
CA	-16.496	19.426	-46.071	41
C	-15.118	19.42	-46.743	41
N	-14.134	18.778	-46.114	42
CA	-12.768	18.792	-46.628	42
C	-12.373	17.506	-47.364	42
N	-13.332	16.623	-47.622	43
CA	-13.022	15.386	-48.34	43
C	-12.906	15.629	-49.843	43
N	-12.343	14.635	-50.534	44
CA	-12.077	13.333	-49.957	44
C	-11.15	12.713	-51.031	44
N	-10.971	13.432	-52.18	45
CA	-11.762	12.659	-53.126	45
C	-11.412	13.038	-54.532	45
N	-11.931	12.038	-55.224	46
CA	-12.893	11.139	-54.502	46
C	-12.823	9.879	-55.354	46
N	-13.328	8.715	-54.852	47
CA	-13.409	8.23	-53.445	47
C	-13.841	8.375	-51.975	47
N	-14.504	9.362	-51.362	48
CA	-14.704	9.352	-49.89	48
C	-13.721	9.466	-48.705	48
N	-14.74	9.271	-47.834	49
CA	-14.729	8.464	-46.619	49
C	-13.542	8.835	-45.738	49
N	-13.81	9.059	-44.461	50
CA	-12.815	9.653	-43.588	50
C	-11.963	8.643	-42.818	50
N	-12.247	7.357	-42.996	51
CA	-11.66	6.302	-42.168	51
C	-11.113	5.13	-42.975	51
N	-10.181	4.39	-42.384	52
CA	-9.622	3.209	-43.036	52
C	-9.119	2.242	-41.963	52
N	-8.794	1.014	-42.359	53
CA	-8.304	0.009	-41.416	53
C	-6.926	0.353	-40.853	53
N	-6.669	-0.049	-39.588	54
CA	-5.378	0.282	-38.952	54
C	-4.183	-0.476	-39.513	54
N	-3.082	0.235	-39.734	55
CA	-1.83	-0.442	-40.028	55
C	-1.459	-1.284	-38.828	55
N	-0.977	-2.498	-39.084	56
CA	-0.552	-3.379	-38.009	56
C	-1.676	-4.262	-37.498	56
N	-2.888	-4.03	-37.987	57
CA	-4.039	-4.83	-37.589	57
C	-4.81	-4.323	-36.39	57
N	-5.933	-4.965	-36.105	58
CA	-6.745	-4.573	-34.973	58
C	-8.166	-4.322	-35.41	58
N	-9.097	-4.29	-34.447	59
CA	-10.509	-4.048	-34.746	59
C	-10.763	-2.579	-35.041	59
N	-11.825	-2.291	-35.78	60
CA	-12.239	-0.916	-35.981	60
C	-11.472	-0.188	-37.065	60
N	-11.726	1.107	-37.158	61
CA	-11.167	1.93	-38.209	61
C	-10.464	3.115	-37.58	61
N	-9.599	3.751	-38.356	62
CA	-8.86	4.93	-37.913	62
C	-9.186	6.076	-38.851	62
N	-9.315	7.283	-38.324	63
CA	-9.582	8.394	-39.219	63
C	-8.305	8.779	-39.97	63
N	-8.451	8.935	-41.285	64
CA	-7.357	9.281	-42.183	64
C	-6.778	10.658	-41.864	64
N	-5.447	10.779	-41.913	65
CA	-4.832	12.068	-41.586	65
C	-5.1	13.126	-42.665	65
N	-5.288	12.684	-43.901	66
CA	-5.372	13.616	-45.026	66
C	-6.493	14.641	-44.864	66
N	-7.708	14.158	-44.641	67
CA	-8.852	15.046	-44.467	67
C	-8.671	15.987	-43.274	67
N	-8.167	15.449	-42.17	68
CA	-7.906	16.274	-40.983	68
C	-6.881	17.374	-41.252	68
N	-5.806	17.02	-41.948	69
CA	-4.752	17.979	-42.251	69
C	-5.288	19.178	-43.014	69
N	-6.131	18.918	-44.003	70
CA	-6.705	19.998	-44.793	70
C	-7.651	20.858	-43.951	70
N	-8.458	20.227	-43.103	71
CA	-9.363	20.989	-42.235	71
C	-8.594	21.899	-41.284	71
N	-7.604	21.337	-40.605	72
CA	-6.872	22.099	-39.602	72
C	-6.028	23.182	-40.269	72
N	-5.516	22.892	-41.466	73
CA	-4.78	23.898	-42.245	73
C	-5.604	25.17	-42.4	73
N	-6.894	25.001	-42.675	74
CA	-7.769	26.14	-42.945	74
C	-8.209	26.847	-41.663	74
N	-8.396	26.069	-40.604	75
CA	-8.98	26.569	-39.365	75
C	-7.944	27.098	-38.367	75
N	-6.785	26.447	-38.282	76
CA	-5.815	26.794	-37.243	76
C	-4.79	27.825	-37.684	76
N	-4.289	28.583	-36.714	77
CA	-3.109	29.41	-36.911	77
C	-2.044	28.938	-35.933	77
N	-0.866	29.545	-35.99	78
CA	0.201	29.212	-35.051	78
C	-0.149	29.58	-33.61	78
N	-1.163	30.423	-33.43	79
CA	-1.587	30.856	-32.101	79
C	-2.641	29.911	-31.508	79
N	-3.194	29.05	-32.355	80
CA	-4.25	28.122	-31.965	80
C	-3.803	27.131	-30.9	80
N	-4.658	26.877	-29.911	81
CA	-4.475	25.717	-29.051	81
C	-5.346	24.594	-29.576	81
N	-4.707	23.563	-30.117	82
CA	-5.451	22.441	-30.681	82
C	-5.733	21.409	-29.599	82
N	-7.019	21.145	-29.367	83
CA	-7.471	20.236	-28.313	83
C	-7.996	18.957	-28.94	83
N	-7.447	17.813	-28.537	84
CA	-7.856	16.544	-29.121	84
C	-8.309	15.595	-28.016	84
N	-9.626	15.495	-27.79	85
CA	-10.09	14.49	-26.823	85
C	-9.7	13.069	-27.216	85
N	-9.307	12.272	-26.229	86
CA	-8.905	10.887	-26.442	86
C	-8.789	10.185	-25.095	86
N	-9.177	8.905	-25.027	87
CA	-9.054	8.211	-23.74	87
C	-7.613	8.102	-23.259	87
N	-6.67	8.262	-24.182	88
CA	-5.248	8.156	-23.875	88
C	-4.623	9.513	-23.627	88
N	-5.448	10.524	-23.364	89
CA	-4.941	11.879	-23.204	89
C	-4.396	12.178	-21.815	89
N	-3.66	13.289	-21.692	90
CA	-3.37	13.861	-20.37	90
C	-4.709	14.246	-19.738	90
N	-4.828	14.168	-18.397	91
CA	-6.107	14.531	-17.753	91
C	-6.473	16.0	-17.945	91
N	-7.711	16.239	-18.368	92
CA	-8.305	17.572	-18.348	92
C	-8.897	17.764	-16.957	92
N	-8.372	18.75	-16.229	93
CA	-8.809	19.069	-14.875	93
C	-9.227	20.537	-14.755	93
N	-9.637	20.948	-13.554	94
CA	-10.058	22.337	-13.34	94
C	-8.891	23.28	-13.614	94
N	-7.691	22.816	-13.279	95
CA	-6.485	23.586	-13.55	95
C	-6.348	23.795	-15.06	95
N	-6.562	22.738	-15.844	96
CA	-6.582	22.887	-17.299	96
C	-7.64	23.893	-17.748	96
N	-8.824	23.811	-17.149	97
CA	-9.886	24.727	-17.549	97
C	-9.469	26.189	-17.31	97
N	-8.873	26.467	-16.15	98
CA	-8.355	27.802	-15.861	98
C	-7.287	28.217	-16.871	98
N	-6.393	27.291	-17.189	99
CA	-5.325	27.607	-18.138	99
C	-5.896	27.985	-19.499	99
N	-6.895	27.242	-19.952	100
CA	-7.412	27.453	-21.296	100
C	-8.376	28.635	-21.358	100
N	-8.859	29.079	-20.199	101
CA	-9.858	30.148	-20.145	101
C	-9.329	31.495	-20.655	101
N	-8.014	31.648	-20.726	102
CA	-7.47	32.904	-21.24	102
C	-6.903	32.778	-22.659	102
N	-7.231	31.686	-23.35	103
CA	-6.778	31.488	-24.73	103
C	-7.622	32.267	-25.725	103
N	-6.99	32.731	-26.804	104
CA	-7.701	33.436	-27.867	104
C	-8.472	32.47	-28.769	104
N	-7.912	31.287	-28.996	105
CA	-8.458	30.399	-30.011	105
C	-8.276	28.93	-29.65	105
N	-9.379	28.264	-29.312	106
CA	-9.369	26.816	-29.139	106
C	-9.944	26.143	-30.375	106
N	-9.274	25.105	-30.854	107
CA	-9.869	24.269	-31.88	107
C	-9.966	22.852	-31.327	107
N	-11.168	22.294	-31.329	108
CA	-11.345	20.965	-30.751	108
C	-11.607	19.969	-31.861	108
N	-10.672	19.045	-32.038	109
CA	-10.791	18.022	-33.075	109
C	-11.431	16.77	-32.501	109
N	-12.676	16.5	-32.897	110
CA	-13.426	15.361	-32.362	110
C	-13.25	14.145	-33.237	110
N	-12.685	13.087	-32.672	111
CA	-12.542	11.86	-33.43	111
C	-13.768	10.972	-33.292	111
N	-13.836	9.975	-34.163	112
CA	-14.841	8.917	-34.094	112
C	-14.129	7.612	-34.432	112
N	-14.884	6.537	-34.675	113
CA	-14.285	5.217	-34.921	113
C	-13.304	4.871	-33.782	113
N	-12.099	4.411	-34.107	114
CA	-11.115	4.1	-33.069	114
C	-10.133	5.24	-32.859	114
N	-10.459	6.424	-33.364	115
CA	-9.604	7.575	-33.136	115
C	-8.963	8.086	-34.412	115
N	-8.05	9.035	-34.254	116
CA	-7.443	9.739	-35.382	116
C	-6.001	9.291	-35.564	116
N	-5.571	9.104	-36.814	117
CA	-4.156	8.864	-37.138	117
C	-3.239	9.783	-36.317	117
N	-2.277	9.195	-35.598	118
CA	-1.414	9.966	-34.69	118
C	-0.667	11.094	-35.389	118
N	-0.466	10.945	-36.692	119
CA	0.31	11.956	-37.411	119
C	-0.406	13.294	-37.504	119
N	-1.726	13.297	-37.338	120
CA	-2.461	14.558	-37.381	120
C	-1.984	15.466	-36.241	120
N	-1.963	14.921	-35.034	121
CA	-1.509	15.701	-33.893	121
C	-0.009	16.007	-34.017	121
N	0.776	15.046	-34.507	122
CA	2.221	15.259	-34.632	122
C	2.54	16.365	-35.645	122
N	1.852	16.352	-36.781	123
CA	2.017	17.41	-37.779	123
C	1.6	18.76	-37.206	123
N	0.468	18.779	-36.513	124
CA	-0.031	20.049	-35.982	124
C	0.958	20.645	-34.996	124
N	1.597	19.786	-34.217	125
CA	2.513	20.23	-33.17	125
C	3.765	20.932	-33.724	125
N	4.039	20.758	-35.013	126
CA	5.163	21.476	-35.631	126
C	4.793	22.932	-35.91	126
N	3.506	23.258	-35.815	127
CA	3.021	24.592	-36.18	127
C	2.294	25.302	-35.031	127
N	1.767	24.534	-34.08	128
CA	0.967	25.108	-33.002	128
C	1.071	24.247	-31.754	128
N	0.53	24.732	-30.642	129
CA	0.478	23.931	-29.422	129
C	-0.67	22.927	-29.512	129
N	-0.401	21.682	-29.122	130
CA	-1.399	20.623	-29.21	130
C	-1.581	19.985	-27.839	130
N	-2.831	19.745	-27.471	131
CA	-3.146	19.073	-26.216	131
C	-4.068	17.871	-26.401	131
N	-3.522	16.666	-26.287	132
CA	-4.345	15.463	-26.242	132
C	-4.828	15.278	-24.815	132
N	-6.142	15.265	-24.619	133
CA	-6.701	15.199	-23.266	133
C	-7.841	14.218	-23.073	133
N	-7.865	13.676	-21.866	134
CA	-8.937	12.787	-21.439	134
C	-9.82	13.52	-20.446	134
N	-11.138	13.362	-20.545	135
CA	-12.012	14.02	-19.572	135
C	-12.383	13.1	-18.415	135
N	-11.895	11.867	-18.445	136
CA	-12.201	10.938	-17.368	136
C	-11.948	9.497	-17.775	136
N	-11.873	8.598	-16.801	137
CA	-11.493	7.219	-17.088	137
C	-12.699	6.347	-17.433	137
N	-13.313	6.693	-18.549	138
CA	-14.401	5.93	-19.127	138
C	-14.263	6.151	-20.626	138
N	-14.91	5.313	-21.428	139
CA	-14.757	5.402	-22.875	139
C	-16.006	5.912	-23.565	139
N	-15.85	6.975	-24.352	140
CA	-16.938	7.489	-25.174	140
C	-16.918	6.852	-26.57	140
N	-17.925	7.144	-27.39	141
CA	-17.888	6.662	-28.77	141
C	-17.177	7.663	-29.681	141
N	-16.893	8.849	-29.164	142
CA	-16.209	9.859	-29.957	142
C	-15.917	11.102	-29.149	142
N	-15.346	12.118	-29.791	143
CA	-14.88	13.297	-29.071	143
C	-15.953	14.339	-28.771	143
N	-17.133	14.183	-29.368	144
CA	-18.143	15.242	-29.298	144
C	-18.621	15.543	-27.879	144
N	-18.962	14.514	-27.11	145
CA	-19.421	14.734	-25.735	145
C	-18.304	15.337	-24.885	145
N	-17.068	14.917	-25.137	146
CA	-15.924	15.503	-24.438	146
C	-15.724	16.977	-24.811	146
N	-15.92	17.312	-26.086	147
CA	-15.912	18.721	-26.492	147
C	-16.954	19.542	-25.735	147
N	-18.155	18.999	-25.557	148
CA	-19.197	19.745	-24.855	148
C	-18.781	20.001	-23.407	148
N	-18.19	18.991	-22.782	149
CA	-17.711	19.1	-21.411	149
C	-16.61	20.161	-21.292	149
N	-15.633	20.091	-22.195	150
CA	-14.504	21.012	-22.158	150
C	-14.99	22.441	-22.37	150
N	-15.857	22.621	-23.359	151
CA	-16.371	23.962	-23.645	151
C	-17.107	24.547	-22.446	151
N	-17.952	23.749	-21.808	152
CA	-18.663	24.249	-20.644	152
C	-17.73	24.573	-19.478	152
N	-16.763	23.706	-19.211	153
CA	-15.884	23.926	-18.072	153
C	-14.995	25.143	-18.297	153
N	-14.615	25.366	-19.545	154
CA	-13.741	26.494	-19.846	154
C	-14.524	27.809	-19.855	154
N	-15.671	27.826	-20.528	155
CA	-16.373	29.089	-20.762	155
C	-16.934	29.712	-19.494	155
N	-17.226	28.897	-18.49	156
CA	-17.761	29.449	-17.249	156
C	-16.667	30.167	-16.438	156
N	-15.42	30.021	-16.878	157
CA	-14.292	30.7	-16.248	157
C	-13.841	31.954	-17.01	157
N	-14.37	32.166	-18.208	158
CA	-13.845	33.237	-19.059	158
C	-14.152	34.599	-18.446	158
N	-13.119	35.463	-18.325	159
CA	-13.263	36.79	-17.71	159
C	-14.533	37.492	-18.183	159
N	-15.521	37.563	-17.294	160
CA	-16.855	37.997	-17.662	160
C	-17.719	36.812	-18.05	160
N	-18.805	37.301	-17.426	161
CA	-19.497	37.712	-16.202	161
C	-18.367	38.769	-16.158	161
N	-17.418	38.571	-17.144	162
CA	-16.475	39.612	-17.616	162
C	-16.001	39.959	-16.201	162
N	-15.188	40.965	-15.891	163
CA	-15.252	41.302	-14.477	163
C	-14.626	42.678	-14.355	163
N	-14.202	43.237	-15.525	164
CA	-14.894	43.216	-16.827	164
C	-15.894	44.2	-16.166	164
N	-15.465	44.486	-14.951	165
CA	-15.873	44.744	-13.605	165
C	-14.419	44.766	-13.155	165
N	-13.558	44.615	-14.204	166
CA	-12.118	44.904	-14.232	166
C	-10.923	44.049	-13.858	166
N	-10.227	45.046	-13.227	167
CA	-11.094	45.971	-12.467	167
C	-11.302	44.549	-11.976	167
N	-10.552	43.522	-12.469	168
CA	-9.457	43.61	-11.525	168
C	-10.767	43.634	-10.744	168
N	-10.833	44.373	-9.578	169
CA	-12.045	44.883	-8.829	169
C	-11.695	45.362	-7.413	169
N	-10.413	45.231	-7.138	170
CA	-10.01	44.528	-5.958	170
C	-10.075	42.976	-5.845	170
N	-10.482	42.185	-6.921	171
CA	-9.683	41.842	-8.131	171
C	-8.712	40.692	-8.436	171
N	-9.061	40.166	-7.282	172
CA	-8.835	39.184	-6.241	172
C	-9.09	37.736	-6.678	172
N	-9.5	37.259	-7.887	173
CA	-10.267	36.029	-8.098	173
C	-9.592	34.719	-7.682	173
N	-8.36	35.008	-7.228	174
CA	-6.998	34.562	-7.488	174
C	-6.182	33.334	-7.059	174
N	-6.556	32.321	-6.245	175
CA	-6.217	32.496	-4.828	175
C	-6.144	31.281	-3.875	175
N	-6.42	30.01	-4.194	176
CA	-6.468	29.078	-3.072	176
C	-6.64	27.557	-3.077	176
N	-6.775	26.808	-4.195	177
CA	-7.607	25.61	-4.234	177
C	-7.197	24.603	-5.325	177
N	-7.846	23.412	-5.208	178
CA	-7.147	22.121	-5.191	178
C	-7.697	20.692	-4.974	178
N	-8.99	20.346	-4.673	179
CA	-9.281	21.05	-3.432	179
C	-10.036	20.131	-2.467	179
N	-11.252	20.531	-2.101	180
CA	-12.143	19.704	-1.285	180
C	-13.507	19.625	-1.95	180
N	-14.306	18.624	-1.583	181
CA	-15.636	18.466	-2.179	181
C	-16.652	19.398	-1.55	181
N	-17.604	19.85	-2.357	182
CA	-18.726	20.642	-1.863	182
C	-19.602	19.801	-0.943	182
N	-19.992	20.382	0.182	183
CA	-20.866	19.718	1.124	183
C	-22.302	19.879	0.675	183
N	-23.239	19.365	1.468	184
CA	-24.651	19.418	1.077	184
C	-25.231	20.833	1.169	184
N	-26.226	21.12	0.335	185
CA	-26.93	22.408	0.34	185
C	-28.418	22.175	0.592	185
N	-29.101	23.185	1.129	186
CA	-30.518	23.103	1.463	186
C	-31.224	24.409	1.179	186
N	-32.526	24.321	0.941	187
CA	-33.356	25.515	0.831	187
C	-34.758	25.211	1.395	187
N	-35.69	26.143	1.247	188
CA	-36.987	26.025	1.92	188
C	-37.807	24.859	1.343	188
N	-38.688	24.237	2.158	189
CA	-39.007	24.504	3.57	189
C	-38.008	23.879	4.546	189
N	-37.959	24.379	5.8	190
CA	-36.962	23.89	6.763	190
C	-37.245	22.452	7.213	190
N	-38.491	22.016	7.06	191
CA	-38.847	20.616	7.268	191
C	-39.586	20.114	6.032	191
N	-39.173	18.952	5.522	192
CA	-39.757	18.381	4.306	192
C	-39.796	16.86	4.379	192
N	-40.996	16.29	4.286	193
CA	-41.184	14.841	4.426	193
C	-40.59	14.331	5.731	193
N	-40.65	15.16	6.78	194
CA	-40.085	14.797	8.071	194
C	-38.563	14.849	8.112	194
N	-37.957	15.458	7.096	195
CA	-36.509	15.634	7.059	195
C	-36.175	17.103	7.301	195
N	-35.419	17.361	8.363	196
CA	-35.103	18.734	8.763	196
C	-33.791	19.241	8.168	196
N	-33.774	20.508	7.78	197
CA	-32.521	21.179	7.473	197
C	-31.689	21.202	8.762	197
N	-30.383	20.878	8.673	198
CA	-29.498	20.935	9.837	198
C	-29.684	22.258	10.577	198
N	-30.033	22.19	11.872	199
CA	-30.421	23.383	12.635	199
C	-29.359	24.484	12.614	199
N	-28.087	24.113	12.49	200
CA	-27.018	25.106	12.472	200
C	-27.233	26.09	11.317	200
N	-27.743	25.605	10.182	201
CA	-27.92	26.471	9.013	201
C	-29.038	27.482	9.21	201
N	-29.902	27.232	10.192	202
CA	-31.002	28.143	10.485	202
C	-30.612	29.096	11.605	202
N	-29.478	28.829	12.248	203
CA	-29.06	29.565	13.446	203
C	-28.511	30.964	13.155	203
N	-28.049	31.196	11.931	204
CA	-27.523	32.502	11.568	204
C	-26.147	32.812	12.134	204
N	-25.523	31.819	12.76	205
CA	-24.169	31.971	13.294	205
C	-23.152	31.599	12.216	205
N	-22.561	32.609	11.581	206
CA	-21.62	32.398	10.477	206
C	-20.47	31.467	10.837	206
N	-19.849	31.694	11.991	207
CA	-18.704	30.886	12.395	207
C	-19.1	29.422	12.58	207
N	-20.236	29.188	13.23	208
CA	-20.717	27.828	13.428	208
C	-21.103	27.193	12.087	208
N	-21.726	27.983	11.215	209
CA	-22.114	27.528	9.881	209
C	-20.894	27.227	9.021	209
N	-19.926	28.135	9.031	210
CA	-18.682	27.915	8.302	210
C	-17.987	26.641	8.791	210
N	-18.002	26.428	10.105	211
CA	-17.358	25.259	10.693	211
C	-18.072	23.963	10.315	211
N	-19.399	23.967	10.402	212
CA	-20.181	22.784	10.06	212
C	-19.979	22.404	8.597	212
N	-19.99	23.409	7.726	213
CA	-19.796	23.172	6.299	213
C	-18.387	22.654	6.005	213
N	-17.403	23.122	6.766	214
CA	-16.048	22.61	6.601	214
C	-16.014	21.137	6.977	214
N	-16.612	20.815	8.119	215
CA	-16.674	19.436	8.584	215
C	-17.396	18.547	7.572	215
N	-18.502	19.034	7.012	216
CA	-19.25	18.243	6.033	216
C	-18.415	17.961	4.785	216
N	-17.732	18.994	4.314	217
CA	-16.86	18.903	3.147	217
C	-15.715	17.914	3.366	217
N	-15.089	17.987	4.535	218
CA	-13.968	17.092	4.835	218
C	-14.47	15.648	4.915	218
N	-15.604	15.468	5.575	219
CA	-16.223	14.158	5.722	219
C	-16.598	13.568	4.351	219
N	-17.143	14.406	3.48	220
CA	-17.517	13.969	2.144	220
C	-16.289	13.642	1.29	220
N	-15.228	14.424	1.45	221
CA	-14.019	14.191	0.673	221
C	-13.356	12.871	1.078	221
N	-13.26	12.624	2.381	222
CA	-12.73	11.362	2.897	222
C	-13.479	10.144	2.353	222
N	-14.803	10.23	2.375	223
CA	-15.671	9.144	1.951	223
C	-15.634	8.905	0.443	223
N	-15.758	9.978	-0.327	224
CA	-15.923	9.839	-1.769	224
C	-14.664	10.022	-2.594	224
N	-13.75	10.877	-2.136	225
CA	-12.554	11.172	-2.908	225
C	-11.321	11.211	-2.01	225
N	-11.003	10.079	-1.357	226
CA	-9.896	10.093	-0.39	226
C	-8.567	10.491	-1.035	226
N	-8.475	10.298	-2.348	227
CA	-7.266	10.659	-3.082	227
C	-6.977	12.164	-2.989	227
N	-8.027	12.988	-2.942	228
CA	-7.839	14.443	-2.878	228
C	-7.126	14.896	-1.601	228
N	-7.179	14.067	-0.564	229
CA	-6.499	14.374	0.696	229
C	-5.264	13.504	0.879	229
N	-4.862	12.811	-0.183	230
CA	-3.64	12.022	-0.139	230
C	-3.801	10.664	0.513	230
N	-4.972	10.054	0.362	231
CA	-5.16	8.695	0.865	231
C	-5.428	7.704	-0.263	231
N	-5.276	6.421	0.043	232
CA	-5.504	5.361	-0.943	232
C	-6.938	5.354	-1.453	232
N	-7.087	5.068	-2.742	233
CA	-8.396	4.922	-3.365	233
C	-8.992	3.555	-3.032	233
N	-10.33	3.474	-2.96	234
CA	-11.032	2.234	-2.602	234
C	-10.731	1.074	-3.548	234
N	-11.009	-0.296	-2.965	235
CA	-10.969	-1.899	-2.624	235
C	-10.014	-3.195	-2.057	235
N	-10.381	-4.406	-1.275	236
CA	-10.014	-5.776	-0.492	236
C	-9.547	-7.362	-0.552	236
N	-9.072	-8.364	0.436	237
CA	-8.728	-9.904	0.869	237
C	-9.1	-11.528	1.015	237
N	-8.769	-12.781	1.734	238
CA	-8.478	-13.681	2.933	238
C	-8.022	-15.189	3.392	238
N	-7.622	-16.585	3.256	239
CA	-7.641	-17.895	4.172	239
C	-7.085	-19.428	4.179	239
N	-7.288	-20.517	5.095	240
CA	-6.387	-21.662	5.646	240
C	-6.299	-23.068	6.451	240
N	-7.185	-24.004	7.068	241
CA	-7.199	-25.546	7.284	241
C	-6.696	-26.653	8.35	241
N	-6.17	-27.91	7.965	242
CA	-5.876	-29.304	8.503	242
C	-6.806	-30.508	8.976	242
N	-6.222	-31.76	9.291	243
CA	-6.635	-33.183	9.638	243
C	-5.434	-34.022	10.164	243
N	-5.513	-35.223	10.816	244
CA	-5.709	-36.672	10.639	244
C	-4.514	-37.476	10.148	244
