ATOM	X	Y	Z	RESIDUE
N	1.021	-25.0	12.341	1
CA	-0.455	-24.931	12.247	1
C	-0.742	-24.198	10.949	1
N	-1.659	-24.665	10.1	2
CA	-1.988	-23.923	8.88	2
C	-2.696	-22.611	9.256	2
N	-2.385	-21.519	8.557	3
CA	-3.124	-20.264	8.688	3
C	-4.591	-20.447	8.237	3
N	-5.483	-19.504	8.559	4
CA	-6.917	-19.631	8.257	4
C	-7.166	-19.926	6.775	4
N	-6.548	-19.153	5.88	5
CA	-6.732	-19.302	4.437	5
C	-6.369	-20.706	3.922	5
N	-5.295	-21.305	4.44	6
CA	-4.84	-22.638	4.042	6
C	-5.598	-23.787	4.731	6
N	-6.562	-23.49	5.611	7
CA	-7.541	-24.486	6.096	7
C	-8.779	-24.6	5.2	7
N	-8.993	-23.634	4.302	8
CA	-10.146	-23.586	3.407	8
C	-9.96	-24.524	2.206	8
N	-11.061	-25.046	1.657	9
CA	-10.999	-25.715	0.35	9
C	-10.87	-24.692	-0.792	9
N	-10.417	-25.146	-1.966	10
CA	-10.174	-24.29	-3.136	10
C	-11.356	-23.371	-3.491	10
N	-12.596	-23.877	-3.439	11
CA	-13.788	-23.065	-3.742	11
C	-13.939	-21.896	-2.766	11
N	-13.69	-22.127	-1.479	12
CA	-13.733	-21.078	-0.46	12
C	-12.557	-20.111	-0.602	12
N	-11.36	-20.608	-0.921	13
CA	-10.189	-19.769	-1.179	13
C	-10.461	-18.775	-2.314	13
N	-10.921	-19.27	-3.467	14
CA	-11.264	-18.437	-4.623	14
C	-12.404	-17.458	-4.316	14
N	-13.428	-17.883	-3.569	15
CA	-14.527	-16.998	-3.183	15
C	-14.082	-15.864	-2.242	15
N	-13.092	-16.118	-1.385	16
CA	-12.56	-15.129	-0.452	16
C	-11.604	-14.155	-1.153	16
N	-10.661	-14.652	-1.965	17
CA	-9.754	-13.831	-2.787	17
C	-10.523	-12.973	-3.798	17
N	-11.538	-13.569	-4.421	18
CA	-12.412	-12.923	-5.39	18
C	-13.503	-12.045	-4.772	18
N	-13.445	-11.715	-3.474	19
CA	-14.446	-10.842	-2.854	19
C	-13.996	-9.39	-2.941	19
N	-14.549	-8.66	-3.901	20
CA	-14.4	-7.215	-4.002	20
C	-15.591	-6.617	-4.76	20
N	-16.192	-5.544	-4.241	21
CA	-17.074	-4.674	-5.032	21
C	-16.971	-3.227	-4.58	21
N	-17.029	-2.305	-5.535	22
CA	-17.155	-0.883	-5.235	22
C	-18.571	-0.576	-4.745	22
N	-18.677	0.024	-3.565	23
CA	-19.955	0.319	-2.923	23
C	-20.51	1.667	-3.389	23
N	-21.832	1.747	-3.541	24
CA	-22.513	2.985	-3.924	24
C	-22.475	4.034	-2.807	24
N	-22.501	5.331	-3.148	25
CA	-22.575	6.411	-2.135	25
C	-23.869	6.347	-1.317	25
N	-24.949	5.892	-1.939	26
CA	-26.256	5.646	-1.329	26
C	-26.204	4.577	-0.229	26
N	-25.277	3.618	-0.317	27
CA	-25.054	2.623	0.736	27
C	-24.483	3.21	2.038	27
N	-24.025	4.467	2.01	28
CA	-23.497	5.227	3.148	28
C	-24.378	6.432	3.513	28
N	-25.635	6.476	3.053	29
CA	-26.561	7.578	3.345	29
C	-26.743	7.829	4.855	29
N	-26.656	6.768	5.658	30
CA	-26.769	6.81	7.118	30
C	-25.485	7.281	7.827	30
N	-24.392	7.487	7.086	31
CA	-23.099	7.9	7.619	31
C	-22.643	7.027	8.792	31
N	-22.255	7.67	9.895	32
CA	-21.801	7.002	11.116	32
C	-22.939	6.628	12.095	32
N	-24.212	6.814	11.719	33
CA	-25.348	6.755	12.657	33
C	-25.511	5.412	13.37	33
N	-25.161	4.286	12.734	34
CA	-25.231	2.965	13.377	34
C	-24.367	2.87	14.646	34
N	-23.274	3.64	14.715	35
CA	-22.376	3.694	15.871	35
C	-22.68	4.86	16.826	35
N	-23.64	5.736	16.518	36
CA	-23.995	6.835	17.417	36
C	-24.592	6.307	18.727	36
N	-24.155	6.886	19.847	37
CA	-24.544	6.451	21.193	37
C	-23.915	5.129	21.655	37
N	-23.185	4.42	20.783	38
CA	-22.398	3.236	21.144	38
C	-21.022	3.652	21.663	38
N	-20.498	2.904	22.633	39
CA	-19.141	3.086	23.163	39
C	-18.133	2.392	22.258	39
N	-17.258	3.169	21.631	40
CA	-16.164	2.659	20.804	40
C	-14.85	2.786	21.576	40
N	-14.183	1.656	21.804	41
CA	-12.922	1.592	22.551	41
C	-11.802	1.155	21.619	41
N	-10.838	2.04	21.375	42
CA	-9.659	1.743	20.56	42
C	-8.544	1.202	21.463	42
N	-7.982	0.053	21.102	43
CA	-6.818	-0.547	21.753	43
C	-5.577	-0.188	20.947	43
N	-4.724	0.657	21.529	44
CA	-3.54	1.206	20.863	44
C	-3.755	2.625	20.324	44
N	-2.836	3.533	20.658	45
CA	-2.847	4.932	20.204	45
C	-1.604	5.22	19.34	45
N	-1.393	4.354	18.342	46
CA	-0.395	4.528	17.283	46
C	-0.852	5.536	16.223	46
N	-0.25	5.494	15.031	47
CA	-0.619	6.389	13.929	47
C	-2.075	6.179	13.479	47
N	-2.463	4.946	13.136	48
CA	-3.852	4.618	12.788	48
C	-4.796	4.857	13.975	48
N	-4.425	4.359	15.164	49
CA	-5.204	4.51	16.397	49
C	-5.628	5.947	16.683	49
N	-4.656	6.861	16.772	50
CA	-4.919	8.266	17.079	50
C	-5.779	8.944	16.004	50
N	-5.39	8.804	14.736	51
CA	-5.984	9.564	13.639	51
C	-7.396	9.087	13.29	51
N	-7.646	7.775	13.324	52
CA	-9.003	7.254	13.192	52
C	-9.879	7.711	14.362	52
N	-9.389	7.647	15.606	53
CA	-10.156	8.117	16.761	53
C	-10.49	9.613	16.711	53
N	-9.586	10.457	16.194	54
CA	-9.858	11.878	15.93	54
C	-10.996	12.062	14.922	54
N	-10.955	11.356	13.792	55
CA	-12.001	11.448	12.773	55
C	-13.349	10.923	13.289	55
N	-13.337	9.803	14.016	56
CA	-14.539	9.194	14.583	56
C	-15.202	10.09	15.635	56
N	-14.415	10.719	16.519	57
CA	-14.921	11.72	17.472	57
C	-15.505	12.929	16.749	57
N	-14.804	13.446	15.741	58
CA	-15.279	14.583	14.947	58
C	-16.533	14.22	14.114	58
N	-16.786	12.924	13.887	59
CA	-18.027	12.374	13.314	59
C	-19.135	12.116	14.351	59
N	-18.922	12.484	15.619	60
CA	-19.916	12.391	16.692	60
C	-19.955	11.059	17.447	60
N	-18.93	10.209	17.32	61
CA	-18.85	8.937	18.049	61
C	-18.193	9.096	19.432	61
N	-18.601	8.26	20.394	62
CA	-18.005	8.189	21.737	62
C	-16.756	7.297	21.71	62
N	-15.584	7.939	21.696	63
CA	-14.278	7.295	21.533	63
C	-13.478	7.358	22.833	63
N	-12.948	6.211	23.249	64
CA	-11.965	6.114	24.333	64
C	-10.833	5.152	23.982	64
N	-9.7	5.268	24.678	65
CA	-8.53	4.422	24.446	65
C	-8.258	3.511	25.631	65
N	-8.2	2.21	25.366	66
CA	-7.748	1.231	26.338	66
C	-6.261	0.929	26.113	66
N	-5.447	1.112	27.152	67
CA	-3.996	0.929	27.109	67
C	-3.534	-0.021	28.22	67
N	-2.334	-0.588	28.051	68
CA	-1.66	-1.363	29.101	68
C	-1.438	-0.504	30.355	68
N	-1.516	-1.112	31.543	69
CA	-1.373	-0.422	32.843	69
C	-0.06	0.35	32.939	69
N	1.02	-0.232	32.432	70
CA	2.36	0.358	32.422	70
C	2.41	1.587	31.509	70
N	1.718	1.548	30.363	71
CA	1.655	2.686	29.449	71
C	0.959	3.903	30.08	71
N	-0.021	3.666	30.956	72
CA	-0.725	4.7	31.721	72
C	0.151	5.198	32.875	72
N	0.66	4.285	33.708	73
CA	1.447	4.614	34.896	73
C	2.724	5.398	34.55	73
N	3.419	4.993	33.486	74
CA	4.648	5.639	33.017	74
C	4.384	6.804	32.048	74
N	3.112	7.116	31.75	75
CA	2.71	8.158	30.789	75
C	3.462	8.024	29.461	75
N	3.452	6.82	28.878	76
CA	4.126	6.521	27.602	76
C	3.499	7.307	26.446	76
N	4.166	7.306	25.291	77
CA	3.763	8.091	24.121	77
C	2.294	7.88	23.701	77
N	1.772	6.65	23.762	78
CA	0.365	6.351	23.454	78
C	-0.613	7.021	24.423	78
N	-0.292	7.025	25.721	79
CA	-1.082	7.715	26.737	79
C	-1.08	9.222	26.483	79
N	0.105	9.818	26.272	80
CA	0.252	11.256	25.98	80
C	-0.559	11.662	24.756	80
N	-0.386	10.956	23.633	81
CA	-1.128	11.197	22.385	81
C	-2.64	11.207	22.604	81
N	-3.18	10.241	23.348	82
CA	-4.613	10.187	23.625	82
C	-5.068	11.325	24.561	82
N	-4.383	11.54	25.69	83
CA	-4.797	12.54	26.689	83
C	-4.606	13.978	26.222	83
N	-3.531	14.268	25.486	84
CA	-3.266	15.596	24.912	84
C	-4.293	15.956	23.829	84
N	-4.912	14.954	23.194	85
CA	-6.033	15.136	22.27	85
C	-7.414	15.065	22.954	85
N	-7.457	15.064	24.291	86
CA	-8.69	15.149	25.076	86
C	-9.513	13.861	25.135	86
N	-8.934	12.706	24.797	87
CA	-9.645	11.433	24.885	87
C	-9.637	10.855	26.299	87
N	-10.71	10.134	26.641	88
CA	-10.735	9.278	27.828	88
C	-9.772	8.106	27.628	88
N	-8.918	7.867	28.619	89
CA	-7.962	6.754	28.64	89
C	-8.176	5.921	29.896	89
N	-8.078	4.603	29.767	90
CA	-8.202	3.662	30.876	90
C	-7.543	2.326	30.56	90
N	-7.533	1.445	31.547	91
CA	-7.052	0.066	31.415	91
C	-8.029	-0.792	30.607	91
N	-7.591	-1.988	30.203	92
CA	-8.462	-2.95	29.525	92
C	-9.665	-3.312	30.403	92
N	-9.438	-3.543	31.692	93
CA	-10.466	-3.929	32.656	93
C	-11.486	-2.812	32.926	93
N	-11.086	-1.543	32.821	94
CA	-11.989	-0.406	33.035	94
C	-12.891	-0.122	31.828	94
N	-12.355	-0.226	30.606	95
CA	-13.037	0.253	29.398	95
C	-13.649	-0.858	28.542	95
N	-12.973	-2.001	28.379	96
CA	-13.422	-3.075	27.474	96
C	-14.796	-3.645	27.868	96
N	-15.122	-3.874	29.159	97
CA	-16.448	-4.375	29.544	97
C	-17.618	-3.46	29.163	97
N	-17.35	-2.179	28.898	98
CA	-18.371	-1.199	28.533	98
C	-18.517	-1.032	27.014	98
N	-17.533	-1.479	26.231	99
CA	-17.452	-1.249	24.794	99
C	-18.557	-1.992	24.03	99
N	-19.206	-1.314	23.086	100
CA	-20.028	-1.941	22.044	100
C	-19.162	-2.411	20.873	100
N	-18.134	-1.626	20.542	101
CA	-17.133	-1.93	19.529	101
C	-15.744	-1.728	20.136	101
N	-14.943	-2.786	20.146	102
CA	-13.516	-2.741	20.472	102
C	-12.744	-2.737	19.163	102
N	-11.847	-1.78	18.948	103
CA	-11.031	-1.705	17.73	103
C	-9.573	-1.943	18.102	103
N	-8.986	-3.043	17.64	104
CA	-7.579	-3.338	17.866	104
C	-6.719	-2.699	16.77	104
N	-5.962	-1.663	17.141	105
CA	-5.019	-0.936	16.28	105
C	-3.608	-0.961	16.887	105
N	-3.274	-2.068	17.552	106
CA	-1.898	-2.367	17.962	106
C	-1.105	-2.93	16.774	106
N	0.236	-2.989	16.824	107
CA	1.01	-3.644	15.766	107
C	0.652	-5.131	15.632	107
N	0.784	-5.713	14.435	108
CA	0.396	-7.11	14.163	108
C	1.028	-8.118	15.125	108
N	2.316	-7.936	15.441	109
CA	3.052	-8.747	16.423	109
C	2.384	-8.785	17.805	109
N	1.64	-7.741	18.172	110
CA	0.939	-7.628	19.456	110
C	-0.524	-8.084	19.38	110
N	-1.083	-8.296	18.18	111
CA	-2.504	-8.595	18.009	111
C	-2.949	-9.799	18.84	111
N	-2.267	-10.943	18.746	112
CA	-2.685	-12.175	19.433	112
C	-2.751	-12.008	20.954	112
N	-1.713	-11.432	21.565	113
CA	-1.661	-11.229	23.019	113
C	-2.731	-10.239	23.487	113
N	-2.927	-9.159	22.727	114
CA	-3.961	-8.16	23.004	114
C	-5.346	-8.785	22.887	114
N	-5.64	-9.461	21.777	115
CA	-6.948	-10.061	21.484	115
C	-7.311	-11.107	22.532	115
N	-6.383	-11.997	22.901	116
CA	-6.598	-12.995	23.966	116
C	-6.836	-12.367	25.336	116
N	-6.256	-11.195	25.595	117
CA	-6.446	-10.463	26.855	117
C	-7.779	-9.715	26.894	117
N	-8.168	-9.044	25.804	118
CA	-9.396	-8.231	25.774	118
C	-10.643	-9.079	25.571	118
N	-10.546	-10.185	24.831	119
CA	-11.691	-11.015	24.475	119
C	-12.481	-11.507	25.706	119
N	-11.874	-12.022	26.797	120
CA	-12.611	-12.381	28.013	120
C	-13.33	-11.209	28.696	120
N	-12.856	-9.976	28.496	121
CA	-13.423	-8.763	29.091	121
C	-14.572	-8.18	28.259	121
N	-14.692	-8.561	26.985	122
CA	-15.742	-8.064	26.096	122
C	-17.111	-8.598	26.52	122
N	-18.12	-7.722	26.515	123
CA	-19.514	-8.097	26.783	123
C	-20.088	-8.983	25.672	123
N	-21.116	-9.752	26.02	124
CA	-21.847	-10.599	25.075	124
C	-22.416	-9.771	23.916	124
N	-22.18	-10.232	22.689	125
CA	-22.694	-9.577	21.495	125
C	-22.035	-8.236	21.151	125
N	-20.852	-7.935	21.695	126
CA	-20.022	-6.815	21.249	126
C	-19.381	-7.092	19.878	126
N	-18.748	-6.075	19.297	127
CA	-17.966	-6.21	18.077	127
C	-16.463	-6.0	18.314	127
N	-15.639	-6.688	17.524	128
CA	-14.19	-6.537	17.436	128
C	-13.812	-6.059	16.028	128
N	-13.069	-4.962	15.948	129
CA	-12.615	-4.337	14.712	129
C	-11.105	-4.449	14.517	129
N	-10.678	-4.641	13.27	130
CA	-9.28	-4.547	12.829	130
C	-9.13	-3.532	11.691	130
N	-7.938	-2.952	11.532	131
CA	-7.584	-2.208	10.306	131
C	-6.682	-2.964	9.342	131
N	-6.311	-4.19	9.697	132
CA	-5.615	-5.134	8.839	132
C	-5.967	-6.556	9.292	132
N	-6.249	-7.459	8.354	133
CA	-6.798	-8.779	8.665	133
C	-5.793	-9.826	9.169	133
N	-4.498	-9.499	9.296	134
CA	-3.405	-10.458	9.541	134
C	-3.685	-11.455	10.67	134
N	-4.192	-10.985	11.813	135
CA	-4.427	-11.847	12.974	135
C	-5.521	-12.904	12.73	135
N	-6.53	-12.577	11.925	136
CA	-7.573	-13.532	11.542	136
C	-7.051	-14.479	10.458	136
N	-6.338	-13.958	9.455	137
CA	-5.969	-14.731	8.259	137
C	-4.687	-15.538	8.443	137
N	-3.598	-14.902	8.876	138
CA	-2.262	-15.509	8.963	138
C	-2.036	-16.248	10.281	138
N	-2.522	-15.696	11.397	139
CA	-2.433	-16.381	12.698	139
C	-3.55	-17.417	12.863	139
N	-4.729	-17.175	12.28	140
CA	-5.908	-18.021	12.49	140
C	-6.528	-17.853	13.881	140
N	-6.403	-16.66	14.477	141
CA	-6.868	-16.386	15.838	141
C	-8.373	-16.653	15.98	141
N	-8.747	-17.36	17.047	142
CA	-10.123	-17.799	17.253	142
C	-10.872	-16.79	18.12	142
N	-11.932	-16.211	17.558	143
CA	-12.768	-15.233	18.255	143
C	-14.03	-15.896	18.814	143
N	-14.423	-15.555	20.057	144
CA	-15.678	-16.057	20.658	144
C	-16.848	-15.84	19.698	144
N	-17.732	-16.832	19.602	145
CA	-18.817	-16.857	18.609	145
C	-19.926	-15.826	18.856	145
N	-19.977	-15.211	20.038	146
CA	-20.878	-14.092	20.332	146
C	-20.393	-12.751	19.765	146
N	-19.101	-12.632	19.451	147
CA	-18.501	-11.375	19.006	147
C	-18.621	-11.253	17.488	147
N	-19.138	-10.114	17.029	148
CA	-19.112	-9.72	15.615	148
C	-17.714	-9.225	15.241	148
N	-17.094	-9.741	14.182	149
CA	-15.737	-9.35	13.764	149
C	-15.785	-8.617	12.427	149
N	-15.27	-7.389	12.414	150
CA	-15.275	-6.493	11.251	150
C	-13.884	-5.945	10.965	150
N	-13.681	-5.476	9.743	151
CA	-12.463	-4.798	9.33	151
C	-12.802	-3.531	8.563	151
N	-12.048	-2.474	8.843	152
CA	-12.036	-1.219	8.091	152
C	-10.573	-0.831	7.914	152
N	-10.085	-0.952	6.682	153
CA	-8.69	-0.782	6.291	153
C	-8.549	0.431	5.351	153
N	-8.258	1.633	5.884	154
CA	-7.865	2.778	5.068	154
C	-6.558	2.467	4.322	154
N	-6.527	2.654	2.999	155
CA	-5.371	2.353	2.129	155
C	-4.375	3.512	2.091	155
N	-3.829	3.832	3.264	156
CA	-2.791	4.84	3.447	156
C	-2.175	4.814	4.862	156
N	-1.059	5.542	5.076	157
CA	-0.551	5.828	6.412	157
C	-1.559	6.588	7.287	157
N	-1.579	6.285	8.59	158
CA	-2.562	6.849	9.525	158
C	-2.588	8.383	9.597	158
N	-1.472	9.068	9.327	159
CA	-1.441	10.54	9.254	159
C	-2.293	11.073	8.105	159
N	-2.249	10.422	6.944	160
CA	-2.985	10.844	5.749	160
C	-4.498	10.64	5.918	160
N	-4.916	9.619	6.685	161
CA	-6.324	9.428	7.095	161
C	-6.879	10.696	7.756	161
N	-6.081	11.367	8.597	162
CA	-6.493	12.608	9.265	162
C	-6.42	13.815	8.341	162
N	-5.351	13.947	7.563	163
CA	-5.168	15.101	6.678	163
C	-6.272	15.185	5.615	163
N	-6.618	14.076	4.956	164
CA	-7.705	14.055	3.968	164
C	-9.084	14.281	4.599	164
N	-9.313	13.755	5.805	165
CA	-10.559	13.989	6.534	165
C	-10.784	15.474	6.838	165
N	-9.755	16.179	7.333	166
CA	-9.827	17.625	7.619	166
C	-10.117	18.458	6.368	166
N	-9.733	17.973	5.184	167
CA	-9.994	18.638	3.894	167
C	-11.442	18.475	3.413	167
N	-12.235	17.671	4.125	168
CA	-13.605	17.309	3.773	168
C	-13.684	16.102	2.841	168
N	-12.588	15.359	2.684	169
CA	-12.526	14.14	1.889	169
C	-12.314	12.937	2.822	169
N	-11.654	11.904	2.321	170
CA	-11.207	10.735	3.056	170
C	-10.169	9.999	2.225	170
N	-9.863	8.774	2.609	171
CA	-8.965	7.905	1.847	171
C	-9.729	6.663	1.418	171
N	-9.432	6.085	0.248	172
CA	-10.053	4.833	-0.14	172
C	-9.88	3.776	0.943	172
N	-10.935	3.007	1.169	173
CA	-11.03	2.124	2.331	173
C	-11.618	0.79	1.905	173
N	-11.046	-0.316	2.374	174
CA	-11.697	-1.621	2.282	174
C	-12.439	-1.918	3.579	174
N	-13.615	-2.527	3.464	175
CA	-14.355	-3.042	4.613	175
C	-14.673	-4.518	4.441	175
N	-14.669	-5.27	5.537	176
CA	-15.059	-6.673	5.526	176
C	-15.753	-7.083	6.826	176
N	-16.497	-8.181	6.741	177
CA	-17.093	-8.884	7.88	177
C	-16.545	-10.3	7.869	177
N	-16.065	-10.781	9.013	178
CA	-15.571	-12.146	9.122	178
C	-16.76	-13.118	9.057	178
N	-16.839	-14.018	8.058	179
CA	-18.039	-14.832	7.851	179
C	-18.399	-15.754	9.02	179
N	-17.428	-16.125	9.857	180
CA	-17.654	-17.023	10.997	180
C	-18.039	-16.303	12.297	180
N	-18.063	-14.968	12.282	181
CA	-18.259	-14.117	13.451	181
C	-19.143	-12.912	13.091	181
N	-20.409	-13.17	12.762	182
CA	-21.454	-12.139	12.653	182
C	-22.81	-12.68	13.152	182
N	-22.916	-13.058	14.442	183
CA	-24.075	-13.788	14.972	183
C	-25.395	-13.007	14.892	183
N	-25.325	-11.675	14.788	184
CA	-26.485	-10.777	14.708	184
C	-26.742	-10.243	13.294	184
N	-25.876	-10.548	12.322	185
CA	-25.969	-10.008	10.961	185
C	-25.775	-8.489	10.89	185
N	-25.026	-7.908	11.831	186
CA	-24.839	-6.457	11.951	186
C	-23.454	-5.978	11.508	186
N	-22.535	-6.901	11.203	187
CA	-21.146	-6.574	10.894	187
C	-21.008	-5.551	9.768	187
N	-21.826	-5.659	8.717	188
CA	-21.76	-4.72	7.594	188
C	-22.209	-3.307	7.992	188
N	-23.216	-3.18	8.86	189
CA	-23.67	-1.88	9.352	189
C	-22.604	-1.214	10.24	189
N	-21.925	-2.004	11.079	190
CA	-20.793	-1.55	11.898	190
C	-19.638	-1.075	11.009	190
N	-19.228	-1.89	10.035	191
CA	-18.101	-1.579	9.162	191
C	-18.374	-0.337	8.296	191
N	-19.592	-0.208	7.744	192
CA	-20.02	0.989	7.004	192
C	-19.978	2.245	7.869	192
N	-20.511	2.184	9.089	193
CA	-20.522	3.332	9.988	193
C	-19.114	3.743	10.441	193
N	-18.208	2.787	10.664	194
CA	-16.81	3.086	10.979	194
C	-16.061	3.673	9.766	194
N	-16.216	3.112	8.562	195
CA	-15.665	3.699	7.333	195
C	-16.237	5.099	7.04	195
N	-17.509	5.336	7.366	196
CA	-18.105	6.658	7.262	196
C	-17.49	7.643	8.267	196
N	-17.325	7.208	9.518	197
CA	-16.763	8.003	10.607	197
C	-15.282	8.368	10.405	197
N	-14.537	7.577	9.632	198
CA	-13.158	7.902	9.229	198
C	-13.086	8.72	7.937	198
N	-14.217	8.936	7.254	199
CA	-14.319	9.687	6.0	199
C	-14.149	8.853	4.728	199
N	-13.831	7.558	4.825	200
CA	-13.484	6.707	3.679	200
C	-14.544	6.65	2.573	200
N	-15.829	6.632	2.943	201
CA	-16.969	6.707	2.009	201
C	-16.951	7.902	1.035	201
N	-16.251	8.997	1.365	202
CA	-16.12	10.169	0.482	202
C	-15.138	9.919	-0.661	202
N	-14.128	9.082	-0.426	203
CA	-13.142	8.69	-1.428	203
C	-13.559	7.436	-2.208	203
N	-14.254	6.513	-1.547	204
CA	-14.713	5.254	-2.121	204
C	-14.44	4.098	-1.171	204
N	-15.398	3.175	-1.078	205
CA	-15.271	1.987	-0.232	205
C	-15.435	0.734	-1.072	205
N	-14.501	-0.196	-0.898	206
CA	-14.607	-1.548	-1.421	206
C	-15.142	-2.482	-0.334	206
N	-16.218	-3.21	-0.626	207
CA	-16.574	-4.378	0.176	207
C	-15.649	-5.532	-0.218	207
N	-14.795	-5.947	0.713	208
CA	-13.786	-6.99	0.549	208
C	-14.07	-8.21	1.439	208
N	-13.107	-9.123	1.502	209
CA	-12.957	-10.092	2.583	209
C	-11.684	-9.817	3.386	209
N	-11.585	-10.409	4.58	210
CA	-10.336	-10.404	5.349	210
C	-9.179	-11.007	4.542	210
N	-9.439	-12.079	3.788	211
CA	-8.416	-12.754	2.98	211
C	-7.974	-11.88	1.813	211
N	-8.912	-11.344	1.027	212
CA	-8.58	-10.528	-0.137	212
C	-7.738	-9.321	0.275	212
N	-8.137	-8.624	1.347	213
CA	-7.362	-7.51	1.895	213
C	-5.962	-7.946	2.325	213
N	-5.821	-8.943	3.205	214
CA	-4.496	-9.362	3.697	214
C	-3.582	-9.802	2.56	214
N	-4.093	-10.587	1.608	215
CA	-3.262	-11.131	0.529	215
C	-2.838	-10.05	-0.464	215
N	-3.715	-9.096	-0.784	216
CA	-3.37	-7.999	-1.689	216
C	-2.452	-6.974	-1.021	216
N	-2.738	-6.622	0.232	217
CA	-1.979	-5.663	1.042	217
C	-0.529	-6.129	1.238	217
N	-0.334	-7.367	1.717	218
CA	1.001	-7.948	1.889	218
C	1.805	-7.991	0.584	218
N	1.146	-8.213	-0.558	219
CA	1.807	-8.25	-1.863	219
C	2.221	-6.848	-2.317	219
N	1.325	-5.867	-2.184	220
CA	1.605	-4.465	-2.485	220
C	2.777	-3.935	-1.663	220
N	2.704	-4.079	-0.335	221
CA	3.727	-3.622	0.614	221
C	5.091	-4.276	0.354	221
N	5.127	-5.598	0.149	222
CA	6.374	-6.313	-0.138	222
C	7.045	-5.84	-1.419	222
N	6.261	-5.594	-2.466	223
CA	6.786	-5.436	-3.821	223
C	6.806	-3.98	-4.256	223
N	5.807	-3.508	-4.997	224
CA	5.852	-2.195	-5.637	224
C	5.791	-1.031	-4.644	224
N	5.01	-1.135	-3.563	225
CA	4.795	-0.009	-2.652	225
C	6.054	0.335	-1.858	225
N	6.764	-0.66	-1.319	226
CA	7.971	-0.427	-0.517	226
C	9.218	-1.06	-1.148	226
N	9.174	-2.359	-1.458	227
CA	10.31	-3.132	-1.976	227
C	10.995	-2.533	-3.206	227
N	10.217	-2.131	-4.21	228
CA	10.704	-1.528	-5.45	228
C	11.192	-0.102	-5.242	228
N	10.532	0.695	-4.396	229
CA	11.033	2.028	-4.056	229
C	12.373	1.933	-3.318	229
N	12.529	0.961	-2.419	230
CA	13.788	0.706	-1.726	230
C	14.875	0.211	-2.681	230
N	14.617	-0.869	-3.421	231
CA	15.577	-1.418	-4.376	231
C	15.964	-0.383	-5.442	231
N	14.976	0.322	-5.994	232
CA	15.17	1.381	-6.974	232
C	15.986	2.543	-6.419	232
N	15.735	2.976	-5.177	233
CA	16.503	4.066	-4.558	233
C	17.981	3.715	-4.441	233
N	18.28	2.507	-3.958	234
CA	19.652	2.033	-3.787	234
C	20.359	1.875	-5.14	234
N	19.732	1.178	-6.093	235
CA	20.31	0.932	-7.418	235
C	20.529	2.224	-8.21	235
N	19.546	3.128	-8.222	236
CA	19.649	4.372	-8.98	236
C	20.678	5.32	-8.359	236
N	20.715	5.428	-7.027	237
CA	21.716	6.244	-6.348	237
C	23.136	5.73	-6.616	237
N	23.378	4.433	-6.402	238
CA	24.695	3.824	-6.613	238
C	25.162	4.016	-8.062	238
N	24.265	3.814	-9.037	239
CA	24.556	4.005	-10.464	239
C	24.914	5.452	-10.806	239
N	24.177	6.427	-10.272	240
CA	24.465	7.847	-10.492	240
C	25.858	8.22	-9.979	240
N	26.207	7.768	-8.772	241
CA	27.515	8.03	-8.158	241
C	28.634	7.317	-8.918	241
N	28.423	6.063	-9.327	242
CA	29.361	5.302	-10.162	242
C	29.678	6.034	-11.479	242
N	28.68	6.673	-12.096	243
CA	28.838	7.455	-13.331	243
C	29.361	8.889	-13.12	243
N	29.751	9.239	-11.892	244
CA	30.368	10.523	-11.558	244
C	29.38	11.662	-11.305	244
N	28.107	11.354	-11.049	245
CA	27.141	12.348	-10.561	245
C	27.507	12.755	-9.136	245
N	27.401	14.05	-8.828	246
CA	27.572	14.547	-7.463	246
C	26.619	13.811	-6.494	246
N	27.115	13.209	-5.393	247
CA	26.279	12.432	-4.481	247
C	25.124	13.219	-3.864	247
N	25.291	14.521	-3.605	248
CA	24.2	15.323	-3.067	248
C	23.091	15.467	-4.117	248
N	23.46	15.838	-5.345	249
CA	22.501	15.953	-6.441	249
C	21.806	14.616	-6.737	249
N	22.566	13.517	-6.792	250
CA	22.037	12.176	-7.023	250
C	21.006	11.798	-5.958	250
N	21.327	12.032	-4.687	251
CA	20.407	11.786	-3.585	251
C	19.098	12.552	-3.755	251
N	19.157	13.872	-3.97	252
CA	17.943	14.68	-4.131	252
C	17.119	14.258	-5.344	252
N	17.783	13.925	-6.455	253
CA	17.122	13.444	-7.667	253
C	16.299	12.183	-7.374	253
N	16.85	11.237	-6.609	254
CA	16.153	10.0	-6.238	254
C	15.086	10.256	-5.167	254
N	15.43	10.967	-4.088	255
CA	14.55	11.212	-2.944	255
C	13.223	11.861	-3.366	255
N	13.295	12.952	-4.13	256
CA	12.117	13.701	-4.582	256
C	11.598	13.232	-5.945	256
N	12.404	12.471	-6.691	257
CA	12.0	11.901	-7.969	257
C	10.852	10.915	-7.812	257
N	10.885	10.04	-6.799	258
CA	9.785	9.1	-6.555	258
C	8.452	9.811	-6.326	258
N	8.407	10.808	-5.439	259
CA	7.205	11.62	-5.19	259
C	6.731	12.309	-6.477	259
N	7.637	13.01	-7.165	260
CA	7.294	13.793	-8.362	260
C	6.76	12.913	-9.498	260
N	7.388	11.758	-9.731	261
CA	7.001	10.808	-10.78	261
C	5.667	10.139	-10.435	261
N	5.521	9.641	-9.205	262
CA	4.344	8.855	-8.808	262
C	3.093	9.713	-8.623	262
N	3.202	11.008	-8.305	263
CA	2.035	11.907	-8.249	263
C	1.284	11.979	-9.599	263
N	1.962	11.751	-10.734	264
CA	1.299	11.642	-12.037	264
C	0.322	10.448	-12.112	264
N	0.627	9.334	-11.433	265
CA	-0.236	8.147	-11.384	265
C	-1.594	8.465	-10.757	265
N	-1.6	9.319	-9.729	266
CA	-2.815	9.735	-9.026	266
C	-3.809	10.428	-9.956	266
N	-3.306	11.246	-10.879	267
CA	-4.135	12.059	-11.77	267
C	-4.551	11.309	-13.039	267
N	-3.685	10.455	-13.588	268
CA	-3.946	9.839	-14.89	268
C	-3.311	8.475	-15.114	268
N	-2.924	7.776	-14.047	269
CA	-2.326	6.447	-14.129	269
C	-0.955	6.442	-14.803	269
N	-0.541	5.257	-15.246	270
CA	0.7	5.04	-15.995	270
C	0.684	5.88	-17.274	270
N	-0.483	6.048	-17.912	271
CA	-0.61	6.864	-19.127	271
C	-0.091	8.28	-18.9	271
N	-0.559	8.977	-17.856	272
CA	-0.102	10.344	-17.597	272
C	1.373	10.392	-17.196	272
N	1.845	9.448	-16.377	273
CA	3.264	9.367	-16.013	273
C	4.155	9.235	-17.258	273
N	3.791	8.356	-18.194	274
CA	4.53	8.155	-19.443	274
C	4.367	9.334	-20.414	274
N	3.221	10.019	-20.411	275
CA	2.96	11.206	-21.239	275
C	3.759	12.447	-20.803	275
N	4.378	12.425	-19.616	276
CA	5.328	13.457	-19.167	276
C	6.705	13.354	-19.825	276
N	6.999	12.258	-20.525	277
CA	8.267	12.038	-21.219	277
C	8.239	12.564	-22.658	277
N	9.404	12.987	-23.159	278
CA	9.609	13.186	-24.599	278
C	9.406	11.869	-25.363	278
N	9.111	11.922	-26.666	279
CA	8.866	10.699	-27.442	279
C	10.045	9.695	-27.407	279
N	11.325	10.104	-27.575	280
CA	12.456	9.188	-27.406	280
C	12.539	8.596	-25.993	280
N	12.345	9.425	-24.961	281
CA	12.371	8.987	-23.568	281
C	11.231	8.023	-23.234	281
N	10.026	8.248	-23.764	282
CA	8.878	7.35	-23.606	282
C	9.153	5.972	-24.206	282
N	9.688	5.921	-25.429	283
CA	10.056	4.658	-26.075	283
C	11.145	3.923	-25.285	283
N	12.13	4.659	-24.752	284
CA	13.186	4.079	-23.918	284
C	12.653	3.569	-22.579	284
N	11.86	4.365	-21.861	285
CA	11.221	3.968	-20.606	285
C	10.34	2.728	-20.793	285
N	9.572	2.665	-21.887	286
CA	8.778	1.485	-22.217	286
C	9.672	0.257	-22.427	286
N	10.703	0.35	-23.274	287
CA	11.613	-0.768	-23.533	287
C	12.33	-1.267	-22.265	287
N	12.802	-0.352	-21.41	288
CA	13.379	-0.696	-20.107	288
C	12.342	-1.368	-19.202	288
N	11.096	-0.882	-19.2	289
CA	10.037	-1.469	-18.378	289
C	9.73	-2.907	-18.787	289
N	9.702	-3.223	-20.084	290
CA	9.447	-4.593	-20.548	290
C	10.596	-5.544	-20.163	290
N	11.855	-5.092	-20.252	291
CA	13.012	-5.869	-19.773	291
C	12.957	-6.099	-18.259	291
N	12.623	-5.056	-17.495	292
CA	12.44	-5.153	-16.049	292
C	11.312	-6.13	-15.698	292
N	10.193	-6.117	-16.439	293
CA	9.101	-7.081	-16.245	293
C	9.581	-8.514	-16.439	293
N	10.31	-8.783	-17.521	294
CA	10.856	-10.114	-17.804	294
C	11.791	-10.602	-16.684	294
N	12.71	-9.748	-16.225	295
CA	13.69	-10.099	-15.186	295
C	13.017	-10.309	-13.823	295
N	12.065	-9.446	-13.459	296
CA	11.485	-9.418	-12.114	296
C	10.249	-10.306	-11.954	296
N	9.581	-10.735	-13.031	297
CA	8.364	-11.547	-12.936	297
C	8.507	-12.772	-12.007	297
N	9.587	-13.585	-12.077	298
CA	9.759	-14.709	-11.155	298
C	9.866	-14.286	-9.685	298
N	10.417	-13.099	-9.406	299
CA	10.515	-12.576	-8.045	299
C	9.137	-12.156	-7.519	299
N	8.352	-11.417	-8.308	300
CA	6.988	-11.029	-7.923	300
C	6.099	-12.258	-7.698	300
N	6.154	-13.233	-8.61	301
CA	5.432	-14.503	-8.486	301
C	5.83	-15.251	-7.214	301
N	7.135	-15.352	-6.923	302
CA	7.618	-15.995	-5.697	302
C	7.055	-15.333	-4.435	302
N	7.043	-14.002	-4.364	303
CA	6.482	-13.299	-3.207	303
C	4.989	-13.587	-3.042	303
N	4.229	-13.579	-4.138	304
CA	2.814	-13.932	-4.089	304
C	2.603	-15.388	-3.65	304
N	3.404	-16.328	-4.153	305
CA	3.359	-17.74	-3.758	305
C	3.683	-17.932	-2.265	305
N	4.696	-17.231	-1.747	306
CA	5.064	-17.246	-0.325	306
C	3.945	-16.648	0.554	306
N	3.244	-15.618	0.069	307
CA	2.087	-15.01	0.744	307
C	0.886	-15.965	0.737	307
N	0.548	-16.561	-0.41	308
CA	-0.584	-17.491	-0.559	308
C	-0.377	-18.734	0.31	308
N	0.816	-19.326	0.258	309
CA	1.17	-20.516	1.041	309
C	1.294	-20.256	2.548	309
N	1.477	-18.998	2.966	310
CA	1.74	-18.626	4.361	310
C	3.205	-18.798	4.78	310
N	4.11	-19.071	3.837	311
CA	5.55	-19.13	4.1	311
C	6.082	-17.767	4.564	311
N	5.633	-16.675	3.932	312
CA	6.002	-15.313	4.33	312
C	5.662	-15.038	5.804	312
N	4.401	-15.255	6.189	313
CA	3.919	-14.965	7.542	313
C	4.571	-15.877	8.578	313
N	4.783	-17.153	8.246	314
CA	5.551	-18.096	9.065	314
C	6.981	-17.602	9.324	314
N	7.699	-17.189	8.274	315
CA	9.065	-16.67	8.374	315
C	9.166	-15.375	9.184	315
N	8.192	-14.477	9.03	316
CA	8.104	-13.237	9.799	316
C	7.793	-13.498	11.278	316
N	6.799	-14.336	11.583	317
CA	6.457	-14.699	12.964	317
C	7.604	-15.435	13.67	317
N	8.411	-16.2	12.93	318
CA	9.637	-16.789	13.458	318
C	10.684	-15.722	13.826	318
N	10.782	-14.626	13.064	319
CA	11.645	-13.493	13.422	319
C	11.103	-12.726	14.635	319
N	9.78	-12.563	14.743	320
CA	9.146	-11.977	15.927	320
C	9.477	-12.738	17.212	320
N	9.461	-14.073	17.151	321
CA	9.837	-14.956	18.256	321
C	11.344	-14.926	18.572	321
N	12.149	-14.373	17.667	322
CA	13.589	-14.188	17.791	322
C	13.944	-12.692	17.928	322
N	13.096	-11.944	18.643	323
CA	13.282	-10.53	18.99	323
C	13.549	-9.605	17.785	323
N	12.881	-9.868	16.655	324
CA	12.959	-9.072	15.417	324
C	14.387	-8.973	14.854	324
N	15.224	-9.987	15.109	325
CA	16.656	-9.933	14.797	325
C	16.93	-9.607	13.33	325
N	16.232	-10.239	12.379	326
CA	16.433	-9.955	10.95	326
C	15.981	-8.538	10.63	326
N	14.756	-8.176	11.019	327
CA	14.199	-6.843	10.775	327
C	15.13	-5.735	11.286	327
N	15.577	-5.836	12.542	328
CA	16.463	-4.852	13.164	328
C	17.84	-4.797	12.494	328
N	18.374	-5.943	12.057	329
CA	19.642	-5.994	11.311	329
C	19.505	-5.262	9.977	329
N	18.469	-5.575	9.198	330
CA	18.24	-4.963	7.887	330
C	17.944	-3.465	7.974	330
N	17.239	-3.04	9.027	331
CA	17.003	-1.627	9.338	331
C	18.302	-0.885	9.628	331
N	19.178	-1.475	10.436	332
CA	20.492	-0.9	10.724	332
C	21.379	-0.835	9.468	332
N	21.383	-1.883	8.643	333
CA	22.133	-1.932	7.381	333
C	21.643	-0.872	6.388	333
N	20.325	-0.707	6.259	334
CA	19.714	0.287	5.364	334
C	20.092	1.707	5.767	334
N	20.065	2.016	7.069	335
CA	20.491	3.316	7.601	335
C	21.975	3.65	7.379	335
N	22.79	2.679	6.945	336
CA	24.215	2.853	6.614	336
C	24.484	2.911	5.11	336
N	23.455	2.81	4.271	337
CA	23.624	2.868	2.814	337
C	24.118	4.242	2.369	337
N	24.764	4.288	1.204	338
CA	25.292	5.533	0.663	338
C	24.164	6.531	0.341	338
N	22.995	6.044	-0.096	339
CA	21.797	6.867	-0.281	339
C	21.328	7.506	1.036	339
N	21.198	6.717	2.11	340
CA	20.756	7.234	3.414	340
C	21.758	8.207	4.042	340
N	23.051	8.061	3.75	341
CA	24.125	8.857	4.37	341
C	24.664	9.981	3.481	341
N	24.153	10.123	2.254	342
CA	24.596	11.143	1.311	342
C	24.34	12.576	1.825	342
N	25.219	13.541	1.488	343
CA	25.013	14.948	1.818	343
C	23.729	15.489	1.18	343
N	23.072	16.437	1.845	344
CA	21.861	17.064	1.32	344
C	22.206	18.094	0.236	344
N	21.515	18.049	-0.904	345
CA	21.688	19.045	-1.965	345
C	20.825	20.292	-1.764	345
N	21.488	21.446	-1.709	346
CA	20.85	22.749	-1.484	346
C	20.226	23.356	-2.754	346
N	20.681	22.953	-3.947	347
CA	20.168	23.474	-5.219	347
C	18.734	23.024	-5.525	347
N	18.048	23.711	-6.445	348
CA	16.702	23.324	-6.904	348
C	16.789	22.414	-8.133	348
N	15.945	21.386	-8.176	349
CA	15.696	20.544	-9.356	349
C	14.293	20.901	-9.851	349
N	14.148	21.199	-11.143	350
CA	12.839	21.523	-11.717	350
C	11.926	20.296	-11.774	350
N	10.605	20.475	-11.691	351
CA	9.657	19.344	-11.708	351
C	9.849	18.433	-12.935	351
N	9.951	19.024	-14.128	352
CA	10.14	18.27	-15.368	352
C	11.513	17.581	-15.439	352
N	12.522	18.101	-14.738	353
CA	13.865	17.519	-14.723	353
C	13.878	16.124	-14.08	353
N	13.001	15.858	-13.103	354
CA	12.829	14.513	-12.54	354
C	12.31	13.509	-13.574	354
N	11.456	13.941	-14.505	355
CA	11.001	13.088	-15.604	355
C	12.098	12.911	-16.652	355
N	12.739	14.01	-17.051	356
CA	13.748	14.002	-18.108	356
C	14.992	13.191	-17.714	356
N	15.375	13.199	-16.429	357
CA	16.547	12.479	-15.894	357
C	16.199	11.192	-15.142	357
N	14.915	10.866	-15.013	358
CA	14.401	9.713	-14.269	358
C	13.769	8.64	-15.155	358
N	14.2	8.496	-16.415	359
CA	13.638	7.524	-17.38	359
C	13.624	6.101	-16.806	359
N	14.704	5.684	-16.144	360
CA	14.795	4.398	-15.461	360
C	13.847	4.3	-14.26	360
N	13.722	5.357	-13.454	361
CA	12.8	5.374	-12.311	361
C	11.352	5.194	-12.785	361
N	10.977	5.854	-13.883	362
CA	9.663	5.709	-14.522	362
C	9.468	4.287	-15.06	362
N	10.499	3.702	-15.676	363
CA	10.466	2.317	-16.138	363
C	10.285	1.321	-14.978	363
N	10.966	1.539	-13.845	364
CA	10.815	0.746	-12.619	364
C	9.405	0.863	-12.035	364
N	8.844	2.078	-11.979	365
CA	7.462	2.301	-11.529	365
C	6.481	1.581	-12.448	365
N	6.558	1.777	-13.773	366
CA	5.669	1.08	-14.719	366
C	5.77	-0.439	-14.55	366
N	6.982	-0.994	-14.606	367
CA	7.196	-2.437	-14.545	367
C	6.684	-3.043	-13.235	367
N	7.007	-2.428	-12.096	368
CA	6.605	-2.953	-10.798	368
C	5.109	-2.79	-10.515	368
N	4.489	-1.686	-10.951	369
CA	3.031	-1.49	-10.858	369
C	2.296	-2.555	-11.672	369
N	2.71	-2.777	-12.922	370
CA	2.098	-3.79	-13.785	370
C	2.315	-5.201	-13.227	370
N	3.539	-5.565	-12.822	371
CA	3.818	-6.891	-12.258	371
C	3.05	-7.166	-10.966	371
N	2.968	-6.198	-10.048	372
CA	2.194	-6.36	-8.819	372
C	0.714	-6.595	-9.139	372
N	0.154	-5.786	-10.042	373
CA	-1.228	-5.916	-10.487	373
C	-1.495	-7.274	-11.149	373
N	-0.704	-7.635	-12.16	374
CA	-0.83	-8.881	-12.925	374
C	-0.715	-10.1	-12.004	374
N	0.304	-10.134	-11.139	375
CA	0.55	-11.267	-10.23	375
C	-0.59	-11.458	-9.221	375
N	-1.151	-10.363	-8.691	376
CA	-2.325	-10.432	-7.813	376
C	-3.552	-10.968	-8.559	376
N	-3.808	-10.463	-9.769	377
CA	-4.954	-10.876	-10.593	377
C	-4.858	-12.348	-10.988	377
N	-3.682	-12.805	-11.414	378
CA	-3.421	-14.21	-11.75	378
C	-3.637	-15.147	-10.549	378
N	-3.466	-14.629	-9.329	379
CA	-3.718	-15.356	-8.079	379
C	-5.189	-15.346	-7.639	379
N	-6.083	-14.704	-8.398	380
CA	-7.525	-14.654	-8.137	380
C	-8.004	-13.437	-7.341	380
N	-7.14	-12.447	-7.096	381
CA	-7.543	-11.155	-6.523	381
C	-8.212	-10.322	-7.622	381
N	-9.326	-9.666	-7.304	382
CA	-10.033	-8.827	-8.281	382
C	-9.241	-7.55	-8.598	382
N	-9.293	-7.127	-9.864	383
CA	-8.598	-5.959	-10.42	383
C	-8.768	-4.679	-9.592	383
N	-9.975	-4.362	-9.101	384
CA	-10.167	-3.181	-8.255	384
C	-9.338	-3.24	-6.968	384
N	-9.232	-4.412	-6.331	385
CA	-8.407	-4.583	-5.127	385
C	-6.928	-4.487	-5.484	385
N	-6.504	-5.198	-6.534	386
CA	-5.127	-5.169	-7.015	386
C	-4.675	-3.748	-7.396	386
N	-5.548	-2.921	-7.982	387
CA	-5.25	-1.522	-8.311	387
C	-4.904	-0.679	-7.077	387
N	-5.63	-0.864	-5.968	388
CA	-5.373	-0.087	-4.756	388
C	-3.981	-0.374	-4.19	388
N	-3.603	-1.651	-4.159	389
CA	-2.332	-2.099	-3.579	389
C	-1.142	-2.001	-4.545	389
N	-1.376	-1.86	-5.855	390
CA	-0.292	-1.739	-6.846	390
C	-0.011	-0.305	-7.287	390
N	-1.027	0.566	-7.331	391
CA	-0.903	1.91	-7.907	391
C	-1.419	3.006	-6.98	391
N	-2.606	2.854	-6.382	392
CA	-3.229	3.958	-5.637	392
C	-2.377	4.44	-4.46	392
N	-1.81	3.507	-3.699	393
CA	-1.047	3.814	-2.491	393
C	0.406	4.221	-2.781	393
N	0.947	3.858	-3.949	394
CA	2.349	4.099	-4.301	394
C	2.791	5.569	-4.121	394
N	2.024	6.592	-4.558	395
CA	2.391	7.989	-4.321	395
C	2.427	8.366	-2.835	395
N	1.569	7.765	-2.006	396
CA	1.536	8.039	-0.567	396
C	2.785	7.495	0.129	396
N	3.273	6.329	-0.299	397
CA	4.537	5.776	0.194	397
C	5.725	6.574	-0.348	397
N	5.725	6.961	-1.625	398
CA	6.772	7.81	-2.197	398
C	6.928	9.153	-1.451	398
N	5.828	9.741	-0.967	399
CA	5.861	10.95	-0.134	399
C	6.623	10.751	1.189	399
N	6.683	9.53	1.732	400
CA	7.489	9.256	2.936	400
C	8.983	9.355	2.622	400
N	9.41	8.867	1.452	401
CA	10.794	8.981	0.975	401
C	11.167	10.445	0.734	401
N	10.276	11.228	0.129	402
CA	10.488	12.665	-0.042	402
C	10.717	13.405	1.292	402
N	10.148	12.923	2.408	403
CA	10.341	13.532	3.736	403
C	11.725	13.247	4.319	403
N	12.127	11.974	4.468	404
CA	13.48	11.596	4.952	404
C	13.954	10.234	4.433	404
N	13.986	10.08	3.112	405
CA	14.55	8.919	2.411	405
C	13.9	7.6	2.878	405
N	14.592	6.472	2.751	406
CA	14.078	5.162	3.163	406
C	13.883	5.078	4.676	406
N	14.644	5.845	5.47	407
CA	14.435	5.913	6.916	407
C	12.992	6.291	7.274	407
N	12.447	7.365	6.691	408
CA	11.075	7.772	7.015	408
C	10.059	6.745	6.514	408
N	10.257	6.173	5.32	409
CA	9.395	5.102	4.814	409
C	9.328	3.942	5.808	409
N	10.482	3.391	6.187	410
CA	10.584	2.214	7.05	410
C	10.085	2.469	8.483	410
N	10.119	3.715	8.97	411
CA	9.558	4.08	10.287	411
C	8.046	4.341	10.239	411
N	7.507	4.743	9.084	412
CA	6.081	5.068	8.919	412
C	5.244	3.832	8.597	412
N	5.772	2.912	7.789	413
CA	5.106	1.646	7.465	413
C	5.109	0.688	8.667	413
N	4.324	-0.386	8.585	414
CA	4.27	-1.398	9.643	414
C	5.552	-2.246	9.671	414
N	5.875	-2.868	10.813	415
CA	6.977	-3.848	10.874	415
C	6.726	-5.037	9.911	415
N	5.454	-5.343	9.611	416
CA	5.041	-6.347	8.616	416
C	5.458	-5.927	7.203	416
N	5.111	-4.697	6.816	417
CA	5.488	-4.082	5.548	417
C	7.01	-3.984	5.409	417
N	7.698	-3.552	6.47	418
CA	9.146	-3.371	6.469	418
C	9.887	-4.711	6.334	418
N	9.459	-5.754	7.055	419
CA	10.034	-7.094	6.907	419
C	9.894	-7.593	5.465	419
N	8.701	-7.421	4.898	420
CA	8.403	-7.766	3.521	420
C	9.216	-6.983	2.483	420
N	9.318	-5.669	2.667	421
CA	10.159	-4.766	1.886	421
C	11.616	-5.252	1.845	421
N	12.19	-5.662	2.983	422
CA	13.557	-6.189	3.005	422
C	13.698	-7.505	2.251	422
N	12.77	-8.453	2.426	423
CA	12.803	-9.709	1.67	423
C	12.841	-9.457	0.16	423
N	11.991	-8.549	-0.322	424
CA	11.942	-8.208	-1.736	424
C	13.19	-7.453	-2.182	424
N	13.531	-6.348	-1.515	425
CA	14.632	-5.481	-1.947	425
C	15.991	-6.185	-1.89	425
N	16.214	-7.086	-0.928	426
CA	17.466	-7.846	-0.818	426
C	17.601	-8.908	-1.912	426
N	16.486	-9.39	-2.465	427
CA	16.487	-10.245	-3.647	427
C	16.586	-9.422	-4.945	427
N	15.868	-8.3	-5.019	428
CA	15.75	-7.463	-6.21	428
C	17.054	-6.719	-6.543	428
N	17.753	-6.163	-5.544	429
CA	19.002	-5.413	-5.771	429
C	20.066	-6.277	-6.471	429
N	20.441	-7.478	-5.98	430
CA	21.345	-8.369	-6.708	430
C	20.807	-8.828	-8.066	430
N	19.501	-9.109	-8.167	431
CA	18.852	-9.557	-9.403	431
C	19.004	-8.532	-10.535	431
N	18.886	-7.239	-10.225	432
CA	18.948	-6.168	-11.219	432
C	20.367	-5.679	-11.535	432
N	21.407	-6.078	-10.788	433
CA	22.793	-5.632	-11.055	433
C	23.254	-5.831	-12.51	433
N	23.017	-6.986	-13.169	434
CA	23.385	-7.161	-14.575	434
C	22.674	-6.165	-15.497	434
N	21.372	-5.953	-15.293	435
CA	20.589	-4.973	-16.047	435
C	21.104	-3.54	-15.837	435
N	21.446	-3.171	-14.597	436
CA	22.0	-1.847	-14.286	436
C	23.342	-1.581	-14.986	436
N	24.137	-2.624	-15.242	437
CA	25.411	-2.508	-15.95	437
C	25.243	-2.235	-17.459	437
N	24.074	-2.538	-18.031	438
CA	23.76	-2.374	-19.46	438
C	23.02	-1.063	-19.784	438
N	22.819	-0.202	-18.781	439
CA	22.182	1.1	-18.967	439
C	22.97	1.992	-19.932	439
N	22.225	2.795	-20.681	440
CA	22.724	3.707	-21.698	440
C	22.672	5.159	-21.204	440
N	23.5	6.058	-21.772	441
CA	23.395	7.481	-21.482	441
C	21.976	8.002	-21.735	441
N	21.396	8.65	-20.725	442
CA	20.034	9.183	-20.784	442
C	18.975	8.315	-20.097	442
N	19.311	7.082	-19.705	443
CA	18.407	6.249	-18.902	443
C	18.247	6.794	-17.48	443
N	19.302	7.399	-16.933	444
CA	19.311	7.966	-15.592	444
C	20.283	9.155	-15.515	444
N	19.921	10.198	-14.765	445
CA	20.773	11.356	-14.451	445
C	20.988	12.366	-15.583	445
N	20.699	11.992	-16.831	446
CA	20.804	12.846	-18.024	446
C	19.539	12.704	-18.86	446
N	19.171	13.763	-19.574	447
CA	18.055	13.715	-20.508	447
C	18.455	13.014	-21.809	447
N	17.538	12.229	-22.374	448
CA	17.675	11.732	-23.746	448
C	17.512	12.922	-24.705	448
N	18.457	13.157	-25.637	449
CA	18.331	14.226	-26.62	449
C	17.037	14.121	-27.433	449
N	16.458	15.269	-27.786	450
CA	15.338	15.301	-28.725	450
C	15.747	14.722	-30.087	450
N	14.805	14.055	-30.75	451
CA	15.044	13.421	-32.038	451
C	13.768	12.865	-32.655	451
N	13.843	12.545	-33.947	452
CA	12.762	11.856	-34.636	452
C	12.603	10.431	-34.086	452
N	11.357	9.977	-33.978	453
CA	11.006	8.599	-33.619	453
C	10.137	7.986	-34.71	453
N	10.075	6.658	-34.764	454
CA	9.133	5.972	-35.642	454
C	7.692	6.133	-35.123	454
N	6.806	6.691	-35.953	455
CA	5.413	6.943	-35.567	455
C	4.6	5.65	-35.387	455
N	4.97	4.562	-36.072	456
CA	4.342	3.253	-35.895	456
C	4.657	2.687	-34.515	456
N	5.939	2.666	-34.151	457
CA	6.406	2.254	-32.83	457
C	5.792	3.113	-31.719	457
N	5.761	4.439	-31.892	458
CA	5.153	5.341	-30.912	458
C	3.651	5.079	-30.736	458
N	2.913	4.824	-31.824	459
CA	1.497	4.431	-31.756	459
C	1.336	3.141	-30.953	459
N	2.13	2.12	-31.259	460
CA	2.005	0.79	-30.655	460
C	2.348	0.814	-29.158	460
N	3.396	1.547	-28.761	461
CA	3.746	1.758	-27.344	461
C	2.648	2.512	-26.596	461
N	2.109	3.584	-27.183	462
CA	1.02	4.328	-26.551	462
C	-0.242	3.464	-26.388	462
N	-0.556	2.615	-27.368	463
CA	-1.687	1.69	-27.283	463
C	-1.45	0.617	-26.217	463
N	-0.251	0.032	-26.15	464
CA	0.105	-0.957	-25.133	464
C	-0.054	-0.401	-23.707	464
N	0.406	0.833	-23.463	465
CA	0.246	1.496	-22.159	465
C	-1.24	1.71	-21.84	465
N	-2.009	2.288	-22.772	466
CA	-3.414	2.676	-22.536	466
C	-4.375	1.495	-22.443	466
N	-4.04	0.383	-23.09	467
CA	-4.874	-0.82	-23.128	467
C	-4.636	-1.755	-21.942	467
N	-3.558	-1.562	-21.17	468
CA	-3.271	-2.352	-19.974	468
C	-4.457	-2.342	-18.993	468
N	-4.799	-3.502	-18.423	469
CA	-5.978	-3.671	-17.564	469
C	-6.003	-2.679	-16.384	469
N	-4.837	-2.422	-15.774	470
CA	-4.686	-1.433	-14.695	470
C	-5.136	-0.008	-15.083	470
N	-4.965	0.399	-16.345	471
CA	-5.403	1.714	-16.821	471
C	-6.924	1.767	-16.988	471
N	-7.536	0.662	-17.424	472
CA	-8.986	0.553	-17.585	472
C	-9.698	0.618	-16.227	472
N	-9.26	-0.201	-15.263	473
CA	-9.798	-0.185	-13.893	473
C	-9.482	1.138	-13.197	473
N	-8.278	1.681	-13.391	474
CA	-7.871	2.954	-12.811	474
C	-8.703	4.129	-13.308	474
N	-9.043	4.166	-14.602	475
CA	-9.945	5.182	-15.162	475
C	-11.326	5.136	-14.505	475
N	-11.863	3.935	-14.269	476
CA	-13.127	3.732	-13.546	476
C	-13.01	4.212	-12.094	476
N	-11.99	3.762	-11.359	477
CA	-11.811	4.072	-9.936	477
C	-11.53	5.557	-9.672	477
N	-10.642	6.191	-10.451	478
CA	-10.387	7.642	-10.366	478
C	-11.641	8.464	-10.673	478
N	-12.53	7.958	-11.533	479
CA	-13.831	8.569	-11.817	479
C	-14.748	8.7	-10.594	479
N	-14.572	7.874	-9.558	480
CA	-15.316	8.0	-8.298	480
C	-14.685	8.992	-7.303	480
N	-13.418	9.375	-7.51	481
CA	-12.608	10.196	-6.594	481
C	-12.582	11.695	-6.953	481
N	-13.469	12.165	-7.834	482
CA	-13.404	13.52	-8.419	482
C	-13.629	14.673	-7.435	482
N	-14.102	14.402	-6.216	483
CA	-14.367	15.433	-5.198	483
C	-13.096	15.899	-4.45	483
N	-11.925	15.348	-4.789	484
CA	-10.647	15.693	-4.167	484
C	-10.22	17.142	-4.487	484
N	-9.992	17.962	-3.452	485
CA	-9.434	19.324	-3.599	485
C	-7.936	19.261	-3.944	485
N	-7.415	20.152	-4.802	486
CA	-5.972	20.218	-5.151	486
C	-5.071	20.567	-3.951	486
N	-3.846	20.027	-3.94	487
CA	-2.721	20.468	-3.09	487
C	-1.925	21.501	-3.9	487
N	-1.613	22.665	-3.328	488
CA	-0.575	23.521	-3.896	488
C	0.774	22.894	-3.526	488
N	1.486	22.342	-4.509	489
CA	2.825	21.769	-4.312	489
C	3.746	22.881	-3.802	489
N	4.448	22.649	-2.693	490
CA	5.442	23.592	-2.195	490
C	6.669	23.541	-3.123	490
N	6.906	24.607	-3.892	491
CA	8.104	24.788	-4.732	491
C	9.176	25.674	-4.103	491
