ATOM	X	Y	Z	RESIDUE
N	75.421	27.951	-26.854	1
CA	74.786	27.837	-28.153	1
C	73.27	27.801	-28.194	1
N	72.671	28.8	-28.912	2
CA	71.403	29.549	-28.61	2
C	69.932	28.811	-28.544	2
N	68.556	29.22	-28.782	3
CA	67.026	29.551	-28.483	3
C	65.47	29.168	-28.122	3
N	64.455	28.223	-27.889	4
CA	62.97	28.643	-28.032	4
C	61.659	27.718	-28.209	4
N	60.278	28.108	-28.371	5
CA	59.147	27.986	-29.418	5
C	57.514	27.942	-29.102	5
N	56.104	27.953	-29.572	6
CA	54.886	28.055	-30.59	6
C	53.202	28.251	-30.402	6
N	52.032	28.032	-31.28	7
CA	50.424	27.965	-31.447	7
C	48.82	27.474	-31.332	7
N	47.447	27.924	-31.655	8
CA	45.98	27.267	-31.656	8
C	44.434	27.693	-32.081	8
N	43.066	27.075	-32.112	9
CA	41.575	27.132	-32.743	9
C	40.023	26.619	-32.305	9
N	38.542	26.564	-32.635	10
CA	37.251	25.915	-33.375	10
C	35.529	25.798	-33.258	10
N	34.168	25.256	-33.672	11
CA	32.609	25.667	-33.955	11
C	31.102	24.933	-33.591	11
N	29.591	25.247	-33.556	12
CA	27.98	24.96	-33.446	12
C	26.667	24.164	-34.216	12
N	25.176	23.963	-34.537	13
CA	23.548	24.159	-34.435	13
C	22.095	23.414	-35.028	13
N	20.557	23.605	-34.955	14
CA	18.97	23.513	-35.494	14
C	17.658	22.562	-36.047	14
N	16.092	22.751	-36.146	15
CA	14.451	22.713	-36.03	15
C	12.742	22.295	-36.107	15
N	11.454	21.466	-36.464	16
CA	9.822	21.522	-36.879	16
C	8.313	20.631	-36.936	16
N	6.864	20.665	-37.527	17
CA	5.168	20.606	-37.646	17
C	3.615	19.852	-37.508	17
N	2.195	19.999	-38.113	18
CA	0.515	19.949	-38.243	18
C	-1.167	19.563	-38.427	18
N	-2.439	18.733	-38.678	19
CA	-4.057	18.967	-39.053	19
C	-5.592	18.058	-38.908	19
N	-7.169	18.087	-39.275	20
CA	-8.75	17.461	-39.078	20
C	-10.533	17.072	-39.054	20
N	-12.14	17.169	-39.287	21
CA	-13.709	16.516	-39.609	21
C	-15.479	16.821	-39.461	21
N	-17.008	16.383	-39.797	22
CA	-18.742	16.507	-39.577	22
C	-20.443	16.076	-40.021	22
N	-22.014	16.173	-39.604	23
CA	-23.723	15.947	-39.932	23
C	-25.524	16.192	-39.58	23
N	-26.908	15.614	-40.207	24
CA	-27.793	16.172	-41.284	24
C	-29.125	15.377	-41.478	24
N	-30.248	16.107	-41.53	25
CA	-31.512	15.458	-41.872	25
C	-32.294	16.388	-42.805	25
N	-33.253	15.791	-43.494	26
CA	-34.141	16.57	-44.353	26
C	-35.462	15.846	-44.477	26
N	-36.402	16.484	-45.201	27
CA	-37.589	15.788	-45.625	27
C	-37.486	15.209	-47.035	27
N	-36.809	15.947	-47.917	28
CA	-36.936	15.631	-49.361	28
C	-35.693	15.051	-49.977	28
N	-34.572	15.092	-49.256	29
CA	-33.351	14.402	-49.788	29
C	-33.351	12.953	-49.348	29
N	-33.436	12.021	-50.303	30
CA	-33.686	10.609	-49.989	30
C	-32.542	10.047	-49.108	30
N	-31.442	10.663	-49.2	31
CA	-30.261	10.225	-48.45	31
C	-30.346	10.553	-46.948	31
N	-31.066	11.571	-46.603	32
CA	-31.051	12.09	-45.206	32
C	-32.52	12.261	-44.736	32
N	-33.425	11.771	-45.575	33
CA	-34.891	11.84	-45.427	33
C	-35.434	10.987	-44.281	33
N	-36.756	11.056	-44.069	34
CA	-37.318	10.473	-42.863	34
C	-37.136	8.957	-42.765	34
N	-37.063	8.224	-43.914	35
CA	-36.806	6.778	-43.878	35
C	-35.412	6.453	-43.289	35
N	-34.529	7.434	-43.248	36
CA	-33.183	7.198	-42.765	36
C	-33.03	7.577	-41.323	36
N	-34.048	8.248	-40.741	37
CA	-33.811	8.813	-39.382	37
C	-33.572	7.729	-38.318	37
N	-34.2	6.556	-38.484	38
CA	-34.071	5.49	-37.482	38
C	-32.607	5.014	-37.427	38
N	-31.818	5.27	-38.479	39
CA	-30.408	4.871	-38.533	39
C	-29.508	6.041	-38.175	39
N	-29.77	7.232	-38.708	40
CA	-28.886	8.319	-38.388	40
C	-29.064	8.856	-36.973	40
N	-30.263	8.67	-36.397	41
CA	-30.603	9.164	-35.044	41
C	-31.309	8.052	-34.3	41
N	-30.608	6.928	-34.159	42
CA	-31.145	5.757	-33.458	42
C	-31.776	6.196	-32.122	42
N	-31.067	7.035	-31.393	43
CA	-31.682	7.664	-30.21	43
C	-32.248	9.013	-30.634	43
N	-33.575	9.094	-30.788	44
CA	-34.546	8.093	-30.386	44
C	-35.487	7.796	-31.584	44
N	-35.069	8.153	-32.805	45
CA	-35.954	7.899	-33.953	45
C	-36.188	6.428	-34.241	45
N	-35.433	5.514	-33.58	46
CA	-35.713	4.069	-33.71	46
C	-36.639	3.536	-32.657	46
N	-37.217	4.421	-31.82	47
CA	-38.054	3.93	-30.703	47
C	-39.428	3.443	-31.06	47
N	-40.158	2.962	-30.084	48
CA	-41.466	2.445	-30.431	48
C	-42.589	3.319	-29.824	48
N	-42.255	4.544	-29.389	49
CA	-43.341	5.502	-29.017	49
C	-43.184	6.732	-29.896	49
N	-43.149	6.519	-31.208	50
CA	-42.906	7.645	-32.109	50
C	-44.23	8.367	-32.544	50
N	-44.054	9.575	-33.105	51
CA	-45.162	10.369	-33.602	51
C	-44.719	10.85	-34.996	51
N	-45.651	11.224	-35.877	52
CA	-47.1	11.213	-35.692	52
C	-47.71	9.788	-35.845	52
N	-48.974	9.621	-35.489	53
CA	-49.671	8.354	-35.696	53
C	-50.987	8.666	-36.398	53
N	-51.659	7.647	-36.881	54
CA	-53.075	7.818	-37.294	54
C	-53.94	7.833	-36.09	54
N	-54.74	8.901	-35.948	55
CA	-55.601	9.038	-34.801	55
C	-56.908	8.392	-35.188	55
N	-57.134	7.213	-34.632	56
CA	-58.277	6.359	-35.067	56
C	-59.328	6.426	-34.045	56
N	-60.457	6.997	-34.449	57
CA	-61.513	7.311	-33.474	57
C	-62.054	6.005	-32.888	57
N	-62.225	5.03	-33.767	58
CA	-62.84	3.767	-33.298	58
C	-61.862	2.983	-32.406	58
N	-60.558	3.063	-32.637	59
CA	-59.662	2.27	-31.776	59
C	-59.44	2.947	-30.385	59
N	-59.616	4.244	-30.304	60
CA	-59.236	5.009	-29.117	60
C	-60.137	4.817	-27.917	60
N	-59.614	5.159	-26.76	61
CA	-60.373	5.023	-25.542	61
C	-60.83	6.36	-25.04	61
N	-62.161	6.525	-24.955	62
CA	-62.702	7.77	-24.409	62
C	-62.366	7.898	-22.956	62
N	-61.748	8.992	-22.537	63
CA	-61.389	9.177	-21.149	63
C	-62.062	10.471	-20.68	63
N	-63.174	10.34	-19.96	64
CA	-63.921	11.565	-19.551	64
C	-63.238	12.411	-18.526	64
N	-62.144	11.92	-17.901	65
CA	-61.377	12.726	-17.015	65
C	-60.494	13.777	-17.687	65
N	-60.313	13.688	-19.02	66
CA	-59.426	14.643	-19.722	66
C	-60.206	15.948	-20.0	66
N	-59.759	17.017	-19.393	67
CA	-60.558	18.274	-19.316	67
C	-60.294	19.165	-20.546	67
N	-61.07	20.253	-20.607	68
CA	-60.887	21.236	-21.688	68
C	-59.51	21.896	-21.573	68
N	-58.834	22.1	-22.701	69
CA	-57.563	22.775	-22.681	69
C	-57.762	24.344	-22.675	69
N	-56.936	25.011	-21.908	70
CA	-56.915	26.491	-21.803	70
C	-55.563	26.976	-22.181	70
N	-55.543	28.021	-23.051	71
CA	-54.286	28.657	-23.303	71
C	-54.424	30.097	-22.771	71
N	-53.435	30.56	-22.078	72
CA	-53.546	31.881	-21.359	72
C	-52.273	32.601	-21.323	72
N	-52.363	33.948	-21.191	73
CA	-51.194	34.787	-21.322	73
C	-50.851	35.501	-20.012	73
N	-49.583	35.741	-19.786	74
CA	-49.151	36.573	-18.689	74
C	-49.314	37.985	-19.227	74
N	-50.332	38.683	-18.771	75
CA	-50.598	39.995	-19.353	75
C	-49.556	41.07	-18.97	75
N	-48.576	40.767	-18.124	76
CA	-47.553	41.763	-17.865	76
C	-46.249	41.517	-18.612	76
N	-46.229	40.455	-19.431	77
CA	-45.094	40.208	-20.258	77
C	-45.064	41.216	-21.388	77
N	-43.898	41.777	-21.677	78
CA	-43.766	42.719	-22.798	78
C	-42.826	42.371	-23.936	78
N	-42.043	41.317	-23.794	79
CA	-41.058	41.014	-24.798	79
C	-41.678	40.68	-26.152	79
N	-40.859	40.82	-27.169	80
CA	-41.235	40.674	-28.548	80
C	-41.351	39.144	-28.93	80
N	-42.19	38.821	-29.883	81
CA	-42.247	37.514	-30.506	81
C	-41.505	37.565	-31.855	81
N	-40.842	36.49	-32.229	82
CA	-40.155	36.458	-33.518	82
C	-40.55	35.226	-34.291	82
N	-40.179	35.201	-35.566	83
CA	-40.448	34.043	-36.387	83
C	-39.192	33.807	-37.182	83
N	-38.887	32.562	-37.475	84
CA	-37.684	32.252	-38.235	84
C	-38.004	31.226	-39.316	84
N	-37.345	31.287	-40.459	85
CA	-37.372	30.199	-41.402	85
C	-36.142	29.392	-41.042	85
N	-36.343	28.273	-40.387	86
CA	-35.184	27.51	-39.88	86
C	-34.746	26.494	-40.893	86
N	-35.231	26.583	-42.145	87
CA	-34.834	25.605	-43.162	87
C	-35.736	24.406	-43.308	87
N	-36.536	24.158	-42.281	88
CA	-37.505	23.068	-42.404	88
C	-38.946	23.447	-42.032	88
N	-39.172	24.588	-41.372	89
CA	-40.517	25.073	-41.072	89
C	-40.439	26.572	-40.895	89
N	-41.599	27.208	-40.681	90
CA	-41.653	28.538	-40.142	90
C	-41.95	28.39	-38.645	90
N	-41.072	28.933	-37.809	91
CA	-41.14	28.667	-36.358	91
C	-41.237	29.99	-35.647	91
N	-42.362	30.17	-34.95	92
CA	-42.625	31.373	-34.133	92
C	-41.986	31.071	-32.788	92
N	-41.131	31.95	-32.307	93
CA	-40.487	31.766	-30.991	93
C	-41.07	32.75	-30.04	93
N	-41.663	32.256	-28.949	94
CA	-42.321	33.113	-27.988	94
C	-41.335	33.475	-26.909	94
N	-41.523	34.661	-26.326	95
CA	-40.652	34.994	-25.19	95
C	-40.99	34.087	-23.976	95
N	-40.02	33.924	-23.107	96
CA	-40.235	33.192	-21.873	96
C	-41.345	33.799	-21.05	96
N	-41.985	32.984	-20.202	97
CA	-42.949	33.456	-19.192	97
C	-44.143	34.212	-19.724	97
N	-44.574	33.878	-20.936	98
CA	-45.604	34.64	-21.556	98
C	-46.876	33.88	-21.85	98
N	-46.77	32.743	-22.548	99
CA	-47.992	31.995	-22.875	99
C	-47.875	30.586	-22.207	99
N	-49.029	30.103	-21.74	100
CA	-49.103	28.881	-20.906	100
C	-50.245	28.049	-21.367	100
N	-50.245	26.744	-20.947	101
CA	-51.332	25.884	-21.203	101
C	-51.721	25.352	-19.831	101
N	-53.008	25.251	-19.658	102
CA	-53.514	24.504	-18.503	102
C	-54.345	23.34	-18.992	102
N	-54.122	22.153	-18.404	103
CA	-54.989	21.007	-18.68	103
C	-55.895	20.683	-17.508	103
N	-55.842	21.487	-16.452	104
CA	-56.635	21.128	-15.23	104
C	-57.522	22.243	-14.744	104
N	-57.621	23.314	-15.53	105
CA	-58.452	24.441	-15.205	105
C	-57.826	25.453	-14.258	105
N	-56.692	25.15	-13.666	106
CA	-56.0	26.066	-12.819	106
C	-54.965	26.811	-13.59	106
N	-54.895	28.111	-13.392	107
CA	-53.94	28.905	-14.122	107
C	-52.64	29.144	-13.39	107
N	-51.895	28.099	-13.109	108
CA	-50.695	28.19	-12.252	108
C	-49.415	27.805	-12.921	108
N	-49.39	27.943	-14.261	109
CA	-48.162	27.947	-15.039	109
C	-47.519	26.571	-15.09	109
N	-48.341	25.523	-15.133	110
CA	-47.69	24.193	-15.173	110
C	-46.986	23.907	-16.528	110
N	-47.553	24.421	-17.623	111
CA	-46.944	24.22	-18.938	111
C	-46.715	25.574	-19.531	111
N	-45.489	25.803	-19.98	112
CA	-45.127	27.117	-20.556	112
C	-44.761	26.92	-22.046	112
N	-45.434	27.707	-22.904	113
CA	-45.267	27.594	-24.372	113
C	-43.926	28.208	-24.784	113
N	-43.211	27.526	-25.683	114
CA	-41.924	27.903	-26.164	114
C	-42.024	28.43	-27.592	114
N	-42.703	27.688	-28.448	115
CA	-42.656	28.022	-29.91	115
C	-43.853	27.401	-30.612	115
N	-44.15	27.838	-31.832	116
CA	-45.211	27.207	-32.596	116
C	-44.632	27.074	-34.001	116
N	-44.733	25.892	-34.599	117
CA	-44.285	25.794	-36.014	117
C	-45.268	25.009	-36.804	117
N	-44.976	24.792	-38.098	118
CA	-45.991	24.303	-38.956	118
C	-45.511	23.223	-39.937	118
N	-46.456	22.41	-40.375	119
CA	-46.192	21.296	-41.351	119
C	-47.258	21.43	-42.411	119
N	-46.835	21.422	-43.692	120
CA	-47.808	21.569	-44.735	120
C	-47.382	20.837	-46.036	120
N	-48.265	20.862	-47.043	121
CA	-48.053	19.984	-48.223	121
C	-47.757	20.81	-49.477	121
N	-47.21	20.142	-50.499	122
CA	-47.092	20.842	-51.824	122
C	-48.478	21.042	-52.455	122
N	-49.439	20.216	-52.067	123
CA	-50.811	20.281	-52.554	123
C	-51.799	20.299	-51.389	123
N	-53.043	20.72	-51.654	124
CA	-53.956	20.974	-50.542	124
C	-54.446	19.675	-49.88	124
N	-54.246	18.535	-50.501	125
CA	-54.782	17.346	-49.861	125
C	-53.747	16.584	-49.023	125
N	-52.636	17.213	-48.707	126
CA	-51.71	16.623	-47.701	126
C	-51.004	17.735	-46.985	126
N	-50.267	17.391	-45.909	127
CA	-49.426	18.358	-45.251	127
C	-49.349	18.068	-43.75	127
N	-50.456	17.554	-43.192	128
CA	-50.465	17.32	-41.714	128
C	-49.537	16.152	-41.422	128
N	-49.081	16.067	-40.171	129
CA	-48.29	14.91	-39.757	129
C	-49.245	13.868	-39.215	129
N	-50.047	14.192	-38.177	130
CA	-51.125	13.281	-37.831	130
C	-52.166	13.194	-38.939	130
N	-52.848	12.074	-38.948	131
CA	-54.08	11.851	-39.655	131
C	-55.17	11.558	-38.689	131
N	-56.394	11.862	-39.105	132
CA	-57.56	11.502	-38.3	132
C	-58.374	10.528	-39.156	132
N	-58.419	9.296	-38.69	133
CA	-59.073	8.211	-39.421	133
C	-58.567	8.176	-40.843	133
N	-57.25	8.297	-40.996	134
CA	-56.628	8.198	-42.325	134
C	-56.571	9.476	-43.147	134
N	-57.206	10.531	-42.647	135
CA	-57.395	11.785	-43.414	135
C	-56.309	12.779	-43.102	135
N	-55.659	13.274	-44.168	136
CA	-54.633	14.345	-44.032	136
C	-55.219	15.742	-44.239	136
N	-54.837	16.652	-43.358	137
CA	-55.179	18.084	-43.524	137
C	-54.096	18.846	-44.258	137
N	-54.401	20.053	-44.761	138
CA	-53.348	20.777	-45.493	138
C	-52.261	21.389	-44.629	138
N	-52.527	21.622	-43.326	139
CA	-51.587	22.306	-42.539	139
C	-51.82	21.915	-41.071	139
N	-50.744	21.534	-40.408	140
CA	-50.853	21.144	-38.964	140
C	-49.888	22.044	-38.223	140
N	-50.424	22.76	-37.203	141
CA	-49.569	23.583	-36.381	141
C	-49.245	22.861	-35.058	141
N	-48.051	23.101	-34.545	142
CA	-47.558	22.46	-33.314	142
C	-47.221	23.543	-32.345	142
N	-47.966	23.586	-31.232	143
CA	-47.631	24.564	-30.187	143
C	-46.815	23.779	-29.137	143
N	-45.537	24.106	-28.979	144
CA	-44.668	23.282	-28.148	144
C	-44.51	23.963	-26.794	144
N	-44.712	23.182	-25.718	145
CA	-44.541	23.763	-24.367	145
C	-43.696	22.797	-23.511	145
N	-43.162	23.312	-22.398	146
CA	-42.426	22.425	-21.449	146
C	-43.172	22.382	-20.114	146
N	-42.958	21.266	-19.393	147
CA	-43.683	21.055	-18.131	147
C	-42.901	21.842	-17.045	147
N	-43.194	23.136	-16.975	148
CA	-42.553	24.035	-16.007	148
C	-42.851	23.615	-14.576	148
N	-43.947	22.903	-14.387	149
CA	-44.247	22.265	-13.089	149
C	-43.063	21.49	-12.539	149
N	-42.346	20.812	-13.414	150
CA	-41.192	20.023	-13.062	150
C	-39.839	20.622	-13.43	150
N	-39.754	21.302	-14.562	151
CA	-38.466	21.721	-15.104	151
C	-38.397	23.226	-15.175	151
N	-37.248	23.773	-14.845	152
CA	-37.112	25.252	-14.775	152
C	-37.005	25.944	-16.098	152
N	-36.549	25.27	-17.148	153
CA	-36.371	25.992	-18.417	153
C	-36.596	25.099	-19.593	153
N	-36.877	25.691	-20.762	154
CA	-37.019	24.855	-21.93	154
C	-35.787	23.981	-22.127	154
N	-34.554	24.515	-21.943	155
CA	-33.418	23.661	-22.289	155
C	-33.217	22.506	-21.307	155
N	-33.596	22.653	-20.054	156
CA	-33.598	21.482	-19.157	156
C	-34.682	20.472	-19.592	156
N	-35.839	20.96	-20.006	157
CA	-36.941	20.024	-20.272	157
C	-36.814	19.25	-21.601	157
N	-36.235	19.89	-22.621	158
CA	-36.364	19.403	-24.002	158
C	-35.777	18.009	-24.196	158
N	-34.747	17.689	-23.416	159
CA	-34.177	16.296	-23.553	159
C	-34.423	15.373	-22.351	159
N	-35.354	15.726	-21.449	160
CA	-35.55	14.958	-20.204	160
C	-36.899	14.262	-20.222	160
N	-37.053	13.22	-19.38	161
CA	-38.315	12.47	-19.371	161
C	-39.546	13.335	-19.062	161
N	-40.605	13.165	-19.847	162
CA	-41.836	13.881	-19.612	162
C	-41.693	15.401	-19.704	162
N	-40.65	15.866	-20.392	163
CA	-40.411	17.33	-20.395	163
C	-41.41	18.152	-21.198	163
N	-42.057	17.583	-22.232	164
CA	-42.759	18.423	-23.2	164
C	-44.202	18.076	-23.369	164
N	-45.006	19.052	-23.816	165
CA	-46.363	18.755	-24.21	165
C	-46.599	19.619	-25.458	165
N	-47.118	18.971	-26.484	166
CA	-47.353	19.669	-27.809	166
C	-48.84	19.651	-28.104	166
N	-49.382	20.791	-28.585	167
CA	-50.732	20.806	-29.078	167
C	-50.666	20.782	-30.592	167
N	-51.469	19.907	-31.169	168
CA	-51.597	19.862	-32.662	168
C	-52.921	20.508	-33.069	168
N	-52.82	21.472	-34.01	169
CA	-53.992	22.201	-34.532	169
C	-54.048	21.989	-36.041	169
N	-55.111	21.315	-36.454	170
CA	-55.416	21.009	-37.889	170
C	-56.039	22.242	-38.476	170
N	-55.736	22.505	-39.754	171
CA	-56.343	23.662	-40.437	171
C	-56.988	23.041	-41.654	171
N	-58.158	23.559	-42.077	172
CA	-58.757	23.132	-43.339	172
C	-59.116	24.357	-44.198	172
N	-59.026	24.201	-45.515	173
CA	-59.258	25.3	-46.471	173
C	-60.752	25.429	-46.793	173
N	-61.206	26.68	-46.746	174
CA	-62.592	27.044	-47.12	174
C	-62.508	28.122	-48.225	174
N	-63.47	28.098	-49.14	175
CA	-63.498	29.085	-50.256	175
C	-64.153	30.383	-49.826	175
N	-65.141	30.313	-48.95	176
CA	-65.852	31.533	-48.526	176
C	-65.706	31.826	-47.042	176
N	-64.979	32.896	-46.697	177
CA	-64.754	33.211	-45.305	177
C	-64.158	34.618	-45.171	177
N	-64.583	35.368	-44.158	178
CA	-63.891	36.616	-43.807	178
C	-62.566	36.359	-43.121	178
N	-61.561	37.149	-43.494	179
CA	-60.25	37.128	-42.818	179
C	-60.389	36.964	-41.296	179
N	-61.307	37.728	-40.662	180
CA	-61.359	37.776	-39.218	180
C	-61.779	36.403	-38.631	180
N	-62.367	35.562	-39.447	181
CA	-62.922	34.227	-39.101	181
C	-61.818	33.118	-39.292	181
N	-60.71	33.507	-39.949	182
CA	-59.632	32.509	-40.283	182
C	-58.587	32.491	-39.176	182
N	-57.811	31.397	-39.122	183
CA	-56.731	31.311	-38.168	183
C	-55.742	32.485	-38.332	183
N	-55.645	33.067	-39.551	184
CA	-54.657	34.141	-39.766	184
C	-54.932	35.431	-38.982	184
N	-56.186	35.606	-38.601	185
CA	-56.512	36.675	-37.634	185
C	-55.764	36.434	-36.313	185
N	-55.808	35.213	-35.773	186
CA	-55.032	34.968	-34.538	186
C	-53.557	35.125	-34.776	186
N	-53.101	34.719	-35.964	187
CA	-51.686	34.791	-36.282	187
C	-51.292	36.234	-36.685	187
N	-52.284	37.105	-36.864	188
CA	-51.989	38.493	-37.349	188
C	-51.151	38.43	-38.63	188
N	-51.512	37.484	-39.513	189
CA	-50.829	37.201	-40.786	189
C	-49.338	36.964	-40.675	189
N	-48.871	36.6	-39.496	190
CA	-47.431	36.492	-39.222	190
C	-46.71	37.792	-39.699	190
N	-47.399	38.918	-39.638	191
CA	-46.846	40.265	-39.99	191
C	-46.301	40.284	-41.415	191
N	-46.882	39.451	-42.272	192
CA	-46.523	39.44	-43.711	192
C	-45.201	38.758	-44.043	192
N	-44.612	38.022	-43.102	193
CA	-43.263	37.477	-43.276	193
C	-43.252	36.246	-44.197	193
N	-44.417	35.64	-44.458	194
CA	-44.468	34.421	-45.277	194
C	-44.407	34.834	-46.757	194
N	-43.211	34.868	-47.307	195
CA	-43.097	35.259	-48.745	195
C	-41.767	34.687	-49.274	195
N	-41.498	34.777	-50.603	196
CA	-40.361	34.119	-51.157	196
C	-39.05	34.667	-50.665	196
N	-39.061	35.872	-50.088	197
CA	-37.776	36.421	-49.647	197
C	-37.45	36.085	-48.203	197
N	-38.308	35.292	-47.566	198
CA	-38.008	34.966	-46.137	198
C	-37.106	33.73	-46.116	198
N	-35.813	33.958	-46.357	199
CA	-34.872	32.873	-46.588	199
C	-34.262	32.403	-45.242	199
N	-33.881	31.129	-45.159	200
CA	-33.249	30.671	-43.912	200
C	-31.889	31.323	-43.819	200
N	-31.414	31.697	-42.635	201
CA	-32.062	31.378	-41.349	201
C	-32.549	32.677	-40.783	201
N	-33.119	33.516	-41.657	202
CA	-33.626	34.82	-41.229	202
C	-34.702	34.672	-40.162	202
N	-34.673	35.592	-39.232	203
CA	-35.732	35.709	-38.263	203
C	-36.113	37.143	-38.224	203
N	-37.377	37.409	-37.923	204
CA	-37.91	38.729	-37.907	204
C	-38.83	38.872	-36.698	204
N	-38.917	40.07	-36.133	205
CA	-39.911	40.38	-35.109	205
C	-41.291	40.426	-35.722	205
N	-42.315	39.887	-35.034	206
CA	-43.66	39.901	-35.578	206
C	-44.585	40.297	-34.451	206
N	-45.815	40.647	-34.809	207
CA	-46.837	40.981	-33.806	207
C	-47.089	39.665	-33.053	207
N	-47.421	39.745	-31.777	208
CA	-47.699	38.495	-31.011	208
C	-48.86	37.713	-31.637	208
N	-48.853	36.398	-31.421	209
CA	-49.868	35.51	-31.934	209
C	-50.903	35.409	-30.806	209
N	-52.183	35.623	-31.096	210
CA	-53.154	35.526	-30.066	210
C	-53.584	34.027	-30.01	210
N	-52.83	33.277	-29.242	211
CA	-53.088	31.849	-29.132	211
C	-54.422	31.522	-28.467	211
N	-54.928	32.377	-27.541	212
CA	-56.267	32.155	-27.0	212
C	-57.355	32.228	-28.047	212
N	-57.229	33.255	-28.896	213
CA	-58.152	33.339	-29.998	213
C	-58.065	32.114	-30.923	213
N	-56.851	31.689	-31.2	214
CA	-56.67	30.527	-32.103	214
C	-57.415	29.309	-31.533	214
N	-57.231	29.066	-30.223	215
CA	-57.859	27.931	-29.623	215
C	-59.377	28.052	-29.63	215
N	-59.898	29.296	-29.544	216
CA	-61.363	29.456	-29.559	216
C	-61.989	29.171	-30.915	216
N	-61.16	29.043	-31.992	217
CA	-61.684	28.737	-33.321	217
C	-62.038	27.253	-33.504	217
N	-61.676	26.439	-32.524	218
CA	-62.066	25.054	-32.55	218
C	-62.684	24.65	-31.214	218
N	-63.06	23.366	-31.082	219
CA	-63.571	22.881	-29.757	219
C	-62.392	22.428	-28.844	219
N	-62.036	23.195	-27.789	220
CA	-60.872	22.859	-27.005	220
C	-61.134	21.653	-26.014	220
N	-62.299	21.05	-26.053	221
CA	-62.547	19.874	-25.242	221
C	-62.444	18.594	-26.089	221
N	-62.266	18.685	-27.421	222
CA	-62.481	17.539	-28.257	222
C	-61.147	17.18	-28.919	222
N	-60.45	16.171	-28.386	223
CA	-59.084	16.006	-28.841	223
C	-58.661	14.561	-28.637	223
N	-57.619	14.161	-29.353	224
CA	-56.924	12.895	-29.055	224
C	-55.744	13.217	-28.137	224
N	-55.356	12.244	-27.312	225
CA	-54.325	12.392	-26.354	225
C	-53.506	11.08	-26.289	225
N	-52.185	11.206	-26.403	226
CA	-51.316	10.006	-26.257	226
C	-49.9	10.421	-25.942	226
N	-49.089	9.449	-25.505	227
CA	-47.699	9.739	-25.242	227
C	-46.843	9.381	-26.46	227
N	-46.066	10.322	-26.983	228
CA	-45.262	10.051	-28.175	228
C	-44.025	10.953	-28.167	228
N	-43.65	11.397	-29.368	229
CA	-42.282	11.888	-29.558	229
C	-42.263	13.204	-30.299	229
N	-41.111	13.833	-30.32	230
CA	-40.898	14.875	-31.311	230
C	-40.967	14.232	-32.698	230
N	-41.341	15.023	-33.696	231
CA	-41.473	14.451	-35.066	231
C	-40.341	14.859	-35.967	231
N	-39.297	15.447	-35.401	232
CA	-38.057	15.656	-36.144	232
C	-36.923	15.104	-35.289	232
N	-35.786	14.75	-35.927	233
CA	-34.663	14.201	-35.175	233
C	-34.315	15.183	-34.036	233
N	-34.013	14.685	-32.815	234
CA	-33.757	13.285	-32.52	234
C	-35.014	12.539	-32.023	234
N	-36.215	13.035	-32.324	235
CA	-37.447	12.195	-32.122	235
C	-37.619	11.763	-30.636	235
N	-37.266	12.647	-29.73	236
CA	-37.208	12.267	-28.3	236
C	-38.58	11.814	-27.85	236
N	-38.671	10.706	-27.101	237
CA	-39.956	10.236	-26.614	237
C	-40.325	10.813	-25.25	237
N	-40.65	12.115	-25.272	238
CA	-40.954	12.746	-24.043	238
C	-42.043	13.79	-24.296	238
N	-42.918	13.489	-25.253	239
CA	-43.972	14.476	-25.642	239
C	-45.339	13.958	-25.26	239
N	-46.059	14.744	-24.426	240
CA	-47.449	14.476	-24.166	240
C	-48.203	15.16	-25.324	240
N	-48.858	14.377	-26.182	241
CA	-49.538	14.924	-27.376	241
C	-50.994	15.225	-27.086	241
N	-51.471	16.352	-27.636	242
CA	-52.928	16.619	-27.659	242
C	-53.196	17.084	-29.089	242
N	-54.097	16.391	-29.815	243
CA	-54.352	16.81	-31.199	243
C	-55.827	17.105	-31.282	243
N	-56.174	18.385	-31.52	244
CA	-57.656	18.692	-31.542	244
C	-58.331	18.144	-32.789	244
N	-59.526	17.602	-32.629	245
CA	-60.223	16.958	-33.757	245
C	-60.858	17.91	-34.781	245
N	-61.345	19.045	-34.273	246
CA	-61.929	20.043	-35.179	246
C	-60.898	20.99	-35.713	246
N	-60.888	21.21	-37.038	247
CA	-59.87	22.096	-37.566	247
C	-60.297	23.546	-37.464	247
N	-59.308	24.425	-37.448	248
CA	-59.588	25.849	-37.653	248
C	-59.536	26.086	-39.184	248
N	-59.926	27.271	-39.622	249
CA	-60.156	27.439	-41.086	249
C	-59.179	28.462	-41.643	249
N	-58.744	28.197	-42.887	250
CA	-57.838	29.095	-43.607	250
C	-58.327	29.074	-45.079	250
N	-57.744	29.946	-45.887	251
CA	-58.046	29.976	-47.33	251
C	-56.864	29.405	-48.158	251
N	-57.122	29.125	-49.428	252
CA	-56.039	28.678	-50.31	252
C	-54.979	29.747	-50.412	252
N	-55.381	31.02	-50.446	253
CA	-54.383	32.038	-50.445	253
C	-53.392	32.004	-49.29	253
N	-53.928	31.779	-48.084	254
CA	-53.077	31.711	-46.91	254
C	-52.16	30.445	-46.967	254
N	-52.665	29.281	-47.391	255
CA	-51.775	28.091	-47.452	255
C	-50.655	28.341	-48.468	255
N	-50.969	29.08	-49.546	256
CA	-49.898	29.285	-50.507	256
C	-48.872	30.23	-49.996	256
N	-49.204	31.051	-49.024	257
CA	-48.148	31.825	-48.421	257
C	-47.001	30.941	-47.876	257
N	-47.343	29.885	-47.114	258
CA	-46.321	29.045	-46.54	258
C	-45.499	28.442	-47.671	258
N	-46.169	28.116	-48.765	259
CA	-45.509	27.497	-49.889	259
C	-44.509	28.418	-50.588	259
N	-44.56	29.706	-50.305	260
CA	-43.528	30.61	-50.903	260
C	-42.186	30.542	-50.19	260
N	-42.155	30.026	-48.974	261
CA	-40.89	29.899	-48.271	261
C	-39.934	28.947	-48.931	261
N	-38.626	29.441	-49.036	262
CA	-37.647	28.455	-49.498	262
C	-37.166	27.434	-48.447	262
N	-36.92	26.216	-48.885	263
CA	-36.334	25.202	-48.056	263
C	-34.856	25.518	-47.814	263
N	-34.32	24.978	-46.723	264
CA	-32.888	25.07	-46.434	264
C	-32.081	24.298	-47.484	264
N	-30.765	24.503	-47.518	265
CA	-29.965	23.854	-48.58	265
C	-29.674	22.372	-48.38	265
N	-30.08	21.789	-47.242	266
CA	-30.105	20.322	-47.061	266
C	-31.13	19.594	-47.916	266
N	-32.153	20.332	-48.39	267
CA	-33.318	19.74	-49.034	267
C	-33.108	19.612	-50.551	267
N	-33.642	18.564	-51.157	268
CA	-33.665	18.438	-52.653	268
C	-34.694	19.435	-53.263	268
N	-35.859	19.629	-52.638	269
CA	-36.922	20.495	-53.217	269
C	-36.602	21.953	-52.901	269
N	-36.881	22.905	-53.802	270
CA	-36.525	24.297	-53.559	270
C	-37.506	25.009	-52.614	270
N	-38.79	24.854	-52.919	271
CA	-39.884	25.495	-52.191	271
C	-40.212	24.644	-50.98	271
N	-40.486	25.273	-49.85	272
CA	-40.85	24.462	-48.637	272
C	-42.29	23.893	-48.749	272
N	-42.387	22.597	-48.578	273
CA	-43.663	21.879	-48.62	273
C	-43.334	20.426	-48.434	273
N	-44.354	19.648	-48.058	274
CA	-44.235	18.269	-47.702	274
C	-43.24	18.112	-46.58	274
N	-43.194	19.09	-45.715	275
CA	-42.366	18.992	-44.551	275
C	-43.06	18.3	-43.387	275
N	-43.405	17.067	-43.629	276
CA	-44.144	16.234	-42.62	276
C	-43.457	14.882	-42.538	276
N	-43.463	14.286	-41.346	277
CA	-42.884	12.929	-41.172	277
C	-43.956	11.919	-41.502	277
N	-43.574	10.758	-42.07	278
CA	-44.584	9.749	-42.304	278
C	-45.182	9.196	-41.025	278
N	-46.333	8.544	-41.187	279
CA	-47.052	7.95	-40.063	279
C	-46.289	6.829	-39.412	279
N	-46.311	6.817	-38.074	280
CA	-45.737	5.752	-37.242	280
C	-46.85	4.926	-36.633	280
N	-46.554	3.665	-36.302	281
CA	-47.549	2.868	-35.684	281
C	-47.678	3.239	-34.205	281
N	-48.894	3.124	-33.692	282
CA	-49.089	3.291	-32.222	282
C	-48.215	2.266	-31.46	282
N	-48.234	1.024	-31.963	283
CA	-47.433	-0.016	-31.277	283
C	-46.694	-0.875	-32.287	283
N	-45.506	-0.435	-32.683	284
CA	-44.617	-1.292	-33.527	284
C	-44.473	-2.67	-32.852	284
N	-44.109	-3.613	-33.66	285
CA	-44.072	-4.973	-33.258	285
C	-43.103	-5.24	-32.11	285
N	-42.047	-4.463	-32.051	286
CA	-41.003	-4.6	-31.071	286
C	-41.322	-3.927	-29.725	286
N	-42.512	-3.378	-29.57	287
CA	-42.746	-2.605	-28.312	287
C	-42.63	-3.457	-27.037	287
N	-42.103	-2.853	-25.975	288
CA	-42.049	-3.562	-24.707	288
C	-43.158	-3.17	-23.728	288
N	-43.965	-2.153	-24.048	289
CA	-45.15	-1.883	-23.223	289
C	-46.056	-1.021	-24.134	289
N	-47.201	-1.582	-24.473	290
CA	-48.098	-0.966	-25.484	290
C	-48.588	0.373	-24.977	290
N	-48.735	1.338	-25.894	291
CA	-49.368	2.571	-25.437	291
C	-50.805	2.555	-25.956	291
N	-51.631	3.44	-25.363	292
CA	-53.018	3.524	-25.717	292
C	-53.266	4.941	-26.269	292
N	-54.122	5.019	-27.28	293
CA	-54.621	6.332	-27.786	293
C	-55.932	6.687	-27.094	293
N	-55.934	7.845	-26.412	294
CA	-57.128	8.309	-25.666	294
C	-57.809	9.433	-26.477	294
N	-59.076	9.662	-26.163	295
CA	-59.883	10.717	-26.802	295
C	-60.591	11.442	-25.66	295
N	-60.867	12.739	-25.864	296
CA	-61.573	13.529	-24.838	296
C	-62.789	14.158	-25.555	296
N	-63.823	14.438	-24.762	297
CA	-64.97	15.223	-25.288	297
C	-65.594	16.061	-24.172	297
N	-66.407	17.088	-24.502	298
CA	-66.908	17.986	-23.43	298
C	-67.854	17.183	-22.589	298
N	-67.857	17.52	-21.292	299
CA	-68.817	17.027	-20.295	299
C	-70.244	17.268	-20.81	299
N	-70.956	16.172	-21.093	300
CA	-72.338	16.218	-21.545	300
C	-73.227	15.783	-20.408	300
N	-199.403	4.708	-58.309	1
CA	-200.05	5.99	-57.944	1
C	-199.228	6.858	-56.932	1
N	-198.056	7.41	-57.363	2
CA	-197.851	8.88	-57.253	2
C	-196.413	9.636	-57.2	2
N	-194.983	9.46	-57.216	3
CA	-193.849	10.417	-57.626	3
C	-192.224	10.67	-57.582	3
N	-191.025	10.02	-57.152	4
CA	-189.473	10.108	-57.365	4
C	-188.32	11.292	-57.104	4
N	-186.827	11.461	-57.127	5
CA	-185.599	12.458	-56.741	5
C	-183.916	12.36	-56.707	5
N	-182.705	13.268	-56.49	6
CA	-181.062	13.269	-56.357	6
C	-179.778	14.274	-55.888	6
N	-178.278	14.028	-55.799	7
CA	-176.63	14.159	-55.949	7
C	-175.336	15.138	-55.598	7
N	-173.917	15.127	-55.131	8
CA	-172.319	15.19	-55.154	8
C	-170.924	16.086	-55.421	8
N	-169.478	15.919	-55.053	9
CA	-168.053	16.724	-54.832	9
C	-166.499	16.549	-54.067	9
N	-165.065	17.092	-53.698	10
CA	-163.556	17.738	-53.971	10
C	-161.99	17.855	-53.252	10
N	-160.584	18.423	-53.559	11
CA	-158.95	18.63	-53.264	11
C	-157.542	19.105	-52.382	11
N	-156.043	19.341	-52.695	12
CA	-154.448	19.761	-52.511	12
C	-153.134	20.819	-52.2	12
N	-151.638	21.163	-52.415	13
CA	-150.042	21.168	-51.957	13
C	-148.338	21.506	-52.241	13
N	-146.941	21.836	-51.571	14
CA	-145.288	22.274	-51.522	14
C	-143.548	22.39	-51.815	14
N	-142.109	22.667	-51.247	15
CA	-140.448	22.89	-51.593	15
C	-138.991	23.452	-50.777	15
N	-137.429	23.59	-50.75	16
CA	-135.915	24.186	-50.252	16
C	-134.624	25.372	-49.97	16
N	-133.057	25.61	-49.669	17
CA	-131.348	25.732	-49.858	17
C	-129.874	26.29	-49.109	17
N	-128.292	26.3	-49.386	18
CA	-126.607	26.399	-49.216	18
C	-125.057	27.164	-48.922	18
N	-123.536	26.923	-48.757	19
CA	-121.884	27.252	-48.555	19
C	-120.409	28.195	-48.802	19
N	-118.843	28.375	-48.96	20
CA	-117.342	28.927	-48.446	20
C	-115.61	28.911	-48.69	20
N	-114.287	29.539	-48.114	21
CA	-112.684	29.995	-48.329	21
C	-111.122	29.993	-47.529	21
N	-109.596	30.192	-47.827	22
CA	-107.988	30.633	-47.548	22
C	-106.418	30.481	-46.784	22
N	-104.941	30.996	-46.705	23
CA	-103.639	31.555	-45.78	23
C	-101.892	31.741	-45.832	23
N	-100.489	32.3	-45.363	24
CA	-100.531	33.704	-45.847	24
C	-99.16	34.411	-45.782	24
N	-98.071	33.656	-45.596	25
CA	-96.734	34.23	-45.726	25
C	-95.824	33.373	-46.587	25
N	-94.799	33.99	-47.116	26
CA	-93.831	33.304	-47.943	26
C	-92.487	34.027	-47.892	26
N	-91.494	33.447	-48.538	27
CA	-90.24	34.109	-48.75	27
C	-90.108	34.748	-50.125	27
N	-90.722	34.165	-51.144	28
CA	-90.378	34.502	-52.53	28
C	-91.415	35.171	-53.428	28
N	-92.612	35.22	-52.933	29
CA	-93.839	35.828	-53.517	29
C	-93.992	37.217	-52.997	29
N	-93.769	38.086	-53.846	30
CA	-93.766	39.498	-53.427	30
C	-95.064	39.957	-52.727	30
N	-96.164	39.206	-52.871	31
CA	-97.419	39.572	-52.198	31
C	-97.442	39.225	-50.715	31
N	-96.681	38.19	-50.339	32
CA	-96.75	37.711	-48.981	32
C	-95.33	37.573	-48.342	32
N	-94.329	38.11	-49.047	33
CA	-92.882	37.988	-48.734	33
C	-92.498	38.772	-47.494	33
N	-91.236	38.658	-47.077	34
CA	-90.774	39.254	-45.79	34
C	-90.978	40.756	-45.66	34
N	-90.909	41.503	-46.777	35
CA	-91.143	43.0	-46.688	35
C	-92.592	43.328	-46.312	35
N	-93.457	42.348	-46.429	36
CA	-94.844	42.574	-46.102	36
C	-95.191	42.183	-44.699	36
N	-94.317	41.46	-43.976	37
CA	-94.77	40.858	-42.723	37
C	-95.105	41.898	-41.63	37
N	-94.423	43.035	-41.657	38
CA	-94.621	44.135	-40.654	38
C	-96.081	44.627	-40.764	38
N	-96.61	44.587	-41.995	39
CA	-98.008	44.918	-42.269	39
C	-98.96	43.781	-42.011	39
N	-98.665	42.583	-42.53	40
CA	-99.578	41.477	-42.362	40
C	-99.651	40.93	-40.964	40
N	-98.533	41.003	-40.199	41
CA	-98.51	40.465	-38.84	41
C	-97.931	41.557	-37.912	41
N	-98.656	42.674	-37.747	42
CA	-98.087	43.792	-36.951	42
C	-97.631	43.251	-35.623	42
N	-98.425	42.338	-35.111	43
CA	-98.188	41.746	-33.852	43
C	-97.477	40.371	-34.149	43
N	-96.154	40.205	-33.967	44
CA	-95.158	41.193	-33.574	44
C	-94.085	41.568	-34.642	44
N	-94.312	41.253	-35.918	45
CA	-93.304	41.524	-36.93	45
C	-92.981	43.011	-37.146	45
N	-93.806	43.886	-36.561	46
CA	-93.555	45.331	-36.617	46
C	-92.73	45.791	-35.425	46
N	-92.239	44.889	-34.557	47
CA	-91.656	45.346	-33.292	47
C	-90.188	45.83	-33.468	47
N	-89.537	46.133	-32.332	48
CA	-88.196	46.617	-32.365	48
C	-87.226	45.72	-31.571	48
N	-87.669	44.495	-31.299	49
CA	-86.751	43.472	-30.731	49
C	-86.726	42.27	-31.738	49
N	-86.516	42.55	-33.031	50
CA	-86.686	41.521	-34.055	50
C	-85.344	40.804	-34.377	50
N	-85.5	39.638	-34.988	51
CA	-84.336	38.839	-35.444	51
C	-84.597	38.497	-36.898	51
N	-83.567	38.164	-37.672	52
CA	-82.168	38.136	-37.273	52
C	-81.525	39.503	-37.274	52
N	-80.305	39.602	-36.791	53
CA	-79.554	40.875	-36.726	53
C	-78.147	40.574	-37.253	53
N	-77.446	41.641	-37.583	54
CA	-76.009	41.506	-37.866	54
C	-75.264	41.38	-36.552	54
N	-74.555	40.262	-36.371	55
CA	-73.814	40.063	-35.141	55
C	-72.46	40.709	-35.236	55
N	-72.299	41.869	-34.635	56
CA	-71.131	42.686	-34.826	56
C	-70.182	42.535	-33.671	56
N	-69.024	41.999	-33.961	57
CA	-68.106	41.61	-32.943	57
C	-67.602	42.773	-32.132	57
N	-67.286	43.868	-32.796	58
CA	-66.751	45.071	-32.142	58
C	-67.807	45.812	-31.331	58
N	-69.049	45.886	-31.798	59
CA	-70.014	46.615	-30.971	59
C	-70.464	45.812	-29.698	59
N	-70.469	44.486	-29.784	60
CA	-70.959	43.645	-28.73	60
C	-70.213	43.721	-27.379	60
N	-70.886	43.342	-26.319	61
CA	-70.311	43.328	-24.998	61
C	-69.96	41.915	-24.581	61
N	-68.667	41.711	-24.272	62
CA	-68.253	40.411	-23.735	62
C	-68.803	40.177	-22.343	62
N	-69.479	39.076	-22.098	63
CA	-69.964	38.804	-20.749	63
C	-69.375	37.451	-20.313	63
N	-68.45	37.519	-19.359	64
CA	-67.714	36.322	-18.963	64
C	-68.544	35.357	-18.13	64
N	-69.701	35.803	-17.623	65
CA	-70.605	34.929	-16.893	65
C	-71.383	33.937	-17.772	65
N	-71.392	34.161	-19.101	66
CA	-72.2	33.331	-19.943	66
C	-71.394	31.995	-20.188	66
N	-72.0	30.873	-19.823	67
CA	-71.246	29.622	-19.725	67
C	-71.363	28.764	-20.985	67
N	-70.56	27.691	-21.01	68
CA	-70.595	26.829	-22.178	68
C	-71.951	26.222	-22.323	68
N	-72.424	26.063	-23.575	69
CA	-73.708	25.435	-23.81	69
C	-73.545	23.915	-23.836	69
N	-74.479	23.202	-23.199	70
CA	-74.507	21.752	-23.286	70
C	-75.789	21.294	-23.873	70
N	-75.703	20.323	-24.787	71
CA	-76.914	19.679	-25.227	71
C	-76.918	18.196	-24.807	71
N	-78.013	17.707	-24.251	72
CA	-78.005	16.326	-23.65	72
C	-79.319	15.647	-23.822	72
N	-79.32	14.288	-23.774	73
CA	-80.495	13.483	-24.125	73
C	-81.001	12.707	-22.894	73
N	-82.294	12.513	-22.841	74
CA	-82.861	11.658	-21.834	74
C	-82.713	10.257	-22.477	74
N	-81.857	9.456	-21.859	75
CA	-81.473	8.128	-22.373	75
C	-82.595	7.081	-22.34	75
N	-83.59	7.244	-21.471	76
CA	-84.657	6.251	-21.488	76
C	-85.829	6.692	-22.395	76
N	-85.631	7.752	-23.167	77
CA	-86.592	8.103	-24.2	77
C	-86.469	7.206	-25.419	77
N	-87.518	6.728	-25.983	78
CA	-87.575	5.843	-27.14	78
C	-88.421	6.299	-28.29	78
N	-89.297	7.174	-28.061	79
CA	-90.064	7.647	-29.198	79
C	-89.228	8.09	-30.446	79
N	-89.849	8.01	-31.614	80
CA	-89.156	8.258	-32.849	80
C	-89.008	9.767	-33.219	80
N	-87.945	10.125	-33.929	81
CA	-87.933	11.487	-34.531	81
C	-88.408	11.5	-35.975	81
N	-88.969	12.63	-36.409	82
CA	-89.425	12.8	-37.784	82
C	-88.832	14.055	-38.397	82
N	-88.945	14.165	-39.703	83
CA	-88.585	15.355	-40.455	83
C	-89.757	15.643	-41.427	83
N	-90.09	16.907	-41.592	84
CA	-91.172	17.328	-42.479	84
C	-90.705	18.441	-43.432	84
N	-91.187	18.415	-44.674	85
CA	-91.075	19.561	-45.539	85
C	-92.373	20.36	-45.22	85
N	-92.278	21.443	-44.442	86
CA	-93.498	22.204	-44.08	86
C	-93.821	23.3	-45.081	86
N	-93.155	23.304	-46.237	87
CA	-93.408	24.287	-47.271	87
C	-92.467	25.47	-47.248	87
N	-91.801	25.705	-46.112	88
CA	-90.85	26.833	-46.044	88
C	-89.496	26.368	-45.443	88
N	-89.431	25.173	-44.88	89
CA	-88.098	24.673	-44.454	89
C	-88.157	23.164	-44.348	89
N	-87.006	22.553	-44.059	90
CA	-87.008	21.185	-43.627	90
C	-86.903	21.224	-42.112	90
N	-87.863	20.619	-41.44	91
CA	-87.982	20.724	-39.981	91
C	-87.946	19.352	-39.312	91
N	-86.893	19.088	-38.545	92
CA	-86.861	17.9	-37.723	92
C	-87.691	18.127	-36.481	92
N	-88.595	17.188	-36.196	93
CA	-89.447	17.26	-34.993	93
C	-89.026	16.214	-34.018	93
N	-88.569	16.656	-32.845	94
CA	-88.125	15.763	-31.811	94
C	-89.264	15.363	-30.914	94
N	-89.192	14.139	-30.383	95
CA	-90.287	13.821	-29.502	95
C	-90.089	14.588	-28.202	95
N	-91.15	14.743	-27.429	96
CA	-91.123	15.426	-26.154	96
C	-90.246	14.728	-25.17	96
N	-89.752	15.477	-24.2	97
CA	-88.947	14.931	-23.11	97
C	-87.721	14.168	-23.514	97
N	-87.082	14.568	-24.613	98
CA	-85.906	13.801	-25.03	98
C	-84.59	14.53	-25.207	98
N	-84.609	15.713	-25.839	99
CA	-83.37	16.493	-26.015	99
C	-83.494	17.801	-25.205	99
N	-82.396	18.17	-24.566	100
CA	-82.341	19.378	-23.656	100
C	-81.132	20.273	-23.871	100
N	-81.266	21.544	-23.455	101
CA	-80.126	22.398	-23.441	101
C	-79.884	22.878	-22.028	101
N	-78.617	22.965	-21.653	102
CA	-78.279	23.559	-20.385	102
C	-77.338	24.701	-20.633	102
N	-77.705	25.876	-20.077	103
CA	-76.841	27.027	-20.156	103
C	-76.054	27.249	-18.855	103
N	-76.298	26.414	-17.841	104
CA	-75.722	26.727	-16.53	104
C	-74.931	25.542	-15.981	104
N	-74.696	24.506	-16.799	105
CA	-73.936	23.33	-16.322	105
C	-74.748	22.327	-15.529	105
N	-75.986	22.647	-15.255	106
CA	-76.821	21.719	-14.565	106
C	-77.731	20.984	-15.543	106
N	-77.782	19.675	-15.422	107
CA	-78.585	18.871	-16.298	107
C	-79.987	18.612	-15.769	107
N	-80.745	19.68	-15.558	108
CA	-82.038	19.576	-14.851	108
C	-83.2	20.048	-15.714	108
N	-83.086	19.913	-17.046	109
CA	-84.232	19.964	-17.975	109
C	-84.837	21.384	-17.999	109
N	-84.011	22.414	-17.869	110
CA	-84.581	23.793	-17.929	110
C	-85.091	24.199	-19.317	110
N	-84.392	23.74	-20.372	111
CA	-84.8	24.035	-21.728	111
C	-84.957	22.698	-22.415	111
N	-86.079	22.532	-23.079	112
CA	-86.391	21.248	-23.788	112
C	-86.488	21.537	-25.254	112
N	-85.719	20.789	-26.037	113
CA	-85.709	20.968	-27.504	113
C	-86.982	20.423	-28.158	113
N	-87.536	21.209	-29.077	114
CA	-88.741	20.858	-29.786	114
C	-88.425	20.443	-31.225	114
N	-87.598	21.231	-31.924	115
CA	-87.437	20.973	-33.348	115
C	-86.152	21.601	-33.782	115
N	-85.686	21.221	-34.976	116
CA	-84.57	21.887	-35.57	116
C	-84.908	22.093	-37.022	116
N	-84.718	23.307	-37.532	117
CA	-84.977	23.53	-38.97	117
C	-83.859	24.407	-39.56	117
N	-83.914	24.673	-40.866	118
CA	-82.786	25.227	-41.562	118
C	-83.139	26.333	-42.507	118
N	-82.163	27.197	-42.771	119
CA	-82.279	28.285	-43.689	119
C	-81.087	28.195	-44.619	119
N	-81.328	28.279	-45.932	120
CA	-80.235	28.277	-46.885	120
C	-80.527	29.106	-48.134	120
N	-79.523	29.179	-48.996	121
CA	-79.5	30.051	-50.134	121
C	-79.707	29.223	-51.421	121
N	-80.165	29.916	-52.455	122
CA	-80.097	29.339	-53.823	122
C	-78.662	29.08	-54.249	122
N	-77.716	29.886	-53.765	123
CA	-76.298	29.783	-54.077	123
C	-75.514	29.77	-52.746	123
N	-74.217	29.464	-52.838	124
CA	-73.417	29.152	-51.646	124
C	-72.997	30.41	-50.896	124
N	-73.148	31.579	-51.496	125
CA	-72.688	32.807	-50.85	125
C	-73.798	33.433	-49.963	125
N	-74.93	32.777	-49.837	126
CA	-75.959	33.31	-48.913	126
C	-76.821	32.162	-48.345	126
N	-77.694	32.431	-47.355	127
CA	-78.505	31.387	-46.848	127
C	-78.835	31.61	-45.365	127
N	-77.885	32.127	-44.633	128
CA	-78.087	32.205	-43.174	128
C	-78.997	33.431	-42.912	128
N	-79.573	33.466	-41.701	129
CA	-80.46	34.603	-41.342	129
C	-79.613	35.614	-40.627	129
N	-78.913	35.181	-39.559	130
CA	-77.88	36.044	-38.992	130
C	-76.671	36.155	-39.926	130
N	-76.004	37.281	-39.825	131
CA	-74.704	37.513	-40.392	131
C	-73.74	37.745	-39.278	131
N	-72.457	37.445	-39.516	132
CA	-71.472	37.755	-38.51	132
C	-70.512	38.726	-39.145	132
N	-70.518	39.94	-38.606	133
CA	-69.794	41.106	-39.188	133
C	-70.073	41.231	-40.702	133
N	-71.353	41.163	-41.064	134
CA	-71.782	41.295	-42.444	134
C	-71.721	40.041	-43.313	134
N	-71.135	38.969	-42.789	135
CA	-70.886	37.764	-43.607	135
C	-72.042	36.775	-43.533	135
N	-72.562	36.372	-44.703	136
CA	-73.629	35.373	-44.781	136
C	-73.017	33.983	-44.938	136
N	-73.551	33.004	-44.193	137
CA	-73.137	31.58	-44.384	137
C	-74.084	30.872	-45.303	137
N	-73.711	29.687	-45.828	138
CA	-74.645	29.038	-46.775	138
C	-75.806	28.365	-46.118	138
N	-75.728	28.093	-44.796	139
CA	-76.772	27.386	-44.145	139
C	-76.769	27.762	-42.657	139
N	-77.942	28.018	-42.086	140
CA	-78.02	28.25	-40.622	140
C	-79.051	27.293	-40.095	140
N	-78.706	26.502	-39.048	141
CA	-79.741	25.68	-38.456	141
C	-80.199	26.337	-37.171	141
N	-81.468	26.143	-36.831	142
CA	-82.049	26.663	-35.591	142
C	-82.56	25.522	-34.807	142
N	-82.047	25.373	-33.587	143
CA	-82.515	24.321	-32.687	143
C	-83.419	25.089	-31.71	143
N	-84.729	24.796	-31.755	144
CA	-85.727	25.553	-31.017	144
C	-86.104	24.83	-29.748	144
N	-86.02	25.526	-28.609	145
CA	-86.382	24.89	-27.334	145
C	-87.368	25.776	-26.547	145
N	-88.078	25.198	-25.571	146
CA	-88.915	26.033	-24.729	146
C	-88.344	25.976	-23.325	146
N	-88.648	27.012	-22.559	147
CA	-88.138	27.155	-21.235	147
C	-89.057	26.35	-20.316	147
N	-88.749	25.051	-20.255	148
CA	-89.495	24.074	-19.441	148
C	-89.377	24.399	-17.978	148
N	-88.323	25.102	-17.584	149
CA	-88.206	25.627	-16.228	149
C	-89.469	26.39	-15.823	149
N	-90.067	27.087	-16.771	150
CA	-91.24	27.863	-16.475	150
C	-92.55	27.383	-17.101	150
N	-92.511	26.789	-18.276	151
CA	-93.736	26.469	-18.988	151
C	-93.788	24.962	-19.144	151
N	-94.951	24.352	-18.979	152
CA	-94.933	22.881	-19.033	152
C	-95.024	22.286	-20.447	152
N	-95.412	23.041	-21.467	153
CA	-95.375	22.475	-22.834	153
C	-94.933	23.47	-23.886	153
N	-94.577	22.995	-25.076	154
CA	-94.241	23.91	-26.148	154
C	-95.406	24.854	-26.447	154
N	-96.633	24.312	-26.479	155
CA	-97.791	25.162	-26.869	155
C	-98.023	26.291	-25.86	155
N	-97.771	26.046	-24.583	156
CA	-97.906	27.046	-23.531	156
C	-96.741	28.059	-23.679	156
N	-95.543	27.606	-24.05	157
CA	-94.372	28.538	-24.13	157
C	-94.312	29.401	-25.378	157
N	-94.747	28.85	-26.518	158
CA	-94.48	29.432	-27.817	158
C	-94.987	30.896	-27.931	158
N	-96.133	31.169	-27.283	159
CA	-96.721	32.501	-27.332	159
C	-96.479	33.347	-26.092	159
N	-95.647	32.923	-25.141	160
CA	-95.651	33.586	-23.839	160
C	-94.321	34.273	-23.551	160
N	-94.294	35.267	-22.646	161
CA	-93.004	35.985	-22.466	161
C	-91.858	35.073	-22.059	161
N	-90.718	35.289	-22.701	162
CA	-89.537	34.56	-22.297	162
C	-89.652	33.039	-22.54	162
N	-90.561	32.61	-23.432	163
CA	-90.868	31.169	-23.536	163
C	-89.856	30.309	-24.29	163
N	-89.049	30.934	-25.166	164
CA	-88.262	30.152	-26.138	164
C	-86.772	30.48	-26.042	164
N	-85.936	29.507	-26.39	165
CA	-84.49	29.799	-26.529	165
C	-84.07	29.049	-27.823	165
N	-83.409	29.747	-28.725	166
CA	-83.023	29.131	-29.998	166
C	-81.538	29.112	-30.103	166
N	-80.942	27.98	-30.569	167
CA	-79.491	27.986	-30.896	167
C	-79.349	28.099	-32.405	167
N	-78.484	28.988	-32.848	168
CA	-78.194	29.146	-34.287	168
C	-76.823	28.524	-34.521	168
N	-76.774	27.594	-35.487	169
CA	-75.504	26.917	-35.865	169
C	-75.185	27.275	-37.34	169
N	-74.099	28.017	-37.535	170
CA	-73.63	28.282	-38.896	170
C	-72.926	27.058	-39.48	170
N	-73.068	26.886	-40.791	171
CA	-72.39	25.783	-41.486	171
C	-71.565	26.417	-42.62	171
N	-70.322	25.945	-42.844	172
CA	-69.546	26.462	-43.962	172
C	-69.159	25.281	-44.877	172
N	-69.016	25.552	-46.17	173
CA	-68.722	24.492	-47.159	173
C	-67.205	24.295	-47.267	173
N	-66.759	23.015	-47.23	174
CA	-65.305	22.715	-47.469	174
C	-65.268	21.658	-48.606	174
N	-64.163	21.653	-49.334	175
CA	-63.934	20.733	-50.465	175
C	-63.373	19.4	-49.938	175
N	-62.598	19.464	-48.869	176
CA	-61.917	18.232	-48.405	176
C	-62.28	17.886	-46.972	176
N	-63.009	16.779	-46.792	177
CA	-63.419	16.374	-45.438	177
C	-63.958	14.937	-45.432	177
N	-63.723	14.173	-44.371	178
CA	-64.397	12.875	-44.227	178
C	-65.85	13.077	-43.791	178
N	-66.75	12.274	-44.346	179
CA	-68.144	12.363	-43.972	179
C	-68.369	12.446	-42.446	179
N	-67.6	11.657	-41.685	180
CA	-67.789	11.561	-40.273	180
C	-67.543	12.858	-39.542	180
N	-66.809	13.766	-40.188	181
CA	-66.447	15.037	-39.553	181
C	-67.339	16.179	-40.056	181
N	-68.318	15.857	-40.898	182
CA	-69.299	16.897	-41.3	182
C	-70.521	16.913	-40.394	182
N	-71.21	18.056	-40.388	183
CA	-72.46	18.12	-39.649	183
C	-73.462	17.018	-40.06	183
N	-73.446	16.607	-41.345	184
CA	-74.384	15.583	-41.749	184
C	-74.182	14.27	-41.048	184
N	-72.979	13.992	-40.562	185
CA	-72.828	12.782	-39.721	185
C	-73.708	12.885	-38.457	185
N	-73.716	14.07	-37.824	186
CA	-74.574	14.261	-36.658	186
C	-76.043	14.172	-37.042	186
N	-76.375	14.645	-38.247	187
CA	-77.75	14.568	-38.726	187
C	-78.079	13.14	-39.259	187
N	-77.127	12.214	-39.2	188
CA	-77.279	10.844	-39.851	188
C	-77.837	10.977	-41.247	188
N	-77.389	11.995	-41.939	189
CA	-77.776	12.222	-43.315	189
C	-79.282	12.42	-43.478	189
N	-79.983	12.751	-42.406	190
CA	-81.468	12.892	-42.452	190
C	-82.039	11.574	-43.025	190
N	-81.253	10.51	-42.827	191
CA	-81.655	9.107	-43.156	191
C	-81.948	8.997	-44.636	191
N	-81.331	9.876	-45.423	192
CA	-81.436	9.839	-46.872	192
C	-82.779	10.298	-47.371	192
N	-83.572	10.853	-46.471	193
CA	-84.918	11.289	-46.774	193
C	-85.087	12.481	-47.749	193
N	-84.113	13.387	-47.809	194
CA	-84.167	14.579	-48.675	194
C	-84.014	14.303	-50.185	194
N	-85.077	14.505	-50.964	195
CA	-85.006	14.425	-52.449	195
C	-86.165	15.238	-53.023	195
N	-86.208	15.41	-54.35	196
CA	-87.274	16.169	-55.047	196
C	-88.704	15.803	-54.719	196
N	-88.923	14.552	-54.329	197
CA	-90.269	14.049	-54.065	197
C	-90.669	14.173	-52.602	197
N	-89.783	14.727	-51.766	198
CA	-90.169	14.991	-50.379	198
C	-90.912	16.328	-50.388	198
N	-92.18	16.265	-50.765	199
CA	-93.055	17.404	-50.975	199
C	-93.8	17.799	-49.722	199
N	-94.147	19.063	-49.575	200
CA	-94.921	19.467	-48.411	200
C	-96.315	18.91	-48.529	200
N	-97.058	18.468	-47.428	201
CA	-96.447	18.689	-46.128	201
C	-95.961	17.392	-45.528	201
N	-95.378	16.567	-46.361	202
CA	-95.005	15.232	-45.981	202
C	-94.007	15.162	-44.851	202
N	-94.152	14.149	-44.031	203
CA	-93.203	13.829	-43.01	203
C	-92.681	12.417	-43.142	203
N	-91.462	12.213	-42.693	204
CA	-90.871	10.917	-42.695	204
C	-90.291	10.599	-41.326	204
N	-90.522	9.397	-40.837	205
CA	-89.505	8.993	-39.722	205
C	-87.968	8.934	-40.026	205
N	-87.072	9.41	-39.188	206
CA	-85.674	9.412	-39.478	206
C	-84.901	8.915	-38.278	206
N	-83.698	8.444	-38.493	207
CA	-82.848	8.101	-37.334	207
C	-82.637	9.371	-36.517	207
N	-82.489	9.213	-35.217	208
CA	-82.354	10.387	-34.362	208
C	-81.105	11.186	-34.733	208
N	-81.163	12.481	-34.457	209
CA	-80.054	13.39	-34.724	209
C	-79.148	13.363	-33.492	209
N	-77.847	13.199	-33.665	210
CA	-77.004	13.255	-32.513	210
C	-76.588	14.725	-32.281	210
N	-77.42	15.579	-31.659	211
CA	-77.08	16.954	-31.342	211
C	-75.859	17.069	-30.433	211
N	-75.568	16.171	-29.632	212
CA	-74.333	16.338	-28.85	212
C	-73.075	16.328	-29.733	212
N	-73.03	15.389	-30.706	213
CA	-71.947	15.404	-31.626	213
C	-71.941	16.728	-32.435	213
N	-73.115	17.177	-32.88	214
CA	-73.199	18.442	-33.66	214
C	-72.531	19.553	-32.911	214
N	-72.828	19.665	-31.61	215
CA	-72.263	20.734	-30.808	215
C	-70.745	20.608	-30.611	215
N	-70.259	19.378	-30.573	216
CA	-68.857	19.131	-30.433	216
C	-68.049	19.527	-31.701	216
N	-68.743	19.685	-32.827	217
CA	-68.093	20.095	-34.083	217
C	-67.774	21.576	-34.12	217
N	-68.208	22.359	-33.101	218
CA	-67.832	23.782	-33.026	218
C	-67.431	24.034	-31.553	218
N	-67.097	25.276	-31.219	219
CA	-66.765	25.653	-29.828	219
C	-68.026	26.132	-29.101	219
N	-68.525	25.37	-28.144	220
CA	-69.837	25.65	-27.562	220
C	-69.749	26.725	-26.451	220
N	-68.57	27.273	-26.212	221
CA	-68.398	28.438	-25.308	221
C	-68.349	29.772	-26.035	221
N	-68.264	29.757	-27.354	222
CA	-68.035	30.965	-28.097	222
C	-69.266	31.355	-28.936	222
N	-69.973	32.392	-28.514	223
CA	-71.247	32.623	-29.152	223
C	-71.646	34.089	-28.922	223
N	-72.576	34.558	-29.767	224
CA	-73.327	35.804	-29.477	224
C	-74.622	35.463	-28.733	224
N	-75.1	36.406	-27.921	225
CA	-76.291	36.163	-27.121	225
C	-77.105	37.47	-27.107	225
N	-78.422	37.377	-27.376	226
CA	-79.244	38.615	-27.268	226
C	-80.679	38.182	-27.192	226
N	-81.532	39.148	-26.77	227
CA	-83.001	38.892	-26.741	227
C	-83.617	39.347	-28.034	227
N	-84.323	38.472	-28.699	228
CA	-84.924	38.797	-30.006	228
C	-86.219	38.013	-30.238	228
N	-86.434	37.599	-31.473	229
CA	-87.759	37.162	-31.885	229
C	-87.685	35.898	-32.732	229
N	-88.839	35.268	-32.973	230
CA	-88.944	34.283	-34.054	230
C	-88.689	34.993	-35.384	230
N	-88.12	34.262	-36.351	231
CA	-87.754	34.928	-37.608	231
C	-88.77	34.588	-38.733	231
N	-89.868	33.976	-38.346	232
CA	-91.062	33.766	-39.224	232
C	-92.269	34.317	-38.479	232
N	-93.299	34.746	-39.228	233
CA	-94.5	35.306	-38.634	233
C	-95.038	34.307	-37.604	233
N	-95.51	34.764	-36.442	234
CA	-95.756	36.192	-36.116	234
C	-94.558	36.898	-35.442	234
N	-93.359	36.343	-35.575	235
CA	-92.159	37.076	-35.157	235
C	-92.193	37.461	-33.667	235
N	-92.675	36.546	-32.865	236
CA	-92.852	36.811	-31.437	236
C	-91.565	37.179	-30.734	236
N	-91.612	38.229	-29.889	237
CA	-90.399	38.759	-29.237	237
C	-90.26	38.042	-27.906	237
N	-89.999	36.731	-27.963	238
CA	-89.786	35.975	-26.733	238
C	-88.658	34.944	-26.869	238
N	-87.664	35.248	-27.7	239
CA	-86.589	34.3	-27.974	239
C	-85.265	34.747	-27.35	239
N	-84.685	33.875	-26.502	240
CA	-83.332	34.071	-26.046	240
C	-82.462	33.414	-27.132	240
N	-81.727	34.239	-27.877	241
CA	-80.901	33.76	-28.989	241
C	-79.469	33.474	-28.547	241
N	-78.927	32.394	-29.14	242
CA	-77.501	32.082	-28.921	242
C	-77.046	31.688	-30.329	242
N	-76.059	32.365	-30.893	243
CA	-75.584	32.047	-32.245	243
C	-74.071	31.758	-32.082	243
N	-73.685	30.502	-32.375	244
CA	-72.261	30.157	-32.189	244
C	-71.429	30.785	-33.28	244
N	-70.258	31.261	-32.907	245
CA	-69.448	32.024	-33.845	245
C	-68.733	31.098	-34.837	245
N	-68.338	29.945	-34.36	246
CA	-67.561	29.024	-35.24	246
C	-68.54	28.15	-35.983	246
N	-68.389	28.048	-37.321	247
CA	-69.266	27.165	-38.073	247
C	-68.856	25.674	-37.982	247
N	-69.839	24.82	-38.112	248
CA	-69.626	23.34	-38.406	248
C	-69.454	23.244	-39.933	248
N	-69.01	22.078	-40.425	249
CA	-68.546	21.99	-41.857	249
C	-69.413	20.992	-42.623	249
N	-69.72	21.328	-43.887	250
CA	-70.49	20.461	-44.753	250
C	-69.857	20.543	-46.12	250
N	-70.33	19.693	-47.05	251
CA	-69.807	19.727	-48.405	251
C	-70.829	20.333	-49.342	251
N	-70.373	20.598	-50.549	252
CA	-71.302	21.085	-51.597	252
C	-72.386	20.099	-51.901	252
N	-72.048	18.804	-51.938	253
CA	-73.109	17.838	-52.156	253
C	-74.143	17.855	-51.066	253
N	-73.734	18.154	-49.834	254
CA	-74.708	18.093	-48.75	254
C	-75.669	19.298	-48.813	254
N	-75.137	20.498	-49.084	255
CA	-75.982	21.714	-49.143	255
C	-76.987	21.501	-50.311	255
N	-76.519	20.89	-51.406	256
CA	-77.473	20.553	-52.507	256
C	-78.631	19.683	-52.229	256
N	-78.498	18.838	-51.239	257
CA	-79.572	18.0	-50.831	257
C	-80.759	18.817	-50.36	257
N	-80.511	19.888	-49.632	258
CA	-81.591	20.768	-49.213	258
C	-82.283	21.45	-50.394	258
N	-81.493	21.897	-51.347	259
CA	-81.952	22.573	-52.579	259
C	-82.894	21.775	-53.485	259
N	-82.902	20.453	-53.366	260
CA	-83.81	19.616	-54.179	260
C	-85.206	19.658	-53.625	260
N	-85.384	20.167	-52.427	261
CA	-86.72	20.136	-51.915	261
C	-87.582	21.151	-52.65	261
N	-88.841	20.851	-52.824	262
CA	-89.791	21.795	-53.385	262
C	-90.372	22.735	-52.34	262
N	-90.506	23.994	-52.694	263
CA	-91.227	24.997	-51.927	263
C	-92.726	24.744	-51.951	263
N	-93.434	25.245	-50.948	264
CA	-94.921	25.163	-50.877	264
C	-95.55	25.965	-52.017	264
N	-96.849	25.786	-52.261	265
CA	-97.513	26.505	-53.378	265
C	-97.682	28.01	-53.128	265
N	-97.649	28.446	-51.864	266
CA	-97.629	29.901	-51.501	266
C	-96.42	30.65	-52.055	266
N	-95.402	29.902	-52.488	267
CA	-94.152	30.465	-52.988	267
C	-94.128	30.592	-54.495	267
N	-93.459	31.626	-54.968	268
CA	-93.229	31.805	-56.384	268
C	-92.108	30.893	-56.888	268
N	-91.032	30.745	-56.115	269
CA	-89.874	29.956	-56.568	269
C	-90.232	28.494	-56.424	269
N	-89.809	27.65	-57.369	270
CA	-90.131	26.227	-57.253	270
C	-89.238	25.47	-56.259	270
N	-87.924	25.601	-56.39	271
CA	-87.058	24.816	-55.488	271
C	-86.852	25.627	-54.193	271
N	-86.944	24.944	-53.054	272
CA	-86.716	25.589	-51.759	272
C	-85.302	26.148	-51.631	272
N	-85.233	27.44	-51.329	273
CA	-83.969	28.145	-51.154	273
C	-84.252	29.639	-50.933	273
N	-83.288	30.333	-50.352	274
CA	-83.453	31.75	-49.931	274
C	-84.616	31.886	-48.93	274
N	-84.784	30.858	-48.111	275
CA	-85.754	30.814	-47.05	275
C	-85.165	31.443	-45.793	275
N	-84.756	32.7	-45.913	276
CA	-84.244	33.458	-44.788	276
C	-84.915	34.82	-44.769	276
N	-85.048	35.4	-43.575	277
CA	-85.592	36.736	-43.387	277
C	-84.467	37.732	-43.509	277
N	-84.757	38.967	-44.045	278
CA	-83.778	40.021	-44.096	278
C	-83.337	40.445	-42.692	278
N	-82.152	41.009	-42.646	279
CA	-81.549	41.546	-41.422	279
C	-82.383	42.682	-40.811	279
N	-82.587	42.584	-39.494	280
CA	-83.22	43.635	-38.726	280
C	-82.221	44.455	-37.93	280
N	-82.536	45.682	-37.544	281
CA	-81.636	46.426	-36.696	281
C	-81.694	45.999	-35.248	281
N	-80.549	46.036	-34.571	282
CA	-80.57	45.782	-33.119	282
C	-81.484	46.787	-32.405	282
N	-81.371	48.083	-32.739	283
CA	-82.254	49.085	-32.065	283
C	-82.86	50.038	-33.128	283
N	-83.968	49.632	-33.733	284
CA	-84.721	50.585	-34.58	284
C	-84.973	51.887	-33.792	284
N	-85.33	52.936	-34.554	285
CA	-85.388	54.28	-33.931	285
C	-86.539	54.43	-32.95	285
N	-87.53	53.571	-33.047	286
CA	-88.695	53.654	-32.187	286
C	-88.545	52.835	-30.9	286
N	-87.395	52.193	-30.712	287
CA	-87.274	51.421	-29.439	287
C	-87.485	52.272	-28.151	287
N	-88.12	51.677	-27.139	288
CA	-88.324	52.393	-25.867	288
C	-87.378	51.828	-24.792	288
N	-86.564	50.82	-25.147	289
CA	-85.513	50.383	-24.181	289
C	-84.514	49.595	-25.053	289
N	-83.335	50.169	-25.243	290
CA	-82.369	49.523	-26.186	290
C	-81.927	48.158	-25.705	290
N	-81.759	47.247	-26.657	291
CA	-81.117	45.986	-26.238	291
C	-79.631	46.016	-26.579	291
N	-78.932	45.092	-25.895	292
CA	-77.445	45.029	-26.056	292
C	-77.114	43.617	-26.622	292
N	-76.132	43.597	-27.53	293
CA	-75.714	42.3	-28.12	293
C	-74.482	41.866	-27.209	293
N	-74.551	40.659	-26.637	294
CA	-73.495	40.143	-25.765	294
C	-72.706	39.068	-26.541	294
N	-71.509	38.759	-26.047	295
CA	-70.782	37.624	-26.629	295
C	-70.106	36.873	-25.482	295
N	-69.824	35.588	-25.722	296
CA	-69.338	34.709	-24.63	296
C	-68.072	34.073	-25.212	296
N	-67.162	33.709	-24.321	297
CA	-65.989	32.917	-24.769	297
C	-65.498	32.085	-23.567	297
N	-64.637	31.073	-23.838	298
CA	-64.32	30.07	-22.787	298
C	-63.51	30.767	-21.718	298
N	-63.656	30.268	-20.464	299
CA	-62.854	30.663	-19.281	299
C	-61.378	30.542	-19.686	299
N	-60.685	31.693	-19.764	300
CA	-59.437	31.877	-20.515	300
C	-58.618	33.049	-19.992	300
