ATOM	X	Y	Z	RESIDUE
N	13.6	-0.496	6.632	1
CA	13.296	-1.49	7.659	1
C	12.181	-1.019	8.594	1
N	11.027	-0.708	8.013	2
CA	9.891	-0.203	8.772	2
C	9.273	-1.298	9.633	2
N	8.509	-0.889	10.637	3
CA	7.811	-1.843	11.485	3
C	6.805	-2.643	10.665	3
N	6.502	-3.842	11.143	4
CA	5.515	-4.679	10.492	4
C	5.16	-5.864	11.365	4
N	4.828	-6.987	10.737	5
CA	4.448	-8.17	11.497	5
C	5.306	-9.38	11.128	5
N	6.448	-9.131	10.502	6
CA	7.348	-10.219	10.147	6
C	8.305	-10.608	11.262	6
N	9.146	-11.604	10.987	7
CA	10.13	-12.078	11.959	7
C	11.117	-11.0	12.398	7
N	11.494	-10.116	11.481	8
CA	12.553	-9.172	11.795	8
C	12.069	-7.759	12.105	8
N	10.768	-7.521	11.961	9
CA	10.222	-6.196	12.231	9
C	8.894	-6.23	12.994	9
N	8.568	-7.393	13.558	10
CA	7.312	-7.601	14.265	10
C	7.211	-6.964	15.644	10
N	6.092	-7.233	16.337	11
CA	5.799	-6.619	17.641	11
C	6.949	-6.65	18.651	11
N	7.772	-7.691	18.674	12
CA	8.866	-7.744	19.643	12
C	9.998	-6.772	19.308	12
N	9.941	-6.167	18.123	13
CA	10.967	-5.219	17.695	13
C	10.53	-3.77	17.84	13
N	9.227	-3.552	17.968	14
CA	8.687	-2.2	17.879	14
C	9.28	-1.229	18.897	14
N	9.646	-1.741	20.066	15
CA	10.119	-0.883	21.15	15
C	11.374	-0.086	20.782	15
N	12.141	-0.578	19.811	16
CA	13.381	0.099	19.43	16
C	13.096	1.443	18.772	16
N	12.076	1.49	17.922	17
CA	11.641	2.758	17.347	17
C	10.618	3.493	18.2	17
N	9.86	2.747	19.003	18
CA	8.732	3.287	19.75	18
C	8.805	2.797	21.184	18
N	9.647	3.446	21.996	19
CA	9.914	2.973	23.357	19
C	8.66	2.839	24.22	19
N	7.603	3.577	23.881	20
CA	6.352	3.507	24.629	20
C	5.744	2.107	24.505	20
N	6.299	1.3	23.603	21
CA	5.871	-0.098	23.452	21
C	5.929	-0.852	24.781	21
N	6.818	-0.418	25.67	22
CA	6.983	-1.041	26.984	22
C	6.384	-0.159	28.085	22
N	5.424	0.68	27.709	23
CA	4.822	1.627	28.634	23
C	3.842	1.061	29.647	23
N	3.183	1.967	30.361	24
CA	2.31	1.601	31.47	24
C	0.864	1.28	31.093	24
N	0.434	1.631	29.884	25
CA	-0.957	1.365	29.493	25
C	-1.031	0.947	28.028	25
N	-0.301	-0.121	27.708	26
CA	-0.265	-0.637	26.346	26
C	-1.407	-1.601	26.057	26
N	-1.768	-1.684	24.781	27
CA	-2.832	-2.564	24.314	27
C	-2.3	-3.418	23.167	27
N	-2.949	-4.559	22.908	28
CA	-4.125	-5.106	23.594	28
C	-3.739	-5.764	24.911	28
N	-4.725	-6.314	25.616	29
CA	-4.481	-7.094	26.828	29
C	-5.367	-8.325	26.83	29
N	-5.022	-9.278	27.688	30
CA	-5.921	-10.376	27.981	30
C	-6.998	-9.875	28.933	30
N	-8.242	-10.214	28.624	31
CA	-9.351	-9.872	29.498	31
C	-9.671	-11.098	30.337	31
N	-9.276	-11.042	31.606	32
CA	-9.595	-12.116	32.531	32
C	-10.994	-11.861	33.084	32
N	-11.947	-12.655	32.609	33
CA	-13.36	-12.39	32.861	33
C	-13.729	-12.517	34.323	33
N	-12.961	-13.314	35.056	34
CA	-13.258	-13.505	36.463	34
C	-12.695	-12.39	37.354	34
N	-11.707	-11.655	36.849	35
CA	-11.086	-10.558	37.589	35
C	-11.644	-9.175	37.194	35
N	-12.325	-9.105	36.051	36
CA	-12.985	-7.859	35.642	36
C	-14.086	-7.526	36.646	36
N	-14.162	-6.257	37.024	37
CA	-15.11	-5.803	38.039	37
C	-16.338	-5.151	37.397	37
N	-17.529	-5.655	37.705	38
CA	-18.738	-4.945	37.299	38
C	-18.739	-3.548	37.906	38
N	-19.02	-2.549	37.077	39
CA	-19.021	-1.156	37.521	39
C	-20.401	-0.534	37.314	39
N	-21.172	-0.396	38.403	40
CA	-22.542	0.127	38.311	40
C	-22.596	1.592	37.879	40
N	-21.473	2.297	37.955	41
CA	-21.444	3.71	37.583	41
C	-21.306	3.913	36.07	41
N	-21.055	2.827	35.344	42
CA	-20.98	2.892	33.887	42
C	-22.367	3.112	33.288	42
N	-22.477	4.066	32.368	43
CA	-23.743	4.317	31.675	43
C	-23.882	3.409	30.46	43
N	-25.108	3.274	29.925	44
CA	-25.215	2.448	28.72	44
C	-24.447	3.109	27.585	44
N	-23.848	2.292	26.736	45
CA	-23.127	2.793	25.585	45
C	-24.121	3.357	24.573	45
N	-23.749	4.449	23.914	46
CA	-24.564	5.042	22.86	46
C	-23.795	5.024	21.544	46
N	-24.262	4.211	20.607	47
CA	-23.661	4.111	19.284	47
C	-24.655	4.693	18.289	47
N	-24.364	5.879	17.77	48
CA	-25.279	6.547	16.853	48
C	-24.636	6.623	15.486	48
N	-24.95	5.639	14.646	49
CA	-24.33	5.511	13.336	49
C	-25.293	5.763	12.178	49
N	-26.512	6.205	12.478	50
CA	-27.536	6.335	11.436	50
C	-27.159	7.321	10.326	50
N	-26.347	8.32	10.656	51
CA	-25.969	9.342	9.684	51
C	-24.542	9.163	9.177	51
N	-23.97	7.986	9.417	52
CA	-22.601	7.72	8.996	52
C	-22.397	7.95	7.496	52
N	-21.253	8.534	7.146	53
CA	-20.884	8.745	5.752	53
C	-19.534	8.113	5.484	53
N	-19.542	6.89	4.964	54
CA	-18.296	6.253	4.569	54
C	-17.807	6.896	3.277	54
N	-16.493	6.961	3.097	55
CA	-15.949	7.565	1.887	55
C	-15.095	6.647	1.018	55
N	-14.204	5.89	1.646	56
CA	-13.118	5.265	0.92	56
C	-12.636	4.074	1.72	56
N	-12.033	3.121	1.027	57
CA	-11.368	1.991	1.673	57
C	-9.919	1.982	1.19	57
N	-8.981	1.806	2.118	58
CA	-7.563	1.945	1.821	58
C	-6.761	0.769	2.37	58
N	-5.934	0.153	1.532	59
CA	-4.928	-0.79	2.021	59
C	-3.685	0.016	2.383	59
N	-3.385	0.124	3.674	60
CA	-2.259	0.95	4.108	60
C	-0.989	0.154	4.401	60
N	-0.972	-1.119	4.01	61
CA	0.206	-1.938	4.207	61
C	0.224	-2.73	5.499	61
N	-0.668	-2.406	6.434	62
CA	-0.798	-3.22	7.656	62
C	-2.214	-3.69	7.958	62
N	-3.193	-3.047	7.332	63
CA	-4.588	-3.459	7.407	63
C	-5.314	-2.742	6.271	63
N	-6.633	-2.858	6.221	64
CA	-7.407	-1.953	5.384	64
C	-8.323	-1.089	6.259	64
N	-8.414	0.192	5.925	65
CA	-9.245	1.119	6.678	65
C	-10.445	1.528	5.843	65
N	-11.634	1.382	6.41	66
CA	-12.821	2.006	5.849	66
C	-12.967	3.362	6.533	66
N	-12.83	4.425	5.744	67
CA	-12.735	5.785	6.264	67
C	-14.068	6.487	6.171	67
N	-14.318	7.382	7.121	68
CA	-15.577	8.11	7.215	68
C	-15.36	9.612	7.209	68
N	-16.386	10.343	6.789	69
CA	-16.401	11.797	6.931	69
C	-16.563	12.128	8.411	69
N	-15.504	12.657	9.013	70
CA	-15.532	13.013	10.427	70
C	-15.448	14.524	10.619	70
N	-15.91	15.274	9.62	71
CA	-15.904	16.742	9.692	71
C	-17.19	17.298	10.309	71
N	-18.075	16.399	10.737	72
CA	-19.311	16.742	11.432	72
C	-19.695	15.587	12.336	72
N	-20.555	15.851	13.319	73
CA	-21.084	14.8	14.184	73
C	-22.104	13.994	13.389	73
N	-21.636	12.928	12.747	74
CA	-22.487	12.086	11.901	74
C	-22.595	10.656	12.416	74
N	-21.469	10.126	12.876	75
CA	-21.397	8.776	13.418	75
C	-20.618	8.897	14.712	75
N	-21.317	8.817	15.839	76
CA	-20.673	9.101	17.113	76
C	-20.889	8.036	18.177	76
N	-19.897	7.941	19.049	77
CA	-19.943	7.084	20.205	77
C	-19.942	7.986	21.437	77
N	-20.813	7.671	22.382	78
CA	-20.96	8.42	23.627	78
C	-21.375	7.463	24.741	78
N	-21.412	7.963	25.973	79
CA	-21.893	7.168	27.089	79
C	-20.889	6.121	27.514	79
N	-21.368	5.072	28.173	80
CA	-20.461	4.096	28.742	80
C	-19.468	4.767	29.675	80
N	-18.168	4.514	29.467	81
CA	-17.147	5.136	30.316	81
C	-16.766	6.531	29.844	81
N	-17.329	6.958	28.719	82
CA	-16.85	8.154	28.04	82
C	-17.521	9.421	28.535	82
N	-16.733	10.486	28.597	83
CA	-17.248	11.832	28.774	83
C	-17.152	12.513	27.415	83
N	-18.241	13.131	26.98	84
CA	-18.258	13.81	25.701	84
C	-18.55	12.918	24.502	84
N	-18.226	13.432	23.321	85
CA	-18.637	12.852	22.052	85
C	-17.401	12.456	21.261	85
N	-17.379	11.215	20.783	86
CA	-16.28	10.733	19.964	86
C	-16.775	10.398	18.553	86
N	-16.1	10.923	17.531	87
CA	-16.505	10.765	16.135	87
C	-15.798	9.611	15.463	87
N	-16.563	8.811	14.723	88
CA	-15.982	7.72	13.959	88
C	-15.127	8.262	12.82	88
N	-13.871	7.833	12.772	89
CA	-12.972	8.206	11.678	89
C	-12.675	7.052	10.715	89
N	-12.504	5.839	11.244	90
CA	-12.272	4.677	10.385	90
C	-12.524	3.422	11.173	90
N	-12.778	2.327	10.465	91
CA	-12.68	1.011	11.087	91
C	-11.747	0.127	10.278	91
N	-11.198	-0.88	10.947	92
CA	-10.316	-1.846	10.321	92
C	-10.346	-3.12	11.139	92
N	-9.668	-4.146	10.632	93
CA	-9.62	-5.441	11.315	93
C	-8.178	-5.911	11.512	93
N	-8.031	-6.873	12.414	94
CA	-6.816	-7.664	12.58	94
C	-7.248	-9.107	12.454	94
N	-6.457	-9.924	11.765	95
CA	-6.868	-11.307	11.551	95
C	-5.683	-12.232	11.412	95
N	-5.974	-13.53	11.435	96
CA	-4.922	-14.521	11.455	96
C	-4.741	-15.251	10.136	96
N	-3.708	-16.082	10.084	97
CA	-3.509	-16.996	8.965	97
C	-4.343	-18.268	9.146	97
N	-4.865	-18.464	10.356	98
CA	-5.63	-19.644	10.754	98
C	-6.791	-19.174	11.627	98
N	-7.896	-19.912	11.642	99
CA	-9.065	-19.468	12.418	99
C	-8.783	-19.374	13.92	99
N	-7.765	-20.094	14.396	100
CA	-7.473	-20.134	15.824	100
C	-6.665	-18.963	16.371	100
N	-6.362	-17.99	15.518	101
CA	-5.662	-16.796	15.971	101
C	-6.057	-15.618	15.084	101
N	-5.755	-14.407	15.544	102
CA	-6.041	-13.226	14.755	102
C	-6.465	-12.047	15.603	102
N	-7.141	-12.305	16.717	103
CA	-7.542	-11.186	17.564	103
C	-6.353	-10.641	18.354	103
N	-6.485	-9.387	18.76	104
CA	-5.488	-8.684	19.568	104
C	-5.825	-8.839	21.05	104
N	-7.016	-8.407	21.451	105
CA	-7.486	-8.776	22.775	105
C	-7.778	-10.265	22.811	105
N	-7.632	-10.838	23.995	106
CA	-8.01	-12.222	24.214	106
C	-8.953	-12.246	25.408	106
N	-9.714	-13.326	25.532	107
CA	-10.676	-13.441	26.623	107
C	-10.359	-14.737	27.356	107
N	-9.903	-14.625	28.6	108
CA	-9.392	-15.792	29.325	108
C	-8.414	-16.585	28.453	108
N	-7.525	-15.834	27.809	109
CA	-6.47	-16.321	26.916	109
C	-6.954	-16.866	25.564	109
N	-8.271	-16.893	25.349	110
CA	-8.839	-17.318	24.073	110
C	-8.596	-16.278	22.988	110
N	-8.076	-16.743	21.857	111
CA	-7.916	-15.922	20.657	111
C	-9.084	-16.154	19.702	111
N	-9.64	-15.068	19.175	112
CA	-10.648	-15.161	18.132	112
C	-9.997	-15.087	16.759	112
N	-10.765	-15.401	15.721	113
CA	-10.248	-15.416	14.346	113
C	-9.857	-14.028	13.834	113
N	-10.521	-13.011	14.366	114
CA	-10.247	-11.636	13.966	114
C	-10.855	-10.672	14.974	114
N	-10.537	-9.395	14.817	115
CA	-11.03	-8.372	15.717	115
C	-11.212	-7.097	14.913	115
N	-12.401	-6.523	15.035	116
CA	-12.787	-5.274	14.379	116
C	-12.569	-4.104	15.338	116
N	-11.929	-3.046	14.849	117
CA	-11.704	-1.833	15.63	117
C	-12.378	-0.668	14.956	117
N	-13.384	-0.105	15.631	118
CA	-14.045	1.12	15.183	118
C	-13.436	2.27	15.956	118
N	-12.703	3.117	15.247	119
CA	-11.86	4.123	15.885	119
C	-12.527	5.487	15.894	119
N	-12.653	6.074	17.089	120
CA	-13.327	7.368	17.27	120
C	-12.424	8.355	17.999	120
N	-12.542	9.646	17.679	121
CA	-11.773	10.658	18.414	121
C	-12.656	11.674	19.128	121
N	-12.145	12.148	20.262	122
CA	-12.842	13.09	21.132	122
C	-12.955	14.477	20.496	122
N	-14.182	14.921	20.255	123
CA	-14.393	16.167	19.516	123
C	-13.865	17.4	20.253	123
N	-13.588	17.288	21.55	124
CA	-13.063	18.45	22.267	124
C	-11.626	18.776	21.852	124
N	-11.0	17.876	21.102	125
CA	-9.64	18.106	20.626	125
C	-9.547	18.529	19.157	125
N	-10.683	18.65	18.474	126
CA	-10.694	19.31	17.172	126
C	-10.354	18.453	15.962	126
N	-9.326	17.618	16.081	127
CA	-9.09	16.619	15.052	127
C	-8.281	15.448	15.576	127
N	-8.174	14.42	14.746	128
CA	-7.56	13.166	15.141	128
C	-6.112	13.33	15.573	128
N	-5.342	14.124	14.828	129
CA	-3.937	14.288	15.151	129
C	-3.697	14.895	16.531	129
N	-4.551	15.83	16.941	130
CA	-4.445	16.409	18.27	130
C	-4.939	15.409	19.314	130
N	-5.996	14.683	18.97	131
CA	-6.614	13.76	19.911	131
C	-5.649	12.664	20.345	131
N	-4.831	12.155	19.424	132
CA	-3.928	11.044	19.785	132
C	-2.837	11.476	20.765	132
N	-2.708	12.782	20.981	133
CA	-1.735	13.293	21.945	133
C	-2.342	13.461	23.339	133
N	-3.594	13.039	23.504	134
CA	-4.295	13.212	24.783	134
C	-4.63	11.862	25.409	134
N	-4.595	11.77	26.749	135
CA	-4.873	10.478	27.383	135
C	-6.316	9.998	27.185	135
N	-7.237	10.921	26.913	136
CA	-8.627	10.571	26.625	136
C	-9.008	10.981	25.196	136
N	-8.059	10.855	24.278	137
CA	-8.259	11.334	22.921	137
C	-9.093	10.454	22.009	137
N	-8.993	9.138	22.21	138
CA	-9.662	8.182	21.34	138
C	-10.542	7.244	22.126	138
N	-11.585	6.756	21.462	139
CA	-12.347	5.636	21.98	139
C	-12.4	4.599	20.872	139
N	-11.929	3.392	21.155	140
CA	-11.968	2.351	20.134	140
C	-12.915	1.25	20.586	140
N	-13.905	0.984	19.745	141
CA	-14.858	-0.09	19.982	141
C	-14.332	-1.349	19.312	141
N	-14.021	-2.355	20.128	142
CA	-13.459	-3.6	19.636	142
C	-14.504	-4.699	19.631	142
N	-14.571	-5.443	18.535	143
CA	-15.577	-6.488	18.377	143
C	-14.896	-7.74	17.848	143
N	-15.091	-8.85	18.536	144
CA	-14.456	-10.098	18.121	144
C	-15.206	-10.737	16.965	144
N	-14.467	-11.431	16.105	145
CA	-15.046	-12.211	15.02	145
C	-14.711	-13.68	15.215	145
N	-15.74	-14.517	15.155	146
CA	-15.549	-15.959	15.108	146
C	-16.065	-16.482	13.77	146
N	-15.541	-17.629	13.349	147
CA	-15.939	-18.221	12.078	147
C	-17.147	-19.149	12.261	147
N	-18.188	-18.901	11.479	148
CA	-19.407	-19.697	11.54	148
C	-20.31	-19.264	10.407	148
N	-21.485	-18.733	10.737	149
CA	-22.374	-18.172	9.726	149
C	-21.799	-16.872	9.17	149
N	-22.173	-16.536	7.94	150
CA	-21.729	-15.293	7.323	150
C	-22.361	-14.091	8.017	150
N	-21.643	-12.971	8.004	151
CA	-22.212	-11.704	8.43	151
C	-22.588	-10.923	7.175	151
N	-23.89	-10.815	6.895	152
CA	-24.345	-10.176	5.655	152
C	-23.831	-8.746	5.535	152
N	-23.772	-8.026	6.649	153
CA	-23.34	-6.641	6.637	153
C	-21.868	-6.449	6.329	153
N	-21.103	-7.534	6.37	154
CA	-19.684	-7.466	6.042	154
C	-19.406	-7.693	4.566	154
N	-20.379	-8.225	3.832	155
CA	-20.065	-8.707	2.496	155
C	-19.627	-7.59	1.556	155
N	-20.219	-6.402	1.676	156
CA	-19.826	-5.286	0.824	156
C	-18.333	-4.989	0.994	156
N	-17.843	-5.12	2.225	157
CA	-16.421	-4.92	2.476	157
C	-15.592	-6.012	1.793	157
N	-15.988	-7.267	1.978	158
CA	-15.212	-8.372	1.434	158
C	-15.137	-8.274	-0.093	158
N	-16.208	-7.814	-0.719	159
CA	-16.223	-7.849	-2.176	159
C	-15.373	-6.776	-2.854	159
N	-15.043	-5.706	-2.13	160
CA	-14.2	-4.652	-2.69	160
C	-12.7	-4.914	-2.481	160
N	-12.364	-5.928	-1.682	161
CA	-10.967	-6.174	-1.327	161
C	-10.054	-6.482	-2.522	161
N	-10.62	-7.096	-3.561	162
CA	-9.875	-7.379	-4.786	162
C	-9.32	-6.105	-5.41	162
N	-10.041	-5.001	-5.239	163
CA	-9.646	-3.738	-5.845	163
C	-8.576	-2.994	-5.036	163
N	-8.292	-3.469	-3.824	164
CA	-7.256	-2.859	-2.999	164
C	-6.277	-3.911	-2.461	164
N	-5.876	-4.823	-3.338	165
CA	-5.072	-5.956	-2.925	165
C	-3.764	-5.543	-2.282	165
N	-3.147	-4.484	-2.804	166
CA	-1.787	-4.134	-2.406	166
C	-1.675	-2.775	-1.7	166
N	-0.59	-2.623	-0.956	167
CA	-0.3	-1.426	-0.182	167
C	-0.395	-0.152	-1.007	167
N	-1.18	0.809	-0.526	168
CA	-1.295	2.09	-1.204	168
C	-2.516	2.21	-2.095	168
N	-3.181	1.091	-2.367	169
CA	-4.4	1.102	-3.167	169
C	-5.608	1.547	-2.355	169
N	-6.437	2.392	-2.951	170
CA	-7.686	2.801	-2.34	170
C	-8.817	2.692	-3.357	170
N	-10.041	2.644	-2.847	171
CA	-11.231	2.597	-3.685	171
C	-12.363	3.393	-3.05	171
N	-13.196	3.997	-3.888	172
CA	-14.412	4.632	-3.398	172
C	-15.212	3.605	-2.61	172
N	-15.746	4.032	-1.471	173
CA	-16.53	3.139	-0.622	173
C	-17.568	3.959	0.122	173
N	-18.563	4.443	-0.616	174
CA	-19.613	5.256	-0.023	174
C	-20.826	4.427	0.384	174
N	-21.634	5.007	1.267	175
CA	-22.921	4.453	1.658	175
C	-22.814	3.112	2.373	175
N	-21.68	2.868	3.024	176
CA	-21.571	1.659	3.828	176
C	-22.058	1.923	5.245	176
N	-22.91	1.035	5.75	177
CA	-23.547	1.216	7.052	177
C	-22.86	0.337	8.098	177
N	-22.082	0.946	9.006	178
CA	-21.327	0.108	9.954	178
C	-22.215	-0.55	11.019	178
N	-23.487	-0.169	11.081	179
CA	-24.408	-0.833	12.009	179
C	-24.539	-2.322	11.688	179
N	-24.263	-2.692	10.435	180
CA	-24.366	-4.08	10.023	180
C	-23.231	-4.951	10.527	180
N	-22.302	-4.356	11.272	181
CA	-21.158	-5.088	11.813	181
C	-21.262	-5.315	13.32	181
N	-22.351	-4.838	13.93	182
CA	-22.528	-4.899	15.39	182
C	-23.277	-6.137	15.841	182
N	-22.852	-6.717	16.965	183
CA	-23.624	-7.834	17.511	183
C	-24.9	-7.319	18.172	183
N	-25.736	-8.233	18.641	184
CA	-26.983	-7.868	19.285	184
C	-26.76	-7.083	20.581	184
N	-25.89	-7.601	21.442	185
CA	-25.651	-6.996	22.748	185
C	-24.517	-5.982	22.73	185
N	-24.677	-4.906	23.498	186
CA	-23.608	-3.92	23.69	186
C	-22.898	-4.068	25.053	186
N	-23.097	-5.2	25.731	187
CA	-22.345	-5.492	26.953	187
C	-20.856	-5.416	26.622	187
N	-20.077	-4.783	27.495	188
CA	-18.674	-4.541	27.183	188
C	-17.759	-4.592	28.403	188
N	-16.468	-4.736	28.119	189
CA	-15.41	-4.481	29.087	189
C	-14.712	-3.184	28.683	189
N	-14.157	-2.466	29.646	190
CA	-13.475	-1.217	29.306	190
C	-12.227	-1.014	30.16	190
N	-11.181	-0.458	29.553	191
CA	-9.948	-0.17	30.269	191
C	-9.171	0.888	29.498	191
N	-8.242	1.587	30.169	192
CA	-7.421	2.577	29.462	192
C	-6.21	1.925	28.81	192
N	-5.975	2.245	27.541	193
CA	-4.884	1.616	26.826	193
C	-4.321	2.475	25.726	193
N	-3.93	1.827	24.641	194
CA	-3.14	2.484	23.603	194
C	-3.571	2.077	22.206	194
N	-3.013	2.76	21.213	195
CA	-3.038	2.249	19.848	195
C	-2.302	0.923	19.845	195
N	-2.737	-0.014	19.011	196
CA	-2.034	-1.303	18.953	196
C	-1.047	-1.394	17.793	196
N	-0.936	-0.316	17.017	197
CA	0.111	-0.18	16.002	197
C	0.944	1.051	16.312	197
N	2.202	1.049	15.866	198
CA	2.996	2.268	16.027	198
C	2.219	3.475	15.479	198
N	2.248	4.612	16.185	199
CA	3.128	4.974	17.308	199
C	2.743	4.498	18.724	199
N	1.756	3.613	18.852	200
CA	1.447	2.979	20.148	200
C	1.082	3.979	21.244	200
N	0.525	5.118	20.846	201
CA	0.276	6.193	21.799	201
C	-0.797	5.799	22.806	201
N	-0.589	6.234	24.041	202
CA	-1.448	5.863	25.156	202
C	-2.618	6.824	25.315	202
N	-3.528	6.754	24.343	203
CA	-4.563	7.767	24.165	203
C	-5.952	7.157	24.028	203
N	-6.091	5.87	24.338	204
CA	-7.321	5.151	23.996	204
C	-8.114	4.674	25.198	204
N	-9.406	5.003	25.229	205
CA	-10.344	4.293	26.081	205
C	-10.867	3.124	25.261	205
N	-10.5	1.918	25.671	206
CA	-10.942	0.714	24.989	206
C	-12.302	0.268	25.48	206
N	-13.178	-0.044	24.534	207
CA	-14.493	-0.596	24.843	207
C	-14.63	-1.863	24.0	207
N	-14.553	-3.02	24.652	208
CA	-14.509	-4.298	23.943	208
C	-15.794	-5.052	24.209	208
N	-16.548	-5.325	23.148	209
CA	-17.831	-6.001	23.298	209
C	-17.647	-7.465	23.678	209
N	-18.501	-7.927	24.585	210
CA	-18.48	-9.318	25.035	210
C	-18.944	-10.287	23.948	210
N	-19.95	-9.885	23.173	211
CA	-20.52	-10.778	22.17	211
C	-19.792	-10.663	20.836	211
N	-19.201	-11.76	20.354	212
CA	-18.553	-11.716	19.04	212
C	-19.588	-11.706	17.92	212
N	-19.179	-11.278	16.732	213
CA	-20.011	-11.489	15.554	213
C	-19.472	-12.72	14.837	213
N	-20.339	-13.385	14.08	214
CA	-19.924	-14.527	13.283	214
C	-19.721	-14.102	11.843	214
N	-18.644	-14.588	11.238	215
CA	-18.407	-14.378	9.816	215
C	-18.133	-15.737	9.199	215
N	-18.243	-15.852	7.883	216
CA	-18.074	-17.17	7.274	216
C	-16.608	-17.438	6.986	216
N	-16.273	-18.712	6.829	217
CA	-14.93	-19.073	6.411	217
C	-14.579	-18.377	5.089	217
N	-15.541	-18.269	4.175	218
CA	-15.281	-17.608	2.894	218
C	-14.953	-16.128	3.08	218
N	-15.65	-15.486	4.01	219
CA	-15.381	-14.084	4.298	219
C	-13.962	-13.861	4.829	219
N	-13.557	-14.631	5.837	220
CA	-12.217	-14.434	6.38	220
C	-11.128	-14.871	5.377	220
N	-11.425	-15.884	4.568	221
CA	-10.487	-16.3	3.526	221
C	-10.149	-15.147	2.586	221
N	-11.128	-14.29	2.319	222
CA	-10.902	-13.15	1.442	222
C	-10.035	-12.072	2.097	222
N	-10.155	-11.894	3.416	223
CA	-9.196	-11.059	4.15	223
C	-7.766	-11.539	3.876	223
N	-7.589	-12.857	3.873	224
CA	-6.263	-13.468	3.809	224
C	-5.65	-13.428	2.408	224
N	-6.398	-12.91	1.437	225
CA	-5.868	-12.769	0.078	225
C	-5.234	-11.403	-0.146	225
N	-5.432	-10.495	0.803	226
CA	-4.783	-9.189	0.717	226
C	-3.264	-9.307	0.82	226
N	-2.572	-8.238	0.428	227
CA	-1.11	-8.199	0.436	227
C	-0.576	-7.088	1.342	227
N	0.507	-7.377	2.065	228
CA	1.226	-6.353	2.822	228
C	2.024	-5.483	1.862	228
N	2.476	-6.098	0.776	229
CA	3.377	-5.443	-0.172	229
C	2.653	-4.535	-1.152	229
N	3.416	-3.675	-1.821	230
CA	2.89	-2.896	-2.925	230
C	2.849	-3.696	-4.215	230
N	2.113	-3.177	-5.191	231
CA	2.03	-3.784	-6.511	231
C	3.418	-3.849	-7.148	231
N	3.748	-5.001	-7.719	232
CA	5.036	-5.167	-8.368	232
C	6.145	-5.525	-7.399	232
N	5.781	-5.758	-6.14	233
CA	6.733	-6.23	-5.139	233
C	6.427	-7.692	-4.824	233
N	7.391	-8.407	-4.218	234
CA	7.158	-9.821	-3.899	234
C	5.932	-10.0	-3.0	234
N	5.069	-10.951	-3.34	235
CA	3.811	-11.13	-2.621	235
C	3.992	-11.673	-1.215	235
N	3.489	-10.918	-0.252	236
CA	3.41	-11.418	1.107	236
C	1.988	-11.213	1.6	236
N	1.333	-12.321	1.917	237
CA	-0.071	-12.274	2.297	237
C	-0.255	-11.465	3.566	237
N	-1.272	-10.608	3.563	238
CA	-1.62	-9.835	4.749	238
C	-2.392	-10.754	5.688	238
N	-1.641	-11.416	6.561	239
CA	-2.209	-12.283	7.586	239
C	-1.414	-12.087	8.881	239
N	-2.035	-12.426	10.004	240
CA	-1.407	-12.296	11.311	240
C	-0.907	-10.884	11.565	240
N	-1.766	-9.915	11.262	241
CA	-1.443	-8.517	11.518	241
C	-1.981	-8.072	12.873	241
N	-1.733	-8.895	13.887	242
CA	-2.161	-8.614	15.25	242
C	-0.977	-8.506	16.206	242
N	-1.096	-7.572	17.144	243
CA	-0.178	-7.484	18.273	243
C	-0.694	-8.383	19.395	243
N	0.205	-9.149	20.042	244
CA	-0.213	-10.006	21.158	244
C	-0.494	-9.206	22.428	244
N	-1.129	-9.87	23.386	245
CA	-1.465	-9.269	24.667	245
C	-0.229	-8.709	25.387	245
N	-0.392	-7.508	25.939	246
CA	0.645	-6.799	26.686	246
C	0.331	-6.823	28.188	246
N	1.34	-6.585	29.043	247
CA	1.091	-6.652	30.489	247
C	0.031	-5.647	30.95	247
N	-0.884	-6.09	31.811	248
CA	-1.938	-5.223	32.337	248
C	-1.37	-4.114	33.224	248
N	-0.317	-4.44	33.966	249
CA	0.305	-3.48	34.874	249
C	-0.738	-2.905	35.834	249
N	-0.689	-1.603	36.078	250
CA	-1.555	-1.004	37.086	250
C	-2.901	-0.582	36.529	250
N	-3.658	-1.55	36.014	251
CA	-4.973	-1.276	35.447	251
C	-6.0	-2.305	35.883	251
N	-7.248	-1.86	35.993	252
CA	-8.365	-2.747	36.272	252
C	-9.327	-2.684	35.095	252
N	-9.699	-3.844	34.585	253
CA	-10.709	-3.912	33.542	253
C	-12.084	-3.917	34.209	253
N	-12.976	-3.07	33.704	254
CA	-14.321	-2.935	34.251	254
C	-15.324	-3.53	33.277	254
N	-16.376	-4.145	33.814	255
CA	-17.434	-4.739	33.005	255
C	-18.716	-3.944	33.163	255
N	-19.485	-3.843	32.083	256
CA	-20.744	-3.101	32.119	256
C	-21.882	-3.995	32.549	256
N	-21.568	-5.266	32.775	257
CA	-22.582	-6.296	32.995	257
C	-22.169	-7.251	34.107	257
N	-23.141	-7.983	34.638	258
CA	-22.85	-9.026	35.618	258
C	-23.263	-10.405	35.113	258
