ATOM	X	Y	Z	RESIDUE
N	15.422	23.453	20.878	1
CA	14.502	22.653	21.678	1
C	14.743	21.167	21.43	1
N	15.131	20.459	22.489	2
CA	15.512	19.059	22.382	2
C	14.315	18.197	21.993	2
N	14.616	17.035	21.418	3
CA	13.589	16.111	20.966	3
C	14.004	14.687	21.3	3
N	13.028	13.785	21.288	4
CA	13.278	12.381	21.589	4
C	13.705	11.618	20.339	4
N	14.912	11.064	20.374	5
CA	15.439	10.312	19.25	5
C	16.484	11.088	18.472	5
N	17.234	10.382	17.632	6
CA	18.27	11.004	16.829	6
C	19.63	10.971	17.507	6
N	20.593	11.742	17.0	7
CA	20.402	12.607	15.836	7
C	19.416	13.731	16.137	7
N	19.899	14.769	16.812	8
CA	21.305	14.825	17.242	8
C	21.471	14.397	18.696	8
N	22.751	14.025	19.089	9
CA	22.85	13.626	20.504	9
C	22.294	14.696	21.437	9
N	22.192	14.372	22.722	10
CA	21.675	15.311	23.711	10
C	22.798	16.139	24.326	10
N	23.964	15.52	24.483	11
CA	25.134	16.206	25.068	11
C	25.707	17.335	24.225	11
N	25.402	17.399	22.927	12
CA	25.889	18.517	22.122	12
C	25.36	19.844	22.647	12
N	24.116	19.855	23.117	13
CA	23.444	21.067	23.565	13
C	23.449	21.116	25.087	13
N	23.329	19.951	25.723	14
CA	23.253	19.84	27.179	14
C	24.344	18.884	27.641	14
N	25.541	19.399	27.936	15
CA	26.671	18.506	28.26	15
C	26.466	17.587	29.457	15
N	25.686	17.995	30.463	16
CA	25.482	17.15	31.635	16
C	24.764	15.854	31.29	16
N	24.137	15.777	30.117	17
CA	23.507	14.532	29.698	17
C	24.51	13.427	29.416	17
N	25.797	13.752	29.334	18
CA	26.854	12.76	29.21	18
C	27.472	12.379	30.554	18
N	26.838	12.743	31.666	19
CA	27.341	12.367	32.976	19
C	27.407	10.86	33.155	19
N	28.073	10.447	34.237	20
CA	28.308	9.025	34.47	20
C	27.143	8.319	35.158	20
N	26.22	9.063	35.772	21
CA	25.185	8.478	36.621	21
C	23.805	8.937	36.156	21
N	23.461	8.534	34.942	22
CA	22.251	8.963	34.268	22
C	21.138	7.927	34.399	22
N	19.919	8.383	34.128	23
CA	18.721	7.558	34.091	23
C	18.079	7.661	32.714	23
N	17.22	6.697	32.329	24
CA	16.816	5.493	33.061	24
C	17.859	4.39	32.923	24
N	17.641	3.263	33.607	25
CA	18.552	2.128	33.582	25
C	17.751	0.847	33.389	25
N	18.466	-0.205	32.981	26
CA	17.931	-1.56	32.975	26
C	18.112	-2.166	34.358	26
N	17.016	-2.649	34.939	27
CA	17.014	-3.261	36.26	27
C	17.122	-4.768	36.084	27
N	18.091	-5.382	36.757	28
CA	18.242	-6.836	36.736	28
C	18.02	-7.339	38.153	28
N	16.806	-7.808	38.474	29
CA	16.452	-8.037	39.884	29
C	17.34	-9.036	40.609	29
N	17.82	-10.082	39.931	30
CA	18.68	-11.068	40.584	30
C	20.021	-10.483	41.015	30
N	20.419	-9.338	40.456	31
CA	21.684	-8.693	40.778	31
C	21.53	-7.49	41.695	31
N	20.303	-7.043	41.953	32
CA	20.099	-5.93	42.865	32
C	20.494	-6.335	44.278	32
N	20.982	-5.366	45.039	33
CA	21.398	-5.618	46.41	33
C	20.173	-5.576	47.314	33
N	19.867	-6.691	47.967	34
CA	18.759	-6.717	48.911	34
C	19.084	-5.835	50.11	34
N	18.236	-4.838	50.36	35
CA	18.442	-3.883	51.448	35
C	17.215	-3.867	52.345	35
N	17.251	-4.577	53.474	36
CA	16.096	-4.571	54.389	36
C	15.868	-3.243	55.103	36
N	16.756	-2.26	54.947	37
CA	16.494	-0.916	55.445	37
C	15.454	-0.175	54.615	37
N	15.12	-0.67	53.427	38
CA	14.153	-0.013	52.548	38
C	12.764	-0.467	52.974	38
N	12.046	0.397	53.68	39
CA	10.751	0.069	54.251	39
C	9.634	0.531	53.323	39
N	8.383	0.151	53.598	40
CA	7.293	0.557	52.704	40
C	7.208	2.068	52.552	40
N	6.911	2.504	51.331	41
CA	6.796	3.928	51.061	41
C	5.598	4.499	51.809	41
N	5.719	5.756	52.226	42
CA	4.664	6.431	52.974	42
C	4.241	7.7	52.255	42
N	2.966	7.769	51.902	43
CA	2.411	8.926	51.228	43
C	1.312	9.532	52.091	43
N	1.186	10.855	52.029	44
CA	0.077	11.502	52.71	44
C	-0.365	12.708	51.897	44
N	-1.671	12.963	51.922	45
CA	-2.259	14.059	51.182	45
C	-2.502	13.796	49.714	45
N	-2.3	12.569	49.234	46
CA	-2.487	12.286	47.817	46
C	-3.952	12.128	47.423	46
N	-4.861	11.944	48.382	47
CA	-6.285	11.8	48.074	47
C	-6.889	13.195	48.035	47
N	-6.951	13.778	46.838	48
CA	-7.35	15.166	46.674	48
C	-8.864	15.293	46.556	48
N	-9.41	16.392	47.075	49
CA	-10.832	16.703	46.863	49
C	-11.06	17.219	45.453	49
N	-12.313	17.266	44.99	50
CA	-12.563	17.686	43.598	50
C	-12.119	19.104	43.28	50
N	-12.184	20.022	44.242	51
CA	-11.717	21.381	44.065	51
C	-10.66	21.704	45.109	51
N	-9.622	22.458	44.745	52
CA	-9.466	23.06	43.413	52
C	-9.007	22.097	42.325	52
N	-9.204	22.497	41.073	53
CA	-8.782	21.702	39.931	53
C	-7.261	21.775	39.77	53
N	-6.736	20.911	38.902	54
CA	-5.303	20.794	38.655	54
C	-4.997	21.059	37.188	54
N	-3.864	21.71	36.93	55
CA	-3.454	22.015	35.563	55
C	-2.933	20.754	34.879	55
N	-3.413	20.508	33.662	56
CA	-2.96	19.405	32.819	56
C	-2.526	20.005	31.489	56
N	-1.294	19.733	31.067	57
CA	-0.71	20.434	29.926	57
C	0.046	19.477	29.014	57
N	-0.093	19.69	27.705	58
CA	0.742	19.041	26.696	58
C	1.932	19.962	26.458	58
N	3.103	19.582	26.953	59
CA	4.29	20.412	26.787	59
C	5.116	20.036	25.56	59
N	4.592	19.177	24.69	60
CA	5.311	18.727	23.52	60
C	6.195	17.519	23.738	60
N	6.559	17.236	24.994	61
CA	7.37	16.082	25.356	61
C	6.602	15.037	26.15	61
N	5.541	15.437	26.846	62
CA	4.709	14.545	27.651	62
C	3.408	15.292	27.933	62
N	2.512	14.634	28.658	63
CA	1.407	15.299	29.342	63
C	1.762	15.38	30.822	63
N	1.67	16.581	31.386	64
CA	2.126	16.839	32.744	64
C	0.984	17.411	33.572	64
N	0.776	16.831	34.75	65
CA	-0.24	17.243	35.707	65
C	0.463	17.945	36.866	65
N	0.089	19.194	37.132	66
CA	0.68	19.935	38.244	66
C	-0.024	19.577	39.541	66
N	0.773	19.176	40.563	67
CA	0.152	18.773	41.813	67
C	0.101	19.954	42.784	67
N	-0.923	20.009	43.632	68
CA	-1.062	21.127	44.573	68
C	-0.106	20.963	45.74	68
N	0.12	22.016	46.526	69
CA	0.914	21.858	47.749	69
C	0.252	20.865	48.689	69
N	1.082	20.195	49.486	70
CA	0.597	19.374	50.58	70
C	0.675	17.873	50.382	70
N	1.246	17.391	49.281	71
CA	1.45	15.961	49.084	71
C	2.834	15.609	49.601	71
N	2.891	14.686	50.552	72
CA	4.128	14.333	51.237	72
C	4.476	12.887	50.932	72
N	5.701	12.649	50.717	73
CA	6.228	11.289	50.434	73
C	7.606	10.985	51.185	73
N	7.598	9.882	51.857	74
CA	8.752	9.564	52.692	74
C	9.393	8.273	52.215	74
N	10.662	8.37	51.83	75
CA	11.443	7.202	51.451	75
C	12.09	6.517	52.642	75
N	12.233	7.204	53.77	76
CA	12.906	6.66	54.926	76
C	13.357	7.797	55.806	76
N	14.011	7.468	56.923	77
CA	14.525	8.516	57.822	77
C	15.419	9.492	57.067	77
N	15.178	10.784	57.283	78
CA	15.971	11.806	56.624	78
C	15.665	12.023	55.158	78
N	14.639	11.358	54.619	79
CA	14.353	11.374	53.184	79
C	12.86	11.642	52.98	79
N	12.465	12.889	53.212	80
CA	11.093	13.347	53.069	80
C	11.003	14.34	51.918	80
N	9.867	14.296	51.216	81
CA	9.69	14.966	49.932	81
C	8.291	15.56	49.825	81
N	8.162	16.565	48.954	82
CA	6.876	17.151	48.579	82
C	6.653	16.932	47.085	82
N	5.474	16.448	46.703	83
CA	5.234	16.162	45.291	83
C	5.004	17.448	44.509	83
N	5.522	17.485	43.284	84
CA	5.421	18.652	42.414	84
C	4.528	18.429	41.205	84
N	4.703	17.307	40.514	85
CA	4.054	17.094	39.229	85
C	4.192	15.623	38.893	85
N	3.345	15.167	37.981	86
CA	3.526	13.852	37.385	86
C	3.364	13.943	35.874	86
N	3.987	12.997	35.175	87
CA	3.908	12.952	33.719	87
C	4.159	11.507	33.293	87
N	4.045	11.245	31.993	88
CA	4.097	9.874	31.515	88
C	5.007	9.732	30.304	88
N	5.424	8.492	30.064	89
CA	6.265	8.132	28.926	89
C	5.642	6.914	28.274	89
N	5.588	6.901	26.942	90
CA	4.837	5.857	26.252	90
C	5.433	5.597	24.868	90
N	4.858	4.613	24.179	91
CA	5.391	4.2	22.896	91
C	4.478	4.554	21.738	91
N	3.989	3.531	21.037	92
CA	3.104	3.7	19.89	92
C	2.376	2.379	19.663	92
N	1.543	2.342	18.624	93
CA	0.82	1.121	18.291	93
C	1.789	-0.042	18.148	93
N	1.592	-1.069	18.972	94
CA	2.437	-2.249	18.928	94
C	3.886	-2.036	19.316	94
N	4.194	-0.955	20.045	95
CA	5.563	-0.694	20.482	95
C	5.581	-0.115	21.893	95
N	6.263	-0.755	22.835	96
CA	6.255	-0.259	24.214	96
C	7.166	0.95	24.382	96
N	6.922	1.698	25.461	97
CA	7.616	2.955	25.649	97
C	7.946	3.334	27.078	97
N	8.058	2.362	27.983	98
CA	8.573	2.695	29.304	98
C	10.022	3.169	29.188	98
N	10.485	3.883	30.218	99
CA	11.875	4.333	30.28	99
C	12.782	3.309	30.947	99
N	12.43	2.878	32.152	100
CA	13.148	1.774	32.758	100
C	12.755	0.475	32.069	100
N	13.672	-0.489	32.1	101
CA	13.414	-1.838	31.624	101
C	13.795	-2.797	32.739	101
N	13.244	-4.009	32.677	102
CA	13.547	-5.07	33.639	102
C	14.067	-6.244	32.827	102
N	15.34	-6.594	33.018	103
CA	15.982	-7.646	32.227	103
C	15.788	-7.412	30.731	103
N	15.88	-6.148	30.319	104
CA	15.71	-5.794	28.929	104
C	14.276	-5.69	28.467	104
N	13.312	-6.041	29.311	105
CA	11.905	-5.969	28.947	105
C	11.385	-4.544	29.1	105
N	10.795	-4.013	28.032	106
CA	10.183	-2.69	28.047	106
C	8.673	-2.835	28.182	106
N	8.095	-2.094	29.113	107
CA	6.672	-2.134	29.394	107
C	5.944	-1.107	28.536	107
N	4.62	-1.235	28.389	108
CA	3.894	-0.291	27.523	108
C	4.15	1.183	27.818	108
N	4.128	1.59	29.088	109
CA	4.289	3.001	29.437	109
C	4.798	3.081	30.87	109
N	5.029	4.31	31.334	110
CA	5.604	4.541	32.655	110
C	5.121	5.894	33.159	110
N	4.753	5.946	34.454	111
CA	4.381	7.183	35.137	111
C	5.522	7.607	36.054	111
N	5.803	8.912	36.072	112
CA	6.817	9.518	36.937	112
C	6.148	10.571	37.805	112
N	6.277	10.427	39.124	113
CA	5.81	11.431	40.073	113
C	7.049	12.091	40.668	113
N	7.249	13.373	40.356	114
CA	8.478	14.096	40.685	114
C	8.276	14.863	41.986	114
N	9.238	14.744	42.907	115
CA	9.161	15.333	44.242	115
C	10.417	16.139	44.574	115
N	10.237	17.119	45.464	116
CA	11.291	18.007	45.941	116
C	11.59	17.701	47.405	116
N	12.866	17.512	47.733	117
CA	13.243	17.281	49.124	117
C	12.788	18.439	49.999	117
N	12.315	18.115	51.198	118
CA	11.847	19.129	52.136	118
C	12.994	20.019	52.602	118
N	14.218	19.617	52.276	119
CA	15.402	20.377	52.66	119
C	15.499	21.68	51.874	119
N	14.884	21.703	50.696	120
CA	14.9	22.887	49.846	120
C	13.522	23.537	49.781	120
N	13.449	24.696	49.135	121
CA	12.191	25.421	49.002	121
C	11.83	25.635	47.536	121
N	12.815	25.469	46.659	122
CA	12.603	25.645	45.227	122
C	13.359	24.591	44.424	122
N	12.738	24.116	43.349	123
CA	13.352	23.103	42.492	123
C	14.751	23.523	42.066	123
N	14.93	24.802	41.728	124
CA	16.225	25.238	41.211	124
C	17.334	25.055	42.243	124
N	17.003	25.14	43.534	125
CA	18.001	24.895	44.57	125
C	18.399	23.427	44.629	125
N	17.489	22.525	44.277	126
CA	17.701	21.098	44.472	126
C	18.376	20.412	43.295	126
N	18.305	20.997	42.102	127
CA	18.88	20.377	40.916	127
C	20.349	20.055	41.131	127
N	20.73	18.822	40.824	128
CA	22.111	18.41	40.892	128
C	22.601	18.042	42.27	128
N	21.81	18.28	43.309	129
CA	22.277	17.948	44.646	129
C	21.831	16.538	45.011	129
N	22.701	15.722	45.615	130
CA	22.308	14.35	45.98	130
C	21.052	14.338	46.836	130
N	20.036	13.623	46.357	131
CA	18.777	13.515	47.057	131
C	17.87	14.724	46.966	131
N	18.235	15.749	46.194	132
CA	17.414	16.953	46.144	132
C	16.05	16.719	45.516	132
N	15.99	15.842	44.517	133
CA	14.754	15.436	43.867	133
C	14.614	13.928	43.999	133
N	13.37	13.472	44.112	134
CA	13.062	12.049	44.12	134
C	11.902	11.792	43.176	134
N	11.988	10.71	42.409	135
CA	10.936	10.341	41.464	135
C	10.407	8.965	41.841	135
N	9.077	8.831	41.911	136
CA	8.426	7.533	42.002	136
C	8.022	7.126	40.597	136
N	8.409	5.917	40.191	137
CA	8.183	5.447	38.827	137
C	7.442	4.124	38.866	137
N	6.399	4.002	38.059	138
CA	5.669	2.743	37.952	138
C	5.401	2.418	36.492	138
N	5.455	1.129	36.17	139
CA	5.139	0.683	34.819	139
C	3.637	0.536	34.63	139
N	3.165	0.914	33.442	140
CA	1.779	0.716	33.04	140
C	1.728	-0.456	32.071	140
N	0.816	-1.389	32.328	141
CA	0.668	-2.605	31.543	141
C	-0.772	-2.752	31.1	141
N	-0.979	-3.589	30.079	142
CA	-2.33	-3.841	29.602	142
C	-3.033	-4.859	30.494	142
N	-4.215	-4.497	30.972	143
CA	-5.094	-5.41	31.663	143
C	-6.424	-5.481	30.941	143
N	-7.351	-6.305	31.436	144
CA	-8.582	-6.547	30.675	144
C	-9.617	-5.442	30.778	144
N	-9.605	-4.619	31.826	145
CA	-10.697	-3.679	32.027	145
C	-10.19	-2.266	32.306	145
N	-11.104	-1.31	32.168	146
CA	-10.758	0.102	32.256	146
C	-10.285	0.448	33.663	146
N	-9.193	1.206	33.749	147
CA	-8.702	1.734	35.018	147
C	-9.406	3.066	35.262	147
N	-10.259	3.108	36.292	148
CA	-11.12	4.269	36.504	148
C	-10.319	5.513	36.867	148
N	-9.25	5.356	37.651	149
CA	-8.457	6.518	38.049	149
C	-7.761	7.157	36.85	149
N	-7.156	6.338	35.989	150
CA	-6.5	6.869	34.799	150
C	-7.492	7.487	33.82	150
N	-8.732	6.993	33.792	151
CA	-9.71	7.538	32.855	151
C	-10.009	9.005	33.135	151
N	-9.891	9.435	34.393	152
CA	-10.092	10.842	34.718	152
C	-9.107	11.734	33.975	152
N	-7.891	11.249	33.736	153
CA	-6.908	12.003	32.968	153
C	-6.971	11.704	31.476	153
N	-7.102	10.431	31.107	154
CA	-7.019	10.074	29.697	154
C	-8.166	10.666	28.894	154
N	-9.334	10.831	29.516	155
CA	-10.486	11.407	28.834	155
C	-10.29	12.88	28.514	155
N	-9.274	13.516	29.101	156
CA	-8.989	14.925	28.895	156
C	-7.87	15.17	27.894	156
N	-7.252	14.12	27.343	157
CA	-6.143	14.349	26.417	157
C	-6.592	14.993	25.106	157
N	-7.79	14.654	24.607	158
CA	-8.209	15.197	23.314	158
C	-8.242	16.718	23.335	158
N	-8.682	17.306	24.449	159
CA	-8.755	18.76	24.492	159
C	-7.385	19.42	24.606	159
N	-6.326	18.659	24.897	160
CA	-4.969	19.201	24.897	160
C	-4.108	18.541	23.821	160
N	-4.735	18.149	22.709	161
CA	-4.011	17.436	21.658	161
C	-2.872	18.267	21.077	161
N	-3.071	19.574	20.929	162
CA	-2.049	20.415	20.318	162
C	-0.926	20.731	21.297	162
N	0.308	20.717	20.792	163
CA	1.452	21.08	21.61	163
C	1.239	22.451	22.238	163
N	1.56	22.553	23.524	164
CA	1.419	23.787	24.258	164
C	0.052	24.046	24.846	164
N	-0.944	23.215	24.559	165
CA	-2.273	23.501	25.076	165
C	-2.439	22.924	26.482	165
N	-3.42	23.458	27.201	166
CA	-3.598	23.153	28.61	166
C	-5.083	23.093	28.917	166
N	-5.414	22.428	30.016	167
CA	-6.777	22.35	30.517	167
C	-6.718	22.217	32.036	167
N	-7.886	22.079	32.655	168
CA	-8.017	21.92	34.098	168
C	-8.805	20.648	34.376	168
N	-8.364	19.871	35.361	169
CA	-9.078	18.639	35.703	169
C	-9.44	18.614	37.183	169
N	-10.573	18.021	37.557	170
CA	-10.912	17.901	38.98	170
C	-9.833	17.168	39.765	170
N	-9.711	17.531	41.037	171
CA	-8.881	16.75	41.935	171
C	-9.269	15.287	41.95	171
N	-8.279	14.416	42.135	172
CA	-8.498	12.976	42.159	172
C	-7.51	12.362	43.136	172
N	-7.678	11.065	43.383	173
CA	-6.759	10.323	44.244	173
C	-5.51	10.002	43.438	173
N	-4.463	10.793	43.653	174
CA	-3.221	10.592	42.918	174
C	-2.618	9.23	43.239	174
N	-2.81	8.744	44.469	175
CA	-2.256	7.441	44.822	175
C	-2.937	6.302	44.074	175
N	-4.147	6.518	43.551	176
CA	-4.801	5.498	42.744	176
C	-4.192	5.371	41.355	176
N	-3.283	6.265	40.98	177
CA	-2.523	6.125	39.746	177
C	-1.276	5.27	39.936	177
N	-0.97	4.869	41.167	178
CA	0.232	4.134	41.495	178
C	-0.123	2.721	41.924	178
N	0.848	1.81	41.928	179
CA	0.59	0.438	42.38	179
C	0.109	0.411	43.819	179
N	-0.563	-0.689	44.173	180
CA	-1.041	-0.856	45.54	180
C	0.029	-1.407	46.476	180
N	1.071	-2.043	45.937	181
CA	2.144	-2.63	46.741	181
C	3.222	-1.568	46.918	181
N	3.27	-0.969	48.103	182
CA	4.277	0.023	48.459	182
C	5.512	-0.584	49.117	182
N	5.58	-1.914	49.25	183
CA	6.687	-2.552	49.948	183
C	7.778	-3.068	49.026	183
N	7.48	-3.325	47.752	184
CA	8.413	-3.985	46.839	184
C	8.828	-3.007	45.749	184
N	10.074	-2.55	45.802	185
CA	10.558	-1.572	44.844	185
C	12.07	-1.679	44.732	185
N	12.594	-1.052	43.681	186
CA	14.017	-0.867	43.458	186
C	14.358	0.605	43.63	186
N	15.6	0.882	44.025	187
CA	15.99	2.258	44.284	187
C	17.441	2.449	43.877	187
N	17.73	3.572	43.228	188
CA	19.095	3.89	42.815	188
C	19.195	5.399	42.621	188
N	20.428	5.897	42.494	189
CA	20.674	7.322	42.285	189
C	21.004	7.565	40.822	189
N	20.285	8.501	40.206	190
CA	20.445	8.796	38.789	190
C	20.19	10.246	38.489	190
N	19.486	10.493	37.39	191
CA	19.359	11.833	36.834	191
C	17.934	12.08	36.359	191
N	17.634	13.345	36.078	192
CA	16.486	13.646	35.233	192
C	16.678	12.948	33.893	192
N	15.584	12.483	33.289	193
CA	15.7	11.783	32.014	193
C	15.416	12.675	30.816	193
N	15.363	13.983	31.016	194
CA	15.325	14.97	29.948	194
C	16.395	16.005	30.251	194
N	16.849	16.756	29.25	195
CA	17.784	17.851	29.531	195
C	17.197	18.768	30.586	195
N	18.015	19.288	31.513	196
CA	19.481	19.257	31.546	196
C	20.108	18.022	32.197	196
N	19.336	16.959	32.419	197
CA	19.884	15.675	32.868	197
C	20.61	15.781	34.209	197
N	20.1	16.624	35.102	198
CA	20.792	16.879	36.362	198
C	20.849	15.62	37.221	198
N	22.02	15.348	37.795	199
CA	22.218	14.149	38.598	199
C	21.772	14.374	40.043	199
N	21.921	13.337	40.861	200
CA	21.518	13.388	42.249	200
C	20.084	12.989	42.533	200
N	19.345	12.511	41.533	201
CA	17.929	12.183	41.698	201
C	17.795	10.782	42.284	201
N	16.995	10.636	43.33	202
CA	16.722	9.311	43.874	202
C	15.533	8.726	43.132	202
N	15.762	7.627	42.419	203
CA	14.73	6.931	41.664	203
C	14.223	5.736	42.455	203
N	12.904	5.626	42.574	204
CA	12.261	4.471	43.182	204
C	11.299	3.892	42.158	204
N	11.514	2.637	41.782	205
CA	10.753	1.969	40.729	205
C	9.969	0.838	41.385	205
N	8.644	0.948	41.384	206
CA	7.795	-0.096	41.939	206
C	7.993	-1.401	41.177	206
N	7.979	-2.524	41.908	207
CA	7.996	-3.816	41.225	207
C	6.641	-4.142	40.613	207
N	5.563	-3.833	41.32	208
CA	4.224	-4.084	40.817	208
C	3.859	-3.023	39.794	208
N	3.16	-3.44	38.743	209
CA	2.705	-2.534	37.696	209
C	1.283	-2.063	37.987	209
N	0.821	-1.107	37.175	210
CA	-0.575	-0.683	37.133	210
C	-1.145	-1.111	35.785	210
N	-2.413	-1.508	35.774	211
CA	-3.057	-2.039	34.576	211
C	-4.037	-1.033	33.996	211
N	-3.922	-0.805	32.687	212
CA	-4.829	0.004	31.885	212
C	-5.396	-0.88	30.78	212
N	-6.587	-0.534	30.291	213
CA	-7.147	-1.293	29.183	213
C	-6.372	-0.991	27.905	213
N	-6.55	-1.867	26.907	214
CA	-5.934	-1.634	25.607	214
C	-6.366	-0.292	25.033	214
N	-7.658	0.027	25.142	215
CA	-8.169	1.304	24.658	215
C	-7.501	2.478	25.368	215
N	-7.31	2.372	26.687	216
CA	-6.669	3.451	27.434	216
C	-5.223	3.642	27.008	216
N	-4.491	2.548	26.796	217
CA	-3.112	2.672	26.328	217
C	-3.05	3.31	24.945	217
N	-4.014	2.978	24.072	218
CA	-4.088	3.621	22.761	218
C	-4.402	5.105	22.887	218
N	-5.317	5.464	23.791	219
CA	-5.625	6.875	24.017	219
C	-4.381	7.643	24.442	219
N	-3.6	7.06	25.345	220
CA	-2.404	7.735	25.836	220
C	-1.393	7.963	24.717	220
N	-1.173	6.954	23.871	221
CA	-0.113	7.032	22.874	221
C	-0.523	7.732	21.582	221
N	-1.817	7.844	21.291	222
CA	-2.265	8.263	19.967	222
C	-2.94	9.625	19.928	222
N	-3.102	10.3	21.062	223
CA	-3.916	11.509	21.092	223
C	-3.113	12.788	20.912	223
N	-1.909	12.851	21.465	224
CA	-1.194	14.108	21.602	224
C	-0.235	14.342	20.445	224
N	-0.008	15.619	20.148	225
CA	0.953	16.04	19.139	225
C	2.108	16.801	19.773	225
N	3.285	16.667	19.163	226
CA	4.483	17.311	19.644	226
C	4.94	18.423	18.724	226
N	6.223	18.779	18.807	227
CA	6.74	19.899	18.011	227
C	6.582	19.659	16.518	227
N	6.584	20.758	15.768	228
CA	6.197	20.674	14.372	228
C	4.78	20.149	14.299	228
N	4.592	19.072	13.548	229
CA	3.345	18.318	13.588	229
C	3.652	16.829	13.563	229
N	4.584	16.428	14.414	230
CA	4.845	15.029	14.681	230
C	3.959	14.581	15.833	230
N	3.527	13.329	15.772	231
CA	2.775	12.752	16.874	231
C	3.672	12.621	18.096	231
N	3.094	12.864	19.27	232
CA	3.805	12.72	20.539	232
C	3.819	11.238	20.897	232
N	4.858	10.541	20.44	233
CA	4.977	9.1	20.609	233
C	6.44	8.755	20.857	233
N	6.663	7.579	21.453	234
CA	8.018	7.086	21.712	234
C	8.827	8.104	22.512	234
N	8.182	8.707	23.51	235
CA	8.787	9.799	24.268	235
C	9.522	9.264	25.496	235
N	10.531	8.433	25.234	236
CA	11.356	7.843	26.274	236
C	12.819	7.934	25.874	236
N	13.668	8.113	26.877	237
CA	15.111	8.094	26.708	237
C	15.614	6.654	26.77	237
N	16.654	6.361	25.991	238
CA	17.292	5.049	26.054	238
C	17.912	4.809	27.429	238
N	18.022	3.535	27.818	239
CA	18.651	3.23	29.097	239
C	20.143	3.534	29.051	239
N	20.68	3.851	30.217	240
CA	22.011	4.385	30.409	240
C	22.856	3.407	31.216	240
N	24.172	3.401	31.018	241
CA	25.017	2.442	31.743	241
C	25.046	2.732	33.236	241
N	25.038	1.659	34.038	242
CA	25.088	1.822	35.491	242
C	26.41	2.419	35.959	242
N	27.513	2.098	35.275	243
CA	28.835	2.622	35.616	243
C	29.202	2.348	37.075	243
N	28.934	1.126	37.531	244
CA	29.304	0.72	38.87	244
C	28.267	0.979	39.943	244
N	27.199	1.711	39.631	245
CA	26.14	1.926	40.603	245
C	25.465	0.605	40.939	245
N	25.043	0.481	42.188	246
CA	24.287	-0.68	42.632	246
C	22.826	-0.275	42.769	246
N	21.946	-1.066	42.186	247
CA	20.513	-0.893	42.384	247
C	20.134	-1.695	43.617	247
N	19.433	-1.065	44.553	248
CA	18.933	-1.766	45.726	248
C	17.511	-2.274	45.512	248
N	17.194	-3.391	46.161	249
CA	15.842	-3.936	46.171	249
C	15.344	-4.015	47.602	249
N	14.096	-3.62	47.812	250
CA	13.487	-3.633	49.133	250
C	12.936	-4.998	49.515	250
N	13.155	-6.02	48.698	251
CA	12.52	-7.316	48.863	251
C	13.413	-8.351	48.203	251
N	13.284	-9.625	48.581	252
CA	14.031	-10.694	47.89	252
C	13.368	-11.024	46.558	252
N	14.165	-11.067	45.486	253
CA	13.604	-11.133	44.132	253
C	12.601	-12.278	43.863	253
N	12.999	-13.513	43.501	254
CA	14.35	-13.984	43.227	254
C	14.554	-15.479	43.003	254
N	13.798	-16.102	42.09	255
CA	13.986	-17.528	41.801	255
C	13.888	-17.866	40.314	255
N	12.743	-17.574	39.696	256
CA	12.439	-18.03	38.332	256
C	12.438	-19.557	38.235	256
N	-7.338	22.918	-17.451	1
CA	-8.211	22.129	-16.589	1
C	-7.943	20.641	-16.787	1
N	-7.659	19.949	-15.687	2
CA	-7.245	18.556	-15.755	2
C	-8.415	17.658	-16.148	2
N	-8.073	16.502	-16.71	3
CA	-9.047	15.544	-17.211	3
C	-8.61	14.137	-16.818	3
N	-9.577	13.22	-16.76	4
CA	-9.276	11.817	-16.519	4
C	-8.778	11.133	-17.783	4
N	-7.923	10.128	-17.587	5
CA	-7.31	9.419	-18.692	5
C	-6.688	10.399	-19.659	5
N	-5.607	11.041	-19.236	6
CA	-5.108	12.222	-19.905	6
C	-3.77	11.998	-20.578	6
N	-3.506	12.815	-21.581	7
CA	-2.198	12.877	-22.203	7
C	-1.887	14.336	-22.513	7
N	-0.885	14.936	-21.855	8
CA	0.018	14.331	-20.868	8
C	-0.641	14.01	-19.527	8
N	0.028	13.211	-18.697	9
CA	-0.502	12.926	-17.36	9
C	-0.444	14.152	-16.458	9
N	-1.047	13.991	-15.283	10
CA	-1.185	15.098	-14.339	10
C	0.119	15.748	-13.881	10
N	1.223	15.027	-13.642	11
CA	2.411	15.692	-13.075	11
C	2.996	16.796	-13.94	11
N	2.668	16.85	-15.231	12
CA	3.195	17.93	-16.056	12
C	2.698	19.287	-15.572	12
N	1.467	19.342	-15.062	13
CA	0.853	20.576	-14.587	13
C	0.874	20.617	-13.062	13
N	0.713	19.456	-12.422	14
CA	0.646	19.352	-10.964	14
C	1.729	18.39	-10.489	14
N	2.938	18.888	-10.21	15
CA	4.056	17.982	-9.886	15
C	3.849	17.086	-8.675	15
N	3.044	17.501	-7.693	16
CA	2.831	16.669	-6.514	16
C	2.115	15.367	-6.848	16
N	1.496	15.278	-8.026	17
CA	0.868	14.034	-8.449	17
C	1.874	12.934	-8.748	17
N	3.167	13.259	-8.811	18
CA	4.232	12.277	-8.953	18
C	4.849	11.897	-7.613	18
N	4.182	12.219	-6.514	19
CA	4.67	11.852	-5.201	19
C	4.78	10.351	-5.016	19
N	5.474	9.965	-3.941	20
CA	5.727	8.55	-3.692	20
C	4.572	7.838	-2.997	20
N	3.639	8.571	-2.388	21
CA	2.628	7.973	-1.515	21
C	1.233	8.405	-1.964	21
N	0.879	7.998	-3.172	22
CA	-0.343	8.43	-3.827	22
C	-1.453	7.393	-3.676	22
N	-2.671	7.838	-3.972	23
CA	-3.88	7.027	-4.001	23
C	-4.525	7.131	-5.374	23
N	-5.379	6.163	-5.758	24
CA	-5.762	4.955	-5.021	24
C	-4.714	3.853	-5.157	24
N	-4.935	2.722	-4.483	25
CA	-4.013	1.593	-4.512	25
C	-4.812	0.31	-4.697	25
N	-4.103	-0.74	-5.115	26
CA	-4.634	-2.095	-5.105	26
C	-4.446	-2.696	-3.719	26
N	-5.541	-3.169	-3.128	27
CA	-5.547	-3.777	-1.805	27
C	-5.441	-5.283	-1.972	27
N	-4.481	-5.897	-1.288	28
CA	-4.33	-7.351	-1.314	28
C	-4.541	-7.865	0.106	28
N	-5.752	-8.333	0.439	29
CA	-6.094	-8.554	1.854	29
C	-5.197	-9.544	2.58	29
N	-4.729	-10.592	1.903	30
CA	-3.873	-11.571	2.561	30
C	-2.506	-11.009	2.937	30
N	-2.132	-9.84	2.409	31
CA	-0.866	-9.195	2.722	31
C	-1.017	-7.981	3.623	31
N	-2.24	-7.542	3.888	32
CA	-2.435	-6.429	4.8	32
C	-2.061	-6.846	6.218	32
N	-1.564	-5.886	6.987	33
CA	-1.158	-6.141	8.362	33
C	-2.385	-6.099	9.262	33
N	-2.693	-7.216	9.915	34
CA	-3.814	-7.257	10.845	34
C	-3.502	-6.387	12.056	34
N	-4.335	-5.375	12.288	35
CA	-4.155	-4.445	13.403	35
C	-5.401	-4.438	14.272	35
N	-5.389	-5.126	15.414	36
CA	-6.548	-5.084	16.322	36
C	-6.757	-3.747	17.027	36
N	-5.847	-2.783	16.878	37
CA	-6.083	-1.434	17.372	37
C	-7.105	-0.677	16.533	37
N	-7.446	-1.18	15.346	38
CA	-8.409	-0.526	14.462	38
C	-9.802	-0.975	14.881	38
N	-10.503	-0.116	15.609	39
CA	-11.793	-0.447	16.192	39
C	-12.914	0.021	15.274	39
N	-14.16	-0.372	15.55	40
CA	-15.264	0.038	14.671	40
C	-15.358	1.551	14.523	40
N	-15.655	1.991	13.303	41
CA	-15.792	3.416	13.033	41
C	-16.986	3.983	13.788	41
N	-16.858	5.231	14.231	42
CA	-17.919	5.891	14.988	42
C	-18.346	7.168	14.28	42
N	-19.623	7.245	13.927	43
CA	-20.2	8.389	13.232	43
C	-21.28	9.019	14.097	43
N	-21.414	10.34	14.019	44
CA	-22.545	10.982	14.675	44
C	-22.952	12.201	13.863	44
N	-24.246	12.505	13.9	45
CA	-24.808	13.603	13.139	45
C	-25.052	13.326	11.674	45
N	-24.874	12.083	11.21	46
CA	-25.065	11.768	9.799	46
C	-26.531	11.631	9.399	46
N	-27.443	11.473	10.357	47
CA	-28.868	11.321	10.054	47
C	-29.487	12.708	9.998	47
N	-29.531	13.281	8.785	48
CA	-29.925	14.671	8.63	48
C	-31.436	14.799	8.486	48
N	-31.991	15.896	8.999	49
CA	-33.416	16.186	8.797	49
C	-33.656	16.701	7.388	49
N	-34.917	16.785	6.945	50
CA	-35.18	17.178	5.546	50
C	-34.736	18.585	5.187	50
N	-34.782	19.525	6.128	51
CA	-34.287	20.873	5.925	51
C	-33.229	21.195	6.968	51
N	-32.193	21.958	6.608	52
CA	-32.02	22.551	5.273	52
C	-31.569	21.575	4.194	52
N	-31.807	21.942	2.936	53
CA	-31.367	21.144	1.805	53
C	-29.848	21.233	1.642	53
N	-29.313	20.36	0.79	54
CA	-27.881	20.249	0.549	54
C	-27.589	20.517	-0.919	54
N	-26.45	21.151	-1.19	55
CA	-26.041	21.447	-2.559	55
C	-25.514	20.183	-3.234	55
N	-25.986	19.934	-4.451	56
CA	-25.53	18.827	-5.282	56
C	-25.114	19.421	-6.619	56
N	-23.879	19.165	-7.042	57
CA	-23.314	19.846	-8.2	57
C	-22.57	18.872	-9.107	57
N	-22.734	19.054	-10.42	58
CA	-21.901	18.4	-11.427	58
C	-20.721	19.332	-11.683	58
N	-19.551	18.988	-11.156	59
CA	-18.378	19.832	-11.329	59
C	-17.544	19.453	-12.554	59
N	-18.048	18.561	-13.408	60
CA	-17.325	18.107	-14.577	60
C	-16.442	16.9	-14.349	60
N	-16.066	16.634	-13.095	61
CA	-15.256	15.481	-12.732	61
C	-16.026	14.445	-11.931	61
N	-17.087	14.857	-11.242	62
CA	-17.913	13.973	-10.423	62
C	-19.214	14.714	-10.141	62
N	-20.114	14.05	-9.43	63
CA	-21.208	14.721	-8.736	63
C	-20.833	14.82	-7.263	63
N	-20.918	16.025	-6.71	64
CA	-20.476	16.276	-5.347	64
C	-21.618	16.854	-4.524	64
N	-21.833	16.266	-3.347	65
CA	-22.837	16.683	-2.371	65
C	-22.12	17.389	-1.223	65
N	-22.48	18.644	-0.967	66
CA	-21.889	19.381	0.145	66
C	-22.591	19.024	1.446	66
N	-21.801	18.647	2.463	67
CA	-22.427	18.257	3.714	67
C	-22.49	19.443	4.678	67
N	-23.499	19.498	5.542	68
CA	-23.622	20.62	6.482	68
C	-22.681	20.429	7.657	68
N	-22.459	21.464	8.467	69
CA	-21.68	21.268	9.694	69
C	-22.367	20.283	10.628	69
N	-21.557	19.591	11.43	70
CA	-22.073	18.753	12.498	70
C	-21.96	17.258	12.283	70
N	-21.367	16.808	11.184	71
CA	-21.153	15.386	10.963	71
C	-19.775	15.039	11.489	71
N	-19.733	14.15	12.473	72
CA	-18.503	13.79	13.159	72
C	-18.146	12.343	12.861	72
N	-16.909	12.147	12.634	73
CA	-16.371	10.755	12.354	73
C	-14.994	10.499	13.14	73
N	-15.012	9.382	13.823	74
CA	-13.848	9.064	14.64	74
C	-13.217	7.77	14.151	74
N	-11.942	7.854	13.767	75
CA	-11.159	6.676	13.403	75
C	-10.522	6.004	14.602	75
N	-10.366	6.729	15.705	76
CA	-9.699	6.246	16.891	76
C	-9.243	7.427	17.72	76
N	-8.575	7.158	18.842	77
CA	-8.095	8.25	19.704	77
C	-7.187	9.202	18.944	77
N	-7.414	10.498	19.15	78
CA	-6.648	11.512	18.463	78
C	-6.911	11.624	16.981	78
N	-7.914	10.902	16.454	79
CA	-8.217	10.897	15.025	79
C	-9.716	11.159	14.847	79
N	-10.107	12.4	15.11	80
CA	-11.488	12.851	15.021	80
C	-11.608	13.831	13.862	80
N	-12.727	13.738	13.142	81
CA	-12.909	14.404	11.857	81
C	-14.308	14.997	11.755	81
N	-14.447	15.985	10.865	82
CA	-15.738	16.555	10.484	82
C	-15.945	16.346	8.989	82
N	-17.121	15.868	8.595	83
CA	-17.361	15.592	7.185	83
C	-17.581	16.883	6.412	83
N	-17.038	16.94	5.2	84
CA	-17.16	18.108	4.331	84
C	-18.05	17.889	3.116	84
N	-17.884	16.766	2.42	85
CA	-18.535	16.544	1.136	85
C	-18.401	15.072	0.804	85
N	-19.248	14.61	-0.109	86
CA	-19.07	13.296	-0.702	86
C	-19.219	13.398	-2.207	86
N	-18.605	12.447	-2.904	87
CA	-18.688	12.388	-4.36	87
C	-18.429	10.939	-4.768	87
N	-18.559	10.661	-6.065	88
CA	-18.469	9.287	-6.531	88
C	-17.564	9.166	-7.745	88
N	-17.142	7.929	-7.995	89
CA	-16.329	7.562	-9.145	89
C	-16.96	6.334	-9.772	89
N	-16.997	6.295	-11.107	90
CA	-17.756	5.263	-11.806	90
C	-17.164	5.003	-13.192	90
N	-17.734	4.007	-13.877	91
CA	-17.22	3.599	-15.169	91
C	-18.117	4.005	-16.319	91
N	-18.655	3.002	-17.015	92
CA	-19.537	3.184	-18.161	92
C	-20.3	1.881	-18.354	92
N	-21.159	1.848	-19.371	93
CA	-21.904	0.629	-19.662	93
C	-20.936	-0.522	-19.898	93
N	-21.03	-1.552	-19.06	94
CA	-20.157	-2.701	-19.193	94
C	-18.731	-2.503	-18.735	94
N	-18.425	-1.401	-18.044	95
CA	-17.063	-1.152	-17.592	95
C	-17.077	-0.636	-16.157	95
N	-16.397	-1.306	-15.229	96
CA	-16.384	-0.832	-13.838	96
C	-15.478	0.379	-13.678	96
N	-15.713	1.119	-12.594	97
CA	-15.025	2.38	-12.407	97
C	-14.671	2.76	-10.981	97
N	-14.538	1.794	-10.064	98
CA	-14.005	2.127	-8.746	98
C	-12.554	2.584	-8.881	98
N	-12.071	3.289	-7.851	99
CA	-10.688	3.764	-7.804	99
C	-9.78	2.757	-7.115	99
N	-10.124	2.346	-5.903	100
CA	-9.412	1.236	-5.305	100
C	-9.812	-0.06	-6.0	100
N	-8.892	-1.022	-5.989	101
CA	-9.168	-2.375	-6.448	101
C	-8.795	-3.332	-5.329	101
N	-9.332	-4.549	-5.396	102
CA	-9.009	-5.606	-4.441	102
C	-8.503	-6.79	-5.251	102
N	-7.236	-7.154	-5.052	103
CA	-6.61	-8.216	-5.842	103
C	-6.8	-7.983	-7.338	103
N	-6.699	-6.724	-7.755	104
CA	-6.872	-6.362	-9.141	104
C	-8.308	-6.248	-9.594	104
N	-9.269	-6.582	-8.739	105
CA	-10.676	-6.526	-9.107	105
C	-11.184	-5.097	-8.97	105
N	-11.754	-4.561	-10.042	106
CA	-12.373	-3.242	-10.019	106
C	-13.883	-3.4	-9.867	106
N	-14.466	-2.651	-8.928	107
CA	-15.888	-2.695	-8.638	107
C	-16.626	-1.68	-9.502	107
N	-17.953	-1.812	-9.651	108
CA	-18.678	-0.879	-10.531	108
C	-18.45	0.598	-10.223	108
N	-18.479	0.998	-8.953	109
CA	-18.317	2.411	-8.617	109
C	-17.79	2.512	-7.189	109
N	-17.54	3.746	-6.74	110
CA	-16.971	3.972	-5.413	110
C	-17.443	5.321	-4.886	110
N	-17.796	5.37	-3.601	111
CA	-18.184	6.608	-2.934	111
C	-17.061	7.048	-2.003	111
N	-16.79	8.358	-1.991	112
CA	-15.772	8.969	-1.136	112
C	-16.433	10.027	-0.269	112
N	-16.309	9.885	1.049	113
CA	-16.774	10.896	1.994	113
C	-15.536	11.56	2.596	113
N	-15.331	12.836	2.276	114
CA	-14.105	13.562	2.609	114
C	-14.312	14.332	3.907	114
N	-13.345	14.22	4.82	115
CA	-13.426	14.801	6.156	115
C	-12.175	15.614	6.469	115
N	-12.35	16.601	7.354	116
CA	-11.292	17.484	7.834	116
C	-10.999	17.185	9.303	116
N	-9.723	16.996	9.634	117
CA	-9.341	16.774	11.026	117
C	-9.801	17.928	11.912	117
N	-10.268	17.598	13.123	118
CA	-10.649	18.651	14.064	118
C	-9.472	19.516	14.5	118
N	-8.245	19.139	14.152	119
CA	-7.074	19.96	14.436	119
C	-7.066	21.247	13.622	119
N	-7.829	21.99	12.812	120
CA	-9.187	21.807	12.379	120
C	-9.649	22.975	11.534	120
N	-9.13	24.311	11.158	121
CA	-10.372	25.014	10.884	121
C	-10.721	25.049	9.404	121
N	-9.735	24.887	8.52	122
CA	-9.921	25.089	7.09	122
C	-9.214	23.991	6.312	122
N	-9.828	23.57	5.2	123
CA	-9.213	22.554	4.346	123
C	-7.81	22.968	3.924	123
N	-7.622	24.249	3.601	124
CA	-6.329	24.669	3.066	124
C	-5.217	24.495	4.094	124
N	-5.551	24.568	5.384	125
CA	-4.553	24.321	6.42	125
C	-4.159	22.852	6.482	125
N	-5.078	21.946	6.152	126
CA	-4.845	20.523	6.354	126
C	-4.177	19.841	5.173	126
N	-4.258	20.425	3.98	127
CA	-3.697	19.792	2.793	127
C	-2.227	19.479	2.999	127
N	-1.825	18.256	2.667	128
CA	-0.443	17.853	2.778	128
C	0.019	17.501	4.172	128
N	-0.798	17.736	5.192	129
CA	-0.326	17.381	6.523	129
C	-0.773	15.965	6.876	129
N	0.086	15.151	7.493	130
CA	-0.305	13.77	7.826	130
C	-1.53	13.753	8.726	130
N	-2.576	13.064	8.266	131
CA	-3.816	12.974	9.002	131
C	-4.731	14.172	8.881	131
N	-4.344	15.197	8.123	132
CA	-5.157	16.406	8.061	132
C	-6.517	16.18	7.425	132
N	-6.576	15.319	6.411	133
CA	-7.818	14.905	5.776	133
C	-7.959	13.398	5.918	133
N	-9.21	12.935	6.002	134
CA	-9.517	11.512	6.013	134
C	-10.68	11.259	5.072	134
N	-10.598	10.176	4.311	135
CA	-11.662	9.793	3.387	135
C	-12.186	8.424	3.788	135
N	-13.516	8.286	3.853	136
CA	-14.172	6.987	3.945	136
C	-14.57	6.584	2.536	136
N	-14.156	5.392	2.123	137
CA	-14.407	4.898	0.775	137
C	-15.145	3.569	0.838	137
N	-16.176	3.426	0.009	138
CA	-16.913	2.173	-0.089	138
C	-17.17	1.862	-1.552	138
N	-17.113	0.575	-1.877	139
CA	-17.423	0.114	-3.223	139
C	-18.928	-0.029	-3.409	139
N	-19.4	0.341	-4.597	140
CA	-20.782	0.124	-4.998	140
C	-20.816	-1.063	-5.949	140
N	-21.771	-1.96	-5.732	141
CA	-21.905	-3.184	-6.507	141
C	-23.344	-3.334	-6.946	141
N	-23.551	-4.186	-7.956	142
CA	-24.898	-4.452	-8.439	142
C	-25.597	-5.474	-7.547	142
N	-26.777	-5.11	-7.058	143
CA	-27.655	-6.024	-6.367	143
C	-28.979	-6.099	-7.096	143
N	-29.909	-6.923	-6.602	144
CA	-31.136	-7.175	-7.37	144
C	-32.171	-6.066	-7.303	144
N	-32.173	-5.224	-6.27	145
CA	-33.268	-4.279	-6.101	145
C	-32.768	-2.871	-5.786	145
N	-33.699	-1.923	-5.861	146
CA	-33.372	-0.508	-5.746	146
C	-32.874	-0.187	-4.343	146
N	-31.759	0.538	-4.267	147
CA	-31.267	1.075	-3.003	147
C	-31.984	2.402	-2.766	147
N	-32.847	2.443	-1.746	148
CA	-33.7	3.611	-1.539	148
C	-32.902	4.843	-1.128	148
N	-31.836	4.666	-0.343	149
CA	-31.036	5.815	0.075	149
C	-30.359	6.472	-1.122	149
N	-29.76	5.665	-1.997	150
CA	-29.125	6.222	-3.185	150
C	-30.129	6.857	-4.135	150
N	-31.363	6.349	-4.173	151
CA	-32.337	6.898	-5.113	151
C	-32.627	8.37	-4.837	151
N	-32.536	8.796	-3.573	152
CA	-32.737	10.207	-3.252	152
C	-31.747	11.096	-3.99	152
N	-30.529	10.607	-4.217	153
CA	-29.544	11.371	-4.967	153
C	-29.599	11.079	-6.456	153
N	-29.729	9.806	-6.837	154
CA	-29.635	9.456	-8.247	154
C	-30.793	10.035	-9.045	154
N	-31.964	10.164	-8.422	155
CA	-33.111	10.752	-9.105	155
C	-32.903	12.224	-9.435	155
N	-31.88	12.866	-8.86	156
CA	-31.6	14.278	-9.076	156
C	-30.487	14.522	-10.086	156
N	-29.876	13.469	-10.638	157
CA	-28.775	13.695	-11.571	157
C	-29.258	14.316	-12.875	157
N	-30.446	13.918	-13.338	158
CA	-30.937	14.394	-14.626	158
C	-30.94	15.917	-14.681	158
N	-31.34	16.568	-13.583	159
CA	-31.435	18.02	-13.572	159
C	-30.079	18.706	-13.458	159
N	-29.009	17.96	-13.176	160
CA	-27.66	18.516	-13.187	160
C	-26.793	17.857	-14.259	160
N	-27.421	17.404	-15.35	161
CA	-26.679	16.678	-16.379	161
C	-25.583	17.536	-17.004	161
N	-25.841	18.825	-17.196	162
CA	-24.876	19.67	-17.879	162
C	-23.729	20.026	-16.945	162
N	-22.518	20.055	-17.495	163
CA	-21.353	20.354	-16.679	163
C	-21.506	21.718	-16.021	163
N	-21.17	21.784	-14.735	164
CA	-21.24	23.014	-13.981	164
C	-22.586	23.33	-13.366	164
N	-23.61	22.523	-13.618	165
CA	-24.933	22.82	-13.092	165
C	-25.077	22.28	-11.669	165
N	-26.047	22.832	-10.947	166
CA	-26.222	22.541	-9.532	166
C	-27.705	22.477	-9.208	166
N	-28.023	21.829	-8.089	167
CA	-29.386	21.762	-7.583	167
C	-29.325	21.648	-6.064	167
N	-30.492	21.512	-5.444	168
CA	-30.62	21.369	-3.998	168
C	-31.418	20.108	-3.709	168
N	-30.984	19.332	-2.719	169
CA	-31.681	18.086	-2.393	169
C	-32.022	18.053	-0.909	169
N	-33.143	17.447	-0.526	170
CA	-33.469	17.338	0.901	170
C	-32.375	16.621	1.682	170
N	-32.248	16.995	2.953	171
CA	-31.41	16.226	3.855	171
C	-31.833	14.771	3.896	171
N	-30.847	13.897	4.096	172
CA	-31.072	12.457	4.126	172
C	-30.092	11.839	5.113	172
N	-30.267	10.548	5.369	173
CA	-29.347	9.817	6.241	173
C	-28.098	9.485	5.435	173
N	-27.042	10.27	5.645	174
CA	-25.807	10.068	4.897	174
C	-25.2	8.706	5.215	174
N	-25.383	8.22	6.447	175
CA	-24.826	6.917	6.797	175
C	-25.482	5.77	6.039	175
N	-26.71	5.947	5.539	176
CA	-27.36	4.918	4.736	176
C	-26.746	4.78	3.353	176
N	-25.853	5.684	2.973	177
CA	-25.106	5.552	1.735	177
C	-23.857	4.7	1.916	177
N	-23.542	4.314	3.15	178
CA	-22.337	3.578	3.484	178
C	-22.695	2.157	3.899	178
N	-21.722	1.245	3.903	179
CA	-21.98	-0.129	4.349	179
C	-22.462	-0.163	5.789	179
N	-23.144	-1.258	6.133	180
CA	-23.607	-1.441	7.503	180
C	-22.519	-1.979	8.43	180
N	-21.485	-2.622	7.881	181
CA	-20.391	-3.192	8.672	181
C	-19.32	-2.121	8.853	181
N	-19.271	-1.534	10.042	182
CA	-18.28	-0.522	10.388	182
C	-17.042	-1.115	11.051	182
N	-16.976	-2.443	11.18	183
CA	-15.884	-3.101	11.884	183
C	-14.796	-3.625	10.963	183
N	-15.094	-3.881	9.692	184
CA	-14.152	-4.526	8.783	184
C	-13.731	-3.545	7.696	184
N	-12.482	-3.104	7.75	185
CA	-12.002	-2.125	6.789	185
C	-10.491	-2.223	6.67	185
N	-9.972	-1.583	5.624	186
CA	-8.548	-1.413	5.394	186
C	-8.192	0.056	5.582	186
N	-6.944	0.325	5.952	187
CA	-6.574	1.708	6.206	187
C	-5.121	1.937	5.816	187
N	-4.845	3.065	5.165	188
CA	-3.481	3.38	4.746	188
C	-3.381	4.885	4.543	188
N	-2.153	5.379	4.404	189
CA	-1.914	6.802	4.186	189
C	-1.584	7.052	2.721	189
N	-2.287	7.997	2.104	190
CA	-2.135	8.266	0.682	190
C	-2.387	9.712	0.368	190
N	-3.101	9.952	-0.725	191
CA	-3.235	11.294	-1.274	191
C	-4.665	11.546	-1.731	191
N	-4.964	12.81	-2.001	192
CA	-6.112	13.105	-2.847	192
C	-5.931	12.408	-4.191	192
N	-7.032	11.945	-4.79	193
CA	-6.914	11.243	-6.065	193
C	-7.189	12.14	-7.263	193
N	-7.226	13.447	-7.059	194
CA	-7.286	14.437	-8.124	194
C	-6.23	15.485	-7.824	194
N	-5.791	16.24	-8.831	195
CA	-4.856	17.341	-8.566	195
C	-5.438	18.256	-7.507	195
N	-4.611	18.782	-6.588	196
CA	-3.144	18.745	-6.545	196
C	-2.52	17.497	-5.901	196
N	-3.296	16.43	-5.693	197
CA	-2.75	15.143	-5.246	197
C	-2.017	15.246	-3.908	197
N	-2.515	16.094	-3.008	198
CA	-1.812	16.338	-1.751	198
C	-1.756	15.073	-0.896	198
N	-0.584	14.795	-0.325	199
CA	-0.369	13.603	0.487	199
C	-0.797	13.832	1.936	199
N	-0.681	12.79	2.756	200
CA	-1.08	12.861	4.143	200
C	-2.509	12.447	4.435	200
N	-3.255	11.991	3.433	201
CA	-4.669	11.661	3.606	201
C	-4.793	10.256	4.185	201
N	-5.601	10.1	5.229	202
CA	-5.868	8.777	5.785	202
C	-7.063	8.192	5.048	202
N	-6.836	7.098	4.331	203
CA	-7.875	6.383	3.607	203
C	-8.365	5.192	4.413	203
N	-9.686	5.073	4.546	204
CA	-10.339	3.927	5.162	204
C	-11.28	3.356	4.114	204
N	-11.046	2.107	3.725	205
CA	-11.83	1.437	2.69	205
C	-12.61	0.302	3.341	205
N	-13.941	0.406	3.328	206
CA	-14.785	-0.645	3.882	206
C	-14.586	-1.95	3.12	206
N	-14.585	-3.068	3.849	207
CA	-14.558	-4.356	3.164	207
C	-15.914	-4.693	2.56	207
N	-16.996	-4.41	3.277	208
CA	-18.337	-4.649	2.772	208
C	-18.711	-3.594	1.744	208
N	-19.387	-4.022	0.686	209
CA	-19.851	-3.11	-0.352	209
C	-21.272	-2.639	-0.056	209
N	-21.741	-1.689	-0.867	210
CA	-23.138	-1.272	-0.902	210
C	-23.714	-1.708	-2.245	210
N	-24.983	-2.11	-2.25	211
CA	-25.637	-2.648	-3.441	211
C	-26.624	-1.65	-4.034	211
N	-26.499	-1.423	-5.341	212
CA	-27.418	-0.633	-6.146	212
C	-27.964	-1.514	-7.262	212
N	-29.148	-1.164	-7.751	213
CA	-29.714	-1.906	-8.868	213
C	-28.945	-1.597	-10.146	213
N	-29.108	-2.474	-11.144	214
CA	-28.503	-2.225	-12.446	214
C	-28.96	-0.884	-13.009	214
N	-30.251	-0.57	-12.868	215
CA	-30.766	0.708	-13.35	215
C	-30.089	1.879	-12.645	215
N	-29.908	1.771	-11.327	216
CA	-29.251	2.835	-10.577	216
C	-27.806	3.022	-11.019	216
N	-27.077	1.924	-11.24	217
CA	-25.701	2.043	-11.721	217
C	-25.648	2.688	-13.102	217
N	-26.624	2.384	-13.969	218
CA	-26.695	3.043	-15.274	218
C	-26.995	4.529	-15.13	218
N	-27.908	4.877	-14.228	219
CA	-28.202	6.285	-13.979	219
C	-26.962	7.032	-13.518	219
N	-26.198	6.431	-12.6	220
CA	-24.985	7.067	-12.094	220
C	-23.981	7.301	-13.215	220
N	-23.756	6.292	-14.06	221
CA	-22.665	6.364	-15.026	221
C	-23.033	7.055	-16.332	221
N	-24.319	7.164	-16.663	222
CA	-24.715	7.589	-17.998	222
C	-25.426	8.93	-18.048	222
N	-25.682	9.569	-16.907	223
CA	-26.492	10.786	-16.919	223
C	-25.692	12.057	-17.19	223
N	-24.502	12.188	-16.614	224
CA	-23.82	13.471	-16.525	224
C	-22.865	13.71	-17.69	224
N	-22.72	14.985	-18.043	225
CA	-21.759	15.433	-19.042	225
C	-20.525	16.007	-18.37	225
N	-19.372	15.787	-18.993	226
CA	-18.131	16.349	-18.522	226
C	-17.693	17.539	-19.351	226
N	-16.403	17.865	-19.283	227
CA	-15.897	19.054	-19.977	227
C	-16.047	18.938	-21.487	227
N	-16.044	20.094	-22.141	228
CA	-16.341	20.131	-23.562	228
C	-17.765	19.666	-23.774	228
N	-17.921	18.575	-24.516	229
CA	-19.202	17.887	-24.621	229
C	-18.99	16.384	-24.598	229
N	-18.143	15.933	-23.682	230
CA	-17.889	14.524	-23.443	230
C	-18.773	14.052	-22.298	230
N	-19.117	12.771	-22.32	231
CA	-19.882	12.208	-21.219	231
C	-18.978	11.983	-20.013	231
N	-19.527	12.227	-18.824	232
CA	-18.791	12.082	-17.57	232
C	-18.789	10.607	-17.191	232
N	-17.752	9.9	-17.635	233
CA	-17.631	8.467	-17.43	233
C	-16.168	8.124	-17.194	233
N	-15.936	6.943	-16.617	234
CA	-14.579	6.463	-16.349	234
C	-13.784	7.501	-15.563	234
N	-14.437	8.104	-14.573	235
CA	-13.829	9.194	-13.813	235
C	-13.104	8.658	-12.578	235
N	-12.085	7.834	-12.836	236
CA	-11.253	7.244	-11.799	236
C	-9.787	7.354	-12.191	236
N	-8.937	7.509	-11.182	237
CA	-7.494	7.503	-11.361	237
C	-6.969	6.073	-11.3	237
N	-5.938	5.789	-12.098	238
CA	-5.279	4.486	-12.034	238
C	-4.675	4.262	-10.651	238
N	-4.558	2.993	-10.248	239
CA	-3.928	2.7	-8.969	239
C	-2.436	3.001	-9.027	239
N	-1.891	3.322	-7.867	240
CA	-0.557	3.857	-7.705	240
C	0.279	2.888	-6.883	240
N	1.593	2.868	-7.09	241
CA	2.442	1.929	-6.345	241
C	2.451	2.231	-4.855	241
N	2.426	1.165	-4.043	242
CA	2.494	1.334	-2.593	242
C	3.825	1.925	-2.145	242
N	4.919	1.576	-2.828	243
CA	6.248	2.082	-2.487	243
C	6.609	1.823	-1.024	243
N	6.334	0.607	-0.557	244
CA	6.714	0.208	0.78	244
C	5.704	0.517	1.865	244
N	4.617	1.215	1.542	245
CA	3.563	1.439	2.518	245
C	2.894	0.119	2.87	245
N	2.492	-0.002	4.128	246
CA	1.721	-1.147	4.587	246
C	0.26	-0.73	4.677	246
N	-0.616	-1.56	4.136	247
CA	-2.052	-1.406	4.334	247
C	-2.421	-2.2	5.574	247
N	-3.133	-1.568	6.506	248
CA	-3.624	-2.271	7.679	248
C	-5.04	-2.788	7.455	248
N	-5.358	-3.91	8.097	249
CA	-6.703	-4.469	8.091	249
C	-7.211	-4.562	9.52	249
N	-8.456	-4.145	9.731	250
CA	-9.057	-4.154	11.055	250
C	-9.612	-5.515	11.442	250
N	-9.416	-6.531	10.614	251
CA	-10.043	-7.828	10.797	251
C	-9.14	-8.865	10.161	251
N	-9.231	-10.123	10.593	252
CA	-8.46	-11.189	9.937	252
C	-9.065	-11.491	8.576	252
N	-8.287	-11.255	7.524	253
CA	-8.762	-11.54	6.18	253
C	-9.137	-13.01	6.073	253
N	-10.272	-13.269	5.436	254
CA	-10.667	-14.633	5.155	254
C	-9.589	-15.352	4.376	254
N	-9.699	-16.674	4.347	255
CA	-8.718	-17.44	3.595	255
C	-9.36	-18.557	2.777	255
N	-9.473	-18.318	1.475	256
CA	-10.144	-19.22	0.557	256
C	-9.41	-20.551	0.44	256
