ATOM	X	Y	Z	RESIDUE
N	38.446	73.223	40.254	1
CA	39.881	72.869	40.278	1
C	40.667	73.39	39.041	1
N	40.966	72.701	37.911	2
CA	41.221	71.431	37.217	2
C	40.119	70.549	37.768	2
N	40.561	69.386	37.295	3
CA	40.046	68.045	37.134	3
C	38.992	67.823	36.064	3
N	38.905	66.49	35.939	4
CA	38.081	65.505	35.227	4
C	38.264	64.065	35.852	4
N	37.813	62.867	35.343	5
CA	38.107	62.218	34.045	5
C	37.125	61.069	33.636	5
N	37.196	60.507	32.374	6
CA	37.704	59.24	31.77	6
C	37.809	58.976	30.243	6
N	37.899	57.582	29.959	7
CA	38.186	56.506	28.838	7
C	37.63	55.93	27.396	7
N	37.6	54.599	26.853	8
CA	36.786	53.372	26.366	8
C	35.689	52.802	25.289	8
N	35.395	51.413	24.852	9
CA	36.416	50.345	25.01	9
C	35.818	48.939	25.02	9
N	36.232	48.121	24.058	10
CA	35.832	46.712	23.99	10
C	37.084	45.889	23.686	10
N	37.137	44.662	24.19	11
CA	38.139	43.719	23.762	11
C	37.437	42.617	22.976	11
N	38.118	42.081	21.972	12
CA	37.617	40.893	21.299	12
C	38.769	39.95	21.012	12
N	38.577	38.686	21.357	13
CA	39.586	37.659	21.144	13
C	39.054	36.602	20.19	13
N	39.9	36.161	19.257	14
CA	39.647	34.96	18.466	14
C	40.897	34.094	18.422	14
N	40.709	32.862	17.987	15
CA	41.761	31.87	18.018	15
C	41.891	31.173	16.648	15
N	43.087	30.696	16.317	16
CA	43.267	29.772	15.182	16
C	44.226	28.64	15.609	16
N	44.307	27.557	14.84	17
CA	45.221	26.464	15.173	17
C	45.893	26.054	13.885	17
N	47.067	25.424	13.982	18
CA	47.753	24.93	12.792	18
C	47.087	23.644	12.29	18
N	47.479	23.224	11.087	19
CA	47.084	21.922	10.574	19
C	47.536	20.72	11.44	19
N	48.456	20.932	12.392	20
CA	48.918	19.843	13.28	20
C	48.125	19.669	14.564	20
N	47.216	20.608	14.845	21
CA	46.299	20.501	15.989	21
C	45.384	19.271	15.75	21
N	45.13	18.453	16.788	22
CA	44.446	17.151	16.497	22
C	43.055	17.252	15.868	22
N	42.254	18.269	16.239	23
CA	40.948	18.474	15.577	23
C	41.156	18.811	14.084	23
N	42.164	19.641	13.794	24
CA	42.456	20.029	12.392	24
C	43.05	18.887	11.551	24
N	43.824	17.997	12.178	25
CA	44.227	16.754	11.497	25
C	42.976	16.011	10.99	25
N	41.958	15.936	11.85	26
CA	40.708	15.239	11.504	26
C	39.977	15.922	10.353	26
N	39.871	17.251	10.398	27
CA	39.212	17.982	9.321	27
C	39.982	17.746	8.02	27
N	41.32	17.793	8.07	28
CA	42.124	17.607	6.833	28
C	42.03	16.185	6.244	28
N	42.064	15.174	7.114	29
CA	41.899	13.773	6.679	29
C	40.516	13.582	6.024	29
N	39.468	14.077	6.674	30
CA	38.09	14.004	6.112	30
C	38.004	14.642	4.732	30
N	38.544	15.863	4.619	31
CA	38.547	16.559	3.328	31
C	39.516	15.959	2.305	31
N	40.57	15.294	2.769	32
CA	41.463	14.574	1.842	32
C	40.76	13.36	1.209	32
N	39.982	12.631	2.015	33
CA	39.132	11.539	1.488	33
C	38.105	12.116	0.501	33
N	37.446	13.211	0.894	34
CA	36.477	13.851	0.008	34
C	37.094	14.216	-1.353	34
N	38.25	14.888	-1.336	35
CA	38.916	15.293	-2.6	35
C	39.293	14.106	-3.477	35
N	39.822	13.041	-2.867	36
CA	40.174	11.855	-3.674	36
C	38.947	11.295	-4.408	36
N	37.814	11.234	-3.71	37
CA	36.59	10.715	-4.318	37
C	36.06	11.651	-5.41	37
N	36.008	12.956	-5.126	38
CA	35.529	13.912	-6.137	38
C	36.414	13.95	-7.368	38
N	37.734	13.824	-7.173	39
CA	38.65	13.852	-8.319	39
C	38.295	12.768	-9.332	39
N	37.931	11.579	-8.858	40
CA	37.525	10.485	-9.731	40
C	36.023	10.467	-10.06	40
N	35.194	10.843	-9.095	41
CA	33.738	10.884	-9.295	41
C	33.193	12.167	-8.676	41
N	32.976	13.2	-9.511	42
CA	32.5	14.528	-9.078	42
C	31.112	14.503	-8.45	42
N	30.33	13.462	-8.735	43
CA	28.978	13.312	-8.15	43
C	28.969	12.512	-6.835	43
N	30.143	12.138	-6.329	44
CA	30.221	11.343	-5.088	44
C	29.432	12.008	-3.942	44
N	28.725	11.184	-3.158	45
CA	28.091	11.665	-1.934	45
C	28.944	11.174	-0.784	45
N	29.296	12.097	0.112	46
CA	30.346	11.861	1.095	46
C	29.952	12.468	2.427	46
N	29.982	11.638	3.471	47
CA	29.766	12.08	4.863	47
C	30.755	11.326	5.713	47
N	31.971	11.868	5.812	48
CA	33.113	11.133	6.385	48
C	33.675	11.866	7.592	48
N	33.689	11.186	8.738	49
CA	34.146	11.775	10.002	49
C	35.434	11.084	10.434	49
N	36.365	11.84	11.017	50
CA	37.647	11.282	11.447	50
C	37.789	11.488	12.945	50
N	38.293	10.471	13.644	51
CA	38.71	10.613	15.028	51
C	40.232	10.337	15.11	51
N	40.944	11.09	15.961	52
CA	42.318	10.741	16.313	52
C	42.493	10.709	17.818	52
N	43.331	9.794	18.282	53
CA	43.765	9.815	19.671	53
C	45.163	9.192	19.646	53
N	45.801	9.021	20.805	54
CA	47.182	8.55	20.853	54
C	47.408	7.381	19.881	54
N	48.252	7.602	18.879	55
CA	48.666	6.541	17.962	55
C	47.629	5.925	17.037	55
N	46.436	6.522	16.915	56
CA	45.429	5.975	15.99	56
C	44.504	6.999	15.319	56
N	44.019	6.6	14.143	57
CA	43.093	7.346	13.348	57
C	41.958	6.365	13.106	57
N	40.725	6.841	13.287	58
CA	39.514	6.059	12.981	58
C	38.662	6.892	12.029	58
N	38.463	6.388	10.803	59
CA	37.706	7.119	9.801	59
C	36.408	6.371	9.551	59
N	35.284	7.067	9.716	60
CA	33.972	6.416	9.654	60
C	32.976	7.251	8.838	60
N	31.829	6.654	8.551	61
CA	30.748	7.368	7.882	61
C	30.207	6.619	6.699	61
N	29.818	7.376	5.672	62
CA	29.146	6.795	4.511	62
C	29.536	7.512	3.222	62
N	29.67	6.705	2.173	63
CA	30.014	7.182	0.841	63
C	29.148	6.473	-0.207	63
N	28.704	7.233	-1.211	64
CA	28.14	6.676	-2.466	64
C	29.021	7.243	-3.577	64
N	29.647	6.357	-4.348	65
CA	30.651	6.776	-5.312	65
C	30.9	5.694	-6.34	65
N	31.331	6.11	-7.533	66
CA	31.873	5.152	-8.491	66
C	33.402	5.092	-8.388	66
N	33.978	5.903	-7.504	67
CA	35.441	5.994	-7.389	67
C	35.983	4.869	-6.511	67
N	35.888	3.637	-7.029	68
CA	36.28	2.452	-6.258	68
C	37.77	2.397	-5.916	68
N	38.631	2.743	-6.875	69
CA	40.079	2.833	-6.643	69
C	40.498	3.847	-5.581	69
N	39.921	5.051	-5.638	70
CA	40.178	6.052	-4.601	70
C	39.662	5.558	-3.257	70
N	38.465	4.992	-3.232	71
CA	37.952	4.403	-1.981	71
C	38.904	3.345	-1.4	71
N	39.385	2.433	-2.259	72
CA	40.417	1.419	-1.871	72
C	41.678	2.061	-1.253	72
N	42.022	3.252	-1.735	73
CA	43.252	3.899	-1.309	73
C	43.144	4.723	-0.02	73
N	41.962	4.756	0.611	74
CA	41.735	5.689	1.733	74
C	42.784	5.511	2.824	74
N	43.128	4.254	3.127	75
CA	44.129	4.034	4.14	75
C	45.463	4.763	3.837	75
N	45.882	4.77	2.57	76
CA	47.093	5.469	2.16	76
C	46.936	6.987	2.118	76
N	45.756	7.459	1.73	77
CA	45.418	8.898	1.748	77
C	45.539	9.439	3.182	77
N	45.058	8.671	4.15	78
CA	45.199	9.05	5.567	78
C	46.67	9.242	5.972	78
N	47.476	8.206	5.744	79
CA	48.877	8.237	6.102	79
C	49.612	9.387	5.413	79
N	49.394	9.57	4.109	80
CA	50.105	10.618	3.362	80
C	49.707	11.998	3.85	80
N	48.426	12.202	4.174	81
CA	48.011	13.501	4.733	81
C	48.742	13.779	6.048	81
N	48.817	12.767	6.911	82
CA	49.465	12.952	8.229	82
C	50.961	13.262	8.079	82
N	51.628	12.532	7.187	83
CA	53.021	12.814	6.832	83
C	53.19	14.238	6.293	83
N	52.309	14.659	5.371	84
CA	52.381	16.015	4.804	84
C	52.242	17.097	5.888	84
N	51.425	16.833	6.892	85
CA	51.238	17.751	8.008	85
C	52.542	17.857	8.807	85
N	53.322	16.77	8.795	86
CA	54.678	16.722	9.358	86
C	54.855	15.739	10.514	86
N	53.85	14.893	10.764	87
CA	53.967	13.905	11.84	87
C	54.612	12.649	11.265	87
N	55.932	12.537	11.428	88
CA	56.685	11.426	10.84	88
C	57.6	10.748	11.87	88
N	57.253	10.85	13.158	89
CA	58.096	10.246	14.213	89
C	57.411	10.209	15.566	89
N	57.571	9.098	16.278	90
CA	57.017	8.975	17.624	90
C	57.641	10.018	18.545	90
N	58.861	10.474	18.221	91
CA	59.522	11.567	18.976	91
C	58.715	12.882	18.922	91
N	57.907	13.031	17.862	92
CA	57.01	14.177	17.687	92
C	55.618	13.92	18.28	92
N	55.411	12.721	18.825	93
CA	54.102	12.345	19.374	93
C	53.247	11.536	18.405	93
N	53.628	11.505	17.125	94
CA	52.8	10.85	16.103	94
C	53.539	10.614	14.798	94
N	53.311	9.458	14.164	95
CA	53.958	9.126	12.897	95
C	52.924	8.582	11.929	95
N	52.677	9.324	10.861	96
CA	51.731	8.89	9.843	96
C	52.058	7.561	9.175	96
N	53.343	7.187	9.119	97
CA	53.772	5.963	8.442	97
C	53.492	4.719	9.295	97
N	53.321	4.908	10.596	98
CA	53.3	3.757	11.489	98
C	52.17	3.812	12.562	98
N	51.307	4.822	12.526	99
CA	50.161	4.875	13.485	99
C	49.062	3.866	13.092	99
N	48.145	3.575	14.006	100
CA	47.052	2.675	13.641	100
C	46.1	3.453	12.749	100
N	45.543	2.788	11.731	101
CA	44.504	3.384	10.877	101
C	43.366	2.353	10.685	101
N	42.16	2.718	11.142	102
CA	40.989	1.867	11.008	102
C	39.927	2.616	10.253	102
N	39.386	1.942	9.243	103
CA	38.374	2.508	8.345	103
C	37.055	1.764	8.564	103
N	36.022	2.51	8.956	104
CA	34.688	1.945	9.165	104
C	33.704	2.799	8.402	104
N	33.844	2.802	7.075	105
CA	33.007	3.64	6.214	105
C	32.11	2.733	5.402	105
N	30.799	2.97	5.475	106
CA	29.862	2.244	4.597	106
C	30.008	2.722	3.152	106
N	29.918	1.814	2.191	107
CA	30.156	2.207	0.802	107
C	29.137	1.564	-0.109	107
N	28.58	2.355	-1.026	108
CA	27.672	1.883	-2.098	108
C	28.009	2.535	-3.45	108
N	27.598	1.875	-4.542	109
CA	27.477	2.493	-5.874	109
C	26.175	3.286	-5.947	109
N	26.1	4.294	-6.848	110
CA	24.825	5.019	-7.052	110
C	23.786	4.156	-7.78	110
N	22.532	4.436	-7.526	111
CA	21.341	4.474	-8.269	111
C	20.222	3.903	-9.036	111
N	19.63	4.854	-9.708	112
CA	18.209	4.724	-9.668	112
C	18.017	6.257	-9.731	112
N	16.895	6.984	-9.717	113
CA	15.566	6.653	-10.217	113
C	15.256	7.775	-11.239	113
N	14.151	7.766	-12.048	114
CA	12.937	6.999	-11.826	114
C	11.865	7.503	-12.777	114
N	10.801	6.928	-12.214	115
CA	9.93	5.8	-12.396	115
C	9.039	5.888	-13.601	115
N	8.17	4.901	-13.4	116
CA	8.108	3.57	-13.954	116
C	7.675	3.559	-15.398	116
N	7.406	4.82	-15.779	117
CA	6.229	4.593	-16.513	117
C	6.933	4.227	-17.837	117
N	6.575	3.233	-18.597	118
CA	6.078	3.042	-19.939	118
C	5.94	1.639	-19.415	118
N	5.387	0.495	-19.759	119
CA	6.385	-0.5	-19.508	119
C	5.043	-1.271	-19.526	119
N	4.067	-0.346	-19.844	120
CA	3.157	0.55	-19.046	120
C	1.885	0.103	-18.297	120
N	1.558	-1.176	-18.424	121
CA	0.671	-1.684	-19.431	121
C	-0.832	-1.413	-19.37	121
N	-1.108	-0.663	-18.261	122
CA	-1.08	0.799	-18.171	122
C	-1.9	2.038	-18.53	122
N	-3.099	1.803	-19.045	123
CA	-3.752	0.947	-20.015	123
C	-4.902	1.965	-20.055	123
N	-4.437	2.834	-19.124	124
CA	-4.608	4.09	-18.371	124
C	-4.36	5.593	-18.699	124
N	-3.794	5.896	-19.926	125
CA	-2.491	6.633	-20.163	125
C	-2.309	8.048	-19.546	125
N	-1.177	8.76	-19.78	126
CA	-1.312	10.1	-19.204	126
C	-1.347	10.138	-17.661	126
N	-1.175	8.883	-17.183	127
CA	-2.207	7.884	-16.955	127
C	-3.035	7.953	-15.716	127
N	-2.385	8.939	-15.127	128
CA	-1.865	8.204	-14.009	128
C	-1.02	8.894	-13.003	128
N	-0.43	10.044	-12.795	129
CA	0.107	11.119	-13.567	129
C	0.363	11.756	-12.207	129
N	0.218	11.27	-10.949	130
CA	1.41	11.843	-10.464	130
C	2.335	11.868	-9.242	130
N	2.172	11.482	-7.981	131
CA	3.094	10.644	-7.177	131
C	4.517	11.215	-7.31	131
N	4.422	12.216	-8.222	132
CA	5.688	12.25	-8.919	132
C	6.884	13.023	-8.28	132
N	6.717	13.716	-7.11	133
CA	6.885	13.791	-5.636	133
C	8.011	14.065	-4.591	133
N	9.313	14.379	-4.797	134
CA	10.131	15.619	-4.858	134
C	10.701	16.6	-3.82	134
N	10.575	16.467	-2.485	135
CA	11.287	17.392	-1.593	135
C	12.83	17.396	-1.526	135
N	13.495	18.286	-0.75	136
CA	13.52	19.753	-0.812	136
C	14.439	20.637	0.112	136
N	15.32	20.233	1.103	137
CA	15.211	19.139	2.064	137
C	14.982	19.589	3.502	137
N	15.351	20.844	3.8	138
CA	15.322	21.399	5.168	138
C	14.723	22.811	5.262	138
N	13.983	23.064	6.342	139
CA	13.811	24.448	6.803	139
C	15.204	24.893	7.251	139
N	15.679	26.035	6.745	140
CA	17.032	26.517	7.065	140
C	17.172	28.024	7.219	140
N	18.118	28.449	8.058	141
CA	18.47	29.867	8.183	141
C	19.992	30.018	8.258	141
N	20.65	30.205	7.097	142
CA	22.147	30.293	7.011	142
C	22.688	31.739	7.088	142
N	23.916	31.922	7.582	143
CA	24.524	33.271	7.762	143
C	25.818	33.47	6.958	143
N	26.01	34.653	6.387	144
CA	27.351	35.043	5.903	144
C	27.769	36.375	6.512	144
N	29.064	36.67	6.532	145
CA	29.532	37.923	7.147	145
C	30.736	38.524	6.423	145
N	30.819	39.853	6.401	146
CA	32.023	40.502	5.907	146
C	32.094	41.868	6.568	146
N	33.304	42.414	6.652	147
CA	33.556	43.664	7.365	147
C	34.856	44.265	6.838	147
N	34.877	45.589	6.72	148
CA	35.993	46.267	6.122	148
C	37.164	46.502	7.09	148
N	37.35	45.628	8.071	149
CA	38.465	45.817	8.991	149
C	39.805	45.258	8.496	149
N	39.787	44.446	7.441	150
CA	41.008	43.875	6.88	150
C	40.875	43.865	5.364	150
N	42.023	43.747	4.629	151
CA	41.955	43.664	3.165	151
C	41.105	42.471	2.71	151
N	41.099	41.381	3.489	152
CA	40.356	40.176	3.108	152
C	38.89	40.262	3.558	152
N	38.51	41.4	4.143	153
CA	37.115	41.673	4.545	153
C	36.588	40.704	5.597	153
N	37.455	40.42	6.565	154
CA	37.137	39.564	7.697	154
C	37.271	40.382	8.971	154
N	36.653	39.91	10.068	155
CA	36.893	40.541	11.366	155
C	38.378	40.439	11.685	155
N	38.938	41.496	12.248	156
CA	40.375	41.533	12.504	156
C	40.909	40.427	13.456	156
N	40.203	40.141	14.583	157
CA	40.81	39.154	15.497	157
C	41.037	37.781	14.819	157
N	40.014	37.243	14.156	158
CA	40.184	35.933	13.462	158
C	41.127	36.052	12.261	158
N	41.084	37.183	11.544	159
CA	41.9	37.308	10.336	159
C	43.375	37.261	10.73	159
N	43.701	37.98	11.803	160
CA	45.058	38.005	12.314	160
C	45.448	36.642	12.915	160
N	44.538	36.013	13.642	161
CA	44.844	34.68	14.208	161
C	45.18	33.657	13.114	161
N	44.397	33.635	12.036	162
CA	44.656	32.733	10.899	162
C	45.949	33.12	10.164	162
N	46.183	34.421	9.954	163
CA	47.466	34.818	9.342	163
C	48.658	34.301	10.165	163
N	48.566	34.428	11.484	164
CA	49.621	33.958	12.383	164
C	49.802	32.434	12.384	164
N	48.708	31.68	12.459	165
CA	48.837	30.211	12.452	165
C	49.388	29.717	11.101	165
N	48.928	30.303	10.002	166
CA	49.465	29.948	8.668	166
C	50.987	30.244	8.512	166
N	51.415	31.384	9.033	167
CA	52.823	31.779	8.968	167
C	53.68	30.915	9.9	167
N	53.109	30.518	11.041	168
CA	53.77	29.595	11.952	168
C	54.102	28.275	11.238	168
N	53.147	27.771	10.468	169
CA	53.384	26.595	9.665	169
C	54.409	26.888	8.564	169
N	54.292	28.054	7.946	170
CA	55.153	28.379	6.786	170
C	56.653	28.387	7.145	170
N	56.996	28.998	8.281	171
CA	58.398	29.064	8.688	171
C	58.967	27.714	9.129	171
N	58.087	26.776	9.497	172
CA	58.519	25.41	9.755	172
C	58.83	24.735	8.424	172
N	57.858	24.768	7.512	173
CA	57.972	24.036	6.242	173
C	59.018	24.614	5.298	173
N	59.206	25.934	5.328	174
CA	60.177	26.554	4.421	174
C	61.608	26.478	4.961	174
N	61.759	25.911	6.163	175
CA	63.094	25.699	6.735	175
C	63.685	26.896	7.472	175
N	62.961	28.01	7.551	176
CA	63.455	29.175	8.305	176
C	63.586	28.908	9.819	176
N	62.607	28.209	10.4	177
CA	62.695	27.728	11.782	177
C	62.492	26.196	11.744	177
N	63.523	25.44	11.307	178
CA	63.323	24.005	11.05	178
C	63.094	23.185	12.314	178
N	63.411	23.77	13.471	179
CA	63.197	23.111	14.759	179
C	61.727	23.021	15.231	179
N	60.818	23.733	14.561	180
CA	59.385	23.675	14.929	180
C	58.761	22.333	14.579	180
N	57.65	22.017	15.24	181
CA	56.915	20.783	14.976	181
C	55.462	21.175	14.636	181
N	54.628	20.236	14.153	182
CA	53.371	20.699	13.527	182
C	52.319	21.357	14.421	182
N	52.134	20.88	15.653	183
CA	50.995	21.346	16.481	183
C	51.234	22.812	16.913	183
N	50.173	23.621	16.913	184
CA	50.271	25.012	17.371	184
C	48.903	25.687	17.414	184
N	48.855	26.845	18.077	185
CA	47.643	27.605	18.341	185
C	48.052	29.081	18.47	185
N	47.225	29.973	17.944	186
CA	47.39	31.426	18.077	186
C	46.106	32.012	18.681	186
N	46.24	33.029	19.549	187
CA	45.101	33.777	20.088	187
C	45.466	35.258	19.922	187
N	44.498	36.035	19.448	188
CA	44.661	37.464	19.201	188
C	43.573	38.222	19.942	188
N	43.975	39.176	20.784	189
CA	43.021	40.069	21.426	189
C	43.206	41.487	20.892	189
N	42.124	42.061	20.354	190
CA	42.127	43.412	19.803	190
C	41.356	44.342	20.735	190
N	41.877	45.546	20.988	191
CA	41.118	46.57	21.715	191
C	40.431	47.511	20.728	191
N	39.149	47.77	20.945	192
CA	38.38	48.641	20.06	192
C	37.905	49.879	20.815	192
N	37.886	51.019	20.129	193
CA	37.202	52.206	20.661	193
C	36.237	52.707	19.576	193
N	34.938	52.714	19.884	194
CA	33.898	53.145	18.935	194
C	33.961	52.395	17.603	194
N	34.113	51.07	17.672	195
CA	34.245	50.214	16.474	195
C	35.596	50.274	15.729	195
N	36.484	51.172	16.138	196
CA	37.783	51.278	15.489	196
C	38.782	50.381	16.234	196
N	39.462	49.475	15.505	197
CA	40.488	48.675	16.171	197
C	41.715	49.544	16.438	197
N	41.979	49.824	17.715	198
CA	43.03	50.785	18.052	198
C	44.332	50.169	18.582	198
N	44.251	48.997	19.218	199
CA	45.448	48.397	19.797	199
C	45.415	46.895	19.628	199
N	46.569	46.316	19.335	200
CA	46.732	44.879	19.412	200
C	47.076	44.608	20.878	200
N	46.09	44.133	21.64	201
CA	46.237	43.989	23.089	201
C	47.178	42.834	23.459	201
N	46.854	41.629	22.991	202
CA	47.653	40.462	23.314	202
C	47.756	39.502	22.125	202
N	48.921	38.877	21.98	203
CA	49.092	37.755	21.066	203
C	49.673	36.572	21.825	203
N	49.021	35.425	21.684	204
CA	49.551	34.19	22.244	204
C	49.867	33.299	21.095	204
N	51.107	32.811	21.065	205
CA	51.501	31.777	20.097	205
C	52.108	30.587	20.855	205
N	51.445	29.425	20.771	206
CA	51.96	28.167	21.31	206
C	52.368	27.32	20.144	206
N	53.596	26.822	20.151	207
CA	54.016	25.952	19.062	207
C	54.834	24.812	19.613	207
N	54.61	23.643	19.024	208
CA	55.422	22.466	19.253	208
C	56.838	22.676	18.668	208
N	57.841	22.067	19.301	209
CA	59.238	22.259	18.902	209
C	60.12	21.125	19.405	209
N	61.341	21.051	18.87	210
CA	62.352	20.099	19.342	210
C	62.747	20.349	20.808	210
N	63.045	19.268	21.528	211
CA	63.324	19.289	22.973	211
C	64.477	20.242	23.396	211
N	65.49	20.36	22.553	212
CA	66.722	21.063	22.958	212
C	66.674	22.58	22.719	212
N	65.512	23.092	22.308	213
CA	65.365	24.525	22.025	213
C	65.185	25.365	23.3	213
N	65.979	26.433	23.418	214
CA	65.87	27.36	24.538	214
C	64.672	28.28	24.316	214
N	63.686	28.173	25.206	215
CA	62.444	28.934	25.114	215
C	62.646	30.455	25.111	215
N	63.563	30.937	25.952	216
CA	63.768	32.371	26.169	216
C	64.756	32.985	25.168	216
N	65.864	32.286	24.931	217
CA	66.936	32.748	24.044	217
C	66.681	32.501	22.552	217
N	65.969	31.422	22.202	218
CA	65.725	31.087	20.793	218
C	64.238	31.217	20.382	218
N	63.362	30.448	21.032	219
CA	61.962	30.4	20.584	219
C	61.267	31.753	20.624	219
N	61.333	32.437	21.764	220
CA	60.615	33.705	21.904	220
C	61.04	34.783	20.875	220
N	62.358	35.042	20.712	221
CA	62.681	36.06	19.689	221
C	62.453	35.589	18.228	221
N	62.663	34.305	17.93	222
CA	62.43	33.783	16.565	222
C	60.954	33.898	16.161	222
N	60.062	33.529	17.078	223
CA	58.617	33.633	16.821	223
C	58.188	35.109	16.642	223
N	58.582	35.962	17.587	224
CA	58.349	37.418	17.469	224
C	58.796	37.986	16.115	224
N	59.992	37.603	15.674	225
CA	60.605	38.121	14.451	225
C	60.06	37.502	13.166	225
N	60.028	36.173	13.129	226
CA	59.689	35.44	11.913	226
C	58.188	35.245	11.696	226
N	57.419	35.23	12.783	227
CA	55.963	35.046	12.688	227
C	55.185	36.34	12.971	227
N	55.292	36.878	14.187	228
CA	54.454	38.029	14.534	228
C	54.796	39.276	13.68	228
N	56.068	39.661	13.659	229
CA	56.51	40.866	12.925	229
C	56.222	40.761	11.422	229
N	56.46	39.595	10.818	230
CA	56.248	39.486	9.365	230
C	54.759	39.579	9.016	230
N	53.897	38.965	9.83	231
CA	52.437	39.049	9.64	231
C	51.928	40.5	9.803	231
N	52.369	41.184	10.863	232
CA	52.002	42.596	11.073	232
C	52.453	43.494	9.902	232
N	53.68	43.275	9.404	233
CA	54.173	43.946	8.173	233
C	53.298	43.674	6.955	233
N	52.909	42.412	6.768	234
CA	52.065	42.007	5.641	234
C	50.737	42.738	5.677	234
N	50.127	42.782	6.86	235
CA	48.804	43.363	7.04	235
C	48.841	44.898	6.9	235
N	49.877	45.517	7.467	236
CA	50.068	46.981	7.376	236
C	48.792	47.752	7.763	236
N	48.202	47.402	8.906	237
CA	46.93	47.98	9.293	237
C	47.008	49.504	9.549	237
N	45.968	50.225	9.135	238
CA	45.922	51.697	9.261	238
C	45.795	52.233	10.69	238
N	45.106	51.511	11.573	239
CA	44.842	52.045	12.918	239
C	45.356	51.15	14.053	239
N	45.64	49.884	13.762	240
CA	46.019	48.96	14.813	240
C	47.448	49.239	15.32	240
N	47.541	49.789	16.527	241
CA	48.824	50.083	17.145	241
C	49.301	48.833	17.905	241
N	50.357	48.203	17.398	242
CA	50.87	46.983	18.02	242
C	52.073	47.232	18.935	242
N	52.451	48.497	19.136	243
CA	53.694	48.792	19.865	243
C	53.743	48.235	21.305	243
N	52.608	48.237	22.0	244
CA	52.549	47.748	23.393	244
C	51.996	46.319	23.525	244
N	51.87	45.588	22.416	245
CA	51.305	44.226	22.495	245
C	51.977	43.347	23.573	245
N	51.153	42.664	24.366	246
CA	51.665	41.646	25.271	246
C	51.798	40.351	24.463	246
N	53.041	39.898	24.276	247
CA	53.313	38.698	23.478	247
C	53.691	37.547	24.395	247
N	52.892	36.485	24.354	248
CA	53.173	35.272	25.102	248
C	53.486	34.133	24.128	248
N	54.749	33.709	24.098	249
CA	55.148	32.568	23.272	249
C	55.33	31.37	24.203	249
N	54.604	30.283	23.936	250
CA	54.6	29.1	24.804	250
C	54.467	29.422	26.293	250
N	53.359	30.094	26.68	251
CA	53.208	30.505	28.069	251
C	53.268	29.349	29.067	251
N	52.869	28.148	28.652	252
CA	52.956	26.969	29.534	252
C	54.307	26.199	29.471	252
N	55.301	26.727	28.755	253
CA	56.625	26.081	28.696	253
C	56.843	25.141	27.511	253
N	57.704	24.14	27.72	254
CA	58.087	23.157	26.696	254
C	56.862	22.499	26.053	254
N	56.89	22.354	24.738	255
CA	55.774	21.783	23.962	255
C	56.477	20.884	22.947	255
N	56.821	19.677	23.392	256
CA	57.689	18.783	22.627	256
C	56.877	17.705	21.902	256
N	55.933	17.104	22.617	257
CA	55.034	16.128	22.02	257
C	53.745	16.871	21.644	257
N	53.055	16.413	20.617	258
CA	51.854	17.11	20.208	258
C	50.957	16.266	19.356	258
N	50.016	16.932	18.693	259
CA	49.046	16.256	17.836	259
C	48.128	15.375	18.665	259
N	47.776	14.189	18.152	260
CA	46.896	13.281	18.925	260
C	47.491	12.732	20.244	260
N	48.812	12.822	20.426	261
CA	49.486	12.267	21.598	261
C	48.894	12.823	22.894	261
N	48.35	11.927	23.709	262
CA	47.803	12.287	25.021	262
C	46.644	13.256	24.876	262
N	45.913	13.121	23.77	263
CA	44.849	14.039	23.459	263
C	43.817	13.254	22.647	263
N	42.903	13.969	22.012	264
CA	42.01	13.387	21.027	264
C	41.511	14.51	20.136	264
N	41.173	14.178	18.895	265
CA	40.621	15.196	17.987	265
C	39.484	14.556	17.205	265
N	38.589	15.398	16.707	266
CA	37.443	14.95	15.903	266
C	37.164	15.94	14.798	266
N	36.607	15.443	13.692	267
CA	36.181	16.334	12.597	267
C	35.063	17.262	13.104	267
N	35.087	18.517	12.685	268
CA	33.96	19.412	12.911	268
C	33.9	19.946	14.339	268
N	35.044	19.978	15.035	269
CA	35.114	20.523	16.399	269
C	35.806	21.892	16.437	269
N	36.011	22.493	15.258	270
CA	36.598	23.847	15.152	270
C	35.768	24.768	14.219	270
N	34.446	24.718	14.337	271
CA	33.586	25.368	13.345	271
C	33.607	26.909	13.504	271
N	33.94	27.4	14.687	272
CA	34.09	28.847	14.879	272
C	35.432	29.329	14.317	272
N	36.492	28.56	14.576	273
CA	37.799	28.76	13.906	273
C	37.702	28.724	12.365	273
N	36.86	27.823	11.864	274
CA	36.639	27.65	10.394	274
C	35.938	28.822	9.743	274
N	35.234	29.616	10.554	275
CA	34.329	30.656	10.053	275
C	34.809	32.06	10.444	275
N	34.217	32.676	11.475	276
CA	34.437	34.104	11.775	276
C	34.997	34.398	13.198	276
N	35.426	33.355	13.892	277
CA	36.136	33.546	15.17	277
C	35.282	34.037	16.319	277
N	33.966	33.857	16.185	278
CA	33.001	34.239	17.215	278
C	32.381	35.6	16.953	278
N	32.903	36.303	15.953	279
CA	32.452	37.664	15.659	279
C	31.044	37.665	15.027	279
N	30.741	36.615	14.258	280
CA	29.468	36.46	13.567	280
C	28.679	35.247	14.07	280
N	27.374	35.234	13.806	281
CA	26.514	34.122	14.243	281
C	26.762	32.876	13.393	281
N	26.418	31.704	13.948	282
CA	26.637	30.398	13.289	282
C	25.406	29.49	13.425	282
N	25.003	28.885	12.304	283
CA	23.876	27.949	12.252	283
C	24.179	26.567	12.818	283
N	25.447	26.175	12.815	284
CA	25.857	24.954	13.533	284
C	26.484	23.814	12.747	284
N	26.329	23.818	11.432	285
CA	26.895	22.722	10.621	285
C	28.413	22.83	10.437	285
N	29.11	21.703	10.609	286
CA	30.53	21.618	10.261	286
C	30.705	21.433	8.741	286
N	31.878	21.795	8.219	287
CA	32.146	21.718	6.776	287
C	32.847	20.43	6.325	287
N	33.939	20.071	7.008	288
CA	34.867	19.054	6.459	288
C	34.272	17.648	6.403	288
N	34.642	16.906	5.359	289
CA	34.126	15.544	5.154	289
C	32.742	15.491	4.496	289
N	32.206	16.653	4.107	290
CA	30.884	16.682	3.439	290
C	31.034	17.139	2.009	290
N	30.404	16.426	1.077	291
CA	30.402	16.869	-0.328	291
C	29.498	18.111	-0.444	291
N	29.633	18.896	-1.545	292
CA	28.88	20.145	-1.802	292
C	27.35	20.029	-1.783	292
N	26.78	18.831	-1.939	293
CA	25.309	18.697	-1.845	293
C	24.804	18.961	-0.412	293
N	25.705	18.96	0.572	294
CA	25.304	19.271	1.934	294
C	25.167	20.801	2.032	294
N	23.941	21.268	2.215	295
CA	23.653	22.7	2.233	295
C	24.409	23.418	3.364	295
N	24.67	22.7	4.468	296
CA	25.516	23.154	5.594	296
C	26.826	23.763	5.119	296
N	27.364	23.186	4.052	297
CA	28.64	23.623	3.501	297
C	28.447	24.612	2.354	297
N	27.736	24.202	1.3	298
CA	27.686	25.017	0.094	298
C	26.959	26.349	0.319	298
N	25.874	26.353	1.101	299
CA	25.134	27.603	1.344	299
C	25.889	28.512	2.3	299
N	26.638	27.932	3.236	300
CA	27.505	28.741	4.087	300
C	28.56	29.468	3.232	300
N	29.154	28.743	2.285	301
CA	30.1	29.321	1.315	301
C	29.421	30.424	0.459	301
N	28.246	30.142	-0.109	302
CA	27.51	31.173	-0.853	302
C	27.258	32.415	0.014	302
N	26.903	32.203	1.283	303
CA	26.545	33.362	2.131	303
C	27.779	34.252	2.395	303
N	28.94	33.623	2.532	304
CA	30.202	34.384	2.631	304
C	30.404	35.206	1.356	304
N	30.18	34.544	0.237	305
CA	30.353	35.156	-1.078	305
C	29.458	36.397	-1.232	305
N	28.191	36.267	-0.839	306
CA	27.246	37.368	-0.932	306
C	27.697	38.515	-0.026	306
N	28.03	38.194	1.221	307
CA	28.373	39.223	2.201	307
C	29.624	40.008	1.774	307
N	30.619	39.27	1.298	308
CA	31.882	39.867	0.894	308
C	31.69	40.849	-0.256	308
N	30.88	40.453	-1.236	309
CA	30.621	41.308	-2.392	309
C	29.78	42.53	-2.021	309
N	28.851	42.37	-1.072	310
CA	28.083	43.515	-0.533	310
C	29.023	44.558	0.074	310
N	29.97	44.099	0.885	311
CA	30.91	45.009	1.528	311
C	31.914	45.602	0.527	311
N	32.484	44.755	-0.329	312
CA	33.411	45.223	-1.369	312
C	32.762	46.213	-2.344	312
N	31.448	46.094	-2.545	313
CA	30.699	47.027	-3.398	313
C	30.474	48.407	-2.752	313
N	30.739	48.551	-1.452	314
CA	30.55	49.849	-0.766	314
C	29.131	50.016	-0.247	314
N	28.335	48.941	-0.298	315
CA	26.955	49.016	0.198	315
C	26.824	49.124	1.728	315
N	27.79	48.572	2.457	316
CA	27.855	48.695	3.93	316
C	29.288	48.482	4.367	316
N	29.646	48.978	5.547	317
CA	30.985	48.729	6.097	317
C	31.102	47.317	6.735	317
N	29.987	46.81	7.261	318
CA	29.893	45.441	7.788	318
C	28.476	44.917	7.527	318
N	28.337	43.605	7.321	319
CA	27.036	43.024	6.997	319
C	26.974	41.555	7.444	319
N	25.859	41.189	8.073	320
CA	25.509	39.797	8.251	320
C	24.359	39.563	7.293	320
N	24.496	38.541	6.443	321
CA	23.444	38.191	5.494	321
C	22.799	36.894	5.962	321
N	21.458	36.862	5.932	322
CA	20.663	35.684	6.317	322
C	19.886	35.17	5.113	322
N	19.867	33.852	4.949	323
CA	19.056	33.211	3.908	323
C	18.092	32.201	4.566	323
N	16.813	32.297	4.194	324
CA	15.779	31.422	4.724	324
C	15.388	30.431	3.633	324
N	15.506	29.13	3.93	325
CA	15.021	28.075	3.03	325
C	13.776	27.353	3.563	325
N	12.939	26.885	2.635	326
CA	11.747	26.091	2.962	326
C	11.826	24.697	2.314	326
N	11.378	23.663	3.044	327
CA	11.263	22.289	2.487	327
C	10.35	22.297	1.268	327
N	10.793	21.651	0.186	328
CA	9.988	21.518	-1.039	328
C	10.182	22.64	-2.055	328
N	10.891	23.693	-1.654	329
CA	11.192	24.811	-2.541	329
C	12.711	24.922	-2.707	329
N	13.173	25.151	-3.939	330
CA	14.629	25.254	-4.168	330
C	15.167	26.652	-3.834	330
N	14.451	27.686	-4.284	331
CA	14.855	29.078	-4.062	331
C	14.564	29.499	-2.613	331
N	15.353	30.449	-2.069	332
CA	15.062	30.957	-0.722	332
C	13.692	31.61	-0.645	332
N	13.088	31.558	0.544	333
CA	11.799	32.185	0.779	333
C	11.99	33.503	1.531	333
N	13.235	33.806	1.886	334
CA	13.563	35.05	2.571	334
C	15.037	35.359	2.416	334
N	15.359	36.638	2.311	335
CA	16.759	37.058	2.259	335
C	16.859	38.366	3.041	335
N	17.546	38.312	4.19	336
CA	17.581	39.436	5.139	336
C	18.999	39.913	5.458	336
N	19.177	41.224	5.443	337
CA	20.47	41.846	5.652	337
C	20.449	42.593	6.989	337
N	21.513	42.438	7.776	338
CA	21.729	43.276	8.948	338
C	23.025	44.056	8.77	338
N	22.915	45.377	8.746	339
CA	24.086	46.213	8.502	339
C	24.62	46.911	9.742	339
N	23.981	46.697	10.892	340
CA	24.455	47.257	12.186	340
C	24.694	48.776	12.102	340
N	23.791	49.481	11.435	341
CA	23.904	50.941	11.28	341
C	24.973	51.425	10.297	341
N	25.665	50.487	9.639	342
CA	26.85	50.808	8.829	342
C	26.572	50.951	7.327	342
N	25.306	50.83	6.917	343
CA	24.923	50.908	5.502	343
C	25.23	52.259	4.82	343
N	25.387	52.223	3.496	344
CA	25.56	53.431	2.709	344
C	24.287	53.634	1.896	344
N	23.441	52.604	1.874	345
CA	22.125	52.676	1.243	345
C	21.122	51.893	2.062	345
N	19.849	52.186	1.84	346
CA	18.758	51.473	2.5	346
C	19.018	49.944	2.526	346
N	18.992	49.32	3.724	347
CA	19.217	47.863	3.806	347
C	18.205	47.043	3.0	347
N	16.965	47.524	2.912	348
CA	15.931	46.877	2.089	348
C	16.311	46.856	0.597	348
N	16.998	47.904	0.135	349
CA	17.536	47.946	-1.234	349
C	18.673	46.927	-1.438	349
N	19.493	46.723	-0.392	350
CA	20.54	45.692	-0.399	350
C	19.912	44.309	-0.526	350
N	18.894	44.023	0.28	351
CA	18.192	42.734	0.185	351
C	17.635	42.493	-1.23	351
N	17.038	43.521	-1.825	352
CA	16.461	43.408	-3.184	352
C	17.553	43.176	-4.235	352
N	18.668	43.887	-4.112	353
CA	19.782	43.727	-5.039	353
C	20.396	42.318	-4.96	353
N	20.489	41.776	-3.743	354
CA	20.973	40.397	-3.554	354
C	20.064	39.374	-4.253	354
N	18.755	39.512	-4.07	355
CA	17.785	38.591	-4.659	355
C	17.78	38.653	-6.181	355
N	18.231	39.779	-6.728	356
CA	18.296	39.968	-8.172	356
C	19.582	39.404	-8.771	356
N	20.686	39.573	-8.04	357
CA	22.02	39.253	-8.544	357
C	22.397	37.798	-8.303	357
N	21.998	37.261	-7.156	358
CA	22.442	35.929	-6.771	358
C	21.334	34.924	-6.965	358
N	21.706	33.731	-7.42	359
CA	20.761	32.611	-7.494	359
C	21.171	31.601	-6.425	359
N	20.39	31.53	-5.344	360
CA	20.817	30.765	-4.189	360
C	20.146	29.402	-4.074	360
N	19.528	28.942	-5.16	361
CA	19.239	27.514	-5.305	361
C	20.55	26.706	-5.197	361
N	20.536	25.588	-4.438	362
CA	21.715	24.721	-4.236	362
C	22.404	24.326	-5.551	362
N	21.61	23.934	-6.538	363
CA	22.129	23.575	-7.852	363
C	22.845	24.719	-8.541	363
N	22.277	25.926	-8.454	364
CA	22.928	27.102	-8.996	364
C	24.227	27.422	-8.256	364
N	24.192	27.364	-6.926	365
CA	25.392	27.59	-6.121	365
C	26.515	26.636	-6.507	365
N	26.193	25.343	-6.581	366
CA	27.188	24.32	-6.917	366
C	27.823	24.545	-8.319	366
N	27.003	24.911	-9.287	367
CA	27.49	25.294	-10.619	367
C	28.359	26.58	-10.59	367
N	27.812	27.644	-10.007	368
CA	28.426	28.964	-10.089	368
C	29.734	29.075	-9.321	368
N	29.83	28.402	-8.17	369
CA	31.093	28.348	-7.426	369
C	31.946	27.155	-7.841	369
N	31.453	26.373	-8.808	370
CA	32.185	25.246	-9.405	370
C	32.662	24.263	-8.311	370
N	31.722	23.746	-7.513	371
CA	32.07	23.076	-6.246	371
C	32.394	21.586	-6.375	371
N	32.136	20.986	-7.548	372
CA	32.377	19.539	-7.741	372
C	33.8	19.224	-8.232	372
N	34.783	19.651	-7.454	373
CA	36.17	19.583	-7.821	373
C	36.906	19.298	-6.531	373
N	38.101	18.699	-6.629	374
CA	38.866	18.383	-5.413	374
C	39.612	19.619	-4.867	374
N	38.874	20.556	-4.277	375
CA	39.446	21.817	-3.79	375
C	39.418	21.95	-2.242	375
N	39.01	20.884	-1.551	376
CA	38.617	21.046	-0.132	376
C	39.672	20.839	0.933	376
N	40.636	19.959	0.684	377
CA	41.682	19.736	1.679	377
C	42.389	21.035	2.114	377
N	42.708	21.952	1.174	378
CA	43.284	23.244	1.647	378
C	42.378	24.067	2.59	378
N	41.06	23.884	2.523	379
CA	40.154	24.657	3.39	379
C	40.157	24.132	4.835	379
N	40.664	22.919	5.055	380
CA	40.53	22.244	6.348	380
C	41.377	22.779	7.487	380
N	42.267	23.741	7.213	381
CA	42.943	24.494	8.279	381
C	43.16	25.934	7.789	381
N	43.328	26.843	8.75	382
CA	43.623	28.285	8.508	382
C	42.382	29.077	8.127	382
N	41.227	28.415	8.206	383
CA	39.93	29.051	7.95	383
C	39.415	28.789	6.549	383
N	38.089	28.707	6.41	384
CA	37.443	28.561	5.103	384
C	37.187	29.927	4.465	384
N	37.23	30.984	5.271	385
CA	36.933	32.347	4.77	385
C	38.087	33.318	4.967	385
N	38.225	34.225	4.001	386
CA	39.201	35.314	4.087	386
C	40.632	34.915	3.798	386
N	40.831	33.798	3.096	387
CA	42.181	33.242	2.971	387
C	43.1	34.102	2.105	387
N	44.309	34.383	2.591	388
CA	45.253	35.209	1.815	388
C	46.262	34.36	1.031	388
N	46.307	33.059	1.31	389
CA	47.287	32.14	0.716	389
C	46.708	31.23	-0.376	389
N	45.385	31.127	-0.472	390
CA	44.754	30.29	-1.523	390
C	43.575	31.055	-2.119	390
N	43.213	30.722	-3.349	391
CA	42.138	31.376	-4.064	391
C	40.917	30.438	-4.025	391
N	39.881	30.838	-3.297	392
CA	38.672	30.023	-3.18	392
C	37.529	30.716	-3.918	392
N	36.624	29.941	-4.55	393
CA	35.592	30.596	-5.415	393
C	34.651	31.545	-4.647	393
N	34.313	31.209	-3.397	394
CA	33.411	32.052	-2.602	394
C	34.078	33.32	-2.042	394
N	35.352	33.527	-2.349	395
CA	36.08	34.722	-1.921	395
C	36.294	35.704	-3.074	395
N	35.856	35.334	-4.269	396
CA	36.028	36.199	-5.441	396
C	35.077	37.377	-5.395	396
N	35.578	38.552	-5.778	397
CA	34.762	39.758	-5.802	397
C	34.162	39.94	-7.197	397
N	33.609	38.861	-7.754	398
CA	33.135	38.836	-9.14	398
C	31.666	39.299	-9.263	398
N	31.044	39.677	-8.138	399
CA	29.654	40.154	-8.153	399
C	29.527	41.617	-7.723	399
N	30.665	42.276	-7.476	400
CA	30.664	43.696	-7.07	400
C	30.009	44.575	-8.128	400
N	30.444	44.436	-9.376	401
CA	29.827	45.173	-10.495	401
C	28.32	44.897	-10.582	401
N	27.913	43.628	-10.509	402
CA	26.489	43.266	-10.606	402
C	25.652	43.958	-9.524	402
N	26.168	43.977	-8.288	403
CA	25.467	44.597	-7.167	403
C	25.325	46.105	-7.377	403
N	26.382	46.753	-7.877	404
CA	26.371	48.205	-8.139	404
C	25.35	48.568	-9.211	404
N	25.226	47.716	-10.223	405
CA	24.249	47.922	-11.296	405
C	22.822	47.675	-10.799	405
N	22.655	46.87	-9.754	406
CA	21.311	46.492	-9.301	406
C	20.769	47.332	-8.129	406
N	21.645	48.051	-7.44	407
CA	21.226	48.762	-6.234	407
C	20.309	49.946	-6.597	407
N	-9.105	60.362	-5.183	1
CA	-8.008	59.561	-4.604	1
C	-8.234	58.039	-4.546	1
N	-8.389	57.699	-3.252	2
CA	-8.723	56.562	-2.389	2
C	-8.099	55.192	-1.976	2
N	-6.902	54.782	-2.483	3
CA	-6.273	53.438	-2.352	3
C	-5.6	52.801	-1.098	3
N	-5.379	51.454	-1.2	4
CA	-4.328	50.453	-1.538	4
C	-3.056	49.87	-0.854	4
N	-2.511	50.119	0.379	5
CA	-1.367	49.346	0.942	5
C	-1.176	49.486	2.481	5
N	-0.24	48.878	3.306	6
CA	1.171	48.408	3.19	6
C	1.836	47.461	4.332	6
N	3.188	46.907	4.29	7
CA	4.395	46.132	4.98	7
C	4.963	44.735	5.683	7
N	6.184	44.164	6.301	8
CA	7.054	43.825	7.569	8
C	8.423	42.861	7.734	8
N	9.304	42.132	8.685	9
CA	9.033	40.797	8.077	9
C	10.308	39.97	8.067	9
N	10.458	39.108	9.077	10
CA	11.618	38.218	9.18	10
C	11.171	36.816	9.548	10
N	11.919	35.833	9.061	11
CA	11.762	34.448	9.477	11
C	12.997	34.019	10.254	11
N	12.817	33.179	11.266	12
CA	13.966	32.571	11.91	12
C	13.629	31.135	12.148	12
N	14.576	30.271	11.823	13
CA	14.45	28.843	12.032	13
C	15.523	28.357	13.007	13
N	15.117	27.515	13.957	14
CA	16.058	26.714	14.726	14
C	15.62	25.254	14.73	14
N	16.551	24.403	15.109	15
CA	16.382	22.967	15.114	15
C	16.775	22.366	16.476	15
N	16.131	21.262	16.857	16
CA	16.579	20.456	17.982	16
C	16.575	18.986	17.531	16
N	17.188	18.106	18.311	17
CA	17.203	16.684	17.975	17
C	16.939	15.951	19.245	17
N	16.489	14.705	19.136	18
CA	16.249	13.917	20.338	18
C	17.564	13.308	20.848	18
N	17.504	12.768	22.061	19
CA	18.614	11.967	22.603	19
C	19.047	10.761	21.744	19
N	18.205	10.338	20.8	20
CA	18.54	9.22	19.905	20
C	19.273	9.584	18.622	20
N	19.392	10.87	18.346	21
CA	20.185	11.325	17.199	21
C	21.667	10.966	17.448	21
N	22.398	10.512	16.411	22
CA	23.72	9.902	16.667	22
C	24.738	10.86	17.287	22
N	24.679	12.151	16.941	23
CA	25.579	13.108	17.582	23
C	25.221	13.211	19.046	23
N	23.918	13.202	19.358	24
CA	23.488	13.317	20.766	24
C	23.742	12.085	21.582	24
N	23.672	10.914	20.954	25
CA	24.129	9.694	21.639	25
C	25.55	9.899	22.187	25
N	26.41	10.464	21.353	26
CA	27.824	10.698	21.72	26
C	27.965	11.667	22.893	26
N	27.248	12.798	22.825	27
CA	27.254	13.753	23.926	27
C	26.766	13.078	25.209	27
N	25.668	12.311	25.13	28
CA	25.168	11.581	26.321	28
C	26.152	10.567	26.891	28
N	26.797	9.799	26.023	29
CA	27.798	8.838	26.48	29
C	28.962	9.58	27.161	29
N	29.468	10.631	26.511	30
CA	30.579	11.423	27.051	30
C	30.236	11.958	28.449	30
N	29.066	12.595	28.589	31
CA	28.639	13.094	29.919	31
C	28.225	12.031	30.925	31
N	27.849	10.842	30.444	32
CA	27.571	9.72	31.362	32
C	28.875	9.226	31.991	32
N	29.939	9.154	31.184	33
CA	31.267	8.84	31.686	33
C	31.742	9.908	32.707	33
N	31.611	11.182	32.322	34
CA	31.935	12.29	33.201	34
C	31.212	12.174	34.563	34
N	29.896	11.973	34.527	35
CA	29.12	11.837	35.773	35
C	29.599	10.695	36.657	35
N	29.769	9.525	36.058	36
CA	30.224	8.37	36.829	36
C	31.537	8.7	37.54	36
N	32.448	9.391	36.837	37
CA	33.74	9.754	37.441	37
C	33.592	10.789	38.557	37
N	32.801	11.837	38.304	38
CA	32.562	12.885	39.316	38
C	31.81	12.38	40.55	38
N	30.909	11.419	40.362	39
CA	30.2	10.83	41.504	39
C	31.175	10.233	42.533	39
N	32.239	9.585	42.066	40
CA	33.24	8.998	42.978	40
C	34.458	9.904	43.271	40
N	34.816	10.801	42.343	41
CA	35.946	11.736	42.502	41
C	35.552	13.084	41.883	41
N	35.002	13.993	42.711	42
CA	34.569	15.312	42.246	42
C	35.717	16.121	41.623	42
N	36.977	15.774	41.914	43
CA	38.134	16.522	41.367	43
C	38.654	15.936	40.03	43
N	37.988	14.905	39.514	44
CA	38.4	14.253	38.258	44
C	38.572	15.255	37.134	44
N	39.603	15.041	36.324	45
CA	39.806	15.834	35.132	45
C	39.446	14.925	33.97	45
N	38.574	15.412	33.081	46
CA	37.948	14.556	32.067	46
C	37.862	15.284	30.734	46
N	38.367	14.654	29.675	47
CA	38.198	15.122	28.297	47
C	37.893	13.88	27.474	47
N	36.615	13.5	27.434	48
CA	36.233	12.221	26.841	48
C	35.368	12.435	25.617	48
N	35.832	11.93	24.474	49
CA	35.094	12.051	23.204	49
C	34.481	10.712	22.812	49
N	33.31	10.749	22.189	50
CA	32.638	9.54	21.767	50
C	32.342	9.622	20.272	50
N	32.554	8.51	19.572	51
CA	32.163	8.385	18.165	51
C	31.201	7.198	18.072	51
N	30.228	7.291	17.178	52
CA	29.399	6.131	16.867	52
C	29.3	6.031	15.359	52
N	29.178	4.802	14.886	53
CA	28.794	4.557	13.514	53
C	28.094	3.2	13.531	53
N	27.723	2.667	12.367	54
CA	26.951	1.418	12.33	54
C	27.499	0.331	13.292	54
N	26.699	-0.086	14.277	55
CA	27.093	-1.182	15.182	55
C	28.272	-0.961	16.14	55
N	28.76	0.276	16.301	56
CA	29.921	0.466	17.207	56
C	30.025	1.832	17.891	56
N	30.616	1.81	19.087	57
CA	30.905	2.991	19.871	57
C	32.411	2.961	20.111	57
N	33.059	4.109	19.952	58
CA	34.477	4.267	20.223	58
C	34.626	5.449	21.164	58
N	35.1	5.208	22.386	59
CA	35.163	6.284	23.368	59
C	36.634	6.53	23.622	59
N	37.069	7.783	23.477	60
CA	38.5	8.08	23.576	60
C	38.747	9.332	24.372	60
N	40.026	9.622	24.617	61
CA	40.389	10.867	25.296	61
C	41.322	10.618	26.472	61
N	41.2	11.463	27.5	62
CA	42.075	11.398	28.675	62
C	41.328	11.712	29.97	62
N	41.755	11.045	31.034	63
CA	41.178	11.203	32.357	63
C	42.293	11.198	33.415	63
N	42.137	12.036	34.428	64
CA	42.924	11.946	35.651	64
C	41.905	11.811	36.766	64
N	42.0	10.748	37.556	65
CA	40.947	10.423	38.528	65
C	41.45	9.435	39.559	65
N	40.82	9.436	40.734	66
CA	40.98	8.347	41.715	66
C	39.816	7.336	41.583	66
N	38.896	7.613	40.662	67
CA	37.694	6.795	40.519	67
C	37.938	5.565	39.635	67
N	38.763	4.651	40.146	68
CA	39.236	3.511	39.376	68
C	38.093	2.52	39.084	68
N	37.226	2.271	40.071	69
CA	36.055	1.394	39.862	69
C	35.107	1.903	38.788	69
N	34.793	3.202	38.849	70
CA	33.984	3.837	37.825	70
C	34.665	3.768	36.455	70
N	35.973	4.002	36.405	71
CA	36.7	3.927	35.125	71
C	36.63	2.506	34.559	71
N	36.833	1.521	35.428	72
CA	36.713	0.115	35.021	72
C	35.302	-0.17	34.443	72
N	34.283	0.535	34.93	73
CA	32.914	0.239	34.516	73
C	32.465	0.973	33.239	73
N	33.374	1.712	32.582	74
CA	32.98	2.577	31.463	74
C	32.246	1.794	30.361	74
N	32.719	0.585	30.038	75
CA	32.054	-0.199	28.985	75
C	30.553	-0.457	29.299	75
N	30.241	-0.771	30.552	76
CA	28.863	-0.946	31.009	76
C	28.083	0.365	31.074	76
N	28.747	1.458	31.448	77
CA	28.096	2.785	31.446	77
C	27.657	3.139	30.006	77
N	28.518	2.86	29.037	78
CA	28.174	3.07	27.632	78
C	26.897	2.308	27.236	78
N	26.92	0.994	27.425	79
CA	25.817	0.12	27.07	79
C	24.514	0.534	27.771	79
N	24.6	0.818	29.076	80
CA	23.404	1.194	29.831	80
C	22.827	2.521	29.347	80
N	23.684	3.48	29.011	81
CA	23.166	4.762	28.482	81
C	22.446	4.537	27.149	81
N	23.015	3.688	26.301	82
CA	22.424	3.503	24.97	82
C	21.082	2.762	25.086	82
N	21.019	1.772	25.977	83
CA	19.75	1.104	26.278	83
C	18.694	2.071	26.829	83
N	19.103	2.97	27.733	84
CA	18.189	3.968	28.316	84
C	17.64	4.911	27.255	84
N	18.45	5.205	26.258	85
CA	18.051	6.034	25.126	85
C	16.969	5.316	24.315	85
N	17.039	3.994	24.293	86
CA	15.953	3.197	23.69	86
C	16.438	2.309	22.567	86
N	17.751	2.274	22.344	87
CA	18.297	1.375	21.316	87
C	18.548	-0.005	21.89	87
N	17.6	-0.911	21.668	88
CA	17.708	-2.248	22.255	88
C	17.468	-3.389	21.27	88
N	17.634	-3.12	19.975	89
CA	17.369	-4.128	18.952	89
C	17.964	-3.715	17.621	89
N	18.546	-4.688	16.927	90
CA	18.983	-4.484	15.551	90
C	17.837	-4.029	14.643	90
N	16.603	-4.386	15.003	91
CA	15.41	-3.946	14.26	91
C	15.281	-2.423	14.252	91
N	15.792	-1.795	15.307	92
CA	15.812	-0.331	15.439	92
C	17.088	0.306	14.856	92
N	17.991	-0.525	14.354	93
CA	19.242	-0.042	13.815	93
C	20.412	-0.123	14.783	93
N	20.158	-0.391	16.066	94
CA	21.228	-0.341	17.072	94
C	20.775	-0.959	18.394	94
N	21.666	-1.678	19.054	95
CA	21.313	-2.36	20.295	95
C	22.446	-2.118	21.272	95
N	22.158	-1.385	22.33	96
CA	23.184	-1.121	23.346	96
C	23.721	-2.371	24.02	96
N	22.933	-3.447	24.066	97
CA	23.408	-4.667	24.738	97
C	24.374	-5.48	23.894	97
N	24.369	-5.283	22.577	98
CA	25.138	-6.171	21.72	98
C	25.955	-5.481	20.628	98
N	26.032	-4.154	20.662	99
CA	26.896	-3.408	19.738	99
C	28.381	-3.502	20.158	99
N	29.262	-3.106	19.242	100
CA	30.69	-2.993	19.526	100
C	30.947	-1.824	20.451	100
N	31.763	-2.062	21.482	101
CA	32.222	-0.958	22.368	101
C	33.735	-1.055	22.519	101
N	34.448	0.005	22.111	102
CA	35.919	0.066	22.198	102
C	36.306	1.312	22.96	102
N	37.139	1.127	23.993	103
CA	37.54	2.2	24.888	103
C	39.04	2.458	24.681	103
N	39.37	3.692	24.304	104
CA	40.755	4.084	24.075	104
C	41.037	5.365	24.827	104
N	40.926	5.295	26.148	105
CA	41.092	6.476	26.996	105
C	42.367	6.327	27.805	105
N	43.225	7.349	27.756	106
CA	44.393	7.415	28.618	106
C	43.98	7.73	30.046	106
N	44.605	7.063	31.008	107
CA	44.184	7.206	32.387	107
C	45.346	7.217	33.339	107
N	45.231	8.08	34.339	108
CA	46.21	8.16	35.416	108
C	45.588	8.705	36.698	108
N	46.351	8.559	37.791	109
CA	46.057	9.16	39.095	109
C	46.619	10.579	39.156	109
N	46.05	11.425	40.043	110
CA	46.55	12.794	40.278	110
C	47.903	12.838	40.991	110
N	48.401	14.108	40.983	111
CA	49.733	14.713	41.152	111
C	50.233	14.522	42.55	111
N	49.348	13.852	43.296	112
CA	49.588	13.559	44.675	112
C	50.641	12.398	44.683	112
N	51.757	12.364	45.497	113
CA	52.238	13.266	46.549	113
C	52.288	13.942	47.912	113
N	52.787	15.176	47.682	114
CA	53.484	15.434	46.432	114
C	53.866	16.878	46.136	114
N	53.569	17.683	47.165	115
CA	54.251	17.45	48.443	115
C	55.736	17.756	48.186	115
N	56.644	17.336	49.098	116
CA	57.919	16.782	48.649	116
C	59.095	17.783	48.702	116
N	58.893	18.981	49.291	117
CA	59.672	18.49	50.429	117
C	59.51	19.406	51.639	117
N	60.458	18.962	52.476	118
CA	60.907	19.643	53.671	118
C	61.368	21.091	53.383	118
N	62.238	21.514	54.299	119
CA	63.666	21.506	54.205	119
C	63.932	21.593	55.726	119
N	65.257	21.749	55.9	120
CA	66.059	20.537	55.911	120
C	65.812	20.217	54.475	120
N	65.354	21.43	54.765	121
CA	66.711	22.055	54.835	121
C	66.671	23.585	54.871	121
N	65.426	24.013	54.947	122
CA	64.742	25.232	54.573	122
C	65.17	26.436	55.42	122
N	66.151	26.161	56.325	123
CA	67.54	26.474	55.91	123
C	68.681	26.537	56.917	123
N	69.911	26.831	56.405	124
CA	70.723	28.056	56.242	124
C	70.715	29.274	55.277	124
N	69.966	29.625	54.207	125
CA	68.561	29.589	53.874	125
C	68.536	30.734	52.836	125
N	67.327	31.264	52.618	126
CA	66.052	30.731	52.217	126
C	65.732	30.374	50.781	126
N	66.415	30.474	49.642	127
CA	67.14	31.587	49.046	127
C	66.848	31.014	47.668	127
N	66.201	29.82	47.873	128
CA	65.325	29.043	46.984	128
C	63.838	29.328	46.637	128
N	63.163	30.343	47.263	129
CA	61.895	29.646	47.532	129
C	60.76	29.579	46.518	129
N	60.375	28.265	46.465	130
CA	59.911	27.458	45.346	130
C	58.855	27.527	44.203	130
N	57.993	28.567	43.919	131
CA	57.976	29.195	42.558	131
C	57.239	30.306	41.71	131
N	56.14	31.083	42.044	132
CA	55.571	32.231	41.281	132
C	54.764	32.287	39.988	132
N	54.275	31.302	39.233	133
CA	54.192	31.606	37.812	133
C	53.31	30.754	36.893	133
N	52.68	29.727	37.498	134
CA	51.471	30.411	37.914	134
C	50.44	30.781	36.797	134
N	50.428	30.421	35.485	135
CA	49.198	30.546	34.662	135
C	47.881	29.738	34.831	135
N	46.822	30.202	34.109	136
CA	47.037	31.353	33.224	136
C	45.92	31.856	32.268	136
N	44.734	31.243	32.285	137
CA	44.972	30.071	31.435	137
C	44.876	30.369	29.945	137
N	43.804	31.066	29.556	138
CA	43.56	31.413	28.149	138
C	43.171	32.892	27.981	138
N	43.559	33.466	26.843	139
CA	42.883	34.652	26.345	139
C	41.529	34.149	25.858	139
N	40.449	34.785	26.301	140
CA	39.114	34.278	25.981	140
C	38.043	35.343	25.953	140
N	36.99	35.081	25.18	141
CA	35.788	35.905	25.195	141
C	34.552	35.011	25.038	141
N	33.826	34.807	26.153	142
CA	32.608	33.944	26.226	142
C	31.301	34.751	26.191	142
N	30.246	34.156	25.622	143
CA	28.917	34.805	25.488	143
C	27.803	34.128	26.276	143
N	26.869	34.942	26.763	144
CA	25.59	34.42	27.269	144
C	24.46	35.264	26.726	144
N	23.268	34.671	26.658	145
CA	22.113	35.316	26.03	145
C	20.841	35.001	26.773	145
N	19.947	35.984	26.816	146
CA	18.576	35.764	27.263	146
C	17.648	36.762	26.581	146
N	16.361	36.432	26.547	147
CA	15.371	37.253	25.831	147
C	13.99	36.881	26.356	147
N	13.119	37.88	26.508	148
CA	11.805	37.687	27.122	148
C	10.712	37.125	26.178	148
N	11.085	36.286	25.211	149
CA	10.106	35.716	24.251	149
C	9.417	34.421	24.721	149
N	9.914	33.85	25.817	150
CA	9.381	32.616	26.383	150
C	9.548	32.696	27.903	150
N	8.749	31.911	28.659	151
CA	8.88	31.861	30.134	151
C	10.324	31.496	30.584	151
N	10.972	30.595	29.838	152
CA	12.346	30.159	30.112	152
C	13.387	31.166	29.624	152
N	12.93	32.31	29.095	153
CA	13.83	33.415	28.692	153
C	14.857	33.023	27.616	153
N	14.387	32.213	26.68	154
CA	15.166	31.743	25.534	154
C	14.513	32.252	24.239	154
N	15.29	32.329	23.136	155
CA	14.689	32.7	21.848	155
C	13.599	31.715	21.516	155
N	12.517	32.207	20.926	156
CA	11.371	31.357	20.666	156
C	11.649	30.155	19.731	156
N	12.444	30.341	18.638	157
CA	12.571	29.198	17.715	157
C	13.224	27.992	18.385	157
N	14.348	28.197	19.086	158
CA	15.031	27.081	19.737	158
C	14.24	26.556	20.946	158
N	13.59	27.46	21.689	159
CA	12.829	27.064	22.874	159
C	11.714	26.107	22.467	159
N	11.001	26.456	21.404	160
CA	9.957	25.574	20.888	160
C	10.516	24.291	20.27	160
N	11.615	24.396	19.527	161
CA	12.231	23.201	18.941	161
C	12.604	22.175	20.017	161
N	13.211	22.651	21.111	162
CA	13.579	21.788	22.24	162
C	12.343	21.26	22.987	162
N	11.362	22.136	23.232	163
CA	10.091	21.659	23.832	163
C	9.514	20.484	23.009	163
N	9.528	20.637	21.682	164
CA	9.022	19.632	20.767	164
C	9.841	18.337	20.783	164
N	11.165	18.439	20.687	165
CA	11.994	17.225	20.707	165
C	11.894	16.494	22.047	165
N	11.833	17.241	23.15	166
CA	11.662	16.632	24.46	166
C	10.303	15.901	24.612	166
N	9.239	16.493	24.073	167
CA	7.901	15.894	24.151	167
C	7.819	14.673	23.238	167
N	8.455	14.758	22.068	168
CA	8.561	13.597	21.167	168
C	9.173	12.369	21.882	168
N	10.216	12.607	22.66	169
CA	10.799	11.552	23.476	169
C	9.846	11.102	24.583	169
N	9.245	12.072	25.255	170
CA	8.36	11.761	26.366	170
C	7.2	10.83	25.955	170
N	6.583	11.076	24.792	171
CA	5.408	10.259	24.387	171
C	5.806	8.839	23.941	171
N	7.06	8.673	23.55	172
CA	7.62	7.349	23.351	172
C	7.851	6.638	24.682	172
N	8.59	7.259	25.587	173
CA	8.952	6.608	26.845	173
C	7.777	6.378	27.774	173
N	6.775	7.251	27.723	174
CA	5.654	7.096	28.659	174
C	4.575	6.14	28.137	174
N	4.798	5.569	26.954	175
CA	3.881	4.57	26.412	175
C	2.697	5.129	25.621	175
N	2.616	6.452	25.458	176
CA	1.496	7.038	24.699	176
C	1.598	6.656	23.207	176
N	2.783	6.831	22.623	177
CA	3.04	6.411	21.232	177
C	4.196	5.415	21.269	177
N	3.9	4.164	21.688	178
CA	4.968	3.199	22.009	178
C	5.71	2.665	20.781	178
N	5.117	2.862	19.597	179
CA	5.714	2.493	18.314	179
C	6.851	3.414	17.844	179
N	7.048	4.561	18.512	180
CA	8.146	5.468	18.132	180
C	9.49	4.83	18.493	180
N	10.548	5.293	17.823	181
CA	11.889	4.87	18.126	181
C	12.736	6.123	18.403	181
N	13.961	5.941	18.932	182
CA	14.617	7.097	19.576	182
C	14.991	8.269	18.685	182
N	15.425	8.017	17.454	183
CA	16.044	9.068	16.638	183
C	14.939	10.041	16.192	183
N	15.2	11.343	16.274	184
CA	14.212	12.32	15.842	184
C	14.816	13.707	15.744	184
N	14.119	14.597	15.033	185
CA	14.587	15.963	14.758	185
C	13.4	16.901	14.645	185
N	13.536	18.131	15.148	186
CA	12.445	19.113	15.049	186
C	12.986	20.394	14.472	186
N	12.176	21.084	13.664	187
CA	12.557	22.364	13.087	187
C	11.374	23.323	13.246	187
N	11.656	24.536	13.707	188
CA	10.621	25.514	14.003	188
C	10.976	26.795	13.274	188
N	10.058	27.288	12.443	189
CA	10.258	28.573	11.785	189
C	9.22	29.553	12.321	189
N	9.687	30.691	12.827	190
CA	8.815	31.721	13.373	190
C	8.882	32.951	12.462	190
N	7.729	33.567	12.184	191
CA	7.692	34.857	11.511	191
C	7.609	35.999	12.527	191
N	8.456	37.014	12.317	192
CA	8.549	38.205	13.167	192
C	8.178	39.497	12.443	192
N	7.509	40.392	13.167	193
CA	7.225	41.743	12.662	193
C	7.675	42.734	13.73	193
N	8.645	43.575	13.377	194
CA	9.238	44.547	14.306	194
C	9.622	43.902	15.646	194
N	10.261	42.727	15.571	195
CA	10.704	41.954	16.754	195
C	9.614	41.219	17.551	195
N	8.356	41.324	17.134	196
CA	7.31	40.537	17.786	196
C	7.153	39.223	17.028	196
N	7.204	38.084	17.756	197
CA	6.89	36.801	17.123	197
C	5.378	36.721	16.86	197
N	4.988	36.73	15.589	198
CA	3.574	36.889	15.25	198
C	2.927	35.631	14.683	198
N	3.703	34.797	13.992	199
CA	3.151	33.58	13.403	199
C	4.089	32.389	13.548	199
N	3.523	31.224	13.869	200
CA	4.237	29.961	13.75	200
C	4.124	29.564	12.289	200
N	5.199	29.793	11.539	201
CA	5.2	29.595	10.08	201
C	5.202	28.112	9.679	201
N	6.21	27.377	10.147	202
CA	6.388	25.971	9.815	202
C	6.91	25.182	11.009	202
N	6.398	23.957	11.161	203
CA	6.971	22.98	12.088	203
C	7.225	21.713	11.314	203
N	8.463	21.234	11.4	204
CA	8.828	19.921	10.882	204
C	9.167	19.048	12.055	204
N	8.573	17.858	12.093	205
CA	8.929	16.85	13.077	205
C	9.23	15.575	12.306	205
N	10.468	15.1	12.433	206
CA	10.879	13.841	11.833	206
C	11.165	12.854	12.948	206
N	10.528	11.689	12.904	207
CA	10.738	10.719	13.976	207
C	10.903	9.295	13.468	207
N	11.774	8.55	14.137	208
CA	11.918	7.125	13.845	208
C	10.689	6.405	14.406	208
N	10.328	5.279	13.788	209
CA	9.134	4.531	14.152	209
C	9.23	3.098	13.621	209
N	8.371	2.216	14.145	210
CA	8.301	0.826	13.686	210
C	7.9	0.729	12.208	210
N	8.35	-0.341	11.545	211
CA	8.149	-0.49	10.096	211
C	6.676	-0.679	9.729	211
N	5.862	-1.148	10.678	212
CA	4.45	-1.454	10.359	212
C	3.458	-0.273	10.58	212
N	3.983	0.928	10.819	213
CA	3.142	2.087	11.11	213
C	2.746	2.812	9.821	213
N	1.445	3.072	9.66	214
CA	0.954	3.876	8.552	214
C	1.273	5.359	8.779	214
N	2.045	5.956	7.868	215
CA	2.495	7.352	7.968	215
C	1.353	8.377	7.942	215
N	0.316	8.067	7.168	216
CA	-0.784	8.986	6.935	216
C	-1.882	8.76	7.987	216
N	-2.227	7.494	8.238	217
CA	-3.342	7.178	9.128	217
C	-2.968	7.306	10.583	217
N	-1.684	7.113	10.903	218
CA	-1.277	6.96	12.307	218
C	-0.279	8.025	12.727	218
N	0.879	8.039	12.08	219
CA	1.948	8.904	12.558	219
C	1.548	10.367	12.469	219
N	1.043	10.74	11.31	220
CA	0.724	12.129	11.057	220
C	-0.238	12.753	12.103	220
N	-1.415	12.131	12.331	221
CA	-2.305	12.738	13.358	221
C	-1.813	12.533	14.811	221
N	-1.145	11.408	15.094	222
CA	-0.595	11.161	16.448	222
C	0.429	12.224	16.87	222
N	1.337	12.559	15.961	223
CA	2.37	13.567	16.232	223
C	1.736	14.966	16.377	223
N	0.804	15.312	15.485	224
CA	0.091	16.596	15.57	224
C	-0.636	16.738	16.92	224
N	-1.352	15.685	17.324	225
CA	-2.119	15.703	18.578	225
C	-1.251	15.552	19.846	225
N	-0.358	14.563	19.873	226
CA	0.362	14.26	21.118	226
C	1.619	15.104	21.364	226
N	2.203	15.631	20.287	227
CA	3.471	16.361	20.374	227
C	3.278	17.853	20.103	227
N	2.811	18.211	18.901	228
CA	2.698	19.639	18.576	228
C	1.625	20.364	19.414	228
N	0.412	19.812	19.411	229
CA	-0.707	20.369	20.133	229
C	-0.419	20.563	21.637	229
N	0.15	19.545	22.295	230
CA	0.388	19.623	23.752	230
C	1.433	20.669	24.101	230
N	2.488	20.754	23.284	231
CA	3.548	21.747	23.488	231
C	3.005	23.174	23.342	231
N	2.218	23.417	22.289	232
CA	1.656	24.745	22.068	232
C	0.672	25.15	23.187	232
N	-0.115	24.193	23.679	233
CA	-0.965	24.402	24.854	233
C	-0.133	24.665	26.117	233
N	0.962	23.913	26.303	234
CA	1.879	24.135	27.433	234
C	2.384	25.586	27.414	234
N	2.923	25.993	26.273	235
CA	3.553	27.316	26.133	235
C	2.548	28.466	26.278	235
N	1.366	28.285	25.686	236
CA	0.306	29.302	25.67	236
C	0.864	30.709	25.362	236
N	1.596	30.839	24.251	237
CA	2.239	32.113	23.9	237
C	1.217	33.237	23.657	237
N	1.584	34.457	24.058	238
CA	0.703	35.628	24.018	238
C	0.448	36.194	22.622	238
N	1.447	36.124	21.737	239
CA	1.316	36.686	20.372	239
C	1.457	35.67	19.22	239
N	2.02	34.486	19.497	240
CA	2.314	33.531	18.423	240
C	1.062	32.862	17.874	240
N	0.647	33.303	16.698	241
CA	-0.523	32.744	16.032	241
C	-0.146	31.467	15.277	241
N	-0.677	30.334	15.737	242
CA	-0.402	29.036	15.13	242
C	-1.564	28.485	14.282	242
N	-2.572	29.304	13.986	243
CA	-3.743	28.801	13.249	243
C	-3.442	28.403	11.789	243
N	-2.381	28.963	11.212	244
CA	-2.04	28.702	9.806	244
C	-0.713	27.942	9.629	244
N	-0.2	27.359	10.71	245
CA	1.096	26.651	10.642	245
C	1.153	25.539	9.577	245
N	2.225	25.553	8.782	246
CA	2.51	24.451	7.869	246
C	3.193	23.344	8.682	246
N	2.553	22.179	8.796	247
CA	3.102	21.077	9.598	247
C	3.536	19.928	8.717	247
N	4.793	19.52	8.868	248
CA	5.357	18.434	8.062	248
C	5.845	17.335	9.007	248
N	5.18	16.189	9.02	249
CA	5.626	15.074	9.846	249
C	6.284	14.093	8.891	249
N	7.54	13.724	9.17	250
CA	8.298	12.804	8.299	250
C	8.142	13.103	6.803	250
N	8.552	14.308	6.375	251
CA	8.354	14.682	4.96	251
C	9.151	13.813	3.974	251
N	10.193	13.119	4.431	252
CA	10.913	12.206	3.533	252
C	10.413	10.756	3.671	252
N	9.321	10.548	4.407	253
CA	8.669	9.237	4.443	253
C	9.135	8.366	5.604	253
N	9.185	7.054	5.36	254
CA	9.508	6.034	6.365	254
C	10.866	6.317	6.997	254
N	10.978	6.089	8.293	255
CA	12.196	6.384	9.055	255
C	12.27	5.236	10.061	255
N	12.741	4.081	9.604	256
CA	12.636	2.856	10.404	256
C	13.923	2.513	11.169	256
N	15.054	2.599	10.475	257
CA	16.362	2.485	11.118	257
C	16.86	3.894	11.472	257
N	17.677	4.007	12.502	258
CA	18.147	5.316	12.906	258
C	19.319	5.206	13.846	258
N	19.627	6.321	14.513	259
CA	20.804	6.397	15.37	259
C	22.053	6.251	14.513	259
N	23.032	5.456	14.98	260
CA	24.288	5.328	14.243	260
C	24.158	4.541	12.931	260
N	23.039	3.837	12.728	261
CA	22.902	2.903	11.618	261
C	22.977	3.663	10.301	261
N	23.914	3.271	9.435	262
CA	24.096	3.913	8.122	262
C	24.418	5.39	8.298	262
N	25.102	5.72	9.388	263
CA	25.349	7.115	9.713	263
C	26.629	7.176	10.542	263
N	26.884	8.328	11.163	264
CA	27.984	8.474	12.14	264
C	27.659	9.651	13.024	264
N	28.094	9.604	14.289	265
CA	27.931	10.758	15.192	265
C	29.227	10.952	15.955	265
N	29.441	12.163	16.475	266
CA	30.622	12.481	17.294	266
C	30.206	13.437	18.41	266
N	30.919	13.399	19.534	267
CA	30.668	14.363	20.615	267
C	30.933	15.79	20.107	267
N	30.12	16.743	20.552	268
CA	30.403	18.154	20.303	268
C	30.127	18.606	18.873	268
N	29.186	17.943	18.185	269
CA	28.795	18.31	16.81	269
C	27.39	18.949	16.754	269
N	26.839	19.265	17.928	270
CA	25.548	19.955	18.035	270
C	25.633	21.175	18.956	270
N	26.679	21.981	18.802	271
CA	26.942	23.049	19.778	271
C	25.918	24.184	19.672	271
N	25.316	24.334	18.486	272
CA	24.297	25.395	18.306	272
C	22.935	24.928	18.855	272
N	22.569	23.673	18.566	273
CA	21.489	22.976	19.289	273
C	21.624	23.028	20.832	273
N	22.847	22.845	21.341	274
CA	23.111	22.856	22.794	274
C	22.913	24.223	23.442	274
N	22.923	25.273	22.619	275
CA	22.951	26.655	23.154	275
C	21.719	27.476	22.741	275
N	21.844	28.318	21.716	276
CA	20.805	29.323	21.447	276
C	20.164	29.195	20.061	276
N	20.479	28.109	19.357	277
CA	19.825	27.784	18.082	277
C	20.164	28.721	16.938	277
N	21.293	29.423	17.049	278
CA	21.792	30.304	15.972	278
C	21.401	31.761	16.245	278
N	20.565	31.959	17.253	279
CA	20.071	33.289	17.597	279
C	21.167	34.15	18.233	279
N	22.077	33.523	18.974	280
CA	23.148	34.255	19.632	280
C	24.522	33.783	19.136	280
N	25.555	34.6	19.357	281
CA	26.953	34.223	19.005	281
C	27.55	33.161	19.92	281
N	28.534	32.452	19.377	282
CA	29.17	31.324	20.048	282
C	30.681	31.43	19.865	282
N	31.394	31.302	20.987	283
CA	32.856	31.233	21.03	283
C	33.483	29.967	20.453	283
N	32.753	28.854	20.428	284
CA	33.264	27.65	19.768	284
C	33.439	26.353	20.547	284
N	33.559	26.424	21.862	285
CA	33.792	25.173	22.593	285
C	32.536	24.332	22.76	285
N	32.656	23.022	22.549	286
CA	31.611	22.048	22.917	286
C	31.596	21.795	24.425	286
N	30.466	21.33	24.964	287
CA	30.332	21.089	26.4	287
C	30.596	19.645	26.866	287
N	29.933	18.687	26.228	288
CA	29.9	17.315	26.749	288
C	31.265	16.614	26.809	288
N	31.485	15.843	27.872	289
CA	32.718	15.055	27.996	289
C	33.829	15.854	28.671	289
N	33.546	17.121	29.022	290
CA	34.511	18.006	29.726	290
C	34.099	18.222	31.18	290
N	35.034	18.027	32.108	291
CA	34.786	18.394	33.501	291
C	34.684	19.934	33.637	291
N	34.104	20.425	34.749	292
CA	33.893	21.878	34.956	292
C	35.139	22.758	35.014	292
N	36.332	22.197	35.131	293
CA	37.524	23.058	35.068	293
C	37.725	23.627	33.651	293
N	37.053	23.038	32.662	294
CA	37.125	23.561	31.309	294
C	36.271	24.801	31.248	294
N	36.932	25.934	31.035	295
CA	36.241	27.224	31.012	295
C	35.214	27.299	29.869	295
N	35.512	26.618	28.761	296
CA	34.593	26.417	27.619	296
C	33.196	26.024	28.097	296
N	33.161	25.255	29.18	297
CA	31.897	24.798	29.744	297
C	31.414	25.674	30.912	297
N	32.208	25.768	31.967	298
CA	31.757	26.484	33.155	298
C	31.497	27.969	32.912	298
N	32.305	28.648	32.106	299
CA	32.074	30.102	31.875	299
C	30.877	30.374	30.95	299
N	30.636	29.481	29.986	300
CA	29.427	29.538	29.156	300
C	28.146	29.417	29.996	300
N	28.162	28.498	30.956	301
CA	27.063	28.334	31.895	301
C	26.873	29.598	32.756	301
N	27.971	30.139	33.279	302
CA	27.864	31.362	34.108	302
C	27.371	32.538	33.265	302
N	27.775	32.615	31.992	303
CA	27.286	33.715	31.148	303
C	25.779	33.633	30.884	303
N	25.267	32.413	30.703	304
CA	23.808	32.228	30.58	304
C	23.114	32.673	31.879	304
N	23.678	32.27	33.014	305
CA	23.134	32.624	34.317	305
C	23.054	34.155	34.468	305
N	24.137	34.834	34.087	306
CA	24.177	36.298	34.121	306
C	23.095	36.921	33.231	306
N	23.082	36.53	31.954	307
CA	22.115	37.073	31.011	307
C	20.66	36.802	31.434	307
N	20.373	35.581	31.892	308
CA	19.024	35.222	32.309	308
C	18.532	36.069	33.5	308
N	19.415	36.301	34.473	309
CA	19.048	37.097	35.634	309
C	18.858	38.576	35.3	309
N	19.634	39.078	34.343	310
CA	19.493	40.451	33.847	310
C	18.087	40.693	33.243	310
N	17.651	39.771	32.387	311
CA	16.355	39.887	31.714	311
C	15.224	39.665	32.709	311
N	15.396	38.68	33.59	312
CA	14.402	38.391	34.598	312
C	14.241	39.565	35.561	312
N	15.303	40.349	35.733	313
CA	15.262	41.512	36.622	313
C	14.585	42.683	35.933	313
N	14.205	42.482	34.668	314
CA	13.542	43.522	33.881	314
C	14.466	44.644	33.411	314
N	15.785	44.43	33.429	315
CA	16.719	45.494	33.014	315
C	16.838	45.664	31.483	315
N	16.456	44.629	30.747	316
CA	16.454	44.663	29.289	316
C	15.53	43.548	28.867	316
N	14.881	43.704	27.712	317
CA	14.044	42.642	27.171	317
C	14.882	41.517	26.488	317
N	16.05	41.858	25.963	318
CA	16.996	40.865	25.41	318
C	18.429	41.362	25.666	318
N	19.369	40.443	25.888	319
CA	20.756	40.836	26.205	319
C	21.733	39.758	25.774	319
N	22.865	40.202	25.225	320
CA	24.055	39.391	25.068	320
C	25.111	39.906	26.026	320
N	25.642	39.016	26.864	321
CA	26.701	39.437	27.789	321
C	27.99	38.788	27.302	321
N	29.075	39.568	27.235	322
CA	30.398	39.039	26.889	322
C	31.386	39.222	28.03	322
N	32.161	38.181	28.281	323
CA	33.199	38.257	29.303	323
C	34.566	38.023	28.66	323
N	35.528	38.87	29.009	324
CA	36.881	38.76	28.454	324
C	37.824	38.271	29.55	324
N	38.543	37.182	29.286	325
CA	39.594	36.726	30.203	325
C	40.986	36.93	29.609	325
N	41.961	37.194	30.481	326
CA	43.389	37.273	30.111	326
C	44.19	36.16	30.783	326
N	45.25	35.704	30.106	327
CA	46.197	34.745	30.691	327
C	46.889	35.357	31.912	327
N	46.977	34.57	32.986	328
CA	47.657	34.989	34.21	328
C	46.753	35.779	35.134	328
N	45.462	35.859	34.8	329
CA	44.518	36.582	35.641	329
C	43.213	35.801	35.856	329
N	42.815	35.654	37.117	330
CA	41.61	34.877	37.436	330
C	40.315	35.626	37.053	330
N	40.142	36.849	37.563	331
CA	38.95	37.657	37.283	331
C	38.979	38.186	35.84	331
N	37.789	38.365	35.219	332
CA	37.716	38.924	33.868	332
C	38.43	40.278	33.757	332
N	38.979	40.565	32.583	333
CA	39.57	41.887	32.301	333
C	38.535	42.782	31.6	333
N	37.409	42.198	31.222	334
CA	36.362	42.97	30.568	334
C	35.002	42.331	30.75	334
N	33.971	43.158	30.832	335
CA	32.612	42.633	30.822	335
C	31.729	43.594	30.026	335
N	31.115	43.088	28.952	336
CA	30.348	43.946	28.04	336
C	28.918	43.448	27.835	336
N	27.996	44.395	27.736	337
CA	26.586	44.086	27.661	337
C	26.088	44.675	26.336	337
N	25.415	43.863	25.515	338
CA	24.691	44.375	24.339	338
C	23.186	44.139	24.53	338
N	22.407	45.222	24.539	339
CA	20.963	45.109	24.794	339
C	20.098	45.324	23.555	339
N	20.746	45.616	22.421	340
CA	20.052	45.728	21.115	340
C	18.906	46.743	21.179	340
N	19.129	47.837	21.912	341
CA	18.13	48.897	22.056	341
C	16.924	48.551	22.939	341
N	16.964	47.388	23.621	342
CA	15.835	46.879	24.434	342
C	15.97	47.156	25.938	342
N	16.968	47.952	26.326	343
CA	17.276	48.173	27.736	343
C	16.219	49.044	28.436	343
N	15.969	48.767	29.716	344
CA	15.134	49.659	30.56	344
C	15.989	50.706	31.289	344
N	17.296	50.446	31.367	345
CA	18.238	51.359	32.024	345
C	19.502	51.395	31.177	345
N	20.371	52.363	31.44	346
CA	21.64	52.492	30.726	346
C	22.397	51.161	30.723	346
N	22.789	50.657	29.523	347
CA	23.608	49.433	29.427	347
C	24.837	49.478	30.355	347
N	25.417	50.669	30.479	348
CA	26.598	50.865	31.308	348
C	26.283	50.59	32.776	348
N	25.102	50.992	33.239	349
CA	24.677	50.625	34.607	349
C	24.432	49.105	34.757	349
N	23.981	48.45	33.692	350
CA	23.885	46.979	33.69	350
C	25.27	46.322	33.832	350
N	26.236	46.753	33.026	351
CA	27.606	46.239	33.173	351
C	28.145	46.395	34.606	351
N	28.012	47.605	35.161	352
CA	28.44	47.887	36.535	352
C	27.768	46.936	37.561	352
N	26.452	46.758	37.457	353
CA	25.739	45.891	38.399	353
C	26.237	44.435	38.289	353
N	26.514	43.973	37.063	354
CA	27.031	42.598	36.853	354
C	28.403	42.424	37.534	354
N	29.313	43.372	37.29	355
CA	30.622	43.399	37.935	355
C	30.54	43.404	39.458	355
N	29.486	44.007	40.016	356
CA	29.328	44.048	41.479	356
C	28.701	42.755	42.037	356
N	27.777	42.159	41.274	357
CA	26.944	41.062	41.781	357
C	27.599	39.695	41.566	357
N	28.266	39.53	40.425	358
CA	28.787	38.226	40.043	358
C	30.29	38.157	40.272	358
N	30.775	36.986	40.694	359
CA	32.21	36.735	40.798	359
C	32.502	35.737	39.703	359
N	33.1	36.223	38.624	360
CA	33.33	35.392	37.445	360
C	34.729	34.732	37.363	360
N	35.465	34.722	38.468	361
CA	36.623	33.821	38.592	361
C	36.125	32.368	38.474	361
N	36.824	31.523	37.693	362
CA	36.384	30.129	37.493	362
C	36.151	29.354	38.801	362
N	37.014	29.569	39.791	363
CA	36.919	28.927	41.112	363
C	35.634	29.31	41.823	363
N	35.271	30.593	41.712	364
CA	33.995	31.101	42.213	364
C	32.793	30.51	41.477	364
N	32.884	30.44	40.151	365
CA	31.782	29.937	39.342	365
C	31.524	28.457	39.719	365
N	32.589	27.691	39.828	366
CA	32.465	26.271	40.137	366
C	31.837	26.075	41.525	366
N	32.244	26.895	42.486	367
CA	31.636	26.862	43.833	367
C	30.152	27.277	43.798	367
N	29.879	28.428	43.193	368
CA	28.559	29.041	43.299	368
C	27.479	28.283	42.539	368
N	27.846	27.703	41.398	369
CA	26.934	26.844	40.634	369
C	27.014	25.375	41.079	369
N	27.898	25.091	42.05	370
CA	28.043	23.753	42.623	370
C	28.278	22.726	41.499	370
N	29.331	22.941	40.709	371
CA	29.529	22.192	39.458	371
C	30.22	20.823	39.598	371
N	30.83	20.532	40.752	372
CA	31.549	19.246	40.934	372
C	30.64	18.131	41.434	372
N	29.593	17.873	40.657	373
CA	28.57	16.894	40.99	373
C	28.148	16.228	39.689	373
N	27.606	14.995	39.764	374
CA	27.198	14.266	38.559	374
C	25.847	14.784	38.02	374
N	25.841	15.998	37.453	375
CA	24.594	16.607	36.982	375
C	24.523	16.771	35.455	375
N	25.496	16.196	34.74	376
CA	25.696	16.521	33.312	376
C	25.006	15.659	32.264	376
N	24.72	14.395	32.585	377
CA	24.108	13.512	31.595	377
C	22.776	14.085	31.099	377
N	21.946	14.648	32.006	378
CA	20.684	15.242	31.535	378
C	20.859	16.46	30.597	378
N	21.985	17.186	30.677	379
CA	22.26	18.35	29.804	379
C	22.562	17.939	28.356	379
N	22.894	16.662	28.141	380
CA	23.478	16.209	26.86	380
C	22.494	16.109	25.683	380
N	21.203	16.29	25.954	381
CA	20.188	16.416	24.902	381
C	19.137	17.434	25.369	381
N	18.375	17.988	24.412	382
CA	17.304	18.991	24.663	382
C	17.796	20.391	25.019	382
N	19.113	20.625	24.94	383
CA	19.687	21.952	25.207	383
C	20.263	22.08	26.62	383
N	21.36	22.82	26.758	384
CA	21.936	23.089	28.074	384
C	21.249	24.27	28.747	384
N	20.547	25.059	27.933	385
CA	19.972	26.332	28.394	385
C	18.46	26.335	28.195	385
N	17.74	26.895	29.157	386
CA	16.303	27.136	29.018	386
C	15.414	25.94	29.308	386
N	15.942	24.94	29.997	387
CA	15.22	23.666	30.174	387
C	13.961	23.761	31.054	387
N	12.825	23.266	30.559	388
CA	11.597	23.292	31.373	388
C	11.409	22.002	32.196	388
N	12.154	20.948	31.856	389
CA	11.96	19.634	32.46	389
C	12.994	19.279	33.542	389
N	14.077	20.05	33.671	390
CA	15.087	19.787	34.717	390
C	15.521	21.11	35.318	390
N	15.979	21.062	36.558	391
CA	16.465	22.221	37.28	391
C	18.008	22.265	37.25	391
N	18.545	23.258	36.548	392
CA	19.976	23.427	36.365	392
C	20.418	24.708	37.084	392
N	21.601	24.687	37.733	393
CA	22.035	25.824	38.584	393
C	22.177	27.145	37.844	393
N	22.627	27.088	36.584	394
CA	22.805	28.288	35.763	394
C	21.483	28.851	35.197	394
N	20.373	28.201	35.52	395
CA	19.034	28.679	35.156	395
C	18.245	29.297	36.336	395
N	18.831	29.303	37.532	396
CA	18.091	29.806	38.711	396
C	18.055	31.331	38.654	396
N	16.935	31.907	39.08	397
CA	16.806	33.358	39.11	397
C	17.146	33.893	40.506	397
N	18.242	33.382	41.06	398
CA	18.66	33.706	42.417	398
C	19.489	34.995	42.527	398
N	19.708	35.684	41.403	399
CA	20.474	36.938	41.43	399
C	19.653	38.146	40.946	399
N	18.358	37.94	40.718	400
CA	17.48	39.01	40.26	400
C	17.417	40.113	41.337	400
N	17.17	39.704	42.588	401
CA	17.15	40.62	43.73	401
C	18.47	41.399	43.869	401
N	19.596	40.705	43.73	402
CA	20.932	41.295	43.841	402
C	21.147	42.386	42.803	402
N	20.805	42.061	41.554	403
CA	20.913	42.991	40.439	403
C	20.032	44.218	40.657	403
N	18.797	44.006	41.113	404
CA	17.898	45.143	41.397	404
C	18.474	46.103	42.446	404
N	19.075	45.555	43.502	405
CA	19.713	46.38	44.539	405
C	21.005	47.078	44.09	405
N	21.636	46.587	43.026	406
CA	22.917	47.142	42.571	406
C	22.768	48.151	41.434	406
N	21.559	48.277	40.904	407
CA	21.378	49.063	39.69	407
C	21.275	50.559	40.011	407
