ATOM	X	Y	Z	RESIDUE
N	15.551	-17.962	-20.932	1
CA	14.457	-17.032	-21.283	1
C	13.276	-17.892	-21.666	1
N	12.2	-17.898	-20.881	2
CA	11.015	-18.702	-21.186	2
C	10.409	-18.165	-22.489	2
N	10.73	-18.824	-23.605	3
CA	10.224	-18.479	-24.925	3
C	8.706	-18.602	-24.926	3
N	8.02	-17.477	-25.157	4
CA	6.587	-17.346	-25.464	4
C	5.641	-18.377	-24.811	4
N	5.73	-18.587	-23.496	5
CA	4.608	-19.176	-22.761	5
C	3.55	-18.076	-22.595	5
N	2.649	-17.985	-23.575	6
CA	1.476	-17.117	-23.557	6
C	0.239	-17.981	-23.273	6
N	-0.479	-17.694	-22.185	7
CA	-1.74	-18.362	-21.841	7
C	-1.709	-19.108	-20.505	7
N	-2.871	-19.622	-20.1	8
CA	-3.022	-20.449	-18.902	8
C	-2.507	-21.866	-19.191	8
N	-1.489	-22.315	-18.455	9
CA	-0.921	-23.657	-18.584	9
C	-1.246	-24.475	-17.326	9
N	-2.227	-25.38	-17.421	10
CA	-2.668	-26.248	-16.309	10
C	-1.556	-27.134	-15.735	10
N	-0.511	-27.421	-16.52	11
CA	0.574	-28.33	-16.148	11
C	1.326	-27.944	-14.856	11
N	1.138	-26.723	-14.346	12
CA	1.816	-26.208	-13.153	12
C	0.915	-26.071	-11.913	12
N	-0.348	-26.511	-11.971	13
CA	-1.283	-26.402	-10.842	13
C	-1.487	-27.787	-10.227	13
N	-0.838	-28.022	-9.087	14
CA	-1.034	-29.227	-8.278	14
C	-2.459	-29.279	-7.699	14
N	-2.96	-30.488	-7.432	15
CA	-4.269	-30.689	-6.807	15
C	-4.354	-29.94	-5.462	15
N	-5.419	-29.155	-5.268	16
CA	-5.595	-28.321	-4.072	16
C	-4.873	-26.966	-4.101	16
N	-4.226	-26.608	-5.217	17
CA	-3.641	-25.276	-5.432	17
C	-4.472	-24.422	-6.395	17
N	-4.286	-23.102	-6.356	18
CA	-4.934	-22.159	-7.273	18
C	-4.038	-20.947	-7.548	18
N	-4.309	-20.232	-8.643	19
CA	-3.625	-18.986	-8.991	19
C	-4.501	-17.781	-8.641	19
N	-3.891	-16.734	-8.089	20
CA	-4.552	-15.449	-7.874	20
C	-3.645	-14.3	-8.297	20
N	-4.233	-13.278	-8.911	21
CA	-3.508	-12.146	-9.486	21
C	-3.977	-10.831	-8.876	21
N	-3.025	-9.987	-8.479	22
CA	-3.273	-8.581	-8.144	22
C	-2.348	-7.68	-8.949	22
N	-2.785	-6.448	-9.182	23
CA	-1.998	-5.424	-9.86	23
C	-1.835	-4.165	-9.01	23
N	-0.859	-3.352	-9.389	24
CA	-0.572	-2.051	-8.808	24
C	-0.068	-1.123	-9.904	24
N	-0.187	0.18	-9.68	25
CA	0.35	1.2	-10.583	25
C	1.222	2.186	-9.809	25
N	2.196	2.782	-10.491	26
CA	3.094	3.776	-9.914	26
C	2.426	5.131	-9.706	26
N	3.105	5.993	-8.952	27
CA	2.678	7.375	-8.688	27
C	2.502	8.232	-9.957	27
N	3.124	7.861	-11.082	28
CA	2.988	8.572	-12.354	28
C	1.922	8.033	-13.301	28
N	1.177	6.995	-12.91	29
CA	0.008	6.542	-13.662	29
C	-1.072	7.633	-13.626	29
N	-1.732	7.988	-14.741	30
CA	-2.603	9.164	-14.794	30
C	-3.745	9.142	-13.765	30
N	-4.404	8.0	-13.536	31
CA	-5.374	7.876	-12.427	31
C	-4.755	8.155	-11.043	31
N	-3.52	7.695	-10.793	32
CA	-2.825	7.95	-9.523	32
C	-2.287	9.36	-9.394	32
N	-2.015	10.046	-10.5	33
CA	-1.777	11.491	-10.48	33
C	-3.035	12.195	-9.961	33
N	-4.215	11.834	-10.476	34
CA	-5.483	12.413	-10.035	34
C	-5.76	12.158	-8.55	34
N	-5.615	10.914	-8.082	35
CA	-5.787	10.575	-6.663	35
C	-4.852	11.405	-5.757	35
N	-3.569	11.517	-6.126	36
CA	-2.582	12.29	-5.362	36
C	-2.874	13.793	-5.363	36
N	-3.359	14.357	-6.473	37
CA	-3.752	15.771	-6.548	37
C	-5.001	16.021	-5.698	37
N	-6.026	15.178	-5.826	38
CA	-7.254	15.257	-5.033	38
C	-6.963	15.23	-3.528	38
N	-6.079	14.337	-3.07	39
CA	-5.684	14.292	-1.658	39
C	-4.702	15.398	-1.243	39
N	-3.878	15.927	-2.152	40
CA	-3.074	17.12	-1.871	40
C	-3.956	18.359	-1.644	40
N	-5.059	18.484	-2.394	41
CA	-6.068	19.531	-2.18	41
C	-6.744	19.347	-0.822	41
N	-7.17	18.126	-0.483	42
CA	-7.726	17.826	0.839	42
C	-6.758	18.203	1.969	42
N	-5.504	17.757	1.893	43
CA	-4.491	18.049	2.909	43
C	-4.258	19.564	3.046	43
N	-4.244	20.313	1.935	44
CA	-4.098	21.77	1.954	44
C	-5.262	22.484	2.666	44
N	-6.489	21.968	2.533	45
CA	-7.649	22.452	3.28	45
C	-7.56	22.088	4.765	45
N	-7.319	20.815	5.094	46
CA	-7.261	20.33	6.481	46
C	-6.133	20.965	7.3	46
N	-5.037	21.356	6.647	47
CA	-3.929	22.062	7.289	47
C	-4.335	23.434	7.861	47
N	-5.353	24.082	7.287	48
CA	-5.855	25.397	7.711	48
C	-7.22	25.309	8.406	48
N	-8.025	24.316	8.04	49
CA	-9.394	24.13	8.493	49
C	-9.681	22.631	8.697	49
N	-9.438	22.089	9.906	50
CA	-9.666	20.673	10.215	50
C	-11.114	20.197	10.004	50
N	-12.068	21.13	9.914	51
CA	-13.489	20.856	9.686	51
C	-13.907	21.01	8.214	51
N	-12.955	21.219	7.297	52
CA	-13.222	21.344	5.869	52
C	-14.018	20.143	5.332	52
N	-15.034	20.432	4.517	53
CA	-15.804	19.439	3.764	53
C	-15.282	19.437	2.34	53
N	-14.778	18.299	1.882	54
CA	-14.079	18.184	0.598	54
C	-14.594	16.954	-0.143	54
N	-14.974	17.164	-1.398	55
CA	-15.219	16.166	-2.43	55
C	-14.565	16.682	-3.727	55
N	-13.241	16.54	-3.822	56
CA	-12.43	17.082	-4.912	56
C	-12.052	15.981	-5.907	56
N	-12.639	16.025	-7.093	57
CA	-12.325	15.148	-8.213	57
C	-11.264	15.79	-9.111	57
N	-10.332	14.977	-9.607	58
CA	-9.293	15.417	-10.538	58
C	-9.392	14.632	-11.84	58
N	-9.339	15.339	-12.969	59
CA	-9.201	14.755	-14.309	59
C	-7.88	15.21	-14.918	59
N	-7.112	14.274	-15.469	60
CA	-5.844	14.542	-16.134	60
C	-5.881	14.073	-17.592	60
N	-5.425	14.926	-18.511	61
CA	-5.138	14.553	-19.904	61
C	-3.984	15.397	-20.441	61
N	-3.542	15.158	-21.674	62
CA	-2.458	15.89	-22.345	62
C	-2.511	17.396	-22.066	62
N	-1.536	17.892	-21.3	63
CA	-1.396	19.311	-20.968	63
C	-2.447	19.898	-20.017	63
N	-3.336	19.102	-19.414	64
CA	-4.453	19.593	-18.599	64
C	-4.628	18.804	-17.297	64
N	-4.826	19.537	-16.201	65
CA	-5.448	19.071	-14.959	65
C	-6.736	19.874	-14.753	65
N	-7.856	19.2	-14.511	66
CA	-9.122	19.807	-14.103	66
C	-9.452	19.35	-12.684	66
N	-9.634	20.302	-11.772	67
CA	-10.267	20.075	-10.474	67
C	-11.763	20.37	-10.587	67
N	-12.606	19.46	-10.112	68
CA	-14.057	19.614	-10.076	68
C	-14.642	19.031	-8.781	68
N	-15.846	19.457	-8.403	69
CA	-16.559	18.958	-7.223	69
C	-16.824	20.048	-6.189	69
N	-16.95	19.661	-4.921	70
CA	-17.474	20.535	-3.875	70
C	-16.516	20.681	-2.689	70
N	-16.209	21.926	-2.321	71
CA	-15.41	22.256	-1.144	71
C	-16.085	23.355	-0.329	71
N	-16.37	23.042	0.935	72
CA	-16.792	24.013	1.946	72
C	-15.753	24.078	3.048	72
N	-15.012	25.182	3.075	73
CA	-13.89	25.381	3.984	73
C	-13.604	26.866	4.198	73
N	-13.001	27.189	5.344	74
CA	-12.447	28.513	5.671	74
C	-11.018	28.716	5.152	74
N	-10.387	27.675	4.61	75
CA	-9.009	27.725	4.141	75
C	-8.859	28.587	2.878	75
N	-7.751	29.324	2.789	76
CA	-7.333	29.996	1.565	76
C	-6.27	29.131	0.87	76
N	-6.686	28.329	-0.114	77
CA	-5.811	27.383	-0.825	77
C	-5.456	27.912	-2.215	77
N	-4.158	27.977	-2.517	78
CA	-3.659	28.217	-3.873	78
C	-3.653	26.898	-4.661	78
N	-4.761	26.617	-5.351	79
CA	-4.928	25.389	-6.131	79
C	-3.885	25.234	-7.246	79
N	-3.428	26.332	-7.868	80
CA	-2.384	26.267	-8.899	80
C	-1.098	25.706	-8.298	80
N	-0.686	26.236	-7.144	81
CA	0.52	25.781	-6.455	81
C	0.399	24.334	-5.979	81
N	-0.722	23.957	-5.358	82
CA	-0.939	22.59	-4.841	82
C	-0.853	21.553	-5.962	82
N	-1.562	21.784	-7.073	83
CA	-1.543	20.891	-8.242	83
C	-0.13	20.771	-8.811	83
N	0.551	21.901	-9.026	84
CA	1.885	21.914	-9.64	84
C	2.94	21.245	-8.76	84
N	2.913	21.452	-7.444	85
CA	3.843	20.772	-6.532	85
C	3.576	19.261	-6.452	85
N	2.313	18.817	-6.506	86
CA	1.991	17.39	-6.584	86
C	2.536	16.746	-7.877	86
N	2.315	17.373	-9.04	87
CA	2.83	16.887	-10.34	87
C	4.366	16.862	-10.362	87
N	5.006	17.892	-9.8	88
CA	6.463	17.963	-9.642	88
C	6.999	16.84	-8.753	88
N	6.358	16.566	-7.614	89
CA	6.766	15.507	-6.682	89
C	6.745	14.106	-7.32	89
N	5.758	13.851	-8.182	90
CA	5.624	12.61	-8.959	90
C	6.774	12.464	-9.978	90
N	7.289	13.582	-10.499	91
CA	8.458	13.628	-11.387	91
C	8.151	13.966	-12.848	91
N	6.973	14.537	-13.122	92
CA	6.625	15.134	-14.414	92
C	7.065	16.599	-14.45	92
N	8.301	16.806	-14.883	93
CA	9.041	18.068	-14.816	93
C	9.661	18.479	-16.157	93
N	9.303	17.812	-17.253	94
CA	9.79	18.143	-18.585	94
C	8.855	17.594	-19.667	94
N	8.726	18.332	-20.77	95
CA	7.836	17.959	-21.876	95
C	8.232	16.63	-22.53	95
N	9.514	16.244	-22.481	96
CA	9.988	14.948	-22.986	96
C	9.341	13.754	-22.281	96
N	8.858	13.92	-21.04	97
CA	8.164	12.882	-20.256	97
C	6.669	12.773	-20.587	97
N	6.156	13.634	-21.47	98
CA	4.747	13.706	-21.871	98
C	3.876	14.608	-20.988	98
N	4.412	15.122	-19.876	99
CA	3.716	16.039	-18.972	99
C	4.72	16.851	-18.142	99
N	4.407	18.116	-17.855	100
CA	5.291	19.025	-17.115	100
C	4.485	19.967	-16.207	100
N	4.798	19.957	-14.907	101
CA	4.171	20.823	-13.905	101
C	4.314	22.326	-14.201	101
N	5.326	22.736	-14.978	102
CA	5.578	24.149	-15.309	102
C	4.641	24.676	-16.39	102
N	4.252	23.827	-17.338	103
CA	3.58	24.246	-18.578	103
C	2.15	23.734	-18.697	103
N	1.738	22.762	-17.874	104
CA	0.367	22.267	-17.901	104
C	-0.655	23.352	-17.512	104
N	-1.826	23.269	-18.138	105
CA	-3.003	24.042	-17.795	105
C	-3.689	23.415	-16.574	105
N	-4.055	24.25	-15.604	106
CA	-4.779	23.835	-14.4	106
C	-6.096	24.599	-14.38	106
N	-7.195	23.873	-14.561	107
CA	-8.568	24.368	-14.534	107
C	-9.203	24.035	-13.187	107
N	-10.03	24.945	-12.679	108
CA	-10.711	24.792	-11.391	108
C	-12.191	25.098	-11.585	108
N	-13.029	24.101	-11.326	109
CA	-14.486	24.155	-11.365	109
C	-15.045	23.604	-10.039	109
N	-14.663	24.249	-8.932	110
CA	-15.059	23.871	-7.575	110
C	-16.191	24.773	-7.08	110
N	-17.213	24.166	-6.492	111
CA	-18.354	24.854	-5.883	111
C	-18.439	24.558	-4.377	111
N	-19.394	25.177	-3.683	112
CA	-19.677	24.852	-2.283	112
C	-20.468	23.541	-2.192	112
N	-20.341	22.818	-1.076	113
CA	-21.182	21.652	-0.811	113
C	-22.664	22.049	-0.821	113
N	-23.508	21.2	-1.416	114
CA	-24.958	21.397	-1.399	114
C	-25.475	21.598	0.039	114
N	-26.219	22.688	0.319	115
CA	-26.849	22.907	1.621	115
C	-27.771	21.755	2.045	115
N	-28.415	21.087	1.08	116
CA	-29.316	19.95	1.312	116
C	-28.572	18.723	1.862	116
N	-27.297	18.556	1.486	117
CA	-26.408	17.53	2.046	117
C	-25.92	17.978	3.427	117
N	-25.478	19.232	3.558	118
CA	-24.92	19.758	4.804	118
C	-25.897	19.636	5.992	118
N	-27.182	19.968	5.786	119
CA	-28.22	19.862	6.824	119
C	-28.482	18.424	7.297	119
N	-28.313	17.436	6.414	120
CA	-28.485	16.026	6.755	120
C	-27.285	15.439	7.497	120
N	-26.088	15.998	7.298	121
CA	-24.823	15.376	7.714	121
C	-24.269	15.987	8.998	121
N	-24.123	17.315	9.071	122
CA	-23.338	17.941	10.144	122
C	-23.894	19.252	10.717	122
N	-24.789	19.976	10.03	123
CA	-25.373	21.195	10.612	123
C	-26.225	20.836	11.839	123
N	-26.081	21.617	12.913	124
CA	-26.792	21.461	14.192	124
C	-26.673	20.068	14.849	124
N	-25.57	19.35	14.584	125
CA	-25.272	18.032	15.167	125
C	-24.013	18.051	16.027	125
N	-24.005	17.223	17.07	126
CA	-22.793	16.937	17.837	126
C	-21.801	16.138	16.98	126
N	-20.498	16.383	17.15	127
CA	-19.449	15.747	16.337	127
C	-19.495	14.214	16.384	127
N	-19.802	13.612	17.537	128
CA	-19.893	12.15	17.677	128
C	-21.101	11.535	16.943	128
N	-22.145	12.33	16.687	129
CA	-23.421	11.91	16.09	129
C	-23.669	12.515	14.7	129
N	-22.611	12.975	14.027	130
CA	-22.711	13.357	12.617	130
C	-23.239	12.186	11.779	130
N	-24.053	12.512	10.782	131
CA	-24.553	11.531	9.831	131
C	-23.461	11.068	8.872	131
N	-23.649	9.9	8.263	132
CA	-22.863	9.527	7.096	132
C	-23.058	10.559	5.972	132
N	-21.962	10.983	5.335	133
CA	-21.975	11.965	4.244	133
C	-22.727	11.51	2.992	133
N	-22.901	10.199	2.839	134
CA	-23.678	9.552	1.789	134
C	-24.136	8.166	2.283	134
N	-25.022	7.515	1.536	135
CA	-25.239	6.081	1.658	135
C	-24.02	5.309	1.142	135
N	-23.852	4.073	1.596	136
CA	-22.894	3.182	0.959	136
C	-22.614	1.925	1.756	136
N	-21.767	1.087	1.175	137
CA	-21.292	-0.159	1.752	137
C	-19.771	-0.203	1.625	137
N	-19.073	-0.59	2.685	138
CA	-17.613	-0.572	2.763	138
C	-17.113	-1.911	3.283	138
N	-15.898	-2.277	2.878	139
CA	-15.288	-3.542	3.259	139
C	-13.909	-3.363	3.891	139
N	-13.705	-4.094	4.979	140
CA	-12.442	-4.289	5.667	140
C	-11.945	-5.706	5.457	140
N	-10.684	-5.9	5.092	141
CA	-10.12	-7.238	4.933	141
C	-8.763	-7.357	5.615	141
N	-8.5	-8.531	6.184	142
CA	-7.201	-8.917	6.708	142
C	-6.991	-10.429	6.568	142
N	-5.733	-10.816	6.406	143
CA	-5.265	-12.192	6.188	143
C	-3.91	-12.357	6.867	143
N	-3.553	-13.549	7.331	144
CA	-2.279	-13.82	8.009	144
C	-1.139	-14.224	7.054	144
N	-1.349	-14.101	5.738	145
CA	-0.349	-14.38	4.693	145
C	0.948	-13.568	4.844	145
N	0.844	-12.316	5.307	146
CA	1.978	-11.401	5.489	146
C	1.938	-10.715	6.85	146
N	3.081	-10.178	7.279	147
CA	3.195	-9.465	8.555	147
C	2.275	-8.239	8.624	147
N	2.071	-7.562	7.494	148
CA	1.193	-6.399	7.341	148
C	-0.308	-6.769	7.357	148
N	-0.631	-8.058	7.497	149
CA	-1.968	-8.637	7.408	149
C	-2.688	-8.357	6.076	149
N	-1.964	-8.441	4.961	150
CA	-2.447	-8.145	3.609	150
C	-2.216	-9.342	2.675	150
N	-2.975	-9.478	1.57	151
CA	-2.688	-10.509	0.575	151
C	-1.296	-10.319	-0.034	151
N	-0.514	-11.396	-0.163	152
CA	0.865	-11.291	-0.665	152
C	0.927	-10.68	-2.077	152
N	-0.015	-11.056	-2.939	153
CA	-0.157	-10.564	-4.322	153
C	-0.128	-9.032	-4.422	153
N	-1.003	-8.325	-3.696	154
CA	-1.074	-6.854	-3.738	154
C	0.118	-6.186	-3.037	154
N	0.62	-6.777	-1.943	155
CA	1.829	-6.298	-1.243	155
C	3.025	-6.279	-2.194	155
N	3.251	-7.372	-2.928	156
CA	4.343	-7.459	-3.895	156
C	4.146	-6.473	-5.051	156
N	2.935	-6.368	-5.606	157
CA	2.646	-5.428	-6.688	157
C	2.924	-3.964	-6.273	157
N	2.505	-3.545	-5.072	158
CA	2.837	-2.228	-4.515	158
C	4.336	-2.022	-4.331	158
N	5.028	-2.969	-3.685	159
CA	6.47	-2.857	-3.419	159
C	7.292	-2.796	-4.713	159
N	6.878	-3.488	-5.781	160
CA	7.518	-3.387	-7.1	160
C	7.426	-1.959	-7.667	160
N	6.244	-1.329	-7.646	161
CA	6.095	0.061	-8.105	161
C	6.836	1.062	-7.208	161
N	6.804	0.873	-5.886	162
CA	7.554	1.721	-4.963	162
C	9.069	1.632	-5.221	162
N	9.588	0.429	-5.51	163
CA	10.999	0.228	-5.858	163
C	11.368	0.88	-7.192	163
N	10.491	0.826	-8.198	164
CA	10.683	1.564	-9.455	164
C	10.802	3.075	-9.205	164
N	9.908	3.647	-8.395	165
CA	9.958	5.065	-8.046	165
C	11.224	5.438	-7.251	165
N	11.677	4.578	-6.333	166
CA	12.937	4.746	-5.596	166
C	14.142	4.81	-6.549	166
N	14.291	3.816	-7.436	167
CA	15.424	3.722	-8.366	167
C	15.419	4.823	-9.436	167
N	14.232	5.323	-9.803	168
CA	14.071	6.515	-10.644	168
C	14.573	7.765	-9.923	168
N	14.091	8.013	-8.7	169
CA	14.412	9.228	-7.927	169
C	15.875	9.299	-7.497	169
N	16.502	8.163	-7.195	170
CA	17.905	8.123	-6.774	170
C	18.907	8.043	-7.946	170
N	18.427	7.99	-9.195	171
CA	19.265	7.962	-10.397	171
C	19.939	6.618	-10.702	171
N	19.642	5.542	-9.961	172
CA	20.193	4.197	-10.238	172
C	19.723	3.654	-11.589	172
N	18.493	3.995	-11.985	173
CA	17.914	3.704	-13.296	173
C	17.394	5.021	-13.901	173
N	18.283	5.843	-14.491	174
CA	17.966	7.221	-14.881	174
C	16.982	7.317	-16.055	174
N	16.859	6.25	-16.846	175
CA	15.933	6.15	-17.975	175
C	14.475	5.919	-17.558	175
N	14.209	5.604	-16.282	176
CA	12.847	5.417	-15.78	176
C	12.068	6.734	-15.789	176
N	10.838	6.681	-16.295	177
CA	9.852	7.763	-16.198	177
C	8.733	7.4	-15.206	177
N	7.888	8.363	-14.785	178
CA	6.999	8.157	-13.638	178
C	5.893	7.098	-13.806	178
N	5.365	6.875	-15.016	179
CA	4.254	5.935	-15.249	179
C	4.722	4.473	-15.211	179
N	4.065	3.644	-14.399	180
CA	4.391	2.225	-14.269	180
C	3.185	1.385	-13.853	180
N	3.192	0.113	-14.256	181
CA	2.194	-0.913	-13.941	181
C	2.91	-2.21	-13.583	181
N	2.468	-2.861	-12.515	182
CA	2.985	-4.161	-12.078	182
C	1.824	-5.104	-11.814	182
N	2.009	-6.379	-12.13	183
CA	1.024	-7.422	-11.865	183
C	1.742	-8.659	-11.342	183
N	1.213	-9.257	-10.279	184
CA	1.803	-10.428	-9.63	184
C	0.743	-11.51	-9.514	184
N	1.021	-12.66	-10.123	185
CA	0.233	-13.887	-9.981	185
C	0.969	-14.829	-9.048	185
N	0.309	-15.244	-7.975	186
CA	0.863	-16.139	-6.955	186
C	0.087	-17.446	-6.975	186
N	0.813	-18.549	-6.826	187
CA	0.243	-19.862	-6.577	187
C	0.034	-20.044	-5.077	187
N	-1.17	-20.459	-4.718	188
CA	-1.628	-20.628	-3.351	188
C	-2.09	-22.058	-3.109	188
N	-2.009	-22.498	-1.857	189
CA	-2.847	-23.578	-1.328	189
C	-3.79	-23.041	-0.252	189
N	-4.837	-23.804	0.058	190
CA	-5.79	-23.476	1.116	190
C	-5.699	-24.474	2.281	190
N	-5.639	-23.971	3.516	191
CA	-5.729	-24.756	4.756	191
C	-6.884	-24.223	5.609	191
N	-7.988	-24.981	5.682	192
CA	-9.199	-24.627	6.457	192
C	-9.662	-23.175	6.244	192
N	-9.633	-22.736	4.986	193
CA	-10.037	-21.395	4.559	193
C	-8.965	-20.311	4.687	193
N	-7.855	-20.567	5.385	194
CA	-6.663	-19.731	5.293	194
C	-5.952	-20.014	3.966	194
N	-5.269	-19.015	3.419	195
CA	-4.522	-19.143	2.162	195
C	-3.039	-19.007	2.436	195
N	-2.253	-19.865	1.8	196
CA	-0.818	-19.978	2.012	196
C	-0.122	-19.755	0.663	196
N	0.634	-18.655	0.49	197
CA	1.409	-18.43	-0.721	197
C	2.524	-19.472	-0.84	197
N	2.588	-20.164	-1.976	198
CA	3.616	-21.174	-2.264	198
C	4.767	-20.531	-3.034	198
N	4.457	-19.925	-4.186	199
CA	5.432	-19.321	-5.106	199
C	4.804	-18.229	-5.965	199
N	5.627	-17.351	-6.529	200
CA	5.202	-16.421	-7.576	200
C	5.203	-17.149	-8.915	200
N	4.018	-17.26	-9.51	201
CA	3.82	-17.884	-10.811	201
C	4.218	-16.946	-11.954	201
N	3.763	-15.69	-11.909	202
CA	4.026	-14.715	-12.978	202
C	4.206	-13.313	-12.427	202
N	5.194	-12.59	-12.953	203
CA	5.373	-11.154	-12.734	203
C	5.303	-10.434	-14.077	203
N	4.496	-9.377	-14.134	204
CA	4.456	-8.423	-15.244	204
C	4.945	-7.072	-14.744	204
N	5.848	-6.436	-15.49	205
CA	6.241	-5.04	-15.266	205
C	6.194	-4.306	-16.603	205
N	5.419	-3.224	-16.648	206
CA	5.429	-2.23	-17.723	206
C	5.749	-0.873	-17.115	206
N	6.861	-0.264	-17.495	207
CA	7.303	1.034	-16.987	207
C	7.657	1.958	-18.137	207
N	7.273	3.22	-18.003	208
CA	7.6	4.251	-18.962	208
C	9.108	4.515	-18.935	208
N	9.703	4.707	-20.106	209
CA	11.144	4.906	-20.25	209
C	11.474	5.995	-21.28	209
N	12.725	6.448	-21.304	210
CA	13.236	7.318	-22.366	210
C	13.424	6.577	-23.703	210
N	13.91	7.283	-24.721	211
CA	14.104	6.699	-26.05	211
C	15.416	5.922	-26.203	211
N	16.35	6.068	-25.261	212
CA	17.75	5.664	-25.408	212
C	18.001	4.241	-24.903	212
N	17.371	3.847	-23.79	213
CA	17.578	2.516	-23.202	213
C	17.026	1.402	-24.101	213
N	17.805	0.333	-24.297	214
CA	17.36	-0.803	-25.101	214
C	16.523	-1.809	-24.287	214
N	15.709	-2.609	-24.984	215
CA	14.749	-3.521	-24.355	215
C	15.407	-4.584	-23.465	215
N	16.554	-5.121	-23.871	216
CA	17.24	-6.172	-23.114	216
C	17.866	-5.619	-21.825	216
N	18.498	-4.442	-21.884	217
CA	19.002	-3.739	-20.695	217
C	17.886	-3.427	-19.691	217
N	16.714	-2.991	-20.172	218
CA	15.551	-2.783	-19.306	218
C	15.122	-4.084	-18.628	218
N	15.002	-5.185	-19.379	219
CA	14.561	-6.483	-18.84	219
C	15.5	-6.992	-17.753	219
N	16.804	-6.912	-17.987	220
CA	17.814	-7.325	-17.015	220
C	17.773	-6.442	-15.764	220
N	17.71	-5.118	-15.931	221
CA	17.616	-4.184	-14.813	221
C	16.344	-4.386	-13.974	221
N	15.19	-4.581	-14.618	222
CA	13.918	-4.841	-13.943	222
C	13.967	-6.149	-13.147	222
N	14.565	-7.205	-13.701	223
CA	14.708	-8.474	-12.985	223
C	15.666	-8.352	-11.797	223
N	16.872	-7.846	-12.032	224
CA	17.955	-7.87	-11.046	224
C	17.815	-6.795	-9.962	224
N	17.427	-5.566	-10.324	225
CA	17.401	-4.427	-9.386	225
C	16.026	-4.162	-8.773	225
N	14.945	-4.622	-9.409	226
CA	13.57	-4.399	-8.924	226
C	12.993	-5.681	-8.338	226
N	12.852	-6.74	-9.141	227
CA	12.157	-7.96	-8.706	227
C	12.913	-8.667	-7.586	227
N	14.203	-8.969	-7.779	228
CA	15.011	-9.649	-6.751	228
C	15.174	-8.835	-5.464	228
N	15.045	-7.509	-5.54	229
CA	15.105	-6.636	-4.371	229
C	13.797	-6.625	-3.557	229
N	12.664	-6.962	-4.181	230
CA	11.327	-6.858	-3.576	230
C	10.752	-8.218	-3.205	230
N	10.85	-9.194	-4.105	231
CA	10.211	-10.497	-3.933	231
C	11.148	-11.404	-3.135	231
N	10.727	-11.918	-1.962	232
CA	11.533	-12.862	-1.2	232
C	11.955	-14.057	-2.059	232
N	13.245	-14.403	-2.026	233
CA	13.826	-15.433	-2.892	233
C	13.111	-16.792	-2.801	233
N	12.538	-17.133	-1.638	234
CA	11.755	-18.365	-1.432	234
C	10.513	-18.497	-2.323	234
N	10.022	-17.397	-2.894	235
CA	8.866	-17.404	-3.79	235
C	9.262	-17.335	-5.272	235
N	10.556	-17.272	-5.595	236
CA	11.055	-17.235	-6.967	236
C	11.782	-18.542	-7.277	236
N	11.475	-19.134	-8.422	237
CA	12.126	-20.347	-8.912	237
C	12.39	-20.265	-10.422	237
N	12.9	-21.36	-10.981	238
CA	13.22	-21.501	-12.402	238
C	11.991	-21.423	-13.319	238
N	10.81	-21.753	-12.792	239
CA	9.537	-21.737	-13.512	239
C	8.778	-20.411	-13.359	239
N	9.304	-19.428	-12.617	240
CA	8.651	-18.115	-12.519	240
C	8.66	-17.437	-13.89	240
N	7.479	-17.041	-14.368	241
CA	7.316	-16.377	-15.663	241
C	7.489	-14.865	-15.493	241
N	8.338	-14.261	-16.325	242
CA	8.636	-12.829	-16.288	242
C	8.223	-12.15	-17.602	242
N	7.162	-11.342	-17.57	243
CA	6.761	-10.464	-18.674	243
C	7.249	-9.035	-18.402	243
N	8.481	-8.738	-18.816	244
CA	9.146	-7.458	-18.553	244
C	9.179	-6.611	-19.83	244
N	8.542	-5.436	-19.777	245
CA	8.235	-4.596	-20.94	245
C	7.57	-5.401	-22.08	245
N	6.456	-6.123	-21.826	246
CA	5.851	-7.008	-22.824	246
C	5.323	-6.266	-24.063	246
N	5.002	-4.968	-23.955	247
CA	4.627	-4.119	-25.1	247
C	5.807	-3.758	-26.012	247
N	7.043	-4.038	-25.589	248
CA	8.277	-3.709	-26.301	248
C	8.697	-2.24	-26.193	248
N	7.757	-1.289	-26.261	249
CA	8.043	0.152	-26.161	249
C	6.972	0.872	-25.344	249
N	7.396	1.684	-24.376	250
CA	6.518	2.503	-23.535	250
C	7.135	3.892	-23.274	250
N	7.396	4.653	-24.342	251
CA	7.979	6.009	-24.237	251
C	6.92	7.062	-23.889	251
N	5.768	6.983	-24.562	252
CA	4.597	7.832	-24.319	252
C	3.834	7.247	-23.132	252
N	3.711	8.01	-22.05	253
CA	3.03	7.598	-20.823	253
C	2.365	8.776	-20.122	253
N	1.877	8.544	-18.906	254
CA	1.202	9.573	-18.119	254
C	-0.074	10.1	-18.79	254
N	-0.483	11.351	-18.498	255
CA	-1.692	11.952	-19.073	255
C	-1.692	12.049	-20.611	255
N	-0.511	12.015	-21.242	256
CA	-0.391	11.97	-22.699	256
C	-0.83	10.608	-23.251	256
N	-0.401	9.517	-22.609	257
CA	-0.733	8.15	-23.012	257
C	-2.18	7.756	-22.71	257
N	-2.721	8.171	-21.563	258
CA	-4.061	7.776	-21.106	258
C	-4.741	8.909	-20.316	258
N	-6.073	8.931	-20.272	259
CA	-6.806	9.864	-19.414	259
C	-6.771	9.363	-17.963	259
N	-6.575	10.266	-17.005	260
CA	-6.599	9.958	-15.576	260
C	-7.838	10.518	-14.907	260
N	-8.45	9.756	-14.004	261
CA	-9.503	10.263	-13.127	261
C	-9.308	9.759	-11.692	261
N	-9.655	10.602	-10.719	262
CA	-9.723	10.223	-9.3	262
C	-10.659	9.026	-9.117	262
N	-10.299	8.102	-8.226	263
CA	-11.159	6.974	-7.877	263
C	-11.271	5.886	-8.946	263
N	-10.34	5.813	-9.905	264
CA	-10.312	4.751	-10.936	264
C	-9.361	3.599	-10.629	264
N	-8.745	3.62	-9.446	265
CA	-7.81	2.597	-8.962	265
C	-8.216	2.0	-7.607	265
N	-9.519	1.957	-7.318	266
CA	-10.087	1.503	-6.032	266
C	-9.653	0.095	-5.582	266
N	-9.427	-0.833	-6.516	267
CA	-8.954	-2.186	-6.179	267
C	-7.447	-2.197	-5.89	267
N	-6.679	-1.337	-6.569	268
CA	-5.265	-1.082	-6.25	268
C	-5.16	-0.409	-4.882	268
N	-6.081	0.484	-4.526	269
CA	-6.068	1.159	-3.221	269
C	-6.356	0.255	-2.033	269
N	-7.027	-0.865	-2.29	270
CA	-7.539	-1.759	-1.261	270
C	-6.781	-3.079	-1.228	270
N	-7.375	-4.154	-1.741	271
CA	-6.932	-5.523	-1.475	271
C	-6.564	-6.292	-2.749	271
N	-6.419	-5.616	-3.895	272
CA	-5.948	-6.238	-5.136	272
C	-6.847	-7.357	-5.668	272
N	-8.153	-7.28	-5.417	273
CA	-9.142	-8.283	-5.82	273
C	-9.533	-9.254	-4.705	273
N	-8.779	-9.307	-3.603	274
CA	-9.164	-10.072	-2.415	274
C	-10.25	-9.368	-1.6	274
N	-10.923	-10.126	-0.733	275
CA	-12.006	-9.596	0.087	275
C	-13.181	-9.145	-0.78	275
N	-13.541	-7.867	-0.687	276
CA	-14.57	-7.237	-1.507	276
C	-14.353	-5.715	-1.552	276
N	-15.123	-5.018	-2.388	277
CA	-15.08	-3.563	-2.502	277
C	-16.486	-2.961	-2.558	277
N	-16.634	-1.764	-1.989	278
CA	-17.913	-1.067	-1.856	278
C	-18.368	-0.266	-3.071	278
N	-17.394	0.162	-3.868	279
CA	-17.565	1.032	-5.033	279
C	-17.068	2.458	-4.785	279
N	-17.109	2.931	-3.537	280
CA	-16.651	4.266	-3.157	280
C	-15.142	4.476	-3.319	280
N	-14.75	5.545	-4.015	281
CA	-13.366	6.019	-4.069	281
C	-12.928	6.665	-2.746	281
N	-11.618	6.73	-2.491	282
CA	-11.078	7.367	-1.288	282
C	-10.61	8.798	-1.539	282
N	-9.71	9.005	-2.504	283
CA	-9.018	10.281	-2.719	283
C	-9.946	11.468	-2.945	283
N	-9.567	12.625	-2.393	284
CA	-10.341	13.864	-2.498	284
C	-11.511	13.988	-1.528	284
N	-11.653	13.076	-0.557	285
CA	-12.801	13.042	0.36	285
C	-12.404	13.258	1.819	285
N	-13.082	14.159	2.525	286
CA	-12.909	14.295	3.979	286
C	-13.55	13.123	4.758	286
N	-13.295	13.04	6.067	287
CA	-13.719	11.909	6.902	287
C	-15.242	11.705	6.976	287
N	-16.051	12.738	6.707	288
CA	-17.517	12.616	6.73	288
C	-18.032	11.705	5.613	288
N	-17.233	11.481	4.56	289
CA	-17.546	10.553	3.468	289
C	-17.167	9.146	3.912	289
N	-18.186	8.377	4.287	290
CA	-18.033	7.026	4.845	290
C	-17.337	6.051	3.899	290
N	-17.343	6.311	2.587	291
CA	-16.522	5.589	1.604	291
C	-15.071	5.427	2.06	291
N	-14.486	6.494	2.614	292
CA	-13.112	6.513	3.113	292
C	-13.043	6.083	4.571	292
N	-13.715	6.818	5.456	293
CA	-13.533	6.656	6.902	293
C	-14.026	5.298	7.397	293
N	-15.163	4.812	6.894	294
CA	-15.682	3.511	7.287	294
C	-14.922	2.35	6.633	294
N	-14.365	2.516	5.426	295
CA	-13.445	1.527	4.856	295
C	-12.159	1.404	5.693	295
N	-11.588	2.529	6.14	296
CA	-10.429	2.537	7.041	296
C	-10.761	1.892	8.39	296
N	-11.917	2.217	8.975	297
CA	-12.37	1.6	10.217	297
C	-12.634	0.095	10.049	297
N	-13.223	-0.336	8.933	298
CA	-13.439	-1.749	8.649	298
C	-12.104	-2.499	8.488	298
N	-11.108	-1.908	7.805	299
CA	-9.731	-2.433	7.755	299
C	-9.137	-2.559	9.156	299
N	-9.295	-1.53	9.985	300
CA	-8.804	-1.518	11.36	300
C	-9.419	-2.64	12.202	300
N	-10.734	-2.851	12.093	301
CA	-11.44	-3.974	12.726	301
C	-10.88	-5.308	12.23	301
N	-10.798	-5.508	10.911	302
CA	-10.314	-6.75	10.309	302
C	-8.882	-7.09	10.761	302
N	-7.958	-6.121	10.684	303
CA	-6.564	-6.293	11.122	303
C	-6.48	-6.591	12.619	303
N	-7.316	-5.949	13.436	304
CA	-7.375	-6.197	14.883	304
C	-7.868	-7.605	15.219	304
N	-8.85	-8.135	14.482	305
CA	-9.327	-9.512	14.658	305
C	-8.236	-10.541	14.311	305
N	-7.5	-10.34	13.209	306
CA	-6.395	-11.235	12.811	306
C	-5.222	-11.141	13.79	306
N	-4.758	-9.93	14.133	307
CA	-3.666	-9.738	15.108	307
C	-4.043	-10.146	16.535	307
N	-5.332	-10.153	16.875	308
CA	-5.844	-10.729	18.118	308
C	-5.821	-12.262	18.148	308
N	-5.509	-12.938	17.036	309
CA	-5.532	-14.401	16.955	309
C	-6.945	-14.993	16.972	309
N	-7.969	-14.188	16.666	310
CA	-9.363	-14.638	16.628	310
C	-9.714	-15.354	15.323	310
N	-9.007	-15.051	14.24	311
CA	-9.183	-15.652	12.923	311
C	-7.891	-15.49	12.117	311
N	-7.726	-16.286	11.059	312
CA	-6.582	-16.16	10.139	312
C	-6.906	-15.282	8.933	312
N	-8.185	-15.211	8.556	313
CA	-8.681	-14.43	7.422	313
C	-10.078	-13.914	7.717	313
N	-10.339	-12.636	7.463	314
CA	-11.642	-12.031	7.762	314
C	-12.011	-10.925	6.785	314
N	-13.29	-10.894	6.418	315
CA	-13.948	-9.805	5.712	315
C	-14.991	-9.175	6.64	315
N	-14.933	-7.859	6.777	316
CA	-15.86	-7.035	7.549	316
C	-16.635	-6.184	6.559	316
N	-17.96	-6.241	6.583	317
CA	-18.814	-5.332	5.823	317
C	-19.496	-4.364	6.784	317
N	-19.535	-3.086	6.425	318
CA	-20.311	-2.051	7.117	318
C	-21.13	-1.27	6.089	318
N	-22.343	-0.837	6.435	319
CA	-23.173	-0.009	5.547	319
C	-23.845	1.147	6.281	319
N	-24.138	2.226	5.556	320
CA	-24.758	3.446	6.077	320
C	-25.847	3.955	5.13	320
N	-26.783	4.724	5.684	321
CA	-27.655	5.625	4.935	321
C	-27.201	7.072	5.161	321
N	-27.355	7.923	4.143	322
CA	-27.033	9.351	4.237	322
C	-27.733	9.996	5.442	322
N	-26.987	10.783	6.213	323
CA	-27.494	11.478	7.393	323
C	-27.749	10.6	8.626	323
N	-27.511	9.286	8.57	324
CA	-27.616	8.376	9.725	324
C	-26.223	8.121	10.305	324
N	-26.046	8.318	11.617	325
CA	-24.736	8.167	12.274	325
C	-24.347	6.703	12.489	325
N	-25.301	5.867	12.896	326
CA	-25.063	4.456	13.177	326
C	-25.074	3.625	11.883	326
N	-24.209	2.6	11.757	327
CA	-24.286	1.666	10.641	327
C	-25.645	0.961	10.564	327
N	-26.156	0.752	9.35	328
CA	-27.358	-0.054	9.104	328
C	-27.084	-1.547	9.316	328
N	-25.884	-1.999	8.948	329
CA	-25.46	-3.39	9.092	329
C	-23.964	-3.489	9.364	329
N	-23.571	-4.489	10.156	330
CA	-22.18	-4.926	10.318	330
C	-22.158	-6.45	10.158	330
N	-21.393	-6.956	9.191	331
CA	-21.257	-8.393	8.906	331
C	-19.796	-8.817	9.0	331
N	-19.541	-10.007	9.544	332
CA	-18.198	-10.574	9.712	332
C	-18.169	-11.94	9.036	332
N	-17.217	-12.157	8.13	333
CA	-17.009	-13.434	7.449	333
C	-15.572	-13.899	7.664	333
N	-15.367	-14.983	8.415	334
CA	-14.02	-15.462	8.77	334
C	-13.545	-16.657	7.926	334
N	-14.3	-17.035	6.889	335
CA	-13.948	-18.101	5.94	335
C	-13.633	-19.461	6.59	335
N	-14.223	-19.781	7.746	336
CA	-13.897	-21.009	8.489	336
C	-12.59	-20.961	9.299	336
N	-11.887	-19.821	9.332	337
CA	-10.579	-19.678	10.006	337
C	-10.63	-19.286	11.489	337
N	-11.82	-19.213	12.088	338
CA	-12.019	-18.875	13.501	338
C	-12.566	-20.075	14.262	338
N	-12.203	-20.178	15.541	339
CA	-12.86	-21.085	16.49	339
C	-14.173	-20.5	17.036	339
N	-14.359	-19.178	16.931	340
CA	-15.591	-18.484	17.31	340
C	-16.501	-18.357	16.099	340
N	-17.804	-18.393	16.337	341
CA	-18.79	-18.09	15.301	341
C	-18.711	-16.625	14.855	341
N	-19.181	-16.334	13.641	342
CA	-19.311	-14.963	13.12	342
C	-20.137	-14.065	14.055	342
N	-21.163	-14.63	14.711	343
CA	-21.968	-13.932	15.722	343
C	-21.142	-13.548	16.948	343
N	-20.335	-14.462	17.481	344
CA	-19.455	-14.153	18.614	344
C	-18.409	-13.098	18.244	344
N	-17.813	-13.187	17.049	345
CA	-16.882	-12.168	16.558	345
C	-17.567	-10.803	16.417	345
N	-18.802	-10.757	15.911	346
CA	-19.578	-9.522	15.806	346
C	-19.827	-8.875	17.178	346
N	-20.141	-9.657	18.212	347
CA	-20.306	-9.124	19.573	347
C	-18.986	-8.587	20.149	347
N	-17.854	-9.239	19.853	348
CA	-16.523	-8.706	20.184	348
C	-16.293	-7.37	19.47	348
N	-16.643	-7.264	18.185	349
CA	-16.512	-6.016	17.42	349
C	-17.357	-4.906	18.046	349
N	-18.651	-5.136	18.302	350
CA	-19.55	-4.14	18.921	350
C	-19.072	-3.661	20.294	350
N	-18.444	-4.538	21.085	351
CA	-17.901	-4.185	22.408	351
C	-16.632	-3.331	22.33	351
N	-15.871	-3.444	21.243	352
CA	-14.547	-2.835	21.121	352
C	-14.501	-1.659	20.138	352
N	-15.466	-1.52	19.232	353
CA	-15.483	-0.494	18.192	353
C	-16.836	0.203	18.13	353
N	-16.792	1.526	18.026	354
CA	-17.934	2.351	17.66	354
C	-17.666	2.893	16.254	354
N	-18.493	2.459	15.305	355
CA	-18.328	2.756	13.886	355
C	-19.18	3.956	13.445	355
N	-19.614	4.835	14.355	356
CA	-20.179	6.133	13.953	356
C	-19.085	7.004	13.315	356
N	-19.332	7.725	12.201	357
CA	-18.306	8.539	11.531	357
C	-17.619	9.545	12.465	357
N	-18.389	10.128	13.39	358
CA	-17.918	11.034	14.439	358
C	-16.99	10.405	15.48	358
N	-17.113	9.099	15.711	359
CA	-16.217	8.353	16.601	359
C	-15.009	7.82	15.839	359
N	-15.203	7.382	14.592	360
CA	-14.121	6.946	13.702	360
C	-13.082	8.06	13.526	360
N	-13.514	9.3	13.27	361
CA	-12.59	10.436	13.107	361
C	-11.749	10.701	14.344	361
N	-12.328	10.54	15.537	362
CA	-11.634	10.714	16.813	362
C	-10.639	9.582	17.051	362
N	-11.082	8.338	16.885	363
CA	-10.282	7.146	17.174	363
C	-9.13	6.952	16.162	363
N	-9.292	7.42	14.916	364
CA	-8.296	7.315	13.84	364
C	-7.654	8.656	13.44	364
N	-7.962	9.751	14.139	365
CA	-7.349	11.077	13.953	365
C	-7.446	11.62	12.505	365
N	-8.632	11.471	11.901	366
CA	-8.87	11.675	10.46	366
C	-9.051	13.146	10.039	366
N	-8.857	14.113	10.936	367
CA	-8.8	15.537	10.551	367
C	-7.382	16.0	10.199	367
N	-6.37	15.138	10.36	368
CA	-4.978	15.476	10.043	368
C	-4.701	15.454	8.532	368
N	-3.826	16.345	8.029	369
CA	-3.403	16.357	6.63	369
C	-2.371	15.245	6.361	369
N	-2.854	14.014	6.171	370
CA	-2.032	12.806	5.969	370
C	-2.375	12.047	4.678	370
N	-3.313	12.554	3.88	371
CA	-4.012	11.782	2.858	371
C	-3.24	11.651	1.554	371
N	-2.432	12.636	1.159	372
CA	-1.635	12.542	-0.069	372
C	-0.706	11.32	-0.037	372
N	-0.213	10.96	1.155	373
CA	0.613	9.763	1.359	373
C	-0.155	8.467	1.105	373
N	-1.482	8.461	1.214	374
CA	-2.332	7.28	0.988	374
C	-2.598	7.026	-0.497	374
N	-2.614	8.087	-1.31	375
CA	-3.057	8.094	-2.705	375
C	-2.175	7.309	-3.701	375
N	-1.066	6.721	-3.248	376
CA	-0.25	5.791	-4.02	376
C	0.273	4.657	-3.126	376
N	0.515	3.497	-3.747	377
CA	1.05	2.29	-3.098	377
C	0.141	1.682	-2.013	377
N	-1.175	1.84	-2.173	378
CA	-2.191	1.249	-1.307	378
C	-2.45	2.056	-0.036	378
N	-3.72	2.111	0.366	379
CA	-4.136	2.734	1.624	379
C	-3.868	1.819	2.829	379
N	-3.741	0.511	2.589	380
CA	-3.656	-0.523	3.616	380
C	-2.309	-1.252	3.612	380
N	-1.956	-1.844	4.754	381
CA	-0.704	-2.585	4.948	381
C	0.531	-1.723	5.226	381
N	0.359	-0.443	5.577	382
CA	1.458	0.508	5.812	382
C	1.391	1.055	7.234	382
N	2.334	0.651	8.079	383
CA	2.298	0.88	9.536	383
C	2.27	2.352	9.975	383
N	2.541	3.289	9.066	384
CA	2.495	4.718	9.361	384
C	1.086	5.307	9.508	384
N	0.023	4.527	9.283	385
CA	-1.358	5.015	9.319	385
C	-2.144	4.525	10.545	385
N	-3.046	5.35	11.114	386
CA	-3.777	5.007	12.338	386
C	-4.588	3.705	12.255	386
N	-5.256	3.443	11.126	387
CA	-6.048	2.218	10.918	387
C	-5.201	0.947	10.778	387
N	-3.888	1.082	10.585	388
CA	-2.962	-0.046	10.525	388
C	-2.421	-0.442	11.907	388
N	-2.683	0.344	12.96	389
CA	-2.326	0.013	14.348	389
C	-3.448	-0.829	14.973	389
N	-3.264	-2.147	15.177	390
CA	-4.342	-3.016	15.635	390
C	-4.795	-2.643	17.053	390
N	-6.11	-2.584	17.277	391
CA	-6.689	-2.355	18.603	391
C	-6.554	-3.617	19.451	391
N	-6.098	-3.48	20.699	392
CA	-6.142	-4.582	21.672	392
C	-7.597	-4.869	22.053	392
N	-8.112	-6.017	21.623	393
CA	-9.505	-6.411	21.833	393
C	-9.721	-7.009	23.231	393
N	-10.878	-6.725	23.835	394
CA	-11.36	-7.34	25.081	394
C	-12.425	-8.387	24.75	394
N	-12.149	-9.666	25.01	395
CA	-13.068	-10.788	24.779	395
C	-12.769	-11.996	25.661	395
