ATOM	X	Y	Z	RESIDUE
N	5.813	20.286	16.433	1
CA	6.152	21.668	16.116	1
C	6.459	21.82	14.631	1
N	6.679	23.059	14.194	2
CA	7.06	23.327	12.811	2
C	8.487	23.87	12.74	2
N	9.294	23.285	11.863	3
CA	10.665	23.745	11.662	3
C	10.771	24.546	10.367	3
N	11.367	25.736	10.444	4
CA	11.455	26.629	9.294	4
C	12.783	26.536	8.536	4
N	13.905	26.651	9.243	5
CA	15.194	26.765	8.562	5
C	15.8	25.424	8.173	5
N	16.358	25.346	6.955	6
CA	17.022	24.135	6.468	6
C	18.321	23.889	7.224	6
N	18.76	24.894	7.978	7
CA	19.968	24.769	8.776	7
C	19.658	24.38	10.224	7
N	18.385	24.159	10.543	8
CA	18.029	23.659	11.868	8
C	18.721	22.319	12.106	8
N	19.226	22.087	13.333	9
CA	19.976	20.856	13.628	9
C	19.197	19.568	13.312	9
N	17.903	19.545	13.627	10
CA	17.046	18.4	13.307	10
C	17.028	18.108	11.81	10
N	16.905	19.166	11.017	11
CA	16.882	19.05	9.568	11
C	18.199	18.482	9.043	11
N	19.322	18.964	9.572	12
CA	20.618	18.457	9.131	12
C	20.758	16.965	9.44	12
N	20.268	16.554	10.607	13
CA	20.336	15.154	11.011	13
C	19.447	14.299	10.12	13
N	18.27	14.821	9.782	14
CA	17.363	14.119	8.876	14
C	17.977	13.995	7.485	14
N	18.606	15.068	7.013	15
CA	19.219	15.06	5.689	15
C	20.431	14.132	5.648	15
N	21.036	13.908	6.809	16
CA	22.218	13.059	6.911	16
C	21.878	11.584	6.675	16
N	20.605	11.237	6.831	17
CA	20.137	9.873	6.586	17
C	20.156	9.503	5.101	17
N	20.544	10.447	4.249	18
CA	20.717	10.149	2.832	18
C	21.892	9.194	2.58	18
N	22.847	9.148	3.509	19
CA	23.988	8.237	3.394	19
C	23.761	6.935	4.143	19
N	24.11	5.83	3.493	20
CA	24.033	4.507	4.107	20
C	24.827	4.462	5.409	20
N	25.979	5.125	5.411	21
CA	26.846	5.196	6.58	21
C	26.097	5.697	7.814	21
N	25.311	6.755	7.635	22
CA	24.558	7.354	8.731	22
C	23.346	6.51	9.114	22
N	22.724	5.871	8.126	23
CA	21.632	4.947	8.416	23
C	22.113	3.826	9.336	23
N	23.244	3.219	8.983	24
CA	23.849	2.163	9.797	24
C	24.231	2.663	11.182	24
N	24.8	3.861	11.238	25
CA	25.24	4.418	12.507	25
C	24.072	4.663	13.452	25
N	22.953	5.132	12.907	26
CA	21.817	5.531	13.732	26
C	20.762	4.432	13.861	26
N	20.81	3.453	12.965	27
CA	19.769	2.442	12.91	27
C	18.438	3.017	12.442	27
N	18.503	4.076	11.64	28
CA	17.31	4.753	11.128	28
C	17.378	4.878	9.609	28
N	16.224	4.994	8.955	29
CA	16.206	5.345	7.534	29
C	14.948	6.118	7.186	29
N	15.036	6.907	6.118	30
CA	13.933	7.751	5.696	30
C	13.131	7.082	4.587	30
N	11.813	7.143	4.719	31
CA	10.893	6.632	3.715	31
C	10.069	7.796	3.208	31
N	10.245	8.158	1.942	32
CA	9.558	9.319	1.386	32
C	8.349	8.906	0.558	32
N	7.235	9.604	0.758	33
CA	6.022	9.342	0.011	33
C	4.931	8.752	0.878	33
N	3.731	9.31	0.764	34
CA	2.579	8.844	1.523	34
C	2.342	7.342	1.355	34
N	2.412	6.878	0.115	35
CA	2.166	5.472	-0.185	35
C	3.224	4.587	0.466	35
N	4.477	4.982	0.304	36
CA	5.61	4.199	0.784	36
C	5.643	4.117	2.317	36
N	5.262	5.203	2.982	37
CA	5.204	5.22	4.442	37
C	4.13	4.265	4.953	37
N	2.96	4.308	4.324	38
CA	1.856	3.415	4.678	38
C	2.254	1.952	4.55	38
N	2.97	1.639	3.48	39
CA	3.343	0.259	3.199	39
C	4.477	-0.206	4.101	39
N	5.337	0.726	4.511	40
CA	6.339	0.424	5.522	40
C	5.65	0.098	6.848	40
N	4.626	0.875	7.189	41
CA	3.858	0.631	8.404	41
C	3.157	-0.726	8.347	41
N	2.552	-1.034	7.205	42
CA	1.886	-2.322	7.024	42
C	2.847	-3.484	7.228	42
N	4.089	-3.29	6.798	43
CA	5.117	-4.314	6.907	43
C	5.604	-4.509	8.341	43
N	5.151	-3.662	9.261	44
CA	5.529	-3.803	10.658	44
C	6.791	-3.053	11.057	44
N	7.297	-2.215	10.159	45
CA	8.448	-1.384	10.475	45
C	8.058	-0.317	11.497	45
N	8.983	-0.003	12.392	46
CA	8.694	0.895	13.5	46
C	8.9	2.357	13.099	46
N	7.828	3.139	13.126	47
CA	7.917	4.56	12.797	47
C	8.34	5.359	14.026	47
N	9.45	6.08	13.914	48
CA	9.906	6.923	15.011	48
C	9.393	8.356	14.862	48
N	9.399	8.876	13.639	49
CA	8.975	10.26	13.408	49
C	8.273	10.443	12.069	49
N	7.07	11.009	12.099	50
CA	6.365	11.368	10.872	50
C	6.728	12.793	10.469	50
N	7.163	12.98	9.223	51
CA	7.485	14.316	8.714	51
C	6.379	14.816	7.792	51
N	5.852	16.001	8.08	52
CA	4.794	16.566	7.247	52
C	5.204	17.89	6.605	52
N	5.086	17.954	5.284	53
CA	5.398	19.174	4.562	53
C	4.241	20.154	4.642	53
N	4.454	21.386	4.156	54
CA	3.459	22.464	4.241	54
C	2.167	22.119	3.51	54
N	2.27	21.255	2.507	55
CA	1.115	20.912	1.689	55
C	0.622	19.501	1.98	55
N	0.955	18.991	3.164	56
CA	0.441	17.707	3.615	56
C	-1.063	17.801	3.834	56
N	-1.743	16.659	3.824	57
CA	-3.181	16.611	4.069	57
C	-3.445	16.365	5.547	57
N	-4.568	16.88	6.068	58
CA	-4.945	16.558	7.45	58
C	-5.069	15.045	7.664	58
N	-5.47	14.328	6.616	59
CA	-5.633	12.879	6.677	59
C	-4.287	12.156	6.815	59
N	-3.197	12.869	6.546	60
CA	-1.856	12.299	6.634	60
C	-1.385	12.141	8.072	60
N	-1.936	12.953	8.967	61
CA	-1.499	12.954	10.356	61
C	-1.832	11.648	11.057	61
N	-2.854	10.962	10.557	62
CA	-3.303	9.706	11.148	62
C	-2.257	8.594	11.007	62
N	-1.283	8.797	10.122	63
CA	-0.241	7.803	9.89	63
C	0.674	7.641	11.101	63
N	0.709	8.668	11.947	64
CA	1.659	8.731	13.061	64
C	1.538	7.57	14.043	64
N	0.302	7.225	14.392	65
CA	0.035	6.151	15.333	65
C	0.906	6.17	16.578	65
N	1.046	7.342	17.191	66
CA	1.801	7.459	18.423	66
C	3.224	7.954	18.25	66
N	3.671	8.077	17.004	67
CA	5.017	8.576	16.738	67
C	5.052	10.099	16.837	67
N	6.244	10.646	17.05	68
CA	6.452	12.089	16.973	68
C	6.034	12.582	15.594	68
N	5.31	13.697	15.558	69
CA	4.937	14.323	14.295	69
C	5.635	15.666	14.149	69
N	6.52	15.755	13.167	70
CA	7.286	16.974	12.959	70
C	6.884	17.626	11.645	70
N	6.499	18.9	11.704	71
CA	6.152	19.665	10.505	71
C	7.356	20.436	9.978	71
N	7.517	20.459	8.659	72
CA	8.645	21.163	8.05	72
C	8.195	22.247	7.073	72
N	8.994	23.303	6.964	73
CA	8.783	24.302	5.921	73
C	9.095	23.694	4.559	73
N	8.651	24.354	3.493	74
CA	8.977	23.92	2.137	74
C	10.492	23.863	1.965	74
N	11.171	24.867	2.517	75
CA	12.63	24.943	2.513	75
C	13.272	23.74	3.176	75
N	12.825	23.465	4.397	76
CA	13.396	22.401	5.208	76
C	13.107	21.045	4.572	76
N	11.88	20.878	4.088	77
CA	11.479	19.653	3.396	77
C	12.384	19.343	2.205	77
N	12.732	20.381	1.446	78
CA	13.523	20.198	0.239	78
C	14.909	19.653	0.562	78
N	15.418	19.959	1.751	79
CA	16.744	19.49	2.135	79
C	16.717	18.036	2.592	79
N	15.606	17.627	3.193	80
CA	15.455	16.257	3.661	80
C	15.124	15.318	2.501	80
N	14.388	15.828	1.521	81
CA	13.919	15.014	0.402	81
C	15.033	14.646	-0.571	81
N	14.845	13.547	-1.292	82
CA	15.784	13.152	-2.336	82
C	15.18	13.419	-3.71	82
N	14.012	14.053	-3.714	83
CA	13.295	14.34	-4.949	83
C	13.385	15.811	-5.348	83
N	13.345	16.069	-6.653	84
CA	13.226	17.433	-7.151	84
C	11.926	18.038	-6.642	84
N	10.848	17.264	-6.736	85
CA	9.559	17.64	-6.161	85
C	9.248	16.769	-4.947	85
N	9.569	17.27	-3.745	86
CA	9.467	16.501	-2.499	86
C	8.055	16.02	-2.195	86
N	7.919	14.773	-1.751	87
CA	6.648	14.325	-1.207	87
C	6.398	15.087	0.089	87
N	5.135	15.196	0.479	88
CA	4.765	15.993	1.646	88
C	4.616	15.127	2.889	88
N	4.833	13.829	2.718	89
CA	4.761	12.889	3.822	89
C	6.019	12.039	3.815	89
N	6.723	12.019	4.938	90
CA	7.927	11.209	5.06	90
C	7.955	10.583	6.441	90
N	8.707	9.5	6.571	91
CA	8.783	8.791	7.829	91
C	10.197	8.357	8.134	91
N	10.605	8.567	9.38	92
CA	11.844	8.0	9.881	92
C	11.525	6.681	10.57	92
N	12.027	5.588	10.009	93
CA	11.793	4.255	10.554	93
C	13.072	3.683	11.135	93
N	12.933	2.726	12.046	94
CA	14.096	2.0	12.548	94
C	14.473	0.905	11.566	94
N	15.772	0.751	11.327	95
CA	16.296	-0.351	10.531	95
C	16.0	-1.682	11.203	95
N	15.394	-2.619	10.459	96
CA	15.078	-3.946	10.989	96
C	16.262	-4.897	10.867	96
N	16.3	-5.922	11.709	97
CA	17.305	-6.967	11.575	97
C	16.683	-8.167	10.872	97
N	17.17	-8.474	9.674	98
CA	16.592	-9.543	8.867	98
C	17.61	-10.641	8.57	98
N	17.183	-11.895	8.694	99
CA	18.044	-13.032	8.379	99
C	17.326	-14.04	7.489	99
N	18.063	-14.626	6.545	100
CA	17.518	-15.664	5.669	100
C	17.249	-16.95	6.443	100
N	17.971	-17.131	7.547	101
CA	17.861	-18.345	8.356	101
C	16.428	-18.6	8.83	101
N	15.682	-17.529	9.072	102
CA	14.308	-17.658	9.517	102
C	13.292	-17.579	8.391	102
N	13.564	-18.271	7.286	103
CA	12.669	-18.238	6.13	103
C	12.271	-19.629	5.651	103
N	10.968	-19.838	5.506	104
CA	10.447	-21.073	4.944	104
C	9.564	-20.759	3.739	104
N	9.747	-21.513	2.661	105
CA	9.017	-21.267	1.424	105
C	7.791	-22.17	1.294	105
N	6.923	-21.845	0.337	106
CA	5.734	-22.635	0.063	106
C	6.027	-23.942	-0.651	106
N	4.979	-24.588	-1.157	107
CA	5.095	-25.916	-1.761	107
C	5.855	-25.903	-3.087	107
N	5.486	-24.987	-3.974	108
CA	6.196	-24.827	-5.237	108
C	6.662	-23.386	-5.367	108
N	7.795	-23.059	-4.729	109
CA	8.251	-21.674	-4.587	109
C	8.648	-21.029	-5.907	109
N	8.424	-19.726	-5.994	110
CA	8.924	-18.938	-7.1	110
C	10.027	-18.041	-6.576	110
N	11.262	-18.313	-6.983	111
CA	12.412	-17.611	-6.419	111
C	13.234	-16.888	-7.484	111
N	13.659	-15.669	-7.172	112
CA	14.57	-14.949	-8.044	112
C	15.919	-14.764	-7.354	112
N	16.987	-15.136	-8.049	113
CA	18.332	-14.946	-7.531	113
C	19.06	-13.961	-8.42	113
N	19.34	-12.785	-7.876	114
CA	19.985	-11.733	-8.634	114
C	21.467	-11.698	-8.306	114
N	22.3	-12.016	-9.291	115
CA	23.732	-12.152	-9.046	115
C	24.503	-10.903	-9.428	115
N	25.304	-10.408	-8.486	116
CA	26.113	-9.222	-8.702	116
C	25.466	-7.969	-8.148	116
N	26.263	-6.913	-8.003	117
CA	25.767	-5.632	-7.507	117
C	24.931	-4.925	-8.567	117
N	23.744	-4.482	-8.167	118
CA	22.802	-3.88	-9.096	118
C	22.562	-2.409	-8.761	118
N	22.378	-1.586	-9.79	119
CA	22.042	-0.177	-9.594	119
C	20.719	-0.057	-8.831	119
N	20.634	0.909	-7.902	120
CA	19.468	1.072	-7.022	120
C	18.149	1.249	-7.78	120
N	18.197	1.971	-8.896	121
CA	17.026	2.178	-9.727	121
C	16.495	0.886	-10.316	121
N	17.364	0.145	-11.0	122
CA	16.998	-1.157	-11.554	122
C	16.491	-2.09	-10.476	122
N	17.122	-2.024	-9.31	123
CA	16.781	-2.925	-8.219	123
C	15.34	-2.718	-7.768	123
N	14.976	-1.471	-7.489	124
CA	13.607	-1.165	-7.116	124
C	12.61	-1.66	-8.151	124
N	12.931	-1.46	-9.423	125
CA	12.059	-1.903	-10.505	125
C	11.935	-3.422	-10.551	125
N	13.045	-4.128	-10.329	126
CA	13.017	-5.59	-10.272	126
C	12.095	-6.049	-9.148	126
N	12.201	-5.396	-7.994	127
CA	11.397	-5.781	-6.835	127
C	9.903	-5.537	-7.063	127
N	9.576	-4.492	-7.814	128
CA	8.182	-4.209	-8.121	128
C	7.622	-5.323	-8.992	128
N	8.417	-5.774	-9.959	129
CA	7.996	-6.891	-10.802	129
C	7.875	-8.175	-9.982	129
N	8.86	-8.443	-9.129	130
CA	8.829	-9.654	-8.313	130
C	7.603	-9.69	-7.402	130
N	7.263	-8.543	-6.823	131
CA	6.083	-8.427	-5.974	131
C	4.799	-8.707	-6.765	131
N	4.715	-8.158	-7.969	132
CA	3.544	-8.37	-8.807	132
C	3.312	-9.834	-9.143	132
N	4.386	-10.538	-9.486	133
CA	4.275	-11.937	-9.889	133
C	4.069	-12.833	-8.677	133
N	4.235	-12.264	-7.485	134
CA	4.012	-12.996	-6.249	134
C	5.17	-13.904	-5.875	134
N	6.388	-13.459	-6.179	135
CA	7.592	-14.239	-5.891	135
C	7.674	-14.537	-4.405	135
N	8.092	-15.749	-4.062	136
CA	8.167	-16.134	-2.66	136
C	9.437	-15.609	-2.012	136
N	10.45	-15.373	-2.838	137
CA	11.774	-15.025	-2.341	137
C	12.631	-14.377	-3.412	137
N	13.351	-13.324	-3.029	138
CA	14.36	-12.736	-3.893	138
C	15.689	-12.653	-3.152	138
N	16.724	-13.248	-3.735	139
CA	18.065	-13.182	-3.165	139
C	18.92	-12.219	-3.966	139
N	19.587	-11.314	-3.259	140
CA	20.458	-10.338	-3.896	140
C	21.849	-10.39	-3.265	140
N	22.797	-9.686	-3.869	141
CA	24.184	-9.738	-3.434	141
C	24.359	-9.161	-2.028	141
N	25.443	-9.565	-1.366	142
CA	25.677	-9.262	0.05	142
C	25.737	-7.766	0.385	142
N	26.276	-6.961	-0.519	143
CA	26.461	-5.542	-0.242	143
C	25.3	-4.664	-0.672	143
N	24.249	-5.292	-1.178	144
CA	23.106	-4.563	-1.718	144
C	22.299	-3.843	-0.634	144
N	22.08	-2.547	-0.851	145
CA	21.368	-1.703	0.1	145
C	19.882	-1.632	-0.264	145
N	19.043	-2.264	0.551	146
CA	17.61	-2.322	0.286	146
C	16.837	-1.162	0.909	146
N	17.535	-0.291	1.625	147
CA	16.861	0.817	2.289	147
C	17.263	2.164	1.7	147
N	17.818	2.141	0.495	148
CA	18.163	3.378	-0.19	148
C	16.895	4.004	-0.76	148
N	16.842	5.345	-0.806	149
CA	15.667	6.048	-1.334	149
C	15.238	5.572	-2.724	149
N	16.194	5.152	-3.547	150
CA	15.892	4.74	-4.918	150
C	15.177	3.39	-4.96	150
N	15.647	2.433	-4.163	151
CA	15.003	1.123	-4.094	151
C	13.588	1.276	-3.552	151
N	13.445	2.112	-2.529	152
CA	12.138	2.378	-1.941	152
C	11.192	2.995	-2.974	152
N	11.647	4.03	-3.671	153
CA	10.787	4.706	-4.641	153
C	10.421	3.828	-5.842	153
N	11.413	3.208	-6.472	154
CA	11.138	2.448	-7.687	154
C	10.363	1.154	-7.431	154
N	10.392	0.658	-6.199	155
CA	9.581	-0.505	-5.851	155
C	8.176	-0.095	-5.429	155
N	7.932	1.211	-5.373	156
CA	6.672	1.763	-4.859	156
C	6.401	1.216	-3.457	156
N	7.476	1.035	-2.698	157
CA	7.386	0.526	-1.341	157
C	7.14	-0.966	-1.241	157
N	7.153	-1.667	-2.371	158
CA	6.912	-3.109	-2.338	158
C	8.092	-3.833	-1.705	158
N	9.228	-3.146	-1.617	159
CA	10.428	-3.721	-1.011	159
C	10.159	-4.12	0.442	159
N	9.245	-3.41	1.093	160
CA	8.975	-3.666	2.504	160
C	8.267	-5.012	2.748	160
N	7.3	-5.363	1.906	161
CA	6.558	-6.611	2.103	161
C	7.247	-7.821	1.466	161
N	7.955	-7.597	0.366	162
CA	8.601	-8.687	-0.369	162
C	9.758	-9.316	0.413	162
N	9.797	-10.656	0.482	163
CA	10.936	-11.329	1.12	163
C	12.216	-11.209	0.291	163
N	13.06	-10.239	0.634	164
CA	14.299	-9.958	-0.092	164
C	15.487	-9.981	0.854	164
N	16.51	-10.757	0.522	165
CA	17.652	-10.906	1.422	165
C	18.988	-10.774	0.71	165
N	19.849	-9.854	1.189	166
CA	21.233	-9.742	0.72	166
C	22.101	-10.85	1.315	166
N	22.698	-11.685	0.475	167
CA	23.488	-12.821	0.953	167
C	24.689	-13.071	0.051	167
N	25.782	-13.552	0.64	168
CA	26.952	-13.948	-0.134	168
C	26.621	-15.191	-0.957	168
N	27.425	-15.456	-1.983	169
CA	27.146	-16.557	-2.904	169
C	27.042	-17.911	-2.203	169
N	27.904	-18.139	-1.214	170
CA	27.897	-19.385	-0.472	170
C	26.612	-19.6	0.296	170
N	26.079	-18.533	0.886	171
CA	24.846	-18.655	1.646	171
C	23.651	-18.881	0.712	171
N	23.653	-18.204	-0.432	172
CA	22.594	-18.391	-1.414	172
C	22.618	-19.815	-1.963	172
N	23.81	-20.315	-2.279	173
CA	23.967	-21.683	-2.775	173
C	23.467	-22.699	-1.758	173
N	23.796	-22.467	-0.493	174
CA	23.351	-23.34	0.584	174
C	21.834	-23.367	0.672	174
N	21.219	-22.189	0.631	175
CA	19.765	-22.097	0.721	175
C	19.085	-22.858	-0.42	175
N	19.602	-22.681	-1.63	176
CA	19.024	-23.297	-2.818	176
C	19.182	-24.819	-2.822	176
N	20.343	-25.296	-2.39	177
CA	20.583	-26.732	-2.312	177
C	19.69	-27.358	-1.249	177
N	19.529	-26.65	-0.138	178
CA	18.779	-27.16	0.998	178
C	17.284	-27.244	0.706	178
N	16.781	-26.32	-0.105	179
CA	15.365	-26.317	-0.456	179
C	15.107	-27.071	-1.756	179
N	16.164	-27.657	-2.314	180
CA	16.082	-28.426	-3.557	180
C	15.362	-27.692	-4.676	180
N	15.798	-26.469	-4.946	181
CA	15.196	-25.669	-5.998	181
C	15.887	-25.913	-7.334	181
N	15.091	-26.178	-8.379	182
CA	15.617	-26.272	-9.742	182
C	16.139	-24.915	-10.191	182
N	17.377	-24.867	-10.663	183
CA	17.986	-23.606	-11.067	183
C	17.868	-23.389	-12.568	183
N	17.249	-22.276	-12.948	184
CA	17.12	-21.913	-14.351	184
C	17.865	-20.616	-14.603	184
N	18.92	-20.691	-15.406	185
CA	19.737	-19.524	-15.688	185
C	19.189	-18.778	-16.887	185
N	18.921	-17.491	-16.7	186
CA	18.449	-16.654	-17.79	186
C	19.619	-15.992	-18.487	186
N	19.805	-16.303	-19.768	187
CA	20.878	-15.692	-20.539	187
C	20.45	-15.569	-21.995	187
N	20.833	-14.469	-22.664	188
CA	20.382	-14.241	-24.042	188
C	20.761	-15.387	-24.977	188
N	21.766	-16.171	-24.594	189
CA	22.24	-17.27	-25.424	189
C	21.71	-18.624	-24.958	189
N	20.767	-18.614	-24.02	190
CA	20.181	-19.841	-23.509	190
C	19.709	-20.788	-24.599	190
N	19.948	-22.082	-24.402	191
CA	19.646	-23.086	-25.419	191
C	18.142	-23.204	-25.663	191
N	17.351	-22.994	-24.614	192
CA	15.902	-23.104	-24.71	192
C	15.219	-21.745	-24.615	192
N	14.04	-21.637	-25.217	193
CA	13.197	-20.465	-24.994	193
C	12.654	-20.528	-23.575	193
N	12.536	-19.378	-22.911	194
CA	12.106	-19.384	-21.516	194
C	10.706	-19.963	-21.341	194
N	9.903	-19.94	-22.404	195
CA	8.597	-20.582	-22.365	195
C	8.69	-22.109	-22.325	195
N	9.844	-22.655	-22.704	196
CA	10.006	-24.107	-22.795	196
C	10.41	-24.754	-21.466	196
N	10.681	-23.938	-20.454	197
CA	11.022	-24.453	-19.142	197
C	9.777	-24.931	-18.425	197
N	9.923	-25.913	-17.537	198
CA	8.796	-26.352	-16.719	198
C	8.919	-25.754	-15.326	198
N	8.054	-24.791	-15.031	199
CA	8.123	-24.063	-13.775	199
C	6.955	-24.43	-12.887	199
N	6.253	-25.498	-13.25	200
CA	5.044	-25.869	-12.534	200
C	5.35	-26.355	-11.119	200
N	6.554	-26.875	-10.915	201
CA	6.929	-27.414	-9.619	201
C	7.881	-26.528	-8.839	201
N	7.913	-25.251	-9.188	202
CA	8.805	-24.335	-8.514	202
C	10.087	-24.129	-9.288	202
N	10.731	-23.001	-9.034	203
CA	11.901	-22.613	-9.792	203
C	12.634	-21.491	-9.076	203
N	13.956	-21.525	-9.147	204
CA	14.752	-20.362	-8.817	204
C	15.404	-19.874	-10.099	204
N	15.022	-18.684	-10.551	205
CA	15.665	-18.076	-11.713	205
C	16.97	-17.395	-11.304	205
N	18.022	-17.614	-12.091	206
CA	19.303	-16.948	-11.896	206
C	19.44	-15.826	-12.917	206
N	19.581	-14.601	-12.426	207
CA	19.614	-13.418	-13.276	207
C	20.796	-12.528	-12.917	207
N	21.626	-12.22	-13.906	208
CA	22.753	-11.328	-13.688	208
C	22.327	-9.873	-13.586	208
N	23.053	-9.097	-12.787	209
CA	22.799	-7.665	-12.68	209
C	23.061	-6.972	-14.019	209
N	22.449	-5.805	-14.212	210
CA	22.603	-5.028	-15.442	210
C	24.079	-4.793	-15.755	210
N	24.431	-4.879	-17.039	211
CA	25.815	-4.763	-17.521	211
C	26.714	-5.899	-17.021	211
N	26.544	-6.295	-15.764	212
CA	27.182	-7.498	-15.253	212
C	26.71	-8.695	-16.066	212
N	27.578	-9.681	-16.229	213
CA	27.177	-10.916	-16.869	213
C	26.651	-11.871	-15.82	213
N	26.37	-13.098	-16.235	214
CA	26.024	-14.154	-15.301	214
C	27.261	-15.018	-15.086	214
N	27.696	-15.166	-13.824	215
CA	28.893	-15.942	-13.471	215
C	28.862	-17.356	-14.042	215
N	29.934	-17.752	-14.723	216
CA	29.984	-19.044	-15.404	216
C	29.705	-20.216	-14.471	216
N	30.152	-20.102	-13.224	217
CA	29.926	-21.147	-12.231	217
C	28.435	-21.338	-11.976	217
N	27.694	-20.237	-11.933	218
CA	26.251	-20.312	-11.756	218
C	25.557	-20.754	-13.046	218
N	25.995	-20.197	-14.171	219
CA	25.421	-20.534	-15.468	219
C	25.565	-22.026	-15.78	219
N	26.737	-22.581	-15.479	220
CA	27.018	-23.995	-15.727	220
C	26.185	-24.907	-14.831	220
N	26.032	-24.508	-13.572	221
CA	25.304	-25.295	-12.58	221
C	23.845	-25.528	-12.941	221
N	23.242	-24.537	-13.591	222
CA	21.801	-24.526	-13.798	222
C	21.313	-25.774	-14.524	222
N	20.11	-26.208	-14.164	223
CA	19.45	-27.344	-14.795	223
C	19.175	-27.055	-16.276	223
N	18.76	-25.826	-16.566	224
CA	18.617	-25.35	-17.943	224
C	18.998	-23.878	-18.064	224
N	19.398	-23.486	-19.269	225
CA	19.623	-22.085	-19.588	225
C	18.557	-21.659	-20.585	225
N	17.862	-20.571	-20.281	226
CA	16.77	-20.126	-21.138	226
C	17.003	-18.699	-21.61	226
N	16.493	-18.375	-22.799	227
CA	16.591	-17.013	-23.324	227
C	15.21	-16.437	-23.571	227
N	15.136	-15.117	-23.519	228
CA	13.982	-14.384	-24.002	228
C	14.287	-13.969	-25.435	228
N	13.397	-14.313	-26.372	229
CA	13.617	-14.014	-27.79	229
C	13.831	-12.527	-28.023	229
N	14.793	-12.183	-28.875	230
CA	15.0	-10.803	-29.284	230
C	14.921	-10.726	-30.803	230
N	13.768	-10.299	-31.309	231
CA	13.49	-10.338	-32.738	231
C	13.932	-9.068	-33.459	231
N	14.374	-8.076	-32.698	232
CA	14.757	-6.805	-33.283	232
C	16.256	-6.595	-33.3	232
N	16.669	-5.333	-33.243	233
CA	18.084	-4.998	-33.305	233
C	18.817	-5.364	-32.013	233
N	18.285	-4.909	-30.88	234
CA	18.924	-5.126	-29.582	234
C	19.142	-6.605	-29.281	234
N	20.116	-6.891	-28.423	235
CA	20.437	-8.27	-28.079	235
C	20.003	-8.626	-26.663	235
N	19.626	-7.615	-25.885	236
CA	19.198	-7.841	-24.507	236
C	18.217	-6.768	-24.027	236
N	17.344	-7.147	-23.095	237
CA	16.395	-6.22	-22.478	237
C	16.913	-5.699	-21.134	237
N	16.299	-4.63	-20.634	238
CA	16.579	-4.146	-19.283	238
C	16.35	-5.244	-18.257	238
N	17.133	-5.231	-17.184	239
CA	17.115	-6.325	-16.214	239
C	15.749	-6.499	-15.532	239
N	15.056	-5.393	-15.26	240
CA	13.759	-5.449	-14.589	240
C	12.696	-6.017	-15.514	240
N	12.835	-5.73	-16.8	241
CA	11.928	-6.267	-17.803	241
C	12.136	-7.775	-17.936	241
N	13.397	-8.186	-18.007	242
CA	13.73	-9.601	-18.044	242
C	13.17	-10.338	-16.837	242
N	13.376	-9.773	-15.65	243
CA	12.875	-10.371	-14.419	243
C	11.363	-10.551	-14.463	243
N	10.657	-9.526	-14.926	244
CA	9.208	-9.593	-15.002	244
C	8.748	-10.688	-15.969	244
N	9.378	-10.763	-17.14	245
CA	8.986	-11.759	-18.131	245
C	9.172	-13.183	-17.596	245
N	10.309	-13.444	-16.96	246
CA	10.574	-14.755	-16.382	246
C	9.565	-15.13	-15.313	246
N	9.378	-14.238	-14.343	247
CA	8.509	-14.528	-13.211	247
C	7.054	-14.703	-13.63	247
N	6.59	-13.898	-14.58	248
CA	5.197	-14.01	-14.992	248
C	4.959	-15.229	-15.879	248
N	6.004	-15.709	-16.543	249
CA	5.894	-16.961	-17.289	249
C	5.74	-18.121	-16.316	249
N	6.494	-18.077	-15.222	250
CA	6.337	-19.086	-14.182	250
C	4.92	-19.025	-13.625	250
N	4.431	-17.814	-13.379	251
CA	3.09	-17.632	-12.841	251
C	2.03	-18.135	-13.82	251
N	2.28	-17.969	-15.12	252
CA	1.357	-18.469	-16.138	252
C	1.208	-19.976	-16.031	252
N	2.329	-20.659	-15.844	253
CA	2.312	-22.114	-15.755	253
C	1.686	-22.601	-14.448	253
N	1.909	-21.871	-13.36	254
CA	1.234	-22.171	-12.1	254
C	-0.273	-21.999	-12.227	254
N	-0.686	-21.113	-13.124	255
CA	-2.088	-20.756	-13.245	255
C	-2.829	-21.658	-14.23	255
N	-2.175	-22.73	-14.66	256
CA	-2.812	-23.701	-15.531	256
C	-2.188	-23.781	-16.91	256
N	-1.22	-22.909	-17.175	257
CA	-0.544	-22.905	-18.458	257
C	0.48	-24.02	-18.575	257
N	0.674	-24.523	-19.787	258
CA	1.663	-25.568	-20.021	258
C	2.897	-24.986	-20.698	258
N	4.067	-25.599	-20.466	259
CA	5.291	-25.173	-21.154	259
C	5.15	-25.247	-22.674	259
N	5.952	-24.461	-23.388	260
CA	5.93	-24.46	-24.848	260
C	6.71	-25.648	-25.416	260
N	37.84	19.242	-40.955	1
CA	38.589	20.156	-40.096	1
C	38.408	19.787	-38.63	1
N	39.1	20.5	-37.743	2
CA	38.894	20.331	-36.308	2
C	38.516	21.651	-35.656	2
N	37.509	21.616	-34.792	3
CA	37.079	22.825	-34.11	3
C	37.421	22.787	-32.629	3
N	38.169	23.795	-32.188	4
CA	38.617	23.867	-30.807	4
C	37.614	24.55	-29.873	4
N	37.118	25.723	-30.259	5
CA	36.343	26.546	-29.323	5
C	34.866	26.187	-29.249	5
N	34.337	26.074	-28.023	6
CA	32.909	25.822	-27.838	6
C	32.065	27.022	-28.261	6
N	32.714	28.155	-28.518	7
CA	32.015	29.355	-28.959	7
C	31.967	29.472	-30.48	7
N	32.632	28.553	-31.177	8
CA	32.59	28.522	-32.634	8
C	31.145	28.44	-33.114	8
N	30.787	29.264	-34.111	9
CA	29.39	29.263	-34.575	9
C	28.851	27.886	-35.002	9
N	29.703	26.994	-35.513	10
CA	29.256	25.659	-35.921	10
C	28.861	24.833	-34.708	10
N	29.677	24.938	-33.67	11
CA	29.414	24.286	-32.407	11
C	28.112	24.791	-31.792	11
N	27.918	26.109	-31.788	12
CA	26.672	26.67	-31.279	12
C	25.454	26.143	-32.05	12
N	25.579	26.053	-33.367	13
CA	24.496	25.534	-34.212	13
C	24.179	24.069	-33.904	13
N	25.231	23.277	-33.725	14
CA	25.08	21.876	-33.363	14
C	24.442	21.731	-31.985	14
N	24.861	22.563	-31.035	15
CA	24.307	22.518	-29.686	15
C	22.834	22.912	-29.676	15
N	22.457	23.803	-30.587	16
CA	21.081	24.28	-30.657	16
C	20.105	23.151	-31.025	16
N	20.615	22.077	-31.621	17
CA	19.76	20.961	-32.027	17
C	19.172	20.2	-30.835	17
N	19.556	20.58	-29.616	18
CA	18.971	19.997	-28.41	18
C	17.488	20.316	-28.291	18
N	17.068	21.403	-28.929	19
CA	15.683	21.858	-28.841	19
C	14.846	21.336	-30.0	19
N	13.63	20.876	-29.707	20
CA	12.747	20.364	-30.754	20
C	12.49	21.398	-31.844	20
N	12.237	22.64	-31.442	21
CA	11.946	23.703	-32.403	21
C	13.08	23.905	-33.407	21
N	14.316	23.722	-32.952	22
CA	15.46	23.905	-33.832	22
C	15.584	22.729	-34.8	22
N	15.267	21.53	-34.313	23
CA	15.253	20.343	-35.161	23
C	14.239	20.514	-36.294	23
N	13.053	21.013	-35.953	24
CA	12.01	21.271	-36.957	24
C	12.417	22.346	-37.957	24
N	13.046	23.405	-37.452	25
CA	13.477	24.524	-38.29	25
C	14.535	24.087	-39.288	25
N	15.541	23.37	-38.788	26
CA	16.664	22.94	-39.608	26
C	16.39	21.668	-40.406	26
N	15.422	20.873	-39.959	27
CA	15.171	19.578	-40.567	27
C	16.315	18.622	-40.267	27
N	16.949	18.814	-39.114	28
CA	18.115	18.022	-38.721	28
C	18.006	17.615	-37.263	28
N	18.673	16.527	-36.898	29
CA	18.748	16.142	-35.495	29
C	20.044	15.398	-35.22	29
N	20.475	15.457	-33.968	30
CA	21.719	14.854	-33.541	30
C	21.496	13.465	-32.939	30
N	22.3	12.513	-33.391	31
CA	22.31	11.163	-32.836	31
C	23.637	10.94	-32.109	31
N	23.587	10.821	-30.781	32
CA	24.798	10.655	-29.975	32
C	25.042	9.199	-29.6	32
N	26.287	8.753	-29.754	33
CA	26.635	7.381	-29.438	33
C	26.972	6.578	-30.678	33
N	28.078	5.848	-30.61	34
CA	28.517	4.995	-31.699	34
C	27.435	3.986	-32.095	34
N	26.853	3.338	-31.092	35
CA	25.806	2.344	-31.325	35
C	24.57	2.99	-31.953	35
N	24.173	4.126	-31.403	36
CA	22.983	4.821	-31.873	36
C	23.17	5.306	-33.311	36
N	24.376	5.752	-33.639	37
CA	24.654	6.205	-35.002	37
C	24.602	5.037	-35.976	37
N	25.161	3.898	-35.57	38
CA	25.119	2.7	-36.404	38
C	23.671	2.27	-36.648	38
N	22.842	2.365	-35.609	39
CA	21.421	2.021	-35.716	39
C	20.662	2.95	-36.666	39
N	20.995	4.236	-36.63	40
CA	20.321	5.196	-37.484	40
C	20.72	4.942	-38.929	40
N	21.992	4.611	-39.137	41
CA	22.498	4.345	-40.479	41
C	21.85	3.095	-41.055	41
N	21.784	2.056	-40.23	42
CA	21.21	0.775	-40.614	42
C	19.742	0.937	-40.99	42
N	19.075	1.85	-40.291	43
CA	17.65	2.091	-40.478	43
C	17.356	2.894	-41.741	43
N	18.408	3.373	-42.398	44
CA	18.274	4.081	-43.658	44
C	18.149	5.592	-43.536	44
N	18.464	6.142	-42.367	45
CA	18.436	7.593	-42.18	45
C	19.668	8.241	-42.825	45
N	19.516	9.473	-43.292	46
CA	20.552	10.143	-44.075	46
C	21.519	10.935	-43.189	46
N	22.78	10.515	-43.186	47
CA	23.814	11.176	-42.41	47
C	24.381	12.367	-43.174	47
N	24.37	13.549	-42.567	48
CA	24.93	14.726	-43.227	48
C	26.328	15.054	-42.698	48
N	26.514	14.91	-41.393	49
CA	27.808	15.198	-40.78	49
C	28.128	14.218	-39.674	49
N	29.314	13.62	-39.744	50
CA	29.802	12.778	-38.666	50
C	30.664	13.619	-37.726	50
N	30.389	13.552	-36.427	51
CA	31.181	14.283	-35.436	51
C	32.062	13.306	-34.661	51
N	33.349	13.617	-34.539	52
CA	34.258	12.744	-33.808	52
C	34.966	13.52	-32.712	52
N	34.889	13.002	-31.49	53
CA	35.579	13.596	-30.362	53
C	37.04	13.184	-30.318	53
N	37.786	13.752	-29.37	54
CA	39.231	13.506	-29.288	54
C	39.579	12.052	-28.947	54
N	38.647	11.294	-28.372	55
CA	38.915	9.887	-28.06	55
C	38.205	8.914	-29.015	55
N	37.768	9.404	-30.176	56
CA	37.164	8.535	-31.187	56
C	38.157	7.483	-31.679	56
N	37.633	6.414	-32.266	57
CA	38.455	5.302	-32.753	57
C	38.627	5.406	-34.268	57
N	39.716	4.835	-34.813	58
CA	39.908	4.982	-36.26	58
C	38.755	4.366	-37.058	58
N	38.134	3.31	-36.531	59
CA	37.012	2.647	-37.203	59
C	35.809	3.569	-37.376	59
N	35.658	4.518	-36.457	60
CA	34.513	5.432	-36.479	60
C	34.448	6.241	-37.774	60
N	35.604	6.476	-38.39	61
CA	35.639	7.197	-39.655	61
C	34.896	6.468	-40.771	61
N	34.821	5.141	-40.689	62
CA	34.155	4.362	-41.728	62
C	32.648	4.589	-41.733	62
N	32.134	5.166	-40.65	63
CA	30.703	5.438	-40.534	63
C	30.258	6.605	-41.404	63
N	31.218	7.399	-41.873	64
CA	30.907	8.641	-42.579	64
C	30.233	8.404	-43.926	64
N	30.646	7.351	-44.628	65
CA	30.114	7.055	-45.949	65
C	30.042	8.252	-46.89	65
N	31.091	9.068	-46.905	66
CA	31.136	10.216	-47.795	66
C	30.7	11.54	-47.183	66
N	30.006	11.481	-46.05	67
CA	29.584	12.694	-45.36	67
C	30.791	13.481	-44.832	67
N	30.573	14.749	-44.509	68
CA	31.6	15.548	-43.857	68
C	31.966	14.939	-42.513	68
N	33.26	14.914	-42.221	69
CA	33.73	14.527	-40.899	69
C	34.25	15.758	-40.186	69
N	33.687	16.025	-39.014	70
CA	34.081	17.175	-38.216	70
C	34.68	16.717	-36.891	70
N	35.919	17.113	-36.604	71
CA	36.514	16.757	-35.322	71
C	36.25	17.848	-34.3	71
N	35.938	17.433	-33.08	72
CA	35.637	18.382	-32.018	72
C	36.619	18.222	-30.873	72
N	36.991	19.347	-30.278	73
CA	37.795	19.347	-29.067	73
C	36.951	18.814	-27.929	73
N	37.595	18.492	-26.813	74
CA	36.884	18.035	-25.63	74
C	35.824	19.051	-25.196	74
N	36.187	20.334	-25.196	75
CA	35.262	21.393	-24.783	75
C	34.138	21.61	-25.793	75
N	34.48	21.582	-27.075	76
CA	33.48	21.682	-28.134	76
C	32.511	20.494	-28.076	76
N	33.058	19.298	-27.897	77
CA	32.232	18.101	-27.77	77
C	31.254	18.195	-26.601	77
N	31.729	18.698	-25.467	78
CA	30.889	18.822	-24.277	78
C	29.725	19.78	-24.514	78
N	29.957	20.81	-25.326	79
CA	28.904	21.776	-25.636	79
C	27.78	21.141	-26.462	79
N	28.142	20.282	-27.409	80
CA	27.169	19.675	-28.318	80
C	26.433	18.51	-27.658	80
N	27.111	17.833	-26.739	81
CA	26.58	16.611	-26.136	81
C	25.441	16.877	-25.158	81
N	24.513	15.931	-25.065	82
CA	23.491	15.979	-24.025	82
C	23.79	15.0	-22.9	82
N	24.996	14.449	-22.878	83
CA	25.324	13.488	-21.832	83
C	26.287	14.044	-20.795	83
N	26.247	13.41	-19.628	84
CA	27.181	13.635	-18.538	84
C	28.627	13.524	-19.031	84
N	28.957	12.367	-19.592	85
CA	30.199	12.201	-20.326	85
C	29.863	11.926	-21.783	85
N	30.303	12.817	-22.684	86
CA	29.911	12.764	-24.096	86
C	30.339	11.484	-24.788	86
N	29.512	10.985	-25.701	87
CA	29.967	9.961	-26.631	87
C	30.984	10.59	-27.576	87
N	31.864	9.765	-28.134	88
CA	32.942	10.259	-28.979	88
C	32.58	10.167	-30.454	88
N	31.395	9.627	-30.729	89
CA	30.853	9.548	-32.082	89
C	29.429	10.093	-32.084	89
N	29.149	11.041	-32.971	90
CA	27.801	11.587	-33.106	90
C	27.515	11.794	-34.581	90
N	26.24	11.86	-34.944	91
CA	25.904	12.096	-36.332	91
C	24.799	13.123	-36.45	91
N	24.939	14.037	-37.404	92
CA	23.844	14.927	-37.76	92
C	23.075	14.286	-38.905	92
N	21.81	13.954	-38.652	93
CA	20.967	13.279	-39.632	93
C	19.814	14.154	-40.087	93
N	19.309	13.888	-41.287	94
CA	18.087	14.539	-41.733	94
C	16.913	14.004	-40.928	94
N	16.08	14.925	-40.449	95
CA	14.87	14.598	-39.703	95
C	13.777	14.142	-40.666	95
N	13.45	12.841	-40.663	96
CA	12.471	12.339	-41.629	96
C	11.052	12.723	-41.237	96
N	10.172	12.837	-42.22	97
CA	8.763	13.033	-41.926	97
C	8.127	11.655	-41.873	97
N	7.374	11.397	-40.81	98
CA	6.776	10.086	-40.599	98
C	5.263	10.186	-40.721	98
N	4.661	9.176	-41.334	99
CA	3.239	9.212	-41.632	99
C	2.681	7.816	-41.832	99
N	1.462	7.591	-41.353	100
CA	0.814	6.295	-41.515	100
C	0.259	6.107	-42.923	100
N	0.293	7.167	-43.73	101
CA	-0.201	7.084	-45.104	101
C	0.433	5.902	-45.848	101
N	-0.413	4.996	-46.334	102
CA	0.041	3.88	-47.143	102
C	0.778	2.781	-46.397	102
N	0.899	2.917	-45.077	103
CA	1.521	1.877	-44.263	103
C	0.657	0.622	-44.291	103
N	1.255	-0.514	-44.625	104
CA	0.52	-1.775	-44.617	104
C	1.087	-2.702	-43.55	104
N	0.216	-3.49	-42.927	105
CA	0.652	-4.42	-41.888	105
C	0.796	-5.842	-42.414	105
N	1.84	-6.525	-41.954	106
CA	2.034	-7.923	-42.286	106
C	0.981	-8.802	-41.633	106
N	1.089	-10.109	-41.846	107
CA	0.09	-11.053	-41.349	107
C	0.102	-11.145	-39.829	107
N	-1.088	-11.311	-39.248	108
CA	-1.275	-11.464	-37.798	108
C	-0.404	-10.493	-37.001	108
N	-0.604	-9.192	-37.231	109
CA	0.339	-8.195	-36.719	109
C	0.201	-7.975	-35.224	109
N	1.33	-7.666	-34.615	110
CA	1.394	-7.317	-33.214	110
C	1.488	-5.808	-33.116	110
N	0.438	-5.187	-32.591	111
CA	0.351	-3.734	-32.57	111
C	0.22	-3.223	-31.143	111
N	0.977	-2.178	-30.817	112
CA	0.849	-1.551	-29.51	112
C	0.399	-0.106	-29.683	112
N	-0.703	0.238	-29.03	113
CA	-1.225	1.6	-29.07	113
C	-1.027	2.245	-27.704	113
N	-0.059	3.157	-27.622	114
CA	0.251	3.856	-26.376	114
C	-0.511	5.166	-26.313	114
N	-1.556	5.207	-25.493	115
CA	-2.451	6.356	-25.453	115
C	-1.968	7.444	-24.49	115
N	-1.815	8.663	-25.009	116
CA	-1.44	9.814	-24.203	116
C	0.059	10.087	-24.235	116
N	0.451	11.314	-23.903	117
CA	1.869	11.673	-23.866	117
C	2.617	10.861	-22.815	117
N	3.806	10.381	-23.167	118
CA	4.596	9.571	-22.241	118
C	5.958	10.216	-21.997	118
N	6.496	10.026	-20.797	119
CA	7.814	10.556	-20.45	119
C	8.915	9.796	-21.192	119
N	10.015	10.489	-21.547	120
CA	11.062	9.896	-22.391	120
C	11.678	8.624	-21.81	120
N	11.758	8.528	-20.486	121
CA	12.314	7.349	-19.841	121
C	11.466	6.112	-20.077	121
N	10.193	6.205	-19.695	122
CA	9.219	5.16	-19.998	122
C	9.159	4.859	-21.491	122
N	9.145	5.918	-22.293	123
CA	8.96	5.764	-23.73	123
C	10.099	4.945	-24.338	123
N	11.328	5.262	-23.943	124
CA	12.482	4.524	-24.411	124
C	12.358	3.057	-24.054	124
N	11.961	2.785	-22.814	125
CA	11.873	1.416	-22.342	125
C	10.771	0.662	-23.09	125
N	9.672	1.352	-23.381	126
CA	8.583	0.735	-24.134	126
C	9.032	0.367	-25.546	126
N	9.74	1.283	-26.206	127
CA	10.26	1.017	-27.542	127
C	11.243	-0.156	-27.561	127
N	12.067	-0.277	-26.523	128
CA	12.995	-1.402	-26.444	128
C	12.254	-2.728	-26.359	128
N	11.183	-2.749	-25.572	129
CA	10.351	-3.945	-25.423	129
C	9.691	-4.315	-26.75	129
N	9.171	-3.306	-27.438	130
CA	8.539	-3.512	-28.738	130
C	9.55	-4.022	-29.753	130
N	10.765	-3.487	-29.683	131
CA	11.855	-3.958	-30.528	131
C	12.136	-5.442	-30.269	131
N	12.282	-5.795	-28.997	132
CA	12.559	-7.168	-28.612	132
C	11.488	-8.153	-29.052	132
N	10.22	-7.798	-28.845	133
CA	9.113	-8.677	-29.199	133
C	8.853	-8.726	-30.709	133
N	9.422	-7.785	-31.456	134
CA	9.177	-7.723	-32.888	134
C	7.81	-7.151	-33.248	134
N	7.379	-6.114	-32.53	135
CA	6.095	-5.457	-32.821	135
C	6.05	-4.94	-34.255	135
N	4.908	-5.137	-34.914	136
CA	4.727	-4.708	-36.301	136
C	4.395	-3.225	-36.439	136
N	3.916	-2.63	-35.359	137
CA	3.484	-1.239	-35.359	137
C	3.357	-0.747	-33.926	137
N	3.88	0.439	-33.661	138
CA	3.625	1.121	-32.401	138
C	3.014	2.487	-32.719	138
N	1.838	2.768	-32.17	139
CA	1.23	4.076	-32.348	139
C	1.404	4.853	-31.054	139
N	1.897	6.081	-31.149	140
CA	2.018	6.929	-29.976	140
C	1.214	8.209	-30.184	140
N	1.047	8.978	-29.113	141
CA	0.226	10.188	-29.15	141
C	0.783	11.209	-30.137	141
N	-0.098	12.084	-30.61	142
CA	0.212	12.988	-31.704	142
C	1.447	13.867	-31.459	142
N	1.608	14.349	-30.232	143
CA	2.687	15.275	-29.923	143
C	3.981	14.627	-29.458	143
N	4.047	13.301	-29.515	144
CA	5.24	12.597	-29.036	144
C	6.426	12.821	-29.955	144
N	7.561	13.192	-29.355	145
CA	8.803	13.465	-30.072	145
C	9.703	12.234	-30.042	145
N	9.922	11.639	-31.206	146
CA	10.646	10.376	-31.309	146
C	12.109	10.595	-31.643	146
N	12.493	11.858	-31.784	147
CA	13.848	12.195	-32.218	147
C	14.586	13.059	-31.201	147
N	14.06	13.124	-29.986	148
CA	14.729	13.861	-28.924	148
C	15.959	13.08	-28.479	148
N	16.97	13.779	-27.948	149
CA	18.148	13.065	-27.437	149
C	17.775	12.005	-26.396	149
N	16.805	12.326	-25.544	150
CA	16.394	11.418	-24.48	150
C	15.787	10.114	-25.001	150
N	14.895	10.191	-25.989	151
CA	14.274	8.981	-26.534	151
C	15.301	8.145	-27.294	151
N	16.192	8.815	-28.014	152
CA	17.234	8.106	-28.74	152
C	18.136	7.377	-27.752	152
N	18.512	8.077	-26.687	153
CA	19.365	7.504	-25.646	153
C	18.683	6.347	-24.925	153
N	17.48	6.597	-24.415	154
CA	16.781	5.605	-23.592	154
C	16.302	4.373	-24.361	154
N	16.166	4.49	-25.678	155
CA	15.794	3.34	-26.495	155
C	17.037	2.635	-27.048	155
N	18.215	3.134	-26.675	156
CA	19.493	2.724	-27.27	156
C	19.428	2.677	-28.802	156
N	18.686	3.61	-29.393	157
CA	18.578	3.682	-30.835	157
C	17.575	2.722	-31.448	157
N	16.842	1.988	-30.616	158
CA	15.821	1.072	-31.129	158
C	14.681	1.825	-31.823	158
N	14.511	3.096	-31.477	159
CA	13.476	3.918	-32.089	159
C	13.612	3.964	-33.621	159
N	14.838	3.863	-34.14	160
CA	15.071	4.092	-35.568	160
C	14.521	3.015	-36.516	160
N	14.673	1.746	-36.164	161
CA	14.196	0.666	-37.032	161
C	12.722	0.326	-36.77	161
N	12.242	0.672	-35.583	162
CA	10.88	0.331	-35.179	162
C	9.838	1.088	-36.004	162
N	8.748	0.405	-36.403	163
CA	7.613	1.064	-37.063	163
C	6.764	1.843	-36.064	163
N	7.207	3.037	-35.698	164
CA	6.511	3.79	-34.669	164
C	6.098	5.158	-35.209	164
N	4.843	5.508	-34.956	165
CA	4.22	6.7	-35.52	165
C	3.425	7.481	-34.482	165
N	3.697	8.789	-34.368	166
CA	2.844	9.685	-33.587	166
C	1.573	9.979	-34.375	166
N	0.405	9.691	-33.808	167
CA	-0.856	9.917	-34.514	167
C	-1.952	10.364	-33.556	167
N	-2.862	11.201	-34.049	168
CA	-4.033	11.602	-33.278	168
C	-4.898	10.372	-33.027	168
N	-5.648	10.375	-31.93	169
CA	-6.44	9.204	-31.573	169
C	-7.468	8.876	-32.65	169
N	-8.041	9.909	-33.261	170
CA	-9.05	9.72	-34.29	170
C	-8.49	8.967	-35.477	170
N	-7.351	9.434	-35.978	171
CA	-6.657	8.771	-37.075	171
C	-6.257	7.331	-36.722	171
N	-5.783	7.138	-35.496	172
CA	-5.381	5.817	-35.041	172
C	-6.573	4.864	-35.061	172
N	-7.691	5.319	-34.499	173
CA	-8.918	4.525	-34.458	173
C	-9.368	4.096	-35.845	173
N	-9.31	5.016	-36.798	174
CA	-9.76	4.727	-38.151	174
C	-8.806	3.767	-38.849	174
N	-7.511	3.953	-38.619	175
CA	-6.512	3.048	-39.173	175
C	-6.7	1.619	-38.659	175
N	-6.867	1.468	-37.353	176
CA	-7.036	0.145	-36.76	176
C	-8.341	-0.503	-37.215	176
N	-9.379	0.313	-37.374	177
CA	-10.68	-0.196	-37.804	177
C	-10.592	-0.883	-39.162	177
N	-9.677	-0.422	-40.012	178
CA	-9.546	-1.001	-41.347	178
C	-9.084	-2.457	-41.324	178
N	-8.469	-2.875	-40.225	179
CA	-7.948	-4.235	-40.113	179
C	-8.855	-5.139	-39.291	179
N	-8.934	-6.407	-39.678	180
CA	-9.65	-7.394	-38.873	180
C	-8.802	-7.791	-37.67	180
N	-8.696	-6.875	-36.713	181
CA	-7.819	-7.021	-35.556	181
C	-8.581	-6.694	-34.289	181
N	-8.465	-7.545	-33.267	182
CA	-9.158	-7.229	-32.019	182
C	-8.447	-6.122	-31.246	182
N	-9.205	-5.168	-30.718	183
CA	-8.669	-4.213	-29.762	183
C	-8.705	-4.828	-28.373	183
N	-7.546	-4.919	-27.742	184
CA	-7.45	-5.486	-26.408	184
C	-6.892	-4.441	-25.45	184
N	-7.72	-4.01	-24.506	185
CA	-7.321	-2.957	-23.567	185
C	-6.642	-3.535	-22.34	185
N	-5.446	-3.042	-22.032	186
CA	-4.757	-3.461	-20.821	186
C	-5.171	-2.552	-19.68	186
N	-5.575	-3.145	-18.566	187
CA	-5.913	-2.379	-17.37	187
C	-5.929	-3.314	-16.174	187
N	-5.452	-2.836	-15.014	188
CA	-5.423	-3.714	-13.84	188
C	-6.829	-4.139	-13.429	188
N	-7.838	-3.413	-13.901	189
CA	-9.234	-3.721	-13.605	189
C	-9.858	-4.643	-14.651	189
N	-9.055	-5.106	-15.606	190
CA	-9.56	-5.946	-16.678	190
C	-10.216	-7.229	-16.199	190
N	-11.286	-7.622	-16.885	191
CA	-12.106	-8.767	-16.498	191
C	-11.44	-10.12	-16.783	191
N	-10.55	-10.154	-17.766	192
CA	-9.836	-11.381	-18.115	192
C	-8.347	-11.251	-17.8	192
N	-7.69	-12.365	-17.494	193
CA	-6.228	-12.39	-17.439	193
C	-5.679	-12.189	-18.848	193
N	-4.518	-11.558	-18.979	194
CA	-4.023	-11.26	-20.319	194
C	-3.67	-12.557	-21.057	194
N	-3.386	-13.616	-20.304	195
CA	-3.116	-14.924	-20.9	195
C	-4.344	-15.527	-21.578	195
N	-5.532	-15.072	-21.194	196
CA	-6.767	-15.638	-21.729	196
C	-7.167	-15.06	-23.086	196
N	-6.589	-13.92	-23.459	197
CA	-6.876	-13.329	-24.756	197
C	-6.348	-14.215	-25.87	197
N	-6.971	-14.156	-27.043	198
CA	-6.485	-14.935	-28.182	198
C	-5.8	-14.001	-29.16	198
N	-4.47	-14.061	-29.191	199
CA	-3.674	-13.148	-30.0	199
C	-3.116	-13.842	-31.235	199
N	-3.568	-15.072	-31.481	200
CA	-2.981	-15.887	-32.539	200
C	-3.184	-15.31	-33.937	200
N	-4.237	-14.524	-34.129	201
CA	-4.451	-13.871	-35.412	201
C	-4.039	-12.406	-35.416	201
N	-3.244	-12.011	-34.427	202
CA	-2.842	-10.62	-34.3	202
C	-3.635	-9.909	-33.219	202
N	-3.138	-8.759	-32.783	203
CA	-3.778	-8.021	-31.711	203
C	-3.286	-6.577	-31.707	203
N	-4.182	-5.657	-31.378	204
CA	-3.769	-4.295	-31.081	204
C	-4.003	-4.053	-29.606	204
N	-2.921	-4.03	-28.832	205
CA	-3.025	-3.723	-27.411	205
C	-3.213	-2.227	-27.194	205
N	-4.141	-1.876	-26.306	206
CA	-4.376	-0.508	-25.879	206
C	-3.775	-0.297	-24.495	206
N	-2.798	0.6	-24.405	207
CA	-2.058	0.813	-23.164	207
C	-1.937	2.3	-22.87	207
N	-2.408	2.727	-21.703	208
CA	-2.3	4.129	-21.337	208
C	-0.921	4.504	-20.818	208
N	-0.49	5.722	-21.122	209
CA	0.76	6.253	-20.588	209
C	0.703	6.34	-19.058	209
N	1.87	6.314	-18.424	210
CA	1.989	6.188	-16.967	210
C	1.081	7.097	-16.141	210
N	1.052	8.383	-16.45	211
CA	0.314	9.295	-15.586	211
C	-1.107	9.535	-16.067	211
N	-1.392	9.111	-17.289	212
CA	-2.694	9.345	-17.894	212
C	-3.616	8.139	-17.701	212
N	-3.055	6.945	-17.865	213
CA	-3.825	5.719	-17.766	213
C	-4.691	5.517	-18.996	213
N	-5.421	4.412	-19.026	214
CA	-6.273	4.106	-20.167	214
C	-7.535	4.967	-20.158	214
N	-7.778	5.712	-21.244	215
CA	-8.968	6.562	-21.377	215
C	-10.241	5.722	-21.354	215
N	-11.285	6.186	-20.679	216
CA	-12.495	5.374	-20.553	216
C	-13.089	5.002	-21.911	216
N	-13.018	5.922	-22.87	217
CA	-13.581	5.681	-24.197	217
C	-12.927	4.48	-24.866	217
N	-11.604	4.391	-24.76	218
CA	-10.88	3.271	-25.355	218
C	-11.16	1.964	-24.612	218
N	-11.249	2.041	-23.29	219
CA	-11.568	0.874	-22.477	219
C	-12.935	0.309	-22.863	219
N	-13.874	1.216	-23.091	220
CA	-15.254	0.881	-23.41	220
C	-15.393	0.11	-24.722	220
N	-14.746	0.604	-25.772	221
CA	-14.909	0.019	-27.096	221
C	-14.046	-1.215	-27.349	221
N	-13.121	-1.521	-26.44	222
CA	-12.263	-2.694	-26.618	222
C	-13.099	-3.973	-26.69	222
N	-12.614	-4.96	-27.436	223
CA	-13.282	-6.25	-27.539	223
C	-13.166	-7.0	-26.216	223
N	-12.031	-6.829	-25.546	224
CA	-11.823	-7.404	-24.221	224
C	-10.918	-6.473	-23.419	224
N	-11.081	-6.467	-22.1	225
CA	-10.134	-5.788	-21.223	225
C	-9.384	-6.849	-20.418	225
N	-8.059	-6.794	-20.451	226
CA	-7.247	-7.791	-19.781	226
C	-6.38	-7.17	-18.706	226
N	-6.13	-7.937	-17.654	227
CA	-5.246	-7.493	-16.592	227
C	-4.047	-8.404	-16.516	227
N	-2.923	-7.85	-16.096	228
CA	-1.811	-8.669	-15.655	228
C	-2.026	-8.867	-14.162	228
N	-1.997	-10.122	-13.699	229
CA	-2.314	-10.406	-12.292	229
C	-1.339	-9.733	-11.341	229
N	-1.843	-9.16	-10.253	230
CA	-0.996	-8.605	-9.206	230
C	-1.191	-9.435	-7.941	230
N	-0.115	-10.051	-7.46	231
CA	-0.218	-11.034	-6.384	231
C	0.542	-10.636	-5.122	231
N	0.916	-9.368	-5.037	232
CA	1.623	-8.85	-3.883	232
C	0.997	-7.544	-3.43	232
N	1.815	-6.647	-2.895	233
CA	1.303	-5.41	-2.305	233
C	1.063	-4.334	-3.359	233
N	1.86	-4.352	-4.423	234
CA	1.754	-3.337	-5.471	234
C	0.45	-3.45	-6.247	234
N	-0.124	-2.313	-6.621	235
CA	-1.415	-2.342	-7.295	235
C	-1.256	-2.308	-8.81	235
N	-0.06	-1.976	-9.283	236
CA	0.178	-1.899	-10.722	236
C	1.656	-2.012	-11.068	236
N	1.931	-2.304	-12.332	237
CA	3.306	-2.418	-12.812	237
C	3.697	-1.153	-13.556	237
N	4.998	-0.947	-13.735	238
CA	5.479	0.132	-14.583	238
C	4.982	-0.065	-16.013	238
N	4.73	1.032	-16.719	239
CA	4.092	0.962	-18.033	239
C	4.932	0.175	-19.051	239
N	6.256	0.266	-18.945	240
CA	7.125	-0.416	-19.897	240
C	7.175	-1.919	-19.626	240
N	7.166	-2.277	-18.351	241
CA	7.099	-3.667	-17.953	241
C	5.777	-4.258	-18.444	241
N	4.693	-3.501	-18.277	242
CA	3.378	-3.925	-18.772	242
C	3.405	-4.155	-20.28	242
N	3.984	-3.206	-21.008	243
CA	4.082	-3.334	-22.457	243
C	4.839	-4.6	-22.853	243
N	5.975	-4.862	-22.204	244
CA	6.761	-6.066	-22.506	244
C	5.974	-7.348	-22.257	244
N	5.312	-7.424	-21.106	245
CA	4.559	-8.619	-20.744	245
C	3.477	-8.914	-21.779	245
N	2.78	-7.874	-22.223	246
CA	1.72	-8.036	-23.21	246
C	2.275	-8.515	-24.549	246
N	3.32	-7.849	-25.018	247
CA	3.875	-8.166	-26.33	247
C	4.478	-9.568	-26.364	247
N	5.144	-9.961	-25.283	248
CA	5.757	-11.28	-25.247	248
C	4.719	-12.382	-25.057	248
N	3.583	-12.052	-24.457	249
CA	2.493	-13.026	-24.415	249
C	1.929	-13.243	-25.821	249
N	1.765	-12.174	-26.598	250
CA	1.326	-12.346	-27.982	250
C	2.366	-13.137	-28.77	250
N	3.64	-12.864	-28.505	251
CA	4.718	-13.6	-29.157	251
C	4.667	-15.084	-28.787	251
N	4.4	-15.38	-27.518	252
CA	4.296	-16.767	-27.072	252
C	3.204	-17.514	-27.851	252
N	2.069	-16.859	-28.054	253
CA	0.976	-17.482	-28.792	253
C	1.292	-17.61	-30.282	253
N	1.984	-16.624	-30.836	254
CA	2.41	-16.703	-32.232	254
C	3.38	-17.871	-32.415	254
N	4.079	-18.212	-31.338	255
CA	5.102	-19.252	-31.37	255
C	4.517	-20.634	-31.095	255
N	3.204	-20.693	-30.89	256
CA	2.511	-21.954	-30.706	256
C	1.915	-22.16	-29.326	256
N	2.082	-21.184	-28.441	257
CA	1.471	-21.267	-27.122	257
C	-0.041	-21.119	-27.173	257
N	-0.74	-21.867	-26.326	258
CA	-2.195	-21.813	-26.293	258
C	-2.667	-20.704	-25.364	258
N	-3.755	-20.013	-25.731	259
CA	-4.345	-19.074	-24.774	259
C	-4.759	-19.822	-23.514	259
N	-4.753	-19.155	-22.37	260
CA	-5.143	-19.798	-21.125	260
C	-6.658	-19.957	-21.035	260
