ATOM	X	Y	Z	RESIDUE
N	32.133	1.304	7.989	1
CA	31.126	1.844	8.962	1
C	30.33	0.688	9.593	1
N	29.42	1.057	10.455	2
CA	28.748	0.102	11.304	2
C	27.743	-0.715	10.492	2
N	27.462	-1.908	11.004	3
CA	26.465	-2.786	10.387	3
C	26.159	-3.957	11.286	3
N	25.904	-5.119	10.688	4
CA	25.53	-6.303	11.409	4
C	26.342	-7.507	10.979	4
N	27.497	-7.238	10.385	5
CA	28.342	-8.295	9.888	5
C	29.341	-8.745	10.918	5
N	30.251	-9.627	10.472	6
CA	31.27	-10.189	11.328	6
C	32.191	-9.128	11.915	6
N	32.511	-8.107	11.129	7
CA	33.526	-7.195	11.527	7
C	33.046	-5.831	11.929	7
N	31.738	-5.592	11.807	8
CA	31.202	-4.274	12.047	8
C	29.872	-4.301	12.823	8
N	29.588	-5.432	13.443	9
CA	28.31	-5.665	14.105	9
C	28.252	-5.047	15.499	9
N	27.142	-5.305	16.21	10
CA	26.863	-4.633	17.461	10
C	27.971	-4.637	18.489	10
N	28.795	-5.683	18.526	11
CA	29.885	-5.741	19.507	11
C	31.024	-4.747	19.194	11
N	31.02	-4.207	17.992	12
CA	31.999	-3.24	17.571	12
C	31.552	-1.803	17.698	12
N	30.244	-1.577	17.864	13
CA	29.707	-0.232	17.756	13
C	30.277	0.767	18.736	13
N	30.643	0.28	19.911	14
CA	31.155	1.105	20.975	14
C	32.396	1.876	20.613	14
N	33.135	1.379	19.606	15
CA	34.396	2.071	19.197	15
C	34.116	3.398	18.552	15
N	33.056	3.493	17.756	16
CA	32.657	4.765	17.186	16
C	31.613	5.509	18.006	16
N	30.819	4.762	18.787	17
CA	29.69	5.307	19.549	17
C	29.788	4.827	20.989	17
N	30.64	5.483	21.804	18
CA	30.902	4.983	23.135	18
C	29.645	4.838	24.027	18
N	28.588	5.59	23.707	19
CA	27.333	5.49	24.456	19
C	26.745	4.081	24.336	19
N	27.251	3.263	23.399	20
CA	26.838	1.866	23.303	20
C	26.967	1.136	24.616	20
N	27.892	1.585	25.486	21
CA	28.066	1.003	26.844	21
C	27.484	1.873	27.947	21
N	26.507	2.728	27.567	22
CA	25.88	3.635	28.479	22
C	24.931	3.01	29.47	22
N	24.274	3.904	30.226	23
CA	23.387	3.503	31.286	23
C	21.944	3.227	30.942	23
N	21.543	3.574	29.735	24
CA	20.143	3.412	29.335	24
C	20.083	2.922	27.887	24
N	20.791	1.824	27.609	25
CA	20.837	1.284	26.235	25
C	19.678	0.333	25.963	25
N	19.3	0.28	24.699	26
CA	18.229	-0.587	24.217	26
C	18.746	-1.458	23.065	26
N	18.118	-2.598	22.83	27
CA	16.977	-3.156	23.55	27
C	17.398	-3.819	24.84	27
N	16.411	-4.348	25.548	28
CA	16.579	-5.115	26.78	28
C	15.708	-6.339	26.73	28
N	16.025	-7.293	27.605	29
CA	15.139	-8.388	27.894	29
C	14.062	-7.909	28.868	29
N	12.819	-8.206	28.541	30
CA	11.69	-7.894	29.377	30
C	11.336	-9.151	30.191	30
N	11.701	-9.114	31.464	31
CA	11.398	-10.241	32.37	31
C	9.992	-9.957	32.89	31
N	9.025	-10.716	32.409	32
CA	7.602	-10.452	32.68	32
C	7.289	-10.638	34.138	32
N	8.139	-11.369	34.85	33
CA	7.946	-11.646	36.269	33
C	8.577	-10.604	37.174	33
N	9.352	-9.691	36.682	34
CA	9.884	-8.664	37.47	34
C	9.406	-7.254	37.033	34
N	8.735	-7.164	35.902	35
CA	8.163	-5.869	35.5	35
C	7.124	-5.477	36.568	35
N	7.075	-4.22	36.925	36
CA	6.079	-3.78	37.87	36
C	4.856	-3.185	37.224	36
N	3.724	-3.709	37.627	37
CA	2.445	-3.13	37.273	37
C	2.324	-1.752	37.881	37
N	2.001	-0.753	37.045	38
CA	1.92	0.625	37.503	38
C	0.51	1.081	37.208	38
N	-0.396	1.002	38.216	39
CA	-1.818	1.227	37.929	39
C	-2.075	2.626	37.563	39
N	-1.164	3.548	37.872	40
CA	-1.368	4.907	37.414	40
C	-0.99	5.157	35.901	40
N	-0.29	4.232	35.229	41
CA	-0.018	4.392	33.781	41
C	-1.353	4.45	33.046	41
N	-1.437	5.442	32.164	42
CA	-2.642	5.644	31.344	42
C	-2.667	4.842	30.092	42
N	-3.887	4.583	29.534	43
CA	-3.973	3.901	28.243	43
C	-3.221	4.699	27.231	43
N	-2.606	4.006	26.272	44
CA	-1.995	4.706	25.217	44
C	-3.072	5.347	24.34	44
N	-2.804	6.527	23.78	45
CA	-3.632	7.102	22.753	45
C	-2.838	7.09	21.464	45
N	-3.284	6.296	20.505	46
CA	-2.693	6.206	19.193	46
C	-3.643	6.856	18.213	46
N	-3.258	7.978	17.644	47
CA	-4.108	8.757	16.743	47
C	-3.508	8.816	15.383	47
N	-3.778	7.802	14.564	48
CA	-3.196	7.684	13.262	48
C	-4.177	7.901	12.116	48
N	-5.368	8.408	12.434	49
CA	-6.391	8.562	11.386	49
C	-6.026	9.519	10.243	49
N	-5.205	10.526	10.514	50
CA	-4.789	11.482	9.486	50
C	-3.347	11.295	9.003	50
N	-2.792	10.112	9.25	51
CA	-1.39	9.852	8.888	51
C	-1.196	10.025	7.397	51
N	-0.091	10.645	7.006	52
CA	0.321	10.822	5.614	52
C	1.66	10.182	5.428	52
N	1.684	8.943	4.904	53
CA	2.923	8.355	4.49	53
C	3.397	9.006	3.187	53
N	4.683	9.054	2.995	54
CA	5.246	9.682	1.806	54
C	6.046	8.756	0.983	54
N	6.919	7.975	1.604	55
CA	7.982	7.315	0.859	55
C	8.5	6.161	1.677	55
N	9.159	5.237	1.002	56
CA	9.839	4.121	1.63	56
C	11.275	4.155	1.128	56
N	12.223	3.922	2.032	57
CA	13.64	4.065	1.747	57
C	14.442	2.881	2.299	57
N	15.31	2.283	1.502	58
CA	16.306	1.334	1.984	58
C	17.548	2.165	2.342	58
N	17.882	2.21	3.62	59
CA	18.982	3.031	4.091	59
C	20.261	2.237	4.328	59
N	20.272	0.959	3.952	60
CA	21.39	0.139	4.101	60
C	21.461	-0.675	5.371	60
N	20.547	-0.372	6.298	61
CA	20.43	-1.103	7.566	61
C	19.042	-1.716	7.735	61
N	18.026	-1.011	7.281	62
CA	16.634	-1.387	7.32	62
C	15.922	-0.644	6.194	62
N	14.603	-0.715	6.144	63
CA	13.845	0.251	5.34	63
C	12.958	1.073	6.242	63
N	12.859	2.364	5.936	64
CA	11.987	3.251	6.687	64
C	10.778	3.661	5.843	64
N	9.568	3.514	6.377	65
CA	8.38	4.138	5.789	65
C	8.272	5.484	6.513	65
N	8.328	6.561	5.725	66
CA	8.376	7.905	6.247	66
C	7.049	8.618	6.123	66
N	6.805	9.505	7.105	67
CA	5.518	10.241	7.194	67
C	5.771	11.726	7.215	67
N	4.746	12.47	6.82	68
CA	4.744	13.928	6.957	68
C	4.589	14.22	8.426	68
N	5.614	14.759	9.043	69
CA	5.591	15.1	10.466	69
C	5.67	16.6	10.647	69
N	5.158	17.34	9.677	70
CA	5.16	18.827	9.766	70
C	3.864	19.356	10.358	70
N	2.934	18.476	10.737	71
CA	1.723	18.8	11.446	71
C	1.411	17.617	12.337	71
N	0.482	17.77	13.281	72
CA	0.029	16.692	14.151	72
C	-0.947	15.738	13.429	72
N	-0.456	15.04	12.487	73
CA	-1.294	14.137	11.699	73
C	-1.398	12.715	12.233	73
N	-0.328	12.217	12.82	74
CA	-0.315	10.859	13.4	74
C	0.463	11.032	14.669	74
N	-0.187	10.886	15.812	75
CA	0.456	11.157	17.079	75
C	0.219	10.1	18.116	75
N	1.165	9.984	19.031	76
CA	1.067	9.145	20.199	76
C	1.049	10.037	21.419	76
N	0.142	9.751	22.335	77
CA	-0.006	10.49	23.571	77
C	-0.38	9.496	24.655	77
N	-0.456	9.981	25.878	78
CA	-0.854	9.152	26.983	78
C	0.126	8.098	27.343	78
N	-0.337	7.006	27.936	79
CA	0.595	6.071	28.502	79
C	1.516	6.691	29.494	79
N	2.843	6.451	29.38	80
CA	3.802	7.08	30.237	80
C	4.238	8.478	29.789	80
N	3.69	8.938	28.679	81
CA	4.178	10.182	28.0	81
C	3.502	11.423	28.538	81
N	4.292	12.479	28.596	82
CA	3.802	13.825	28.824	82
C	3.915	14.518	27.458	82
N	2.863	15.1	26.979	83
CA	2.87	15.777	25.741	83
C	2.575	14.888	24.521	83
N	2.881	15.402	23.355	84
CA	2.431	14.877	22.107	84
C	3.635	14.481	21.301	84
N	3.627	13.245	20.787	85
CA	4.76	12.748	20.021	85
C	4.274	12.438	18.593	85
N	4.934	12.979	17.578	86
CA	4.502	12.849	16.194	86
C	5.246	11.701	15.535	86
N	4.484	10.919	14.767	87
CA	5.052	9.822	13.982	87
C	5.904	10.375	12.841	87
N	7.159	9.951	12.775	88
CA	8.089	10.318	11.696	88
C	8.344	9.177	10.725	88
N	8.496	7.95	11.258	89
CA	8.76	6.814	10.381	89
C	8.515	5.55	11.158	89
N	8.372	4.445	10.438	90
CA	8.544	3.128	11.052	90
C	9.5	2.291	10.251	90
N	10.048	1.272	10.927	91
CA	10.938	0.319	10.319	91
C	10.891	-0.944	11.14	91
N	11.528	-1.984	10.616	92
CA	11.543	-3.27	11.268	92
C	12.982	-3.761	11.481	92
N	13.098	-4.747	12.363	93
CA	14.3	-5.552	12.477	93
C	13.839	-6.986	12.337	93
N	14.622	-7.799	11.643	94
CA	14.208	-9.191	11.413	94
C	15.382	-10.128	11.291	94
N	15.064	-11.434	11.333	95
CA	16.049	-12.454	11.329	95
C	16.285	-13.119	10.01	95
N	17.282	-14.0	9.987	96
CA	17.481	-14.933	8.864	96
C	16.635	-16.203	9.012	96
N	16.079	-16.409	10.197	97
CA	15.296	-17.59	10.561	97
C	14.196	-17.125	11.455	97
N	13.101	-17.883	11.537	98
CA	11.922	-17.407	12.319	98
C	12.202	-17.334	13.81	98
N	13.214	-18.088	14.286	99
CA	13.565	-18.081	15.7	99
C	14.364	-16.899	16.265	99
N	14.617	-15.911	15.425	100
CA	15.374	-14.728	15.83	100
C	14.957	-13.554	14.963	100
N	15.267	-12.342	15.41	101
CA	14.965	-11.149	14.644	101
C	14.562	-9.974	15.483	101
N	13.867	-10.225	16.594	102
CA	13.469	-9.126	17.457	102
C	14.698	-8.59	18.193	102
N	14.545	-7.357	18.68	103
CA	15.572	-6.659	19.463	103
C	15.247	-6.851	20.943	103
N	14.075	-6.393	21.37	104
CA	13.602	-6.79	22.664	104
C	13.332	-8.269	22.673	104
N	13.457	-8.85	23.863	105
CA	13.067	-10.227	24.117	105
C	12.114	-10.226	25.289	105
N	11.326	-11.305	25.408	106
CA	10.342	-11.419	26.498	106
C	10.645	-12.728	27.205	106
N	11.14	-12.633	28.425	107
CA	11.596	-13.812	29.142	107
C	12.616	-14.597	28.324	107
N	13.514	-13.862	27.663	108
CA	14.582	-14.349	26.794	108
C	14.114	-14.881	25.473	108
N	12.815	-14.888	25.228	109
CA	12.28	-15.344	23.957	109
C	12.474	-14.26	22.884	109
N	12.966	-14.69	21.731	110
CA	13.096	-13.843	20.543	110
C	11.955	-14.067	19.61	110
N	11.394	-12.998	19.07	111
CA	10.399	-13.084	18.01	111
C	11.06	-13.009	16.635	111
N	10.301	-13.291	15.6	112
CA	10.816	-13.298	14.214	112
C	11.211	-11.917	13.741	112
N	10.557	-10.894	14.295	113
CA	10.877	-9.542	13.852	113
C	10.275	-8.594	14.895	113
N	10.581	-7.313	14.723	114
CA	10.083	-6.271	15.584	114
C	9.904	-4.993	14.788	114
N	8.738	-4.403	14.927	115
CA	8.35	-3.158	14.303	115
C	8.573	-2.0	15.286	115
N	9.187	-0.956	14.798	116
CA	9.435	0.272	15.56	116
C	8.753	1.445	14.897	116
N	7.743	1.998	15.556	117
CA	7.066	3.218	15.131	117
C	7.664	4.373	15.918	117
N	8.393	5.243	15.214	118
CA	9.241	6.243	15.842	118
C	8.516	7.552	15.895	118
N	8.396	8.155	17.084	119
CA	7.696	9.422	17.263	119
C	8.57	10.394	18.034	119
N	8.445	11.696	17.738	120
CA	9.253	12.713	18.459	120
C	8.374	13.735	19.138	120
N	8.894	14.219	20.271	121
CA	8.166	15.114	21.16	121
C	8.051	16.495	20.52	121
N	6.827	16.98	20.297	122
CA	6.634	18.203	19.528	122
C	7.19	19.464	20.235	122
N	7.448	19.332	21.576	123
CA	8.0	20.508	22.232	123
C	9.404	20.842	21.741	123
N	10.058	19.893	21.055	124
CA	11.41	20.122	20.557	124
C	11.497	20.529	19.081	124
N	10.363	20.639	18.421	125
CA	10.307	21.255	17.116	125
C	10.657	20.437	15.89	125
N	11.69	19.594	16.001	126
CA	12.011	18.662	14.912	126
C	12.712	17.428	15.49	126
N	12.812	16.391	14.672	127
CA	13.407	15.133	15.083	127
C	14.862	15.303	15.535	127
N	15.649	16.072	14.758	128
CA	17.049	16.256	15.085	128
C	17.327	16.869	16.437	128
N	16.464	17.812	16.86	129
CA	16.518	18.373	18.179	129
C	16.044	17.396	19.267	129
N	14.976	16.645	18.924	130
CA	14.407	15.691	19.866	130
C	15.38	14.641	20.269	130
N	16.193	14.125	19.348	131
CA	17.097	13.043	19.719	131
C	18.193	13.452	20.697	131
N	18.343	14.756	20.895	132
CA	19.305	15.266	21.894	132
C	18.729	15.435	23.282	132
N	17.482	14.991	23.472	133
CA	16.769	15.158	24.712	133
C	16.41	13.851	25.34	133
N	16.451	13.747	26.677	134
CA	16.155	12.47	27.315	134
C	14.711	11.984	27.131	134
N	13.806	12.925	26.876	135
CA	12.42	12.609	26.599	135
C	12.049	13.004	25.172	135
N	13.005	12.896	24.254	136
CA	12.763	13.356	22.918	136
C	11.923	12.458	22.017	136
N	12.035	11.137	22.217	137
CA	11.382	10.172	21.359	137
C	10.493	9.246	22.15	137
N	9.463	8.742	21.462	138
CA	8.673	7.627	21.978	138
C	8.626	6.636	20.868	138
N	9.097	5.413	21.14	139
CA	9.081	4.364	20.135	139
C	8.106	3.283	20.57	139
N	7.114	3.027	19.726	140
CA	6.141	1.967	19.92	140
C	6.731	0.726	19.228	140
N	7.049	-0.289	20.041	141
CA	7.643	-1.522	19.549	141
C	6.586	-2.605	19.536	141
N	6.53	-3.354	18.451	142
CA	5.514	-4.373	18.256	142
C	6.251	-5.634	17.747	142
N	6.049	-6.742	18.42	143
CA	6.678	-7.999	18.003	143
C	5.891	-8.612	16.849	143
N	6.628	-9.282	15.945	144
CA	6.064	-10.089	14.878	144
C	6.404	-11.546	15.099	144
N	5.382	-12.39	15.029	145
CA	5.541	-13.811	14.912	145
C	5.066	-14.283	13.548	145
N	5.518	-15.462	13.142	146
CA	5.102	-16.05	11.881	146
C	3.883	-16.935	12.133	146
N	2.856	-16.698	11.332	147
CA	1.622	-17.47	11.414	147
C	0.745	-17.097	10.26	147
N	-0.439	-16.57	10.553	148
CA	-1.323	-16.06	9.49	148
C	-0.762	-14.744	8.928	148
N	-1.094	-14.45	7.699	149
CA	-0.697	-13.171	7.104	149
C	-1.275	-11.997	7.822	149
N	-0.58	-10.858	7.715	150
CA	-1.084	-9.585	8.177	150
C	-1.422	-8.762	6.929	150
N	-2.732	-8.658	6.599	151
CA	-3.06	-7.981	5.331	151
C	-2.582	-6.546	5.295	151
N	-2.578	-5.896	6.459	152
CA	-2.114	-4.512	6.538	152
C	-0.643	-4.285	6.274	152
N	0.127	-5.352	6.27	153
CA	1.557	-5.328	5.896	153
C	1.801	-5.508	4.425	153
N	0.798	-6.042	3.687	154
CA	1.119	-6.491	2.356	154
C	1.568	-5.393	1.423	154
N	1.011	-4.171	1.581	155
CA	1.429	-3.088	0.718	155
C	2.932	-2.79	0.834	155
N	3.439	-2.91	2.076	156
CA	4.872	-2.805	2.32	156
C	5.64	-3.906	1.618	156
N	5.192	-5.153	1.807	157
CA	5.886	-6.274	1.168	157
C	5.967	-6.101	-0.332	157
N	4.847	-5.673	-0.912	158
CA	4.713	-5.437	-2.374	158
C	5.829	-4.531	-2.917	158
N	6.094	-3.439	-2.213	159
CA	6.977	-2.385	-2.729	159
C	8.451	-2.718	-2.55	159
N	8.786	-3.758	-1.772	160
CA	10.149	-4.047	-1.484	160
C	11.014	-4.325	-2.678	160
N	10.373	-4.803	-3.767	161
CA	11.137	-5.056	-4.973	161
C	11.629	-3.79	-5.615	161
N	11.059	-2.664	-5.246	162
CA	11.481	-1.381	-5.785	162
C	12.603	-0.707	-5.003	162
N	12.905	-1.258	-3.815	163
CA	13.906	-0.7	-2.94	163
C	14.88	-1.774	-2.444	163
N	15.294	-2.665	-3.346	164
CA	16.053	-3.816	-2.943	164
C	17.378	-3.462	-2.291	164
N	18.031	-2.417	-2.835	165
CA	19.366	-2.08	-2.453	165
C	19.495	-0.712	-1.759	165
N	20.592	-0.548	-1.026	166
CA	20.872	0.673	-0.246	166
C	20.769	1.92	-1.077	166
N	20.02	2.896	-0.592	167
CA	19.875	4.177	-1.287	167
C	18.662	4.327	-2.143	167
N	17.957	3.236	-2.403	168
CA	16.755	3.305	-3.208	168
C	15.56	3.718	-2.406	168
N	14.78	4.621	-2.963	169
CA	13.512	5.058	-2.416	169
C	12.402	4.92	-3.407	169
N	11.188	4.851	-2.893	170
CA	9.997	4.771	-3.734	170
C	8.877	5.538	-3.097	170
N	8.052	6.181	-3.917	171
CA	6.796	6.801	-3.423	171
C	6.009	5.747	-2.665	171
N	5.411	6.154	-1.57	172
CA	4.642	5.23	-0.705	172
C	3.616	6.012	0.055	172
N	2.629	6.478	-0.685	173
CA	1.566	7.279	-0.145	173
C	0.385	6.497	0.344	173
N	-0.401	7.079	1.231	174
CA	-1.656	6.52	1.644	174
C	-1.563	5.174	2.381	174
N	-0.419	4.926	2.993	175
CA	-0.302	3.725	3.822	175
C	-0.843	4.004	5.199	175
N	-1.692	3.111	5.722	176
CA	-2.311	3.272	7.005	176
C	-1.602	2.414	8.057	176
N	-0.871	3.036	8.975	177
CA	-0.165	2.243	9.984	177
C	-1.041	1.563	11.017	177
N	-2.323	1.892	11.049	178
CA	-3.249	1.212	11.96	178
C	-3.386	-0.259	11.575	178
N	-3.085	-0.598	10.317	179
CA	-3.156	-2.006	9.937	179
C	-2.011	-2.857	10.463	179
N	-1.064	-2.248	11.161	180
CA	0.056	-2.979	11.759	180
C	-0.079	-3.172	13.269	180
N	-1.193	-2.731	13.868	181
CA	-1.38	-2.803	15.33	181
C	-2.135	-4.074	15.737	181
N	-1.753	-4.676	16.843	182
CA	-2.514	-5.775	17.397	182
C	-3.819	-5.229	18.023	182
N	-4.665	-6.151	18.486	183
CA	-5.91	-5.784	19.129	183
C	-5.69	-5.031	20.41	183
N	-4.777	-5.517	21.267	184
CA	-4.568	-4.926	22.573	184
C	-3.464	-3.884	22.523	184
N	-3.621	-2.799	23.275	185
CA	-2.528	-1.831	23.483	185
C	-1.914	-1.933	24.88	185
N	-2.064	-3.072	25.558	186
CA	-1.331	-3.349	26.794	186
C	0.163	-3.276	26.486	186
N	0.952	-2.702	27.383	187
CA	2.358	-2.462	27.087	187
C	3.253	-2.551	28.309	187
N	4.557	-2.705	28.029	188
CA	5.612	-2.455	28.956	188
C	6.276	-1.136	28.57	188
N	6.884	-0.451	29.527	189
CA	7.584	0.821	29.242	189
C	8.833	0.965	30.081	189
N	9.893	1.534	29.477	190
CA	11.121	1.804	30.2	190
C	11.882	2.872	29.421	190
N	12.838	3.544	30.054	191
CA	13.661	4.549	29.383	191
C	14.847	3.881	28.712	191
N	15.091	4.223	27.448	192
CA	16.235	3.639	26.736	192
C	16.731	4.485	25.616	192
N	17.145	3.792	24.556	193
CA	17.92	4.415	23.488	193
C	17.464	4.033	22.094	193
N	17.997	4.742	21.109	194
CA	17.98	4.207	19.762	194
C	18.724	2.897	19.749	194
N	18.298	1.947	18.921	195
CA	18.976	0.644	18.819	195
C	19.969	0.557	17.668	195
N	20.123	1.646	16.915	196
CA	21.171	1.771	15.908	196
C	21.982	2.996	16.263	196
N	23.26	3.029	15.822	197
CA	23.99	4.265	15.918	197
C	23.15	5.421	15.394	197
N	23.164	6.572	16.092	198
CA	24.064	6.959	17.183	198
C	23.742	6.503	18.591	198
N	22.761	5.619	18.741	199
CA	22.489	4.981	20.046	199
C	22.099	5.964	21.153	199
N	21.539	7.095	20.769	200
CA	21.266	8.155	21.72	200
C	20.212	7.754	22.721	200
N	20.396	8.199	23.958	201
CA	19.571	7.819	25.074	201
C	18.411	8.79	25.219	201
N	17.508	8.753	24.24	202
CA	16.44	9.732	24.076	202
C	15.062	9.107	23.96	202
N	14.946	7.806	24.232	203
CA	13.698	7.087	23.93	203
C	12.924	6.653	25.17	203
N	11.649	7.006	25.228	204
CA	10.682	6.293	26.083	204
C	10.148	5.137	25.243	204
N	10.536	3.918	25.621	205
CA	10.086	2.731	24.942	205
C	8.724	2.32	25.426	205
N	7.854	1.964	24.475	206
CA	6.538	1.423	24.784	206
C	6.432	0.149	23.941	206
N	6.529	-1.014	24.576	207
CA	6.574	-2.272	23.874	207
C	5.272	-3.019	24.118	207
N	4.541	-3.31	23.051	208
CA	3.23	-3.951	23.195	208
C	3.391	-5.413	23.61	208
N	2.517	-5.85	24.524	209
CA	2.481	-7.239	24.962	209
C	2.08	-8.223	23.873	209
N	1.127	-7.817	23.026	210
CA	0.573	-8.725	22.005	210
C	1.32	-8.567	20.688	210
N	1.9	-9.665	20.17	211
CA	2.506	-9.619	18.866	211
C	1.447	-9.552	17.748	211
N	1.875	-9.139	16.563	212
CA	1.108	-9.393	15.355	212
C	1.671	-10.619	14.689	212
N	0.858	-11.282	13.875	213
CA	1.339	-12.4	13.081	213
C	1.407	-12.034	11.631	213
N	2.497	-12.454	10.995	214
CA	2.719	-12.241	9.569	214
C	2.965	-13.624	8.955	214
N	2.808	-13.767	7.661	215
CA	2.989	-15.081	7.047	215
C	4.457	-15.339	6.765	215
N	4.768	-16.606	6.597	216
CA	6.094	-17.026	6.163	216
C	6.52	-16.292	4.867	216
N	5.578	-16.136	3.932	217
CA	5.864	-15.471	2.684	217
C	6.243	-13.981	2.897	217
N	5.513	-13.345	3.819	218
CA	5.771	-11.923	4.103	218
C	7.203	-11.74	4.669	218
N	7.578	-12.567	5.644	219
CA	8.939	-12.443	6.238	219
C	9.983	-12.782	5.181	219
N	9.729	-13.819	4.393	220
CA	10.69	-14.216	3.343	220
C	11.011	-13.042	2.428	220
N	10.025	-12.232	2.123	221
CA	10.258	-11.093	1.263	221
C	11.166	-10.022	1.885	221
N	11.051	-9.85	3.187	222
CA	11.996	-9.004	3.924	222
C	13.444	-9.474	3.779	222
N	13.596	-10.785	3.786	223
CA	14.911	-11.421	3.711	223
C	15.542	-11.406	2.295	223
N	14.833	-10.889	1.334	224
CA	15.369	-10.694	-0.02	224
C	15.972	-9.345	-0.239	224
N	15.734	-8.437	0.71	225
CA	16.362	-7.121	0.636	225
C	17.877	-7.26	0.743	225
N	18.58	-6.193	0.363	226
CA	20.033	-6.168	0.392	226
C	20.571	-5.028	1.258	226
N	21.607	-5.303	2.046	227
CA	22.333	-4.248	2.781	227
C	23.129	-3.345	1.807	227
N	23.629	-3.937	0.755	228
CA	24.516	-3.264	-0.204	228
C	23.757	-2.429	-1.202	228
N	24.533	-1.531	-1.851	229
CA	24.027	-0.749	-2.952	229
C	23.987	-1.57	-4.231	229
N	23.242	-1.11	-5.234	230
CA	23.209	-1.813	-6.538	230
C	24.617	-1.769	-7.143	230
N	25.054	-2.881	-7.657	231
CA	26.391	-2.941	-8.237	231
C	27.537	-3.227	-7.295	231
N	27.196	-3.36	-6.002	232
CA	28.122	-3.831	-4.989	232
C	27.839	-5.286	-4.726	232
N	28.763	-5.997	-4.022	233
CA	28.502	-7.383	-3.719	233
C	27.226	-7.605	-2.863	233
N	26.404	-8.556	-3.258	234
CA	25.071	-8.786	-2.611	234
C	25.246	-9.428	-1.226	234
N	24.647	-8.805	-0.244	235
CA	24.583	-9.321	1.084	235
C	23.158	-9.114	1.592	235
N	22.483	-10.214	1.867	236
CA	21.078	-10.135	2.253	236
C	20.91	-9.359	3.557	236
N	19.897	-8.499	3.539	237
CA	19.532	-7.722	4.723	237
C	18.732	-8.649	5.639	237
N	19.454	-9.339	6.512	238
CA	18.866	-10.218	7.521	238
C	19.671	-10.046	8.784	238
N	19.025	-10.401	9.9	239
CA	19.66	-10.304	11.22	239
C	20.177	-8.878	11.499	239
N	19.337	-7.91	11.189	240
CA	19.641	-6.509	11.438	240
C	19.086	-6.063	12.779	240
N	19.363	-6.854	13.813	241
CA	18.902	-6.607	15.181	241
C	20.108	-6.504	16.106	241
N	19.991	-5.601	17.07	242
CA	20.912	-5.489	18.208	242
C	20.433	-6.401	19.309	242
N	21.324	-7.136	19.967	243
CA	20.884	-8.007	21.063	243
C	20.576	-7.19	22.319	243
N	19.926	-7.864	23.28	244
CA	19.596	-7.228	24.557	244
C	20.818	-6.703	25.288	244
N	20.663	-5.524	25.887	245
CA	21.699	-4.83	26.607	245
C	21.383	-4.843	28.11	245
N	22.386	-4.622	28.973	246
CA	22.118	-4.669	30.396	246
C	21.086	-3.63	30.862	246
N	20.207	-4.063	31.745	247
CA	19.169	-3.184	32.241	247
C	19.746	-2.072	33.143	247
N	20.818	-2.397	33.862	248
CA	21.43	-1.421	34.752	248
C	20.401	-0.867	35.76	248
N	20.409	0.424	35.989	249
CA	19.514	0.994	36.999	249
C	18.189	1.448	36.407	249
N	17.435	0.453	35.863	250
CA	16.128	0.697	35.318	250
C	15.129	-0.362	35.733	250
N	13.878	0.048	35.843	251
CA	12.734	-0.817	36.074	251
C	11.784	-0.743	34.916	251
N	11.395	-1.884	34.427	252
CA	10.375	-1.984	33.39	252
C	9.008	-1.96	34.091	252
N	8.129	-1.104	33.608	253
CA	6.778	-0.999	34.125	253
C	5.804	-1.587	33.199	253
N	4.719	-2.138	33.724	254
CA	3.66	-2.761	32.916	254
C	2.349	-1.984	33.093	254
N	1.61	-1.842	32.013	255
CA	0.31	-1.182	32.044	255
C	-0.793	-2.137	32.431	255
N	-0.481	-3.386	32.665	256
CA	-1.451	-4.471	32.797	256
C	-0.951	-5.45	33.824	256
N	-1.899	-6.203	34.392	257
CA	-1.592	-7.224	35.422	257
C	-1.57	-8.559	34.771	257
