ATOM	X	Y	Z	RESIDUE
N	-1.175	22.582	-5.521	1
CA	-2.082	22.043	-4.477	1
C	-2.073	20.531	-4.615	1
N	-1.775	19.793	-3.545	2
CA	-1.741	18.33	-3.585	2
C	-3.14	17.79	-3.912	2
N	-3.259	16.962	-4.946	3
CA	-4.539	16.419	-5.41	3
C	-4.439	14.91	-5.582	3
N	-5.507	14.206	-5.208	4
CA	-5.726	12.801	-5.545	4
C	-6.876	12.775	-6.551	4
N	-6.608	12.324	-7.772	5
CA	-7.586	12.279	-8.874	5
C	-7.705	10.848	-9.391	5
N	-8.847	10.432	-9.941	6
CA	-8.88	9.146	-10.65	6
C	-8.242	9.302	-12.029	6
N	-7.418	8.341	-12.442	7
CA	-6.648	8.384	-13.681	7
C	-7.534	8.63	-14.907	7
N	-8.772	8.111	-14.92	8
CA	-9.748	8.33	-16.004	8
C	-10.042	9.816	-16.266	8
N	-9.987	10.634	-15.216	9
CA	-10.31	12.063	-15.226	9
C	-9.065	12.93	-15.48	9
N	-7.884	12.314	-15.595	10
CA	-6.664	13.024	-15.944	10
C	-6.634	13.387	-17.43	10
N	-6.614	14.687	-17.702	11
CA	-6.394	15.273	-19.025	11
C	-4.98	15.86	-19.083	11
N	-3.965	15.101	-19.538	12
CA	-2.62	15.64	-19.716	12
C	-2.603	16.753	-20.765	12
N	-1.724	17.732	-20.567	13
CA	-1.441	18.766	-21.559	13
C	-0.917	18.137	-22.864	13
N	-1.227	18.732	-24.03	14
CA	-0.753	18.216	-25.303	14
C	0.768	18.368	-25.41	14
N	1.45	17.29	-25.789	15
CA	2.899	17.287	-25.943	15
C	3.441	15.937	-26.403	15
N	4.738	15.888	-26.706	16
CA	5.432	14.643	-27.059	16
C	5.558	13.734	-25.837	16
N	5.082	12.494	-25.951	17
CA	5.156	11.492	-24.882	17
C	6.471	10.726	-25.02	17
N	7.418	10.979	-24.116	18
CA	8.698	10.26	-24.046	18
C	8.649	9.309	-22.849	18
N	8.702	8.004	-23.107	19
CA	8.495	6.959	-22.106	19
C	9.711	6.035	-22.01	19
N	10.154	5.73	-20.791	20
CA	11.253	4.805	-20.521	20
C	10.72	3.398	-20.285	20
N	11.113	2.467	-21.151	21
CA	10.77	1.049	-21.049	21
C	12.039	0.236	-20.779	21
N	11.935	-0.87	-20.037	22
CA	13.063	-1.789	-19.883	22
C	13.543	-2.289	-21.255	22
N	14.859	-2.253	-21.484	23
CA	15.441	-2.663	-22.762	23
C	15.17	-4.153	-23.023	23
N	15.09	-4.599	-24.292	24
CA	14.923	-6.021	-24.594	24
C	15.985	-6.903	-23.918	24
N	17.233	-6.426	-23.844	25
CA	18.341	-7.106	-23.157	25
C	18.1	-7.21	-21.654	25
N	17.694	-6.118	-20.998	26
CA	17.402	-6.119	-19.567	26
C	16.243	-7.077	-19.237	26
N	15.17	-7.075	-20.045	27
CA	14.057	-8.033	-19.905	27
C	14.522	-9.479	-20.069	27
N	15.334	-9.77	-21.087	28
CA	15.866	-11.112	-21.313	28
C	16.769	-11.571	-20.158	28
N	17.598	-10.674	-19.609	29
CA	18.429	-10.957	-18.436	29
C	17.591	-11.219	-17.185	29
N	16.565	-10.409	-16.939	30
CA	15.649	-10.606	-15.823	30
C	14.935	-11.962	-15.898	30
N	14.485	-12.379	-17.09	31
CA	13.817	-13.679	-17.306	31
C	14.673	-14.897	-16.949	31
N	15.999	-14.771	-16.978	32
CA	16.944	-15.831	-16.6	32
C	17.62	-15.577	-15.244	32
N	17.132	-14.606	-14.466	33
CA	17.649	-14.342	-13.133	33
C	17.499	-15.598	-12.25	33
N	18.519	-15.96	-11.454	34
CA	18.444	-17.123	-10.581	34
C	17.4	-16.924	-9.479	34
N	16.929	-18.043	-8.931	35
CA	16.086	-18.054	-7.734	35
C	16.885	-17.491	-6.549	35
N	16.227	-16.681	-5.724	36
CA	16.723	-16.203	-4.433	36
C	16.007	-16.931	-3.294	36
N	16.734	-17.246	-2.22	37
CA	16.15	-17.81	-0.992	37
C	15.382	-16.762	-0.166	37
N	15.5	-15.473	-0.506	38
CA	14.778	-14.401	0.185	38
C	13.284	-14.486	-0.158	38
N	12.383	-14.645	0.827	39
CA	10.954	-14.724	0.547	39
C	10.389	-13.358	0.11	39
N	9.217	-13.297	-0.547	40
CA	8.436	-12.057	-0.583	40
C	8.07	-11.641	0.848	40
N	8.053	-10.342	1.161	41
CA	7.485	-9.878	2.439	41
C	6.018	-10.31	2.576	41
N	5.455	-10.292	3.786	42
CA	4.034	-10.617	3.976	42
C	3.124	-9.687	3.162	42
N	3.476	-8.401	3.053	43
CA	2.767	-7.436	2.214	43
C	2.819	-7.834	0.732	43
N	4.013	-8.145	0.211	44
CA	4.186	-8.592	-1.175	44
C	3.436	-9.903	-1.44	44
N	3.551	-10.886	-0.545	45
CA	2.901	-12.184	-0.675	45
C	1.37	-12.061	-0.677	45
N	0.799	-11.279	0.247	46
CA	-0.636	-10.992	0.269	46
C	-1.09	-10.344	-1.043	46
N	-0.35	-9.339	-1.513	47
CA	-0.674	-8.613	-2.734	47
C	-0.623	-9.513	-3.978	47
N	0.415	-10.344	-4.105	48
CA	0.582	-11.297	-5.205	48
C	-0.543	-12.34	-5.238	48
N	-0.917	-12.913	-4.083	49
CA	-2.037	-13.869	-3.992	49
C	-3.357	-13.224	-4.406	49
N	-3.635	-12.003	-3.928	50
CA	-4.842	-11.255	-4.319	50
C	-4.858	-10.955	-5.812	50
N	-3.741	-10.499	-6.378	51
CA	-3.649	-10.22	-7.808	51
C	-3.929	-11.477	-8.643	51
N	-3.315	-12.617	-8.29	52
CA	-3.559	-13.907	-8.956	52
C	-5.034	-14.315	-8.894	52
N	-5.661	-14.224	-7.72	53
CA	-7.087	-14.538	-7.534	53
C	-7.993	-13.644	-8.394	53
N	-7.723	-12.335	-8.439	54
CA	-8.501	-11.403	-9.259	54
C	-8.383	-11.739	-10.744	54
N	-7.163	-11.975	-11.239	55
CA	-6.936	-12.378	-12.634	55
C	-7.661	-13.691	-12.95	55
N	-7.598	-14.69	-12.062	56
CA	-8.297	-15.967	-12.234	56
C	-9.832	-15.819	-12.279	56
N	-10.371	-14.769	-11.65	57
CA	-11.8	-14.418	-11.635	57
C	-12.196	-13.404	-12.716	57
N	-11.273	-13.003	-13.594	58
CA	-11.528	-12.006	-14.64	58
C	-11.734	-10.581	-14.112	58
N	-11.188	-10.267	-12.936	59
CA	-11.226	-8.944	-12.316	59
C	-9.893	-8.21	-12.513	59
N	-9.953	-6.888	-12.678	60
CA	-8.773	-6.025	-12.806	60
C	-8.532	-5.283	-11.481	60
N	-7.552	-5.744	-10.696	61
CA	-7.249	-5.254	-9.34	61
C	-6.394	-3.982	-9.363	61
N	-6.595	-3.075	-8.399	62
CA	-5.644	-1.983	-8.158	62
C	-4.286	-2.484	-7.643	62
N	-3.182	-1.926	-8.148	63
CA	-1.803	-2.345	-7.833	63
C	-0.725	-1.272	-7.985	63
N	-1.064	-0.037	-8.341	64
CA	-0.093	0.989	-8.722	64
C	-0.091	2.167	-7.752	64
N	1.078	2.784	-7.611	65
CA	1.212	4.156	-7.147	65
C	1.582	5.032	-8.347	65
N	0.712	5.986	-8.689	66
CA	0.852	6.827	-9.883	66
C	0.995	8.287	-9.46	66
N	2.06	8.936	-9.922	67
CA	2.417	10.304	-9.56	67
C	2.741	11.136	-10.792	67
N	2.435	12.431	-10.736	68
CA	2.982	13.416	-11.677	68
C	3.435	14.679	-10.965	68
N	4.36	15.413	-11.577	69
CA	4.644	16.803	-11.227	69
C	5.147	17.579	-12.449	69
N	4.913	18.888	-12.444	70
CA	5.162	19.77	-13.588	70
C	6.495	20.516	-13.438	70
N	7.243	20.645	-14.537	71
CA	8.545	21.311	-14.605	71
C	8.544	22.355	-15.726	71
N	9.205	23.508	-15.537	72
CA	9.354	24.494	-16.596	72
C	10.39	24.063	-17.649	72
N	10.223	24.568	-18.868	73
CA	11.179	24.466	-19.963	73
C	11.159	23.139	-20.726	73
N	12.338	22.757	-21.227	74
CA	12.554	21.545	-22.027	74
C	13.308	20.516	-21.197	74
N	12.807	19.288	-21.15	75
CA	13.472	18.214	-20.432	75
C	14.808	17.86	-21.099	75
N	15.889	17.862	-20.32	76
CA	17.148	17.264	-20.733	76
C	17.029	15.735	-20.649	76
N	16.752	15.106	-21.793	77
CA	16.523	13.658	-21.902	77
C	17.705	12.841	-21.369	77
N	18.949	13.305	-21.559	78
CA	20.14	12.611	-21.045	78
C	20.181	12.623	-19.516	78
N	19.914	13.773	-18.896	79
CA	19.894	13.906	-17.439	79
C	18.758	13.08	-16.816	79
N	17.559	13.135	-17.406	80
CA	16.414	12.338	-16.96	80
C	16.678	10.831	-17.101	80
N	17.242	10.4	-18.235	81
CA	17.62	9.004	-18.451	81
C	18.627	8.509	-17.403	81
N	19.614	9.338	-17.04	82
CA	20.549	9.012	-15.965	82
C	19.813	8.837	-14.632	82
N	18.984	9.809	-14.238	83
CA	18.284	9.796	-12.954	83
C	17.384	8.557	-12.794	83
N	16.586	8.227	-13.817	84
CA	15.695	7.055	-13.797	84
C	16.5	5.751	-13.7	84
N	17.525	5.569	-14.54	85
CA	18.335	4.348	-14.504	85
C	19.111	4.214	-13.185	85
N	19.643	5.314	-12.644	86
CA	20.326	5.313	-11.354	86
C	19.374	4.927	-10.211	86
N	18.141	5.449	-10.21	87
CA	17.102	5.071	-9.25	87
C	16.808	3.562	-9.294	87
N	16.57	3.005	-10.486	88
CA	16.279	1.575	-10.652	88
C	17.437	0.673	-10.2	88
N	18.681	1.068	-10.481	89
CA	19.884	0.315	-10.08	89
C	20.176	0.395	-8.585	89
N	19.675	1.427	-7.908	90
CA	19.994	1.729	-6.51	90
C	19.18	0.926	-5.497	90
N	17.915	0.622	-5.788	91
CA	16.998	-0.022	-4.834	91
C	16.719	-1.475	-5.221	91
N	16.95	-2.404	-4.291	92
CA	16.846	-3.854	-4.524	92
C	15.42	-4.342	-4.828	92
N	14.398	-3.55	-4.493	93
CA	13.0	-3.837	-4.847	93
C	12.729	-3.836	-6.349	93
N	13.592	-3.216	-7.16	94
CA	13.536	-3.291	-8.624	94
C	14.368	-4.441	-9.2	94
N	15.148	-5.146	-8.376	95
CA	16.085	-6.182	-8.835	95
C	15.466	-7.574	-8.765	95
N	14.325	-7.7	-8.085	96
CA	13.597	-8.953	-7.925	96
C	12.275	-8.972	-8.69	96
N	11.838	-10.168	-9.067	97
CA	10.489	-10.443	-9.558	97
C	9.986	-11.774	-9.01	97
N	8.679	-12.004	-9.125	98
CA	8.031	-13.161	-8.522	98
C	7.155	-13.914	-9.512	98
N	7.08	-15.224	-9.323	99
CA	6.108	-16.094	-9.973	99
C	5.572	-17.145	-9.001	99
N	4.48	-17.798	-9.39	100
CA	3.949	-18.949	-8.671	100
C	4.44	-20.22	-9.354	100
N	5.047	-21.125	-8.593	101
CA	5.386	-22.453	-9.097	101
C	4.143	-23.363	-9.204	101
N	4.351	-24.628	-9.582	102
CA	3.259	-25.597	-9.704	102
C	2.582	-25.948	-8.366	102
N	3.227	-25.669	-7.233	103
CA	2.718	-25.911	-5.888	103
C	2.09	-24.657	-5.253	103
N	1.912	-23.571	-6.021	104
CA	1.406	-22.283	-5.525	104
C	2.344	-21.602	-4.504	104
N	3.614	-22.011	-4.471	105
CA	4.653	-21.294	-3.747	105
C	5.124	-20.079	-4.559	105
N	5.329	-18.948	-3.878	106
CA	5.832	-17.721	-4.503	106
C	7.357	-17.804	-4.575	106
N	7.893	-17.898	-5.785	107
CA	9.332	-17.949	-6.051	107
C	9.835	-16.544	-6.356	107
N	10.905	-16.12	-5.675	108
CA	11.638	-14.89	-5.989	108
C	12.783	-15.207	-6.94	108
N	12.911	-14.419	-7.995	109
CA	14.099	-14.362	-8.839	109
C	14.776	-13.009	-8.665	109
N	16.105	-12.98	-8.562	110
CA	16.864	-11.742	-8.314	110
C	17.984	-11.583	-9.333	110
N	18.011	-10.437	-10.014	111
CA	19.056	-10.085	-10.978	111
C	20.389	-9.966	-10.235	111
N	21.387	-10.736	-10.675	112
CA	22.666	-10.855	-9.974	112
C	23.519	-9.575	-10.016	112
N	23.483	-8.841	-11.131	113
CA	24.184	-7.567	-11.292	113
C	23.174	-6.466	-11.656	113
N	22.893	-5.508	-10.752	114
CA	21.997	-4.392	-11.04	114
C	22.424	-3.555	-12.252	114
N	23.692	-3.596	-12.68	115
CA	24.141	-2.908	-13.891	115
C	23.455	-3.423	-15.171	115
N	22.955	-4.667	-15.17	116
CA	22.167	-5.239	-16.27	116
C	20.752	-4.621	-16.371	116
N	20.311	-3.871	-15.353	117
CA	19.043	-3.14	-15.37	117
C	19.227	-1.86	-16.177	117
N	18.458	-1.748	-17.253	118
CA	18.453	-0.577	-18.116	118
C	17.052	-0.319	-18.669	118
N	16.596	0.923	-18.522	119
CA	15.446	1.462	-19.243	119
C	15.915	2.47	-20.281	119
N	15.268	2.458	-21.44	120
CA	15.602	3.308	-22.584	120
C	14.352	4.064	-23.0	120
N	14.495	5.36	-23.279	121
CA	13.375	6.154	-23.758	121
C	13.014	5.849	-25.21	121
N	11.717	5.851	-25.484	122
CA	11.148	5.966	-26.815	122
C	10.045	7.03	-26.796	122
N	9.891	7.749	-27.903	123
CA	8.706	8.575	-28.108	123
C	7.554	7.686	-28.575	123
N	6.395	7.809	-27.932	124
CA	5.154	7.197	-28.401	124
C	4.453	8.167	-29.35	124
N	4.848	8.153	-30.628	125
CA	4.276	9.071	-31.615	125
C	2.767	8.857	-31.755	125
N	2.025	9.963	-31.856	126
CA	0.573	9.979	-32.061	126
C	-0.258	9.292	-30.96	126
N	0.333	8.971	-29.804	127
CA	-0.405	8.434	-28.663	127
C	-1.362	9.494	-28.105	127
N	-2.642	9.152	-28.054	128
CA	-3.701	9.988	-27.488	128
C	-3.64	10.003	-25.959	128
N	-4.271	10.994	-25.32	129
CA	-4.392	11.032	-23.854	129
C	-5.092	9.79	-23.283	129
N	-6.05	9.213	-24.018	130
CA	-6.746	7.996	-23.603	130
C	-5.825	6.768	-23.636	130
N	-5.018	6.629	-24.689	131
CA	-4.005	5.575	-24.789	131
C	-2.915	5.745	-23.73	131
N	-2.487	6.978	-23.431	132
CA	-1.53	7.239	-22.355	132
C	-2.079	6.816	-20.986	132
N	-3.337	7.155	-20.663	133
CA	-3.99	6.7	-19.42	133
C	-4.015	5.176	-19.322	133
N	-4.344	4.491	-20.418	134
CA	-4.315	3.031	-20.456	134
C	-2.891	2.492	-20.257	134
N	-1.914	3.027	-20.999	135
CA	-0.505	2.625	-20.968	135
C	0.109	2.767	-19.572	135
N	-0.065	3.925	-18.927	136
CA	0.406	4.193	-17.557	136
C	-0.192	3.223	-16.531	136
N	-1.392	2.697	-16.78	137
CA	-2.068	1.759	-15.894	137
C	-1.684	0.284	-16.137	137
N	-0.864	-0.032	-17.146	138
CA	-0.515	-1.418	-17.517	138
C	0.409	-2.174	-16.56	138
N	1.356	-1.557	-15.816	139
CA	2.257	-2.333	-14.973	139
C	1.496	-3.195	-13.958	139
N	2.033	-4.375	-13.653	140
CA	1.37	-5.354	-12.792	140
C	2.375	-6.261	-12.055	140
N	2.006	-6.913	-10.938	141
CA	2.972	-7.464	-9.978	141
C	3.693	-8.758	-10.409	141
N	3.249	-9.423	-11.48	142
CA	3.828	-10.659	-12.035	142
C	4.684	-10.409	-13.291	142
N	5.161	-9.18	-13.489	143
CA	6.27	-8.885	-14.4	143
C	7.393	-8.205	-13.624	143
N	8.63	-8.399	-14.072	144
CA	9.78	-7.741	-13.46	144
C	9.749	-6.221	-13.655	144
N	9.554	-5.765	-14.893	145
CA	9.475	-4.353	-15.27	145
C	8.096	-3.76	-14.941	145
N	7.649	-3.932	-13.698	146
CA	6.35	-3.491	-13.191	146
C	6.331	-1.992	-12.83	146
N	6.923	-1.169	-13.696	147
CA	7.02	0.278	-13.55	147
C	7.093	0.979	-14.914	147
N	6.647	2.232	-14.964	148
CA	6.811	3.154	-16.085	148
C	7.223	4.53	-15.567	148
N	8.157	5.153	-16.276	149
CA	8.575	6.533	-16.058	149
C	8.532	7.279	-17.384	149
N	8.192	8.56	-17.357	150
CA	8.259	9.36	-18.565	150
C	7.921	10.816	-18.382	150
N	7.894	11.507	-19.513	151
CA	7.529	12.911	-19.597	151
C	6.496	13.136	-20.698	151
N	5.741	14.217	-20.549	152
CA	4.902	14.808	-21.588	152
C	5.484	16.188	-21.863	152
N	6.18	16.334	-22.987	153
CA	6.873	17.564	-23.349	153
C	5.948	18.471	-24.165	153
N	5.374	19.469	-23.498	154
CA	4.673	20.605	-24.108	154
C	5.682	21.607	-24.694	154
N	5.225	22.769	-25.161	155
CA	6.091	23.78	-25.784	155
C	7.13	24.359	-24.807	155
N	6.685	24.832	-23.64	156
CA	7.468	25.609	-22.667	156
C	7.573	24.971	-21.271	156
N	7.027	23.77	-21.095	157
CA	7.053	22.997	-19.857	157
C	6.947	21.497	-20.163	157
N	7.13	20.659	-19.147	158
CA	6.855	19.23	-19.242	158
C	6.309	18.668	-17.931	158
N	5.426	17.679	-18.031	159
CA	4.96	16.895	-16.879	159
C	5.774	15.615	-16.794	159
N	6.415	15.354	-15.656	160
CA	6.974	14.037	-15.353	160
C	5.879	13.12	-14.802	160
N	5.892	11.84	-15.18	161
CA	5.035	10.808	-14.603	161
C	5.836	9.588	-14.137	161
N	5.399	9.004	-13.023	162
CA	5.852	7.712	-12.521	162
C	4.638	6.835	-12.206	162
N	4.661	5.588	-12.665	163
CA	3.667	4.561	-12.359	163
C	4.407	3.317	-11.909	163
N	4.371	3.026	-10.613	164
CA	5.201	1.988	-9.996	164
C	4.278	1.005	-9.288	164
N	4.474	-0.298	-9.494	165
CA	3.727	-1.299	-8.747	165
C	3.954	-1.14	-7.241	165
N	2.863	-1.154	-6.474	166
CA	2.887	-1.104	-5.012	166
C	3.7	-2.275	-4.425	166
N	3.872	-3.362	-5.191	167
CA	4.815	-4.449	-4.913	167
C	6.235	-3.96	-4.547	167
N	6.703	-2.872	-5.165	168
CA	8.064	-2.354	-5.019	168
C	8.172	-1.174	-4.045	168
N	7.056	-0.525	-3.7	169
CA	7.054	0.794	-3.052	169
C	5.897	0.963	-2.072	169
N	6.025	1.935	-1.18	170
CA	4.946	2.483	-0.361	170
C	5.04	4.025	-0.382	170
N	4.206	4.785	0.363	171
CA	4.193	6.249	0.292	171
C	5.542	6.957	0.48	171
N	6.55	6.315	1.088	172
CA	7.891	6.899	1.208	172
C	8.56	7.161	-0.149	172
N	8.128	6.481	-1.218	173
CA	8.64	6.69	-2.578	173
C	8.497	8.138	-3.053	173
N	7.503	8.889	-2.564	174
CA	7.303	10.298	-2.939	174
C	8.534	11.138	-2.587	174
N	9.044	10.997	-1.359	175
CA	10.252	11.701	-0.923	175
C	11.51	11.209	-1.642	175
N	11.592	9.903	-1.917	176
CA	12.717	9.309	-2.656	176
C	12.758	9.82	-4.097	176
N	11.629	9.849	-4.811	177
CA	11.547	10.371	-6.178	177
C	11.857	11.868	-6.238	177
N	11.445	12.649	-5.237	178
CA	11.813	14.062	-5.174	178
C	13.34	14.252	-5.148	178
N	14.059	13.461	-4.352	179
CA	15.524	13.541	-4.277	179
C	16.17	12.931	-5.531	179
N	15.831	11.685	-5.846	180
CA	16.552	10.878	-6.832	180
C	16.145	11.161	-8.282	180
N	14.998	11.813	-8.511	181
CA	14.597	12.319	-9.829	181
C	14.735	13.834	-9.881	181
N	13.981	14.587	-9.075	182
CA	13.914	16.043	-9.243	182
C	15.216	16.758	-8.834	182
N	15.76	16.493	-7.64	183
CA	17.031	17.107	-7.222	183
C	18.218	16.587	-8.046	183
N	18.263	15.28	-8.329	184
CA	19.268	14.675	-9.213	184
C	19.259	15.316	-10.608	184
N	18.084	15.45	-11.232	185
CA	17.933	16.117	-12.526	185
C	18.452	17.556	-12.472	185
N	18.096	18.3	-11.42	186
CA	18.475	19.708	-11.251	186
C	19.994	19.898	-11.162	186
N	20.694	19.046	-10.405	187
CA	22.159	19.042	-10.353	187
C	22.773	18.763	-11.739	187
N	22.304	17.71	-12.419	188
CA	22.851	17.289	-13.712	188
C	22.666	18.333	-14.822	188
N	21.533	19.044	-14.858	189
CA	21.328	20.13	-15.836	189
C	22.08	21.409	-15.469	189
N	22.421	21.596	-14.188	190
CA	23.342	22.634	-13.719	190
C	24.806	22.385	-14.106	190
N	25.131	21.18	-14.588	191
CA	26.495	20.764	-14.925	191
C	27.248	20.112	-13.764	191
N	26.578	19.897	-12.631	192
CA	27.134	19.204	-11.476	192
C	27.171	17.681	-11.703	192
N	28.036	16.95	-10.977	193
CA	27.951	15.498	-10.926	193
C	26.623	15.031	-10.296	193
N	26.281	13.737	-10.445	194
CA	25.206	13.115	-9.678	194
C	25.32	13.445	-8.186	194
N	24.199	13.78	-7.542	195
CA	24.203	14.113	-6.114	195
C	24.662	12.91	-5.282	195
N	25.475	13.172	-4.262	196
CA	25.882	12.149	-3.302	196
C	24.678	11.713	-2.464	196
N	24.415	10.408	-2.444	197
CA	23.31	9.814	-1.701	197
C	23.86	8.924	-0.583	197
N	23.203	8.866	0.591	198
CA	23.58	7.898	1.615	198
C	23.439	6.465	1.071	198
N	24.055	5.45	1.696	199
CA	23.819	4.069	1.289	199
C	22.324	3.735	1.407	199
N	21.753	3.2	0.323	200
CA	20.402	2.653	0.33	200
C	20.363	1.43	1.255	200
N	19.28	1.284	2.013	201
CA	19.025	0.024	2.701	201
C	18.506	-1.041	1.731	201
N	18.458	-2.293	2.192	202
CA	18.021	-3.45	1.4	202
C	16.68	-3.955	1.908	202
N	15.689	-4.036	1.031	203
CA	14.386	-4.598	1.354	203
C	14.437	-6.121	1.514	203
N	15.387	-6.791	0.864	204
CA	15.611	-8.224	1.051	204
C	15.998	-8.554	2.51	204
N	16.817	-7.713	3.161	205
CA	17.142	-7.844	4.592	205
C	15.888	-7.708	5.478	205
N	14.954	-6.824	5.099	206
CA	13.67	-6.68	5.786	206
C	12.818	-7.944	5.635	206
N	12.754	-8.531	4.436	207
CA	12.011	-9.768	4.191	207
C	12.537	-10.911	5.073	207
N	13.859	-11.118	5.112	208
CA	14.484	-12.142	5.971	208
C	14.163	-11.898	7.449	208
N	14.306	-10.652	7.924	209
CA	13.998	-10.282	9.315	209
C	12.53	-10.525	9.662	209
N	11.603	-10.101	8.805	210
CA	10.166	-10.244	9.038	210
C	9.764	-11.72	9.186	210
N	10.354	-12.625	8.4	211
CA	10.087	-14.061	8.524	211
C	10.675	-14.655	9.807	211
N	11.87	-14.232	10.228	212
CA	12.427	-14.646	11.517	212
C	11.551	-14.178	12.698	212
N	11.135	-12.908	12.689	213
CA	10.313	-12.315	13.748	213
C	8.919	-12.963	13.826	213
N	8.304	-13.278	12.681	214
CA	6.978	-13.921	12.626	214
C	7.021	-15.415	12.937	214
N	8.099	-16.118	12.578	215
CA	8.306	-17.519	12.943	215
C	8.447	-17.713	14.463	215
N	8.956	-16.706	15.181	216
CA	9.033	-16.71	16.643	216
C	7.667	-16.535	17.339	216
N	6.62	-16.14	16.605	217
CA	5.275	-15.985	17.152	217
C	4.538	-17.321	17.221	217
N	3.792	-17.48	18.307	218
CA	2.821	-18.554	18.535	218
C	1.419	-17.969	18.684	218
N	0.383	-18.81	18.587	219
CA	-1.005	-18.388	18.824	219
C	-1.194	-17.725	20.204	219
N	-0.414	-18.15	21.199	220
CA	-0.478	-17.652	22.576	220
C	0.36	-16.387	22.824	220
N	1.148	-15.94	21.842	221
CA	1.939	-14.713	21.957	221
C	1.026	-13.502	22.164	221
N	1.35	-12.622	23.12	222
CA	0.47	-11.513	23.513	222
C	0.029	-10.623	22.332	222
N	0.943	-10.324	21.397	223
CA	0.636	-9.534	20.189	223
C	-0.319	-10.256	19.232	223
N	-0.207	-11.583	19.121	224
CA	-1.112	-12.417	18.31	224
C	-2.483	-12.482	18.971	224
N	-2.545	-12.761	20.279	225
CA	-3.801	-12.745	21.043	225
C	-4.534	-11.412	20.933	225
N	-3.819	-10.284	20.977	226
CA	-4.443	-8.962	20.838	226
C	-5.098	-8.753	19.468	226
N	-4.479	-9.248	18.394	227
CA	-5.075	-9.265	17.053	227
C	-6.266	-10.221	16.952	227
N	-6.181	-11.399	17.581	228
CA	-7.295	-12.356	17.662	228
C	-8.495	-11.722	18.364	228
N	-8.285	-11.091	19.52	229
CA	-9.324	-10.38	20.276	229
C	-9.934	-9.239	19.456	229
N	-9.106	-8.455	18.756	230
CA	-9.595	-7.396	17.872	230
C	-10.493	-7.95	16.761	230
N	-10.075	-9.029	16.098	231
CA	-10.88	-9.646	15.054	231
C	-12.151	-10.311	15.61	231
N	-12.091	-10.944	16.785	232
CA	-13.254	-11.532	17.451	232
C	-14.299	-10.472	17.84	232
N	-13.859	-9.297	18.304	233
CA	-14.732	-8.147	18.565	233
C	-15.378	-7.581	17.284	233
N	-14.851	-7.944	16.11	234
CA	-15.292	-7.5	14.789	234
C	-15.783	-8.679	13.926	234
N	-16.547	-9.601	14.523	235
CA	-17.187	-10.726	13.815	235
C	-16.182	-11.688	13.129	235
N	-15.067	-11.957	13.814	236
CA	-14.027	-12.904	13.395	236
C	-13.119	-12.406	12.262	236
N	-13.091	-11.097	11.989	237
CA	-12.344	-10.479	10.879	237
C	-11.888	-9.05	11.218	237
N	-11.118	-8.406	10.333	238
CA	-10.887	-6.957	10.385	238
C	-12.205	-6.16	10.223	238
N	-12.298	-4.929	10.771	239
CA	-13.521	-4.126	10.774	239
C	-14.112	-3.877	9.384	239
N	-15.439	-3.949	9.307	240
CA	-16.233	-3.594	8.132	240
C	-16.645	-2.12	8.206	240
N	-16.847	-1.464	7.062	241
CA	-17.405	-0.113	7.045	241
C	-18.79	-0.109	7.724	241
N	-19.074	0.828	8.645	242
CA	-20.239	0.758	9.537	242
C	-21.577	1.047	8.838	242
N	-21.537	1.597	7.621	243
CA	-22.706	1.981	6.832	243
C	-22.875	1.058	5.614	243
N	-24.1	0.925	5.069	244
CA	-24.347	0.056	3.926	244
C	-23.557	0.496	2.687	244
N	-23.133	-0.499	1.909	245
CA	-22.562	-0.349	0.57	245
C	-23.55	-0.916	-0.473	245
N	-23.113	-1.045	-1.727	246
CA	-23.863	-1.731	-2.785	246
C	-23.65	-3.248	-2.807	246
N	-24.151	-3.9	-3.858	247
CA	-23.861	-5.31	-4.137	247
C	-22.394	-5.482	-4.565	247
N	-21.575	-6.028	-3.663	248
CA	-20.139	-6.23	-3.878	248
C	-19.812	-7.47	-4.729	248
N	-20.816	-8.254	-5.146	249
CA	-20.619	-9.332	-6.125	249
C	-20.445	-8.793	-7.55	249
N	-20.93	-7.573	-7.809	250
CA	-20.729	-6.839	-9.06	250
C	-19.46	-5.977	-8.94	250
N	-18.507	-6.061	-9.889	251
CA	-17.205	-5.408	-9.765	251
C	-17.255	-3.919	-10.141	251
N	-17.838	-3.098	-9.27	252
CA	-17.791	-1.642	-9.402	252
C	-16.352	-1.117	-9.269	252
N	-15.994	-0.124	-10.086	253
CA	-14.714	0.584	-9.955	253
C	-14.659	1.413	-8.674	253
N	-13.463	1.838	-8.282	254
CA	-13.254	2.811	-7.223	254
C	-13.705	4.217	-7.623	254
N	-14.36	4.897	-6.684	255
CA	-14.693	6.319	-6.744	255
C	-13.998	7.057	-5.611	255
N	-13.476	8.238	-5.932	256
CA	-12.886	9.159	-4.971	256
C	-13.897	10.23	-4.553	256
N	-13.881	10.583	-3.271	257
CA	-14.512	11.785	-2.731	257
C	-13.508	12.502	-1.826	257
N	-13.253	13.779	-2.106	258
CA	-12.311	14.62	-1.357	258
C	-13.029	15.841	-0.799	258
N	-12.685	16.222	0.428	259
CA	-13.232	17.392	1.114	259
C	-12.156	18.053	1.99	259
N	-12.179	19.383	2.068	260
CA	-11.367	20.157	3.01	260
C	-12.076	20.202	4.36	260
N	-11.391	19.739	5.404	261
CA	-11.902	19.67	6.771	261
C	-11.687	20.979	7.532	261
N	-10.477	21.538	7.444	262
CA	-10.032	22.691	8.233	262
C	-9.055	23.557	7.436	262
N	-9.054	24.863	7.695	263
CA	-7.961	25.763	7.306	263
C	-6.769	25.692	8.289	263
N	-5.728	26.492	8.041	264
CA	-4.529	26.587	8.887	264
C	-4.852	26.965	10.338	264
N	-5.673	27.998	10.526	265
CA	-5.997	28.554	11.839	265
C	-6.827	27.568	12.669	265
N	-7.769	26.881	12.026	266
CA	-8.501	25.765	12.612	266
C	-7.563	24.597	12.934	266
N	-6.582	24.305	12.075	267
CA	-5.566	23.279	12.314	267
C	-4.736	23.528	13.579	267
N	-4.263	24.759	13.788	268
CA	-3.526	25.162	14.998	268
C	-4.384	25.017	16.265	268
N	-5.638	25.494	16.226	269
CA	-6.57	25.371	17.361	269
C	-6.941	23.921	17.658	269
N	-7.154	23.112	16.623	270
CA	-7.451	21.69	16.761	270
C	-6.291	20.938	17.42	270
N	-5.049	21.223	17.015	271
CA	-3.869	20.643	17.657	271
C	-3.766	21.056	19.129	271
N	-3.963	22.342	19.438	272
CA	-3.959	22.834	20.813	272
C	-5.038	22.156	21.68	272
N	-6.244	21.946	21.139	273
CA	-7.314	21.212	21.813	273
C	-6.929	19.746	22.076	273
N	-6.291	19.074	21.11	274
CA	-5.773	17.718	21.308	274
C	-4.74	17.672	22.442	274
N	-3.78	18.603	22.454	275
CA	-2.741	18.679	23.495	275
C	-3.364	18.915	24.872	275
N	-4.325	19.837	24.986	276
CA	-5.048	20.097	26.233	276
C	-5.828	18.867	26.736	276
N	-6.363	18.05	25.824	277
CA	-7.04	16.797	26.152	277
C	-6.086	15.657	26.581	277
N	-4.766	15.839	26.472	278
CA	-3.773	14.782	26.687	278
C	-3.646	13.825	25.496	278
N	-3.908	14.321	24.288	279
CA	-3.774	13.618	23.019	279
C	-2.868	14.406	22.054	279
N	-2.708	13.909	20.826	280
CA	-2.069	14.633	19.714	280
C	-3.017	14.669	18.521	280
N	-2.624	15.374	17.459	281
CA	-3.425	15.512	16.238	281
C	-3.945	14.158	15.723	281
N	-3.088	13.128	15.695	282
CA	-3.46	11.767	15.279	282
C	-4.594	11.161	16.113	282
N	-4.555	11.305	17.442	283
CA	-5.621	10.814	18.317	283
C	-6.914	11.595	18.103	283
N	-6.802	12.901	17.842	284
CA	-7.921	13.743	17.426	284
C	-8.569	13.286	16.117	284
N	-7.782	12.833	15.134	285
CA	-8.3	12.311	13.855	285
C	-9.187	11.086	14.067	285
N	-8.694	10.082	14.795	286
CA	-9.483	8.881	15.086	286
C	-10.677	9.183	15.999	286
N	-10.559	10.151	16.914	287
CA	-11.688	10.609	17.718	287
C	-12.78	11.278	16.874	287
N	-12.421	12.109	15.891	288
CA	-13.39	12.691	14.961	288
C	-14.098	11.61	14.136	288
N	-13.365	10.612	13.634	289
CA	-13.962	9.488	12.913	289
C	-14.92	8.67	13.794	289
N	-14.505	8.363	15.022	290
CA	-15.298	7.608	15.983	290
C	-16.574	8.356	16.413	290
N	-16.474	9.659	16.694	291
CA	-17.625	10.482	17.073	291
C	-18.59	10.708	15.903	291
N	-18.083	10.805	14.674	292
CA	-18.928	10.876	13.487	292
C	-19.709	9.571	13.289	292
N	-19.067	8.421	13.507	293
CA	-19.749	7.128	13.45	293
C	-20.8	7.005	14.558	293
N	-20.502	7.486	15.771	294
CA	-21.475	7.563	16.869	294
C	-22.714	8.369	16.476	294
N	-22.549	9.549	15.873	295
CA	-23.678	10.388	15.435	295
C	-24.534	9.692	14.358	295
N	-23.924	8.869	13.497	296
CA	-24.605	8.204	12.379	296
C	-25.184	6.824	12.712	296
N	-24.638	6.133	13.711	297
CA	-24.961	4.721	13.984	297
C	-25.397	4.451	15.42	297
N	-25.133	5.374	16.352	298
CA	-25.265	5.164	17.797	298
C	-24.458	3.957	18.328	298
N	-23.345	3.593	17.678	299
CA	-22.44	2.556	18.174	299
C	-21.795	2.945	19.521	299
N	-21.438	1.94	20.325	300
CA	-20.779	2.141	21.626	300
C	-19.257	2.311	21.496	300
N	-18.674	1.642	20.501	301
CA	-17.244	1.614	20.196	301
C	-17.028	1.709	18.694	301
N	-16.001	2.454	18.305	302
CA	-15.488	2.535	16.945	302
C	-14.256	1.642	16.806	302
N	-14.263	0.751	15.817	303
CA	-13.131	-0.107	15.479	303
C	-12.723	0.078	14.013	303
N	-11.427	0.277	13.773	304
CA	-10.86	0.399	12.422	304
C	-9.418	-0.095	12.407	304
N	-8.884	-0.428	11.233	305
CA	-7.428	-0.536	11.065	305
C	-6.877	0.744	10.456	305
N	-5.774	1.256	11.001	306
CA	-5.02	2.345	10.366	306
C	-3.672	1.869	9.857	306
N	-3.211	2.419	8.741	307
CA	-1.859	2.153	8.239	307
C	-0.796	2.873	9.072	307
N	0.391	2.282	9.211	308
CA	1.595	2.949	9.742	308
C	2.841	2.469	9.003	308
N	3.867	3.314	8.913	309
CA	5.207	2.879	8.504	309
C	5.842	2.051	9.637	309
N	6.377	0.867	9.318	310
CA	7.077	-0.002	10.276	310
C	8.599	0.135	10.238	310
N	9.166	1.02	9.407	311
CA	10.599	1.355	9.44	311
C	10.969	1.921	10.813	311
N	12.083	1.46	11.389	312
CA	12.55	1.885	12.723	312
C	14.015	2.303	12.721	312
N	14.87	1.549	12.04	313
CA	16.312	1.812	11.996	313
C	16.672	2.822	10.902	313
N	17.817	3.525	11.006	314
CA	18.275	4.416	9.941	314
C	18.413	3.728	8.574	314
N	18.773	2.441	8.542	315
CA	18.852	1.663	7.296	315
C	17.469	1.454	6.689	315
N	16.482	1.045	7.488	316
CA	15.093	0.874	7.036	316
C	14.496	2.197	6.541	316
N	14.745	3.308	7.248	317
CA	14.346	4.663	6.83	317
C	14.931	5.087	5.47	317
N	16.023	4.451	5.028	318
CA	16.647	4.636	3.706	318
C	16.398	3.461	2.753	318
N	15.437	2.595	3.061	319
CA	15.068	1.439	2.235	319
C	13.768	1.739	1.5	319
N	13.816	1.811	0.172	320
CA	12.606	1.795	-0.665	320
C	11.967	0.412	-0.591	320
N	10.644	0.347	-0.457	321
CA	9.917	-0.917	-0.338	321
C	8.602	-0.768	0.401	321
N	7.887	-1.878	0.574	322
CA	6.569	-1.891	1.203	322
C	6.653	-2.219	2.703	322
N	6.75	-1.203	3.568	323
CA	6.788	-1.363	5.038	323
C	5.468	-0.986	5.718	323
N	4.415	-0.695	4.957	324
CA	3.105	-0.394	5.537	324
C	2.592	-1.58	6.36	324
N	2.38	-1.354	7.655	325
CA	1.697	-2.262	8.576	325
C	0.323	-1.725	8.975	325
N	-0.45	-2.534	9.703	326
CA	-1.779	-2.168	10.205	326
C	-1.767	-2.029	11.726	326
N	-2.465	-1.033	12.254	327
CA	-2.686	-0.849	13.69	327
C	-4.176	-1.034	13.971	327
N	-4.573	-1.938	14.885	328
CA	-5.959	-2.05	15.316	328
C	-6.297	-0.878	16.245	328
N	-7.258	-0.056	15.838	329
CA	-7.736	1.103	16.588	329
C	-9.094	0.768	17.179	329
N	-9.228	0.969	18.489	330
CA	-10.492	0.853	19.221	330
C	-10.721	2.123	20.028	330
N	-11.877	2.76	19.848	331
CA	-12.251	3.993	20.553	331
C	-13.635	3.828	21.187	331
N	-13.754	3.809	22.526	332
CA	-15.051	3.89	23.187	332
C	-15.632	5.301	23.035	332
N	-16.9	5.399	22.63	333
CA	-17.539	6.675	22.246	333
C	-18.796	7.019	23.05	333
N	-19.114	6.251	24.095	334
CA	-20.326	6.436	24.899	334
C	-20.526	7.881	25.413	334
N	-19.461	8.54	25.894	335
CA	-19.535	9.897	26.466	335
C	-19.909	10.985	25.452	335
N	-19.617	10.782	24.163	336
CA	-19.759	11.804	23.121	336
C	-18.79	12.994	23.232	336
N	-17.863	12.995	24.199	337
CA	-16.91	14.09	24.415	337
C	-15.6	13.859	23.651	337
N	-15.128	14.904	22.96	338
CA	-13.878	14.875	22.194	338
C	-12.672	14.527	23.069	338
N	-12.497	15.186	24.216	339
CA	-11.327	14.995	25.079	339
C	-11.118	13.539	25.51	339
N	-12.196	12.853	25.905	340
CA	-12.118	11.439	26.28	340
C	-11.827	10.543	25.08	340
N	-12.465	10.808	23.935	341
CA	-12.266	10.021	22.724	341
C	-10.831	10.18	22.195	341
N	-10.321	11.413	22.113	342
CA	-8.97	11.721	21.647	342
C	-7.9	11.074	22.528	342
N	-8.08	11.094	23.855	343
CA	-7.148	10.46	24.795	343
C	-7.062	8.949	24.592	343
N	-8.202	8.26	24.512	344
CA	-8.213	6.796	24.341	344
C	-7.762	6.4	22.936	344
N	-8.181	7.137	21.907	345
CA	-7.729	6.915	20.54	345
C	-6.211	7.092	20.399	345
N	-5.628	8.087	21.079	346
CA	-4.179	8.277	21.1	346
C	-3.458	7.098	21.764	346
N	-3.978	6.595	22.89	347
CA	-3.443	5.396	23.553	347
C	-3.523	4.187	22.613	347
N	-4.66	3.974	21.94	348
CA	-4.834	2.868	20.99	348
C	-3.849	2.963	19.824	348
N	-3.659	4.157	19.257	349
CA	-2.721	4.37	18.156	349
C	-1.269	4.139	18.577	349
N	-0.854	4.684	19.723	350
CA	0.537	4.627	20.181	350
C	0.925	3.225	20.646	350
N	0.102	2.611	21.501	351
CA	0.334	1.236	21.964	351
C	0.203	0.218	20.828	351
N	-0.668	0.489	19.854	352
CA	-0.877	-0.362	18.694	352
C	0.27	-0.345	17.676	352
N	1.213	0.611	17.739	353
CA	2.392	0.621	16.844	353
C	3.247	-0.633	16.952	353
N	3.275	-1.278	18.113	354
CA	4.019	-2.525	18.277	354
C	3.35	-3.724	17.576	354
N	2.034	-3.642	17.348	355
CA	1.241	-4.664	16.66	355
C	1.378	-4.599	15.136	355
N	1.761	-3.446	14.579	356
CA	1.885	-3.253	13.131	356
C	2.981	-4.091	12.465	356
N	3.928	-4.596	13.256	357
CA	4.969	-5.528	12.792	357
C	4.515	-6.989	12.782	357
N	3.278	-7.278	13.207	358
CA	2.655	-8.604	13.13	358
C	1.637	-8.588	11.986	358
N	1.962	-9.161	10.813	359
CA	1.021	-9.247	9.703	359
C	-0.219	-10.05	10.1	359
N	-1.411	-9.589	9.715	360
CA	-2.649	-10.301	10.049	360
C	-2.721	-11.692	9.395	360
N	-2.084	-11.888	8.235	361
CA	-1.96	-13.216	7.616	361
C	-1.229	-14.207	8.537	361
N	-0.203	-13.761	9.28	362
CA	0.467	-14.605	10.281	362
C	-0.469	-14.991	11.43	362
N	-1.386	-14.102	11.81	363
CA	-2.413	-14.4	12.82	363
C	-3.37	-15.47	12.295	363
N	-3.786	-15.377	11.028	364
CA	-4.635	-16.38	10.378	364
C	-3.936	-17.743	10.24	364
N	-2.636	-17.773	9.935	365
CA	-1.837	-19.01	9.886	365
C	-1.742	-19.718	11.245	365
N	-1.614	-18.945	12.328	366
CA	-1.515	-19.468	13.693	366
C	-2.882	-19.841	14.281	366
N	-3.955	-19.222	13.786	367
CA	-5.313	-19.453	14.245	367
C	-5.769	-20.881	13.928	367
N	-6.509	-21.466	14.867	368
CA	-7.157	-22.772	14.704	368
C	-8.644	-22.569	14.41	368
N	-9.377	-23.591	13.935	369
CA	-10.824	-23.487	13.754	369
C	-11.561	-22.969	15.001	369
N	-11.121	-23.354	16.204	370
CA	-11.725	-22.925	17.475	370
C	-11.411	-21.464	17.829	370
N	-10.413	-20.86	17.173	371
CA	-10.121	-19.423	17.298	371
C	-11.195	-18.579	16.6	371
N	-11.942	-19.156	15.647	372
CA	-13.096	-18.503	15.022	372
C	-12.751	-17.342	14.083	372
N	-11.539	-17.318	13.518	373
CA	-11.114	-16.281	12.574	373
C	-11.251	-16.726	11.119	373
N	-11.399	-15.744	10.23	374
CA	-11.406	-15.929	8.774	374
C	-10.745	-14.74	8.069	374
N	-10.203	-14.922	6.85	375
CA	-9.772	-13.791	6.037	375
C	-10.942	-12.819	5.786	375
N	-10.665	-11.508	5.662	376
CA	-11.709	-10.507	5.502	376
C	-12.474	-10.675	4.191	376
N	-13.798	-10.522	4.281	377
CA	-14.695	-10.391	3.124	377
C	-14.664	-8.944	2.591	377
N	-15.148	-8.679	1.362	378
CA	-15.338	-7.316	0.863	378
C	-16.126	-6.423	1.836	378
N	-15.77	-5.14	1.868	379
CA	-16.382	-4.082	2.671	379
C	-15.568	-3.655	3.897	379
N	-14.316	-4.11	4.035	380
CA	-13.442	-3.699	5.138	380
C	-13.175	-2.178	5.145	380
N	-12.877	-1.618	6.32	381
CA	-12.59	-0.19	6.492	381
C	-11.142	0.043	6.933	381
N	-10.413	0.866	6.174	382
CA	-9.009	1.205	6.434	382
C	-8.844	2.716	6.474	382
N	-8.203	3.214	7.525	383
CA	-7.838	4.62	7.659	383
C	-6.331	4.843	7.51	383
N	-5.966	6.085	7.228	384
CA	-4.597	6.575	7.278	384
C	-4.611	8.03	7.729	384
N	-3.737	8.38	8.67	385
CA	-3.411	9.772	8.965	385
C	-2.013	10.079	8.431	385
N	-1.907	11.109	7.593	386
CA	-0.652	11.576	7.024	386
C	-0.436	13.031	7.427	386
N	0.686	13.29	8.089	387
CA	1.148	14.649	8.334	387
C	2.124	15.048	7.223	387
N	1.609	15.764	6.227	388
CA	2.386	16.302	5.121	388
C	2.963	17.694	5.428	388
N	2.75	18.237	6.634	389
CA	3.391	19.483	7.071	389
C	4.837	19.262	7.538	389
N	5.206	18.01	7.843	390
CA	6.555	17.589	8.233	390
C	7.287	16.85	7.096	390
N	8.621	16.882	7.133	391
CA	9.478	16.231	6.144	391
C	9.248	14.699	6.082	391
N	9.425	14.056	4.907	392
CA	9.858	14.646	3.634	392
C	8.715	15.256	2.805	392
N	7.453	14.968	3.142	393
CA	6.299	15.412	2.355	393
C	6.131	16.933	2.359	393
N	6.537	17.616	3.434	394
CA	6.539	19.084	3.519	394
C	7.28	19.743	2.355	394
N	8.466	19.241	1.997	395
CA	9.259	19.804	0.894	395
C	8.539	19.674	-0.444	395
N	7.842	18.557	-0.666	396
CA	7.066	18.324	-1.893	396
C	5.788	19.163	-1.892	396
N	5.054	19.175	-0.778	397
CA	3.778	19.87	-0.639	397
C	3.915	21.399	-0.717	397
N	5.057	21.932	-0.274	398
CA	5.382	23.36	-0.275	398
C	6.284	23.773	-1.452	398
N	6.508	22.877	-2.415	399
CA	7.225	23.194	-3.648	399
C	6.304	23.883	-4.66	399
N	6.891	24.651	-5.58	400
CA	6.198	25.19	-6.76	400
C	5.777	24.085	-7.751	400
N	6.27	22.859	-7.55	401
CA	5.873	21.676	-8.301	401
C	4.405	21.333	-8.027	401
N	3.612	21.233	-9.087	402
CA	2.241	20.742	-9.002	402
C	2.201	19.207	-8.838	402
N	2.578	18.711	-7.656	403
CA	2.604	17.279	-7.353	403
C	1.186	16.695	-7.224	403
N	0.906	15.617	-7.964	404
CA	-0.412	14.966	-8.052	404
C	-0.291	13.452	-7.897	404
N	-1.279	12.844	-7.242	405
CA	-1.454	11.39	-7.122	405
C	-2.658	10.963	-7.96	405
N	-2.566	9.797	-8.602	406
CA	-3.675	9.212	-9.345	406
C	-4.051	7.828	-8.816	406
N	-5.333	7.646	-8.5	407
CA	-5.935	6.319	-8.339	407
C	-6.233	5.737	-9.724	407
N	-5.947	4.46	-9.936	408
CA	-6.112	3.803	-11.236	408
C	-7.574	3.554	-11.652	408
N	-8.549	3.744	-10.757	409
CA	-9.972	3.615	-11.067	409
C	-10.416	2.182	-11.354	409
N	-9.738	1.192	-10.764	410
CA	-10.023	-0.246	-10.902	410
C	-10.997	-0.756	-9.844	410
N	-11.28	-2.063	-9.818	411
CA	-12.286	-2.636	-8.906	411
C	-11.977	-2.275	-7.449	411
N	-12.987	-1.802	-6.715	412
CA	-12.86	-1.479	-5.292	412
C	-13.777	-2.365	-4.459	412
N	-13.199	-3.01	-3.447	413
CA	-13.899	-3.912	-2.532	413
C	-13.934	-3.39	-1.095	413
N	-13.426	-2.189	-0.823	414
CA	-13.271	-1.668	0.536	414
C	-13.453	-0.154	0.581	414
N	-13.507	0.398	1.792	415
CA	-13.424	1.843	2.013	415
C	-12.039	2.17	2.563	415
N	-11.288	3.002	1.847	416
CA	-9.987	3.522	2.281	416
C	-10.096	5.028	2.492	416
N	-9.739	5.519	3.677	417
CA	-9.866	6.928	4.059	417
C	-8.514	7.506	4.478	417
N	-8.048	8.524	3.759	418
CA	-6.82	9.255	4.061	418
C	-7.158	10.644	4.591	418
N	-6.787	10.917	5.84	419
CA	-6.825	12.259	6.427	419
C	-5.424	12.853	6.336	419
N	-5.292	13.956	5.603	420
CA	-4.01	14.578	5.286	420
C	-3.952	15.98	5.89	420
N	-2.99	16.215	6.783	421
CA	-2.661	17.552	7.287	421
C	-1.573	18.161	6.406	421
N	-1.843	19.32	5.824	422
CA	-0.868	20.159	5.124	422
C	-0.567	21.409	5.958	422
N	0.366	22.246	5.495	423
CA	0.68	23.514	6.159	423
C	-0.546	24.439	6.259	423
N	-1.328	24.567	5.18	424
CA	-2.405	25.567	5.096	424
C	-3.83	25.01	5.233	424
N	-3.987	23.686	5.302	425
CA	-5.296	23.036	5.398	425
C	-5.178	21.58	5.85	425
N	-6.278	21.02	6.344	426
CA	-6.456	19.574	6.537	426
C	-7.561	19.08	5.613	426
N	-7.344	17.958	4.931	427
CA	-8.306	17.366	3.986	427
C	-8.57	15.903	4.317	427
N	-9.675	15.372	3.804	428
CA	-9.955	13.938	3.763	428
C	-10.198	13.511	2.322	428
N	-9.673	12.351	1.939	429
CA	-10.0	11.67	0.681	429
C	-10.444	10.25	0.989	429
N	-11.506	9.787	0.334	430
CA	-12.041	8.433	0.503	430
C	-12.148	7.74	-0.85	430
N	-11.596	6.528	-0.958	431
CA	-11.798	5.597	-2.072	431
C	-12.797	4.515	-1.65	431
N	-13.853	4.309	-2.436	432
CA	-14.924	3.35	-2.134	432
C	-15.564	2.779	-3.419	432
N	-16.39	1.714	-3.347	433
CA	-17.049	1.142	-4.525	433
C	-18.05	2.118	-5.167	433
N	-17.965	2.333	-6.481	434
CA	-18.781	3.315	-7.208	434
C	-20.226	2.847	-7.44	434
N	-21.059	3.031	-6.419	435
CA	-22.506	2.869	-6.492	435
C	-23.214	3.949	-5.643	435
N	-24.516	4.206	-5.88	436
CA	-25.248	5.254	-5.167	436
C	-25.292	5.063	-3.646	436
N	-25.456	3.823	-3.166	437
CA	-25.576	3.518	-1.73	437
C	-24.272	3.866	-1.005	437
N	-23.14	3.368	-1.51	438
CA	-21.831	3.674	-0.944	438
C	-21.5	5.174	-1.043	438
N	-21.882	5.835	-2.145	439
CA	-21.684	7.283	-2.313	439
C	-22.417	8.094	-1.242	439
N	-23.679	7.765	-0.957	440
CA	-24.47	8.434	0.081	440
C	-23.899	8.172	1.481	440
N	-23.592	6.91	1.799	441
CA	-22.987	6.521	3.077	441
C	-21.68	7.275	3.352	441
N	-20.77	7.328	2.373	442
CA	-19.483	8.024	2.522	442
C	-19.671	9.54	2.611	442
N	-20.569	10.13	1.815	443
CA	-20.846	11.566	1.872	443
C	-21.376	11.997	3.25	443
N	-22.331	11.246	3.809	444
CA	-22.872	11.503	5.144	444
C	-21.796	11.36	6.229	444
N	-20.904	10.372	6.095	445
CA	-19.818	10.184	7.052	445
C	-18.813	11.339	7.043	445
N	-18.397	11.802	5.86	446
CA	-17.51	12.967	5.727	446
C	-18.174	14.23	6.289	446
N	-19.47	14.441	6.034	447
CA	-20.197	15.604	6.539	447
C	-20.228	15.648	8.079	447
N	-20.571	14.529	8.729	448
CA	-20.542	14.413	10.188	448
C	-19.12	14.609	10.741	448
N	-18.123	13.997	10.097	449
CA	-16.726	14.114	10.504	449
C	-16.225	15.561	10.436	449
N	-16.475	16.266	9.326	450
CA	-16.123	17.685	9.148	450
C	-16.8	18.583	10.185	450
N	-18.083	18.357	10.475	451
CA	-18.811	19.068	11.54	451
C	-18.098	18.955	12.895	451
N	-17.625	17.757	13.247	452
CA	-16.921	17.515	14.511	452
C	-15.537	18.173	14.524	452
N	-14.79	18.144	13.412	453
CA	-13.528	18.89	13.29	453
C	-13.722	20.385	13.569	453
N	-14.714	21.009	12.926	454
CA	-15.038	22.431	13.115	454
C	-15.458	22.699	14.567	454
N	-16.33	21.855	15.141	455
CA	-16.776	21.979	16.54	455
C	-15.601	21.956	17.519	455
N	-14.619	21.085	17.303	456
CA	-13.427	20.991	18.155	456
C	-12.477	22.172	17.954	456
N	-12.259	22.609	16.71	457
CA	-11.346	23.708	16.398	457
C	-11.858	25.075	16.89	457
N	-13.175	25.306	16.853	458
CA	-13.762	26.627	17.121	458
C	-14.548	26.695	18.448	458
N	-15.051	25.565	18.959	459
CA	-15.985	25.52	20.093	459
C	-15.395	25.884	21.46	459
N	-14.087	25.725	21.67	460
CA	-13.409	26.081	22.935	460
C	-13.291	27.593	23.166	460
N	-13.494	28.427	22.139	461
CA	-13.531	29.889	22.288	461
C	-14.816	30.396	22.966	461
N	-15.91	29.625	22.956	462
CA	-17.163	30.039	23.595	462
C	-17.088	30.039	25.136	462
N	-16.144	29.303	25.727	463
CA	-15.939	29.225	27.185	463
C	-14.951	30.253	27.748	463
N	-14.365	31.122	26.913	464
CA	-13.373	32.13	27.325	464
C	-13.858	33.586	27.205	464
N	-15.17	33.848	27.277	465
CA	-15.636	35.177	27.709	465
C	-15.645	35.214	29.24	465
N	-14.769	35.993	29.905	466
CA	-15.059	36.419	31.263	466
C	-16.334	37.257	31.178	466
N	-17.348	36.892	31.952	467
CA	-18.467	37.79	32.174	467
C	-17.945	39.075	32.811	467
N	-18.213	40.195	32.129	468
CA	-18.336	41.585	32.628	468
C	-17.192	42.193	33.425	468
