ATOM	X	Y	Z	RESIDUE
N	-42.557	33.374	55.479	1
CA	-41.56	34.47	55.533	1
C	-40.468	34.12	54.524	1
N	-39.988	35.082	53.717	2
CA	-39.25	34.966	52.43	2
C	-40.206	35.072	51.217	2
N	-40.416	36.256	50.626	3
CA	-39.537	37.111	49.792	3
C	-39.733	36.825	48.297	3
N	-40.531	37.693	47.671	4
CA	-40.783	37.835	46.236	4
C	-39.51	38.275	45.487	4
N	-39.298	37.755	44.276	5
CA	-38.265	38.212	43.343	5
C	-38.637	37.848	41.906	5
N	-38.918	38.871	41.099	6
CA	-39.409	38.814	39.72	6
C	-38.355	38.298	38.72	6
N	-38.774	37.425	37.798	7
CA	-38.057	37.09	36.556	7
C	-38.369	38.089	35.435	7
N	-37.398	38.426	34.569	8
CA	-37.665	38.86	33.208	8
C	-37.374	37.727	32.212	8
N	-38.36	37.45	31.362	9
CA	-38.266	36.542	30.224	9
C	-37.324	37.111	29.152	9
N	-36.383	36.294	28.679	10
CA	-35.589	36.54	27.466	10
C	-36.179	35.672	26.348	10
N	-36.615	36.235	25.206	11
CA	-37.087	35.432	24.091	11
C	-35.895	34.908	23.28	11
N	-35.866	33.589	23.101	12
CA	-34.972	32.87	22.201	12
C	-35.274	33.29	20.748	12
N	-34.321	33.948	20.087	13
CA	-34.347	34.2	18.645	13
C	-33.89	32.933	17.909	13
N	-34.842	32.208	17.33	14
CA	-34.596	31.142	16.349	14
C	-34.216	31.754	14.993	14
N	-33.162	31.289	14.297	15
CA	-32.9	31.72	12.93	15
C	-33.935	31.099	11.977	15
N	-34.464	31.926	11.076	16
CA	-35.522	31.581	10.133	16
C	-35.103	30.474	9.131	16
N	-36.043	29.622	8.67	17
CA	-35.774	28.443	7.834	17
C	-35.47	28.766	6.357	17
N	-35.209	30.027	6.012	18
CA	-35.08	30.463	4.614	18
C	-33.696	30.218	4.012	18
N	-32.649	30.034	4.824	19
CA	-31.281	29.786	4.321	19
C	-31.08	28.319	3.919	19
N	-31.729	27.388	4.622	20
CA	-31.608	25.949	4.366	20
C	-32.394	25.509	3.12	20
N	-33.494	26.204	2.806	21
CA	-34.257	25.985	1.574	21
C	-33.531	26.535	0.33	21
N	-32.736	27.604	0.479	22
CA	-31.961	28.185	-0.624	22
C	-30.754	27.308	-1.006	22
N	-30.116	26.649	-0.027	23
CA	-29.057	25.662	-0.282	23
C	-29.594	24.391	-0.965	23
N	-30.809	23.95	-0.618	24
CA	-31.431	22.774	-1.238	24
C	-31.814	23.022	-2.711	24
N	-32.239	24.247	-3.042	25
CA	-32.574	24.652	-4.413	25
C	-31.34	24.771	-5.32	25
N	-30.185	25.18	-4.786	26
CA	-28.93	25.235	-5.549	26
C	-28.352	23.84	-5.846	26
N	-28.626	22.841	-5.001	27
CA	-28.2	21.454	-5.228	27
C	-29.107	20.689	-6.21	27
N	-30.377	21.083	-6.353	28
CA	-31.328	20.425	-7.261	28
C	-31.221	20.894	-8.723	28
N	-30.704	22.099	-8.984	29
CA	-30.598	22.638	-10.357	29
C	-29.449	21.999	-11.151	29
N	-28.429	21.461	-10.482	30
CA	-27.288	20.807	-11.142	30
C	-27.547	19.344	-11.546	30
N	-28.739	18.792	-11.273	31
CA	-29.01	17.35	-11.362	31
C	-30.13	16.937	-12.347	31
N	-30.48	17.755	-13.35	32
CA	-31.511	17.39	-14.338	32
C	-31.157	17.783	-15.785	32
N	-30.728	16.836	-16.641	33
CA	-30.875	16.972	-18.08	33
C	-32.234	16.376	-18.48	33
N	-33.26	17.214	-18.656	34
CA	-34.502	16.773	-19.297	34
C	-34.366	16.861	-20.819	34
N	-34.422	15.699	-21.47	35
CA	-34.703	15.578	-22.899	35
C	-36.17	15.945	-23.147	35
N	-36.442	16.836	-24.1	36
CA	-37.77	17.02	-24.684	36
C	-37.641	17.111	-26.208	36
N	-38.259	16.124	-26.851	37
CA	-38.416	15.929	-28.29	37
C	-39.244	17.044	-28.94	37
N	-38.845	17.455	-30.145	38
CA	-39.641	18.263	-31.066	38
C	-39.556	17.689	-32.48	38
N	-40.568	16.912	-32.874	39
CA	-40.836	16.527	-34.264	39
C	-41.359	17.732	-35.057	39
N	-40.785	18.022	-36.233	40
CA	-41.519	18.386	-37.464	40
C	-40.57	18.638	-38.657	40
N	-40.818	17.945	-39.78	41
CA	-40.593	18.472	-41.138	41
C	-39.319	18.057	-41.897	41
N	-39.475	17.102	-42.815	42
CA	-38.622	16.737	-43.982	42
C	-39.456	17.131	-45.247	42
N	-38.994	17.299	-46.53	43
CA	-37.72	16.926	-47.203	43
C	-37.085	17.917	-48.238	43
N	-35.862	17.536	-48.664	44
CA	-35.239	17.552	-50.021	44
C	-35.078	18.841	-50.85	44
N	-33.832	19.15	-51.27	45
CA	-33.368	19.226	-52.684	45
C	-31.945	19.826	-52.828	45
N	-31.15	19.259	-53.753	46
CA	-29.992	19.878	-54.438	46
C	-28.622	19.64	-53.784	46
N	-27.852	18.613	-54.158	47
CA	-26.907	18.558	-55.3	47
C	-25.838	19.67	-55.327	47
N	-24.586	19.301	-55.018	48
CA	-23.438	19.268	-55.955	48
C	-22.087	19.728	-55.368	48
N	-21.048	19.008	-55.814	49
CA	-19.648	19.426	-56.016	49
C	-18.601	19.244	-54.898	49
N	-17.95	18.073	-54.954	50
CA	-16.495	17.844	-55.124	50
C	-15.467	18.77	-54.447	50
N	-14.605	18.161	-53.631	51
CA	-13.282	18.66	-53.252	51
C	-12.499	17.539	-52.569	51
N	-11.558	16.957	-53.307	52
CA	-10.573	15.955	-52.886	52
C	-9.525	16.58	-51.944	52
N	-8.974	15.775	-51.027	53
CA	-7.611	15.811	-50.441	53
C	-7.647	14.877	-49.21	53
N	-7.215	13.623	-49.324	54
CA	-5.841	13.09	-49.307	54
C	-5.373	12.686	-47.893	54
N	-4.568	11.635	-47.907	55
CA	-4.375	10.573	-46.935	55
C	-3.513	10.967	-45.727	55
N	-3.671	10.218	-44.633	56
CA	-2.791	10.303	-43.467	56
C	-3.139	9.274	-42.397	56
N	-2.861	8.0	-42.682	57
CA	-2.739	6.946	-41.664	57
C	-1.384	7.154	-40.994	57
N	-1.363	7.441	-39.692	58
CA	-0.136	7.373	-38.895	58
C	-0.149	6.094	-38.054	58
N	0.68	5.146	-38.491	59
CA	1.163	4.012	-37.714	59
C	2.117	4.524	-36.619	59
N	1.87	4.138	-35.364	60
CA	2.805	4.344	-34.255	60
C	3.828	3.197	-34.234	60
N	5.142	3.479	-34.271	61
CA	6.16	2.447	-34.192	61
C	6.425	2.033	-32.739	61
N	6.586	0.726	-32.563	62
CA	7.269	0.076	-31.449	62
C	8.763	0.405	-31.486	62
N	9.31	0.966	-30.408	63
CA	10.759	1.108	-30.221	63
C	11.243	0.129	-29.141	63
N	11.837	-0.975	-29.595	64
CA	12.99	-1.601	-28.948	64
C	14.229	-1.0	-29.613	64
N	15.174	-0.473	-28.834	65
CA	16.586	-0.481	-29.218	65
C	17.474	-0.26	-27.983	65
N	18.376	-1.214	-27.759	66
CA	19.529	-1.12	-26.854	66
C	20.786	-1.034	-27.716	66
N	21.772	-0.187	-27.38	67
CA	23.138	-0.376	-27.853	67
C	24.095	-0.677	-26.692	67
N	24.912	-1.717	-26.869	68
CA	26.019	-2.066	-25.98	68
C	27.334	-1.36	-26.32	68
N	28.203	-1.255	-25.314	69
CA	29.644	-0.939	-25.367	69
C	30.164	-1.099	-23.918	69
N	31.332	-1.62	-23.54	70
CA	32.399	-2.434	-24.114	70
C	33.319	-2.821	-22.92	70
N	33.853	-4.047	-22.874	71
CA	34.884	-4.474	-21.899	71
C	36.314	-4.215	-22.415	71
N	37.312	-4.117	-21.51	72
CA	38.559	-4.887	-21.684	72
C	39.197	-5.443	-20.372	72
N	40.213	-6.344	-20.465	73
CA	40.322	-7.545	-19.617	73
C	41.607	-7.686	-18.758	73
N	41.676	-8.754	-17.94	74
CA	42.904	-9.333	-17.338	74
C	42.635	-10.012	-15.981	74
N	42.695	-11.351	-15.857	75
CA	43.849	-12.154	-15.366	75
C	43.691	-12.43	-13.849	75
N	43.864	-13.604	-13.228	76
CA	44.616	-14.84	-13.495	76
C	43.996	-16.033	-12.695	76
N	44.024	-17.227	-13.308	77
CA	44.098	-18.645	-12.856	77
C	43.577	-19.196	-11.489	77
N	42.91	-20.383	-11.492	78
CA	42.728	-21.279	-10.334	78
C	43.536	-22.601	-10.461	78
N	43.477	-23.511	-9.461	79
CA	43.529	-24.934	-9.814	79
C	42.544	-25.863	-9.076	79
N	42.243	-26.944	-9.798	80
CA	41.5	-28.171	-9.488	80
C	41.978	-28.927	-8.226	80
N	41.169	-29.887	-7.728	81
CA	41.505	-31.339	-7.723	81
C	40.566	-32.193	-6.826	81
N	40.052	-33.259	-7.459	82
CA	39.668	-34.607	-6.988	82
C	38.334	-34.942	-6.288	82
N	37.613	-35.803	-7.011	83
CA	36.603	-36.775	-6.602	83
C	37.196	-38.05	-5.96	83
N	36.436	-38.68	-5.044	84
CA	36.453	-40.112	-4.624	84
C	35.261	-40.327	-3.662	84
N	34.174	-41.002	-4.045	85
CA	33.95	-42.455	-4.156	85
C	33.391	-43.127	-2.873	85
N	32.307	-43.915	-3.07	86
CA	31.767	-45.036	-2.245	86
C	31.01	-44.644	-0.953	86
N	29.892	-45.271	-0.552	87
CA	29.425	-46.66	-0.735	87
C	27.937	-46.789	-0.325	87
N	27.258	-47.752	-0.94	88
CA	25.872	-48.215	-0.752	88
C	25.573	-48.766	0.658	88
N	24.304	-48.711	1.092	89
CA	23.639	-49.876	1.701	89
C	22.113	-49.856	1.457	89
N	21.57	-51.04	1.166	90
CA	20.173	-51.357	0.816	90
C	19.384	-51.848	2.043	90
N	18.105	-52.225	1.834	91
CA	17.162	-53.059	2.632	91
C	15.839	-52.291	2.868	91
N	14.624	-52.806	2.674	92
CA	14.093	-54.066	2.157	92
C	12.584	-53.855	1.84	92
N	12.015	-54.781	1.069	93
CA	10.704	-54.814	0.406	93
C	9.817	-55.894	1.053	93
N	8.532	-55.633	1.35	94
CA	7.387	-56.583	1.517	94
C	6.082	-55.733	1.623	94
N	4.838	-56.095	1.279	95
CA	4.172	-56.998	0.32	95
C	2.63	-56.788	0.497	95
N	1.889	-56.483	-0.597	96
CA	0.495	-56.88	-1.008	96
C	-0.741	-56.823	-0.039	96
N	-2.026	-56.986	-0.496	97
CA	-2.648	-56.935	-1.848	97
C	-4.021	-56.174	-1.965	97
N	-4.445	-55.844	-3.2	98
CA	-5.845	-55.532	-3.654	98
C	-6.583	-56.84	-4.045	98
N	-7.94	-56.969	-4.147	99
CA	-8.841	-56.367	-5.177	99
C	-10.279	-56.052	-4.63	99
N	-11.206	-55.334	-5.278	100
CA	-12.121	-55.748	-6.363	100
C	-13.028	-54.551	-6.774	100
N	-13.452	-54.517	-8.04	101
CA	-14.603	-53.771	-8.59	101
C	-15.648	-54.823	-9.075	101
N	-16.869	-54.525	-9.606	102
CA	-17.423	-53.254	-10.111	102
C	-18.965	-53.071	-9.884	102
N	-19.56	-52.158	-10.669	103
CA	-20.971	-52.062	-11.112	103
C	-21.979	-51.117	-10.408	103
N	-22.229	-50.013	-11.134	104
CA	-23.539	-49.617	-11.669	104
C	-24.533	-48.921	-10.717	104
N	-24.715	-47.602	-10.903	105
CA	-26.042	-46.958	-10.989	105
C	-25.952	-45.5	-11.444	105
N	-26.792	-45.208	-12.43	106
CA	-27.068	-43.919	-13.05	106
C	-27.507	-42.834	-12.061	106
N	-27.196	-41.588	-12.429	107
CA	-28.024	-40.427	-12.115	107
C	-27.436	-39.481	-11.079	107
N	-26.769	-38.426	-11.536	108
CA	-27.189	-37.05	-11.25	108
C	-26.309	-36.087	-12.044	108
N	-26.876	-34.931	-12.341	109
CA	-26.376	-33.872	-13.199	109
C	-24.892	-33.537	-12.981	109
N	-24.14	-33.42	-14.084	110
CA	-22.905	-32.633	-14.094	110
C	-23.324	-31.183	-13.906	110
N	-23.088	-30.659	-12.713	111
CA	-23.122	-29.229	-12.463	111
C	-22.179	-28.546	-13.457	111
N	-22.746	-27.645	-14.261	112
CA	-21.996	-26.593	-14.924	112
C	-21.206	-25.863	-13.836	112
N	-19.91	-26.176	-13.733	113
CA	-18.934	-25.262	-13.15	113
C	-19.049	-23.966	-13.948	113
N	-19.817	-23.018	-13.418	114
CA	-19.841	-21.62	-13.825	114
C	-18.482	-20.992	-13.539	114
N	-17.478	-21.397	-14.315	115
CA	-16.175	-20.766	-14.403	115
C	-16.34	-19.455	-15.147	115
N	-16.85	-18.442	-14.45	116
CA	-16.704	-17.056	-14.866	116
C	-15.243	-16.663	-14.711	116
N	-14.364	-17.223	-15.551	117
CA	-13.004	-16.727	-15.686	117
C	-13.106	-15.221	-15.906	117
N	-12.435	-14.459	-15.042	118
CA	-12.242	-13.027	-15.219	118
C	-11.87	-12.767	-16.676	118
N	-12.732	-12.055	-17.406	119
CA	-12.529	-11.799	-18.834	119
C	-11.264	-10.953	-19.089	119
N	-10.725	-10.316	-18.045	120
CA	-9.524	-9.492	-18.091	120
C	-8.363	-10.131	-17.318	120
N	-7.138	-9.796	-17.724	121
CA	-5.894	-10.053	-16.992	121
C	-4.907	-8.908	-17.242	121
N	-3.888	-8.78	-16.394	122
CA	-2.699	-7.988	-16.721	122
C	-1.94	-8.654	-17.881	122
N	-1.39	-7.855	-18.804	123
CA	-0.673	-8.353	-19.992	123
C	-1.483	-9.263	-20.934	123
N	-2.81	-9.338	-20.772	124
CA	-3.673	-10.235	-21.537	124
C	-3.863	-9.814	-22.996	124
N	-4.336	-10.749	-23.825	125
CA	-4.602	-10.512	-25.257	125
C	-5.803	-9.598	-25.508	125
N	-6.785	-9.588	-24.599	126
CA	-7.944	-8.702	-24.686	126
C	-7.594	-7.344	-24.085	126
N	-7.715	-6.297	-24.897	127
CA	-7.57	-4.929	-24.419	127
C	-8.732	-4.6	-23.481	127
N	-8.45	-3.975	-22.34	128
CA	-9.475	-3.699	-21.331	128
C	-10.694	-2.909	-21.835	128
N	-10.584	-1.939	-22.77	129
CA	-11.755	-1.297	-23.375	129
C	-12.724	-2.249	-24.096	129
N	-12.269	-3.433	-24.521	130
CA	-13.129	-4.474	-25.1	130
C	-13.91	-5.238	-24.02	130
N	-13.355	-5.339	-22.805	131
CA	-14.008	-5.948	-21.632	131
C	-14.942	-4.948	-20.945	131
N	-14.465	-3.721	-20.737	132
CA	-15.222	-2.599	-20.19	132
C	-14.856	-1.316	-20.943	132
N	-15.751	-0.774	-21.792	133
CA	-15.489	0.438	-22.575	133
C	-15.041	1.648	-21.745	133
N	-15.452	1.724	-20.475	134
CA	-15.05	2.788	-19.557	134
C	-13.532	2.826	-19.284	134
N	-12.794	1.74	-19.549	135
CA	-11.332	1.718	-19.457	135
C	-10.63	2.598	-20.506	135
N	-11.331	3.027	-21.566	136
CA	-10.869	4.041	-22.523	136
C	-11.322	5.471	-22.155	136
N	-11.82	5.678	-20.93	137
CA	-12.202	6.995	-20.43	137
C	-11.036	7.99	-20.424	137
N	-11.346	9.289	-20.377	138
CA	-10.322	10.35	-20.405	138
C	-9.645	10.582	-19.053	138
N	-10.285	10.232	-17.944	139
CA	-9.815	10.565	-16.597	139
C	-9.51	9.289	-15.812	139
N	-8.557	8.513	-16.326	140
CA	-8.193	7.199	-15.795	140
C	-7.056	7.276	-14.765	140
N	-6.85	6.167	-14.064	141
CA	-5.759	5.913	-13.117	141
C	-5.039	4.599	-13.472	141
N	-3.787	4.387	-13.018	142
CA	-2.936	5.309	-12.245	142
C	-2.368	6.442	-13.114	142
N	-1.647	7.395	-12.522	143
CA	-0.991	8.512	-13.233	143
C	0.46	8.669	-12.78	143
N	1.264	9.364	-13.585	144
CA	2.578	9.841	-13.151	144
C	2.44	11.159	-12.376	144
N	2.906	11.173	-11.13	145
CA	2.907	12.351	-10.266	145
C	4.178	13.145	-10.552	145
N	4.045	14.177	-11.385	146
CA	5.139	15.104	-11.682	146
C	5.206	16.204	-10.634	146
N	6.194	16.127	-9.744	147
CA	6.275	16.948	-8.527	147
C	6.186	18.452	-8.807	147
N	6.924	18.911	-9.814	148
CA	6.999	20.316	-10.234	148
C	5.685	20.852	-10.823	148
N	4.79	19.961	-11.264	149
CA	3.493	20.305	-11.852	149
C	2.338	20.169	-10.853	149
N	2.621	19.754	-9.616	150
CA	1.595	19.671	-8.575	150
C	1.208	21.061	-8.08	150
N	-0.08	21.257	-7.803	151
CA	-0.582	22.509	-7.239	151
C	-0.703	22.379	-5.729	151
N	0.072	23.161	-4.978	152
CA	-0.071	23.195	-3.526	152
C	-1.468	23.696	-3.134	152
N	-2.235	22.854	-2.441	153
CA	-3.564	23.177	-1.957	153
C	-3.606	23.229	-0.426	153
N	-3.705	24.446	0.124	154
CA	-3.755	24.693	1.58	154
C	-5.012	24.168	2.275	154
N	-6.067	23.869	1.518	155
CA	-7.328	23.383	2.098	155
C	-7.294	21.886	2.393	155
N	-6.36	21.142	1.786	156
CA	-6.102	19.742	2.109	156
C	-5.584	19.634	3.549	156
N	-6.383	19.011	4.414	157
CA	-6.054	18.784	5.822	157
C	-5.363	17.426	6.0	157
N	-4.64	17.19	7.106	158
CA	-4.211	15.84	7.457	158
C	-5.391	14.862	7.435	158
N	-5.168	13.655	6.916	159
CA	-6.211	12.632	6.885	159
C	-6.539	12.156	8.301	159
N	-7.821	11.919	8.57	160
CA	-8.263	11.294	9.816	160
C	-8.708	9.857	9.541	160
N	-8.109	8.906	10.259	161
CA	-8.459	7.488	10.232	161
C	-8.992	7.096	11.611	161
N	-10.185	6.507	11.66	162
CA	-10.861	6.129	12.901	162
C	-11.26	4.654	12.846	162
N	-10.933	3.901	13.898	163
CA	-11.29	2.481	14.016	163
C	-10.404	1.523	13.213	163
N	-9.207	1.96	12.808	164
CA	-8.244	1.164	12.034	164
C	-7.436	0.169	12.879	164
N	-7.345	0.415	14.184	165
CA	-6.705	-0.457	15.169	165
C	-7.655	-1.611	15.532	165
N	-7.682	-2.663	14.71	166
CA	-8.57	-3.8	14.936	166
C	-8.037	-4.725	16.03	166
N	-8.963	-5.285	16.804	167
CA	-8.658	-6.392	17.705	167
C	-8.493	-7.683	16.901	167
N	-7.806	-8.678	17.468	168
CA	-7.574	-9.969	16.802	168
C	-8.853	-10.698	16.379	168
N	-9.984	-10.415	17.034	169
CA	-11.302	-10.918	16.658	169
C	-12.271	-9.745	16.414	169
N	-13.196	-9.847	15.439	170
CA	-13.37	-10.964	14.504	170
C	-12.197	-11.095	13.52	170
N	-12.002	-12.304	12.994	171
CA	-11.013	-12.553	11.943	171
C	-11.397	-11.829	10.644	171
N	-10.395	-11.618	9.797	172
CA	-10.487	-10.913	8.533	172
C	-10.218	-11.864	7.377	172
N	-10.98	-11.691	6.308	173
CA	-10.919	-12.594	5.17	173
C	-9.843	-12.155	4.173	173
N	-8.789	-12.962	4.021	174
CA	-7.672	-12.762	3.091	174
C	-7.82	-13.709	1.892	174
N	-7.8	-13.172	0.674	175
CA	-8.121	-13.919	-0.543	175
C	-7.123	-13.628	-1.665	175
N	-6.649	-14.673	-2.346	176
CA	-6.01	-14.55	-3.652	176
C	-7.1	-14.582	-4.729	176
N	-7.405	-13.435	-5.334	177
CA	-8.47	-13.336	-6.339	177
C	-7.977	-13.53	-7.788	177
N	-6.741	-14.005	-7.967	178
CA	-6.091	-14.197	-9.265	178
C	-5.429	-12.942	-9.844	178
N	-5.749	-11.757	-9.311	179
CA	-5.203	-10.459	-9.741	179
C	-4.432	-9.727	-8.646	179
N	-4.708	-10.039	-7.384	180
CA	-4.037	-9.497	-6.203	180
C	-4.354	-10.368	-4.98	180
N	-3.667	-10.105	-3.869	181
CA	-4.136	-10.487	-2.538	181
C	-5.012	-9.367	-1.982	181
N	-6.218	-9.715	-1.538	182
CA	-7.196	-8.77	-1.009	182
C	-7.613	-9.158	0.409	182
N	-7.526	-8.202	1.331	183
CA	-8.044	-8.308	2.69	183
C	-9.384	-7.572	2.784	183
N	-10.426	-8.267	3.232	184
CA	-11.75	-7.668	3.456	184
C	-11.775	-6.96	4.806	184
N	-12.125	-5.672	4.818	185
CA	-12.147	-4.863	6.035	185
C	-13.548	-4.859	6.665	185
N	-13.649	-4.907	8.004	186
CA	-14.934	-4.952	8.676	186
C	-15.603	-3.566	8.677	186
N	-16.922	-3.491	8.919	187
CA	-17.579	-2.219	9.19	187
C	-16.957	-1.512	10.404	187
N	-16.944	-0.178	10.39	188
CA	-16.482	0.643	11.519	188
C	-15.208	1.439	11.243	188
N	-14.412	1.041	10.245	189
CA	-13.27	1.821	9.766	189
C	-13.769	3.039	8.991	189
N	-13.538	4.23	9.538	190
CA	-13.915	5.505	8.926	190
C	-12.682	6.288	8.522	190
N	-12.801	6.984	7.405	191
CA	-11.784	7.88	6.892	191
C	-12.437	9.215	6.528	191
N	-11.776	10.317	6.877	192
CA	-12.223	11.677	6.556	192
C	-11.147	12.369	5.725	192
N	-11.485	12.728	4.48	193
CA	-10.584	13.485	3.595	193
C	-10.657	15.001	3.847	193
N	-11.737	15.46	4.48	194
CA	-12.043	16.86	4.752	194
C	-13.532	17.061	5.066	194
N	-13.974	18.304	5.328	195
CA	-15.369	18.594	5.655	195
C	-16.346	18.08	4.586	195
N	-17.32	17.263	5.0	196
CA	-18.323	16.665	4.108	196
C	-17.821	15.495	3.249	196
N	-16.571	15.062	3.427	197
CA	-15.949	13.965	2.684	197
C	-15.608	12.805	3.63	197
N	-16.652	12.12	4.103	198
CA	-16.56	10.959	4.995	198
C	-16.78	9.647	4.235	198
N	-15.911	8.671	4.485	199
CA	-15.919	7.369	3.83	199
C	-15.768	6.229	4.844	199
N	-16.219	5.029	4.466	200
CA	-15.962	3.776	5.193	200
C	-15.045	2.867	4.384	200
N	-14.089	2.209	5.03	201
CA	-13.211	1.261	4.346	201
C	-13.982	-0.009	3.937	201
N	-13.598	-0.614	2.81	202
CA	-14.188	-1.851	2.285	202
C	-13.176	-2.999	2.253	202
N	-12.005	-2.735	1.683	203
CA	-10.944	-3.715	1.483	203
C	-9.607	-3.001	1.303	203
N	-8.519	-3.744	1.469	204
CA	-7.214	-3.356	0.947	204
C	-6.629	-4.452	0.056	204
N	-5.763	-4.059	-0.87	205
CA	-5.05	-4.961	-1.772	205
C	-3.711	-4.363	-2.209	205
N	-2.88	-5.169	-2.875	206
CA	-1.527	-4.782	-3.273	206
C	-1.294	-4.919	-4.783	206
N	-0.394	-4.097	-5.304	207
CA	0.173	-4.193	-6.646	207
C	1.69	-4.314	-6.528	207
N	2.298	-5.233	-7.267	208
CA	3.721	-5.528	-7.183	208
C	4.289	-5.976	-8.527	208
N	5.615	-5.941	-8.608	209
CA	6.339	-6.327	-9.805	209
C	6.877	-7.753	-9.728	209
N	8.167	-7.891	-10.0	210
CA	8.958	-9.11	-9.786	210
C	10.131	-8.773	-8.864	210
N	11.045	-9.716	-8.628	211
CA	12.272	-9.415	-7.875	211
C	13.188	-8.406	-8.591	211
N	13.14	-8.329	-9.927	212
CA	14.024	-7.465	-10.73	212
C	13.31	-6.246	-11.341	212
N	11.976	-6.218	-11.294	213
CA	11.169	-5.155	-11.89	213
C	10.18	-4.579	-10.872	213
N	10.16	-3.253	-10.637	214
CA	9.208	-2.623	-9.723	214
C	7.772	-2.687	-10.265	214
N	6.772	-2.628	-9.382	215
CA	5.365	-2.749	-9.774	215
C	4.359	-1.969	-8.938	215
N	4.73	-0.797	-8.413	216
CA	3.729	0.207	-8.026	216
C	2.872	0.595	-9.23	216
N	1.647	1.068	-9.02	217
CA	0.772	1.518	-10.106	217
C	1.099	2.966	-10.483	217
N	1.056	3.86	-9.492	218
CA	1.506	5.235	-9.635	218
C	3.024	5.288	-9.797	218
N	3.482	6.372	-10.408	219
CA	4.9	6.718	-10.503	219
C	5.105	8.146	-10.018	219
N	6.334	8.487	-9.639	220
CA	6.716	9.853	-9.261	220
C	7.858	10.299	-10.161	220
N	7.639	11.324	-10.989	221
CA	8.588	11.752	-12.028	221
C	9.105	10.573	-12.89	221
N	8.222	9.64	-13.25	222
CA	8.542	8.423	-13.999	222
C	9.163	7.285	-13.177	222
N	9.53	7.509	-11.912	223
CA	10.046	6.458	-11.036	223
C	8.914	5.557	-10.526	223
N	9.044	4.246	-10.754	224
CA	8.145	3.204	-10.238	224
C	8.756	2.56	-8.994	224
N	7.959	2.414	-7.943	225
CA	8.36	1.804	-6.676	225
C	8.145	0.28	-6.709	225
N	8.825	-0.503	-5.848	226
CA	8.692	-1.963	-5.816	226
C	7.246	-2.478	-5.793	226
N	6.393	-1.893	-4.952	227
CA	4.982	-2.249	-4.84	227
C	4.142	-1.057	-4.341	227
N	2.823	-1.219	-4.303	228
CA	1.866	-0.211	-3.843	228
C	0.685	-0.881	-3.134	228
N	0.302	-0.367	-1.964	229
CA	-0.912	-0.781	-1.245	229
C	-2.053	0.18	-1.569	229
N	-3.253	-0.351	-1.812	230
CA	-4.492	0.411	-1.977	230
C	-5.491	0.063	-0.879	230
N	-5.998	1.069	-0.163	231
CA	-7.12	0.932	0.782	231
C	-8.351	1.605	0.183	231
N	-9.351	0.801	-0.177	232
CA	-10.536	1.239	-0.922	232
C	-11.672	1.582	0.026	232
N	-12.287	2.737	-0.209	233
CA	-13.351	3.271	0.619	233
C	-14.592	3.64	-0.182	233
N	-15.742	3.519	0.475	234
CA	-17.049	3.911	-0.029	234
C	-17.554	5.145	0.709	234
N	-17.979	6.157	-0.044	235
CA	-18.557	7.367	0.533	235
C	-19.783	7.03	1.382	235
N	-19.912	7.715	2.515	236
CA	-21.059	7.58	3.428	236
C	-22.378	8.059	2.813	236
N	-22.33	8.759	1.673	237
CA	-23.51	9.14	0.899	237
C	-24.181	7.96	0.164	237
N	-23.502	6.813	0.042	238
CA	-23.995	5.626	-0.662	238
C	-24.051	4.42	0.275	238
N	-25.115	3.625	0.164	239
CA	-25.295	2.42	0.987	239
C	-24.531	1.241	0.398	239
N	-24.462	1.173	-0.929	240
CA	-23.876	0.05	-1.653	240
C	-22.823	0.504	-2.672	240
N	-21.817	-0.345	-2.921	241
CA	-20.719	-0.051	-3.854	241
C	-21.229	0.286	-5.264	241
N	-22.202	-0.478	-5.767	242
CA	-22.728	-0.309	-7.123	242
C	-23.424	1.045	-7.345	242
N	-23.93	1.686	-6.285	243
CA	-24.548	3.018	-6.351	243
C	-23.5	4.126	-6.534	243
N	-22.299	3.906	-5.991	244
CA	-21.183	4.844	-6.005	244
C	-20.307	4.744	-7.264	244
N	-20.322	3.609	-7.972	245
CA	-19.524	3.42	-9.187	245
C	-19.863	4.48	-10.247	245
N	-18.845	5.213	-10.709	246
CA	-19.015	6.27	-11.709	246
C	-19.553	7.593	-11.155	246
N	-19.803	7.701	-9.842	247
CA	-20.215	8.951	-9.188	247
C	-18.974	9.711	-8.706	247
N	-18.848	11.024	-8.976	248
CA	-17.748	11.83	-8.443	248
C	-17.706	11.756	-6.914	248
N	-16.572	11.348	-6.34	249
CA	-16.446	11.168	-4.89	249
C	-17.215	9.972	-4.327	249
N	-17.745	9.084	-5.175	250
CA	-18.427	7.872	-4.722	250
C	-17.472	6.914	-4.01	250
N	-16.233	6.843	-4.5	251
CA	-15.15	6.055	-3.925	251
C	-13.932	6.926	-3.651	251
N	-13.166	6.533	-2.642	252
CA	-11.85	7.084	-2.375	252
C	-10.845	5.957	-2.145	252
N	-9.629	6.128	-2.651	253
CA	-8.542	5.164	-2.469	253
C	-7.359	5.877	-1.837	253
N	-6.876	5.325	-0.726	254
CA	-5.582	5.688	-0.162	254
C	-4.527	4.77	-0.771	254
N	-3.455	5.348	-1.299	255
CA	-2.369	4.624	-1.938	255
C	-1.029	4.989	-1.298	255
N	-0.229	3.985	-0.944	256
CA	1.121	4.185	-0.429	256
C	2.121	3.303	-1.174	256
N	3.268	3.882	-1.514	257
CA	4.372	3.144	-2.111	257
C	5.073	2.275	-1.069	257
N	5.394	1.045	-1.457	258
CA	6.209	0.118	-0.685	258
C	7.631	0.14	-1.221	258
N	8.586	0.381	-0.331	259
CA	9.994	0.517	-0.668	259
C	10.843	-0.436	0.167	259
N	11.894	-0.968	-0.447	260
CA	12.863	-1.818	0.233	260
C	13.589	-1.07	1.366	260
N	13.802	-1.763	2.48	261
CA	14.667	-1.371	3.586	261
C	15.423	-2.584	4.152	261
N	16.43	-2.366	5.016	262
CA	17.129	-3.464	5.688	262
C	16.29	-4.205	6.742	262
N	15.218	-3.588	7.243	263
CA	14.449	-4.077	8.39	263
C	13.125	-4.708	7.954	263
N	12.724	-5.769	8.649	264
CA	11.415	-6.391	8.46	264
C	10.305	-5.507	9.039	264
N	9.219	-5.351	8.286	265
CA	8.037	-4.626	8.719	265
C	7.044	-5.577	9.394	265
N	6.889	-5.45	10.71	266
CA	6.032	-6.329	11.515	266
C	4.532	-6.195	11.224	266
N	4.068	-5.049	10.716	267
CA	2.672	-4.878	10.32	267
C	2.378	-5.66	9.034	267
N	3.259	-5.554	8.036	268
CA	3.127	-6.311	6.788	268
C	3.347	-7.81	6.982	268
N	4.199	-8.226	7.922	269
CA	4.437	-9.65	8.189	269
C	3.159	-10.394	8.612	269
N	2.221	-9.708	9.277	270
CA	0.899	-10.253	9.628	270
C	0.027	-10.583	8.405	270
N	0.367	-10.078	7.215	271
CA	-0.271	-10.446	5.947	271
C	0.618	-11.383	5.123	271
N	1.908	-11.05	5.012	272
CA	2.846	-11.726	4.115	272
C	3.132	-13.175	4.533	272
N	3.107	-13.466	5.837	273
CA	3.31	-14.82	6.373	273
C	2.21	-15.814	5.979	273
N	1.037	-15.322	5.572	274
CA	-0.108	-16.136	5.173	274
C	-0.222	-16.367	3.656	274
N	0.635	-15.75	2.83	275
CA	0.491	-15.83	1.367	275
C	0.673	-17.247	0.811	275
N	1.457	-18.097	1.475	276
CA	1.639	-19.494	1.061	276
C	0.351	-20.319	1.244	276
N	-0.458	-20.009	2.264	277
CA	-1.744	-20.676	2.523	277
C	-2.813	-20.32	1.48	277
N	-2.643	-19.185	0.792	278
CA	-3.496	-18.74	-0.317	278
C	-2.759	-18.705	-1.665	278
N	-1.757	-19.572	-1.841	279
CA	-0.945	-19.592	-3.054	279
C	-1.779	-19.844	-4.323	279
N	-2.788	-20.717	-4.268	280
CA	-3.638	-21.054	-5.419	280
C	-4.653	-19.941	-5.741	280
N	-4.908	-19.683	-7.028	281
CA	-5.945	-18.738	-7.463	281
C	-7.316	-19.109	-6.864	281
N	-7.998	-18.13	-6.266	282
CA	-9.333	-18.285	-5.683	282
C	-9.346	-18.83	-4.254	282
N	-8.187	-19.192	-3.702	283
CA	-8.069	-19.607	-2.305	283
C	-8.272	-18.429	-1.342	283
N	-8.825	-18.744	-0.169	284
CA	-9.189	-17.782	0.871	284
C	-8.988	-18.405	2.247	284
N	-8.504	-17.599	3.184	285
CA	-8.381	-17.932	4.604	285
C	-8.936	-16.794	5.473	285
N	-9.043	-17.048	6.772	286
CA	-9.323	-16.034	7.788	286
C	-8.05	-15.798	8.614	286
N	-7.699	-14.534	8.854	287
CA	-6.523	-14.128	9.638	287
C	-6.95	-13.274	10.839	287
N	-6.179	-13.23	11.94	288
CA	-6.48	-12.337	13.053	288
C	-6.589	-10.874	12.606	288
N	-7.483	-10.112	13.237	289
CA	-7.526	-8.667	13.033	289
C	-6.202	-7.996	13.418	289
N	-5.831	-6.976	12.646	290
CA	-4.57	-6.245	12.754	290
C	-4.799	-4.731	12.705	290
N	-3.801	-3.961	13.13	291
CA	-3.814	-2.512	12.949	291
C	-3.588	-2.155	11.472	291
N	-4.671	-1.792	10.787	292
CA	-4.649	-1.42	9.369	292
C	-3.91	-0.097	9.162	292
N	-3.893	0.793	10.161	293
CA	-3.184	2.072	10.05	293
C	-1.667	1.883	10.045	293
N	-1.163	0.833	10.703	294
CA	0.251	0.457	10.681	294
C	0.735	-0.065	9.311	294
N	-0.181	-0.357	8.377	295
CA	0.155	-0.678	6.984	295
C	0.347	0.569	6.107	295
N	-0.015	1.748	6.61	296
CA	0.087	3.028	5.918	296
C	1.277	3.845	6.455	296
N	1.706	4.901	5.74	297
CA	2.737	5.807	6.229	297
C	2.331	6.522	7.517	297
N	3.329	6.895	8.314	298
CA	3.114	7.587	9.586	298
C	2.679	9.044	9.393	298
N	3.17	9.701	8.338	299
CA	2.811	11.067	7.983	299
C	1.565	11.105	7.087	299
N	0.407	11.222	7.736	300
CA	-0.886	11.387	7.071	300
C	-1.159	12.825	6.586	300
N	-0.216	13.754	6.783	301
CA	-0.359	15.164	6.404	301
C	0.208	15.485	5.024	301
N	1.103	14.642	4.487	302
CA	1.792	14.865	3.207	302
C	1.356	13.867	2.142	302
N	0.53	14.324	1.212	303
CA	-0.007	13.497	0.142	303
C	-0.327	14.314	-1.113	303
N	-0.542	13.593	-2.207	304
CA	-1.092	14.093	-3.457	304
C	-2.554	13.684	-3.592	304
N	-3.362	14.517	-4.246	305
CA	-4.799	14.304	-4.419	305
C	-5.217	14.576	-5.859	305
N	-5.994	13.668	-6.448	306
CA	-6.614	13.876	-7.759	306
C	-7.866	13.003	-7.946	306
N	-8.699	13.334	-8.934	307
CA	-9.828	12.497	-9.359	307
C	-9.436	11.619	-10.557	307
N	-9.756	10.33	-10.486	308
CA	-9.434	9.353	-11.518	308
C	-10.428	8.203	-11.584	308
N	-9.921	6.988	-11.783	309
CA	-10.733	5.781	-11.96	309
C	-10.289	4.634	-11.067	309
N	-11.067	3.553	-11.039	310
CA	-10.523	2.24	-10.689	310
C	-9.398	1.874	-11.674	310
N	-8.358	1.197	-11.191	311
CA	-7.203	0.756	-11.994	311
C	-7.375	-0.643	-12.572	311
N	-8.553	-1.241	-12.402	312
CA	-8.97	-2.517	-12.99	312
C	-10.367	-2.374	-13.604	312
N	-10.753	-3.219	-14.578	313
CA	-12.119	-3.246	-15.093	313
C	-13.153	-3.377	-13.954	313
N	-14.222	-2.554	-13.94	314
CA	-14.756	-1.798	-15.072	314
C	-14.146	-0.403	-15.301	314
N	-13.085	-0.01	-14.592	315
CA	-12.405	1.284	-14.733	315
C	-13.319	2.506	-14.525	315
N	-14.311	2.373	-13.638	316
CA	-15.247	3.448	-13.304	316
C	-14.497	4.688	-12.817	316
N	-14.772	5.839	-13.435	317
CA	-14.234	7.142	-13.028	317
C	-14.963	7.692	-11.787	317
N	-14.497	8.82	-11.251	318
CA	-15.072	9.456	-10.06	318
C	-14.391	9.053	-8.753	318
N	-13.269	8.331	-8.837	319
CA	-12.506	7.871	-7.672	319
C	-11.58	8.982	-7.198	319
N	-11.647	9.318	-5.913	320
CA	-10.742	10.277	-5.282	320
C	-9.491	9.545	-4.801	320
N	-8.37	9.788	-5.467	321
CA	-7.088	9.173	-5.148	321
C	-6.292	10.045	-4.191	321
N	-5.827	9.465	-3.085	322
CA	-4.848	10.091	-2.191	322
C	-3.581	9.256	-2.163	322
N	-2.493	9.781	-2.723	323
CA	-1.205	9.08	-2.795	323
C	-0.257	9.697	-1.777	323
N	0.152	8.931	-0.771	324
CA	1.053	9.427	0.266	324
C	2.436	9.751	-0.304	324
N	3.033	10.839	0.185	325
CA	4.402	11.206	-0.171	325
C	5.431	10.34	0.571	325
N	5.143	9.976	1.823	326
CA	5.965	9.03	2.577	326
C	5.702	7.593	2.09	326
N	6.772	6.813	1.93	327
CA	6.723	5.39	1.555	327
C	6.671	4.515	2.804	327
N	6.051	3.341	2.729	328
CA	6.195	2.311	3.765	328
C	7.379	1.401	3.441	328
N	8.178	1.077	4.457	329
CA	9.418	0.306	4.32	329
C	9.174	-1.172	4.602	329
N	9.602	-2.06	3.707	330
CA	9.559	-3.524	3.84	330
C	10.952	-4.103	3.581	330
N	11.275	-5.25	4.18	331
CA	12.547	-5.915	3.877	331
C	12.591	-6.472	2.449	331
N	13.798	-6.662	1.906	332
CA	13.992	-7.352	0.625	332
C	13.328	-8.744	0.606	332
N	13.401	-9.475	1.73	333
CA	12.736	-10.775	1.903	333
C	11.216	-10.643	1.787	333
N	10.621	-9.633	2.418	334
CA	9.175	-9.399	2.375	334
C	8.679	-9.047	0.969	334
N	9.396	-8.176	0.253	335
CA	9.089	-7.858	-1.147	335
C	9.236	-9.088	-2.051	335
N	10.259	-9.913	-1.81	336
CA	10.426	-11.173	-2.521	336
C	9.241	-12.115	-2.274	336
N	8.86	-12.361	-1.011	337
CA	7.682	-13.169	-0.636	337
C	6.424	-12.685	-1.357	337
N	6.148	-11.375	-1.339	338
CA	5.006	-10.798	-2.053	338
C	5.036	-11.136	-3.554	338
N	6.212	-11.048	-4.18	339
CA	6.368	-11.261	-5.621	339
C	6.32	-12.724	-6.077	339
N	6.558	-13.707	-5.199	340
CA	6.707	-15.118	-5.615	340
C	5.681	-16.076	-5.027	340
N	4.949	-15.712	-3.971	341
CA	4.095	-16.675	-3.258	341
C	2.829	-17.069	-4.022	341
N	2.217	-16.139	-4.756	342
CA	0.872	-16.315	-5.31	342
C	0.885	-16.779	-6.772	342
N	-0.089	-17.61	-7.126	343
CA	-0.44	-17.969	-8.496	343
C	-1.675	-17.182	-8.929	343
N	-1.646	-16.68	-10.158	344
CA	-2.771	-16.014	-10.797	344
C	-3.407	-16.906	-11.857	344
N	-4.086	-16.263	-12.802	345
CA	-4.708	-16.929	-13.943	345
C	-3.71	-17.792	-14.743	345
N	-4.225	-18.892	-15.308	346
CA	-3.535	-19.767	-16.283	346
C	-2.222	-20.374	-15.768	346
N	-2.203	-20.808	-14.508	347
CA	-1.047	-21.459	-13.874	347
C	0.241	-20.623	-13.992	347
N	0.104	-19.295	-13.923	348
CA	1.22	-18.35	-13.929	348
C	1.417	-17.738	-12.545	348
N	2.65	-17.342	-12.209	349
CA	2.89	-16.556	-10.992	349
C	2.15	-15.227	-11.09	349
N	1.492	-14.838	-10.003	350
CA	0.819	-13.552	-9.903	350
C	1.893	-12.47	-9.726	350
N	2.318	-11.885	-10.841	351
CA	3.392	-10.898	-10.931	351
C	3.019	-9.803	-11.926	351
N	3.683	-8.645	-11.821	352
CA	3.453	-7.487	-12.698	352
C	1.965	-7.089	-12.749	352
N	1.285	-7.159	-11.605	353
CA	-0.152	-6.937	-11.497	353
C	-0.491	-5.451	-11.346	353
N	0.069	-4.606	-12.206	354
CA	-0.163	-3.164	-12.212	354
C	-0.54	-2.674	-13.61	354
N	-1.343	-1.613	-13.665	355
CA	-1.72	-0.943	-14.908	355
C	-0.663	0.1	-15.281	355
N	-0.408	0.266	-16.579	356
CA	0.394	1.384	-17.076	356
C	-0.218	2.737	-16.665	356
N	0.624	3.755	-16.473	357
CA	0.158	5.109	-16.156	357
C	-0.674	5.683	-17.297	357
N	-1.689	6.453	-16.926	358
CA	-2.681	7.022	-17.821	358
C	-2.449	8.532	-17.946	358
N	-2.738	9.135	-19.109	359
CA	-2.549	10.566	-19.299	359
C	-3.449	11.389	-18.364	359
N	-2.914	12.495	-17.838	360
CA	-3.68	13.404	-16.976	360
C	-4.848	14.073	-17.709	360
N	-4.739	14.283	-19.026	361
CA	-5.794	14.86	-19.869	361
C	-6.368	16.184	-19.328	361
N	-5.493	17.046	-18.801	362
CA	-5.848	18.366	-18.272	362
C	-6.234	18.392	-16.791	362
N	-6.241	17.246	-16.095	363
CA	-6.379	17.21	-14.632	363
C	-5.137	17.784	-13.954	363
N	-5.356	18.476	-12.844	364
CA	-4.303	18.931	-11.932	364
C	-4.205	17.963	-10.761	364
N	-2.983	17.607	-10.371	365
CA	-2.727	16.893	-9.118	365
C	-2.453	17.938	-8.037	365
N	-3.212	17.893	-6.951	366
CA	-3.008	18.757	-5.793	366
C	-2.002	18.131	-4.824	366
N	-1.236	18.954	-4.112	367
CA	-0.356	18.526	-3.025	367
C	-0.786	19.185	-1.708	367
N	-0.805	18.436	-0.602	368
CA	-1.147	18.963	0.734	368
C	0.0	19.724	1.413	368
N	1.149	19.824	0.749	369
CA	2.362	20.451	1.255	369
C	3.023	21.303	0.167	369
N	3.754	22.369	0.538	370
CA	4.493	23.15	-0.439	370
C	5.606	22.293	-1.052	370
N	5.782	22.384	-2.373	371
CA	7.032	21.972	-3.002	371
C	8.172	22.718	-2.291	371
N	9.234	22.002	-1.9	372
CA	10.343	22.557	-1.105	372
C	10.759	23.894	-1.712	372
N	10.614	24.957	-0.921	373
CA	10.87	26.312	-1.362	373
C	12.359	26.459	-1.677	373
N	12.697	26.651	-2.951	374
CA	13.851	27.484	-3.255	374
C	13.616	28.815	-2.542	374
N	14.556	29.166	-1.675	375
CA	14.565	30.373	-0.865	375
C	14.489	31.62	-1.752	375
N	13.275	32.044	-2.084	376
CA	12.975	33.253	-2.842	376
C	11.629	33.805	-2.36	376
N	11.57	35.036	-1.82	377
CA	10.321	35.667	-1.427	377
C	9.637	36.254	-2.671	377
N	9.154	35.399	-3.567	378
CA	8.198	35.799	-4.604	378
C	6.78	35.8	-3.998	378
N	5.9	36.739	-4.39	379
CA	4.578	36.863	-3.8	379
C	3.798	35.577	-4.065	379
N	3.465	34.86	-2.99	380
CA	2.634	33.656	-3.023	380
C	1.364	33.968	-3.812	380
N	1.297	33.504	-5.06	381
CA	0.045	33.468	-5.79	381
C	-0.854	32.506	-5.021	381
N	-1.908	33.056	-4.425	382
CA	-2.971	32.29	-3.784	382
C	-3.723	31.539	-4.876	382
N	-3.152	30.431	-5.343	383
CA	-3.883	29.483	-6.16	383
C	-4.967	28.907	-5.249	383
N	-6.161	29.49	-5.345	384
CA	-7.35	28.938	-4.714	384
C	-7.551	27.554	-5.314	384
N	-7.684	26.519	-4.483	385
CA	-7.931	25.135	-4.925	385
C	-9.3	24.939	-5.599	385
N	-10.002	26.032	-5.887	386
CA	-11.27	25.997	-6.576	386
C	-10.969	25.712	-8.041	386
N	-11.524	24.621	-8.56	387
CA	-11.49	24.368	-9.993	387
C	-12.155	25.535	-10.733	387
N	-11.871	25.69	-12.028	388
CA	-12.576	26.681	-12.844	388
C	-14.108	26.511	-12.754	388
N	-14.582	25.268	-12.586	389
CA	-15.987	24.946	-12.348	389
C	-16.509	25.487	-11.017	389
N	-15.741	25.366	-9.933	390
CA	-16.131	25.877	-8.612	390
C	-16.182	27.406	-8.588	390
N	-15.195	28.065	-9.205	391
CA	-15.185	29.527	-9.347	391
C	-16.418	29.97	-10.138	391
N	-16.715	29.289	-11.245	392
CA	-17.86	29.602	-12.088	392
C	-19.19	29.364	-11.357	392
N	-19.301	28.277	-10.591	393
CA	-20.463	27.973	-9.763	393
C	-20.677	29.03	-8.67	393
N	-19.608	29.495	-8.013	394
CA	-19.678	30.58	-7.032	394
C	-20.098	31.904	-7.678	394
N	-19.524	32.252	-8.834	395
CA	-19.879	33.47	-9.577	395
C	-21.347	33.432	-10.004	395
N	-21.81	32.335	-10.611	396
CA	-23.213	32.195	-11.005	396
C	-24.156	32.136	-9.803	396
N	-23.771	31.471	-8.712	397
CA	-24.544	31.435	-7.471	397
C	-24.728	32.827	-6.859	397
N	-23.665	33.637	-6.82	398
CA	-23.716	35.021	-6.339	398
C	-24.532	35.93	-7.268	398
N	-24.375	35.798	-8.589	399
CA	-25.176	36.537	-9.571	399
C	-26.663	36.174	-9.474	399
N	-26.984	34.89	-9.319	400
CA	-28.353	34.416	-9.134	400
C	-28.964	34.943	-7.829	400
N	-28.208	34.94	-6.727	401
CA	-28.655	35.513	-5.459	401
C	-28.891	37.031	-5.568	401
N	-27.965	37.773	-6.183	402
CA	-28.077	39.22	-6.362	402
C	-29.275	39.607	-7.245	402
N	-29.476	38.908	-8.367	403
CA	-30.617	39.134	-9.272	403
C	-31.947	38.755	-8.622	403
N	-31.994	37.659	-7.858	404
CA	-33.175	37.26	-7.081	404
C	-33.538	38.297	-6.013	404
N	-32.55	38.823	-5.277	405
CA	-32.762	39.896	-4.293	405
C	-33.251	41.173	-4.989	405
N	-32.632	41.578	-6.102	406
CA	-33.044	42.759	-6.861	406
C	-34.491	42.64	-7.373	406
N	-34.87	41.473	-7.901	407
CA	-36.229	41.185	-8.355	407
C	-37.245	41.246	-7.204	407
N	-36.935	40.646	-6.047	408
CA	-37.784	40.725	-4.851	408
C	-37.948	42.167	-4.345	408
N	-36.885	42.975	-4.385	409
CA	-36.949	44.395	-4.033	409
C	-37.801	45.192	-5.032	409
N	-37.72	44.887	-6.329	410
CA	-38.534	45.527	-7.365	410
C	-40.022	45.177	-7.22	410
N	-40.354	43.911	-6.942	411
CA	-41.725	43.477	-6.649	411
C	-42.29	44.175	-5.405	411
N	-41.494	44.304	-4.333	412
CA	-41.897	45.049	-3.125	412
C	-42.128	46.536	-3.409	412
N	-41.304	47.163	-4.258	413
CA	-41.489	48.564	-4.688	413
C	-42.756	48.741	-5.529	413
N	-43.036	47.833	-6.467	414
CA	-44.261	47.87	-7.277	414
C	-45.525	47.661	-6.433	414
N	-45.504	46.736	-5.468	415
CA	-46.625	46.547	-4.541	415
C	-46.891	47.789	-3.677	415
N	-45.843	48.476	-3.194	416
CA	-46.0	49.742	-2.454	416
C	-46.591	50.858	-3.32	416
N	-46.141	51.013	-4.567	417
CA	-46.687	52.038	-5.469	417
C	-48.142	51.772	-5.885	417
N	-48.533	50.502	-6.05	418
CA	-49.907	50.123	-6.422	418
C	-50.899	50.229	-5.256	418
N	-50.42	50.144	-4.013	419
CA	-51.234	50.367	-2.808	419
C	-51.511	51.851	-2.538	419
N	-50.652	52.77	-2.994	420
CA	-50.781	54.208	-2.709	420
C	-51.689	55.002	-3.657	420
N	-52.279	54.373	-4.678	421
CA	-53.043	55.062	-5.743	421
C	-54.535	54.699	-5.797	421
N	-55.08	53.975	-4.804	422
CA	-56.478	53.486	-4.829	422
C	-57.442	54.022	-3.756	422
N	-57.006	54.858	-2.813	423
CA	-57.863	55.345	-1.709	423
C	-58.339	56.797	-1.899	423
N	-58.961	57.088	-3.046	424
CA	-59.375	58.448	-3.412	424
C	-60.718	58.538	-4.13	424
N	-61.726	57.758	-3.726	425
CA	-63.119	57.955	-4.174	425
C	-64.066	57.685	-2.999	425
N	-64.383	58.727	-2.227	426
CA	-65.413	58.695	-1.175	426
C	-66.753	59.094	-1.786	426
N	-67.737	58.194	-1.751	427
CA	-69.123	58.467	-2.135	427
C	-70.006	58.315	-0.888	427
N	-70.685	59.386	-0.467	428
CA	-71.678	59.372	0.622	428
C	-73.003	59.95	0.125	428
N	-74.105	59.183	0.147	429
CA	-75.459	59.734	0.144	429
C	-76.165	59.527	1.494	429
N	-77.137	60.399	1.753	430
CA	-77.557	60.865	3.067	430
C	-78.638	60.044	3.805	430
N	-78.525	60.168	5.127	431
CA	-79.466	60.104	6.255	431
C	-80.994	60.066	5.995	431
N	-81.689	59.185	6.726	432
CA	-83.012	59.461	7.303	432
C	-83.05	58.895	8.727	432
N	-83.172	59.791	9.699	433
CA	-83.381	59.52	11.12	433
C	-84.88	59.446	11.407	433
N	-85.321	58.339	12.003	434
CA	-86.668	58.158	12.544	434
C	-86.528	57.873	14.048	434
N	-86.942	58.817	14.894	435
CA	-87.178	58.59	16.328	435
C	-88.453	59.315	16.718	435
N	-89.447	58.541	17.152	436
CA	-90.749	59.032	17.574	436
C	-90.746	59.668	18.963	436
N	-91.529	60.737	19.085	437
CA	-92.402	61.116	20.198	437
C	-93.24	62.321	19.75	437
