ATOM	X	Y	Z	RESIDUE
N	2.577	52.612	37.845	1
CA	3.628	52.736	38.886	1
C	4.538	51.515	38.807	1
N	5.779	51.621	39.304	2
CA	6.814	50.571	39.372	2
C	7.313	49.998	38.02	2
N	8.629	50.071	37.809	3
CA	9.332	49.84	36.539	3
C	10.624	49.024	36.725	3
N	11.137	48.436	35.634	4
CA	12.461	47.785	35.53	4
C	12.525	46.912	34.262	4
N	13.097	47.292	33.103	5
CA	14.484	47.733	32.795	5
C	15.519	46.66	33.198	5
N	16.52	46.21	32.414	6
CA	17.24	46.679	31.189	6
C	18.08	45.473	30.639	6
N	18.7	45.394	29.447	7
CA	18.856	46.251	28.252	7
C	19.264	45.404	26.995	7
N	19.557	46.075	25.873	8
CA	20.093	45.614	24.558	8
C	21.441	46.352	24.253	8
N	22.077	46.392	23.041	9
CA	22.256	45.453	21.897	9
C	23.714	45.399	21.28	9
N	23.872	44.682	20.142	10
CA	24.741	44.972	18.945	10
C	26.29	44.944	18.974	10
N	26.894	44.08	18.12	11
CA	27.893	44.446	17.068	11
C	28.234	43.288	16.092	11
N	28.516	43.635	14.833	12
CA	29.049	42.819	13.707	12
C	30.3	43.55	13.124	12
N	30.932	43.246	11.948	13
CA	30.813	42.137	10.966	13
C	32.18	41.575	10.412	13
N	32.129	40.747	9.341	14
CA	33.229	40.366	8.393	14
C	34.275	39.319	8.88	14
N	34.977	38.516	8.049	15
CA	35.152	38.473	6.575	15
C	35.59	37.072	6.037	15
N	35.687	36.937	4.698	16
CA	36.518	35.986	3.912	16
C	36.121	34.487	3.707	16
N	35.653	34.204	2.475	17
CA	35.84	32.96	1.669	17
C	37.319	32.882	1.171	17
N	37.884	31.771	0.603	18
CA	37.3	31.049	-0.552	18
C	37.684	29.554	-0.799	18
N	37.16	29.04	-1.926	19
CA	37.702	27.991	-2.815	19
C	37.675	26.496	-2.407	19
N	37.268	25.67	-3.379	20
CA	37.397	24.21	-3.393	20
C	38.686	23.779	-4.122	20
N	39.023	22.478	-4.096	21
CA	39.327	21.83	-5.373	21
C	38.675	20.449	-5.564	21
N	38.579	20.052	-6.839	22
CA	38.256	18.691	-7.298	22
C	39.402	17.73	-6.959	22
N	39.106	16.448	-6.74	23
CA	40.06	15.365	-7.014	23
C	39.367	14.153	-7.655	23
N	40.044	13.562	-8.642	24
CA	39.648	12.374	-9.405	24
C	40.526	11.171	-9.018	24
N	40.015	9.949	-9.257	25
CA	40.767	8.68	-9.399	25
C	41.56	8.199	-8.141	25
N	41.917	6.921	-7.917	26
CA	41.872	5.656	-8.682	26
C	41.665	4.436	-7.724	26
N	41.548	3.232	-8.31	27
CA	41.953	1.874	-7.849	27
C	42.92	1.76	-6.623	27
N	43.021	0.671	-5.826	28
CA	42.563	-0.742	-5.946	28
C	42.922	-1.615	-4.71	28
N	42.187	-2.73	-4.524	29
CA	42.642	-4.076	-4.062	29
C	43.175	-4.355	-2.627	29
N	43.086	-5.656	-2.278	30
CA	43.663	-6.411	-1.136	30
C	43.051	-6.125	0.253	30
N	42.308	-7.025	0.919	31
CA	42.477	-8.453	1.297	31
C	43.194	-8.661	2.638	31
N	42.488	-9.234	3.615	32
CA	43.052	-9.669	4.895	32
C	41.945	-10.021	5.884	32
N	41.729	-11.312	6.136	33
CA	40.763	-11.782	7.131	33
C	41.454	-12.389	8.348	33
N	40.762	-12.416	9.485	34
CA	41.034	-13.375	10.558	34
C	39.8	-13.59	11.437	34
N	39.571	-14.848	11.798	35
CA	38.5	-15.309	12.686	35
C	39.042	-15.545	14.096	35
N	38.432	-14.988	15.152	36
CA	38.497	-15.604	16.496	36
C	37.525	-15.021	17.537	36
N	36.625	-15.893	18.016	37
CA	36.184	-16.094	19.419	37
C	35.832	-14.892	20.325	37
N	34.534	-14.818	20.628	38
CA	33.916	-14.808	21.968	38
C	34.735	-14.359	23.207	38
N	34.189	-13.377	23.938	39
CA	34.554	-13.019	25.316	39
C	33.597	-11.954	25.873	39
N	32.795	-12.303	26.887	40
CA	31.66	-11.498	27.37	40
C	31.993	-10.2	28.126	40
N	30.952	-9.42	28.445	41
CA	31.059	-8.214	29.279	41
C	29.78	-7.37	29.279	41
N	28.958	-7.507	30.323	42
CA	27.62	-6.915	30.448	42
C	27.501	-5.381	30.448	42
N	26.247	-4.909	30.384	43
CA	25.851	-3.64	31.009	43
C	24.898	-2.728	30.226	43
N	23.591	-2.86	30.492	44
CA	22.655	-1.732	30.67	44
C	22.247	-0.863	29.466	44
N	20.937	-0.803	29.195	45
CA	20.33	0.22	28.331	45
C	19.089	-0.283	27.599	45
N	17.899	-0.045	28.157	46
CA	16.635	-0.382	27.493	46
C	16.207	0.678	26.472	46
N	15.583	0.237	25.374	47
CA	14.925	1.096	24.381	47
C	15.193	0.675	22.931	47
N	14.134	0.321	22.186	48
CA	14.178	0.163	20.721	48
C	13.774	-1.215	20.175	48
N	12.473	-1.53	20.167	49
CA	11.937	-2.781	19.594	49
C	11.942	-2.878	18.055	49
N	12.251	-1.798	17.327	50
CA	12.107	-1.737	15.86	50
C	13.212	-2.4	15.018	50
N	14.271	-2.947	15.628	51
CA	15.481	-3.369	14.898	51
C	15.448	-4.763	14.248	51
N	14.652	-5.701	14.771	52
CA	14.774	-7.124	14.424	52
C	14.305	-7.457	12.991	52
N	13.13	-6.964	12.584	53
CA	12.547	-7.258	11.269	53
C	13.409	-6.746	10.093	53
N	14.101	-5.616	10.283	54
CA	15.039	-5.091	9.295	54
C	16.232	-6.043	9.088	54
N	16.801	-6.588	10.169	55
CA	17.926	-7.52	10.097	55
C	17.555	-8.844	9.398	55
N	16.376	-9.407	9.686	56
CA	15.921	-10.644	9.038	56
C	15.657	-10.48	7.536	56
N	15.015	-9.381	7.123	57
CA	14.721	-9.139	5.702	57
C	15.994	-8.987	4.857	57
N	17.022	-8.317	5.394	58
CA	18.341	-8.2	4.753	58
C	19.019	-9.57	4.637	58
N	18.94	-10.408	5.677	59
CA	19.481	-11.776	5.661	59
C	18.857	-12.636	4.548	59
N	17.517	-12.648	4.443	60
CA	16.777	-13.383	3.397	60
C	17.153	-12.91	1.984	60
N	17.252	-11.597	1.762	61
CA	17.628	-11.043	0.46	61
C	19.06	-11.429	0.036	61
N	20.032	-11.397	0.957	62
CA	21.434	-11.787	0.691	62
C	21.563	-13.288	0.396	62
N	20.795	-14.132	1.091	63
CA	20.71	-15.56	0.788	63
C	20.152	-15.813	-0.628	63
N	19.121	-15.068	-1.046	64
CA	18.575	-15.178	-2.4	64
C	19.551	-14.664	-3.475	64
N	20.276	-13.557	-3.249	65
CA	21.34	-13.105	-4.168	65
C	22.427	-14.168	-4.379	65
N	22.799	-14.871	-3.306	66
CA	23.758	-15.984	-3.338	66
C	23.243	-17.14	-4.198	66
N	21.967	-17.505	-4.03	67
CA	21.314	-18.534	-4.837	67
C	21.231	-18.117	-6.314	67
N	20.745	-16.91	-6.61	68
CA	20.596	-16.378	-7.971	68
C	21.934	-16.343	-8.732	68
N	23.004	-15.862	-8.085	69
CA	24.34	-15.807	-8.676	69
C	24.902	-17.21	-8.963	69
N	24.658	-18.182	-8.069	70
CA	25.01	-19.594	-8.282	70
C	24.222	-20.195	-9.449	70
N	22.9	-20.015	-9.49	71
CA	22.039	-20.503	-10.576	71
C	22.492	-19.947	-11.94	71
N	22.792	-18.646	-12.026	72
CA	23.314	-18.03	-13.251	72
C	24.703	-18.56	-13.638	72
N	25.623	-18.72	-12.681	73
CA	26.958	-19.24	-12.968	73
C	26.917	-20.661	-13.556	73
N	26.018	-21.527	-13.071	74
CA	25.874	-22.884	-13.621	74
C	25.108	-22.886	-14.954	74
N	24.129	-21.992	-15.158	75
CA	23.488	-21.778	-16.471	75
C	24.505	-21.394	-17.559	75
N	25.43	-20.493	-17.25	76
CA	26.447	-20.052	-18.209	76
C	27.474	-21.156	-18.502	76
N	27.853	-21.923	-17.474	77
CA	28.728	-23.082	-17.635	77
C	28.065	-24.21	-18.434	77
N	26.75	-24.425	-18.321	78
CA	26.037	-25.426	-19.128	78
C	26.077	-25.062	-20.615	78
N	25.797	-23.797	-20.954	79
CA	25.847	-23.286	-22.326	79
C	27.242	-23.369	-22.953	79
N	28.298	-23.129	-22.169	80
CA	29.681	-23.22	-22.639	80
C	30.246	-24.657	-22.686	80
N	29.749	-25.578	-21.849	81
CA	30.288	-26.948	-21.724	81
C	29.432	-28.043	-22.367	81
N	28.198	-27.73	-22.773	82
CA	27.225	-28.701	-23.281	82
C	26.702	-29.691	-22.23	82
N	27.003	-29.496	-20.937	83
CA	26.509	-30.349	-19.84	83
C	25.206	-29.8	-19.269	83
N	24.222	-30.666	-19.039	84
CA	22.917	-30.306	-18.473	84
C	23.0	-29.8	-17.024	84
N	22.034	-28.966	-16.636	85
CA	21.895	-28.413	-15.288	85
C	20.678	-29.0	-14.569	85
N	20.88	-29.567	-13.378	86
CA	19.789	-30.013	-12.506	86
C	19.418	-28.905	-11.501	86
N	18.297	-28.239	-11.777	87
CA	17.728	-27.2	-10.917	87
C	17.223	-27.768	-9.576	87
N	16.674	-28.985	-9.575	88
CA	16.188	-29.698	-8.38	88
C	17.309	-30.014	-7.392	88
N	18.463	-30.487	-7.871	89
CA	19.655	-30.663	-7.03	89
C	20.195	-29.324	-6.518	89
N	20.086	-28.266	-7.323	90
CA	20.55	-26.927	-6.948	90
C	19.697	-26.271	-5.858	90
N	18.397	-26.586	-5.783	91
CA	17.512	-26.193	-4.677	91
C	17.703	-27.033	-3.401	91
N	18.11	-28.307	-3.514	92
CA	18.324	-29.195	-2.348	92
C	19.671	-28.999	-1.651	92
N	20.647	-28.385	-2.314	93
CA	21.971	-28.178	-1.744	93
C	21.961	-27.029	-0.724	93
N	22.366	-27.306	0.521	94
CA	22.548	-26.288	1.565	94
C	23.357	-25.088	1.045	94
N	23.009	-23.846	1.43	95
CA	23.627	-22.651	0.871	95
C	25.083	-22.511	1.33	95
N	26.017	-23.004	0.516	96
CA	27.405	-22.549	0.566	96
C	27.461	-21.101	0.067	96
N	28.066	-20.165	0.821	97
CA	28.103	-18.763	0.425	97
C	28.909	-18.59	-0.867	97
N	28.271	-18.045	-1.904	98
CA	28.963	-17.567	-3.105	98
C	29.851	-16.383	-2.738	98
N	31.017	-16.244	-3.369	99
CA	31.863	-15.077	-3.105	99
C	31.197	-13.789	-3.603	99
N	31.452	-12.659	-2.934	100
CA	30.944	-11.337	-3.352	100
C	31.276	-11.024	-4.824	100
N	32.412	-11.537	-5.31	101
CA	32.846	-11.441	-6.704	101
C	31.868	-12.109	-7.688	101
N	31.254	-13.242	-7.325	102
CA	30.255	-13.92	-8.16	102
C	28.955	-13.111	-8.238	102
N	28.508	-12.539	-7.114	103
CA	27.322	-11.67	-7.055	103
C	27.555	-10.389	-7.875	103
N	28.725	-9.757	-7.739	104
CA	29.097	-8.574	-8.516	104
C	29.189	-8.86	-10.029	104
N	29.763	-10.002	-10.425	105
CA	29.831	-10.419	-11.826	105
C	28.436	-10.688	-12.419	105
N	27.558	-11.348	-11.66	106
CA	26.163	-11.595	-12.029	106
C	25.384	-10.289	-12.258	106
N	25.459	-9.349	-11.309	107
CA	24.828	-8.031	-11.424	107
C	25.343	-7.258	-12.646	107
N	26.665	-7.226	-12.843	108
CA	27.3	-6.547	-13.978	108
C	26.79	-7.07	-15.327	108
N	26.665	-8.395	-15.496	109
CA	26.161	-9.013	-16.738	109
C	24.726	-8.609	-17.078	109
N	23.828	-8.539	-16.091	110
CA	22.43	-8.131	-16.33	110
C	22.34	-6.633	-16.681	110
N	23.205	-5.803	-16.091	111
CA	23.241	-4.352	-16.312	111
C	23.925	-3.948	-17.631	111
N	24.97	-4.68	-18.037	112
CA	25.884	-4.354	-19.148	112
C	25.917	-5.451	-20.224	112
N	24.758	-6.041	-20.528	113
CA	24.634	-7.207	-21.42	113
C	24.987	-6.984	-22.902	113
N	25.228	-5.742	-23.342	114
CA	25.745	-5.418	-24.684	114
C	24.803	-5.662	-25.873	114
N	23.529	-5.98	-25.622	115
CA	22.536	-6.319	-26.646	115
C	21.192	-5.611	-26.416	115
N	20.513	-5.277	-27.513	116
CA	19.184	-4.653	-27.547	116
C	18.18	-5.493	-28.355	116
N	16.899	-5.154	-28.252	117
CA	15.813	-5.704	-29.059	117
C	15.753	-5.004	-30.433	117
N	15.395	-5.708	-31.522	118
CA	15.511	-5.18	-32.887	118
C	14.439	-4.16	-33.306	118
N	13.425	-3.879	-32.475	119
CA	12.314	-2.981	-32.843	119
C	12.687	-1.485	-32.865	119
N	13.892	-1.145	-32.41	120
CA	14.49	0.186	-32.467	120
C	16.015	0.088	-32.544	120
N	16.709	1.223	-32.514	121
CA	18.172	1.277	-32.425	121
C	18.632	2.161	-31.258	121
N	19.813	1.88	-30.71	122
CA	20.374	2.612	-29.564	122
C	21.675	3.288	-29.969	122
N	21.822	4.564	-29.617	123
CA	23.064	5.334	-29.701	123
C	23.561	5.651	-28.285	123
N	24.873	5.695	-28.066	124
CA	25.461	6.315	-26.879	124
C	26.369	7.465	-27.302	124
N	26.22	8.608	-26.646	125
CA	26.828	9.883	-27.025	125
C	27.528	10.486	-25.809	125
N	28.703	11.082	-25.999	126
CA	29.403	11.804	-24.939	126
C	28.548	12.976	-24.416	126
N	28.441	13.126	-23.09	127
CA	27.742	14.252	-22.435	127
C	28.673	15.483	-22.368	127
N	29.164	15.896	-23.539	128
CA	29.995	17.077	-23.757	128
C	29.56	17.831	-25.03	128
N	30.167	18.991	-25.294	129
CA	29.818	19.827	-26.451	129
C	30.2	19.235	-27.817	129
N	30.851	18.067	-27.866	130
CA	31.232	17.4	-29.114	130
C	30.158	16.461	-29.663	130
N	29.186	16.036	-28.84	131
CA	28.139	15.069	-29.214	131
C	28.699	13.808	-29.903	131
N	29.888	13.374	-29.469	132
CA	30.619	12.25	-30.054	132
C	29.908	10.923	-29.807	132
N	29.694	10.146	-30.863	133
CA	29.159	8.79	-30.793	133
C	30.181	7.826	-30.157	133
N	29.85	7.321	-28.966	134
CA	30.617	6.352	-28.171	134
C	30.198	4.899	-28.443	134
N	28.942	4.68	-28.838	135
CA	28.412	3.368	-29.197	135
C	27.177	3.489	-30.101	135
N	26.874	2.442	-30.865	136
CA	25.628	2.306	-31.624	136
C	25.254	0.828	-31.818	136
N	23.971	0.515	-31.999	137
CA	23.528	-0.846	-32.337	137
C	23.715	-1.156	-33.824	137
N	24.041	-2.404	-34.17	138
CA	24.337	-2.824	-35.557	138
C	23.231	-2.443	-36.565	138
N	21.96	-2.485	-36.152	139
CA	20.797	-2.114	-36.971	139
C	20.592	-0.593	-37.18	139
N	21.445	0.271	-36.614	140
CA	21.296	1.74	-36.687	140
C	21.308	2.256	-38.127	140
N	22.201	1.726	-38.97	141
CA	22.344	2.172	-40.355	141
C	21.088	1.869	-41.19	141
N	20.477	0.699	-40.988	142
CA	19.267	0.292	-41.705	142
C	18.023	1.042	-41.206	142
N	17.864	1.225	-39.886	143
CA	16.717	1.958	-39.326	143
C	16.693	3.439	-39.733	143
N	17.859	4.079	-39.872	144
CA	17.989	5.486	-40.276	144
C	18.144	5.689	-41.802	144
N	18.021	4.622	-42.604	145
CA	18.224	4.598	-44.066	145
C	19.584	5.168	-44.527	145
N	20.646	4.864	-43.779	146
CA	22.028	5.283	-44.054	146
C	22.818	4.239	-44.867	146
N	22.242	3.057	-45.094	147
CA	22.882	1.947	-45.803	147
C	23.033	2.242	-47.311	147
N	24.244	2.124	-47.899	148
CA	24.584	2.667	-49.227	148
C	23.98	1.918	-50.433	148
N	23.006	1.032	-50.217	149
CA	22.459	0.133	-51.239	149
C	21.082	0.548	-51.788	149
N	20.485	1.638	-51.287	150
CA	19.126	2.062	-51.668	150
C	19.028	3.375	-52.462	150
N	20.121	4.119	-52.635	151
CA	20.154	5.337	-53.45	151
C	20.729	5.072	-54.845	151
N	19.89	5.249	-55.872	152
CA	20.344	5.405	-57.264	152
C	21.329	6.585	-57.308	152
N	22.501	6.476	-57.964	153
CA	23.486	7.554	-57.981	153
C	22.975	8.77	-58.772	153
N	22.374	9.726	-58.063	154
CA	22.112	11.079	-58.555	154
C	23.428	11.842	-58.716	154
N	23.559	12.637	-59.784	155
CA	24.822	13.284	-60.182	155
C	25.4	14.323	-59.191	155
N	24.665	14.714	-58.147	156
CA	25.121	15.675	-57.135	156
C	25.951	15.002	-56.025	156
N	27.214	14.716	-56.348	157
CA	28.201	14.027	-55.495	157
C	28.647	14.779	-54.221	157
N	27.921	15.806	-53.765	158
CA	28.275	16.643	-52.601	158
C	27.41	16.408	-51.353	158
N	26.408	15.523	-51.425	159
CA	25.403	15.331	-50.373	159
C	25.316	13.894	-49.814	159
N	26.376	13.084	-49.938	160
CA	26.416	11.753	-49.304	160
C	26.452	11.926	-47.774	160
N	25.474	11.392	-47.016	161
CA	25.476	11.481	-45.559	161
C	26.666	10.696	-44.979	161
N	27.288	11.163	-43.88	162
CA	28.403	10.445	-43.274	162
C	27.938	9.071	-42.757	162
N	28.734	8.0	-42.942	163
CA	28.412	6.691	-42.385	163
C	28.405	6.744	-40.853	163
N	27.598	5.889	-40.218	164
CA	27.59	5.745	-38.755	164
C	28.942	5.188	-38.308	164
N	29.764	6.027	-37.684	165
CA	31.085	5.652	-37.186	165
C	31.299	6.138	-35.757	165
N	32.031	5.34	-34.977	166
CA	32.506	5.754	-33.658	166
C	33.346	7.028	-33.814	166
N	33.129	8.009	-32.941	167
CA	33.791	9.31	-33.033	167
C	33.052	10.377	-33.854	167
N	32.02	10.027	-34.633	168
CA	31.218	11.004	-35.376	168
C	30.313	11.848	-34.457	168
N	29.935	13.047	-34.908	169
CA	28.935	13.888	-34.237	169
C	27.527	13.328	-34.491	169
N	26.872	12.849	-33.431	170
CA	25.564	12.205	-33.507	170
C	24.456	13.133	-34.043	170
N	24.608	14.463	-33.934	171
CA	23.635	15.437	-34.463	171
C	23.521	15.368	-35.984	171
N	24.586	14.949	-36.678	172
CA	24.617	14.859	-38.141	172
C	23.706	13.762	-38.712	172
N	23.231	12.828	-37.878	173
CA	22.321	11.734	-38.244	173
C	20.851	12.186	-38.365	173
N	20.507	13.357	-37.818	174
CA	19.13	13.844	-37.704	174
C	18.896	15.153	-38.467	174
N	17.626	15.516	-38.647	175
CA	17.252	16.82	-39.183	175
C	17.753	17.964	-38.264	175
N	18.115	19.153	-38.792	176
CA	18.621	20.261	-37.971	176
C	17.684	20.691	-36.829	176
N	16.365	20.631	-37.036	177
CA	15.365	20.873	-35.983	177
C	15.444	19.851	-34.844	177
N	15.731	18.59	-35.171	178
CA	15.906	17.506	-34.202	178
C	17.225	17.621	-33.437	178
N	18.294	18.099	-34.083	179
CA	19.558	18.394	-33.407	179
C	19.38	19.453	-32.3	179
N	18.605	20.517	-32.551	180
CA	18.284	21.542	-31.535	180
C	17.481	20.961	-30.359	180
N	16.565	20.015	-30.608	181
CA	15.839	19.315	-29.536	181
C	16.772	18.44	-28.685	181
N	17.716	17.732	-29.315	182
CA	18.734	16.945	-28.614	182
C	19.667	17.841	-27.787	182
N	20.149	18.958	-28.335	183
CA	20.966	19.934	-27.597	183
C	20.224	20.499	-26.376	183
N	18.939	20.854	-26.532	184
CA	18.082	21.292	-25.418	184
C	17.935	20.206	-24.35	184
N	17.797	18.943	-24.747	185
CA	17.675	17.839	-23.803	185
C	18.992	17.543	-23.074	185
N	20.132	17.546	-23.766	186
CA	21.448	17.405	-23.132	186
C	21.735	18.571	-22.166	186
N	21.245	19.784	-22.438	187
CA	21.329	20.898	-21.489	187
C	20.401	20.756	-20.258	187
N	19.352	19.93	-20.322	188
CA	18.4	19.764	-19.228	188
C	19.002	18.948	-18.075	188
N	18.775	19.384	-16.829	189
CA	19.248	18.663	-15.631	189
C	18.583	17.29	-15.488	189
N	17.286	17.225	-15.773	190
CA	16.436	16.046	-15.607	190
C	15.83	15.654	-16.962	190
N	16.636	14.949	-17.763	191
CA	16.315	14.543	-19.144	191
C	15.004	13.75	-19.243	191
N	14.688	12.934	-18.236	192
CA	13.528	12.033	-18.224	192
C	12.185	12.736	-18.441	192
N	12.063	14.01	-18.056	193
CA	10.85	14.82	-18.235	193
C	10.626	15.273	-19.685	193
N	11.69	15.303	-20.492	194
CA	11.632	15.641	-21.914	194
C	11.386	14.41	-22.797	194
N	11.382	13.204	-22.221	195
CA	11.067	11.989	-22.962	195
C	9.543	11.858	-23.195	195
N	9.107	11.368	-24.37	196
CA	9.92	11.128	-25.557	196
C	10.14	12.438	-26.332	196
N	11.358	12.66	-26.826	197
CA	11.575	13.653	-27.877	197
C	11.074	13.079	-29.203	197
N	10.544	13.923	-30.081	198
CA	10.215	13.521	-31.445	198
C	11.287	14.045	-32.398	198
N	12.03	13.127	-33.015	199
CA	13.119	13.444	-33.939	199
C	12.898	12.808	-35.309	199
N	13.562	13.355	-36.324	200
CA	13.484	12.878	-37.702	200
C	14.882	12.516	-38.213	200
N	15.022	11.343	-38.837	201
CA	16.259	10.933	-39.523	201
C	16.605	11.91	-40.645	201
N	17.886	12.226	-40.845	202
CA	18.294	13.237	-41.832	202
C	18.004	12.869	-43.29	202
N	18.062	11.581	-43.638	203
CA	17.989	11.114	-45.035	203
C	16.55	10.887	-45.484	203
N	15.807	10.037	-44.776	204
CA	14.446	9.642	-45.159	204
C	13.338	10.443	-44.476	204
N	13.683	11.367	-43.57	205
CA	12.729	12.09	-42.713	205
C	11.763	11.181	-41.93	205
N	12.109	9.903	-41.705	206
CA	11.318	8.993	-40.867	206
C	11.247	9.52	-39.423	206
N	10.062	9.492	-38.785	207
CA	9.875	9.962	-37.42	207
C	10.236	8.884	-36.387	207
N	10.908	9.3	-35.317	208
CA	11.283	8.456	-34.185	208
C	10.925	9.129	-32.863	208
N	10.473	8.326	-31.903	209
CA	10.565	8.684	-30.496	209
C	12.005	8.442	-30.039	209
N	12.652	9.483	-29.527	210
CA	13.951	9.412	-28.883	210
C	13.775	9.447	-27.361	210
N	14.256	8.399	-26.694	211
CA	14.205	8.228	-25.244	211
C	15.631	8.33	-24.711	211
N	15.919	9.427	-24.017	212
CA	17.258	9.755	-23.551	212
C	17.424	9.394	-22.071	212
N	18.581	8.849	-21.704	213
CA	18.954	8.63	-20.307	213
C	20.464	8.79	-20.091	213
N	20.846	9.489	-19.015	214
CA	22.25	9.616	-18.595	214
C	22.744	8.332	-17.944	214
N	23.977	7.974	-18.267	215
CA	24.729	6.86	-17.694	215
C	26.102	7.356	-17.206	215
N	26.969	6.433	-16.804	216
CA	28.311	6.697	-16.277	216
C	29.289	7.329	-17.284	216
N	29.128	7.058	-18.584	217
CA	30.038	7.533	-19.649	217
C	29.441	8.587	-20.593	217
N	28.148	8.908	-20.478	218
CA	27.466	9.816	-21.406	218
C	25.939	9.716	-21.361	218
N	25.287	9.989	-22.491	219
CA	23.834	9.868	-22.69	219
C	23.546	8.748	-23.685	219
N	22.651	7.835	-23.321	220
CA	22.092	6.832	-24.231	220
C	20.794	7.374	-24.823	220
N	20.625	7.197	-26.13	221
CA	19.464	7.598	-26.921	221
C	18.887	6.327	-27.551	221
N	17.755	5.851	-27.04	222
CA	16.977	4.8	-27.696	222
C	16.041	5.436	-28.728	222
N	16.025	4.901	-29.948	223
CA	15.199	5.36	-31.06	223
C	14.165	4.299	-31.415	223
N	12.898	4.642	-31.231	224
CA	11.762	3.787	-31.558	224
C	10.965	4.39	-32.728	224
N	10.629	3.62	-33.781	225
CA	9.836	4.12	-34.902	225
C	8.474	4.665	-34.449	225
N	8.173	5.915	-34.801	226
CA	6.868	6.524	-34.555	226
C	5.939	6.325	-35.767	226
N	4.619	6.285	-35.541	227
CA	3.632	6.243	-36.634	227
C	3.21	7.658	-37.009	227
N	3.127	7.941	-38.306	228
CA	2.658	9.227	-38.86	228
C	1.165	9.512	-38.632	228
N	0.452	8.624	-37.93	229
CA	-0.97	8.729	-37.554	229
C	-1.19	8.685	-36.023	229
N	-0.127	8.575	-35.213	230
CA	-0.236	8.469	-33.749	230
C	-0.757	9.797	-33.154	230
N	-1.934	9.87	-32.497	231
CA	-2.556	11.139	-32.078	231
C	-1.745	11.989	-31.074	231
N	-0.585	11.513	-30.609	232
CA	0.464	12.347	-30.01	232
C	1.102	13.375	-30.991	232
N	0.803	13.273	-32.293	233
CA	1.275	14.052	-33.454	233
C	1.292	15.582	-33.342	233
N	0.594	16.192	-32.382	234
CA	0.529	17.657	-32.299	234
C	1.576	18.264	-31.364	234
N	1.884	17.626	-30.223	235
CA	2.779	18.183	-29.191	235
C	3.492	17.043	-28.44	235
N	4.813	16.934	-28.612	236
CA	5.623	15.878	-28.0	236
C	5.945	16.157	-26.517	236
N	5.758	15.154	-25.648	237
CA	6.277	15.17	-24.276	237
C	5.563	14.252	-23.274	237
N	6.143	14.175	-22.074	238
CA	5.647	13.434	-20.91	238
C	4.18	13.748	-20.535	238
N	3.754	14.999	-20.718	239
CA	2.445	15.53	-20.293	239
C	1.28	14.911	-21.067	239
N	1.368	14.866	-22.399	240
CA	0.299	14.301	-23.23	240
C	0.142	12.792	-22.991	240
N	1.252	12.122	-22.674	241
CA	1.274	10.728	-22.228	241
C	0.507	10.556	-20.907	241
N	0.732	11.435	-19.926	242
CA	0.059	11.384	-18.622	242
C	-1.452	11.635	-18.719	242
N	-1.917	12.516	-19.624	243
CA	-3.358	12.751	-19.867	243
C	-4.141	11.466	-20.18	243
N	-3.531	10.487	-20.859	244
CA	-4.162	9.19	-21.157	244
C	-4.491	8.373	-19.893	244
N	-3.728	8.552	-18.811	245
CA	-3.925	7.837	-17.551	245
C	-4.897	8.539	-16.587	245
N	-5.151	9.845	-16.752	246
CA	-5.961	10.669	-15.827	246
C	-7.322	10.04	-15.539	246
N	-8.059	9.627	-16.578	247
CA	-9.386	9.005	-16.42	247
C	-9.346	7.717	-15.587	247
N	-8.295	6.91	-15.742	248
CA	-8.103	5.702	-14.945	248
C	-7.748	6.051	-13.49	248
N	-6.899	7.063	-13.279	249
CA	-6.508	7.554	-11.95	249
C	-7.709	8.132	-11.19	249
N	-8.514	9.009	-11.801	250
CA	-9.686	9.601	-11.138	250
C	-10.701	8.541	-10.706	250
N	-10.928	7.48	-11.502	251
CA	-11.789	6.362	-11.068	251
C	-11.129	5.52	-9.978	251
N	-9.814	5.296	-10.04	252
CA	-9.072	4.567	-9.005	252
C	-9.136	5.277	-7.641	252
N	-9.111	6.613	-7.641	253
CA	-9.285	7.457	-6.452	253
C	-10.746	7.574	-5.984	253
N	-11.717	7.308	-6.862	254
CA	-13.147	7.315	-6.548	254
C	-13.683	5.954	-6.058	254
N	-12.839	4.918	-5.982	255
CA	-13.214	3.638	-5.381	255
C	-13.431	3.791	-3.863	255
N	-14.365	3.03	-3.262	256
CA	-14.465	2.952	-1.812	256
C	-13.194	2.315	-1.235	256
N	-12.606	2.961	-0.228	257
CA	-11.464	2.411	0.502	257
C	-11.829	1.173	1.329	257
N	-10.812	0.417	1.734	258
CA	-10.919	-0.825	2.501	258
C	-10.848	-2.112	1.671	258
N	-10.857	-2.037	0.333	259
CA	-10.795	-3.212	-0.549	259
C	-9.61	-3.158	-1.536	259
N	-8.487	-3.746	-1.111	260
CA	-7.28	-3.92	-1.94	260
C	-7.54	-4.821	-3.156	260
N	-8.509	-5.743	-3.091	261
CA	-8.825	-6.633	-4.211	261
C	-9.552	-5.86	-5.31	261
N	-10.594	-5.101	-4.963	262
CA	-11.297	-4.204	-5.89	262
C	-10.336	-3.208	-6.56	262
N	-9.364	-2.695	-5.799	263
CA	-8.3	-1.835	-6.314	263
C	-7.44	-2.557	-7.372	263
N	-7.001	-3.79	-7.099	264
CA	-6.212	-4.592	-8.041	264
C	-7.014	-5.0	-9.292	264
N	-8.274	-5.413	-9.123	265
CA	-9.183	-5.804	-10.209	265
C	-9.438	-4.614	-11.162	265
N	-9.694	-3.417	-10.619	266
CA	-9.879	-2.187	-11.418	266
C	-8.624	-1.814	-12.224	266
N	-7.424	-2.047	-11.677	267
CA	-6.156	-1.759	-12.372	267
C	-5.912	-2.712	-13.542	267
N	-6.167	-4.019	-13.389	268
CA	-5.958	-4.977	-14.495	268
C	-6.933	-4.751	-15.647	268
N	-8.177	-4.354	-15.362	269
CA	-9.149	-3.956	-16.386	269
C	-8.644	-2.756	-17.193	269
N	-8.248	-1.674	-16.515	270
CA	-7.802	-0.454	-17.185	270
C	-6.51	-0.614	-17.971	270
N	-5.511	-1.291	-17.407	271
CA	-4.256	-1.547	-18.121	271
C	-4.516	-2.426	-19.35	271
N	-5.488	-3.349	-19.295	272
CA	-5.887	-4.153	-20.456	272
C	-6.614	-3.329	-21.521	272
N	-7.554	-2.467	-21.132	273
CA	-8.239	-1.527	-22.037	273
C	-7.231	-0.596	-22.731	273
N	-6.328	0.01	-21.954	274
CA	-5.366	1.003	-22.424	274
C	-4.296	0.409	-23.355	274
N	-3.809	-0.809	-23.087	275
CA	-2.671	-1.405	-23.826	275
C	-3.068	-2.448	-24.88	275
N	-4.266	-3.029	-24.77	276
CA	-4.759	-4.102	-25.637	276
C	-3.956	-5.41	-25.564	276
N	-3.237	-5.664	-24.464	277
CA	-2.611	-6.969	-24.21	277
C	-3.676	-8.06	-23.982	277
N	-3.323	-9.333	-24.206	278
CA	-4.325	-10.408	-24.129	278
C	-4.7	-10.723	-22.683	278
N	-3.706	-10.698	-21.792	279
CA	-3.806	-10.937	-20.352	279
C	-3.06	-9.827	-19.62	279
N	-3.627	-9.331	-18.53	280
CA	-3.007	-8.397	-17.585	280
C	-3.26	-8.912	-16.172	280
N	-2.228	-8.908	-15.335	281
CA	-2.24	-9.485	-13.991	281
C	-1.567	-8.552	-12.988	281
N	-2.062	-8.506	-11.75	282
CA	-1.293	-7.997	-10.602	282
C	-0.603	-9.184	-9.935	282
N	0.722	-9.118	-9.857	283
CA	1.599	-10.113	-9.255	283
C	2.186	-9.542	-7.957	283
N	1.707	-10.009	-6.801	284
CA	2.136	-9.562	-5.463	284
C	3.349	-10.365	-4.997	284
N	4.35	-9.719	-4.399	285
CA	5.426	-10.412	-3.679	285
C	5.052	-10.655	-2.207	285
N	5.37	-11.847	-1.702	286
CA	5.269	-12.232	-0.288	286
C	6.59	-11.975	0.459	286
N	6.614	-12.19	1.777	287
CA	7.775	-11.9	2.644	287
C	8.987	-12.821	2.434	287
N	8.743	-14.037	1.956	288
CA	9.736	-14.997	1.46	288
C	10.111	-14.733	-0.012	288
N	9.676	-13.593	-0.557	289
CA	9.97	-13.104	-1.897	289
C	9.421	-13.993	-3.041	289
N	8.625	-15.042	-2.785	290
CA	7.804	-15.655	-3.844	290
C	6.691	-14.681	-4.277	290
N	5.975	-14.963	-5.367	291
CA	4.835	-14.126	-5.744	291
C	3.607	-14.868	-6.242	291
N	2.497	-14.141	-6.28	292
CA	1.136	-14.647	-6.458	292
C	0.361	-13.733	-7.41	292
N	-0.387	-14.312	-8.35	293
CA	-1.341	-13.56	-9.177	293
C	-2.605	-13.278	-8.36	293
N	-2.771	-12.037	-7.892	294
CA	-3.878	-11.627	-6.998	294
C	-5.076	-11.002	-7.724	294
N	-4.881	-10.521	-8.955	295
CA	-5.932	-10.027	-9.85	295
C	-5.562	-10.323	-11.312	295
N	-6.555	-10.554	-12.174	296
CA	-6.355	-10.919	-13.582	296
C	-7.512	-10.443	-14.476	296
N	-7.189	-9.742	-15.567	297
CA	-8.108	-9.466	-16.678	297
C	-7.538	-10.06	-17.963	297
N	-8.332	-10.83	-18.716	298
CA	-7.819	-11.616	-19.85	298
C	-8.831	-11.855	-20.962	298
N	-8.324	-12.209	-22.144	299
CA	-9.1	-12.745	-23.266	299
C	-9.705	-14.098	-22.862	299
N	-11.001	-14.274	-23.124	300
CA	-11.807	-15.378	-22.581	300
C	-11.272	-16.78	-22.931	300
N	-10.601	-16.931	-24.079	301
CA	-10.11	-18.214	-24.595	301
C	-8.767	-18.695	-24.012	301
N	-8.139	-17.932	-23.115	302
CA	-6.909	-18.353	-22.438	302
C	-7.219	-19.205	-21.192	302
N	-6.21	-19.853	-20.613	303
CA	-6.317	-20.467	-19.278	303
C	-6.168	-19.393	-18.182	303
N	-6.875	-19.455	-17.04	304
CA	-6.701	-18.496	-15.944	304
C	-5.391	-18.728	-15.179	304
N	-4.682	-17.654	-14.815	305
CA	-3.509	-17.717	-13.923	305
C	-3.787	-17.126	-12.528	305
N	-4.996	-16.604	-12.285	306
CA	-5.433	-16.096	-10.975	306
C	-5.225	-17.122	-9.844	306
N	-4.64	-16.676	-8.731	307
CA	-4.307	-17.508	-7.573	307
C	-3.109	-18.445	-7.764	307
N	-2.375	-18.368	-8.885	308
CA	-1.137	-19.131	-9.056	308
C	0.047	-18.45	-8.361	308
N	0.791	-19.251	-7.603	309
CA	2.036	-18.892	-6.939	309
C	3.25	-19.305	-7.78	309
N	4.3	-18.488	-7.746	310
CA	5.552	-18.678	-8.471	310
C	6.749	-18.44	-7.522	310
N	7.71	-19.383	-7.433	311
CA	8.904	-19.281	-6.593	311
C	9.734	-18.01	-6.803	311
N	10.401	-17.552	-5.739	312
CA	11.196	-16.32	-5.739	312
C	12.272	-16.25	-6.846	312
N	12.813	-17.399	-7.257	313
CA	13.846	-17.519	-8.301	313
C	13.366	-17.182	-9.72	313
N	12.056	-17.204	-10.01	314
CA	11.535	-16.853	-11.348	314
C	11.731	-15.359	-11.665	314
N	11.822	-14.521	-10.624	315
CA	12.196	-13.108	-10.72	315
C	13.383	-12.869	-9.776	315
N	14.634	-13.049	-10.238	316
CA	15.822	-12.903	-9.395	316
C	15.925	-11.53	-8.718	316
N	16.571	-11.453	-7.553	317
CA	16.746	-10.217	-6.775	317
C	17.404	-9.097	-7.59	317
N	18.368	-9.442	-8.449	318
CA	18.955	-8.513	-9.414	318
C	17.902	-7.873	-10.341	318
N	16.927	-8.651	-10.821	319
CA	15.84	-8.137	-11.666	319
C	14.862	-7.269	-10.871	319
N	14.55	-7.628	-9.618	320
CA	13.713	-6.812	-8.711	320
C	14.347	-5.46	-8.413	320
N	15.653	-5.442	-8.148	321
CA	16.413	-4.21	-7.961	321
C	16.353	-3.323	-9.213	321
N	16.473	-3.915	-10.406	322
CA	16.32	-3.182	-11.663	322
C	14.896	-2.654	-11.875	322
N	13.843	-3.38	-11.481	323
CA	12.46	-2.874	-11.528	323
C	12.208	-1.678	-10.591	323
N	12.99	-1.52	-9.511	324
CA	12.936	-0.317	-8.655	324
C	13.543	0.915	-9.34	324
N	14.514	0.722	-10.239	325
CA	15.173	1.797	-10.997	325
C	14.454	2.111	-12.317	325
N	14.184	1.083	-13.122	326
CA	13.479	1.165	-14.392	326
C	12.092	0.525	-14.231	326
N	11.081	1.384	-14.072	327
CA	9.732	1.009	-13.63	327
C	8.888	0.331	-14.704	327
N	9.256	0.422	-15.984	328
CA	8.506	-0.179	-17.098	328
C	9.451	-0.896	-18.049	328
N	9.149	-2.158	-18.355	329
CA	9.948	-2.988	-19.255	329
C	9.057	-3.696	-20.264	329
N	9.357	-3.513	-21.547	330
CA	8.674	-4.186	-22.651	330
C	9.612	-5.195	-23.318	330
N	9.069	-6.35	-23.689	331
CA	9.675	-7.324	-24.595	331
C	8.703	-7.454	-25.764	331
N	9.082	-6.937	-26.933	332
CA	8.174	-6.858	-28.08	332
C	7.93	-8.228	-28.741	332
N	8.942	-9.098	-28.701	333
CA	8.934	-10.481	-29.181	333
C	10.068	-11.251	-28.473	333
N	9.768	-12.382	-27.828	334
CA	10.768	-13.231	-27.172	334
C	11.584	-14.11	-28.134	334
N	11.137	-14.288	-29.381	335
CA	11.841	-15.054	-30.414	335
C	12.748	-14.191	-31.301	335
N	12.644	-12.865	-31.204	336
CA	13.439	-11.947	-32.003	336
C	14.936	-12.021	-31.65	336
N	15.788	-12.059	-32.678	337
CA	17.234	-12.101	-32.496	337
C	17.747	-10.797	-31.842	337
N	18.586	-10.876	-30.791	338
CA	19.146	-9.695	-30.145	338
C	20.168	-9.003	-31.054	338
N	20.117	-7.672	-31.115	339
CA	21.062	-6.848	-31.883	339
C	22.211	-6.429	-30.976	339
N	23.452	-6.593	-31.434	340
CA	24.643	-6.231	-30.663	340
C	24.904	-4.723	-30.714	340
N	25.439	-4.188	-29.617	341
CA	25.925	-2.804	-29.527	341
C	27.429	-2.764	-29.815	341
N	27.813	-2.09	-30.901	342
CA	29.196	-1.73	-31.242	342
C	29.601	-0.536	-30.371	342
N	30.775	-0.605	-29.747	343
CA	31.221	0.323	-28.701	343
C	32.668	0.753	-28.955	343
N	33.033	1.965	-28.534	344
CA	34.417	2.443	-28.551	344
C	35.317	1.525	-27.691	344
N	36.378	0.913	-28.262	345
CA	37.331	0.087	-27.517	345
C	38.034	0.799	-26.349	345
N	37.989	2.134	-26.279	346
CA	38.511	2.912	-25.157	346
C	37.629	2.857	-23.889	346
N	36.393	2.345	-23.971	347
CA	35.503	2.205	-22.815	347
C	35.998	1.101	-21.865	347
N	36.158	1.439	-20.583	348
CA	36.719	0.528	-19.564	348
C	35.787	-0.617	-19.163	348
N	34.485	-0.47	-19.412	349
CA	33.445	-1.471	-19.187	349
C	32.394	-1.364	-20.302	349
N	31.665	-2.449	-20.63	350
CA	30.586	-2.373	-21.606	350
C	29.479	-1.411	-21.153	350
N	28.79	-0.801	-22.113	351
CA	27.741	0.193	-21.899	351
C	26.676	-0.273	-20.884	351
N	26.319	0.595	-19.935	352
CA	25.211	0.344	-19.015	352
C	23.873	0.531	-19.744	352
N	23.078	-0.538	-19.858	353
CA	21.791	-0.545	-20.571	353
C	20.582	-0.59	-19.62	353
N	20.777	-0.37	-18.316	354
CA	19.713	-0.478	-17.296	354
C	18.51	0.423	-17.593	354
N	18.776	1.671	-17.985	355
CA	17.755	2.652	-18.357	355
C	17.204	2.486	-19.774	355
N	17.796	1.614	-20.6	356
CA	17.394	1.47	-21.998	356
C	16.058	0.748	-22.121	356
N	15.136	1.366	-22.861	357
CA	13.835	0.792	-23.222	357
C	13.995	-0.394	-24.168	357
N	15.093	-0.413	-24.93	358
CA	15.431	-1.434	-25.914	358
C	16.258	-2.591	-25.334	358
N	16.667	-2.57	-24.054	359
CA	17.529	-3.618	-23.466	359
C	16.989	-5.035	-23.725	359
N	17.843	-5.905	-24.273	360
CA	17.497	-7.302	-24.568	360
C	17.075	-8.075	-23.307	360
N	16.108	-9.009	-23.391	361
CA	15.941	-10.027	-22.363	361
C	17.172	-10.932	-22.242	361
N	17.373	-11.463	-21.035	362
CA	18.308	-12.556	-20.783	362
C	17.741	-13.853	-21.382	362
N	18.573	-14.676	-22.031	363
CA	18.121	-15.85	-22.799	363
C	17.228	-16.819	-22.013	363
N	17.566	-17.096	-20.747	364
CA	16.722	-17.906	-19.853	364
C	15.28	-17.361	-19.715	364
N	15.093	-16.038	-19.644	365
CA	13.759	-15.438	-19.538	365
C	13.02	-15.403	-20.887	365
N	13.733	-15.217	-22.003	366
CA	13.138	-15.328	-23.339	366
C	12.591	-16.747	-23.597	366
N	13.337	-17.785	-23.199	367
CA	12.862	-19.168	-23.275	367
C	11.716	-19.453	-22.282	367
N	11.684	-18.805	-21.109	368
CA	10.579	-18.938	-20.143	368
C	9.276	-18.408	-20.752	368
N	9.34	-17.235	-21.389	369
CA	8.222	-16.633	-22.12	369
C	7.725	-17.53	-23.26	369
N	8.644	-18.078	-24.062	370
CA	8.315	-19.032	-25.12	370
C	7.595	-20.281	-24.576	370
N	8.099	-20.875	-23.487	371
CA	7.473	-22.03	-22.833	371
C	6.08	-21.702	-22.251	371
N	5.848	-20.456	-21.82	372
CA	4.569	-19.991	-21.259	372
C	3.556	-19.54	-22.333	372
N	3.968	-19.464	-23.604	373
CA	3.161	-18.924	-24.704	373
C	2.978	-17.397	-24.676	373
N	3.799	-16.662	-23.917	374
CA	3.762	-15.196	-23.833	374
C	4.787	-14.562	-24.775	374
N	4.443	-14.454	-26.061	375
CA	5.36	-13.969	-27.11	375
C	5.818	-12.525	-26.863	375
N	4.905	-11.65	-26.432	376
CA	5.226	-10.287	-26.014	376
C	4.819	-10.04	-24.558	376
N	5.552	-9.153	-23.882	377
CA	5.322	-8.816	-22.477	377
C	5.538	-7.332	-22.178	377
N	4.69	-6.776	-21.312	378
CA	4.87	-5.468	-20.684	378
C	4.775	-5.644	-19.168	378
N	5.85	-5.317	-18.456	379
CA	5.947	-5.446	-16.998	379
C	6.185	-4.079	-16.379	379
N	5.409	-3.743	-15.352	380
CA	5.447	-2.442	-14.688	380
C	5.538	-2.614	-13.17	380
N	6.37	-1.812	-12.512	381
CA	6.668	-1.939	-11.09	381
C	5.622	-1.247	-10.203	381
N	5.101	-1.968	-9.205	382
CA	4.243	-1.41	-8.149	382
C	5.113	-1.149	-6.923	382
N	5.431	0.124	-6.698	383
CA	6.295	0.584	-5.607	383
C	5.427	1.273	-4.555	383
N	5.646	0.929	-3.287	384
CA	5.031	1.593	-2.134	384
C	6.108	2.264	-1.28	384
N	5.76	3.407	-0.697	385
CA	6.626	4.139	0.225	385
C	6.483	3.563	1.633	385
N	7.546	2.951	2.159	386
CA	7.611	2.471	3.546	386
C	7.743	3.661	4.497	386
N	6.611	4.301	4.788	387
CA	6.522	5.429	5.707	387
C	6.5	4.975	7.163	387
N	7.632	5.123	7.847	388
CA	7.687	5.321	9.295	388
C	8.132	6.757	9.578	388
N	7.567	7.404	10.597	389
CA	7.887	8.795	10.983	389
C	9.271	8.946	11.686	389
N	10.151	7.94	11.595	390
CA	11.472	7.862	12.255	390
C	12.611	8.623	11.529	390
N	12.284	9.533	10.607	391
CA	13.254	10.217	9.728	391
C	14.127	11.282	10.449	391
N	14.078	11.327	11.786	392
CA	14.89	12.212	12.625	392
C	16.334	11.728	12.867	392
N	16.709	10.515	12.434	393
CA	18.038	9.927	12.682	393
C	18.78	9.436	11.415	393
N	18.732	10.199	10.314	394
CA	19.554	9.915	9.12	394
C	21.041	10.207	9.397	394
N	21.745	9.202	9.916	395
CA	23.206	9.138	9.835	395
C	23.632	9.095	8.365	395
N	24.564	9.971	7.967	396
CA	25.055	10.085	6.58	396
C	25.792	8.811	6.136	396
N	25.063	7.822	5.622	397
CA	25.656	6.597	5.078	397
C	24.697	5.433	4.819	397
N	23.508	5.394	5.431	398
CA	22.519	4.351	5.13	398
C	21.821	4.606	3.789	398
N	21.652	3.54	3.003	399
CA	20.87	3.566	1.762	399
C	19.399	3.779	2.162	399
N	18.684	4.788	1.628	400
CA	17.318	5.075	2.055	400
C	16.384	3.917	1.68	400
N	15.923	3.166	2.682	401
CA	15.018	2.013	2.543	401
C	13.558	2.398	2.257	401
N	13.3	3.667	1.928	402
CA	11.971	4.267	1.853	402
C	11.044	3.695	0.76	402
N	11.546	2.91	-0.203	403
CA	10.748	2.352	-1.307	403
C	10.823	0.823	-1.366	403
N	9.685	0.156	-1.145	404
CA	9.525	-1.296	-1.302	404
C	8.854	-1.61	-2.643	404
N	9.389	-2.595	-3.367	405
CA	8.694	-3.197	-4.512	405
C	7.638	-4.158	-3.952	405
N	6.363	-3.779	-4.005	406
CA	5.256	-4.595	-3.489	406
C	4.837	-5.683	-4.482	406
N	4.918	-5.374	-5.775	407
CA	4.488	-6.27	-6.835	407
C	4.818	-5.736	-8.221	407
N	4.28	-6.407	-9.23	408
CA	4.369	-6.039	-10.637	408
C	2.973	-6.099	-11.265	408
N	2.689	-5.231	-12.232	409
CA	1.615	-5.468	-13.205	409
C	2.241	-6.073	-14.455	409
N	1.811	-7.286	-14.801	410
CA	2.389	-8.121	-15.861	410
C	1.355	-8.321	-16.961	410
N	1.685	-7.887	-18.172	411
CA	0.842	-8.018	-19.353	411
C	1.47	-9.032	-20.313	411
N	0.707	-10.018	-20.785	412
CA	1.14	-11.012	-21.775	412
C	0.296	-10.919	-23.054	412
N	0.932	-11.108	-24.21	413
CA	0.269	-11.203	-25.512	413
C	0.705	-12.477	-26.239	413
N	-0.227	-13.085	-26.971	414
CA	-0.018	-14.355	-27.692	414
C	0.657	-14.191	-29.059	414
N	0.947	-12.955	-29.465	415
CA	1.721	-12.596	-30.658	415
C	2.719	-11.478	-30.325	415
N	3.682	-11.163	-31.213	416
CA	4.517	-9.974	-31.072	416
C	3.666	-8.709	-30.896	416
N	4.071	-7.82	-29.982	417
CA	3.362	-6.567	-29.685	417
C	4.325	-5.499	-29.185	417
N	4.415	-4.407	-29.934	418
CA	5.095	-3.188	-29.516	418
C	4.041	-2.106	-29.253	418
N	4.085	-1.471	-28.08	419
CA	3.267	-0.291	-27.765	419
C	4.155	0.964	-27.704	419
N	3.677	2.129	-28.179	420
CA	4.508	3.325	-28.299	420
C	4.906	3.875	-26.917	420
N	6.015	4.625	-26.843	421
CA	6.516	5.173	-25.572	421
C	5.481	5.994	-24.78	421
N	4.681	6.899	-25.388	422
CA	3.64	7.629	-24.662	422
C	2.684	6.726	-23.873	422
N	2.302	5.575	-24.433	423
CA	1.396	4.639	-23.769	423
C	2.067	3.916	-22.591	423
N	3.352	3.555	-22.719	424
CA	4.14	2.985	-21.607	424
C	4.308	3.983	-20.466	424
N	4.559	5.246	-20.794	425
CA	4.728	6.315	-19.815	425
C	3.402	6.693	-19.125	425
N	2.277	6.644	-19.851	426
CA	0.934	6.717	-19.27	426
C	0.71	5.607	-18.229	426
N	1.051	4.363	-18.582	427
CA	0.91	3.232	-17.67	427
C	1.861	3.332	-16.463	427
N	3.071	3.887	-16.62	428
CA	3.949	4.182	-15.479	428
C	3.271	5.141	-14.493	428
N	2.69	6.237	-14.987	429
CA	2.001	7.211	-14.142	429
C	0.782	6.595	-13.431	429
N	0.037	5.715	-14.111	430
CA	-1.025	4.914	-13.494	430
C	-0.489	3.984	-12.388	430
N	0.677	3.348	-12.566	431
CA	1.295	2.525	-11.511	431
C	1.757	3.349	-10.308	431
N	2.212	4.587	-10.516	432
CA	2.557	5.49	-9.414	432
C	1.305	5.879	-8.61	432
N	0.199	6.209	-9.284	433
CA	-1.083	6.475	-8.629	433
C	-1.64	5.238	-7.896	433
N	-1.541	4.05	-8.503	434
CA	-1.921	2.785	-7.872	434
C	-1.069	2.478	-6.636	434
N	0.256	2.649	-6.706	435
CA	1.151	2.485	-5.557	435
C	0.813	3.426	-4.395	435
N	0.423	4.673	-4.688	436
CA	-0.048	5.628	-3.678	436
C	-1.367	5.199	-3.023	436
N	-2.372	4.81	-3.817	437
CA	-3.666	4.366	-3.288	437
C	-3.497	3.085	-2.462	437
N	-2.759	2.104	-2.986	438
CA	-2.443	0.854	-2.301	438
C	-1.728	1.092	-0.964	438
N	-0.765	2.018	-0.915	439
CA	-0.09	2.368	0.334	439
C	-1.063	2.983	1.352	439
N	-2.002	3.82	0.895	440
CA	-3.053	4.37	1.752	440
C	-3.954	3.261	2.311	440
N	-4.428	2.324	1.482	441
CA	-5.259	1.195	1.938	441
C	-4.529	0.287	2.944	441
N	-3.239	0.01	2.721	442
CA	-2.428	-0.806	3.63	442
C	-2.183	-0.102	4.975	442
N	-1.855	1.195	4.962	443
CA	-1.732	2.002	6.184	443
C	-3.057	2.076	6.949	443
N	-4.17	2.183	6.224	444
CA	-5.511	2.237	6.782	444
C	-5.868	0.92	7.479	444
N	-5.684	-0.218	6.804	445
CA	-5.89	-1.545	7.383	445
C	-5.03	-1.773	8.642	445
N	-3.773	-1.317	8.629	446
CA	-2.874	-1.397	9.78	446
C	-3.375	-0.556	10.968	446
N	-3.653	0.741	10.771	447
CA	-4.216	1.621	11.811	447
C	-5.552	1.106	12.366	447
N	-6.372	0.484	11.514	448
CA	-7.631	-0.125	11.924	448
C	-7.435	-1.354	12.822	448
N	-6.35	-2.108	12.627	449
CA	-5.937	-3.236	13.469	449
C	-5.357	-2.738	14.796	449
N	-4.379	-1.825	14.759	450
CA	-3.764	-1.227	15.956	450
C	-4.799	-0.577	16.885	450
N	-5.746	0.203	16.337	451
CA	-6.825	0.819	17.13	451
C	-7.721	-0.227	17.806	451
N	-7.929	-1.385	17.178	452
CA	-8.707	-2.47	17.772	452
C	-7.927	-3.127	18.913	452
N	-6.668	-3.503	18.664	453
CA	-5.736	-4.059	19.654	453
C	-5.648	-3.154	20.892	453
N	-5.359	-1.858	20.714	454
CA	-5.258	-0.889	21.814	454
C	-6.567	-0.748	22.605	454
N	-7.726	-0.774	21.929	455
CA	-9.038	-0.714	22.594	455
C	-9.298	-1.975	23.416	455
N	-9.038	-3.159	22.861	456
CA	-9.203	-4.425	23.587	456
C	-8.24	-4.499	24.768	456
N	-6.967	-4.148	24.572	457
CA	-5.975	-4.102	25.643	457
C	-6.411	-3.168	26.781	457
N	-6.887	-1.957	26.468	458
CA	-7.373	-1.003	27.485	458
C	-8.511	-1.595	28.325	458
N	-9.446	-2.315	27.694	459
CA	-10.559	-2.975	28.385	459
C	-10.075	-4.141	29.261	459
N	-9.168	-4.985	28.757	460
CA	-8.563	-6.07	29.538	460
C	-7.785	-5.542	30.756	460
N	-7.11	-4.396	30.638	461
CA	-6.416	-3.762	31.76	461
C	-7.378	-3.165	32.8	461
N	-8.478	-2.534	32.379	462
CA	-9.523	-2.047	33.294	462
C	-10.21	-3.21	34.037	462
N	-10.436	-4.34	33.359	463
CA	-10.928	-5.578	33.977	463
C	-9.946	-6.141	35.015	463
N	-8.642	-6.183	34.716	464
CA	-7.605	-6.644	35.657	464
C	-7.473	-5.775	36.916	464
N	-7.851	-4.497	36.841	465
CA	-7.835	-3.576	37.982	465
C	-9.099	-3.663	38.853	465
N	-10.209	-4.19	38.319	466
CA	-11.51	-4.268	39.012	466
C	-11.833	-5.661	39.534	466
N	-11.514	-6.681	38.748	467
CA	-11.912	-8.066	38.962	467
C	-10.705	-8.977	39.207	467
N	-10.973	-10.234	39.566	468
CA	-9.904	-11.224	39.693	468
C	-9.229	-11.506	38.337	468
N	-7.966	-11.971	38.313	469
CA	-7.224	-12.286	37.086	469
C	-7.893	-13.274	36.117	469
N	-8.899	-14.039	36.555	470
CA	-9.698	-14.899	35.665	470
C	-10.663	-14.109	34.77	470
N	-10.921	-12.827	35.07	471
CA	-11.805	-11.929	34.318	471
C	-11.456	-11.829	32.833	471
N	-10.16	-11.834	32.498	472
CA	-9.657	-11.772	31.11	472
C	-10.022	-13.003	30.259	472
N	-10.496	-14.081	30.893	473
CA	-10.999	-15.297	30.233	473
C	-12.513	-15.445	30.421	473
N	-13.08	-14.989	31.543	474
CA	-14.501	-15.208	31.872	474
C	-15.459	-14.124	31.376	474
N	-14.963	-12.962	30.947	475
CA	-15.773	-11.843	30.452	475
C	-15.493	-11.536	28.968	475
N	-16.279	-10.62	28.391	476
CA	-16.107	-10.11	27.026	476
C	-15.886	-8.585	27.062	476
N	-14.837	-8.042	26.411	477
CA	-13.839	-8.757	25.614	477
C	-12.906	-9.628	26.467	477
N	-12.411	-10.688	25.846	478
CA	-11.523	-11.7	26.408	478
C	-10.115	-11.599	25.807	478
N	-9.175	-12.416	26.289	479
CA	-7.859	-12.573	25.645	479
C	-7.931	-13.08	24.191	479
N	-9.031	-13.71	23.747	480
CA	-9.219	-14.061	22.327	480
C	-9.544	-12.843	21.451	480
N	-10.087	-11.763	22.015	481
CA	-10.443	-10.549	21.265	481
C	-9.243	-9.601	21.056	481
N	-8.081	-9.935	21.633	482
CA	-6.837	-9.171	21.501	482
C	-6.057	-9.545	20.228	482
N	-6.195	-10.789	19.763	483
CA	-5.333	-11.421	18.752	483
C	-6.177	-12.367	17.906	483
N	-5.967	-12.479	16.587	484
CA	-6.743	-13.453	15.796	484
C	-6.325	-14.871	16.196	484
N	-7.178	-15.61	16.894	485
CA	-6.915	-16.984	17.314	485
C	-8.199	-17.825	17.341	485
N	-8.045	-19.15	17.299	486
CA	-9.166	-20.098	17.39	486
C	-9.44	-20.513	18.845	486
N	-8.454	-20.32	19.724	487
CA	-8.583	-20.473	21.166	487
C	-7.489	-19.733	21.929	487
N	-7.687	-19.582	23.231	488
CA	-6.713	-19.032	24.164	488
C	-6.895	-19.67	25.546	488
N	-5.888	-19.605	26.413	489
CA	-6.014	-20.127	27.768	489
C	-5.11	-19.418	28.776	489
N	-5.576	-19.359	30.022	490
CA	-4.791	-18.968	31.188	490
C	-4.505	-20.213	32.038	490
N	-3.235	-20.465	32.345	491
CA	-2.826	-21.418	33.376	491
C	-2.316	-20.622	34.578	491
N	-3.06	-20.651	35.687	492
CA	-2.818	-19.792	36.849	492
C	-3.033	-20.552	38.162	492
N	-2.029	-20.537	39.043	493
CA	-2.004	-21.261	40.322	493
C	-2.416	-22.742	40.2	493
N	-1.91	-23.425	39.168	494
CA	-2.192	-24.843	38.913	494
C	-3.617	-25.149	38.434	494
N	-4.426	-24.125	38.131	495
CA	-5.741	-24.256	37.491	495
C	-5.669	-23.826	36.031	495
N	-6.434	-24.516	35.194	496
CA	-6.509	-24.274	33.76	496
C	-7.847	-23.631	33.375	496
N	-7.788	-22.512	32.652	497
CA	-8.942	-21.738	32.191	497
C	-8.881	-21.592	30.655	497
N	-9.482	-22.522	29.89	498
CA	-9.522	-22.473	28.427	498
C	-10.663	-21.605	27.873	498
N	-10.459	-21.078	26.664	499
CA	-11.447	-20.41	25.818	499
C	-11.269	-20.865	24.358	499
N	-12.364	-21.161	23.654	500
CA	-12.311	-21.601	22.254	500
C	-11.651	-22.976	22.063	500
N	-10.893	-23.137	20.976	501
CA	-10.202	-24.382	20.603	501
C	-8.841	-24.463	21.298	501
N	-8.74	-25.291	22.338	502
CA	-7.507	-25.466	23.122	502
C	-7.136	-26.944	23.294	502
N	-5.864	-27.262	23.607	503
CA	-5.499	-28.578	24.122	503
C	-6.196	-28.884	25.461	503
N	-6.242	-30.163	25.834	504
CA	-6.71	-30.601	27.161	504
C	-5.723	-30.215	28.269	504
N	-6.171	-30.178	29.53	505
CA	-5.301	-29.857	30.68	505
C	-4.059	-30.771	30.773	505
N	-4.188	-32.047	30.387	506
CA	-3.066	-33.002	30.341	506
C	-2.05	-32.604	29.266	506
N	-2.52	-32.233	28.072	507
CA	-1.662	-31.773	26.973	507
C	-1.004	-30.42	27.285	507
N	-1.688	-29.518	27.995	508
CA	-1.108	-28.238	28.435	508
C	0.043	-28.448	29.416	508
N	-0.067	-29.409	30.339	509
CA	1.03	-29.732	31.265	509
C	2.248	-30.288	30.523	509
N	2.039	-31.168	29.544	510
CA	3.099	-31.679	28.658	510
C	3.766	-30.558	27.822	510
N	2.982	-29.601	27.306	511
CA	3.503	-28.397	26.63	511
C	4.315	-27.515	27.596	511
N	3.865	-27.317	28.842	512
CA	4.595	-26.536	29.859	512
C	5.914	-27.227	30.243	512
N	5.936	-28.556	30.375	513
CA	7.166	-29.325	30.615	513
C	8.163	-29.17	29.453	513
N	7.696	-29.261	28.201	514
CA	8.518	-29.002	27.012	514
C	9.05	-27.56	26.955	514
N	8.198	-26.554	27.185	515
CA	8.6	-25.142	27.236	515
C	9.64	-24.885	28.334	515
N	9.487	-25.507	29.504	516
CA	10.442	-25.377	30.616	516
C	11.788	-26.024	30.277	516
N	11.778	-27.193	29.626	517
CA	12.993	-27.932	29.264	517
C	13.762	-27.305	28.089	517
N	13.06	-26.799	27.07	518
CA	13.663	-26.32	25.82	518
C	13.752	-24.788	25.708	518
N	12.9	-24.046	26.422	519
CA	12.705	-22.599	26.257	519
C	12.596	-21.836	27.596	519
N	13.133	-22.39	28.691	520
CA	13.009	-21.826	30.044	520
C	13.634	-20.435	30.24	520
N	14.662	-20.085	29.458	521
CA	15.33	-18.77	29.512	521
C	14.593	-17.664	28.72	521
N	13.497	-17.995	28.027	522
CA	12.726	-17.04	27.221	522
C	11.644	-16.313	28.033	522
N	11.125	-15.2	27.51	523
CA	9.872	-14.59	27.998	523
C	8.62	-15.233	27.396	523
N	8.773	-16.047	26.354	524
CA	7.678	-16.676	25.624	524
C	8.158	-17.387	24.357	524
N	7.218	-17.853	23.542	525
CA	7.485	-18.477	22.244	525
C	6.307	-18.2	21.307	525
N	6.574	-18.034	20.014	526
CA	5.552	-18.102	18.97	526
C	5.992	-19.034	17.842	526
N	5.044	-19.798	17.303	527
CA	5.245	-20.685	16.151	527
C	3.952	-20.842	15.349	527
N	4.077	-20.983	14.027	528
CA	2.995	-21.393	13.124	528
C	2.873	-22.925	12.999	528
N	3.852	-23.675	13.519	529
CA	3.836	-25.135	13.594	529
C	4.564	-25.648	14.835	529
N	3.825	-26.271	15.751	530
CA	4.402	-27.0	16.885	530
C	5.288	-28.176	16.432	530
N	4.999	-28.772	15.269	531
CA	5.812	-29.844	14.698	531
C	7.187	-29.331	14.233	531
N	7.23	-28.248	13.445	532
CA	8.503	-27.666	12.982	532
C	9.28	-26.967	14.119	532
N	8.592	-26.52	15.179	533
CA	9.216	-26.034	16.416	533
C	9.832	-27.152	17.286	533
N	9.583	-28.428	16.969	534
CA	10.184	-29.57	17.661	534
C	9.448	-30.05	18.918	534
N	8.166	-29.712	19.103	535
CA	7.351	-30.281	20.184	535
C	6.965	-31.742	19.852	535
N	7.41	-32.751	20.633	536
CA	7.224	-34.163	20.28	536
C	5.757	-34.62	20.301	536
N	4.899	-33.971	21.096	537
CA	3.469	-34.276	21.176	537
C	2.618	-33.691	20.04	537
N	3.195	-32.923	19.103	538
CA	2.439	-32.156	18.102	538
C	1.458	-33.013	17.277	538
N	1.846	-34.239	16.912	539
CA	0.986	-35.155	16.157	539
C	-0.285	-35.591	16.921	539
N	-0.278	-35.544	18.259	540
CA	-1.419	-35.906	19.103	540
C	-2.408	-34.746	19.333	540
N	-2.016	-33.502	19.031	541
CA	-2.915	-32.338	19.031	541
C	-3.782	-32.278	17.76	541
N	-3.288	-32.862	16.663	542
CA	-3.973	-32.914	15.374	542
C	-4.158	-31.541	14.72	542
N	-5.072	-31.476	13.752	543
CA	-5.333	-30.258	12.975	543
C	-6.028	-29.14	13.79	543
N	-6.456	-29.398	15.031	544
CA	-7.112	-28.403	15.887	544
C	-6.14	-27.388	16.523	544
N	-4.863	-27.748	16.711	545
CA	-3.844	-26.858	17.295	545
C	-2.516	-27.071	16.568	545
N	-2.241	-26.22	15.576	546
CA	-0.974	-26.216	14.826	546
C	-0.054	-25.076	15.253	546
N	-0.602	-23.869	15.409	547
CA	0.135	-22.685	15.843	547
C	-0.091	-22.378	17.316	547
N	0.937	-21.844	17.97	548
CA	0.888	-21.433	19.371	548
C	1.682	-20.143	19.575	548
N	1.139	-19.226	20.371	549
CA	1.888	-18.162	21.026	549
C	1.711	-18.299	22.545	549
N	2.793	-18.164	23.309	550
CA	2.8	-18.293	24.772	550
C	3.593	-17.156	25.406	550
N	3.054	-16.587	26.483	551
CA	3.678	-15.534	27.275	551
C	3.801	-15.97	28.742	551
N	5.016	-15.904	29.291	552
CA	5.3	-16.353	30.657	552
C	5.022	-15.216	31.642	552
N	3.984	-15.335	32.463	553
CA	3.672	-14.331	33.482	553
C	4.687	-14.484	34.617	553
N	4.651	-15.626	35.292	554
CA	5.617	-16.043	36.315	554
C	6.263	-17.364	35.861	554
N	7.238	-17.933	36.594	555
CA	7.719	-19.292	36.324	555
C	6.65	-20.399	36.465	555
N	5.49	-20.11	37.071	556
CA	4.377	-21.055	37.268	556
C	3.109	-20.736	36.472	556
N	2.992	-19.529	35.913	557
CA	1.742	-18.998	35.364	557
C	1.933	-18.494	33.922	557
N	1.047	-18.921	33.021	558
CA	1.223	-18.829	31.568	558
C	-0.06	-18.362	30.873	558
N	0.089	-17.526	29.843	559
CA	-0.957	-17.243	28.858	559
C	-0.63	-17.914	27.529	559
N	-1.642	-18.507	26.905	560
CA	-1.549	-19.185	25.618	560
C	-2.584	-18.649	24.63	560
N	-2.198	-18.585	23.359	561
CA	-3.076	-18.42	22.205	561
C	-2.794	-19.543	21.21	561
N	-3.851	-20.1	20.627	562
CA	-3.793	-21.252	19.736	562
C	-4.438	-20.934	18.392	562
N	-3.856	-21.482	17.327	563
CA	-4.439	-21.455	15.987	563
C	-4.541	-22.862	15.419	563
N	-5.7	-23.151	14.851	564
CA	-5.986	-24.369	14.109	564
C	-5.112	-24.467	12.862	564
N	-5.008	-25.678	12.328	565
CA	-4.481	-25.887	10.997	565
C	-5.325	-25.094	9.993	565
N	-4.69	-24.158	9.292	566
CA	-5.283	-23.536	8.11	566
C	-4.753	-24.276	6.893	566
N	-5.623	-24.992	6.178	567
CA	-5.268	-25.677	4.938	567
C	-4.851	-24.653	3.869	567
N	-3.551	-24.343	3.808	568
CA	-2.996	-23.429	2.814	568
C	-2.768	-24.201	1.519	568
N	-3.811	-24.235	0.699	569
CA	-3.771	-24.717	-0.679	569
C	-2.957	-23.757	-1.558	569
N	-1.649	-23.992	-1.664	570
CA	-0.789	-23.214	-2.557	570
C	-0.89	-23.825	-3.956	570
N	-1.589	-23.133	-4.859	571
CA	-1.649	-23.492	-6.282	571
C	-0.382	-22.986	-6.96	571
N	0.617	-23.838	-7.116	572
CA	1.869	-23.473	-7.772	572
C	1.741	-23.539	-9.3	572
N	2.276	-22.533	-9.997	573
CA	2.503	-22.566	-11.443	573
C	3.767	-23.366	-11.787	573
N	3.601	-24.601	-12.259	574
CA	4.698	-25.508	-12.609	574
C	4.378	-26.972	-12.308	574
N	5.353	-27.872	-12.399	575
CA	5.165	-29.255	-11.954	575
C	6.156	-29.617	-10.842	575
N	5.691	-30.34	-9.813	576
CA	6.554	-31.337	-9.162	576
C	6.785	-32.434	-10.206	576
N	8.028	-32.548	-10.676	577
CA	8.49	-33.431	-11.758	577
C	7.753	-34.783	-11.776	577
N	6.986	-35.067	-12.836	578
CA	6.401	-36.396	-13.009	578
C	7.498	-37.382	-13.446	578
N	7.518	-38.635	-12.948	579
CA	8.545	-39.62	-13.318	579
C	8.581	-40.004	-14.806	579
N	7.532	-39.669	-15.559	580
CA	7.367	-40.011	-16.977	580
C	7.826	-38.891	-17.929	580
N	8.033	-37.671	-17.417	581
CA	8.581	-36.554	-18.19	581
C	10.073	-36.81	-18.464	581
N	10.39	-37.312	-19.664	582
CA	11.773	-37.414	-20.144	582
C	12.25	-36.059	-20.655	582
N	13.076	-35.383	-19.864	583
CA	13.812	-34.2	-20.315	583
C	14.649	-34.5	-21.574	583
N	14.633	-33.575	-22.541	584
CA	15.596	-33.559	-23.646	584
C	16.987	-33.238	-23.082	584
N	17.778	-34.29	-22.862	585
CA	19.093	-34.219	-22.226	585
C	20.152	-33.381	-22.956	585
N	19.835	-32.745	-24.092	586
CA	20.741	-31.829	-24.794	586
C	20.497	-30.337	-24.517	586
N	19.441	-29.944	-23.786	587
CA	19.107	-28.52	-23.594	587
C	18.711	-28.154	-22.168	587
N	19.299	-27.063	-21.677	588
CA	18.758	-26.341	-20.528	588
C	17.47	-25.623	-20.924	588
N	16.379	-25.923	-20.227	589
CA	15.142	-25.163	-20.323	589
C	14.797	-24.517	-18.965	589
N	14.289	-23.268	-18.937	590
CA	13.398	-22.838	-17.857	590
C	12.157	-23.745	-17.844	590
N	11.321	-23.673	-16.796	591
CA	10.145	-24.553	-16.621	591
C	9.439	-24.87	-17.944	591
N	9.418	-26.154	-18.289	592
CA	8.77	-26.7	-19.486	592
C	7.251	-26.783	-19.324	592
N	6.783	-26.964	-18.087	593
CA	5.372	-26.992	-17.713	593
C	5.02	-25.815	-16.808	593
N	3.872	-25.196	-17.091	594
CA	3.198	-24.194	-16.257	594
C	1.829	-24.672	-15.754	594
N	1.532	-25.978	-15.866	595
CA	0.306	-26.562	-15.3	595
C	0.205	-26.21	-13.814	595
N	-1.005	-26.058	-13.292	596
CA	-1.183	-25.846	-11.862	596
C	-1.002	-27.172	-11.103	596
N	-0.242	-27.172	-10.005	597
CA	-0.306	-28.242	-9.002	597
C	-0.631	-27.679	-7.623	597
N	-1.367	-28.462	-6.841	598
CA	-1.748	-28.106	-5.484	598
C	-0.682	-28.619	-4.513	598
N	-0.048	-27.721	-3.769	599
CA	0.66	-28.083	-2.548	599
C	-0.242	-27.803	-1.351	599
N	-0.661	-28.877	-0.683	600
CA	-1.403	-28.802	0.575	600
C	-0.382	-28.81	1.705	600
N	-0.038	-27.625	2.208	601
CA	0.783	-27.495	3.419	601
C	-0.075	-27.938	4.601	601
N	0.294	-29.04	5.262	602
CA	-0.402	-29.577	6.445	602
C	0.266	-29.127	7.744	602
N	-0.477	-29.177	8.853	603
CA	0.047	-28.967	10.218	603
C	0.751	-27.615	10.434	603
N	0.247	-26.579	9.752	604
CA	0.599	-25.168	9.952	604
C	-0.65	-24.306	10.136	604
N	-0.543	-23.264	10.953	605
CA	-1.547	-22.206	11.103	605
C	-1.246	-20.989	10.22	605
N	-2.06	-19.937	10.344	606
CA	-1.633	-18.587	9.967	606
C	-0.461	-18.121	10.863	606
N	0.557	-17.429	10.312	607
CA	1.683	-16.893	11.079	607
C	1.252	-15.715	11.96	607
N	1.875	-15.569	13.128	608
CA	1.606	-14.476	14.07	608
C	2.158	-13.152	13.525	608
N	1.319	-12.119	13.424	609
CA	1.737	-10.794	12.949	609
C	2.564	-10.063	14.036	609
N	3.461	-9.141	13.662	610
CA	4.27	-8.409	14.657	610
C	3.399	-7.623	15.655	610
N	2.35	-6.945	15.171	611
CA	1.408	-6.209	16.02	611
C	0.641	-7.121	17.001	611
N	0.415	-8.384	16.627	612
CA	-0.189	-9.402	17.491	612
C	0.778	-9.834	18.603	612
N	2.058	-10.028	18.27	613
CA	3.099	-10.334	19.255	613
C	3.373	-9.159	20.202	613
N	3.373	-7.924	19.698	614
CA	3.519	-6.717	20.516	614
C	2.344	-6.555	21.495	614
N	1.114	-6.871	21.069	615
CA	-0.063	-6.905	21.938	615
C	0.078	-7.932	23.076	615
N	0.519	-9.152	22.743	616
CA	0.77	-10.236	23.703	616
C	1.849	-9.826	24.717	616
N	2.986	-9.294	24.256	617
CA	4.062	-8.824	25.134	617
C	3.628	-7.64	26.012	617
N	2.807	-6.728	25.487	618
CA	2.306	-5.587	26.254	618
C	1.346	-6.03	27.369	618
N	0.437	-6.976	27.093	619
CA	-0.41	-7.591	28.125	619
C	0.42	-8.386	29.154	619
N	1.451	-9.116	28.711	620
CA	2.359	-9.87	29.584	620
C	3.053	-8.978	30.623	620
N	3.538	-7.801	30.213	621
CA	4.191	-6.843	31.11	621
C	3.217	-6.322	32.176	621
N	2.019	-5.9	31.763	622
CA	0.996	-5.355	32.672	622
C	0.547	-6.408	33.696	622
N	0.363	-7.656	33.255	623
CA	0.046	-8.766	34.15	623
C	1.171	-9.018	35.156	623
N	2.428	-9.1	34.697	624
CA	3.605	-9.295	35.563	624
C	3.675	-8.3	36.716	624
N	3.339	-7.042	36.463	625
CA	3.333	-6.008	37.493	625
C	2.135	-6.188	38.452	625
N	0.912	-6.385	37.936	626
CA	-0.295	-6.595	38.769	626
C	-0.215	-7.799	39.731	626
N	0.465	-8.878	39.324	627
CA	0.655	-10.065	40.162	627
C	1.737	-9.885	41.229	627
N	2.737	-9.025	40.995	628
CA	3.735	-8.666	42.016	628
C	3.093	-7.859	43.136	628
N	2.32	-6.834	42.784	629
CA	1.602	-5.995	43.752	629
C	0.63	-6.818	44.62	629
N	-0.01	-7.833	44.028	630
CA	-0.911	-8.75	44.74	630
C	-0.189	-9.715	45.696	630
N	1.078	-10.054	45.433	631
CA	1.846	-11.025	46.216	631
C	2.533	-10.416	47.454	631
N	2.844	-9.116	47.441	632
CA	3.448	-8.413	48.589	632
C	2.397	-7.896	49.604	632
N	1.107	-7.946	49.25	633
CA	-0.017	-7.348	49.983	633
C	-0.68	-8.186	51.088	633
N	0.057	-8.933	51.919	634
CA	-0.573	-9.604	53.078	634
C	-0.985	-8.612	54.174	634
N	-2.282	-8.615	54.518	635
CA	-2.924	-7.925	55.657	635
C	-3.298	-6.44	55.47	635
N	-4.568	-6.167	55.116	636
CA	-5.503	-5.373	55.947	636
C	-6.888	-5.157	55.293	636
N	-7.954	-5.352	56.074	637
CA	-9.342	-5.043	55.698	637
C	-9.573	-3.537	55.504	637
N	-10.025	-3.076	54.32	638
CA	-10.54	-1.688	54.16	638
C	-11.443	-1.348	52.953	638
N	-11.945	-2.319	52.184	639
CA	-12.628	-2.049	50.902	639
C	-14.182	-2.023	50.913	639
N	-14.858	-2.223	52.057	640
CA	-16.309	-2.556	52.087	640
C	-17.215	-1.435	52.668	640
N	-16.673	-0.29	53.115	641
CA	-17.434	0.699	53.931	641
C	-17.405	2.138	53.376	641
N	-17.546	2.336	52.056	642
CA	-17.611	3.688	51.449	642
C	-18.75	3.904	50.419	642
N	-19.616	2.915	50.174	643
CA	-20.58	2.94	49.059	643
C	-21.876	3.752	49.238	643
N	-22.058	4.516	50.325	644
CA	-23.361	5.137	50.659	644
C	-23.335	6.641	50.996	644
N	-22.182	7.318	50.935	645
CA	-22.067	8.743	51.338	645
C	-22.005	9.713	50.141	645
N	-21.746	9.228	48.921	646
CA	-21.47	10.092	47.759	646
C	-22.688	10.691	47.031	646
N	-23.93	10.27	47.314	647
CA	-25.097	10.79	46.576	647
C	-25.413	12.272	46.866	647
N	-25.075	12.789	48.054	648
CA	-25.429	14.16	48.46	648
C	-24.482	15.263	47.966	648
N	-23.226	14.94	47.64	649
CA	-22.242	15.938	47.175	649
C	-22.293	16.169	45.653	649
N	-22.901	15.244	44.902	650
CA	-23.023	15.31	43.441	650
C	-23.991	16.409	42.964	650
N	-25.085	16.664	43.69	651
CA	-26.062	17.705	43.324	651
C	-25.505	19.13	43.502	651
N	-24.673	19.357	44.526	652
CA	-23.986	20.638	44.738	652
C	-22.855	20.867	43.724	652
N	-22.109	19.816	43.346	653
CA	-21.079	19.907	42.295	653
C	-21.658	20.289	40.932	653
N	-22.821	19.743	40.569	654
CA	-23.464	20.02	39.281	654
C	-23.825	21.497	39.063	654
N	-24.171	22.234	40.125	655
CA	-24.506	23.667	40.037	655
C	-23.245	24.518	39.811	655
N	-22.143	24.209	40.5	656
CA	-20.855	24.88	40.278	656
C	-20.257	24.538	38.903	656
N	-20.411	23.296	38.432	657
CA	-20.015	22.883	37.08	657
C	-20.822	23.624	36.002	657
N	-22.15	23.732	36.135	658
CA	-22.987	24.541	35.233	658
C	-22.598	26.029	35.256	658
N	-22.32	26.589	36.437	659
CA	-21.856	27.976	36.595	659
C	-20.464	28.213	35.987	659
N	-19.604	27.192	35.995	660
CA	-18.292	27.195	35.344	660
C	-18.423	27.122	33.819	660
N	-19.236	26.193	33.3	661
CA	-19.513	26.05	31.859	661
C	-20.145	27.32	31.288	661
N	-21.098	27.937	31.994	662
CA	-21.699	29.204	31.578	662
C	-20.666	30.346	31.503	662
N	-19.755	30.448	32.483	663
CA	-18.661	31.438	32.465	663
C	-17.672	31.2	31.327	663
N	-17.295	29.951	31.061	664
CA	-16.435	29.619	29.92	664
C	-17.132	29.897	28.58	664
N	-18.435	29.616	28.445	665
CA	-19.211	29.957	27.243	665
C	-19.268	31.467	26.992	665
N	-19.562	32.279	28.015	666
CA	-19.536	33.749	27.892	666
C	-18.138	34.23	27.505	666
N	-17.081	33.694	28.134	667
CA	-15.695	34.038	27.783	667
C	-15.378	33.693	26.326	667
N	-15.789	32.517	25.844	668
CA	-15.577	32.078	24.459	668
C	-16.307	32.958	23.436	668
N	-17.512	33.445	23.752	669
CA	-18.274	34.365	22.89	669
C	-17.601	35.744	22.839	669
N	-17.183	36.279	23.99	670
CA	-16.516	37.585	24.077	670
C	-15.127	37.594	23.434	670
N	-14.346	36.519	23.587	671
CA	-13.02	36.403	22.957	671
C	-13.063	35.842	21.533	671
N	-14.247	35.635	20.946	672
CA	-14.359	35.132	19.583	672
C	-13.813	36.159	18.578	672
N	-12.942	35.713	17.672	673
CA	-12.362	36.543	16.597	673
C	-13.343	36.849	15.457	673
N	-14.59	36.396	15.594	674
CA	-15.707	36.566	14.664	674
C	-16.799	37.437	15.3	674
N	-17.488	38.312	14.542	675
CA	-18.637	39.05	15.057	675
C	-19.762	38.093	15.471	675
N	-20.166	38.172	16.739	676
CA	-21.311	37.449	17.299	676
C	-22.261	38.476	17.905	676
N	-23.521	38.426	17.492	677
CA	-24.585	39.258	18.043	677
C	-25.888	38.469	18.105	677
N	-26.736	38.766	19.079	678
CA	-27.998	38.075	19.288	678
C	-29.137	39.073	19.492	678
N	-30.343	38.649	19.124	679
CA	-31.596	39.362	19.376	679
C	-32.574	38.506	20.171	679
N	-33.513	39.166	20.836	680
CA	-34.711	38.559	21.417	680
C	-35.802	38.28	20.359	680
N	-36.996	37.9	20.819	681
CA	-38.173	37.649	19.974	681
C	-38.729	38.897	19.286	681
N	-38.436	40.093	19.804	682
CA	-38.892	41.377	19.258	682
C	-37.878	41.977	18.257	682
N	-36.719	41.327	18.078	683
CA	-35.652	41.761	17.172	683
C	-34.717	42.817	17.772	683
N	-34.736	42.98	19.096	684
CA	-33.869	43.883	19.843	684
C	-32.595	43.16	20.302	684
N	-31.444	43.834	20.234	685
CA	-30.14	43.248	20.574	685
C	-30.083	42.859	22.056	685
N	-29.785	41.587	22.319	686
CA	-29.562	41.027	23.655	686
C	-28.185	40.344	23.818	686
N	-27.358	40.332	22.767	687
CA	-25.957	39.921	22.824	687
C	-25.128	40.647	21.766	687
N	-23.917	41.076	22.121	688
CA	-23.05	41.882	21.256	688
C	-21.593	41.698	21.693	688
N	-20.816	40.869	20.991	689
CA	-19.453	40.55	21.426	689
C	-18.428	41.649	21.094	689
N	-17.261	41.582	21.74	690
CA	-16.156	42.509	21.498	690
C	-15.804	42.702	20.005	690
N	-15.896	41.656	19.164	691
CA	-15.531	41.769	17.743	691
C	-16.54	42.56	16.91	691
N	-17.845	42.4	17.139	692
CA	-18.848	43.219	16.435	692
C	-18.833	44.671	16.935	692
N	-18.502	44.902	18.211	693
CA	-18.273	46.244	18.747	693
C	-17.058	46.94	18.096	693
N	-15.939	46.225	17.915	694
CA	-14.754	46.71	17.185	694
C	-15.085	47.075	15.726	694
N	-15.799	46.199	15.008	695
CA	-16.114	46.385	13.586	695
C	-17.118	47.518	13.33	695
N	-18.131	47.664	14.186	696
CA	-19.177	48.686	14.01	696
C	-18.842	50.022	14.67	696
N	-17.918	50.053	15.633	697
CA	-17.664	51.226	16.472	697
C	-18.778	51.517	17.486	697
N	-19.683	50.56	17.73	698
CA	-20.777	50.667	18.695	698
C	-20.484	49.793	19.918	698
N	-20.392	50.402	21.101	699
CA	-20.121	49.658	22.336	699
C	-21.282	48.732	22.715	699
N	-21.004	47.71	23.534	700
CA	-22.028	46.773	24.037	700
C	-23.164	47.536	24.729	700
N	-22.822	48.48	25.609	701
CA	-23.773	49.319	26.353	701
C	-24.684	50.155	25.436	701
N	-24.177	50.611	24.286	702
CA	-24.951	51.368	23.296	702
C	-25.692	50.485	22.282	702
N	-25.348	49.202	22.165	703
CA	-25.969	48.261	21.235	703
C	-27.185	47.557	21.849	703
N	-27.109	47.199	23.133	704
CA	-28.165	46.478	23.848	704
C	-29.51	47.221	23.789	704
N	-30.577	46.493	23.455	705
CA	-31.936	47.023	23.319	705
C	-32.236	47.784	22.019	705
N	-31.26	48.012	21.126	706
CA	-31.532	48.568	19.785	706
C	-32.139	47.525	18.857	706
N	-32.949	47.968	17.902	707
CA	-33.517	47.103	16.872	707
C	-32.463	46.775	15.814	707
N	-32.178	45.486	15.599	708
CA	-31.21	45.053	14.583	708
C	-31.58	45.596	13.191	708
N	-32.854	45.466	12.813	709
CA	-33.372	45.866	11.495	709
C	-33.356	47.385	11.324	709
N	-33.946	48.13	12.264	710
CA	-34.164	49.568	12.089	710
C	-32.892	50.388	12.373	710
N	-32.179	50.063	13.455	711
CA	-31.087	50.9	13.951	711
C	-29.741	50.514	13.341	711
N	-29.444	49.217	13.195	712
CA	-28.076	48.726	12.949	712
C	-27.8	48.269	11.507	712
N	-28.832	47.905	10.747	713
CA	-28.714	47.397	9.371	713
C	-28.947	48.509	8.335	713
N	-28.224	48.47	7.21	714
CA	-28.478	49.347	6.061	714
C	-29.776	48.969	5.338	714
N	-30.476	49.977	4.803	715
CA	-31.777	49.832	4.128	715
C	-31.829	48.78	3.014	715
N	-30.709	48.575	2.328	716
CA	-30.532	47.555	1.283	716
C	-30.637	46.107	1.806	716
N	-30.377	45.878	3.098	717
CA	-30.408	44.562	3.749	717
C	-31.598	44.376	4.701	717
N	-32.451	45.389	4.908	718
CA	-33.623	45.306	5.801	718
C	-34.559	44.145	5.421	718
N	-34.861	43.953	4.132	719
CA	-35.731	42.856	3.678	719
C	-35.089	41.479	3.924	719
N	-33.786	41.355	3.655	720
CA	-33.008	40.13	3.889	720
C	-32.987	39.767	5.37	720
N	-32.712	40.733	6.254	721
CA	-32.647	40.503	7.707	721
C	-34.031	40.239	8.303	721
N	-35.09	40.904	7.831	722
CA	-36.462	40.58	8.243	722
C	-36.844	39.137	7.877	722
N	-36.531	38.686	6.652	723
CA	-36.749	37.286	6.245	723
C	-35.944	36.331	7.127	723
N	-34.661	36.624	7.329	724
CA	-33.733	35.847	8.15	724
C	-34.233	35.673	9.597	724
N	-34.659	36.767	10.239	725
CA	-35.27	36.76	11.571	725
C	-36.576	35.965	11.594	725
N	-37.488	36.227	10.653	726
CA	-38.803	35.574	10.623	726
C	-38.73	34.053	10.439	726
N	-37.666	33.555	9.792	727
CA	-37.383	32.126	9.611	727
C	-36.693	31.531	10.835	727
N	-35.641	32.17	11.346	728
CA	-34.952	31.706	12.548	728
C	-35.867	31.692	13.794	728
N	-36.808	32.637	13.926	729
CA	-37.837	32.635	14.981	729
C	-38.897	31.526	14.818	729
N	-38.996	30.895	13.64	730
CA	-39.809	29.686	13.388	730
C	-39.006	28.385	13.505	730
N	-37.7	28.474	13.766	731
CA	-36.785	27.331	13.841	731
C	-36.055	27.002	12.535	731
N	-36.312	27.745	11.454	732
CA	-35.637	27.597	10.163	732
C	-34.334	28.412	10.15	732
N	-33.235	27.77	10.544	733
CA	-31.887	28.35	10.526	733
C	-31.336	28.481	9.093	733
N	-31.035	29.708	8.661	734
CA	-30.336	29.987	7.4	734
C	-28.824	30.16	7.614	734
N	-28.052	29.819	6.578	735
CA	-26.586	29.886	6.569	735
C	-26.074	30.728	5.407	735
N	-24.897	31.32	5.591	736
CA	-24.162	32.098	4.593	736
C	-24.943	33.288	3.991	736
N	-25.715	34.013	4.805	737
CA	-26.504	35.168	4.345	737
C	-25.688	36.453	4.487	737
N	-25.463	37.184	3.392	738
CA	-24.767	38.477	3.445	738
C	-25.679	39.576	4.019	738
N	-25.166	40.321	4.999	739
CA	-25.81	41.491	5.599	739
C	-24.851	42.69	5.622	739
N	-25.422	43.897	5.581	740
CA	-24.693	45.17	5.557	740
C	-24.971	45.968	6.838	740
N	-23.997	46.012	7.747	741
CA	-24.078	46.707	9.04	741
C	-23.617	48.171	8.928	741
N	-24.263	49.053	9.698	742
CA	-23.88	50.461	9.879	742
C	-22.665	50.585	10.802	742
N	-21.863	51.618	10.565	743
CA	-20.748	52.025	11.427	743
C	-21.06	53.328	12.164	743
N	-20.51	53.454	13.369	744
CA	-20.823	54.485	14.355	744
C	-19.539	55.145	14.883	744
N	-19.668	56.352	15.441	745
CA	-18.537	57.093	16.009	745
C	-17.376	57.279	15.011	745
N	-16.112	56.993	15.388	746
CA	-14.958	57.178	14.498	746
C	-14.979	56.244	13.272	746
N	-15.614	55.076	13.397	747
CA	-15.725	54.059	12.345	747
C	-16.698	54.457	11.228	747
N	-17.56	55.454	11.463	748
CA	-18.499	55.988	10.467	748
C	-17.798	56.492	9.185	748
N	-16.501	56.808	9.279	749
CA	-15.639	57.186	8.153	749
C	-15.173	56.017	7.266	749
N	-15.221	54.763	7.745	750
CA	-14.751	53.575	7.001	750
C	-15.805	52.96	6.073	750
N	-17.049	53.441	6.124	751
CA	-18.154	52.934	5.307	751
C	-18.855	51.708	5.918	751
N	-19.655	50.965	5.128	752
CA	-20.414	49.806	5.602	752
C	-19.525	48.587	5.881	752
N	-19.891	47.798	6.895	753
CA	-19.31	46.469	7.138	753
C	-20.187	45.415	6.455	753
N	-19.57	44.53	5.676	754
CA	-20.224	43.383	5.048	754
C	-19.903	42.121	5.843	754
N	-20.938	41.456	6.351	755
CA	-20.802	40.243	7.162	755
C	-21.633	39.133	6.537	755
N	-21.037	37.96	6.34	756
CA	-21.778	36.74	6.005	756
C	-22.171	36.073	7.32	756
N	-23.468	35.985	7.617	757
CA	-23.987	35.445	8.882	757
C	-24.677	34.094	8.723	757
N	-24.543	33.28	9.766	758
CA	-25.393	32.13	10.046	758
C	-26.359	32.512	11.173	758
N	-27.657	32.269	10.986	759
CA	-28.697	32.581	11.963	759
C	-29.133	31.308	12.702	759
N	-28.838	31.238	13.997	760
CA	-29.153	30.112	14.872	760
C	-30.309	30.48	15.81	760
N	-31.34	29.641	15.909	761
CA	-32.448	29.877	16.845	761
C	-31.982	29.643	18.285	761
N	-31.99	30.681	19.12	762
CA	-31.711	30.55	20.554	762
C	-32.903	29.88	21.232	762
N	-32.686	28.75	21.915	763
CA	-33.744	27.989	22.6	763
C	-33.495	27.914	24.105	763
N	-34.563	27.941	24.895	764
CA	-34.502	27.673	26.334	764
C	-34.43	26.162	26.651	764
N	-34.368	25.819	27.942	765
CA	-34.326	24.427	28.414	765
C	-35.612	23.63	28.111	765
N	-36.721	24.314	27.813	766
CA	-37.986	23.733	27.333	766
C	-38.098	23.708	25.801	766
N	-37.003	24.011	25.085	767
CA	-36.884	24.097	23.617	767
C	-37.682	25.232	22.956	767
N	-38.283	26.151	23.715	768
CA	-38.955	27.32	23.143	768
C	-37.921	28.282	22.557	768
N	-38.227	28.888	21.409	769
CA	-37.341	29.871	20.778	769
C	-37.483	31.204	21.52	769
N	-36.382	31.672	22.106	770
CA	-36.296	32.914	22.899	770
C	-35.554	34.04	22.17	770
N	-35.09	33.789	20.944	771
CA	-34.356	34.764	20.143	771
C	-33.568	34.135	18.996	771
N	-32.669	34.915	18.398	772
CA	-31.796	34.486	17.293	772
C	-30.366	34.942	17.562	772
N	-29.412	34.016	17.503	773
CA	-27.982	34.294	17.581	773
C	-27.363	34.257	16.179	773
N	-26.651	35.316	15.814	774
CA	-25.928	35.452	14.56	774
C	-24.435	35.258	14.794	774
N	-23.84	34.323	14.055	775
CA	-22.383	34.155	13.981	775
C	-21.945	34.56	12.584	775
N	-21.129	35.608	12.499	776
CA	-20.739	36.236	11.245	776
C	-19.27	36.06	10.877	776
N	-18.97	36.138	9.587	777
CA	-17.624	36.335	9.061	777
C	-17.551	37.708	8.39	777
N	-16.604	38.55	8.813	778
CA	-16.315	39.811	8.125	778
C	-15.731	39.519	6.735	778
N	-16.436	39.976	5.702	779
CA	-16.017	39.895	4.298	779
C	-15.807	41.279	3.686	779
N	-15.797	42.347	4.491	780
CA	-15.669	43.74	4.031	780
C	-14.432	43.934	3.162	780
N	-13.271	43.437	3.603	781
CA	-12.039	43.494	2.811	781
C	-12.142	42.726	1.488	781
N	-12.779	41.554	1.506	782
CA	-12.945	40.693	0.334	782
C	-13.927	41.302	-0.679	782
N	-15.012	41.927	-0.207	783
CA	-16.004	42.598	-1.052	783
C	-15.51	43.935	-1.6	783
N	-14.799	44.747	-0.813	784
CA	-14.145	45.976	-1.315	784
C	-13.097	45.659	-2.391	784
N	-12.45	44.49	-2.319	785
CA	-11.612	43.966	-3.407	785
C	-12.475	43.526	-4.595	785
N	-13.53	42.735	-4.38	786
CA	-14.406	42.235	-5.449	786
C	-15.116	43.357	-6.226	786
N	-15.7	44.346	-5.549	787
CA	-16.374	45.492	-6.176	787
C	-15.383	46.37	-6.96	787
N	-14.12	46.454	-6.515	788
CA	-13.043	47.06	-7.314	788
C	-12.679	46.196	-8.521	788
N	-12.637	44.87	-8.395	789
CA	-12.336	43.961	-9.509	789
C	-13.437	43.992	-10.582	789
N	-14.715	43.993	-10.185	790
CA	-15.868	44.078	-11.097	790
C	-15.842	45.403	-11.876	790
N	-15.533	46.524	-11.215	791
CA	-15.38	47.824	-11.883	791
C	-14.078	47.97	-12.71	791
N	-13.129	47.026	-12.622	792
CA	-11.85	47.012	-13.369	792
C	-11.86	45.88	-14.428	792
N	-13.039	45.541	-14.968	793
CA	-13.268	44.46	-15.949	793
C	-12.521	44.57	-17.308	793
N	-11.572	45.5	-17.463	794
CA	-10.765	45.69	-18.673	794
C	-9.314	45.187	-18.622	794
N	-8.736	44.862	-17.453	795
CA	-7.282	44.603	-17.361	795
C	-6.879	43.482	-16.374	795
N	-7.054	42.233	-16.823	796
CA	-6.634	41.01	-16.118	796
C	-5.165	41.047	-15.648	796
N	-4.253	41.628	-16.445	797
CA	-2.821	41.687	-16.103	797
C	-2.556	42.675	-14.976	797
N	-3.194	43.847	-15.016	798
CA	-3.1	44.822	-13.934	798
C	-3.622	44.253	-12.609	798
N	-4.655	43.404	-12.649	799
CA	-5.191	42.716	-11.471	799
C	-4.194	41.685	-10.927	799
N	-3.821	40.663	-11.707	800
CA	-3.015	39.53	-11.204	800
C	-1.639	39.977	-10.695	800
N	-1.015	40.974	-11.332	801
CA	0.303	41.486	-10.938	801
C	0.279	42.651	-9.94	801
N	-0.892	43.1	-9.48	802
CA	-0.967	44.174	-8.494	802
C	-0.208	43.763	-7.206	802
N	0.713	44.595	-6.679	803
CA	1.516	44.255	-5.501	803
C	0.729	44.185	-4.177	803
N	-0.585	44.449	-4.199	804
CA	-1.51	44.389	-3.067	804
C	-1.441	43.029	-2.326	804
N	-1.159	43.006	-1.006	805
CA	-1.07	41.768	-0.223	805
C	-2.391	40.99	-0.086	805
N	-3.538	41.577	-0.451	806
CA	-4.835	40.883	-0.487	806
C	-4.972	39.905	-1.668	806
N	-4.049	39.938	-2.633	807
CA	-4.046	39.014	-3.769	807
C	-3.252	37.764	-3.371	807
N	-3.865	36.566	-3.39	808
CA	-3.172	35.347	-3.008	808
C	-2.044	35.016	-4.002	808
N	-1.04	34.226	-3.59	809
CA	-0.094	33.615	-4.515	809
C	-0.838	32.776	-5.565	809
N	-0.667	33.146	-6.834	810
CA	-1.326	32.553	-8.001	810
C	-0.272	32.172	-9.039	810
N	-0.413	30.973	-9.593	811
CA	0.275	30.546	-10.806	811
C	-0.715	29.891	-11.773	811
N	-0.392	29.852	-13.061	812
CA	-1.222	29.183	-14.061	812
C	-0.373	28.313	-14.98	812
N	-0.95	27.211	-15.449	813
CA	-0.381	26.398	-16.516	813
C	-0.956	26.784	-17.879	813
N	-0.314	26.315	-18.939	814
CA	-0.977	26.017	-20.206	814
C	-1.408	24.532	-20.254	814
N	-1.941	24.102	-21.395	815
CA	-2.287	22.711	-21.719	815
C	-1.101	21.722	-21.658	815
N	0.136	22.234	-21.669	816
CA	1.399	21.494	-21.673	816
C	2.084	21.517	-20.294	816
N	1.379	21.955	-19.244	817
CA	1.883	22.151	-17.869	817
C	3.035	23.157	-17.727	817
N	3.353	23.934	-18.763	818
CA	4.315	25.024	-18.66	818
C	3.693	26.192	-17.888	818
N	4.495	26.859	-17.061	819
CA	4.063	28.009	-16.282	819
C	3.735	29.176	-17.223	819
N	2.449	29.478	-17.395	820
CA	1.965	30.586	-18.223	820
C	1.744	31.868	-17.414	820
N	1.517	31.75	-16.1	821
CA	1.417	32.895	-15.194	821
C	2.101	32.645	-13.847	821
N	2.738	33.683	-13.303	822
CA	3.393	33.674	-11.992	822
C	3.267	35.067	-11.378	822
N	2.436	35.202	-10.345	823
CA	2.041	36.515	-9.848	823
C	3.003	37.103	-8.8	823
N	2.831	38.389	-8.498	824
CA	3.688	39.144	-7.565	824
C	3.673	38.569	-6.138	824
N	2.607	37.863	-5.748	825
CA	2.54	37.149	-4.475	825
C	3.321	35.816	-4.499	825
N	3.366	35.093	-5.628	826
CA	4.268	33.945	-5.819	826
C	5.74	34.356	-5.786	826
N	6.108	35.495	-6.381	827
CA	7.484	36.011	-6.298	827
C	7.907	36.252	-4.841	827
N	7.035	36.885	-4.043	828
CA	7.256	37.122	-2.605	828
C	7.294	35.827	-1.783	828
N	6.443	34.846	-2.098	829
CA	6.353	33.577	-1.365	829
C	7.542	32.647	-1.639	829
N	8.017	32.613	-2.884	830
CA	9.004	31.625	-3.347	830
C	10.42	32.182	-3.481	830
N	10.572	33.502	-3.633	831
CA	11.834	34.164	-3.976	831
C	12.226	34.069	-5.46	831
N	11.412	33.426	-6.304	832
CA	11.648	33.292	-7.744	832
C	10.803	34.288	-8.536	832
N	11.455	35.084	-9.383	833
CA	10.791	36.075	-10.232	833
C	10.047	35.428	-11.404	833
N	9.013	36.1	-11.918	834
CA	8.226	35.682	-13.088	834
C	9.115	35.37	-14.294	834
N	10.169	36.16	-14.513	835
CA	11.141	35.946	-15.592	835
C	12.036	34.71	-15.417	835
N	12.212	34.209	-14.19	836
CA	12.932	32.958	-13.913	836
C	12.036	31.71	-14.038	836
N	10.704	31.861	-14.079	837
CA	9.737	30.754	-13.911	837
C	8.807	30.56	-15.114	837
N	8.315	31.634	-15.737	838
CA	7.388	31.539	-16.879	838
C	8.061	30.85	-18.072	838
N	7.337	29.926	-18.708	839
CA	7.825	29.082	-19.803	839
C	8.54	27.793	-19.373	839
N	8.779	27.579	-18.071	840
CA	9.286	26.306	-17.526	840
C	8.156	25.345	-17.173	840
N	8.431	24.045	-17.2	841
CA	7.492	23.006	-16.766	841
C	7.195	23.123	-15.263	841
N	5.916	23.238	-14.889	842
CA	5.51	23.291	-13.478	842
C	5.957	22.03	-12.73	842
N	5.827	20.878	-13.384	843
CA	6.318	19.585	-12.91	843
C	7.814	19.481	-13.23	843
N	8.643	19.234	-12.215	844
CA	10.082	19.008	-12.39	844
C	10.943	20.274	-12.469	844
N	10.703	21.211	-13.39	845
CA	11.506	22.448	-13.416	845
C	11.115	23.396	-12.274	845
N	9.839	23.779	-12.174	846
CA	9.378	24.657	-11.089	846
C	9.299	23.879	-9.778	846
N	8.403	22.898	-9.647	847
CA	8.179	22.18	-8.383	847
C	9.087	20.949	-8.155	847
N	10.085	20.723	-9.017	848
CA	11.179	19.77	-8.76	848
C	12.515	20.449	-8.431	848
N	12.878	21.52	-9.152	849
CA	14.158	22.217	-8.989	849
C	14.046	23.537	-8.209	849
N	13.239	24.497	-8.673	850
CA	13.148	25.832	-8.058	850
C	12.434	25.812	-6.695	850
N	11.313	25.1	-6.623	851
CA	10.424	24.973	-5.475	851
C	10.221	23.491	-5.143	851
N	11.306	22.808	-4.765	852
CA	11.333	21.348	-4.597	852
C	10.242	20.859	-3.631	852
N	9.423	19.905	-4.074	853
CA	8.458	19.187	-3.231	853
C	9.152	18.184	-2.29	853
N	8.463	17.778	-1.213	854
CA	9.0	16.863	-0.179	854
C	9.54	15.527	-0.705	854
N	8.989	15.009	-1.799	855
CA	9.371	13.717	-2.36	855
C	8.582	13.376	-3.627	855
N	8.864	12.218	-4.25	856
CA	8.201	11.787	-5.48	856
C	6.688	11.641	-5.294	856
N	6.225	11.128	-4.154	857
CA	4.797	10.993	-3.839	857
C	4.056	12.34	-3.863	857
N	4.703	13.415	-3.398	858
CA	4.143	14.764	-3.452	858
C	4.116	15.313	-4.888	858
N	5.133	14.996	-5.7	859
CA	5.174	15.337	-7.123	859
C	4.068	14.603	-7.894	859
N	3.927	13.286	-7.714	860
CA	2.866	12.477	-8.33	860
C	1.481	12.999	-7.942	860
N	1.221	13.29	-6.658	861
CA	-0.068	13.869	-6.232	861
C	-0.332	15.242	-6.862	861
N	0.671	16.122	-6.926	862
CA	0.546	17.413	-7.613	862
C	0.268	17.249	-9.114	862
N	0.913	16.286	-9.776	863
CA	0.65	15.967	-11.179	863
C	-0.79	15.497	-11.391	863
N	-1.345	14.67	-10.498	864
CA	-2.748	14.232	-10.584	864
C	-3.683	15.444	-10.467	864
N	-3.496	16.291	-9.449	865
CA	-4.294	17.518	-9.25	865
C	-4.22	18.45	-10.465	865
N	-3.019	18.671	-11.008	866
CA	-2.811	19.545	-12.16	866
C	-3.476	18.995	-13.431	866
N	-3.359	17.691	-13.696	867
CA	-3.972	17.084	-14.878	867
C	-5.492	16.925	-14.753	867
N	-6.027	16.722	-13.544	868
CA	-7.468	16.764	-13.288	868
C	-8.027	18.151	-13.646	868
N	-7.393	19.228	-13.165	869
CA	-7.793	20.6	-13.485	869
C	-7.657	20.931	-14.986	869
N	-6.602	20.466	-15.672	870
CA	-6.498	20.599	-17.143	870
C	-7.596	19.781	-17.859	870
N	-8.037	18.669	-17.267	871
CA	-9.073	17.775	-17.786	871
C	-10.52	18.164	-17.457	871
N	-10.773	19.339	-16.867	872
CA	-12.126	19.792	-16.515	872
C	-12.614	19.384	-15.117	872
N	-11.738	18.843	-14.263	873
CA	-12.046	18.44	-12.887	873
C	-11.335	19.36	-11.888	873
N	-12.047	20.388	-11.429	874
CA	-11.549	21.341	-10.435	874
C	-11.257	20.653	-9.09	874
N	-10.189	21.088	-8.423	875
CA	-9.721	20.526	-7.162	875
C	-9.56	21.631	-6.118	875
N	-10.364	21.588	-5.056	876
CA	-10.273	22.54	-3.95	876
C	-9.396	22.025	-2.805	876
N	-8.626	22.933	-2.19	877
CA	-7.971	22.724	-0.884	877
C	-7.102	21.454	-0.807	877
N	-6.335	21.173	-1.854	878
CA	-5.332	20.114	-1.841	878
C	-4.114	20.499	-0.966	878
N	-3.687	19.684	0.02	879
CA	-2.507	19.985	0.836	879
C	-1.209	19.993	0.012	879
N	-0.591	21.165	-0.131	880
CA	0.574	21.384	-0.987	880
C	1.752	21.948	-0.183	880
N	2.973	21.471	-0.437	881
CA	4.148	21.931	0.314	881
C	5.462	21.755	-0.435	881
N	6.267	22.814	-0.44	882
CA	7.534	22.927	-1.161	882
C	8.563	23.718	-0.341	882
N	9.818	23.716	-0.782	883
CA	10.859	24.607	-0.262	883
C	10.987	25.868	-1.13	883
N	11.157	27.044	-0.521	884
CA	11.441	28.298	-1.237	884
C	12.905	28.365	-1.74	884
N	13.27	29.453	-2.433	885
CA	14.639	29.719	-2.926	885
C	15.715	29.745	-1.827	885
N	15.329	29.953	-0.567	886
CA	16.208	29.978	0.604	886
C	16.234	28.635	1.363	886
N	15.472	27.629	0.92	887
CA	15.307	26.353	1.616	887
C	14.318	26.392	2.789	887
N	13.531	27.464	2.948	888
CA	12.445	27.531	3.932	888
C	11.288	26.652	3.466	888
N	10.782	25.809	4.359	889
CA	9.609	24.983	4.09	889
C	8.324	25.829	4.098	889
N	7.508	25.693	3.052	890
CA	6.232	26.395	2.859	890
C	5.097	25.373	2.842	890
N	4.056	25.623	3.639	891
CA	2.801	24.865	3.643	891
C	1.66	25.748	3.13	891
N	0.858	25.211	2.214	892
CA	-0.3	25.885	1.646	892
C	-1.41	24.883	1.292	892
N	-2.623	25.395	1.114	893
CA	-3.676	24.73	0.356	893
C	-3.594	25.179	-1.102	893
N	-3.558	24.223	-2.024	894
CA	-3.666	24.436	-3.46	894
C	-5.123	24.239	-3.886	894
N	-5.719	25.26	-4.489	895
CA	-6.939	25.109	-5.29	895
C	-6.542	25.227	-6.757	895
N	-6.878	24.231	-7.571	896
CA	-6.532	24.15	-8.985	896
C	-7.811	24.006	-9.815	896
N	-8.129	25.041	-10.588	897
CA	-9.345	25.111	-11.392	897
C	-9.009	25.035	-12.881	897
N	-9.963	24.566	-13.669	898
CA	-9.901	24.536	-15.125	898
C	-9.807	25.96	-15.661	898
N	-8.825	26.226	-16.523	899
CA	-8.706	27.505	-17.226	899
C	-9.225	27.325	-18.642	899
N	-10.322	27.985	-18.984	900
CA	-10.959	27.889	-20.301	900
C	-11.005	29.224	-21.054	900
N	-11.186	29.15	-22.376	901
CA	-11.552	30.286	-23.234	901
C	-13.047	30.612	-23.115	901
N	-13.446	31.727	-23.733	902
CA	-14.848	32.164	-23.867	902
C	-15.752	31.167	-24.622	902
N	-15.167	30.247	-25.39	903
CA	-15.838	29.152	-26.11	903
C	-15.988	27.868	-25.261	903
N	-15.425	27.842	-24.046	904
CA	-15.405	26.683	-23.154	904
C	-14.209	25.739	-23.341	904
N	-13.334	25.965	-24.327	905
CA	-12.144	25.139	-24.565	905
C	-11.138	25.284	-23.41	905
N	-10.712	24.168	-22.81	906
CA	-9.738	24.159	-21.719	906
C	-8.315	24.426	-22.247	906
N	-7.712	25.532	-21.806	907
CA	-6.386	26.023	-22.222	907
C	-5.288	25.809	-21.162	907
N	-5.614	25.189	-20.023	908
CA	-4.684	24.897	-18.928	908
C	-5.383	24.82	-17.568	908
N	-4.621	24.996	-16.489	909
CA	-5.13	25.117	-15.124	909
C	-4.75	26.464	-14.489	909
N	-5.576	26.934	-13.559	910
CA	-5.375	28.15	-12.781	910
C	-5.303	27.799	-11.292	910
N	-4.171	28.1	-10.659	911
CA	-3.814	27.586	-9.343	911
C	-3.661	28.712	-8.315	911
N	-4.383	28.593	-7.205	912
CA	-4.317	29.482	-6.049	912
C	-3.638	28.764	-4.882	912
N	-2.717	29.436	-4.189	913
CA	-2.161	28.96	-2.924	913
C	-2.688	29.794	-1.758	913
N	-3.448	29.171	-0.865	914
CA	-3.762	29.74	0.44	914
C	-2.67	29.31	1.426	914
N	-1.762	30.232	1.754	915
CA	-0.696	30.0	2.74	915
C	-1.342	29.68	4.091	915
N	-0.808	28.687	4.802	916
CA	-1.3	28.33	6.124	916
C	-1.03	29.456	7.14	916
N	-2.065	30.238	7.455	917
CA	-2.096	31.07	8.658	917
C	-2.311	30.186	9.9	917
N	-2.043	30.679	11.124	918
CA	-2.291	29.911	12.347	918
C	-3.748	29.436	12.469	918
N	-4.711	30.254	12.035	919
CA	-6.135	29.898	12.027	919
C	-6.427	28.766	11.027	919
N	-5.75	28.757	9.87	920
CA	-5.886	27.683	8.884	920
C	-5.25	26.374	9.374	920
N	-4.145	26.436	10.127	921
CA	-3.55	25.26	10.781	921
C	-4.513	24.644	11.804	921
N	-5.209	25.471	12.585	922
CA	-6.253	24.993	13.489	922
C	-7.454	24.402	12.724	922
N	-7.847	24.994	11.59	923
CA	-8.877	24.433	10.712	923
C	-8.467	23.076	10.1	923
N	-7.197	22.898	9.714	924
CA	-6.649	21.606	9.281	924
C	-6.749	20.543	10.38	924
N	-6.406	20.88	11.625	925
CA	-6.507	19.95	12.753	925
C	-7.963	19.568	13.033	925
N	-8.877	20.545	13.04	926
CA	-10.318	20.315	13.207	926
C	-10.86	19.432	12.079	926
N	-10.557	19.734	10.812	927
CA	-11.024	18.934	9.678	927
C	-10.43	17.52	9.707	927
N	-9.131	17.362	9.996	928
CA	-8.484	16.047	10.143	928
C	-9.064	15.244	11.313	928
N	-9.486	15.898	12.398	929
CA	-10.24	15.259	13.481	929
C	-11.665	14.879	13.059	929
N	-12.347	15.72	12.279	930
CA	-13.695	15.448	11.78	930
C	-13.702	14.289	10.777	930
N	-12.767	14.275	9.827	931
CA	-12.527	13.176	8.888	931
C	-12.201	11.881	9.637	931
N	-11.279	11.902	10.615	932
CA	-11.013	10.742	11.491	932
C	-12.265	10.249	12.23	932
N	-13.169	11.144	12.649	933
CA	-14.41	10.796	13.367	933
C	-15.488	10.235	12.432	933
N	-15.662	10.812	11.244	934
CA	-16.537	10.281	10.197	934
C	-16.036	8.917	9.706	934
N	-14.73	8.792	9.472	935
CA	-14.082	7.545	9.084	935
C	-14.228	6.452	10.159	935
N	-14.07	6.799	11.443	936
CA	-14.327	5.868	12.543	936
C	-15.787	5.373	12.572	936
N	-16.769	6.259	12.347	937
CA	-18.192	5.885	12.241	937
C	-18.478	5.001	11.026	937
N	-17.865	5.283	9.874	938
CA	-17.956	4.416	8.692	938
C	-17.388	3.017	8.97	938
N	-16.27	2.906	9.707	939
CA	-15.716	1.608	10.136	939
C	-16.676	0.841	11.054	939
N	-17.303	1.53	12.007	940
CA	-18.278	0.938	12.936	940
C	-19.534	0.444	12.197	940
N	-20.052	1.221	11.24	941
CA	-21.162	0.808	10.373	941
C	-20.791	-0.391	9.487	941
N	-19.628	-0.364	8.827	942
CA	-19.158	-1.462	7.978	942
C	-19.028	-2.789	8.748	942
N	-18.568	-2.735	10.003	943
CA	-18.554	-3.889	10.901	943
C	-19.974	-4.403	11.195	943
N	-20.901	-3.53	11.609	944
CA	-22.297	-3.913	11.896	944
C	-22.972	-4.549	10.667	944
N	-22.764	-4.001	9.466	945
CA	-23.3	-4.581	8.23	945
C	-22.749	-5.984	7.944	945
N	-21.463	-6.227	8.208	946
CA	-20.848	-7.543	8.037	946
C	-21.393	-8.564	9.054	946
N	-21.566	-8.16	10.316	947
CA	-22.142	-9.005	11.372	947
C	-23.629	-9.331	11.149	947
N	-24.402	-8.461	10.485	948
CA	-25.797	-8.753	10.089	948
C	-25.854	-9.661	8.846	948
N	-24.933	-9.486	7.893	949
CA	-24.917	-10.22	6.615	949
C	-24.721	-11.73	6.788	949
N	-23.914	-12.152	7.76	950
CA	-23.645	-13.567	8.037	950
C	-24.894	-14.357	8.501	950
N	-25.598	-13.987	9.592	951
CA	-26.825	-14.666	10.008	951
C	-27.943	-14.538	8.966	951
N	-28.02	-13.423	8.225	952
CA	-28.977	-13.269	7.126	952
C	-28.779	-14.327	6.025	952
N	-27.53	-14.616	5.634	953
CA	-27.235	-15.707	4.697	953
C	-27.679	-17.077	5.25	953
N	-27.556	-17.3	6.565	954
CA	-28.028	-18.514	7.241	954
C	-29.555	-18.65	7.243	954
N	-30.281	-17.556	7.502	955
CA	-31.749	-17.501	7.394	955
C	-32.175	-17.791	5.953	955
N	-31.567	-17.123	4.962	956
CA	-31.877	-17.346	3.542	956
C	-31.648	-18.799	3.125	956
N	-30.521	-19.398	3.52	957
CA	-30.235	-20.812	3.257	957
C	-31.286	-21.735	3.89	957
N	-31.665	-21.475	5.144	958
CA	-32.69	-22.254	5.857	958
C	-34.062	-22.125	5.193	958
N	-34.458	-20.916	4.781	959
CA	-35.699	-20.695	4.041	959
C	-35.694	-21.451	2.703	959
N	-34.589	-21.406	1.947	960
CA	-34.446	-22.158	0.691	960
C	-34.527	-23.676	0.883	960
N	-34.061	-24.218	2.016	961
CA	-34.239	-25.639	2.341	961
C	-35.693	-25.974	2.705	961
N	-36.383	-25.103	3.449	962
CA	-37.798	-25.289	3.799	962
C	-38.711	-25.229	2.566	962
N	-38.388	-24.383	1.587	963
CA	-39.129	-24.243	0.324	963
C	-39.102	-25.527	-0.529	963
N	-38.106	-26.397	-0.314	964
CA	-37.986	-27.716	-0.954	964
C	-38.764	-28.834	-0.23	964
N	-39.535	-28.519	0.817	965
CA	-40.334	-29.497	1.582	965
C	-41.83	-29.411	1.263	965
N	-42.593	-30.451	1.612	966
CA	-44.054	-30.462	1.464	966
C	-44.724	-29.529	2.494	966
N	-44.899	-28.261	2.116	967
CA	-45.52	-27.222	2.941	967
C	-47.045	-27.171	2.757	967
N	-47.784	-27.075	3.871	968
CA	-49.193	-26.635	3.874	968
C	-49.29	-25.154	3.499	968
N	-50.459	-24.704	3.053	969
CA	-50.639	-23.329	2.563	969
C	-50.292	-22.257	3.616	969
N	-50.699	-22.434	4.882	970
CA	-50.281	-21.555	5.994	970
C	-48.746	-21.495	6.145	970
N	-48.07	-22.645	6.016	971
CA	-46.612	-22.743	6.151	971
C	-45.897	-22.093	4.963	971
N	-46.451	-22.23	3.749	972
CA	-45.974	-21.53	2.553	972
C	-46.106	-20.018	2.736	972
N	-47.257	-19.524	3.197	973
CA	-47.46	-18.096	3.468	973
C	-46.48	-17.559	4.53	973
N	-46.211	-18.311	5.605	974
CA	-45.209	-17.918	6.604	974
C	-43.79	-17.874	6.022	974
N	-43.434	-18.822	5.151	975
CA	-42.127	-18.864	4.499	975
C	-41.947	-17.726	3.483	975
N	-42.96	-17.448	2.661	976
CA	-42.995	-16.296	1.749	976
C	-42.833	-14.977	2.516	976
N	-43.548	-14.833	3.637	977
CA	-43.463	-13.66	4.52	977
C	-42.064	-13.521	5.137	977
N	-41.47	-14.621	5.615	978
CA	-40.093	-14.658	6.136	978
C	-39.075	-14.234	5.071	978
N	-39.203	-14.766	3.854	979
CA	-38.338	-14.44	2.713	979
C	-38.508	-12.988	2.244	979
N	-39.711	-12.412	2.319	980
CA	-39.928	-10.99	2.042	980
C	-39.216	-10.078	3.064	980
N	-39.168	-10.471	4.342	981
CA	-38.415	-9.764	5.383	981
C	-36.889	-9.963	5.256	981
N	-36.419	-11.165	4.894	982
CA	-34.999	-11.45	4.605	982
C	-34.478	-10.552	3.48	982
N	-35.192	-10.496	2.35	983
CA	-34.816	-9.657	1.204	983
C	-34.85	-8.161	1.529	983
N	-35.811	-7.706	2.339	984
CA	-35.851	-6.332	2.857	984
C	-34.599	-5.998	3.68	984
N	-34.199	-6.867	4.612	985
CA	-32.973	-6.675	5.393	985
C	-31.716	-6.737	4.509	985
N	-31.669	-7.662	3.544	986
CA	-30.582	-7.784	2.56	986
C	-30.37	-6.488	1.778	986
N	-31.464	-5.839	1.366	987
CA	-31.429	-4.573	0.632	987
C	-30.948	-3.405	1.49	987
N	-31.447	-3.294	2.722	988
CA	-31.009	-2.262	3.677	988
C	-29.503	-2.383	3.976	988
N	-28.974	-3.608	4.082	989
CA	-27.542	-3.871	4.324	989
C	-26.668	-3.589	3.092	989
N	-27.175	-3.794	1.867	990
CA	-26.444	-3.463	0.627	990
C	-26.336	-1.958	0.398	990
N	-27.436	-1.236	0.58	991
CA	-27.56	0.183	0.225	991
C	-27.06	1.097	1.366	991
N	-25.928	0.716	1.962	992
CA	-25.389	1.195	3.236	992
C	-25.019	2.694	3.305	992
N	-25.02	3.428	2.187	993
CA	-24.671	4.85	2.185	993
C	-25.907	5.722	2.418	993
N	-26.023	6.267	3.636	994
CA	-26.999	7.323	3.953	994
C	-26.929	8.473	2.929	994
N	-25.707	8.778	2.473	995
CA	-25.386	9.749	1.429	995
C	-26.271	9.592	0.18	995
N	-26.444	8.365	-0.338	996
CA	-27.226	8.117	-1.564	996
C	-28.725	8.396	-1.406	996
N	-29.228	8.312	-0.173	997
CA	-30.614	8.643	0.169	997
C	-30.752	10.151	0.436	997
N	-29.698	10.8	0.938	998
CA	-29.658	12.245	1.169	998
C	-29.542	13.067	-0.116	998
N	-28.675	12.66	-1.048	999
CA	-28.461	13.327	-2.34	999
C	-29.452	12.881	-3.434	999
N	-30.193	11.794	-3.194	1000
CA	-31.196	11.249	-4.108	1000
C	-30.638	10.34	-5.208	1000
N	-29.374	9.916	-5.119	1001
CA	-28.736	8.98	-6.057	1001
C	-29.088	7.499	-5.835	1001
N	-29.855	7.162	-4.789	1002
CA	-30.318	5.798	-4.509	1002
C	-31.064	5.191	-5.713	1002
N	-30.514	4.106	-6.26	1003
CA	-31.112	3.358	-7.373	1003
C	-32.189	2.404	-6.849	1003
N	-33.42	2.556	-7.341	1004
CA	-34.543	1.669	-7.018	1004
C	-34.532	0.422	-7.919	1004
N	-34.567	-0.773	-7.326	1005
CA	-34.697	-2.036	-8.073	1005
C	-36.192	-2.328	-8.26	1005
N	-36.746	-1.955	-9.418	1006
CA	-38.18	-2.106	-9.704	1006
C	-38.49	-3.466	-10.338	1006
N	-39.573	-4.099	-9.897	1007
CA	-40.13	-5.328	-10.466	1007
C	-41.625	-5.46	-10.162	1007
N	-42.264	-6.512	-10.671	1008
CA	-43.65	-6.846	-10.322	1008
C	-43.714	-7.551	-8.957	1008
N	-44.691	-7.184	-8.125	1009
CA	-44.955	-7.824	-6.835	1009
C	-46.446	-7.781	-6.46	1009
N	-46.882	-8.717	-5.609	1010
CA	-48.215	-8.692	-4.985	1010
C	-48.231	-7.752	-3.778	1010
N	-49.191	-6.826	-3.744	1011
CA	-49.394	-5.929	-2.606	1011
C	-49.866	-6.691	-1.351	1011
N	-50.561	-7.822	-1.512	1012
CA	-50.881	-8.741	-0.415	1012
C	-49.636	-9.292	0.293	1012
N	-48.58	-9.63	-0.458	1013
CA	-47.292	-10.071	0.109	1013
C	-46.618	-8.958	0.925	1013
N	-46.609	-7.727	0.397	1014
CA	-46.106	-6.533	1.102	1014
C	-46.861	-6.307	2.411	1014
N	-48.196	-6.355	2.394	1015
CA	-49.001	-6.148	3.601	1015
C	-48.808	-7.266	4.633	1015
N	-48.661	-8.527	4.209	1016
CA	-48.325	-9.636	5.109	1016
C	-46.964	-9.418	5.794	1016
N	-45.944	-8.981	5.047	1017
CA	-44.611	-8.688	5.577	1017
C	-44.582	-7.466	6.512	1017
N	-45.312	-6.393	6.192	1018
CA	-45.436	-5.202	7.057	1018
C	-46.144	-5.557	8.365	1018
N	-47.245	-6.308	8.283	1019
CA	-47.989	-6.773	9.458	1019
C	-47.137	-7.704	10.322	1019
N	-46.417	-8.669	9.739	1020
CA	-45.631	-9.643	10.512	1020
C	-44.548	-8.978	11.369	1020
N	-43.9	-7.931	10.848	1021
CA	-42.849	-7.171	11.534	1021
C	-43.347	-6.429	12.788	1021
N	-44.631	-6.05	12.853	1022
CA	-45.207	-5.351	14.02	1022
C	-45.875	-6.27	15.048	1022
N	-46.185	-7.526	14.697	1023
CA	-47.007	-8.411	15.542	1023
C	-46.423	-8.684	16.936	1023
N	-45.094	-8.708	17.094	1024
CA	-44.458	-8.938	18.402	1024
C	-44.66	-7.715	19.307	1024
N	-44.322	-6.51	18.833	1025
CA	-44.481	-5.271	19.611	1025
C	-45.95	-4.971	19.947	1025
N	-46.884	-5.283	19.04	1026
CA	-48.323	-5.196	19.319	1026
C	-48.741	-6.099	20.492	1026
N	-48.234	-7.34	20.555	1027
CA	-48.524	-8.279	21.654	1027
C	-47.851	-7.877	22.964	1027
N	-46.607	-7.408	22.914	1028
CA	-45.862	-6.947	24.096	1028
C	-46.492	-5.707	24.748	1028
N	-47.224	-4.895	23.971	1029
CA	-47.929	-3.692	24.441	1029
C	-49.445	-3.869	24.628	1029
N	-49.966	-5.086	24.453	1030
CA	-51.399	-5.442	24.507	1030
C	-52.309	-4.569	23.607	1030
N	-51.833	-4.267	22.392	1031
CA	-52.51	-3.393	21.43	1031
C	-53.317	-4.187	20.395	1031
N	-54.573	-3.794	20.17	1032
CA	-55.4	-4.382	19.115	1032
C	-55.024	-3.834	17.728	1032
N	-54.764	-4.723	16.764	1033
CA	-54.56	-4.347	15.36	1033
C	-55.872	-4.432	14.567	1033
N	-56.391	-3.281	14.146	1034
CA	-57.548	-3.145	13.254	1034
C	-57.04	-3.122	11.802	1034
N	-57.7	-3.852	10.893	1035
CA	-57.303	-3.958	9.476	1035
C	-58.504	-3.708	8.559	1035
N	-58.574	-2.519	7.973	1036
CA	-59.518	-2.126	6.919	1036
C	-58.809	-2.183	5.554	1036
N	-58.592	-3.41	5.075	1037
CA	-57.902	-3.705	3.815	1037
C	-58.884	-4.476	2.917	1037
N	-59.388	-3.883	1.816	1038
CA	-60.264	-4.568	0.865	1038
C	-59.619	-5.838	0.3	1038
N	-60.404	-6.888	0.052	1039
CA	-59.873	-8.16	-0.466	1039
C	-59.168	-8.002	-1.826	1039
N	-59.622	-7.058	-2.655	1040
CA	-58.991	-6.638	-3.919	1040
C	-57.494	-6.289	-3.769	1040
N	-57.077	-5.742	-2.618	1041
CA	-55.675	-5.388	-2.332	1041
C	-54.789	-6.631	-2.161	1041
N	-55.357	-7.777	-1.764	1042
CA	-54.598	-9.025	-1.577	1042
C	-54.14	-9.605	-2.917	1042
N	-54.968	-9.46	-3.95	1043
CA	-54.716	-9.959	-5.31	1043
C	-54.097	-8.901	-6.245	1043
N	-54.015	-7.634	-5.823	1044
CA	-53.429	-6.561	-6.623	1044
C	-51.912	-6.745	-6.852	1044
N	-51.507	-6.886	-8.119	1045
CA	-50.112	-6.727	-8.555	1045
C	-49.775	-5.259	-8.828	1045
N	-48.563	-4.846	-8.464	1046
CA	-48.017	-3.52	-8.739	1046
C	-46.555	-3.609	-9.209	1046
N	-46.081	-2.587	-9.929	1047
CA	-44.701	-2.504	-10.408	1047
C	-43.898	-1.436	-9.65	1047
N	-42.801	-1.826	-9.001	1048
CA	-42.004	-0.927	-8.163	1048
C	-40.978	-1.66	-7.3	1048
N	-40.405	-0.966	-6.319	1049
CA	-39.401	-1.543	-5.418	1049
C	-40.074	-2.122	-4.163	1049
N	-40.52	-3.381	-4.265	1050
CA	-41.282	-4.093	-3.229	1050
C	-40.692	-3.899	-1.822	1050
N	-39.383	-4.114	-1.681	1051
CA	-38.711	-4.144	-0.384	1051
C	-38.534	-2.747	0.222	1051
N	-38.387	-1.708	-0.612	1052
CA	-38.404	-0.313	-0.147	1052
C	-39.802	0.132	0.27	1052
N	-40.848	-0.317	-0.423	1053
CA	-42.241	-0.069	-0.019	1053
C	-42.543	-0.772	1.314	1053
N	-42.135	-2.037	1.481	1054
CA	-42.227	-2.75	2.763	1054
C	-41.541	-1.985	3.902	1054
N	-40.305	-1.511	3.697	1055
CA	-39.569	-0.74	4.703	1055
C	-40.331	0.53	5.105	1055
N	-40.73	1.341	4.121	1056
CA	-41.426	2.614	4.35	1056
C	-42.728	2.402	5.124	1056
N	-43.561	1.445	4.703	1057
CA	-44.83	1.153	5.373	1057
C	-44.62	0.574	6.785	1057
N	-43.6	-0.268	6.977	1058
CA	-43.268	-0.85	8.277	1058
C	-42.802	0.207	9.288	1058
N	-41.894	1.115	8.916	1059
CA	-41.358	2.127	9.842	1059
C	-42.438	3.125	10.311	1059
N	-43.34	3.546	9.412	1060
CA	-44.487	4.387	9.78	1060
C	-45.484	3.65	10.688	1060
N	-45.738	2.36	10.444	1061
CA	-46.623	1.555	11.287	1061
C	-45.996	1.243	12.657	1061
N	-44.711	0.878	12.716	1062
CA	-43.952	0.697	13.962	1062
C	-43.98	1.966	14.816	1062
N	-43.896	3.138	14.189	1063
CA	-44.028	4.419	14.882	1063
C	-45.418	4.601	15.509	1063
N	-46.504	4.268	14.8	1064
CA	-47.854	4.241	15.396	1064
C	-47.949	3.232	16.557	1064
N	-47.361	2.038	16.408	1065
CA	-47.332	0.978	17.438	1065
C	-46.524	1.372	18.677	1065
N	-45.456	2.172	18.555	1066
CA	-44.659	2.656	19.703	1066
C	-45.33	3.784	20.486	1066
N	-46.129	4.63	19.832	1067
CA	-46.743	5.809	20.465	1067
C	-48.245	5.684	20.756	1067
N	-48.895	4.584	20.361	1068
CA	-50.231	4.254	20.857	1068
C	-50.241	4.131	22.405	1068
N	-51.289	4.606	23.105	1069
CA	-51.478	4.363	24.537	1069
C	-51.727	2.87	24.793	1069
N	-51.291	2.342	25.941	1070
CA	-51.413	0.908	26.238	1070
C	-52.826	0.503	26.706	1070
N	-53.461	1.289	27.582	1071
CA	-54.802	0.971	28.095	1071
C	-55.862	1.068	26.986	1071
N	-56.487	-0.068	26.64	1072
CA	-57.445	-0.206	25.528	1072
C	-56.918	0.336	24.181	1072
N	-55.6	0.271	23.981	1073
CA	-54.939	0.794	22.798	1073
C	-55.22	-0.015	21.537	1073
N	-55.328	0.687	20.413	1074
CA	-55.44	0.075	19.095	1074
C	-54.569	0.799	18.072	1074
N	-54.213	0.082	17.011	1075
CA	-53.587	0.633	15.809	1075
C	-54.388	0.15	14.609	1075
N	-54.75	1.06	13.716	1076
CA	-55.515	0.774	12.504	1076
C	-54.61	0.846	11.274	1076
N	-54.72	-0.159	10.406	1077
CA	-54.247	-0.12	9.023	1077
C	-55.468	-0.013	8.117	1077
N	-55.571	1.076	7.364	1078
CA	-56.562	1.256	6.309	1078
C	-55.852	1.414	4.958	1078
N	-56.305	0.687	3.933	1079
CA	-55.779	0.795	2.56	1079
C	-56.929	1.048	1.596	1079
N	-56.827	2.106	0.791	1080
CA	-57.831	2.462	-0.217	1080
C	-57.168	2.561	-1.596	1080
N	-57.532	1.7	-2.565	1081
CA	-57.128	1.885	-3.949	1081
C	-57.966	3.004	-4.577	1081
N	-57.34	3.818	-5.418	1082
CA	-58.013	4.796	-6.26	1082
C	-57.409	4.706	-7.667	1082
N	-58.215	4.316	-8.654	1083
CA	-57.75	4.155	-10.035	1083
C	-57.724	5.534	-10.682	1083
N	-56.546	5.957	-11.139	1084
CA	-56.365	7.232	-11.82	1084
C	-55.986	6.944	-13.269	1084
N	-56.884	7.267	-14.195	1085
CA	-56.566	7.177	-15.618	1085
C	-55.68	8.362	-15.996	1085
N	-54.405	8.095	-16.278	1086
CA	-53.494	9.108	-16.79	1086
C	-53.786	9.37	-18.28	1086
N	-53.567	10.609	-18.729	1087
CA	-53.965	11.087	-20.068	1087
C	-53.259	10.389	-21.24	1087
N	-52.178	9.677	-20.947	1088
CA	-51.346	8.865	-21.833	1088
C	-51.803	7.392	-21.935	1088
N	-52.919	7.023	-21.293	1089
CA	-53.541	5.7	-21.432	1089
C	-52.86	4.588	-20.632	1089
N	-51.99	4.946	-19.686	1090
CA	-51.484	4.027	-18.666	1090
C	-52.37	4.107	-17.42	1090
N	-52.923	2.972	-16.986	1091
CA	-53.658	2.896	-15.721	1091
C	-52.649	2.822	-14.562	1091
N	-52.547	3.898	-13.776	1092
CA	-51.82	3.887	-12.502	1092
C	-52.796	3.691	-11.346	1092
N	-52.424	2.812	-10.415	1093
CA	-53.153	2.659	-9.163	1093
C	-52.524	3.568	-8.113	1093
N	-53.325	4.511	-7.623	1094
CA	-52.987	5.335	-6.478	1094
C	-53.411	4.586	-5.214	1094
N	-52.443	4.14	-4.423	1095
CA	-52.7	3.497	-3.143	1095
C	-52.595	4.528	-2.019	1095
N	-53.682	4.681	-1.262	1096
CA	-53.728	5.495	-0.052	1096
C	-53.643	4.569	1.164	1096
N	-52.531	4.638	1.891	1097
CA	-52.335	3.933	3.155	1097
C	-52.55	4.913	4.307	1097
N	-53.354	4.511	5.286	1098
CA	-53.56	5.243	6.531	1098
C	-53.189	4.342	7.699	1098
N	-52.293	4.825	8.552	1099
CA	-51.952	4.175	9.816	1099
C	-52.36	5.1	10.952	1099
N	-53.283	4.671	11.812	1100
CA	-53.855	5.509	12.865	1100
C	-53.728	4.87	14.252	1100
N	-53.6	5.697	15.287	1101
CA	-53.711	5.29	16.688	1101
C	-54.416	6.384	17.52	1101
N	-55.063	6.032	18.646	1102
CA	-55.713	7.001	19.52	1102
C	-54.687	7.817	20.324	1102
N	-55.116	8.967	20.843	1103
CA	-54.326	9.803	21.752	1103
C	-53.446	10.855	21.066	1103
N	-52.462	11.371	21.809	1104
CA	-51.641	12.527	21.407	1104
C	-50.707	12.278	20.208	1104
N	-50.443	11.013	19.882	1105
CA	-49.568	10.619	18.786	1105
C	-48.08	10.839	19.065	1105
N	-47.306	11.022	17.995	1106
CA	-45.848	11.135	18.047	1106
C	-45.347	12.381	18.81	1106
N	-44.266	12.24	19.607	1107
CA	-43.517	13.352	20.185	1107
C	-43.118	14.419	19.148	1107
N	-43.183	15.723	19.491	1108
CA	-42.86	16.81	18.566	1108
C	-41.458	16.72	17.951	1108
N	-40.465	16.203	18.683	1109
CA	-39.101	16.001	18.182	1109
C	-39.055	15.045	16.992	1109
N	-39.771	13.921	17.069	1110
CA	-39.762	12.89	16.022	1110
C	-40.446	13.425	14.759	1110
N	-41.521	14.203	14.927	1111
CA	-42.191	14.898	13.819	1111
C	-41.268	15.963	13.206	1111
N	-40.537	16.73	14.025	1112
CA	-39.563	17.721	13.553	1112
C	-38.391	17.066	12.802	1112
N	-37.836	15.965	13.304	1113
CA	-36.751	15.211	12.662	1113
C	-37.186	14.58	11.324	1113
N	-38.423	14.075	11.24	1114
CA	-38.994	13.517	10.007	1114
C	-39.132	14.572	8.894	1114
N	-39.433	15.823	9.258	1115
CA	-39.621	16.904	8.29	1115
C	-38.362	17.741	8.011	1115
N	-37.439	17.862	8.971	1116
CA	-36.22	18.678	8.872	1116
C	-34.996	17.906	8.354	1116
N	-34.075	18.628	7.705	1117
CA	-32.898	18.052	7.034	1117
C	-31.567	18.27	7.783	1117
N	-31.542	19.026	8.888	1118
CA	-30.306	19.679	9.364	1118
C	-29.825	19.299	10.768	1118
N	-30.692	18.777	11.646	1119
CA	-30.343	18.363	13.02	1119
C	-31.264	17.244	13.512	1119
N	-31.026	16.009	13.079	1120
CA	-31.727	14.861	13.653	1120
C	-31.372	14.679	15.133	1120
N	-32.386	14.585	15.991	1121
CA	-32.232	14.459	17.45	1121
C	-32.608	13.081	17.999	1121
N	-33.458	12.336	17.293	1122
CA	-34.012	11.032	17.685	1122
C	-33.721	9.959	16.634	1122
N	-33.55	8.706	17.064	1123
CA	-33.274	7.59	16.151	1123
C	-34.493	7.262	15.271	1123
N	-35.693	7.304	15.851	1124
CA	-36.98	7.195	15.16	1124
C	-37.132	8.275	14.082	1124
N	-36.803	9.526	14.417	1125
CA	-36.871	10.66	13.505	1125
C	-35.988	10.496	12.268	1125
N	-34.765	9.973	12.437	1126
CA	-33.869	9.615	11.32	1126
C	-34.541	8.581	10.41	1126
N	-35.075	7.497	10.985	1127
CA	-35.742	6.428	10.233	1127
C	-36.922	6.944	9.408	1127
N	-37.808	7.731	10.024	1128
CA	-38.95	8.331	9.332	1128
C	-38.532	9.369	8.273	1128
N	-37.473	10.151	8.519	1129
CA	-36.909	11.102	7.546	1129
C	-36.352	10.375	6.312	1129
N	-35.617	9.277	6.522	1130
CA	-35.118	8.381	5.468	1130
C	-36.284	7.762	4.689	1130
N	-37.288	7.211	5.372	1131
CA	-38.447	6.602	4.722	1131
C	-39.296	7.618	3.943	1131
N	-39.397	8.874	4.398	1132
CA	-39.976	9.98	3.615	1132
C	-39.162	10.306	2.353	1132
N	-37.823	10.268	2.402	1133
CA	-36.964	10.467	1.212	1133
C	-37.104	9.311	0.213	1133
N	-37.081	8.06	0.683	1134
CA	-37.312	6.859	-0.144	1134
C	-38.704	6.91	-0.792	1134
N	-39.744	7.254	-0.026	1135
CA	-41.106	7.429	-0.535	1135
C	-41.167	8.477	-1.657	1135
N	-40.487	9.618	-1.484	1136
CA	-40.407	10.673	-2.502	1136
C	-39.675	10.227	-3.776	1136
N	-38.622	9.409	-3.666	1137
CA	-37.949	8.793	-4.826	1137
C	-38.86	7.808	-5.583	1137
N	-39.834	7.207	-4.895	1138
CA	-40.877	6.366	-5.494	1138
C	-42.09	7.167	-6.006	1138
N	-42.053	8.506	-5.967	1139
CA	-43.161	9.369	-6.399	1139
C	-44.313	9.487	-5.393	1139
N	-44.129	9.012	-4.159	1140
CA	-45.118	9.112	-3.09	1140
C	-44.897	10.294	-2.141	1140
N	-45.911	10.578	-1.327	1141
CA	-45.878	11.593	-0.27	1141
C	-46.458	11.055	1.043	1141
N	-46.004	11.607	2.171	1142
CA	-46.535	11.301	3.506	1142
C	-46.907	12.584	4.236	1142
N	-48.083	12.564	4.851	1143
CA	-48.561	13.569	5.788	1143
C	-48.751	12.918	7.158	1143
N	-48.511	13.683	8.219	1144
CA	-48.835	13.289	9.586	1144
C	-49.862	14.271	10.141	1144
N	-50.992	13.747	10.61	1145
CA	-52.16	14.528	11.015	1145
C	-52.526	14.133	12.448	1145
N	-52.595	15.128	13.338	1146
CA	-53.035	14.989	14.733	1146
C	-54.413	15.64	14.872	1146
N	-55.446	14.817	15.022	1147
CA	-56.801	15.237	15.398	1147
C	-56.936	15.204	16.938	1147
N	-58.084	15.611	17.489	1148
CA	-58.272	15.73	18.947	1148
C	-58.252	14.399	19.71	1148
N	-58.643	13.294	19.068	1149
CA	-58.752	11.967	19.707	1149
C	-57.843	10.896	19.08	1149
N	-57.238	11.186	17.922	1150
CA	-56.384	10.25	17.181	1150
C	-55.309	10.975	16.387	1150
N	-54.209	10.282	16.144	1151
CA	-53.182	10.692	15.191	1151
C	-53.055	9.658	14.079	1151
N	-52.646	10.083	12.885	1152
CA	-52.422	9.159	11.78	1152
C	-51.389	9.653	10.771	1152
N	-50.668	8.7	10.184	1153
CA	-49.987	8.899	8.912	1153
C	-50.969	8.692	7.762	1153
N	-50.849	9.528	6.737	1154
CA	-51.532	9.384	5.46	1154
C	-50.467	9.362	4.362	1154
N	-50.273	8.192	3.758	1155
CA	-49.233	7.906	2.771	1155
C	-49.911	7.683	1.423	1155
N	-49.488	8.447	0.425	1156
CA	-49.96	8.362	-0.954	1156
C	-48.827	7.799	-1.8	1156
N	-49.085	6.725	-2.543	1157
CA	-48.102	6.097	-3.424	1157
C	-48.753	5.731	-4.763	1157
N	-48.221	6.268	-5.86	1158
CA	-48.662	5.945	-7.221	1158
C	-47.786	4.82	-7.788	1158
N	-48.397	3.683	-8.137	1159
CA	-47.702	2.533	-8.718	1159
C	-48.33	2.157	-10.071	1159
N	-47.524	1.939	-11.126	1160
CA	-48.01	1.348	-12.367	1160
C	-48.525	-0.077	-12.141	1160
N	-49.613	-0.447	-12.818	1161
CA	-49.957	-1.86	-12.976	1161
C	-48.988	-2.55	-13.955	1161
N	-48.671	-3.842	-13.757	1162
CA	-47.942	-4.62	-14.752	1162
C	-48.779	-4.759	-16.032	1162
N	-48.179	-4.47	-17.189	1163
CA	-48.835	-4.712	-18.474	1163
C	-49.015	-6.219	-18.678	1163
N	-50.26	-6.683	-18.836	1164
CA	-50.512	-8.051	-19.292	1164
C	-49.792	-8.27	-20.625	1164
N	-48.813	-9.176	-20.63	1165
CA	-48.107	-9.559	-21.839	1165
C	-49.12	-10.136	-22.835	1165
N	-49.419	-9.371	-23.889	1166
CA	-50.383	-9.764	-24.903	1166
C	-50.02	-11.15	-25.443	1166
N	-50.925	-12.106	-25.246	1167
CA	-50.773	-13.487	-25.676	1167
C	-50.702	-13.546	-27.2	1167
N	-49.477	-13.471	-27.732	1168
CA	-49.182	-13.848	-29.113	1168
C	-49.361	-15.353	-29.242	1168
N	-50.611	-15.757	-29.437	1169
CA	-50.933	-17.037	-30.036	1169
C	-50.34	-17.073	-31.438	1169
N	-49.186	-17.716	-31.573	1170
CA	-48.698	-18.232	-32.848	1170
C	-48.849	-19.742	-32.828	1170
N	-49.727	-20.216	-33.71	1171
CA	-49.548	-21.468	-34.451	1171
C	-48.12	-21.63	-34.971	1171
