ATOM	X	Y	Z	RESIDUE
N	14.083	-2.137	9.726	1
CA	13.624	-1.021	8.85	1
C	12.286	-0.49	9.364	1
N	11.325	-0.325	8.46	2
CA	10.001	0.169	8.826	2
C	9.292	-0.902	9.649	2
N	8.472	-0.48	10.607	3
CA	7.763	-1.431	11.455	3
C	6.733	-2.24	10.682	3
N	6.442	-3.43	11.192	4
CA	5.47	-4.296	10.555	4
C	5.105	-5.458	11.456	4
N	4.792	-6.599	10.851	5
CA	4.418	-7.783	11.611	5
C	5.262	-8.982	11.194	5
N	6.405	-8.699	10.578	6
CA	7.296	-9.758	10.14	6
C	8.192	-10.241	11.264	6
N	9.116	-11.136	10.935	7
CA	10.032	-11.692	11.923	7
C	11.117	-10.691	12.328	7
N	11.486	-9.8	11.413	8
CA	12.53	-8.822	11.701	8
C	12.04	-7.414	12.031	8
N	10.735	-7.183	11.935	9
CA	10.19	-5.859	12.222	9
C	8.878	-5.932	12.991	9
N	8.61	-7.092	13.582	10
CA	7.378	-7.297	14.324	10
C	7.261	-6.579	15.656	10
N	6.128	-6.763	16.354	11
CA	5.834	-6.151	17.653	11
C	6.966	-6.168	18.68	11
N	7.761	-7.234	18.699	12
CA	8.857	-7.332	19.66	12
C	9.997	-6.359	19.369	12
N	9.967	-5.748	18.188	13
CA	10.998	-4.802	17.763	13
C	10.565	-3.34	17.862	13
N	9.259	-3.113	17.943	14
CA	8.715	-1.761	17.974	14
C	9.297	-0.791	19.002	14
N	9.641	-1.291	20.183	15
CA	10.176	-0.437	21.242	15
C	11.438	0.333	20.861	15
N	12.174	-0.16	19.869	16
CA	13.404	0.506	19.448	16
C	13.142	1.854	18.785	16
N	12.035	1.955	18.058	17
CA	11.674	3.205	17.396	17
C	10.615	3.961	18.193	17
N	9.825	3.222	18.967	18
CA	8.751	3.799	19.774	18
C	8.867	3.288	21.206	18
N	9.692	3.952	22.03	19
CA	9.907	3.568	23.428	19
C	8.637	3.385	24.254	19
N	7.585	4.121	23.909	20
CA	6.331	4.028	24.646	20
C	5.736	2.621	24.556	20
N	6.294	1.788	23.682	21
CA	5.813	0.417	23.528	21
C	5.892	-0.336	24.857	21
N	6.766	0.127	25.746	22
CA	6.923	-0.5	27.054	22
C	6.285	0.386	28.121	22
N	5.312	1.192	27.701	23
CA	4.63	2.106	28.604	23
C	3.744	1.494	29.673	23
N	3.078	2.367	30.429	24
CA	2.195	1.973	31.524	24
C	0.745	1.653	31.142	24
N	0.286	2.12	29.985	25
CA	-1.087	1.832	29.574	25
C	-1.156	1.391	28.119	25
N	-0.412	0.333	27.817	26
CA	-0.374	-0.214	26.471	26
C	-1.49	-1.221	26.22	26
N	-1.883	-1.33	24.956	27
CA	-2.934	-2.246	24.529	27
C	-2.386	-3.119	23.406	27
N	-3.017	-4.273	23.149	28
CA	-4.195	-4.819	23.821	28
C	-3.821	-5.508	25.129	28
N	-4.826	-6.038	25.813	29
CA	-4.607	-6.762	27.062	29
C	-5.553	-7.953	27.109	29
N	-5.277	-8.873	28.022	30
CA	-6.151	-10.016	28.196	30
C	-7.2	-9.571	29.199	30
N	-8.463	-9.822	28.885	31
CA	-9.542	-9.458	29.785	31
C	-9.873	-10.682	30.63	31
N	-9.525	-10.626	31.914	32
CA	-9.818	-11.724	32.832	32
C	-11.222	-11.425	33.352	32
N	-12.199	-12.198	32.894	33
CA	-13.595	-11.979	33.265	33
C	-13.911	-12.096	34.747	33
N	-13.083	-12.823	35.486	34
CA	-13.324	-12.997	36.912	34
C	-12.699	-11.908	37.776	34
N	-11.775	-11.144	37.199	35
CA	-11.105	-10.067	37.919	35
C	-11.669	-8.709	37.495	35
N	-12.452	-8.707	36.421	36
CA	-13.068	-7.479	35.935	36
C	-14.048	-7.015	37.004	36
N	-14.166	-5.704	37.172	37
CA	-15.05	-5.139	38.182	37
C	-16.342	-4.566	37.611	37
N	-17.474	-5.093	38.062	38
CA	-18.76	-4.585	37.608	38
C	-18.933	-3.196	38.211	38
N	-19.178	-2.203	37.362	39
CA	-19.354	-0.833	37.826	39
C	-20.765	-0.356	37.494	39
N	-21.646	-0.283	38.505	40
CA	-23.029	0.16	38.297	40
C	-23.127	1.627	37.884	40
N	-22.01	2.34	37.986	41
CA	-21.962	3.752	37.631	41
C	-21.861	3.96	36.123	41
N	-21.397	2.935	35.413	42
CA	-21.253	3.011	33.963	42
C	-22.603	3.119	33.268	42
N	-22.691	4.037	32.313	43
CA	-23.922	4.248	31.56	43
C	-23.932	3.406	30.292	43
N	-25.124	3.179	29.718	44
CA	-25.198	2.385	28.491	44
C	-24.503	3.178	27.389	44
N	-24.001	2.484	26.374	45
CA	-23.345	3.163	25.268	45
C	-24.412	3.794	24.39	45
N	-24.072	4.921	23.776	46
CA	-24.983	5.612	22.876	46
C	-24.301	5.704	21.52	46
N	-24.704	4.831	20.607	47
CA	-24.132	4.812	19.271	47
C	-25.123	5.409	18.28	47
N	-24.768	6.555	17.708	48
CA	-25.624	7.224	16.735	48
C	-24.93	7.227	15.383	48
N	-25.188	6.191	14.589	49
CA	-24.577	6.055	13.271	49
C	-25.569	6.233	12.124	49
N	-26.78	6.686	12.428	50
CA	-27.796	6.859	11.394	50
C	-27.429	7.848	10.287	50
N	-26.589	8.83	10.601	51
CA	-26.188	9.831	9.614	51
C	-24.744	9.664	9.139	51
N	-24.175	8.484	9.359	52
CA	-22.799	8.216	8.956	52
C	-22.584	8.364	7.45	52
N	-21.455	8.959	7.077	53
CA	-21.11	9.148	5.673	53
C	-19.747	8.529	5.394	53
N	-19.744	7.324	4.833	54
CA	-18.487	6.661	4.507	54
C	-17.988	7.303	3.224	54
N	-16.674	7.348	3.051	55
CA	-16.112	7.981	1.871	55
C	-15.195	7.124	1.029	55
N	-14.339	6.357	1.686	56
CA	-13.363	5.585	0.946	56
C	-12.795	4.428	1.745	56
N	-12.221	3.466	1.034	57
CA	-11.575	2.326	1.667	57
C	-10.145	2.376	1.135	57
N	-9.175	2.236	2.031	58
CA	-7.77	2.341	1.655	58
C	-6.883	1.275	2.278	58
N	-5.959	0.731	1.492	59
CA	-5.017	-0.254	2.02	59
C	-3.857	0.584	2.554	59
N	-3.722	0.644	3.876	60
CA	-2.669	1.442	4.497	60
C	-1.378	0.679	4.763	60
N	-1.296	-0.546	4.253	61
CA	-0.095	-1.338	4.438	61
C	-0.191	-2.381	5.531	61
N	-0.636	-1.972	6.715	62
CA	-0.767	-2.892	7.845	62
C	-2.211	-3.342	8.068	62
N	-3.123	-2.806	7.262	63
CA	-4.54	-3.143	7.34	63
C	-5.246	-2.295	6.297	63
N	-6.572	-2.346	6.275	64
CA	-7.317	-1.486	5.369	64
C	-8.274	-0.674	6.233	64
N	-8.421	0.601	5.9	65
CA	-9.289	1.489	6.661	65
C	-10.489	1.939	5.85	65
N	-11.657	1.962	6.481	66
CA	-12.847	2.491	5.829	66
C	-12.968	3.857	6.502	66
N	-12.831	4.922	5.715	67
CA	-12.868	6.286	6.232	67
C	-14.23	6.951	6.134	67
N	-14.527	7.791	7.119	68
CA	-15.797	8.505	7.184	68
C	-15.593	10.013	7.242	68
N	-16.62	10.753	6.843	69
CA	-16.57	12.207	6.901	69
C	-16.73	12.592	8.375	69
N	-15.696	13.201	8.949	70
CA	-15.733	13.599	10.353	70
C	-15.658	15.114	10.529	70
N	-16.216	15.845	9.566	71
CA	-16.218	17.305	9.612	71
C	-17.433	17.834	10.37	71
N	-18.325	16.924	10.751	72
CA	-19.537	17.259	11.497	72
C	-19.899	16.067	12.374	72
N	-20.828	16.266	13.306	73
CA	-21.256	15.189	14.197	73
C	-22.274	14.275	13.515	73
N	-21.83	13.561	12.486	74
CA	-22.699	12.656	11.736	74
C	-22.801	11.273	12.375	74
N	-21.653	10.706	12.73	75
CA	-21.598	9.393	13.361	75
C	-20.834	9.588	14.659	75
N	-21.542	9.552	15.779	76
CA	-20.891	9.772	17.059	76
C	-21.156	8.706	18.108	76
N	-20.238	8.637	19.062	77
CA	-20.32	7.707	20.169	77
C	-20.318	8.55	21.444	77
N	-21.26	8.275	22.338	78
CA	-21.352	8.991	23.606	78
C	-21.786	8.004	24.677	78
N	-21.885	8.48	25.912	79
CA	-22.303	7.61	26.995	79
C	-21.226	6.651	27.46	79
N	-21.642	5.578	28.122	80
CA	-20.676	4.619	28.617	80
C	-19.747	5.307	29.598	80
N	-18.429	5.085	29.493	81
CA	-17.455	5.706	30.395	81
C	-16.952	7.041	29.852	81
N	-17.526	7.465	28.732	82
CA	-17.11	8.69	28.068	82
C	-17.756	9.979	28.543	82
N	-16.972	11.047	28.474	83
CA	-17.423	12.383	28.821	83
C	-17.272	13.146	27.513	83
N	-18.387	13.588	26.946	84
CA	-18.315	14.321	25.699	84
C	-18.736	13.512	24.488	84
N	-18.518	14.09	23.313	85
CA	-18.889	13.464	22.053	85
C	-17.669	13.032	21.251	85
N	-17.701	11.797	20.76	86
CA	-16.602	11.259	19.964	86
C	-17.087	10.934	18.553	86
N	-16.415	11.5	17.554	87
CA	-16.77	11.283	16.149	87
C	-16.035	10.124	15.493	87
N	-16.778	9.313	14.748	88
CA	-16.19	8.188	14.033	88
C	-15.345	8.707	12.869	88
N	-14.099	8.254	12.774	89
CA	-13.236	8.682	11.679	89
C	-12.9	7.519	10.737	89
N	-12.734	6.317	11.286	90
CA	-12.425	5.147	10.457	90
C	-12.577	3.859	11.235	90
N	-12.72	2.748	10.52	91
CA	-12.733	1.446	11.172	91
C	-11.835	0.543	10.347	91
N	-11.278	-0.461	11.008	92
CA	-10.377	-1.41	10.376	92
C	-10.414	-2.698	11.18	92
N	-9.727	-3.719	10.679	93
CA	-9.689	-5.012	11.345	93
C	-8.265	-5.498	11.565	93
N	-8.169	-6.537	12.387	94
CA	-6.929	-7.244	12.687	94
C	-7.369	-8.692	12.53	94
N	-6.565	-9.513	11.867	95
CA	-6.957	-10.902	11.67	95
C	-5.754	-11.822	11.584	95
N	-6.01	-13.123	11.627	96
CA	-4.913	-14.068	11.59	96
C	-4.798	-14.872	10.316	96
N	-3.816	-15.764	10.299	97
CA	-3.593	-16.631	9.154	97
C	-4.432	-17.897	9.33	97
N	-4.919	-18.103	10.553	98
CA	-5.742	-19.259	10.911	98
C	-6.925	-18.762	11.738	98
N	-8.032	-19.502	11.732	99
CA	-9.216	-19.085	12.486	99
C	-8.992	-19.022	13.999	99
N	-7.97	-19.722	14.488	100
CA	-7.696	-19.746	15.918	100
C	-6.954	-18.555	16.497	100
N	-6.628	-17.584	15.655	101
CA	-5.925	-16.39	16.111	101
C	-6.296	-15.226	15.212	101
N	-6.002	-14.011	15.665	102
CA	-6.319	-12.841	14.868	102
C	-6.742	-11.645	15.695	102
N	-7.402	-11.882	16.826	103
CA	-7.822	-10.764	17.658	103
C	-6.643	-10.232	18.458	103
N	-6.756	-8.982	18.886	104
CA	-5.709	-8.355	19.681	104
C	-6.044	-8.566	21.143	104
N	-7.259	-8.202	21.536	105
CA	-7.676	-8.454	22.906	105
C	-8.057	-9.923	22.966	105
N	-7.976	-10.493	24.161	106
CA	-8.353	-11.88	24.382	106
C	-9.266	-11.873	25.598	106
N	-10.108	-12.893	25.717	107
CA	-11.026	-12.994	26.847	107
C	-10.691	-14.296	27.553	107
N	-10.123	-14.182	28.749	108
CA	-9.702	-15.35	29.515	108
C	-8.762	-16.191	28.655	108
N	-7.847	-15.495	27.983	109
CA	-6.835	-16.088	27.112	109
C	-7.369	-16.596	25.777	109
N	-8.68	-16.507	25.569	110
CA	-9.266	-16.967	24.315	110
C	-9.055	-15.956	23.194	110
N	-8.577	-16.443	22.055	111
CA	-8.348	-15.597	20.89	111
C	-9.486	-15.799	19.9	111
N	-9.87	-14.727	19.217	112
CA	-10.926	-14.791	18.216	112
C	-10.272	-14.71	16.837	112
N	-11.042	-14.99	15.79	113
CA	-10.524	-14.982	14.421	113
C	-10.103	-13.602	13.929	113
N	-10.739	-12.569	14.46	114
CA	-10.422	-11.209	14.058	114
C	-11.016	-10.232	15.055	114
N	-10.639	-8.969	14.914	115
CA	-11.143	-7.928	15.792	115
C	-11.361	-6.666	14.978	115
N	-12.545	-6.092	15.149	116
CA	-12.943	-4.872	14.466	116
C	-12.748	-3.684	15.397	116
N	-12.118	-2.632	14.885	117
CA	-11.879	-1.42	15.656	117
C	-12.522	-0.223	14.99	117
N	-13.473	0.396	15.684	118
CA	-14.139	1.598	15.198	118
C	-13.498	2.722	16.002	118
N	-12.73	3.554	15.31	119
CA	-11.986	4.643	15.933	119
C	-12.73	5.971	15.942	119
N	-12.847	6.57	17.13	120
CA	-13.544	7.85	17.305	120
C	-12.651	8.84	18.051	120
N	-12.79	10.129	17.755	121
CA	-11.996	11.13	18.459	121
C	-12.864	12.168	19.163	121
N	-12.362	12.653	20.298	122
CA	-13.05	13.632	21.141	122
C	-13.134	14.995	20.459	122
N	-14.353	15.428	20.148	123
CA	-14.559	16.693	19.45	123
C	-14.036	17.941	20.149	123
N	-13.81	17.872	21.454	124
CA	-13.328	19.061	22.14	124
C	-11.907	19.432	21.728	124
N	-11.212	18.511	21.063	125
CA	-9.845	18.777	20.631	125
C	-9.71	19.285	19.19	125
N	-10.838	19.477	18.512	126
CA	-10.813	20.027	17.164	126
C	-10.502	19.127	15.985	126
N	-9.465	18.308	16.107	127
CA	-9.109	17.393	15.032	127
C	-8.428	16.155	15.591	127
N	-8.379	15.111	14.774	128
CA	-7.782	13.842	15.162	128
C	-6.333	13.976	15.625	128
N	-5.552	14.774	14.903	129
CA	-4.156	14.965	15.253	129
C	-3.937	15.521	16.647	129
N	-4.814	16.419	17.085	130
CA	-4.69	17.0	18.417	130
C	-5.179	16.001	19.456	130
N	-6.243	15.284	19.109	131
CA	-6.843	14.304	20.005	131
C	-5.899	13.195	20.46	131
N	-5.041	12.71	19.567	132
CA	-4.129	11.629	19.936	132
C	-3.051	12.037	20.935	132
N	-2.968	13.33	21.23	133
CA	-1.976	13.83	22.18	133
C	-2.586	14.022	23.561	133
N	-3.836	13.597	23.721	134
CA	-4.545	13.749	24.987	134
C	-4.918	12.392	25.578	134
N	-4.891	12.271	26.915	135
CA	-5.227	11.011	27.585	135
C	-6.651	10.519	27.335	135
N	-7.54	11.435	26.965	136
CA	-8.937	11.095	26.695	136
C	-9.299	11.506	25.267	136
N	-8.308	11.454	24.382	137
CA	-8.514	11.862	23.003	137
C	-9.298	10.936	22.098	137
N	-9.118	9.631	22.265	138
CA	-9.816	8.668	21.421	138
C	-10.641	7.666	22.201	138
N	-11.63	7.11	21.517	139
CA	-12.478	6.069	22.072	139
C	-12.542	5.039	20.951	139
N	-12.116	3.816	21.238	140
CA	-12.149	2.775	20.224	140
C	-13.091	1.674	20.658	140
N	-14.048	1.37	19.788	141
CA	-15.025	0.322	20.032	141
C	-14.445	-0.944	19.412	141
N	-14.221	-1.958	20.242	142
CA	-13.659	-3.206	19.763	142
C	-14.704	-4.298	19.728	142
N	-14.786	-4.989	18.599	143
CA	-15.755	-6.058	18.414	143
C	-15.042	-7.309	17.914	143
N	-15.303	-8.432	18.571	144
CA	-14.692	-9.699	18.193	144
C	-15.461	-10.382	17.068	144
N	-14.735	-11.079	16.201	145
CA	-15.36	-11.824	15.111	145
C	-15.053	-13.301	15.285	145
N	-16.091	-14.13	15.242	146
CA	-15.901	-15.569	15.344	146
C	-16.363	-16.15	14.016	146
N	-15.795	-17.286	13.631	147
CA	-16.172	-17.918	12.372	147
C	-17.4	-18.802	12.563	147
N	-18.4	-18.577	11.72	148
CA	-19.63	-19.342	11.788	148
C	-20.512	-18.912	10.637	148
N	-21.657	-18.319	10.956	149
CA	-22.586	-17.849	9.935	149
C	-22.058	-16.551	9.332	149
N	-22.375	-16.314	8.065	150
CA	-21.926	-15.107	7.386	150
C	-22.616	-13.863	7.941	150
N	-21.919	-12.734	7.873	151
CA	-22.458	-11.463	8.34	151
C	-22.833	-10.676	7.084	151
N	-24.137	-10.565	6.789	152
CA	-24.601	-9.836	5.602	152
C	-24.024	-8.427	5.457	152
N	-24.051	-7.667	6.547	153
CA	-23.551	-6.303	6.526	153
C	-22.071	-6.133	6.232	153
N	-21.315	-7.225	6.267	154
CA	-19.88	-7.166	6.004	154
C	-19.511	-7.466	4.553	154
N	-20.413	-8.114	3.823	155
CA	-20.141	-8.489	2.44	155
C	-19.734	-7.342	1.515	155
N	-20.329	-6.165	1.685	156
CA	-19.978	-5.025	0.842	156
C	-18.494	-4.695	0.982	156
N	-17.961	-4.879	2.186	157
CA	-16.547	-4.617	2.44	157
C	-15.716	-5.706	1.768	157
N	-16.128	-6.952	1.971	158
CA	-15.441	-8.104	1.401	158
C	-15.304	-8.041	-0.122	158
N	-16.376	-7.661	-0.808	159
CA	-16.343	-7.615	-2.266	159
C	-15.461	-6.552	-2.91	159
N	-15.109	-5.506	-2.168	160
CA	-14.275	-4.444	-2.727	160
C	-12.778	-4.637	-2.468	160
N	-12.424	-5.604	-1.629	161
CA	-11.019	-5.831	-1.303	161
C	-10.122	-6.112	-2.505	161
N	-10.68	-6.707	-3.555	162
CA	-9.89	-7.007	-4.747	162
C	-9.33	-5.74	-5.385	162
N	-10.05	-4.631	-5.237	163
CA	-9.623	-3.366	-5.824	163
C	-8.562	-2.612	-5.025	163
N	-8.293	-3.054	-3.799	164
CA	-7.284	-2.405	-2.965	164
C	-6.333	-3.458	-2.405	164
N	-5.956	-4.412	-3.248	165
CA	-5.083	-5.503	-2.834	165
C	-3.735	-5.091	-2.264	165
N	-3.12	-4.069	-2.849	166
CA	-1.804	-3.62	-2.408	166
C	-1.781	-2.265	-1.703	166
N	-0.723	-2.047	-0.929	167
CA	-0.534	-0.819	-0.167	167
C	-0.62	0.447	-1.011	167
N	-1.395	1.414	-0.532	168
CA	-1.539	2.672	-1.245	168
C	-2.765	2.758	-2.133	168
N	-3.37	1.614	-2.438	169
CA	-4.556	1.587	-3.287	169
C	-5.803	1.986	-2.51	169
N	-6.654	2.785	-3.143	170
CA	-7.889	3.237	-2.517	170
C	-9.045	3.124	-3.5	170
N	-10.26	3.083	-2.968	171
CA	-11.453	2.989	-3.794	171
C	-12.596	3.74	-3.134	171
N	-13.446	4.358	-3.944	172
CA	-14.582	5.079	-3.395	172
C	-15.437	4.045	-2.672	172
N	-15.93	4.396	-1.491	173
CA	-16.746	3.468	-0.719	173
C	-17.795	4.291	0.005	173
N	-18.828	4.679	-0.729	174
CA	-19.887	5.496	-0.166	174
C	-21.126	4.712	0.225	174
N	-21.927	5.341	1.076	175
CA	-23.179	4.785	1.556	175
C	-23.08	3.463	2.3	175
N	-21.991	3.262	3.037	176
CA	-21.85	2.04	3.819	176
C	-22.35	2.346	5.224	176
N	-23.242	1.498	5.728	177
CA	-23.841	1.667	7.053	177
C	-23.121	0.801	8.083	177
N	-22.353	1.423	8.991	178
CA	-21.634	0.642	10.003	178
C	-22.516	-0.066	11.031	178
N	-23.797	0.283	11.072	179
CA	-24.703	-0.35	12.029	179
C	-24.844	-1.842	11.752	179
N	-24.55	-2.246	10.521	180
CA	-24.657	-3.648	10.164	180
C	-23.515	-4.504	10.682	180
N	-22.591	-3.892	11.417	181
CA	-21.449	-4.621	11.963	181
C	-21.545	-4.794	13.474	181
N	-22.612	-4.267	14.062	182
CA	-22.8	-4.34	15.505	182
C	-23.556	-5.566	15.995	182
N	-23.169	-6.083	17.169	183
CA	-23.839	-7.253	17.739	183
C	-25.17	-6.786	18.328	183
N	-25.98	-7.729	18.793	184
CA	-27.279	-7.405	19.37	184
C	-27.14	-6.611	20.667	184
N	-26.295	-7.108	21.563	185
CA	-26.073	-6.478	22.859	185
C	-24.891	-5.521	22.848	185
N	-24.986	-4.46	23.644	186
CA	-23.91	-3.483	23.733	186
C	-23.193	-3.535	25.083	186
N	-23.314	-4.66	25.789	187
CA	-22.635	-4.816	27.076	187
C	-21.146	-4.745	26.769	187
N	-20.367	-4.161	27.673	188
CA	-18.947	-3.99	27.398	188
C	-18.018	-3.973	28.603	188
N	-16.727	-4.059	28.298	189
CA	-15.658	-3.953	29.281	189
C	-14.959	-2.677	28.844	189
N	-14.363	-1.955	29.778	190
CA	-13.668	-0.731	29.402	190
C	-12.423	-0.542	30.253	190
N	-11.383	0.028	29.657	191
CA	-10.14	0.297	30.371	191
C	-9.343	1.328	29.581	191
N	-8.437	2.056	30.252	192
CA	-7.607	3.071	29.595	192
C	-6.442	2.377	28.902	192
N	-6.24	2.682	27.625	193
CA	-5.173	2.033	26.893	193
C	-4.485	2.882	25.847	193
N	-4.031	2.224	24.786	194
CA	-3.293	2.9	23.727	194
C	-3.673	2.418	22.343	194
N	-3.08	3.059	21.343	195
CA	-3.266	2.629	19.967	195
C	-2.463	1.33	19.95	195
N	-2.858	0.369	19.123	196
CA	-2.128	-0.896	19.095	196
C	-1.107	-0.961	17.967	196
N	-0.979	0.136	17.228	197
CA	0.01	0.233	16.161	197
C	0.787	1.515	16.419	197
N	2.038	1.584	15.945	198
CA	2.829	2.8	16.149	198
C	2.007	3.979	15.626	198
N	2.127	5.158	16.254	199
CA	2.953	5.546	17.403	199
C	2.631	5.01	18.803	199
N	1.645	4.123	18.916	200
CA	1.294	3.51	20.2	200
C	0.97	4.499	21.314	200
N	0.46	5.666	20.94	201
CA	0.12	6.705	21.905	201
C	-0.932	6.238	22.91	201
N	-0.755	6.632	24.165	202
CA	-1.668	6.233	25.233	202
C	-2.766	7.279	25.385	202
N	-3.655	7.283	24.398	203
CA	-4.741	8.253	24.306	203
C	-6.105	7.612	24.111	203
N	-6.198	6.313	24.35	204
CA	-7.438	5.595	24.096	204
C	-8.24	5.052	25.264	204
N	-9.549	5.276	25.217	205
CA	-10.439	4.693	26.204	205
C	-11.009	3.534	25.4	205
N	-10.674	2.317	25.804	206
CA	-11.157	1.139	25.105	206
C	-12.515	0.684	25.588	206
N	-13.37	0.334	24.639	207
CA	-14.701	-0.166	24.936	207
C	-14.78	-1.439	24.108	207
N	-14.67	-2.58	24.78	208
CA	-14.691	-3.871	24.108	208
C	-16.024	-4.559	24.359	208
N	-16.767	-4.836	23.29	209
CA	-18.064	-5.482	23.424	209
C	-17.925	-6.954	23.789	209
N	-18.807	-7.412	24.67	210
CA	-18.797	-8.793	25.129	210
C	-19.264	-9.784	24.064	210
N	-20.281	-9.395	23.3	211
CA	-20.851	-10.26	22.269	211
C	-20.125	-10.182	20.93	211
N	-19.577	-11.309	20.46	212
CA	-18.872	-11.303	19.177	212
C	-19.882	-11.367	18.045	212
N	-19.456	-10.986	16.849	213
CA	-20.335	-11.099	15.698	213
C	-19.771	-12.286	14.942	213
N	-20.615	-12.962	14.176	214
CA	-20.147	-14.11	13.42	214
C	-19.988	-13.761	11.953	214
N	-18.933	-14.295	11.353	215
CA	-18.659	-14.093	9.937	215
C	-18.348	-15.471	9.372	215
N	-18.506	-15.638	8.066	216
CA	-18.252	-16.936	7.457	216
C	-16.784	-17.161	7.146	216
N	-16.424	-18.425	6.959	217
CA	-15.052	-18.783	6.641	217
C	-14.645	-18.102	5.338	217
N	-15.574	-18.045	4.385	218
CA	-15.314	-17.418	3.092	218
C	-15.026	-15.929	3.229	218
N	-15.736	-15.265	4.134	219
CA	-15.535	-13.837	4.33	219
C	-14.149	-13.516	4.881	219
N	-13.719	-14.234	5.916	220
CA	-12.401	-13.976	6.494	220
C	-11.287	-14.404	5.54	220
N	-11.558	-15.433	4.746	221
CA	-10.58	-15.938	3.795	221
C	-10.17	-14.828	2.832	221
N	-11.128	-13.989	2.448	222
CA	-10.841	-12.898	1.527	222
C	-9.967	-11.815	2.157	222
N	-10.025	-11.687	3.481	223
CA	-9.189	-10.721	4.192	223
C	-7.736	-11.161	4.013	223
N	-7.532	-12.473	4.055	224
CA	-6.206	-13.067	3.937	224
C	-5.59	-13.01	2.543	224
N	-6.305	-12.43	1.586	225
CA	-5.777	-12.333	0.229	225
C	-5.145	-10.977	-0.051	225
N	-5.213	-10.075	0.924	226
CA	-4.634	-8.744	0.777	226
C	-3.113	-8.81	0.885	226
N	-2.444	-7.732	0.486	227
CA	-0.982	-7.668	0.525	227
C	-0.454	-6.53	1.395	227
N	0.617	-6.806	2.138	228
CA	1.265	-5.8	2.98	228
C	2.036	-4.861	2.051	228
N	2.547	-5.445	0.972	229
CA	3.359	-4.75	-0.019	229
C	2.6	-3.891	-1.02	229
N	3.347	-3.027	-1.699	230
CA	2.763	-2.174	-2.715	230
C	2.866	-2.917	-4.032	230
N	2.116	-2.476	-5.035	231
CA	2.143	-3.127	-6.34	231
C	3.555	-3.127	-6.917	231
N	3.929	-4.231	-7.556	232
CA	5.253	-4.326	-8.142	232
C	6.304	-4.918	-7.222	232
N	6.078	-4.83	-5.914	233
CA	7.023	-5.364	-4.938	233
C	6.707	-6.826	-4.631	233
N	7.656	-7.544	-4.007	234
CA	7.451	-8.955	-3.662	234
C	6.196	-9.122	-2.807	234
N	5.337	-10.064	-3.187	235
CA	4.091	-10.297	-2.462	235
C	4.255	-10.855	-1.054	235
N	3.579	-10.21	-0.109	236
CA	3.588	-10.615	1.291	236
C	2.126	-10.56	1.71	236
N	1.524	-11.715	1.972	237
CA	0.118	-11.744	2.353	237
C	-0.131	-11.015	3.662	237
N	-1.209	-10.237	3.691	238
CA	-1.57	-9.478	4.879	238
C	-2.332	-10.38	5.841	238
N	-1.592	-10.99	6.758	239
CA	-2.174	-11.867	7.769	239
C	-1.414	-11.679	9.075	239
N	-2.079	-12.004	10.177	240
CA	-1.507	-11.878	11.512	240
C	-1.016	-10.466	11.809	240
N	-1.863	-9.485	11.508	241
CA	-1.524	-8.094	11.762	241
C	-2.092	-7.682	13.119	241
N	-1.802	-8.497	14.129	242
CA	-2.262	-8.233	15.485	242
C	-1.089	-8.165	16.459	242
N	-1.225	-7.313	17.468	243
CA	-0.199	-7.164	18.493	243
C	-0.607	-8.054	19.662	243
N	0.35	-8.776	20.266	244
CA	-0.011	-9.639	21.395	244
C	-0.36	-8.84	22.651	244
N	-1.021	-9.498	23.599	245
CA	-1.428	-8.861	24.849	245
C	-0.253	-8.277	25.633	245
N	-0.483	-7.098	26.203	246
CA	0.517	-6.376	26.985	246
C	0.174	-6.416	28.472	246
N	1.161	-6.143	29.341	247
CA	0.912	-6.161	30.786	247
C	-0.156	-5.149	31.2	247
N	-1.072	-5.571	32.064	248
CA	-2.139	-4.691	32.52	248
C	-1.578	-3.638	33.469	248
N	-0.54	-4.016	34.209	249
CA	0.1	-3.123	35.163	249
C	-0.887	-2.509	36.153	249
N	-0.788	-1.205	36.385	250
CA	-1.668	-0.557	37.35	250
C	-3.003	-0.099	36.771	250
N	-3.727	-1.025	36.147	251
CA	-5.023	-0.71	35.558	251
C	-6.112	-1.693	35.963	251
N	-7.345	-1.203	35.975	252
CA	-8.499	-2.008	36.336	252
C	-9.467	-2.05	35.16	252
N	-9.932	-3.244	34.816	253
CA	-10.89	-3.381	33.732	253
C	-12.27	-3.382	34.381	253
N	-13.164	-2.541	33.874	254
CA	-14.512	-2.449	34.417	254
C	-15.511	-3.055	33.448	254
N	-16.574	-3.636	33.99	255
CA	-17.618	-4.246	33.177	255
C	-18.93	-3.491	33.373	255
N	-19.711	-3.385	32.304	256
CA	-20.989	-2.687	32.358	256
C	-22.105	-3.661	32.716	256
N	-21.746	-4.933	32.864	257
CA	-22.708	-5.984	33.176	257
C	-22.197	-6.886	34.293	257
N	-23.116	-7.601	34.934	258
CA	-22.759	-8.504	36.021	258
C	-23.329	-9.896	35.773	258
