ATOM	X	Y	Z	RESIDUE
N	34.719	0.615	6.211	1
CA	34.323	-0.401	7.253	1
C	33.142	0.039	8.132	1
N	31.946	-0.056	7.567	2
CA	30.734	0.46	8.181	2
C	30.227	-0.557	9.178	2
N	29.444	-0.098	10.144	3
CA	28.818	-1.01	11.089	3
C	27.815	-1.908	10.365	3
N	27.622	-3.106	10.893	4
CA	26.634	-4.027	10.339	4
C	26.321	-5.112	11.335	4
N	26.075	-6.309	10.818	5
CA	25.678	-7.454	11.644	5
C	26.572	-8.68	11.491	5
N	27.705	-8.526	10.809	6
CA	28.581	-9.649	10.525	6
C	29.642	-9.794	11.587	6
N	30.506	-10.775	11.365	7
CA	31.519	-11.142	12.337	7
C	32.471	-10.007	12.646	7
N	32.805	-9.21	11.642	8
CA	33.821	-8.18	11.799	8
C	33.267	-6.802	12.015	8
N	31.942	-6.625	11.868	9
CA	31.363	-5.288	12.032	9
C	30.057	-5.282	12.822	9
N	29.758	-6.4	13.478	10
CA	28.463	-6.596	14.119	10
C	28.408	-5.99	15.516	10
N	27.322	-6.3	16.247	11
CA	27.051	-5.702	17.556	11
C	28.2	-5.705	18.56	11
N	29.054	-6.734	18.546	12
CA	30.173	-6.781	19.485	12
C	31.294	-5.788	19.134	12
N	31.225	-5.171	17.959	13
CA	32.201	-4.192	17.528	13
C	31.721	-2.757	17.673	13
N	30.403	-2.563	17.796	14
CA	29.839	-1.234	17.712	14
C	30.388	-0.254	18.735	14
N	30.778	-0.75	19.914	15
CA	31.235	0.134	20.961	15
C	32.47	0.941	20.571	15
N	33.273	0.475	19.614	16
CA	34.476	1.237	19.241	16
C	34.129	2.603	18.628	16
N	33.206	2.64	17.674	17
CA	32.766	3.91	17.097	17
C	31.703	4.577	17.957	17
N	30.973	3.785	18.763	18
CA	29.826	4.279	19.535	18
C	29.933	3.774	20.969	18
N	30.785	4.414	21.784	19
CA	31.054	3.911	23.132	19
C	29.824	3.78	24.034	19
N	28.764	4.522	23.733	20
CA	27.507	4.391	24.463	20
C	26.906	2.979	24.342	20
N	27.41	2.174	23.412	21
CA	26.983	0.779	23.301	21
C	27.123	0.004	24.604	21
N	28.036	0.442	25.487	22
CA	28.255	-0.18	26.795	22
C	27.659	0.665	27.923	22
N	26.649	1.467	27.589	23
CA	26.053	2.408	28.527	23
C	25.057	1.8	29.487	23
N	24.426	2.686	30.253	24
CA	23.519	2.299	31.317	24
C	22.082	2.114	30.91	24
N	21.737	2.43	29.672	25
CA	20.342	2.369	29.26	25
C	20.264	1.89	27.798	25
N	20.944	0.782	27.497	26
CA	20.952	0.224	26.16	26
C	19.79	-0.745	25.917	26
N	19.419	-0.858	24.64	27
CA	18.343	-1.727	24.173	27
C	18.861	-2.592	23.038	27
N	18.232	-3.72	22.775	28
CA	17.098	-4.272	23.519	28
C	17.515	-4.92	24.841	28
N	16.515	-5.425	25.568	29
CA	16.715	-6.19	26.794	29
C	15.839	-7.422	26.76	29
N	16.176	-8.379	27.609	30
CA	15.247	-9.457	27.926	30
C	14.22	-8.944	28.912	30
N	12.959	-9.223	28.618	31
CA	11.856	-8.846	29.476	31
C	11.533	-10.059	30.33	31
N	11.891	-9.964	31.611	32
CA	11.573	-10.979	32.609	32
C	10.174	-10.68	33.083	32
N	9.23	-11.482	32.641	33
CA	7.832	-11.156	32.878	33
C	7.443	-11.273	34.343	33
N	8.202	-12.066	35.102	34
CA	7.945	-12.238	36.519	34
C	8.478	-11.091	37.374	34
N	9.539	-10.444	36.901	35
CA	10.166	-9.326	37.587	35
C	9.499	-7.985	37.266	35
N	8.938	-7.875	36.066	36
CA	8.258	-6.651	35.644	36
C	7.099	-6.355	36.592	36
N	6.946	-5.107	36.97	37
CA	5.914	-4.77	37.937	37
C	4.739	-4.085	37.255	37
N	3.536	-4.583	37.527	38
CA	2.328	-3.913	37.092	38
C	2.289	-2.53	37.72	38
N	2.027	-1.53	36.892	39
CA	1.974	-0.157	37.342	39
C	0.564	0.399	37.11	39
N	-0.273	0.399	38.179	40
CA	-1.701	0.679	37.954	40
C	-1.946	2.142	37.677	40
N	-0.919	2.959	37.813	41
CA	-1.082	4.343	37.42	41
C	-0.701	4.727	35.968	41
N	-0.019	3.874	35.218	42
CA	0.167	4.137	33.799	42
C	-1.216	4.551	33.264	42
N	-1.274	5.626	32.493	43
CA	-2.504	5.986	31.784	43
C	-2.77	5.036	30.613	43
N	-4.003	4.951	30.134	44
CA	-4.228	4.108	28.946	44
C	-3.313	4.535	27.746	44
N	-2.731	3.586	27.017	45
CA	-1.959	3.885	25.791	45
C	-2.911	4.194	24.654	45
N	-2.598	5.234	23.89	46
CA	-3.401	5.714	22.767	46
C	-2.548	5.683	21.511	46
N	-2.929	4.85	20.552	47
CA	-2.25	4.716	19.274	47
C	-3.258	5.218	18.256	47
N	-3.024	6.402	17.683	48
CA	-4.013	7.065	16.818	48
C	-3.415	7.213	15.433	48
N	-3.592	6.185	14.609	49
CA	-2.958	6.109	13.299	49
C	-3.899	6.361	12.116	49
N	-5.121	6.826	12.353	50
CA	-6.06	6.931	11.243	50
C	-5.701	7.96	10.147	50
N	-4.914	8.971	10.458	51
CA	-4.51	9.91	9.422	51
C	-3.069	9.75	8.982	51
N	-2.437	8.623	9.295	52
CA	-1.029	8.409	8.897	52
C	-0.878	8.526	7.392	52
N	0.198	9.203	6.992	53
CA	0.55	9.425	5.605	53
C	1.941	8.871	5.355	53
N	2.006	7.713	4.703	54
CA	3.31	7.145	4.351	54
C	3.841	7.864	3.115	54
N	5.175	7.917	2.992	55
CA	5.819	8.589	1.853	55
C	6.587	7.625	0.974	55
N	7.578	6.944	1.544	56
CA	8.55	6.159	0.775	56
C	8.993	4.954	1.583	56
N	9.527	3.955	0.885	57
CA	10.149	2.793	1.509	57
C	11.585	2.702	0.976	57
N	12.514	2.27	1.823	58
CA	13.946	2.305	1.511	58
C	14.611	1.056	2.065	58
N	15.668	0.573	1.391	59
CA	16.601	-0.411	1.935	59
C	17.866	0.393	2.25	59
N	18.223	0.497	3.536	60
CA	19.398	1.274	3.982	60
C	20.617	0.405	4.287	60
N	20.561	-0.853	3.875	61
CA	21.654	-1.741	4.135	61
C	21.617	-2.427	5.461	61
N	20.671	-2.027	6.305	62
CA	20.51	-2.589	7.633	62
C	19.094	-3.132	7.898	62
N	18.083	-2.562	7.24	63
CA	16.695	-2.962	7.35	63
C	16.014	-2.376	6.129	63
N	14.7	-2.524	6.099	64
CA	13.879	-1.692	5.222	64
C	13.026	-0.789	6.107	64
N	12.761	0.414	5.609	65
CA	12.164	1.449	6.407	65
C	11.107	2.174	5.61	65
N	9.924	2.335	6.209	66
CA	8.879	3.181	5.642	66
C	8.866	4.508	6.391	66
N	9.049	5.619	5.661	67
CA	9.022	6.962	6.257	67
C	7.634	7.553	6.04	67
N	7.192	8.35	7.012	68
CA	5.906	9.032	7.027	68
C	6.107	10.533	6.919	68
N	5.114	11.207	6.369	69
CA	5.059	12.65	6.411	69
C	4.642	13.022	7.821	69
N	5.568	13.587	8.582	70
CA	5.324	13.964	9.979	70
C	5.335	15.488	10.165	70
N	4.985	16.215	9.103	71
CA	4.964	17.687	9.111	71
C	3.711	18.245	9.749	71
N	2.716	17.389	10.016	72
CA	1.458	17.8	10.621	72
C	1.153	16.836	11.753	72
N	0.193	17.274	12.548	73
CA	-0.304	16.539	13.69	73
C	-1.167	15.349	13.226	73
N	-0.463	14.281	12.891	74
CA	-1.033	13.051	12.495	74
C	-0.06	12.028	13.044	74
N	-0.407	10.777	12.799	75
CA	-0.255	9.554	13.515	75
C	0.469	9.668	14.821	75
N	-0.23	9.579	15.927	76
CA	0.42	9.897	17.163	76
C	0.211	8.84	18.212	76
N	1.177	8.779	19.1	77
CA	1.224	7.903	20.225	77
C	1.229	8.81	21.449	77
N	0.389	8.479	22.418	78
CA	0.382	9.172	23.703	78
C	-0.161	8.269	24.801	78
N	-0.208	8.782	26.021	79
CA	-0.656	7.99	27.151	79
C	0.378	6.947	27.554	79
N	-0.067	5.97	28.321	80
CA	0.859	5.023	28.92	80
C	1.928	5.717	29.746	80
N	3.207	5.394	29.496	81
CA	4.262	6.032	30.237	81
C	4.611	7.416	29.724	81
N	3.989	7.854	28.627	82
CA	4.439	9.043	27.924	82
C	3.78	10.299	28.442	82
N	4.556	11.373	28.46	83
CA	4.059	12.7	28.777	83
C	4.035	13.434	27.439	83
N	2.887	13.996	27.109	84
CA	2.733	14.693	25.849	84
C	2.464	13.775	24.664	84
N	2.81	14.257	23.476	85
CA	2.409	13.606	22.241	85
C	3.627	13.284	21.39	85
N	3.643	12.074	20.834	86
CA	4.775	11.608	20.059	86
C	4.268	11.27	18.668	86
N	4.963	11.756	17.654	87
CA	4.506	11.66	16.292	87
C	5.262	10.579	15.516	87
N	4.527	9.725	14.812	88
CA	5.14	8.628	14.041	88
C	5.949	9.201	12.892	88
N	7.198	8.737	12.752	89
CA	8.051	9.173	11.648	89
C	8.478	8.043	10.717	89
N	8.656	6.828	11.249	90
CA	9.061	5.698	10.397	90
C	8.797	4.407	11.109	90
N	8.682	3.331	10.337	91
CA	8.832	2.007	10.916	91
C	9.82	1.164	10.131	91
N	10.354	0.15	10.799	92
CA	11.272	-0.788	10.18	92
C	11.193	-2.079	10.981	92
N	11.895	-3.098	10.49	93
CA	11.851	-4.426	11.086	93
C	13.245	-4.994	11.342	93
N	13.277	-5.971	12.232	94
CA	14.443	-6.819	12.453	94
C	13.954	-8.246	12.324	94
N	14.736	-9.118	11.701	95
CA	14.298	-10.493	11.494	95
C	15.485	-11.455	11.395	95
N	15.16	-12.738	11.406	96
CA	16.136	-13.796	11.481	96
C	16.367	-14.551	10.187	96
N	17.374	-15.433	10.213	97
CA	17.624	-16.397	9.147	97
C	16.674	-17.609	9.258	97
N	16.104	-17.808	10.434	98
CA	15.217	-18.925	10.742	98
C	14.094	-18.366	11.568	98
N	12.982	-19.092	11.627	99
CA	11.788	-18.596	12.322	99
C	11.992	-18.478	13.845	99
N	12.965	-19.216	14.386	100
CA	13.246	-19.224	15.813	100
C	14.109	-18.102	16.364	100
N	14.47	-17.143	15.527	101
CA	15.244	-15.974	15.961	101
C	14.919	-14.803	15.055	101
N	15.261	-13.592	15.499	102
CA	15.019	-12.403	14.719	102
C	14.598	-11.211	15.538	102
N	13.92	-11.448	16.657	103
CA	13.549	-10.317	17.489	103
C	14.75	-9.774	18.248	103
N	14.608	-8.541	18.689	104
CA	15.627	-7.842	19.48	104
C	15.288	-7.983	20.955	104
N	14.12	-7.505	21.359	105
CA	13.65	-7.878	22.675	105
C	13.35	-9.369	22.732	105
N	13.468	-9.934	23.928	106
CA	13.065	-11.298	24.21	106
C	12.149	-11.269	25.415	106
N	11.346	-12.318	25.56	107
CA	10.362	-12.411	26.643	107
C	10.644	-13.716	27.372	107
N	11.16	-13.591	28.588	108
CA	11.633	-14.761	29.323	108
C	12.581	-15.606	28.455	108
N	13.464	-14.892	27.757	109
CA	14.488	-15.433	26.852	109
C	13.956	-15.921	25.518	109
N	12.637	-15.912	25.311	110
CA	12.066	-16.316	24.037	110
C	12.35	-15.288	22.948	110
N	12.844	-15.789	21.815	111
CA	13.072	-15.003	20.617	111
C	11.92	-15.232	19.657	111
N	11.415	-14.145	19.092	112
CA	10.384	-14.224	18.05	112
C	11.049	-14.18	16.678	112
N	10.278	-14.464	15.641	113
CA	10.773	-14.485	14.267	113
C	11.188	-13.118	13.751	113
N	10.583	-12.07	14.297	114
CA	10.898	-10.722	13.858	114
C	10.344	-9.719	14.866	114
N	10.701	-8.46	14.684	115
CA	10.208	-7.387	15.534	115
C	10.048	-6.141	14.675	115
N	8.881	-5.521	14.817	116
CA	8.511	-4.269	14.174	116
C	8.736	-3.118	15.148	116
N	9.432	-2.072	14.683	117
CA	9.665	-0.846	15.443	117
C	9.0	0.329	14.766	117
N	7.987	0.9	15.431	118
CA	7.309	2.12	15.005	118
C	7.926	3.251	15.827	118
N	8.625	4.156	15.146	119
CA	9.452	5.145	15.813	119
C	8.745	6.482	15.787	119
N	8.649	7.102	16.961	120
CA	7.927	8.357	17.164	120
C	8.787	9.373	17.893	120
N	8.564	10.664	17.636	121
CA	9.333	11.705	18.324	121
C	8.413	12.62	19.119	121
N	8.939	13.088	20.241	122
CA	8.206	13.94	21.157	122
C	8.056	15.325	20.53	122
N	6.812	15.753	20.329	123
CA	6.56	16.975	19.584	123
C	7.028	18.225	20.318	123
N	7.376	18.087	21.716	124
CA	7.894	19.252	22.414	124
C	9.271	19.658	21.864	124
N	9.941	18.781	21.096	125
CA	11.27	19.097	20.533	125
C	11.269	19.504	19.068	125
N	10.092	19.633	18.466	126
CA	9.972	20.287	17.148	126
C	10.216	19.46	15.909	126
N	11.235	18.61	15.929	127
CA	11.297	17.568	14.927	127
C	12.128	16.408	15.436	127
N	12.225	15.4	14.589	128
CA	12.845	14.147	14.977	128
C	14.364	14.245	15.253	128
N	15.084	15.1	14.522	129
CA	16.537	15.235	14.764	129
C	16.845	15.762	16.161	129
N	16.201	16.862	16.533	130
CA	16.39	17.445	17.85	130
C	15.87	16.465	18.877	130
N	14.702	15.863	18.648	131
CA	14.148	14.925	19.65	131
C	15.102	13.759	19.942	131
N	15.788	13.302	18.908	132
CA	16.665	12.137	19.037	132
C	17.818	12.324	19.987	132
N	17.986	13.581	20.424	133
CA	19.075	13.917	21.298	133
C	18.661	14.115	22.747	133
N	17.365	13.962	23.028	134
CA	16.831	14.251	24.351	134
C	16.481	12.975	25.052	134
N	16.613	12.941	26.383	135
CA	16.386	11.691	27.097	135
C	14.964	11.18	27.032	135
N	14.022	12.079	26.795	136
CA	12.636	11.715	26.559	136
C	12.177	12.101	25.153	136
N	13.075	11.988	24.195	137
CA	12.788	12.464	22.868	137
C	12.031	11.528	21.966	137
N	12.237	10.226	22.13	138
CA	11.697	9.233	21.21	138
C	10.892	8.195	21.971	138
N	9.889	7.626	21.29	139
CA	9.168	6.465	21.795	139
C	9.059	5.46	20.681	139
N	9.439	4.214	20.963	140
CA	9.37	3.174	19.967	140
C	8.347	2.184	20.469	140
N	7.341	1.925	19.627	141
CA	6.38	0.87	19.844	141
C	6.914	-0.37	19.154	141
N	7.22	-1.401	19.947	142
CA	7.773	-2.643	19.437	142
C	6.718	-3.719	19.437	142
N	6.647	-4.443	18.332	143
CA	5.642	-5.466	18.144	143
C	6.362	-6.723	17.622	143
N	6.165	-7.838	18.329	144
CA	6.743	-9.107	17.918	144
C	5.959	-9.708	16.774	144
N	6.676	-10.432	15.92	145
CA	6.104	-11.246	14.856	145
C	6.42	-12.708	15.1	145
N	5.37	-13.535	15.049	146
CA	5.497	-14.99	15.024	146
C	5.0	-15.516	13.696	146
N	5.495	-16.68	13.3	147
CA	5.114	-17.293	12.035	147
C	3.908	-18.211	12.247	147
N	2.846	-17.961	11.49	148
CA	1.631	-18.777	11.546	148
C	0.742	-18.303	10.426	148
N	-0.382	-17.692	10.778	149
CA	-1.321	-17.192	9.791	149
C	-0.811	-15.875	9.247	149
N	-1.132	-15.603	7.989	150
CA	-0.709	-14.372	7.338	150
C	-1.312	-13.152	7.98	150
N	-0.583	-12.046	7.917	151
CA	-1.095	-10.761	8.332	151
C	-1.475	-10.008	7.058	151
N	-2.791	-9.891	6.78	152
CA	-3.166	-9.309	5.48	152
C	-2.614	-7.909	5.276	152
N	-2.56	-7.129	6.355	153
CA	-2.11	-5.749	6.292	153
C	-0.625	-5.575	6.076	153
N	0.149	-6.648	6.206	154
CA	1.565	-6.61	5.863	154
C	1.822	-6.842	4.368	154
N	0.868	-7.421	3.642	155
CA	1.128	-7.893	2.291	155
C	1.596	-6.771	1.349	155
N	1.058	-5.566	1.487	156
CA	1.477	-4.481	0.597	156
C	2.964	-4.146	0.798	156
N	3.451	-4.245	2.033	157
CA	4.882	-4.122	2.287	157
C	5.661	-5.234	1.588	157
N	5.286	-6.464	1.87	158
CA	5.954	-7.638	1.304	158
C	6.086	-7.526	-0.214	158
N	5.017	-7.097	-0.865	159
CA	4.998	-7.077	-2.327	159
C	5.845	-5.99	-2.965	159
N	6.254	-4.975	-2.215	160
CA	7.128	-3.937	-2.763	160
C	8.612	-4.236	-2.507	160
N	8.927	-5.23	-1.681	161
CA	10.337	-5.49	-1.35	161
C	11.194	-5.872	-2.55	161
N	10.603	-6.523	-3.555	162
CA	11.313	-6.852	-4.786	162
C	11.903	-5.608	-5.467	162
N	11.282	-4.44	-5.249	163
CA	11.747	-3.186	-5.874	163
C	12.866	-2.46	-5.086	163
N	13.165	-2.932	-3.877	164
CA	14.213	-2.354	-3.046	164
C	15.172	-3.426	-2.532	164
N	15.547	-4.336	-3.423	165
CA	16.324	-5.507	-2.991	165
C	17.663	-5.173	-2.317	165
N	18.352	-4.156	-2.832	166
CA	19.717	-3.851	-2.413	166
C	19.833	-2.487	-1.747	166
N	20.896	-2.337	-0.96	167
CA	21.176	-1.134	-0.215	167
C	21.123	0.04	-1.147	167
N	20.446	1.078	-0.697	168
CA	20.397	2.332	-1.415	168
C	19.169	2.504	-2.268	168
N	18.429	1.432	-2.497	169
CA	17.221	1.544	-3.264	169
C	16.069	2.087	-2.426	169
N	15.237	2.906	-3.054	170
CA	14.009	3.413	-2.432	170
C	12.911	3.468	-3.468	170
N	11.682	3.597	-2.995	171
CA	10.501	3.731	-3.866	171
C	9.418	4.532	-3.186	171
N	8.584	5.213	-3.961	172
CA	7.421	5.842	-3.349	172
C	6.545	4.74	-2.712	172
N	5.899	5.068	-1.599	173
CA	5.089	4.086	-0.853	173
C	4.05	4.837	-0.055	173
N	3.001	5.237	-0.765	174
CA	1.927	6.044	-0.222	174
C	0.741	5.187	0.171	174
N	-0.09	5.774	1.017	175
CA	-1.345	5.184	1.457	175
C	-1.212	3.856	2.177	175
N	-0.074	3.615	2.813	176
CA	0.039	2.434	3.649	176
C	-0.492	2.742	5.038	176
N	-1.398	1.885	5.508	177
CA	-2.066	2.066	6.793	177
C	-1.425	1.202	7.889	177
N	-0.664	1.824	8.809	178
CA	0.004	1.017	9.823	178
C	-0.949	0.417	10.869	178
N	-2.219	0.821	10.881	179
CA	-3.195	0.143	11.734	179
C	-3.279	-1.349	11.409	179
N	-2.965	-1.735	10.175	180
CA	-3.019	-3.143	9.772	180
C	-1.895	-3.992	10.312	180
N	-0.98	-3.386	11.064	181
CA	0.14	-4.111	11.661	181
C	-0.016	-4.304	13.173	181
N	-1.157	-3.874	13.738	182
CA	-1.338	-3.881	15.189	182
C	-2.13	-5.098	15.68	182
N	-1.688	-5.705	16.789	183
CA	-2.449	-6.795	17.381	183
C	-3.709	-6.252	18.069	183
N	-4.559	-7.161	18.547	184
CA	-5.794	-6.777	19.21	184
C	-5.518	-6.008	20.476	184
N	-4.626	-6.544	21.314	185
CA	-4.374	-5.981	22.626	185
C	-3.25	-4.963	22.615	185
N	-3.406	-3.896	23.403	186
CA	-2.338	-2.937	23.642	186
C	-1.65	-3.168	24.973	186
N	-1.831	-4.331	25.596	187
CA	-1.058	-4.658	26.804	187
C	0.43	-4.533	26.481	187
N	1.206	-3.912	27.365	188
CA	2.617	-3.656	27.05	188
C	3.509	-3.695	28.264	188
N	4.808	-3.823	27.98	189
CA	5.879	-3.536	28.916	189
C	6.587	-2.269	28.47	189
N	7.063	-1.505	29.439	190
CA	7.784	-0.277	29.131	190
C	9.034	-0.103	29.992	190
N	10.072	0.488	29.411	191
CA	11.305	0.784	30.126	191
C	12.084	1.852	29.337	191
N	13.02	2.538	30.007	192
CA	13.871	3.527	29.343	192
C	15.072	2.862	28.677	192
N	15.27	3.144	27.398	193
CA	16.331	2.512	26.653	193
C	16.889	3.393	25.556	193
N	17.298	2.705	24.489	194
CA	18.093	3.347	23.456	194
C	17.608	2.945	22.062	194
N	18.114	3.635	21.039	195
CA	18.085	3.065	19.686	195
C	18.862	1.745	19.694	195
N	18.465	0.784	18.867	196
CA	19.157	-0.494	18.813	196
C	20.138	-0.579	17.648	196
N	20.257	0.499	16.87	197
CA	21.3	0.615	15.846	197
C	22.124	1.855	16.143	197
N	23.408	1.869	15.743	198
CA	24.218	3.082	15.811	198
C	23.432	4.3	15.301	198
N	23.429	5.437	16.006	199
CA	24.354	5.754	17.095	199
C	23.931	5.296	18.488	199
N	22.851	4.509	18.621	200
CA	22.539	3.874	19.918	200
C	22.155	4.879	21.002	200
N	21.601	6.009	20.569	201
CA	21.297	7.101	21.48	201
C	20.374	6.639	22.595	201
N	20.637	7.085	23.821	202
CA	19.864	6.681	24.987	202
C	18.698	7.637	25.216	202
N	17.787	7.633	24.253	203
CA	16.771	8.663	24.155	203
C	15.373	8.095	23.892	203
N	15.19	6.793	24.125	204
CA	13.964	6.106	23.769	204
C	13.203	5.62	24.994	204
N	11.905	5.918	25.038	205
CA	10.968	5.195	25.888	205
C	10.454	4.017	25.068	205
N	10.762	2.801	25.529	206
CA	10.304	1.61	24.836	206
C	8.925	1.205	25.329	206
N	8.062	0.832	24.39	207
CA	6.724	0.297	24.687	207
C	6.628	-0.956	23.832	207
N	6.696	-2.125	24.469	208
CA	6.78	-3.39	23.757	208
C	5.473	-4.121	24.019	208
N	4.72	-4.375	22.965	209
CA	3.449	-5.042	23.141	209
C	3.611	-6.501	23.49	209
N	2.751	-6.98	24.383	210
CA	2.79	-8.377	24.781	210
C	2.308	-9.323	23.689	210
N	1.258	-8.922	22.968	211
CA	0.665	-9.791	21.965	211
C	1.409	-9.682	20.637	211
N	1.983	-10.792	20.133	212
CA	2.605	-10.739	18.816	212
C	1.564	-10.689	17.722	212
N	1.963	-10.201	16.558	213
CA	1.168	-10.445	15.354	213
C	1.679	-11.722	14.696	213
N	0.78	-12.45	14.046	214
CA	1.145	-13.618	13.227	214
C	1.339	-13.162	11.798	214
N	2.445	-13.605	11.2	215
CA	2.686	-13.414	9.771	215
C	2.952	-14.778	9.162	215
N	2.762	-14.946	7.866	216
CA	2.995	-16.26	7.299	216
C	4.453	-16.516	7.036	216
N	4.783	-17.786	6.887	217
CA	6.12	-18.172	6.476	217
C	6.502	-17.481	5.175	217
N	5.574	-17.413	4.24	218
CA	5.832	-16.784	2.954	218
C	6.168	-15.294	3.096	218
N	5.478	-14.616	3.998	219
CA	5.75	-13.21	4.234	219
C	7.151	-12.976	4.792	219
N	7.51	-13.72	5.824	220
CA	8.857	-13.547	6.374	220
C	9.956	-14.025	5.393	220
N	9.686	-15.044	4.586	221
CA	10.647	-15.48	3.573	221
C	10.959	-14.341	2.611	221
N	9.98	-13.489	2.317	222
CA	10.235	-12.358	1.449	222
C	11.156	-11.315	2.108	222
N	11.069	-11.123	3.421	223
CA	12.036	-10.267	4.117	223
C	13.47	-10.769	3.882	223
N	13.634	-12.09	3.925	224
CA	14.946	-12.728	3.842	224
C	15.521	-12.733	2.441	224
N	14.778	-12.258	1.443	225
CA	15.313	-12.076	0.088	225
C	16.003	-10.729	-0.118	225
N	15.798	-9.795	0.811	226
CA	16.524	-8.548	0.765	226
C	18.025	-8.793	0.904	226
N	18.806	-7.82	0.447	227
CA	20.27	-7.869	0.501	227
C	20.835	-6.767	1.389	227
N	21.879	-7.097	2.16	228
CA	22.665	-6.095	2.867	228
C	23.505	-5.252	1.894	228
N	24.023	-5.925	0.882	229
CA	24.905	-5.329	-0.091	229
C	24.179	-4.392	-1.058	229
N	24.959	-3.532	-1.693	230
CA	24.489	-2.758	-2.819	230
C	24.444	-3.563	-4.109	230
N	23.749	-3.012	-5.088	231
CA	23.65	-3.639	-6.395	231
C	25.033	-3.838	-6.992	231
N	25.247	-5.024	-7.543	232
CA	26.494	-5.357	-8.217	232
C	27.575	-5.903	-7.3	232
N	27.333	-5.906	-5.989	233
CA	28.287	-6.417	-5.013	233
C	27.942	-7.873	-4.709	233
N	28.889	-8.618	-4.096	234
CA	28.58	-10.003	-3.748	234
C	27.352	-10.091	-2.828	234
N	26.455	-11.011	-3.154	235
CA	25.175	-11.11	-2.45	235
C	25.338	-11.64	-1.036	235
N	24.846	-10.849	-0.085	236
CA	24.778	-11.219	1.316	236
C	23.337	-10.934	1.735	236
N	22.573	-11.995	2.004	237
CA	21.161	-11.822	2.334	237
C	21.012	-11.037	3.619	237
N	20.022	-10.152	3.636	238
CA	19.694	-9.366	4.829	238
C	18.867	-10.261	5.752	238
N	19.564	-10.91	6.669	239
CA	18.991	-11.769	7.677	239
C	19.778	-11.56	8.955	239
N	19.148	-11.854	10.086	240
CA	19.78	-11.704	11.386	240
C	20.289	-10.294	11.628	240
N	19.441	-9.334	11.277	241
CA	19.726	-7.913	11.492	241
C	19.168	-7.413	12.825	241
N	19.441	-8.187	13.877	242
CA	18.982	-7.899	15.23	242
C	20.185	-7.81	16.175	242
N	20.1	-6.84	17.082	243
CA	21.027	-6.714	18.206	243
C	20.531	-7.613	19.33	243
N	21.405	-8.384	19.979	244
CA	20.952	-9.18	21.114	244
C	20.678	-8.341	22.35	244
N	20.042	-8.992	23.312	245
CA	19.707	-8.357	24.586	245
C	20.947	-7.816	25.292	245
N	20.805	-6.627	25.859	246
CA	21.869	-5.913	26.567	246
C	21.588	-5.895	28.074	246
N	22.601	-5.593	28.885	247
CA	22.407	-5.557	30.322	247
C	21.314	-4.585	30.775	247
N	20.429	-5.067	31.63	248
CA	19.373	-4.219	32.175	248
C	19.907	-3.102	33.088	248
N	21.012	-3.377	33.779	249
CA	21.628	-2.393	34.682	249
C	20.559	-1.958	35.734	249
N	20.426	-0.71	36.148	250
CA	19.5	-0.511	37.291	250
C	17.993	-0.402	36.928	250
N	17.645	-0.778	35.708	251
CA	16.374	-0.396	35.22	251
C	15.235	-1.295	35.646	251
N	14.075	-0.693	35.728	252
CA	12.852	-1.412	36.012	252
C	11.969	-1.468	34.781	252
N	11.439	-2.645	34.483	253
CA	10.477	-2.782	33.418	253
C	9.105	-2.785	34.076	253
N	8.205	-1.951	33.563	254
CA	6.846	-1.83	34.095	254
C	5.899	-2.528	33.148	254
N	4.865	-3.157	33.697	255
CA	3.809	-3.786	32.908	255
C	2.542	-2.948	32.991	255
N	1.784	-2.886	31.89	256
CA	0.508	-2.168	31.857	256
C	-0.665	-3.001	32.32	256
N	-0.42	-4.27	32.634	257
CA	-1.448	-5.271	32.86	257
C	-0.996	-6.172	34.018	257
N	-1.974	-6.789	34.665	258
CA	-1.734	-7.764	35.737	258
C	-1.685	-9.161	35.127	258
