ATOM	X	Y	Z	RESIDUE
N	112.329	19.163	-9.18	1
CA	111.535	19.241	-10.419	1
C	110.193	19.973	-10.196	1
N	109.214	19.525	-9.358	2
CA	108.148	18.618	-9.795	2
C	106.897	18.083	-9.041	2
N	106.372	18.283	-7.773	3
CA	105.298	19.284	-7.44	3
C	104.22	19.074	-6.282	3
N	102.982	19.617	-5.848	4
CA	102.115	20.835	-5.573	4
C	100.53	20.637	-5.375	4
N	99.474	21.555	-5.048	5
CA	97.963	21.441	-4.722	5
C	97.1	22.569	-3.926	5
N	95.723	22.74	-3.473	6
CA	95.014	23.241	-2.17	6
C	93.626	23.655	-1.358	6
N	92.182	23.735	-1.484	7
CA	90.724	23.584	-0.879	7
C	89.595	24.572	-0.139	7
N	88.461	24.463	0.828	8
CA	86.98	25.039	1.159	8
C	85.896	25.087	2.466	8
N	84.485	25.535	2.799	9
CA	83.39	25.54	4.006	9
C	81.949	26.361	4.44	9
N	80.933	26.411	5.592	10
CA	79.535	26.436	6.507	10
C	78.036	27.2	6.933	10
N	77.021	27.481	8.092	11
CA	75.41	27.578	8.53	11
C	73.865	27.785	9.342	11
N	72.675	28.053	10.36	12
CA	71.689	28.586	11.618	12
C	70.074	28.266	12.211	12
N	68.827	28.644	13.084	13
CA	67.836	29.051	14.376	13
C	66.156	29.353	14.795	13
N	65.155	29.757	15.939	14
CA	63.56	29.762	16.49	14
C	62.448	30.469	17.639	14
N	60.972	30.466	18.139	15
CA	59.914	30.537	19.417	15
C	58.255	30.88	19.887	15
N	57.231	31.016	21.079	16
CA	55.636	31.27	21.576	16
C	54.543	31.658	22.938	16
N	53.035	31.799	23.465	17
CA	51.886	31.733	24.726	17
C	50.293	32.309	25.292	17
N	49.206	32.249	26.463	18
CA	47.692	32.386	27.307	18
C	46.279	33.214	28.051	18
N	45.04	32.975	29.039	19
CA	43.532	33.445	29.707	19
C	42.207	33.328	30.915	19
N	40.616	33.44	31.084	20
CA	40.727	34.148	29.813	20
C	39.548	35.101	29.594	20
N	38.368	34.719	30.077	21
CA	37.176	35.538	29.894	21
C	37.12	36.64	30.953	21
N	36.829	37.866	30.52	22
CA	36.78	39.006	31.43	22
C	35.517	38.992	32.282	22
N	35.63	39.539	33.487	23
CA	34.462	39.834	34.304	23
C	34.0	41.266	34.053	23
N	32.798	41.58	34.539	24
CA	32.338	42.962	34.495	24
C	33.296	43.875	35.253	24
N	33.803	43.415	36.403	25
CA	34.725	44.239	37.179	25
C	36.025	44.488	36.417	25
N	36.479	43.505	35.631	26
CA	37.648	43.708	34.775	26
C	37.392	44.797	33.741	26
N	36.225	44.752	33.092	27
CA	35.872	45.778	32.115	27
C	35.77	47.139	32.792	27
N	35.167	47.173	33.986	28
CA	35.019	48.423	34.725	28
C	36.377	48.967	35.161	28
N	37.25	48.091	35.664	29
CA	38.601	48.488	36.057	29
C	39.372	49.08	34.887	29
N	39.291	48.439	33.722	30
CA	40.027	48.919	32.563	30
C	39.457	50.232	32.055	30
N	38.143	50.418	32.176	31
CA	37.533	51.691	31.807	31
C	37.987	52.809	32.741	31
N	38.082	52.516	34.04	32
CA	38.566	53.503	34.997	32
C	40.036	53.823	34.758	32
N	40.866	52.787	34.598	33
CA	42.286	52.984	34.338	33
C	42.509	53.819	33.082	33
N	41.73	53.553	32.032	34
CA	41.829	54.305	30.786	34
C	41.517	55.785	30.985	34
N	40.694	56.123	31.971	35
CA	40.37	57.518	32.232	35
C	41.267	58.15	33.289	35
N	42.286	57.436	33.765	36
CA	43.214	57.983	34.737	36
C	42.748	57.927	36.174	36
N	41.691	57.181	36.459	37
CA	41.122	57.098	37.8	37
C	41.715	55.896	38.517	37
N	42.335	56.144	39.671	38
CA	43.043	55.105	40.404	38
C	42.281	54.565	41.603	38
N	41.254	55.267	42.075	39
CA	40.445	54.77	43.182	39
C	39.074	55.429	43.114	39
N	38.089	54.789	43.74	40
CA	36.71	55.257	43.665	40
C	36.008	55.006	44.997	40
N	35.238	55.997	45.443	41
CA	34.4	55.888	46.618	41
C	32.938	55.703	46.261	41
N	32.078	55.85	47.267	42
CA	30.651	55.671	47.044	42
C	29.859	56.65	47.898	42
N	28.787	57.191	47.319	43
CA	27.902	58.099	48.036	43
C	26.659	57.414	48.579	43
N	26.323	56.233	48.076	44
CA	25.231	55.436	48.614	44
C	25.812	54.346	49.504	44
N	25.311	54.259	50.735	45
CA	25.772	53.27	51.701	45
C	25.228	51.87	51.428	45
N	24.79	51.585	50.201	46
CA	24.191	50.302	49.867	46
C	25.222	49.255	49.453	46
N	26.501	49.465	49.772	47
CA	27.547	48.52	49.398	47
C	28.299	47.971	50.605	47
N	27.76	48.147	51.81	48
CA	28.36	47.537	52.989	48
C	28.246	46.02	52.904	48
N	29.288	45.329	53.372	49
CA	29.381	43.869	53.306	49
C	29.286	43.391	51.853	49
N	30.34	43.716	51.109	50
CA	30.431	43.411	49.688	50
C	31.772	42.752	49.406	50
N	31.731	41.566	48.797	51
CA	32.961	40.831	48.527	51
C	33.779	41.5	47.427	51
N	33.13	41.894	46.334	52
CA	33.792	42.537	45.201	52
C	33.152	43.909	45.019	52
N	33.785	44.95	45.57	53
CA	33.194	46.284	45.498	53
C	33.045	46.747	44.052	53
N	34.093	46.575	43.242	54
CA	34.048	47.033	41.857	54
C	32.983	46.297	41.053	54
N	32.821	44.988	41.287	55
CA	31.738	44.254	40.634	55
C	30.378	44.821	41.026	55
N	30.166	45.072	42.32	56
CA	28.869	45.574	42.767	56
C	28.614	46.992	42.276	56
N	29.647	47.837	42.241	57
CA	29.449	49.16	41.66	57
C	29.146	49.041	40.172	57
N	29.915	48.22	39.456	58
CA	29.713	48.068	38.016	58
C	28.315	47.549	37.696	58
N	27.781	46.656	38.539	59
CA	26.43	46.131	38.324	59
C	25.408	47.263	38.362	59
N	25.505	48.134	39.37	60
CA	24.567	49.247	39.474	60
C	24.651	50.156	38.254	60
N	25.862	50.378	37.74	61
CA	26.043	51.275	36.601	61
C	25.512	50.638	35.323	61
N	25.86	49.371	35.082	62
CA	25.474	48.739	33.828	62
C	23.96	48.565	33.736	62
N	23.251	48.593	34.865	63
CA	21.795	48.545	34.874	63
C	21.168	49.924	35.037	63
N	21.95	50.983	34.843	64
CA	21.408	52.322	34.768	64
C	21.042	52.97	36.081	64
N	21.476	52.418	37.212	65
CA	21.062	52.981	38.491	65
C	21.911	54.17	38.924	65
N	23.132	54.29	38.419	66
CA	23.981	55.399	38.797	66
C	25.187	55.487	37.892	66
N	26.147	56.314	38.302	67
CA	27.362	56.484	37.518	67
C	28.503	56.874	38.445	67
N	29.707	56.927	37.878	68
CA	30.873	57.451	38.581	68
C	30.943	58.95	38.327	68
N	31.141	59.731	39.392	69
CA	31.23	61.183	39.302	69
C	32.509	61.669	39.97	69
N	32.976	62.849	39.553	70
CA	33.933	63.604	40.353	70
C	33.159	64.384	41.408	70
N	33.673	64.382	42.632	71
CA	32.957	64.986	43.75	71
C	33.798	66.117	44.327	71
N	33.173	67.17	44.866	72
CA	33.956	68.315	45.354	72
C	34.831	67.99	46.548	72
N	34.434	67.046	47.396	73
CA	35.217	66.695	48.569	73
C	35.572	65.217	48.539	73
N	36.778	64.91	49.01	74
CA	37.235	63.531	49.059	74
C	36.302	62.696	49.924	74
N	35.965	61.512	49.431	75
CA	35.182	60.58	50.221	75
C	35.939	60.206	51.493	75
N	35.205	59.683	52.474	76
CA	35.858	59.239	53.701	76
C	36.652	57.957	53.493	76
N	36.34	57.196	52.446	77
CA	37.005	55.933	52.153	77
C	36.862	55.682	50.657	77
N	37.746	54.849	50.116	78
CA	37.697	54.511	48.703	78
C	38.346	53.15	48.5	78
N	38.228	52.645	47.277	79
CA	38.823	51.378	46.876	79
C	39.579	51.587	45.577	79
N	40.833	51.142	45.546	80
CA	41.625	51.231	44.331	80
C	41.135	50.194	43.316	80
N	41.826	50.127	42.178	81
CA	41.389	49.27	41.082	81
C	41.556	47.784	41.387	81
N	42.294	47.431	42.435	82
CA	42.403	46.056	42.896	82
C	41.358	45.706	43.945	82
N	40.46	46.634	44.272	83
CA	39.448	46.402	45.278	83
C	39.893	46.648	46.702	83
N	41.152	47.019	46.92	84
CA	41.663	47.226	48.268	84
C	41.231	48.582	48.809	84
N	40.885	48.611	50.092	85
CA	40.461	49.851	50.729	85
C	41.639	50.812	50.854	85
N	41.469	52.025	50.331	86
CA	42.476	53.069	50.392	86
C	41.838	54.315	50.994	86
N	42.633	55.373	51.094	87
CA	42.108	56.646	51.544	87
C	41.082	57.172	50.54	87
N	40.331	58.186	50.964	88
CA	39.222	58.667	50.161	88
C	39.651	59.157	48.79	88
N	38.667	59.238	47.898	89
CA	38.885	59.602	46.507	89
C	38.002	60.785	46.128	89
N	38.446	61.523	45.112	90
CA	37.646	62.577	44.499	90
C	36.68	62.042	43.452	90
N	36.636	60.727	43.253	91
CA	35.694	60.082	42.351	91
C	34.882	59.058	43.131	91
N	33.577	59.006	42.861	92
CA	32.69	58.152	43.641	92
C	31.462	57.769	42.828	92
N	30.969	56.557	43.081	93
CA	29.668	56.147	42.577	93
C	28.556	56.889	43.307	93
N	27.515	57.255	42.561	94
CA	26.305	57.841	43.119	94
C	25.132	57.443	42.238	94
N	23.926	57.352	42.797	95
CA	22.744	57.111	41.962	95
C	22.486	58.279	41.022	95
N	21.73	57.995	39.959	96
CA	21.351	59.046	39.023	96
C	20.433	60.082	39.657	96
N	19.875	59.793	40.837	97
CA	19.124	60.773	41.614	97
C	20.012	61.851	42.226	97
N	21.333	61.753	42.067	98
CA	22.289	62.759	42.522	98
C	23.184	63.189	41.367	98
N	22.607	63.271	40.165	99
CA	23.341	63.522	38.928	99
C	23.561	65.005	38.653	99
N	22.523	65.828	38.825	100
CA	22.582	67.23	38.429	100
C	23.63	68.025	39.194	100
N	24.223	67.461	40.245	101
CA	25.184	68.208	41.048	101
C	26.618	68.063	40.539	101
N	27.066	66.837	40.275	102
CA	28.481	66.566	40.068	102
C	28.789	66.225	38.615	102
N	30.078	66.307	38.286	103
CA	30.581	65.975	36.952	103
C	30.502	64.473	36.712	103
N	29.719	64.002	35.74	104
CA	29.773	62.58	35.382	104
C	31.106	62.235	34.736	104
N	31.594	61.035	35.034	105
CA	32.899	60.6	34.552	105
C	32.79	59.243	33.864	105
N	31.97	58.349	34.415	106
CA	31.757	57.026	33.828	106
C	30.28	56.685	33.956	106
N	29.58	56.735	32.842	107
CA	28.136	56.655	32.756	107
C	27.692	55.24	32.431	107
N	26.416	54.916	32.672	108
CA	25.897	53.614	32.224	108
C	26.083	53.374	30.739	108
N	26.018	54.428	29.926	109
CA	26.187	54.264	28.488	109
C	27.632	53.934	28.136	109
N	28.589	54.63	28.758	110
CA	30.0	54.359	28.494	110
C	30.362	52.918	28.843	110
N	29.873	52.419	29.98	111
CA	30.251	51.081	30.424	111
C	29.612	50.002	29.555	111
N	28.363	50.211	29.128	112
CA	27.681	49.217	28.302	112
C	28.416	48.972	26.99	112
N	28.98	50.023	26.393	113
CA	29.63	49.886	25.095	113
C	30.928	49.095	25.162	113
N	31.485	48.891	26.352	114
CA	32.727	48.151	26.513	114
C	32.509	46.688	26.87	114
N	31.264	46.246	27.011	115
CA	31.023	44.872	27.426	115
C	31.429	43.909	26.314	115
N	32.096	42.81	26.642	116
CA	32.344	41.778	25.636	116
C	31.101	40.921	25.437	116
N	31.105	40.166	24.34	117
CA	29.96	39.325	24.001	117
C	30.03	38.065	24.858	117
N	29.511	38.176	26.078	118
CA	29.459	37.024	26.96	118
C	28.388	36.043	26.48	118
N	28.582	34.748	26.709	119
CA	27.584	33.766	26.277	119
C	26.327	33.807	27.133	119
N	25.233	33.344	26.525	120
CA	24.006	33.091	27.265	120
C	24.098	31.785	28.032	120
N	23.417	31.742	29.175	121
CA	23.233	30.515	29.937	121
C	21.729	30.292	30.016	121
N	21.257	29.204	29.419	122
CA	19.835	29.008	29.153	122
C	19.286	27.949	30.093	122
N	18.191	28.282	30.768	123
CA	17.38	27.315	31.499	123
C	16.071	27.179	30.738	123
N	15.826	25.984	30.206	124
CA	14.679	25.706	29.345	124
C	13.53	25.171	30.195	124
N	12.382	25.857	30.165	125
CA	11.261	25.516	31.033	125
C	10.139	24.775	30.307	125
N	10.433	24.131	29.185	126
CA	9.577	23.044	28.739	126
C	9.906	21.837	29.607	126
N	8.859	21.172	30.111	127
CA	8.858	20.155	31.17	127
C	8.468	20.781	32.505	127
N	8.268	22.101	32.533	128
CA	7.902	22.76	33.782	128
C	6.633	22.15	34.372	128
N	5.56	22.101	33.583	129
CA	4.267	21.615	34.061	129
C	4.269	20.123	34.376	129
N	5.397	19.452	34.153	130
CA	5.548	18.036	34.463	130
C	6.156	17.779	35.837	130
N	6.635	18.813	36.526	131
CA	7.192	18.661	37.862	131
C	6.113	18.846	38.921	131
N	6.352	18.252	40.086	132
CA	5.518	18.528	41.24	132
C	5.725	19.966	41.702	132
N	4.851	20.403	42.608	133
CA	4.957	21.767	43.108	133
C	6.226	21.964	43.929	133
N	6.643	20.944	44.681	134
CA	7.885	21.053	45.437	134
C	9.084	21.177	44.503	134
N	9.1	20.402	43.418	135
CA	10.209	20.472	42.475	135
C	10.219	21.805	41.737	135
N	9.035	22.329	41.405	136
CA	8.951	23.659	40.816	136
C	9.624	24.69	41.716	136
N	9.349	24.628	43.024	137
CA	9.998	25.535	43.956	137
C	11.507	25.38	43.968	137
N	11.992	24.138	43.888	138
CA	13.435	23.916	43.86	138
C	14.053	24.524	42.615	138
N	13.391	24.346	41.47	139
CA	13.85	24.929	40.215	139
C	13.893	26.451	40.311	139
N	12.797	27.061	40.772	140
CA	12.759	28.516	40.881	140
C	13.889	29.028	41.768	140
N	14.158	28.338	42.885	141
CA	15.269	28.734	43.747	141
C	16.608	28.608	43.027	141
N	16.82	27.506	42.312	142
CA	18.073	27.335	41.582	142
C	18.26	28.39	40.498	142
N	17.182	28.813	39.836	143
CA	17.326	29.859	38.834	143
C	17.704	31.175	39.502	143
N	17.129	31.459	40.669	144
CA	17.52	32.655	41.411	144
C	18.99	32.585	41.824	144
N	19.439	31.419	42.292	145
CA	20.847	31.256	42.647	145
C	21.753	31.352	41.428	145
N	21.28	30.905	40.269	146
CA	22.086	31.035	39.063	146
C	22.236	32.497	38.653	146
N	21.163	33.285	38.766	147
CA	21.294	34.723	38.54	147
C	22.301	35.338	39.506	147
N	22.237	34.954	40.782	148
CA	23.189	35.475	41.752	148
C	24.629	35.22	41.354	148
N	24.911	34.025	40.83	149
CA	26.259	33.719	40.361	149
C	26.652	34.605	39.19	149
N	25.769	34.727	38.199	150
CA	26.126	35.44	36.984	150
C	26.271	36.939	37.23	150
N	25.545	37.493	38.209	151
CA	25.759	38.893	38.549	151
C	27.033	39.1	39.365	151
N	27.683	38.021	39.813	152
CA	28.992	38.115	40.447	152
C	30.141	38.047	39.449	152
N	29.883	37.607	38.219	153
CA	30.896	37.503	37.176	153
C	30.627	38.466	36.031	153
N	29.426	38.425	35.473	154
CA	29.058	39.237	34.318	154
C	28.0	40.248	34.767	154
N	26.935	40.481	33.996	155
CA	25.901	41.422	34.395	155
C	24.7	40.751	35.027	155
N	24.554	39.433	34.878	156
CA	23.331	38.759	35.251	156
C	22.31	38.621	34.136	156
N	22.382	39.469	33.108	157
CA	21.479	39.382	31.964	157
C	21.793	38.209	31.046	157
N	22.922	37.534	31.25	158
CA	23.271	36.367	30.452	158
C	22.407	35.161	30.798	158
N	21.756	35.177	31.958	159
CA	20.814	34.124	32.308	159
C	19.558	34.303	31.473	159
N	19.2	33.269	30.721	160
CA	18.022	33.303	29.874	160
C	17.126	32.137	30.246	160
N	15.859	32.425	30.481	161
CA	14.868	31.414	30.816	161
C	13.89	31.349	29.652	161
N	13.89	30.238	28.943	162
CA	12.989	30.063	27.817	162
C	11.746	29.296	28.269	162
N	10.662	29.44	27.501	163
CA	9.371	28.87	27.885	163
C	8.895	29.457	29.211	163
N	9.157	30.74	29.413	164
CA	8.793	31.382	30.667	164
C	7.278	31.498	30.771	164
N	6.716	30.961	31.847	165
CA	5.29	31.019	32.127	165
C	5.046	31.91	33.335	165
N	3.771	32.172	33.613	166
CA	3.452	33.025	34.75	166
C	3.65	32.305	36.076	166
N	3.438	30.985	36.113	167
CA	3.652	30.249	37.355	167
C	5.112	30.315	37.782	167
N	6.033	30.149	36.834	168
CA	7.44	30.354	37.146	168
C	7.693	31.779	37.624	168
N	7.071	32.766	36.975	169
CA	7.281	34.153	37.379	169
C	6.757	34.403	38.788	169
N	5.628	33.785	39.145	170
CA	5.127	33.924	40.508	170
C	6.057	33.247	41.509	170
N	6.611	32.084	41.151	171
CA	7.477	31.363	42.078	171
C	8.88	31.935	42.123	171
N	9.315	32.577	41.045	172
CA	10.655	33.136	40.986	172
C	10.709	34.409	41.814	172
N	11.727	34.519	42.664	173
CA	11.855	35.648	43.578	173
C	13.073	36.508	43.267	173
N	13.558	36.464	42.031	174
CA	14.62	37.339	41.6	174
C	14.099	38.444	40.703	174
N	15.012	39.267	40.18	175
CA	14.62	40.41	39.343	175
C	14.368	39.994	37.9	175
N	13.091	39.963	37.513	176
CA	12.751	39.636	36.134	176
C	13.238	40.692	35.151	176
N	13.451	41.928	35.609	177
CA	13.954	42.996	34.755	177
C	15.446	42.881	34.47	177
N	16.153	41.966	35.128	178
CA	17.581	41.831	34.895	178
C	17.963	40.529	34.215	178
N	17.212	39.458	34.423	179
CA	17.448	38.242	33.656	179
C	16.694	38.334	32.343	179
N	17.186	37.612	31.351	180
CA	16.491	37.513	30.081	180
C	15.426	36.435	30.201	180
N	14.185	36.795	29.931	181
CA	13.099	35.836	29.944	181
C	12.465	35.815	28.563	181
N	12.04	34.631	28.131	182
CA	11.553	34.445	26.772	182
C	10.331	33.55	26.812	182
N	9.227	34.041	26.249	183
CA	7.98	33.302	26.291	183
C	7.942	32.086	25.391	183
N	8.809	32.028	24.383	184
CA	8.755	30.976	23.396	184
C	9.846	29.935	23.54	184
N	9.978	29.08	22.526	185
CA	10.93	27.968	22.608	185
C	12.379	28.426	22.521	185
N	13.259	27.554	23.018	186
CA	14.695	27.825	23.012	186
C	15.215	28.064	21.6	186
N	14.713	27.305	20.623	187
CA	15.217	27.436	19.26	187
C	14.928	28.822	18.689	187
N	13.734	29.36	18.952	188
CA	13.401	30.694	18.461	188
C	14.166	31.773	19.217	188
N	14.393	31.577	20.523	189
CA	15.252	32.497	21.258	189
C	16.648	32.541	20.655	189
N	17.176	31.377	20.272	190
CA	18.517	31.338	19.703	190
C	18.542	31.993	18.33	190
N	17.529	31.717	17.508	191
CA	17.485	32.287	16.167	191
C	17.28	33.796	16.209	191
N	16.478	34.29	17.159	192
CA	16.33	35.734	17.313	192
C	17.663	36.398	17.616	192
N	18.569	35.681	18.273	193
CA	19.841	36.23	18.714	193
C	21.013	35.788	17.844	193
N	20.739	35.233	16.667	194
CA	21.804	34.868	15.741	194
C	22.773	33.829	16.266	194
N	22.273	32.841	17.001	195
CA	23.09	31.776	17.572	195
C	22.689	30.468	16.895	195
N	23.62	29.87	16.152	196
CA	23.354	28.64	15.416	196
C	24.023	27.421	16.036	196
N	24.674	27.573	17.186	197
CA	25.402	26.473	17.8	197
C	25.42	26.664	19.305	197
N	25.1	25.595	20.038	198
CA	25.011	25.653	21.489	198
C	25.728	24.46	22.099	198
N	26.107	24.62	23.361	199
CA	26.543	23.514	24.198	199
C	25.367	23.11	25.072	199
N	25.05	21.823	25.074	200
CA	23.977	21.271	25.886	200
C	24.612	20.432	26.983	200
N	24.452	20.862	28.231	201
CA	25.016	20.111	29.35	201
C	24.201	18.84	29.559	201
N	24.816	17.69	29.285	202
CA	24.138	16.396	29.294	202
C	24.98	15.42	30.11	202
N	24.444	14.846	31.192	203
CA	25.256	13.938	32.018	203
C	25.623	12.637	31.323	203
N	24.927	12.258	30.252	204
CA	25.24	11.048	29.505	204
C	26.022	11.332	28.229	204
N	26.538	12.547	28.061	205
CA	27.343	12.84	26.886	205
C	28.676	12.1	26.95	205
N	29.215	11.781	25.773	206
CA	30.501	11.101	25.717	206
C	31.668	12.065	25.907	206
N	31.539	13.31	25.45	207
CA	32.611	14.29	25.562	207
C	32.427	15.155	26.801	207
N	33.489	15.292	27.573	208
CA	33.492	16.187	28.722	208
C	33.62	17.628	28.239	208
N	32.947	18.547	28.929	209
CA	33.141	19.964	28.65	209
C	34.607	20.322	28.835	209
N	35.144	21.106	27.903	210
CA	36.543	21.505	27.961	210
C	36.675	22.936	27.462	210
N	37.901	23.457	27.564	211
CA	38.216	24.802	27.091	211
C	37.866	24.983	25.618	211
N	37.878	23.897	24.843	212
CA	37.564	23.97	23.421	212
C	36.11	24.339	23.162	212
N	35.257	24.286	24.179	213
CA	33.846	24.614	24.046	213
C	33.515	26.035	24.484	213
N	34.507	26.85	24.823	214
CA	34.218	28.129	25.46	214
C	34.074	29.282	24.472	214
N	34.156	29.016	23.171	215
CA	33.83	30.015	22.163	215
C	32.354	30.009	21.784	215
N	31.597	28.992	22.203	216
CA	30.179	28.911	21.875	216
C	29.425	30.027	22.588	216
N	28.353	30.518	21.957	217
CA	27.635	31.703	22.417	217
C	26.469	31.404	23.35	217
N	26.111	30.137	23.549	218
CA	25.091	29.79	24.525	218
C	25.38	28.409	25.096	218
N	25.053	28.247	26.372	219
CA	25.133	26.991	27.099	219
C	23.747	26.705	27.651	219
N	23.217	25.516	27.384	220
CA	21.931	25.114	27.941	220
C	22.223	24.31	29.202	220
N	21.861	24.87	30.356	221
CA	22.29	24.345	31.649	221
C	21.145	23.777	32.466	221
N	19.91	23.898	32.003	222
CA	18.77	23.46	32.786	222
C	17.622	23.113	31.872	222
N	16.801	22.164	32.313	223
CA	15.657	21.728	31.529	223
C	15.631	20.237	31.256	223
N	16.161	18.993	31.484	224
CA	17.096	18.193	30.665	224
C	17.015	16.628	30.716	224
N	16.182	15.871	31.488	225
CA	16.443	14.554	32.113	225
C	15.18	13.873	32.661	225
N	15.424	12.847	33.511	226
CA	14.619	11.798	34.136	226
C	14.105	10.537	33.426	226
N	14.388	10.229	32.147	227
CA	14.206	8.821	31.82	227
C	15.3	7.779	32.065	227
N	14.819	6.628	32.562	228
CA	14.427	5.308	32.096	228
C	13.96	4.684	33.411	228
N	13.162	3.611	33.553	229
CA	12.757	2.474	32.74	229
C	11.991	2.79	31.448	229
N	11.785	4.097	31.119	230
CA	12.093	4.462	29.733	230
C	11.273	3.522	28.84	230
N	10.34	2.692	29.38	231
CA	9.052	2.572	28.7	231
C	8.913	1.786	27.385	231
N	9.982	1.118	26.878	232
CA	10.609	0.903	25.556	232
C	11.517	1.773	24.634	232
N	11.964	3.002	24.975	233
CA	13.078	3.841	24.49	233
C	13.162	4.267	23.02	233
N	13.762	5.394	22.591	234
CA	13.554	6.691	23.247	234
C	13.471	7.884	22.285	234
N	12.946	8.958	22.915	235
CA	12.78	10.345	22.5	235
C	11.434	10.554	21.769	235
N	11.234	11.513	20.832	236
CA	11.987	12.695	20.482	236
C	12.23	13.443	21.797	236
N	13.063	14.504	21.775	237
CA	13.63	15.237	22.932	237
C	14.155	16.552	22.32	237
N	14.825	17.34	23.188	238
CA	15.29	18.67	23.572	238
C	16.54	19.025	22.768	238
N	17.573	18.186	22.861	239
CA	18.672	18.294	21.918	239
C	18.237	17.948	20.507	239
N	17.436	16.887	20.364	240
CA	16.887	16.542	19.058	240
C	15.988	17.653	18.533	240
N	15.185	18.255	19.416	241
CA	14.359	19.396	19.03	241
C	15.208	20.514	18.435	241
N	16.315	20.857	19.1	242
CA	17.184	21.91	18.583	242
C	17.796	21.522	17.242	242
N	18.281	20.283	17.123	243
CA	19.0	19.892	15.915	243
C	18.076	19.797	14.709	243
N	16.819	19.397	14.914	244
CA	15.853	19.426	13.823	244
C	15.462	20.845	13.437	244
N	15.792	21.832	14.268	245
CA	15.543	23.234	13.97	245
C	16.764	23.939	13.393	245
N	17.824	23.203	13.079	246
CA	18.994	23.784	12.458	246
C	20.085	24.229	13.404	246
N	19.964	23.936	14.694	247
CA	20.973	24.315	15.675	247
C	21.997	23.192	15.78	247
N	23.275	23.541	15.665	248
CA	24.344	22.609	15.994	248
C	24.437	22.466	17.509	248
N	24.365	21.232	18.0	249
CA	24.341	20.965	19.433	249
C	25.606	20.206	19.812	249
N	26.382	20.769	20.738	250
CA	27.53	20.082	21.326	250
C	27.102	19.496	22.666	250
N	26.922	18.177	22.715	251
CA	26.619	17.508	23.975	251
C	27.893	17.381	24.802	251
N	27.877	17.943	26.005	252
CA	29.04	17.966	26.879	252
C	28.597	17.65	28.301	252
N	29.421	16.897	29.026	253
CA	29.111	16.543	30.402	253
C	30.076	17.223	31.363	253
N	29.613	17.36	32.601	254
CA	30.427	17.816	33.718	254
C	30.55	16.668	34.706	254
N	31.737	16.507	35.273	255
CA	31.989	15.421	36.21	255
C	32.249	15.972	37.608	255
N	33.045	14.922	38.066	256
CA	33.273	13.424	38.173	256
C	32.142	12.904	39.162	256
N	31.117	13.422	39.873	257
CA	30.013	14.354	39.725	257
C	28.926	14.282	40.827	257
N	28.906	13.486	41.936	258
CA	29.194	13.897	43.312	258
C	29.117	13.045	44.603	258
N	28.782	11.729	44.817	259
CA	29.486	10.439	44.659	259
C	28.56	9.193	44.633	259
N	27.203	9.223	44.733	260
CA	26.404	8.056	45.134	260
C	24.942	8.156	44.662	260
N	24.415	9.186	43.963	261
CA	24.738	10.579	43.652	261
C	24.874	11.47	44.923	261
N	24.968	12.804	44.755	262
CA	24.637	13.616	43.593	262
C	23.307	14.11	43.036	262
N	22.103	13.923	43.599	263
CA	20.876	13.454	42.952	263
C	20.065	14.226	41.889	263
N	20.345	15.459	41.417	264
CA	21.479	16.004	40.678	264
C	21.148	16.638	39.298	264
N	22.248	17.198	38.721	265
CA	22.647	18.012	39.864	265
C	21.961	19.379	39.823	265
N	22.275	20.224	40.803	266
CA	21.643	21.531	40.908	266
C	22.094	22.447	39.773	266
N	21.14	23.2	39.21	267
CA	21.452	24.086	38.089	267
C	22.549	25.073	38.475	267
N	22.463	25.63	39.683	268
CA	23.421	26.657	40.079	268
C	24.804	26.063	40.33	268
N	24.87	24.814	40.789	269
CA	26.166	24.157	40.936	269
C	26.833	23.984	39.578	269
N	26.074	23.492	38.595	270
CA	26.579	23.324	37.232	270
C	27.143	24.637	36.705	270
N	26.35	25.7	36.813	271
CA	26.759	27.01	36.319	271
C	28.029	27.494	37.007	271
N	28.091	27.371	38.336	272
CA	29.265	27.824	39.059	272
C	30.532	27.123	38.614	272
N	30.429	25.834	38.283	273
CA	31.577	25.097	37.766	273
C	32.005	25.651	36.409	273
N	31.04	25.896	35.522	274
CA	31.345	26.429	34.194	274
C	32.022	27.789	34.307	274
N	31.495	28.654	35.173	275
CA	32.042	30.002	35.28	275
C	33.459	29.975	35.845	275
N	33.73	29.086	36.804	276
CA	35.096	28.955	37.299	276
C	36.039	28.455	36.21	276
N	35.552	27.591	35.313	277
CA	36.393	27.134	34.212	277
C	36.646	28.255	33.207	277
N	35.603	29.019	32.86	278
CA	35.714	30.011	31.789	278
C	36.482	31.245	32.235	278
N	36.216	31.716	33.448	279
CA	36.724	32.996	33.923	279
C	38.056	32.804	34.632	279
N	38.071	31.949	35.647	280
CA	39.27	31.748	36.448	280
C	40.227	30.743	35.827	280
N	39.911	30.236	34.637	281
CA	40.772	29.303	33.939	281
C	40.99	27.999	34.681	281
N	40.158	27.728	35.686	282
CA	40.367	26.566	36.537	282
C	39.972	25.289	35.809	282
N	40.7	24.214	36.09	283
CA	40.309	22.919	35.564	283
C	39.005	22.473	36.221	283
N	38.388	21.45	35.633	284
CA	37.119	20.963	36.158	284
C	37.255	20.419	37.576	284
N	38.47	20.037	37.99	285
CA	38.708	19.591	39.361	285
C	38.31	20.633	40.402	285
N	38.238	21.906	40.023	286
CA	37.776	22.96	40.92	286
C	36.248	23.051	40.92	286
N	36.678	23.06	42.527	287
CA	37.478	22.278	43.925	287
C	38.098	22.234	45.669	287
N	38.668	21.377	46.977	288
CA	39.496	20.849	48.479	288
C	39.939	20.955	50.276	288
N	40.413	20.208	51.724	289
CA	41.203	19.764	53.303	289
C	42.257	19.239	54.774	289
N	42.519	19.219	56.419	290
CA	43.294	18.977	58.034	290
C	44.053	18.431	59.655	290
N	44.618	17.545	60.943	291
CA	45.39	17.504	62.542	291
C	45.865	16.6	64.071	291
N	46.601	16.544	65.55	292
CA	47.546	15.818	66.845	292
C	47.962	15.749	68.625	292
N	48.877	15.069	69.809	293
CA	49.514	14.59	71.394	293
C	50.284	14.531	73.051	293
N	50.6	13.685	74.41	294
CA	51.417	13.542	75.934	294
C	51.611	12.639	77.481	294
N	52.342	12.214	78.877	295
CA	53.254	12.136	80.353	295
C	53.485	11.097	81.792	295
N	54.294	10.669	83.13	296
CA	54.548	10.435	84.824	296
C	55.416	9.536	86.128	296
N	55.695	9.359	87.703	297
CA	56.393	8.884	89.226	297
C	56.897	7.883	90.66	297
N	57.662	7.577	92.085	298
CA	58.823	7.347	93.375	298
C	59.203	6.634	94.999	298
N	60.258	6.476	96.214	299
CA	60.644	6.163	97.866	299
C	61.91	5.77	99.073	299
N	62.456	5.657	100.597	300
CA	63.241	4.885	101.954	300
C	63.704	4.816	103.705	300
N	64.641	4.086	104.799	301
CA	65.475	3.843	106.303	301
C	65.578	3.643	108.08	301
N	66.275	3.1	109.44	302
CA	67.351	3.051	110.795	302
C	67.558	2.448	112.475	302
N	68.324	2.32	113.893	303
CA	69.255	1.6	115.133	303
C	69.586	1.611	116.891	303
N	70.457	1.107	118.134	304
CA	70.675	0.431	119.701	304
C	71.766	0.518	121.12	304
N	72.268	0.273	122.652	305
CA	72.976	-0.2	124.166	305
C	73.466	-1.189	125.595	305
N	73.982	-1.581	127.102	306
CA	74.218	-1.496	128.813	306
C	74.766	-1.924	130.498	306
N	75.509	-2.749	131.665	307
CA	76.393	-3.101	133.111	307
C	76.586	-3.03	134.886	307
N	77.237	-3.752	136.152	308
CA	77.761	-3.671	137.79	308
C	78.183	-4.587	139.268	308
N	78.663	-4.602	140.81	309
CA	79.66	-5.099	142.119	309
C	79.855	-5.183	143.878	309
N	80.779	-5.506	145.135	310
CA	80.94	-6.153	146.698	310
C	81.628	-6.646	148.275	310
N	82.65	-6.845	149.476	311
CA	82.999	-6.83	151.144	311
C	83.989	-7.612	152.389	311
N	84.529	-7.918	153.873	312
CA	85.442	-7.806	155.314	312
C	85.588	-8.372	157.007	312
N	86.329	-8.502	158.435	313
CA	87.181	-9.324	159.688	313
C	87.577	-9.412	161.443	313
N	88.318	-10.183	162.651	314
CA	89.015	-10.212	164.231	314
C	89.484	-11.234	165.625	314
N	90.038	-11.414	167.125	315
CA	91.147	-11.774	168.38	315
C	91.239	-12.386	170.06	315
N	92.066	-12.931	171.331	316
CA	92.561	-12.988	172.973	316
C	93.415	-13.924	174.245	316
N	94.043	-13.905	175.729	317
CA	94.8	-14.506	177.183	317
C	94.995	-15.53	178.64	317
N	95.579	-15.893	180.105	318
CA	96.26	-15.876	181.688	318
C	96.967	-16.911	182.968	318
N	97.465	-17.02	184.49	319
CA	98.386	-17.757	185.743	319
C	98.631	-17.886	187.502	319
N	99.569	-18.44	188.68	320
CA	100.172	-19.21	190.116	320
C	100.682	-19.183	191.839	320
N	100.892	-19.984	193.218	321
CA	101.851	-20.267	194.615	321
C	102.546	-20.79	196.195	321
N	102.568	-21.528	197.588	322
CA	103.219	-22.246	199.011	322
C	104.172	-22.16	200.52	322
N	104.42	-22.745	202.023	323
CA	105.468	-23.126	203.363	323
C	106.249	-23.609	204.944	323
N	106.315	-24.103	206.486	324
CA	106.891	-24.275	208.12	324
C	108.086	-24.723	209.395	324
N	108.284	-25.116	210.943	325
CA	109.281	-25.646	212.257	325
C	109.446	-25.624	214.048	325
N	110.154	-25.956	215.487	326
CA	111.111	-26.565	216.811	326
C	111.27	-26.635	218.612	326
N	112.195	-27.138	219.845	327
CA	112.758	-27.52	221.449	327
C	113.4	-27.497	223.147	327
N	113.693	-28.256	224.553	328
CA	114.306	-28.2	226.182	328
C	114.883	-29.126	227.629	328
N	115.406	-29.088	229.174	329
CA	116.308	-29.735	230.52	329
C	116.642	-29.717	232.281	329
N	117.593	-30.128	233.531	330
CA	118.43	-30.8	234.901	330
C	118.585	-31.36	236.61	330
N	119.622	-31.649	237.814	331
CA	120.265	-32.046	239.386	331
C	120.438	-32.953	240.925	331
N	121.259	-33.573	242.183	332
CA	121.874	-33.631	243.797	332
C	122.522	-34.684	245.095	332
N	123.012	-34.847	246.62	333
CA	123.99	-35.388	247.931	333
C	123.985	-35.602	249.706	333
N	124.735	-35.897	251.11	334
CA	124.979	-36.66	252.642	334
C	126.123	-36.74	254.015	334
N	126.403	-37.108	255.564	335
CA	127.362	-37.723	256.869	335
C	127.564	-37.839	258.649	335
N	128.252	-38.6	259.878	336
CA	128.921	-38.902	261.435	336
C	129.943	-38.673	262.861	336
N	130.582	-39.415	264.116	337
CA	131.185	-39.399	265.728	337
C	131.658	-40.436	267.087	337
N	132.219	-40.87	268.537	338
CA	132.764	-41.083	270.173	338
C	133.72	-40.897	271.681	338
N	134.161	-41.653	273.02	339
CA	135.088	-41.7	274.461	339
C	135.288	-42.477	276.04	339
N	136.165	-42.639	277.364	340
CA	136.284	-42.81	279.054	340
C	137.272	-43.411	280.418	340
N	137.344	-43.647	282.003	341
CA	138.255	-43.9	283.443	341
C	138.173	-44.627	285.058	341
N	138.783	-45.037	286.474	342
CA	139.798	-45.365	287.794	342
C	139.867	-45.802	289.514	342
N	140.798	-46.263	290.718	343
CA	140.942	-46.688	292.378	343
C	141.978	-47.486	293.592	343
N	142.309	-48.019	295.079	344
CA	143.05	-48.107	296.625	344
C	143.125	-48.805	298.281	344
N	143.803	-48.868	299.756	345
CA	144.687	-49.179	301.194	345
C	145.241	-50.197	302.559	345
N	145.805	-50.157	304.057	346
CA	146.356	-50.973	305.447	346
C	146.785	-50.809	307.152	346
N	147.407	-51.527	308.428	347
CA	148.033	-51.448	310.02	347
C	148.475	-52.301	311.53	347
N	149.084	-52.159	313.011	348
CA	149.836	-52.849	314.393	348
C	150.183	-52.583	316.124	348
N	150.8	-52.895	317.577	349
CA	151.57	-53.68	318.879	349
C	151.829	-53.66	320.643	349
N	152.539	-54.338	321.903	350
CA	153.426	-54.66	323.344	350
C	153.687	-54.394	325.077	350
N	154.174	-54.895	326.529	351
CA	155.26	-55.037	327.835	351
C	155.528	-55.885	329.377	351
N	156.428	-56.106	330.685	352
CA	156.581	-56.327	332.373	352
C	157.154	-56.689	334.027	352
N	158.175	-57.185	335.121	353
CA	158.472	-57.138	336.783	353
C	159.106	-57.493	338.387	353
N	159.96	-58.196	339.482	354
CA	160.505	-58.026	341.047	354
C	161.241	-58.357	342.62	354
N	162.005	-59.208	343.716	355
CA	162.824	-59.225	345.205	355
C	163.29	-60.248	346.512	355
N	164.131	-60.373	347.778	356
CA	164.257	-61.119	349.216	356
C	165.139	-61.035	350.663	356
N	165.296	-61.775	351.988	357
CA	166.25	-62.152	353.319	357
C	166.122	-62.765	354.943	357
N	166.873	-63.019	356.263	358
CA	167.531	-64.093	357.281	358
C	168.047	-64.117	358.898	358
N	168.873	-65.059	359.727	359
CA	169.724	-65.568	361.023	359
C	169.666	-66.302	362.523	359
N	170.719	-66.402	363.547	360
CA	171.44	-67.159	364.758	360
C	171.721	-67.694	366.291	360
N	171.474	-67.814	367.7	361
CA	172.554	-67.921	368.824	361
C	172.458	-68.475	370.348	361
N	173.473	-68.438	371.359	362
CA	173.788	-68.613	372.872	362
C	173.653	-69.754	373.965	362
N	174.339	-69.771	375.203	363
CA	175.071	-70.692	376.163	363
C	175.082	-70.365	377.71	363
N	175.511	-71.277	378.659	364
CA	175.94	-71.271	380.09	364
C	177.239	-70.661	380.648	364
