ATOM	X	Y	Z	RESIDUE
N	13.328	0.123	5.311	1
CA	13.052	-0.637	6.564	1
C	12.108	0.132	7.484	1
N	11.099	-0.565	8.002	2
CA	10.125	0.023	8.916	2
C	9.363	-1.066	9.662	2
N	8.501	-0.66	10.59	3
CA	7.746	-1.621	11.384	3
C	6.75	-2.439	10.574	3
N	6.49	-3.648	11.054	4
CA	5.555	-4.538	10.397	4
C	5.226	-5.662	11.355	4
N	4.85	-6.819	10.82	5
CA	4.521	-7.956	11.668	5
C	5.377	-9.178	11.343	5
N	6.516	-8.942	10.698	6
CA	7.409	-10.03	10.342	6
C	8.381	-10.364	11.457	6
N	9.207	-11.378	11.23	7
CA	10.186	-11.815	12.22	7
C	11.252	-10.763	12.526	7
N	11.572	-9.932	11.54	8
CA	12.604	-8.916	11.713	8
C	12.121	-7.498	12.006	8
N	10.82	-7.26	11.88	9
CA	10.27	-5.933	12.148	9
C	8.972	-6.017	12.943	9
N	8.707	-7.196	13.503	10
CA	7.492	-7.431	14.27	10
C	7.333	-6.679	15.58	10
N	6.211	-6.897	16.289	11
CA	5.896	-6.253	17.569	11
C	7.019	-6.272	18.604	11
N	7.796	-7.349	18.624	12
CA	8.899	-7.481	19.568	12
C	10.033	-6.49	19.275	12
N	10.009	-5.901	18.084	13
CA	11.031	-4.947	17.651	13
C	10.606	-3.48	17.764	13
N	9.3	-3.237	17.808	14
CA	8.772	-1.876	17.85	14
C	9.351	-0.914	18.883	14
N	9.716	-1.426	20.053	15
CA	10.239	-0.581	21.121	15
C	11.488	0.209	20.747	15
N	12.267	-0.298	19.797	16
CA	13.484	0.397	19.39	16
C	13.182	1.738	18.718	16
N	12.109	1.789	17.936	17
CA	11.718	3.03	17.271	17
C	10.645	3.775	18.06	17
N	9.902	3.045	18.887	18
CA	8.827	3.63	19.686	18
C	8.946	3.134	21.121	18
N	9.791	3.797	21.924	19
CA	10.038	3.456	23.327	19
C	8.778	3.251	24.167	19
N	7.71	3.969	23.831	20
CA	6.464	3.858	24.584	20
C	5.86	2.448	24.496	20
N	6.406	1.62	23.606	21
CA	5.932	0.248	23.443	21
C	6.042	-0.508	24.767	21
N	6.923	-0.033	25.643	22
CA	7.116	-0.66	26.945	22
C	6.484	0.215	28.018	22
N	5.499	1.014	27.61	23
CA	4.821	1.923	28.522	23
C	3.964	1.305	29.612	23
N	3.302	2.168	30.382	24
CA	2.449	1.758	31.496	24
C	0.989	1.46	31.14	24
N	0.519	1.924	29.987	25
CA	-0.856	1.642	29.602	25
C	-0.949	1.2	28.149	25
N	-0.201	0.148	27.83	26
CA	-0.173	-0.393	26.48	26
C	-1.301	-1.386	26.234	26
N	-1.696	-1.494	24.968	27
CA	-2.753	-2.405	24.538	27
C	-2.21	-3.277	23.404	27
N	-2.837	-4.438	23.152	28
CA	-4.005	-4.997	23.837	28
C	-3.613	-5.686	25.141	28
N	-4.612	-6.211	25.844	29
CA	-4.399	-6.936	27.091	29
C	-5.342	-8.132	27.129	29
N	-5.093	-9.045	28.058	30
CA	-5.969	-10.193	28.205	30
C	-7.034	-9.774	29.207	30
N	-8.292	-10.019	28.876	31
CA	-9.373	-9.668	29.774	31
C	-9.705	-10.879	30.641	31
N	-9.385	-10.776	31.927	32
CA	-9.66	-11.843	32.893	32
C	-11.067	-11.544	33.394	32
N	-12.037	-12.308	32.909	33
CA	-13.437	-12.106	33.259	33
C	-13.771	-12.205	34.74	33
N	-12.941	-12.906	35.506	34
CA	-13.208	-13.061	36.93	34
C	-12.559	-11.977	37.78	34
N	-11.636	-11.229	37.186	35
CA	-10.953	-10.153	37.892	35
C	-11.521	-8.788	37.495	35
N	-12.254	-8.748	36.385	36
CA	-12.863	-7.502	35.926	36
C	-13.925	-7.114	36.949	36
N	-14.017	-5.829	37.269	37
CA	-14.998	-5.396	38.25	37
C	-16.235	-4.744	37.652	37
N	-17.397	-5.235	38.066	38
CA	-18.658	-4.682	37.604	38
C	-18.8	-3.293	38.21	38
N	-18.973	-2.288	37.358	39
CA	-19.122	-0.918	37.83	39
C	-20.535	-0.411	37.554	39
N	-21.382	-0.373	38.593	40
CA	-22.77	0.088	38.485	40
C	-22.923	1.51	37.944	40
N	-21.879	2.321	38.07	41
CA	-21.946	3.699	37.597	41
C	-21.71	3.841	36.095	41
N	-21.363	2.743	35.43	42
CA	-21.127	2.786	33.99	42
C	-22.439	2.946	33.237	42
N	-22.533	4.024	32.467	43
CA	-23.722	4.323	31.68	43
C	-23.744	3.484	30.403	43
N	-24.941	3.205	29.864	44
CA	-25.005	2.409	28.634	44
C	-24.299	3.154	27.5	44
N	-23.793	2.415	26.518	45
CA	-23.126	3.035	25.38	45
C	-24.179	3.642	24.466	45
N	-23.834	4.751	23.825	46
CA	-24.743	5.408	22.902	46
C	-24.061	5.492	21.547	46
N	-24.534	4.685	20.605	47
CA	-23.969	4.663	19.265	47
C	-24.943	5.294	18.278	47
N	-24.539	6.409	17.679	48
CA	-25.375	7.103	16.705	48
C	-24.664	7.101	15.361	48
N	-24.917	6.069	14.56	49
CA	-24.289	5.934	13.248	49
C	-25.259	6.12	12.074	49
N	-26.49	6.538	12.358	50
CA	-27.49	6.727	11.306	50
C	-27.087	7.673	10.172	50
N	-26.272	8.678	10.479	51
CA	-25.842	9.649	9.474	51
C	-24.404	9.45	8.997	51
N	-23.838	8.277	9.272	52
CA	-22.467	7.975	8.878	52
C	-22.231	8.153	7.377	52
N	-21.085	8.731	7.031	53
CA	-20.728	8.949	5.632	53
C	-19.348	8.369	5.33	53
N	-19.306	7.166	4.761	54
CA	-18.026	6.551	4.432	54
C	-17.477	7.236	3.186	54
N	-16.16	7.233	3.04	55
CA	-15.536	7.89	1.902	55
C	-14.679	6.98	1.042	55
N	-13.757	6.276	1.683	56
CA	-12.838	5.434	0.946	56
C	-12.305	4.277	1.773	56
N	-11.781	3.272	1.081	57
CA	-11.185	2.118	1.734	57
C	-9.771	2.036	1.178	57
N	-8.805	1.702	2.026	58
CA	-7.433	1.625	1.551	58
C	-6.571	0.625	2.295	58
N	-5.546	0.154	1.596	59
CA	-4.585	-0.792	2.139	59
C	-3.358	0.048	2.479	59
N	-3.035	0.168	3.763	60
CA	-1.878	0.965	4.164	60
C	-0.663	0.109	4.504	60
N	-0.732	-1.174	4.164	61
CA	0.376	-2.069	4.428	61
C	0.329	-2.775	5.768	61
N	-0.552	-2.326	6.659	62
CA	-0.696	-2.932	7.986	62
C	-2.066	-3.591	8.107	62
N	-3.038	-3.034	7.39	63
CA	-4.4	-3.546	7.374	63
C	-5.14	-2.73	6.332	63
N	-6.452	-2.909	6.243	64
CA	-7.22	-2.095	5.317	64
C	-8.138	-1.248	6.19	64
N	-8.276	0.03	5.848	65
CA	-9.058	0.981	6.624	65
C	-10.189	1.563	5.789	65
N	-11.334	1.72	6.439	66
CA	-12.475	2.364	5.834	66
C	-12.676	3.694	6.513	66
N	-12.436	4.757	5.761	67
CA	-12.497	6.09	6.317	67
C	-13.823	6.81	6.154	67
N	-14.171	7.597	7.169	68
CA	-15.42	8.342	7.183	68
C	-15.202	9.848	7.228	68
N	-16.247	10.584	6.872	69
CA	-16.221	12.037	6.9	69
C	-16.425	12.42	8.368	69
N	-15.421	13.04	8.979	70
CA	-15.521	13.431	10.38	70
C	-15.487	14.949	10.55	70
N	-16.014	15.666	9.56	71
CA	-16.042	17.127	9.598	71
C	-17.24	17.65	10.388	71
N	-18.144	16.746	10.754	72
CA	-19.331	17.095	11.53	72
C	-19.706	15.89	12.379	72
N	-20.589	16.091	13.353	73
CA	-21.022	14.993	14.21	73
C	-22.037	14.109	13.489	73
N	-21.582	13.407	12.457	74
CA	-22.451	12.519	11.687	74
C	-22.562	11.143	12.335	74
N	-21.421	10.568	12.699	75
CA	-21.39	9.257	13.34	75
C	-20.617	9.425	14.641	75
N	-21.317	9.351	15.769	76
CA	-20.66	9.544	17.054	76
C	-20.929	8.481	18.106	76
N	-20.036	8.449	19.087	77
CA	-20.118	7.526	20.199	77
C	-20.162	8.387	21.464	77
N	-21.119	8.099	22.338	78
CA	-21.277	8.833	23.591	78
C	-21.624	7.826	24.68	78
N	-21.707	8.301	25.918	79
CA	-22.067	7.428	27.018	79
C	-20.969	6.497	27.479	79
N	-21.368	5.408	28.13	80
CA	-20.396	4.46	28.637	80
C	-19.502	5.16	29.641	80
N	-18.177	4.956	29.563	81
CA	-17.227	5.587	30.482	81
C	-16.722	6.908	29.906	81
N	-17.321	7.322	28.795	82
CA	-16.912	8.536	28.103	82
C	-17.566	9.828	28.568	82
N	-16.795	10.906	28.481	83
CA	-17.261	12.241	28.823	83
C	-17.116	13.02	27.527	83
N	-18.235	13.424	26.939	84
CA	-18.164	14.165	25.695	84
C	-18.483	13.319	24.477	84
N	-18.448	13.955	23.312	85
CA	-18.757	13.298	22.048	85
C	-17.508	12.881	21.28	85
N	-17.518	11.651	20.771	86
CA	-16.402	11.121	19.999	86
C	-16.88	10.79	18.587	86
N	-16.215	11.352	17.581	87
CA	-16.589	11.112	16.187	87
C	-15.835	9.957	15.547	87
N	-16.565	9.128	14.811	88
CA	-15.969	7.999	14.116	88
C	-15.122	8.534	12.964	88
N	-13.881	8.069	12.854	89
CA	-13.015	8.51	11.763	89
C	-12.693	7.359	10.8	89
N	-12.48	6.16	11.338	90
CA	-12.169	4.99	10.508	90
C	-12.349	3.696	11.287	90
N	-12.407	2.579	10.564	91
CA	-12.464	1.269	11.201	91
C	-11.586	0.343	10.376	91
N	-11.02	-0.658	11.035	92
CA	-10.141	-1.615	10.383	92
C	-10.208	-2.899	11.187	92
N	-9.562	-3.946	10.683	93
CA	-9.546	-5.24	11.385	93
C	-8.119	-5.74	11.549	93
N	-8.032	-6.839	12.318	94
CA	-6.816	-7.564	12.639	94
C	-7.157	-9.028	12.567	94
N	-6.483	-9.764	11.728	95
CA	-6.85	-11.155	11.62	95
C	-5.646	-12.083	11.594	95
N	-5.908	-13.384	11.6	96
CA	-4.813	-14.335	11.623	96
C	-4.682	-15.175	10.373	96
N	-3.695	-16.064	10.385	97
CA	-3.456	-16.955	9.257	97
C	-4.326	-18.207	9.389	97
N	-4.902	-18.391	10.578	98
CA	-5.773	-19.524	10.903	98
C	-6.915	-18.994	11.775	98
N	-8.037	-19.71	11.827	99
CA	-9.178	-19.252	12.623	99
C	-8.92	-19.21	14.131	99
N	-7.892	-19.921	14.586	100
CA	-7.578	-19.965	16.007	100
C	-6.83	-18.769	16.575	100
N	-6.529	-17.791	15.73	101
CA	-5.826	-16.597	16.186	101
C	-6.18	-15.432	15.286	101
N	-5.848	-14.225	15.726	102
CA	-6.157	-13.056	14.926	102
C	-6.573	-11.85	15.747	102
N	-7.267	-12.071	16.863	103
CA	-7.698	-10.942	17.69	103
C	-6.516	-10.405	18.486	103
N	-6.62	-9.149	18.904	104
CA	-5.563	-8.523	19.687	104
C	-5.885	-8.732	21.158	104
N	-7.091	-8.356	21.568	105
CA	-7.489	-8.603	22.947	105
C	-7.875	-10.067	23.01	105
N	-7.782	-10.644	24.201	106
CA	-8.161	-12.031	24.409	106
C	-9.062	-12.028	25.637	106
N	-9.925	-13.032	25.751	107
CA	-10.835	-13.134	26.888	107
C	-10.499	-14.444	27.585	107
N	-9.986	-14.339	28.807	108
CA	-9.558	-15.512	29.56	108
C	-8.615	-16.341	28.686	108
N	-7.7	-15.637	28.023	109
CA	-6.696	-16.234	27.145	109
C	-7.24	-16.766	25.82	109
N	-8.549	-16.661	25.608	110
CA	-9.134	-17.141	24.358	110
C	-8.905	-16.141	23.226	110
N	-8.417	-16.635	22.091	111
CA	-8.177	-15.788	20.926	111
C	-9.321	-15.98	19.936	111
N	-9.718	-14.903	19.266	112
CA	-10.776	-14.97	18.267	112
C	-10.127	-14.912	16.887	112
N	-10.9	-15.202	15.844	113
CA	-10.372	-15.203	14.477	113
C	-9.972	-13.815	13.977	113
N	-10.612	-12.782	14.51	114
CA	-10.297	-11.419	14.106	114
C	-10.888	-10.433	15.103	114
N	-10.489	-9.172	14.981	115
CA	-10.995	-8.13	15.86	115
C	-11.188	-6.867	15.038	115
N	-12.364	-6.268	15.182	116
CA	-12.729	-5.045	14.482	116
C	-12.531	-3.859	15.418	116
N	-11.886	-2.81	14.916	117
CA	-11.65	-1.603	15.697	117
C	-12.306	-0.401	15.027	117
N	-13.257	0.212	15.723	118
CA	-13.926	1.415	15.232	118
C	-13.295	2.549	16.041	118
N	-12.517	3.385	15.364	119
CA	-11.792	4.477	16.012	119
C	-12.53	5.817	15.998	119
N	-12.68	6.418	17.179	120
CA	-13.364	7.707	17.317	120
C	-12.458	8.682	18.069	120
N	-12.579	9.975	17.777	121
CA	-11.776	10.973	18.485	121
C	-12.653	12.004	19.195	121
N	-12.174	12.469	20.347	122
CA	-12.876	13.441	21.188	122
C	-12.994	14.806	20.501	122
N	-14.221	15.201	20.167	123
CA	-14.452	16.46	19.468	123
C	-13.899	17.69	20.18	123
N	-13.712	17.596	21.49	124
CA	-13.175	18.716	22.254	124
C	-11.802	19.164	21.738	124
N	-11.072	18.252	21.098	125
CA	-9.739	18.569	20.603	125
C	-9.626	19.066	19.159	125
N	-10.761	19.296	18.506	126
CA	-10.737	19.832	17.152	126
C	-10.418	18.904	15.997	126
N	-9.38	18.084	16.135	127
CA	-9.031	17.141	15.076	127
C	-8.318	15.916	15.634	127
N	-8.267	14.863	14.825	128
CA	-7.64	13.603	15.213	128
C	-6.198	13.794	15.675	128
N	-5.432	14.562	14.902	129
CA	-4.038	14.815	15.225	129
C	-3.799	15.373	16.617	129
N	-4.69	16.243	17.083	130
CA	-4.548	16.822	18.418	130
C	-5.014	15.812	19.461	130
N	-6.092	15.106	19.133	131
CA	-6.674	14.111	20.025	131
C	-5.71	13.011	20.467	131
N	-4.881	12.51	19.55	132
CA	-3.951	11.432	19.899	132
C	-2.906	11.847	20.935	132
N	-2.763	13.149	21.152	133
CA	-1.788	13.643	22.121	133
C	-2.395	13.833	23.512	133
N	-3.645	13.412	23.677	134
CA	-4.341	13.56	24.953	134
C	-4.694	12.211	25.567	134
N	-4.673	12.121	26.906	135
CA	-4.993	10.87	27.597	135
C	-6.416	10.361	27.358	135
N	-7.334	11.271	27.046	136
CA	-8.727	10.907	26.787	136
C	-9.095	11.321	25.361	136
N	-8.102	11.292	24.478	137
CA	-8.311	11.698	23.104	137
C	-9.107	10.772	22.209	137
N	-8.898	9.466	22.34	138
CA	-9.611	8.511	21.494	138
C	-10.448	7.5	22.263	138
N	-11.42	6.991	21.563	139
CA	-12.266	5.914	22.05	139
C	-12.414	4.813	21.009	139
N	-11.854	3.671	21.27	140
CA	-11.915	2.632	20.254	140
C	-12.881	1.526	20.695	140
N	-13.831	1.208	19.826	141
CA	-14.809	0.164	20.078	141
C	-14.245	-1.111	19.464	141
N	-14.01	-2.12	20.299	142
CA	-13.464	-3.377	19.819	142
C	-14.521	-4.463	19.754	142
N	-14.587	-5.152	18.62	143
CA	-15.562	-6.215	18.417	143
C	-14.869	-7.478	17.915	143
N	-15.112	-8.584	18.607	144
CA	-14.523	-9.865	18.239	144
C	-15.302	-10.541	17.113	144
N	-14.583	-11.269	16.266	145
CA	-15.191	-12.01	15.172	145
C	-14.881	-13.485	15.353	145
N	-15.911	-14.321	15.269	146
CA	-15.714	-15.76	15.365	146
C	-16.227	-16.326	14.049	146
N	-15.711	-17.482	13.658	147
CA	-16.124	-18.095	12.403	147
C	-17.362	-18.964	12.598	147
N	-18.363	-18.724	11.761	148
CA	-19.602	-19.473	11.83	148
C	-20.478	-19.045	10.67	148
N	-21.607	-18.415	10.973	149
CA	-22.515	-17.949	9.93	149
C	-21.983	-16.658	9.318	149
N	-22.329	-16.415	8.058	150
CA	-21.884	-15.215	7.367	150
C	-22.568	-13.973	7.925	150
N	-21.868	-12.844	7.866	151
CA	-22.415	-11.58	8.34	151
C	-22.783	-10.789	7.086	151
N	-24.087	-10.684	6.787	152
CA	-24.554	-9.952	5.602	152
C	-23.935	-8.565	5.435	152
N	-23.932	-7.789	6.515	153
CA	-23.394	-6.44	6.469	153
C	-21.91	-6.288	6.19	153
N	-21.165	-7.388	6.22	154
CA	-19.729	-7.332	5.963	154
C	-19.389	-7.603	4.5	154
N	-20.311	-8.234	3.778	155
CA	-20.075	-8.582	2.379	155
C	-19.636	-7.436	1.465	155
N	-20.234	-6.258	1.607	156
CA	-19.839	-5.136	0.762	156
C	-18.349	-4.854	0.928	156
N	-17.838	-5.07	2.135	157
CA	-16.423	-4.841	2.407	157
C	-15.555	-5.923	1.77	157
N	-15.943	-7.183	1.931	158
CA	-15.148	-8.266	1.362	158
C	-15.085	-8.235	-0.165	158
N	-16.168	-7.829	-0.818	159
CA	-16.178	-7.794	-2.278	159
C	-15.265	-6.756	-2.939	159
N	-14.872	-5.714	-2.208	160
CA	-14.001	-4.687	-2.778	160
C	-12.517	-4.896	-2.474	160
N	-12.203	-5.875	-1.631	161
CA	-10.815	-6.137	-1.263	161
C	-9.913	-6.433	-2.461	161
N	-10.474	-7.029	-3.509	162
CA	-9.684	-7.34	-4.699	162
C	-9.124	-6.082	-5.356	162
N	-9.806	-4.953	-5.177	163
CA	-9.361	-3.702	-5.784	163
C	-8.285	-2.965	-4.986	163
N	-8.021	-3.42	-3.763	164
CA	-6.994	-2.8	-2.92	164
C	-6.08	-3.877	-2.342	164
N	-5.731	-4.846	-3.179	165
CA	-4.893	-5.963	-2.766	165
C	-3.522	-5.587	-2.219	165
N	-2.871	-4.607	-2.839	166
CA	-1.531	-4.213	-2.417	166
C	-1.431	-2.887	-1.67	166
N	-0.349	-2.746	-0.911	167
CA	-0.087	-1.55	-0.117	167
C	-0.111	-0.285	-0.961	167
N	-0.833	0.726	-0.485	168
CA	-0.916	1.984	-1.207	168
C	-2.196	2.154	-2.003	168
N	-2.814	1.043	-2.39	169
CA	-4.049	1.093	-3.163	169
C	-5.232	1.569	-2.332	169
N	-6.105	2.351	-2.963	170
CA	-7.3	2.872	-2.314	170
C	-8.434	2.896	-3.332	170
N	-9.668	2.938	-2.844	171
CA	-10.824	2.961	-3.728	171
C	-12.008	3.656	-3.07	171
N	-12.877	4.245	-3.888	172
CA	-14.056	4.921	-3.362	172
C	-14.903	3.884	-2.639	172
N	-15.411	4.243	-1.466	173
CA	-16.235	3.317	-0.704	173
C	-17.306	4.13	0.007	173
N	-18.361	4.47	-0.726	174
CA	-19.437	5.278	-0.177	174
C	-20.686	4.509	0.205	174
N	-21.483	5.145	1.052	175
CA	-22.743	4.596	1.52	175
C	-22.64	3.265	2.252	175
N	-21.567	3.078	3.011	176
CA	-21.434	1.857	3.789	176
C	-21.962	2.172	5.182	176
N	-22.876	1.342	5.674	177
CA	-23.474	1.542	6.991	177
C	-22.78	0.666	8.033	177
N	-22.004	1.276	8.941	178
CA	-21.304	0.493	9.967	178
C	-22.202	-0.205	10.989	178
N	-23.482	0.152	11.013	179
CA	-24.412	-0.464	11.953	179
C	-24.594	-1.948	11.663	179
N	-24.229	-2.363	10.455	180
CA	-24.361	-3.763	10.093	180
C	-23.253	-4.633	10.66	180
N	-22.31	-4.027	11.377	181
CA	-21.192	-4.778	11.953	181
C	-21.309	-4.941	13.465	181
N	-22.383	-4.406	14.038	182
CA	-22.586	-4.463	15.482	182
C	-23.349	-5.686	15.972	182
N	-22.947	-6.228	17.133	183
CA	-23.634	-7.397	17.683	183
C	-24.953	-6.92	18.29	183
N	-25.772	-7.859	18.745	184
CA	-27.061	-7.527	19.334	184
C	-26.926	-6.757	20.647	184
N	-26.063	-7.248	21.53	185
CA	-25.848	-6.625	22.831	185
C	-24.686	-5.64	22.832	185
N	-24.797	-4.597	23.651	186
CA	-23.742	-3.596	23.765	186
C	-23.012	-3.675	25.11	186
N	-23.152	-4.801	25.813	187
CA	-22.456	-4.974	27.09	187
C	-20.966	-4.916	26.777	187
N	-20.18	-4.337	27.682	188
CA	-18.76	-4.17	27.411	188
C	-17.838	-4.149	28.625	188
N	-16.558	-4.189	28.333	189
CA	-15.462	-4.091	29.272	189
C	-14.713	-2.825	28.858	189
N	-14.156	-2.13	29.809	190
CA	-13.445	-0.921	29.423	190
C	-12.216	-0.719	30.298	190
N	-11.16	-0.179	29.701	191
CA	-9.929	0.098	30.426	191
C	-9.13	1.135	29.638	191
N	-8.214	1.852	30.31	192
CA	-7.402	2.863	29.624	192
C	-6.228	2.182	28.932	192
N	-6.027	2.495	27.658	193
CA	-4.946	1.863	26.927	193
C	-4.277	2.715	25.874	193
N	-3.834	2.06	24.804	194
CA	-3.118	2.743	23.729	194
C	-3.514	2.26	22.339	194
N	-2.888	2.856	21.319	195
CA	-3.099	2.397	19.969	195
C	-2.354	1.07	19.847	195
N	-2.778	0.128	19.022	196
CA	-2.014	-1.105	19.013	196
C	-0.993	-1.178	17.907	196
N	-0.84	-0.073	17.184	197
CA	0.152	0.049	16.117	197
C	0.925	1.311	16.36	197
N	2.174	1.382	15.879	198
CA	2.95	2.608	16.077	198
C	2.109	3.784	15.576	198
N	2.24	4.968	16.198	199
CA	3.089	5.372	17.326	199
C	2.759	4.832	18.722	199
N	1.763	3.951	18.826	200
CA	1.403	3.34	20.11	200
C	1.098	4.326	21.243	200
N	0.559	5.491	20.897	201
CA	0.252	6.512	21.893	201
C	-0.779	6.043	22.92	201
N	-0.582	6.443	24.172	202
CA	-1.478	6.045	25.25	202
C	-2.575	7.089	25.408	202
N	-3.463	7.107	24.417	203
CA	-4.542	8.085	24.348	203
C	-5.908	7.44	24.152	203
N	-5.998	6.115	24.346	204
CA	-7.218	5.401	24.087	204
C	-7.97	4.907	25.337	204
N	-9.261	5.112	25.257	205
CA	-10.212	4.503	26.173	205
C	-10.914	3.322	25.524	205
N	-10.463	2.127	25.854	206
CA	-10.945	0.953	25.153	206
C	-12.306	0.523	25.627	206
N	-13.156	0.194	24.691	207
CA	-14.489	-0.316	24.935	207
C	-14.584	-1.595	24.108	207
N	-14.458	-2.734	24.782	208
CA	-14.498	-4.03	24.113	208
C	-15.82	-4.733	24.378	208
N	-16.573	-5.007	23.314	209
CA	-17.869	-5.667	23.451	209
C	-17.727	-7.144	23.809	209
N	-18.589	-7.59	24.713	210
CA	-18.599	-8.967	25.184	210
C	-19.081	-9.948	24.117	210
N	-20.071	-9.53	23.34	211
CA	-20.652	-10.389	22.308	211
C	-19.954	-10.289	20.96	211
N	-19.394	-11.401	20.472	212
CA	-18.726	-11.324	19.174	212
C	-19.746	-11.447	18.047	212
N	-19.343	-11.084	16.835	213
CA	-20.225	-11.235	15.689	213
C	-19.663	-12.43	14.926	213
N	-20.519	-13.131	14.194	214
CA	-20.062	-14.279	13.425	214
C	-19.891	-13.901	11.964	214
N	-18.829	-14.422	11.358	215
CA	-18.534	-14.207	9.948	215
C	-18.258	-15.597	9.392	215
N	-18.434	-15.781	8.091	216
CA	-18.2	-17.098	7.51	216
C	-16.738	-17.336	7.179	216
N	-16.387	-18.605	7.023	217
CA	-15.026	-18.969	6.683	217
C	-14.644	-18.282	5.37	217
N	-15.592	-18.21	4.437	218
CA	-15.338	-17.594	3.133	218
C	-15.036	-16.105	3.24	218
N	-15.711	-15.425	4.161	219
CA	-15.496	-13.997	4.342	219
C	-14.103	-13.704	4.908	219
N	-13.698	-14.432	5.946	220
CA	-12.377	-14.205	6.535	220
C	-11.268	-14.624	5.574	220
N	-11.556	-15.616	4.738	221
CA	-10.573	-16.097	3.782	221
C	-10.158	-14.985	2.818	221
N	-11.11	-14.139	2.432	222
CA	-10.812	-13.042	1.519	222
C	-9.88	-12.021	2.177	222
N	-9.992	-11.865	3.496	223
CA	-9.12	-10.952	4.243	223
C	-7.677	-11.408	4.037	223
N	-7.482	-12.72	4.111	224
CA	-6.164	-13.336	3.989	224
C	-5.532	-13.295	2.603	224
N	-6.248	-12.756	1.623	225
CA	-5.707	-12.677	0.271	225
C	-5.029	-11.338	0.002	225
N	-5.093	-10.438	0.979	226
CA	-4.468	-9.129	0.849	226
C	-2.955	-9.269	0.988	226
N	-2.223	-8.253	0.54	227
CA	-0.761	-8.26	0.596	227
C	-0.195	-7.125	1.45	227
N	0.881	-7.417	2.18	228
CA	1.571	-6.416	2.996	228
C	2.382	-5.561	2.017	228
N	2.996	-6.244	1.056	229
CA	3.838	-5.619	0.043	229
C	3.08	-4.732	-0.938	229
N	3.834	-3.911	-1.663	230
CA	3.239	-3.039	-2.656	230
C	3.274	-3.755	-3.993	230
N	2.487	-3.281	-4.95	231
CA	2.455	-3.899	-6.268	231
C	3.848	-3.911	-6.892	231
N	4.18	-5.001	-7.576	232
CA	5.482	-5.103	-8.21	232
C	6.575	-5.599	-7.284	232
N	6.183	-6.167	-6.149	233
CA	7.151	-6.687	-5.19	233
C	6.801	-8.119	-4.811	233
N	7.745	-8.839	-4.182	234
CA	7.492	-10.223	-3.776	234
C	6.238	-10.27	-2.906	234
N	5.315	-11.163	-3.247	235
CA	4.065	-11.28	-2.508	235
C	4.188	-11.848	-1.099	235
N	3.688	-11.079	-0.139	236
CA	3.67	-11.457	1.268	236
C	2.221	-11.282	1.694	236
N	1.555	-12.381	2.022	237
CA	0.159	-12.307	2.42	237
C	-0.04	-11.539	3.721	237
N	-1.071	-10.7	3.744	238
CA	-1.393	-9.918	4.929	238
C	-2.185	-10.789	5.903	238
N	-1.462	-11.429	6.816	239
CA	-2.055	-12.287	7.834	239
C	-1.304	-12.062	9.142	239
N	-1.968	-12.355	10.251	240
CA	-1.385	-12.184	11.574	240
C	-0.877	-10.765	11.814	240
N	-1.72	-9.783	11.501	241
CA	-1.361	-8.384	11.707	241
C	-1.923	-7.933	13.057	241
N	-1.647	-8.734	14.081	242
CA	-2.107	-8.442	15.433	242
C	-0.946	-8.367	16.411	242
N	-1.099	-7.516	17.42	243
CA	-0.081	-7.353	18.451	243
C	-0.471	-8.234	19.636	243
N	0.505	-8.942	20.227	244
CA	0.253	-9.82	21.373	244
C	-0.15	-9.016	22.606	244
N	-0.844	-9.67	23.532	245
CA	-1.286	-9.022	24.757	245
C	-0.111	-8.454	25.554	245
N	-0.332	-7.287	26.149	246
CA	0.684	-6.593	26.93	246
C	0.361	-6.635	28.423	246
N	1.347	-6.311	29.281	247
CA	1.152	-6.315	30.736	247
C	0.069	-5.329	31.165	247
N	-0.834	-5.774	32.033	248
CA	-1.909	-4.909	32.509	248
C	-1.341	-3.838	33.44	248
N	-0.304	-4.197	34.19	249
CA	0.328	-3.258	35.113	249
C	-0.669	-2.754	36.155	249
N	-0.55	-1.483	36.52	250
CA	-1.505	-0.862	37.437	250
C	-2.824	-0.375	36.843	250
N	-3.56	-1.279	36.203	251
CA	-4.841	-0.924	35.605	251
C	-5.923	-1.923	35.975	251
N	-7.165	-1.454	36.025	252
CA	-8.278	-2.333	36.339	252
C	-9.263	-2.318	35.181	252
N	-9.744	-3.493	34.803	253
CA	-10.72	-3.587	33.732	253
C	-12.099	-3.562	34.392	253
N	-12.973	-2.687	33.909	254
CA	-14.321	-2.586	34.459	254
C	-15.313	-3.185	33.472	254
N	-16.406	-3.735	33.992	255
CA	-17.435	-4.333	33.151	255
C	-18.764	-3.616	33.361	255
N	-19.55	-3.512	32.293	256
CA	-20.844	-2.847	32.362	256
C	-21.935	-3.845	32.712	256
N	-21.545	-5.09	32.953	257
CA	-22.505	-6.142	33.264	257
C	-21.981	-7.079	34.345	257
N	-22.897	-7.799	34.986	258
CA	-22.538	-8.742	36.037	258
C	-23.169	-10.103	35.781	258
