ATOM	X	Y	Z	RESIDUE
N	-329.513	-311.356	-45.515	1
CA	-328.736	-312.591	-45.716	1
C	-327.405	-312.33	-46.442	1
N	-326.492	-311.413	-46.021	2
CA	-326.431	-310.087	-46.64	2
C	-325.418	-308.924	-46.398	2
N	-324.324	-308.845	-45.574	3
CA	-323.6	-307.738	-44.874	3
C	-322.371	-306.928	-45.506	3
N	-321.908	-305.602	-45.314	4
CA	-320.68	-304.866	-44.774	4
C	-319.797	-303.872	-45.656	4
N	-318.466	-303.388	-45.493	5
CA	-317.725	-302.054	-45.255	5
C	-316.187	-301.688	-44.842	5
N	-315.685	-300.349	-44.61	6
CA	-314.65	-299.353	-43.965	6
C	-313.188	-298.57	-43.818	6
N	-311.807	-298.302	-44.219	7
CA	-310.846	-297.104	-44.583	7
C	-310.393	-295.718	-43.802	7
N	-309.499	-294.555	-44.038	8
CA	-308.463	-293.401	-43.647	8
C	-306.976	-292.891	-43.054	8
N	-305.985	-291.746	-43.002	9
CA	-304.868	-290.796	-43.673	9
C	-303.687	-289.564	-43.712	9
N	-302.972	-288.491	-42.958	10
CA	-301.919	-287.247	-42.871	10
C	-300.335	-286.687	-43.071	10
N	-299.537	-285.546	-42.508	11
CA	-298.319	-284.465	-42.334	11
C	-296.776	-283.787	-42.017	11
N	-296.005	-282.468	-42.078	12
CA	-294.641	-281.528	-41.905	12
C	-293.104	-280.751	-42.061	12
N	-291.972	-279.948	-41.371	13
CA	-290.661	-278.915	-41.193	13
C	-289.573	-277.553	-41.051	13
N	-289.141	-276.074	-40.98	14
CA	-288.007	-274.847	-40.849	14
C	-286.719	-273.672	-41.093	14
N	-285.813	-272.534	-40.499	15
CA	-284.369	-271.667	-40.56	15
C	-283.622	-270.151	-40.063	15
N	-282.257	-269.365	-39.968	16
CA	-281.421	-267.942	-39.586	16
C	-279.867	-267.165	-39.768	16
N	-278.86	-265.984	-39.478	17
CA	-278.191	-264.536	-38.934	17
C	-276.606	-263.822	-38.7	17
N	-275.825	-262.546	-38.184	18
CA	-274.727	-261.227	-38.077	18
C	-273.226	-260.25	-38.115	18
N	-272.44	-259.012	-37.485	19
CA	-271.075	-257.999	-37.542	19
C	-270.18	-256.626	-36.891	19
N	-268.847	-255.778	-36.968	20
CA	-268.004	-254.377	-36.54	20
C	-266.356	-253.746	-36.382	20
N	-265.39	-252.561	-35.924	21
CA	-264.372	-251.189	-35.74	21
C	-262.879	-250.27	-36.14	21
N	-261.821	-249.188	-35.597	22
CA	-260.444	-248.178	-35.803	22
C	-259.083	-247.001	-35.685	22
N	-258.229	-245.856	-34.978	23
CA	-256.861	-244.809	-35.238	23
C	-255.567	-243.684	-34.591	23
N	-254.309	-242.666	-34.87	24
CA	-253.188	-241.421	-34.359	24
C	-251.626	-240.633	-34.761	24
N	-250.424	-239.587	-34.484	25
CA	-249.524	-238.129	-34.367	25
C	-247.881	-237.386	-34.305	25
N	-247.076	-235.996	-34.198	26
CA	-245.817	-234.832	-33.94	26
C	-244.231	-234.038	-34.193	26
N	-243.451	-232.648	-34.018	27
CA	-242.395	-231.287	-34.212	27
C	-241.033	-230.083	-34.303	27
N	-239.578	-229.383	-34.216	28
CA	-238.655	-227.905	-34.227	28
C	-237.062	-227.097	-33.921	28
N	-236.172	-225.738	-34.028	29
CA	-234.805	-224.734	-33.604	29
C	-233.783	-223.293	-33.986	29
N	-232.547	-222.337	-33.525	30
CA	-231.388	-221.084	-33.879	30
C	-230.061	-219.831	-33.809	30
N	-228.885	-218.9	-33.183	31
CA	-227.894	-217.464	-33.231	31
C	-226.425	-216.586	-32.63	31
N	-225.485	-215.271	-32.401	32
CA	-224.07	-214.271	-32.545	32
C	-223.278	-212.664	-32.297	32
N	-221.959	-211.69	-32.333	33
CA	-220.69	-210.652	-31.709	33
C	-219.416	-209.416	-32.087	33
N	-218.132	-208.57	-31.562	34
CA	-217.081	-207.262	-31.09	34
C	-216.124	-205.74	-31.376	34
N	-214.928	-204.7	-30.928	35
CA	-213.438	-203.784	-31.035	35
C	-212.584	-202.255	-30.516	35
N	-211.386	-201.12	-30.386	36
CA	-209.864	-200.288	-30.108	36
C	-208.482	-199.077	-29.897	36
N	-207.437	-197.797	-29.746	37
CA	-206.606	-196.334	-29.249	37
C	-205.066	-195.35	-29.352	37
N	-204.222	-193.966	-29.071	38
CA	-202.797	-193.073	-28.56	38
C	-201.739	-191.569	-28.563	38
N	-200.544	-190.45	-28.261	39
CA	-199.328	-189.176	-28.346	39
C	-198.168	-188.017	-27.542	39
N	-196.913	-186.935	-27.402	40
CA	-195.852	-185.539	-27.532	40
C	-194.204	-184.752	-27.283	40
N	-193.064	-183.537	-27.316	41
CA	-191.938	-182.172	-27.174	41
C	-190.66	-181.174	-26.312	41
N	-189.394	-180.136	-26.534	42
CA	-188.191	-179.001	-25.947	42
C	-186.951	-177.697	-26.275	42
N	-185.818	-176.623	-25.76	43
CA	-184.301	-175.758	-25.854	43
C	-183.335	-174.298	-25.369	43
N	-182.021	-173.312	-25.346	44
CA	-180.437	-172.611	-25.123	44
C	-179.416	-171.11	-25.089	44
N	-177.925	-170.478	-24.985	45
CA	-176.565	-169.424	-24.688	45
C	-175.371	-168.066	-24.8	45
N	-174.104	-167.356	-24.105	46
CA	-172.56	-166.594	-23.827	46
C	-171.1	-165.521	-23.679	46
N	-170.18	-164.208	-23.772	47
CA	-168.655	-163.508	-23.369	47
C	-167.259	-162.389	-23.123	47
N	-166.422	-161.024	-23.169	48
CA	-165.137	-159.871	-23.271	48
C	-163.597	-159.206	-22.635	48
N	-162.695	-157.896	-22.41	49
CA	-161.189	-157.074	-22.305	49
C	-160.304	-155.652	-21.662	49
N	-158.888	-154.901	-21.609	50
CA	-157.697	-153.712	-21.219	50
C	-156.753	-152.197	-21.146	50
N	-155.625	-151.342	-20.416	51
CA	-154.517	-150.038	-20.508	51
C	-153.114	-149.214	-19.784	51
N	-152.155	-147.938	-19.992	52
CA	-150.848	-146.831	-19.687	52
C	-149.724	-145.713	-18.834	52
N	-148.72	-144.465	-18.963	53
CA	-147.307	-143.625	-18.462	53
C	-146.504	-142.042	-18.526	53
N	-145.312	-140.979	-18.294	54
CA	-143.894	-140.169	-17.787	54
C	-142.818	-138.787	-18.109	54
N	-141.512	-137.971	-17.653	55
CA	-140.579	-136.522	-17.701	55
C	-138.964	-135.784	-17.481	55
N	-137.888	-134.572	-17.528	56
CA	-137.057	-133.071	-17.722	56
C	-135.602	-132.058	-17.417	56
N	-134.76	-130.711	-17.672	57
CA	-133.281	-129.838	-17.561	57
C	-132.516	-128.225	-17.686	57
N	-131.136	-127.417	-17.765	58
CA	-130.196	-125.978	-17.547	58
C	-128.643	-125.083	-17.763	58
N	-127.742	-123.778	-17.458	59
CA	-126.362	-122.783	-17.779	59
C	-125.275	-121.609	-16.989	59
N	-123.934	-120.724	-17.015	60
CA	-122.639	-119.576	-17.125	60
C	-121.634	-118.121	-16.672	60
N	-120.347	-117.181	-16.956	61
CA	-119.454	-115.715	-16.681	61
C	-117.876	-114.816	-16.748	61
N	-117.098	-113.396	-16.554	62
CA	-115.602	-112.511	-16.48	62
C	-114.663	-111.048	-16.003	62
N	-113.207	-110.327	-15.965	63
CA	-112.005	-109.07	-15.878	63
C	-110.884	-107.687	-16.18	63
N	-109.899	-106.493	-15.672	64
CA	-108.406	-105.619	-15.584	64
C	-107.655	-104.059	-15.1	64
N	-106.485	-102.984	-14.74	65
CA	-105.236	-101.835	-14.355	65
C	-103.814	-100.694	-14.219	65
N	-102.488	-99.829	-14.545	66
CA	-101.422	-98.431	-14.528	66
C	-100.351	-97.151	-13.821	66
N	-99.175	-96.057	-14.058	67
CA	-97.794	-95.014	-13.913	67
C	-96.832	-93.692	-13.164	67
N	-95.743	-92.48	-13.263	68
CA	-94.225	-91.647	-13.328	68
C	-92.902	-90.384	-13.368	68
N	-92.076	-88.987	-13.358	69
CA	-90.833	-87.923	-12.774	69
C	-89.702	-86.565	-13.145	69
N	-88.453	-85.572	-12.77	70
CA	-87.608	-84.091	-12.419	70
C	-86.003	-83.243	-12.412	70
N	-85.097	-81.944	-12.038	71
CA	-83.736	-80.908	-12.338	71
C	-82.635	-79.688	-11.607	71
N	-81.415	-78.62	-11.51	72
CA	-80.339	-77.294	-11.764	72
C	-78.751	-76.622	-11.283	72
N	-77.7	-75.401	-11.157	73
CA	-76.396	-74.319	-11.439	73
C	-75.394	-73.091	-10.63	73
N	-74.346	-71.888	-10.728	74
CA	-73.076	-70.821	-10.301	74
C	-71.451	-70.272	-9.867	74
N	-70.559	-68.971	-9.745	75
CA	-69.028	-68.256	-9.667	75
C	-67.658	-67.132	-9.457	75
N	-66.962	-65.762	-9.085	76
CA	-65.467	-64.976	-8.937	76
C	-64.63	-63.431	-8.795	76
N	-63.178	-62.838	-8.705	77
CA	-62.012	-61.602	-8.735	77
C	-61.19	-60.116	-8.259	77
N	-59.824	-59.332	-8.403	78
CA	-58.909	-57.945	-8.054	78
C	-57.283	-57.232	-8.1	78
N	-56.432	-55.907	-7.899	79
CA	-54.898	-55.161	-7.937	79
C	-53.908	-53.76	-7.488	79
N	-52.468	-53.091	-7.62	80
CA	-51.388	-51.845	-7.172	80
C	-49.856	-51.046	-7.589	80
N	-48.715	-50.009	-7.164	81
CA	-47.69	-48.657	-7.376	81
C	-46.167	-47.896	-6.826	81
N	-45.221	-46.617	-6.954	82
CA	-43.808	-45.768	-6.463	82
C	-42.748	-44.398	-6.821	82
N	-41.542	-43.493	-6.31	83
CA	-40.317	-42.354	-6.643	83
C	-38.902	-41.486	-6.031	83
N	-37.79	-40.382	-6.317	84
CA	-36.755	-39.024	-6.227	84
C	-35.421	-38.126	-5.487	84
N	-34.297	-37.019	-5.701	85
CA	-33.185	-35.867	-5.081	85
C	-32.015	-34.607	-5.531	85
N	-30.772	-33.666	-5.146	86
CA	-29.827	-32.236	-5.068	86
C	-28.352	-31.529	-4.357	86
N	-27.224	-30.385	-4.348	87
CA	-26.305	-29.127	-3.642	87
C	-24.828	-28.151	-3.737	87
N	-24.048	-26.934	-3.075	88
CA	-22.915	-25.659	-2.873	88
C	-21.298	-24.97	-2.769	88
N	-20.386	-23.813	-2.175	89
CA	-19.206	-22.609	-2.398	89
C	-18.022	-21.608	-1.56	89
N	-16.879	-20.513	-1.632	90
CA	-16.207	-18.979	-1.414	90
C	-14.669	-18.127	-1.264	90
N	-14.068	-16.692	-1.098	91
CA	-12.922	-15.505	-0.736	91
C	-11.394	-14.723	-0.949	91
N	-10.782	-13.317	-0.721	92
CA	-9.665	-12.064	-0.818	92
C	-8.352	-11.156	-0.108	92
N	-7.097	-10.237	-0.323	93
CA	-6.869	-8.975	-1.072	93
C	-6.874	-9.247	-2.562	93
N	-7.654	-8.459	-3.28	94
CA	-7.715	-8.624	-4.706	94
C	-7.061	-7.412	-5.366	94
N	-6.28	-7.66	-6.418	95
CA	-5.622	-6.602	-7.158	95
C	-6.363	-6.302	-8.465	95
N	-6.685	-5.022	-8.675	96
CA	-7.407	-4.58	-9.875	96
C	-6.516	-3.745	-10.783	96
N	-6.555	-4.036	-12.074	97
CA	-5.972	-3.123	-13.04	97
C	-4.568	-3.443	-13.487	97
N	-3.959	-2.492	-14.183	98
CA	-2.751	-2.784	-14.954	98
C	-1.502	-2.655	-14.084	98
N	-0.59	-3.621	-14.18	99
CA	0.641	-3.576	-13.415	99
C	1.588	-2.544	-14.038	99
N	1.936	-1.522	-13.258	100
CA	2.873	-0.482	-13.692	100
C	3.996	-0.304	-12.655	100
N	5.218	-0.779	-12.964	101
CA	6.343	-0.628	-12.05	101
C	6.518	0.822	-11.606	101
N	6.905	0.995	-10.352	102
CA	7.24	2.29	-9.793	102
C	8.754	2.478	-9.96	102
N	9.206	3.71	-10.114	103
CA	10.643	3.961	-10.117	103
C	11.246	3.958	-8.68	103
N	10.407	3.896	-7.645	104
CA	10.933	3.886	-6.262	104
C	11.904	2.734	-5.998	104
N	12.976	3.025	-5.248	105
CA	13.84	2.004	-4.667	105
C	13.429	1.841	-3.214	105
N	13.282	0.602	-2.763	106
CA	13.146	0.336	-1.318	106
C	14.324	-0.496	-0.86	106
N	14.991	-0.048	0.192	107
CA	16.202	-0.706	0.69	107
C	15.946	-1.431	2.012	107
N	16.253	-2.729	2.043	108
CA	16.39	-3.41	3.318	108
C	17.838	-3.255	3.803	108
N	17.999	-2.494	4.895	109
CA	19.312	-2.215	5.454	109
C	19.685	-3.4	6.338	109
N	20.525	-4.279	5.803	110
CA	20.845	-5.508	6.504	110
C	22.16	-5.428	7.264	110
N	22.429	-4.294	7.891	111
CA	23.664	-4.08	8.638	111
C	23.678	-4.555	10.079	111
N	22.631	-5.25	10.531	112
CA	22.474	-5.495	11.999	112
C	22.566	-6.973	12.425	112
N	23.134	-7.801	11.549	113
CA	23.358	-9.241	11.802	113
C	23.86	-9.496	13.24	113
N	24.856	-8.735	13.676	114
CA	25.447	-8.938	15.013	114
C	24.509	-8.612	16.193	114
N	23.396	-7.934	15.933	115
CA	22.47	-7.592	17.033	115
C	21.384	-8.636	17.272	115
N	21.314	-9.64	16.4	116
CA	20.236	-10.624	16.47	116
C	20.69	-12.042	16.866	116
N	19.911	-12.727	17.702	117
CA	20.146	-14.172	17.925	117
C	19.649	-14.998	16.745	117
N	19.729	-16.323	16.876	118
CA	19.435	-17.241	15.778	118
C	17.98	-17.261	15.351	118
N	17.068	-17.161	16.315	119
CA	15.637	-17.155	16.017	119
C	15.246	-15.887	15.261	119
N	15.813	-14.767	15.706	120
CA	15.554	-13.453	15.11	120
C	16.027	-13.384	13.64	120
N	17.222	-13.913	13.369	121
CA	17.724	-14.075	11.988	121
C	16.804	-14.925	11.145	121
N	16.395	-16.069	11.693	122
CA	15.431	-16.933	11.012	122
C	14.146	-16.178	10.654	122
N	13.589	-15.462	11.629	123
CA	12.415	-14.627	11.368	123
C	12.66	-13.547	10.285	123
N	13.776	-12.827	10.387	124
CA	14.144	-11.81	9.393	124
C	14.2	-12.418	7.987	124
N	14.774	-13.595	7.885	125
CA	14.89	-14.216	6.591	125
C	13.505	-14.499	5.934	125
N	12.563	-14.993	6.74	126
CA	11.161	-15.158	6.324	126
C	10.583	-13.798	5.89	126
N	10.897	-12.767	6.651	127
CA	10.381	-11.422	6.351	127
C	10.939	-10.838	5.067	127
N	12.235	-11.056	4.806	128
CA	12.834	-10.615	3.532	128
C	12.147	-11.303	2.367	128
N	11.927	-12.612	2.5	129
CA	11.208	-13.39	1.472	129
C	9.781	-12.847	1.248	129
N	9.078	-12.51	2.336	130
CA	7.73	-11.94	2.21	130
C	7.762	-10.597	1.48	130
N	8.832	-9.811	1.666	131
CA	8.964	-8.508	0.952	131
C	9.064	-8.762	-0.555	131
N	9.926	-9.698	-0.941	132
CA	9.968	-10.087	-2.358	132
C	8.615	-10.595	-2.871	132
N	7.929	-11.443	-2.102	133
CA	6.667	-12.03	-2.616	133
C	5.59	-10.951	-2.754	133
N	5.499	-10.073	-1.757	134
CA	4.55	-8.948	-1.797	134
C	4.888	-8.002	-2.968	134
N	6.177	-7.761	-3.196	135
CA	6.576	-6.96	-4.353	135
C	6.186	-7.541	-5.71	135
N	6.332	-8.848	-5.845	136
CA	6.055	-9.54	-7.108	136
C	4.602	-9.408	-7.588	136
N	3.657	-9.445	-6.639	137
CA	2.237	-9.401	-6.941	137
C	1.697	-7.965	-6.875	137
N	2.564	-7.0	-6.545	138
CA	2.113	-5.633	-6.301	138
C	1.62	-4.984	-7.602	138
N	0.659	-4.083	-7.495	139
CA	0.213	-3.341	-8.666	139
C	1.359	-2.465	-9.214	139
N	2.201	-1.949	-8.317	140
CA	3.384	-1.175	-8.695	140
C	4.665	-1.708	-8.062	140
N	5.28	-2.742	-8.66	141
CA	6.488	-3.25	-8.045	141
C	7.573	-2.189	-8.046	141
N	8.415	-2.216	-7.021	142
CA	9.548	-1.329	-6.937	142
C	10.811	-2.115	-7.181	142
N	11.958	-1.432	-7.152	143
CA	13.234	-2.136	-7.069	143
C	13.612	-2.317	-5.601	143
N	13.655	-3.585	-5.2	144
CA	14.048	-4.002	-3.865	144
C	15.555	-4.218	-3.734	144
N	16.178	-3.55	-2.765	145
CA	17.597	-3.718	-2.502	145
C	17.731	-4.317	-1.133	145
N	18.744	-5.166	-0.985	146
CA	19.163	-5.649	0.339	146
C	20.656	-5.299	0.533	146
N	20.925	-4.273	1.338	147
CA	22.292	-3.743	1.46	147
C	23.001	-4.238	2.729	147
N	24.329	-4.191	2.728	148
CA	25.168	-4.96	3.662	148
C	24.684	-6.402	3.757	148
N	24.202	-6.965	2.659	149
CA	23.684	-8.347	2.685	149
C	24.815	-9.375	2.778	149
N	24.794	-10.199	3.826	150
CA	25.831	-11.19	4.073	150
C	25.639	-11.873	5.409	150
N	26.708	-12.485	5.908	151
CA	26.691	-13.093	7.247	151
C	25.6	-14.147	7.404	151
N	25.051	-14.239	8.609	152
CA	24.148	-15.306	8.996	152
C	22.804	-15.2	8.309	152
N	22.413	-13.975	7.964	153
CA	21.205	-13.781	7.139	153
C	21.371	-14.435	5.768	153
N	22.457	-14.128	5.067	154
CA	22.696	-14.694	3.733	154
C	22.824	-16.236	3.78	154
N	23.549	-16.751	4.753	155
CA	23.636	-18.222	4.935	155
C	22.235	-18.831	5.136	155
N	21.526	-18.326	6.146	156
CA	20.174	-18.778	6.481	156
C	19.269	-18.766	5.26	156
N	19.27	-17.647	4.541	157
CA	18.482	-17.515	3.317	157
C	18.735	-18.649	2.334	157
N	19.995	-18.914	2.035	158
CA	20.316	-19.97	1.08	158
C	20.013	-21.381	1.639	158
N	20.169	-21.551	2.953	159
CA	19.814	-22.801	3.636	159
C	18.334	-23.073	3.468	159
N	17.522	-22.066	3.802	160
CA	16.071	-22.189	3.706	160
C	15.609	-22.243	2.256	160
N	16.084	-21.328	1.424	161
CA	15.537	-21.23	0.079	161
C	16.204	-22.16	-0.925	161
N	17.359	-22.708	-0.546	162
CA	18.137	-23.64	-1.381	162
C	18.432	-23.058	-2.758	162
N	18.942	-21.824	-2.785	163
CA	19.391	-21.195	-4.033	163
C	18.295	-20.512	-4.835	163
N	17.044	-20.654	-4.392	164
CA	15.916	-20.01	-5.064	164
C	16.012	-18.471	-5.079	164
N	16.673	-17.9	-4.066	165
CA	16.843	-16.439	-3.979	165
C	17.563	-15.865	-5.199	165
N	18.474	-16.663	-5.758	166
CA	19.21	-16.288	-6.963	166
C	18.307	-16.181	-8.167	166
N	17.065	-16.661	-8.023	167
CA	16.079	-16.607	-9.099	167
C	15.117	-15.418	-8.993	167
N	15.052	-14.796	-7.805	168
CA	14.148	-13.65	-7.549	168
C	14.305	-12.55	-8.583	168
N	13.234	-11.802	-8.842	169
CA	13.233	-10.666	-9.776	169
C	13.067	-9.304	-9.048	169
N	13.468	-8.205	-9.699	170
CA	13.41	-6.85	-9.119	170
C	14.028	-6.839	-7.716	170
N	15.12	-7.576	-7.575	171
CA	15.753	-7.807	-6.298	171
C	17.261	-7.631	-6.445	171
N	17.83	-6.816	-5.586	172
CA	19.22	-6.436	-5.716	172
C	19.987	-6.564	-4.394	172
N	20.521	-7.768	-4.092	173
CA	21.353	-7.858	-2.899	173
C	22.769	-7.324	-3.156	173
N	23.398	-6.785	-2.116	174
CA	24.755	-6.262	-2.246	174
C	25.422	-6.166	-0.895	174
N	26.731	-6.399	-0.868	175
CA	27.506	-6.211	0.348	175
C	27.664	-4.709	0.603	175
N	27.533	-3.88	-0.432	176
CA	27.632	-2.43	-0.231	176
C	26.566	-1.965	0.752	176
N	26.936	-0.986	1.559	177
CA	25.969	-0.271	2.404	177
C	25.079	0.555	1.483	177
N	23.897	0.965	1.967	178
CA	23.02	1.847	1.18	178
C	23.714	3.169	0.866	178
N	24.525	3.643	1.813	179
CA	25.273	4.895	1.683	179
C	26.278	4.77	0.543	179
N	26.89	3.592	0.417	180
CA	27.797	3.303	-0.683	180
C	27.044	3.198	-1.983	180
N	25.999	2.365	-2.006	181
CA	25.239	2.116	-3.212	181
C	24.526	3.369	-3.765	181
N	24.069	4.241	-2.867	182
CA	23.32	5.463	-3.243	182
C	23.985	6.787	-2.822	182
N	25.316	6.812	-2.8	183
CA	26.096	8.015	-2.442	183
C	25.679	9.274	-3.218	183
N	25.549	9.137	-4.535	184
CA	25.134	10.238	-5.404	184
C	23.674	10.693	-5.171	184
N	22.853	9.821	-4.586	185
CA	21.456	10.131	-4.316	185
C	21.198	10.265	-2.828	185
N	22.247	10.559	-2.064	186
CA	22.146	10.694	-0.613	186
C	20.983	11.593	-0.15	186
N	20.73	12.651	-0.914	187
CA	19.684	13.626	-0.621	187
C	18.271	13.035	-0.793	187
N	18.194	11.891	-1.474	188
CA	16.921	11.277	-1.808	188
C	16.602	10.117	-0.865	188
N	17.524	9.804	0.039	189
CA	17.341	8.724	0.995	189
C	16.442	9.175	2.118	189
N	15.54	8.289	2.529	190
CA	14.723	8.507	3.728	190
C	14.764	7.186	4.491	190
N	15.237	7.228	5.738	191
CA	15.228	6.058	6.596	191
C	13.928	6.059	7.421	191
N	13.095	5.056	7.185	192
CA	11.853	4.882	7.941	192
C	12.16	4.43	9.379	192
N	11.627	5.158	10.36	193
CA	11.81	4.814	11.776	193
C	10.577	5.214	12.609	193
N	10.1	4.314	13.461	194
CA	9.0	4.665	14.366	194
C	9.357	5.826	15.324	194
N	10.651	6.051	15.519	195
CA	11.193	7.051	16.454	195
C	11.403	8.452	15.875	195
N	11.168	8.616	14.57	196
CA	11.318	9.91	13.924	196
C	10.313	10.922	14.473	196
N	10.734	12.185	14.51	197
CA	9.859	13.334	14.766	197
C	9.013	13.668	13.536	197
N	9.458	13.213	12.362	198
CA	8.799	13.491	11.094	198
C	7.856	12.368	10.673	198
N	6.825	12.714	9.895	199
CA	5.818	11.726	9.469	199
C	5.757	11.66	7.94	199
N	5.855	10.457	7.377	200
CA	5.694	10.306	5.934	200
C	4.218	10.372	5.558	200
N	3.925	11.088	4.477	201
CA	2.568	11.286	4.039	201
C	2.342	10.854	2.604	201
N	3.423	10.735	1.845	202
CA	3.364	10.266	0.478	202
C	4.712	9.674	0.099	202
N	4.696	8.627	-0.718	203
CA	5.942	8.109	-1.266	203
C	6.233	8.794	-2.578	203
N	7.422	9.378	-2.65	204
CA	7.894	10.179	-3.766	204
C	8.509	9.251	-4.831	204
N	8.086	9.37	-6.082	205
CA	8.686	8.544	-7.136	205
C	10.213	8.665	-7.267	205
N	10.801	9.776	-6.828	206
CA	12.251	9.937	-7.026	206
C	13.057	9.612	-5.752	206
N	12.361	9.121	-4.716	207
CA	13.024	8.849	-3.441	207
C	13.345	7.366	-3.175	207
N	14.139	7.145	-2.136	208
CA	14.652	5.839	-1.866	208
C	14.374	5.637	-0.403	208
N	13.535	4.657	-0.082	209
CA	13.047	4.48	1.31	209
C	13.763	3.327	1.933	209
N	14.292	3.512	3.139	210
CA	15.053	2.456	3.808	210
C	14.237	1.851	4.943	210
N	14.203	0.521	5.0	211
CA	13.664	-0.23	6.151	211
C	14.829	-0.904	6.88	211
N	14.91	-0.724	8.205	212
CA	15.871	-1.502	9.014	212
C	15.608	-3.001	8.992	212
N	16.567	-3.791	8.517	213
CA	16.339	-5.24	8.459	213
C	16.79	-5.825	9.789	213
N	15.88	-5.784	10.756	214
CA	16.155	-6.283	12.096	214
C	14.872	-6.724	12.818	214
N	14.964	-7.85	13.503	215
CA	13.907	-8.376	14.339	215
C	14.388	-8.297	15.786	215
N	13.959	-7.253	16.484	216
CA	14.46	-6.986	17.829	216
C	13.347	-6.828	18.869	216
N	12.095	-6.766	18.414	217
CA	10.946	-6.496	19.291	217
C	11.073	-5.066	19.816	217
N	11.755	-4.22	19.039	218
CA	12.122	-2.876	19.445	218
C	12.93	-2.722	20.762	218
N	13.678	-3.742	21.179	219
CA	14.556	-3.533	22.339	219
C	15.669	-2.538	22.004	219
N	15.998	-2.393	20.716	220
CA	16.949	-1.366	20.32	220
C	16.289	-0.053	19.932	220
N	15.757	0.658	20.932	221
CA	15.048	1.924	20.703	221
C	16.007	2.893	20.079	221
N	15.534	3.683	19.125	222
CA	16.351	4.705	18.483	222
C	17.472	4.204	17.613	222
N	17.575	2.892	17.451	223
CA	18.703	2.345	16.688	223
C	18.752	2.971	15.29	223
N	17.675	2.789	14.544	224
CA	17.692	3.247	13.143	224
C	17.675	4.759	13.07	224
N	16.91	5.374	13.975	225
CA	16.903	6.816	14.04	225
C	18.332	7.331	14.24	225
N	19.103	6.678	15.11	226
CA	20.452	7.174	15.444	226
C	21.412	7.04	14.291	226
N	21.291	5.925	13.603	227
CA	22.15	5.59	12.499	227
C	21.978	6.614	11.374	227
N	20.729	6.887	11.005	228
CA	20.437	7.804	9.901	228
C	20.803	9.251	10.251	228
N	20.528	9.676	11.492	229
CA	20.941	11.022	11.948	229
C	22.437	11.221	11.842	229
N	23.202	10.25	12.345	230
CA	24.668	10.338	12.264	230
C	25.138	10.474	10.826	230
N	24.422	9.854	9.885	231
CA	24.779	9.997	8.46	231
C	24.281	11.295	7.814	231
N	23.424	12.038	8.503	232
CA	22.775	13.218	7.93	232
C	21.633	12.931	6.956	232
N	20.934	11.807	7.132	233
CA	19.832	11.396	6.245	233
C	18.509	11.613	6.958	233
N	17.488	11.981	6.198	234
CA	16.194	12.245	6.792	234
C	15.453	10.959	7.161	234
N	14.678	11.033	8.235	235
CA	13.921	9.913	8.765	235
C	12.459	10.331	8.808	235
N	11.572	9.357	8.906	236
CA	10.126	9.574	8.89	236
C	9.46	8.336	9.452	236
N	8.44	8.541	10.289	237
CA	7.601	7.442	10.74	237
C	6.321	7.355	9.931	237
N	5.747	6.16	9.875	238
CA	4.485	5.925	9.205	238
C	3.373	6.726	9.901	238
N	2.389	7.22	9.122	239
CA	1.31	8.03	9.73	239
C	0.277	7.143	10.443	239
N	0.771	6.334	11.361	240
CA	-0.026	5.29	11.99	240
C	-1.064	5.917	12.917	240
N	-0.608	6.746	13.85	241
CA	-1.526	7.536	14.663	241
C	-2.371	8.351	13.679	241
N	-3.652	8.565	13.962	242
CA	-4.294	8.19	15.212	242
C	-5.206	6.972	15.051	242
N	-4.897	6.116	14.076	243
CA	-5.65	4.878	13.922	243
C	-4.946	3.725	14.663	243
N	-3.728	3.988	15.143	244
CA	-2.942	3.006	15.899	244
C	-3.047	3.139	17.408	244
N	-2.726	4.332	17.924	245
CA	-2.911	4.635	19.346	245
C	-2.136	3.645	20.248	245
N	-1.36	2.555	20.498	246
CA	0.086	2.427	20.756	246
C	0.488	0.935	21.007	246
N	-0.288	-0.181	21.112	247
CA	-0.76	-0.819	22.358	247
C	-1.785	-1.947	22.108	247
N	-2.072	-2.309	20.836	248
CA	-1.956	-1.395	19.702	248
C	-1.498	-2.086	18.39	248
N	-1.09	-1.268	17.38	249
CA	0.014	-0.276	17.307	249
C	1.473	-0.708	17.598	249
N	2.664	-0.107	17.289	250
CA	3.416	1.077	16.882	250
C	4.645	0.698	16.016	250
N	5.398	-0.302	16.467	251
CA	6.571	-0.735	15.713	251
C	6.244	-2.025	14.946	251
N	6.23	-1.904	13.628	252
CA	5.791	-3.012	12.792	252
C	6.998	-3.835	12.337	252
N	6.744	-5.006	11.763	253
CA	7.821	-5.863	11.298	253
C	8.328	-5.326	9.941	253
N	9.51	-5.789	9.532	254
CA	10.074	-5.427	8.224	254
C	9.039	-5.636	7.108	254
N	8.434	-6.823	7.056	255
CA	7.499	-7.111	5.963	255
C	6.197	-6.34	6.1	255
N	5.748	-6.073	7.315	256
CA	4.521	-5.265	7.475	256
C	4.718	-3.856	6.905	256
N	5.875	-3.28	7.175	257
CA	6.167	-1.923	6.71	257
C	6.268	-1.954	5.194	257
N	7.012	-2.919	4.665	258
CA	7.107	-3.056	3.199	258
C	5.731	-3.165	2.546	258
N	4.912	-4.086	3.062	259
CA	3.576	-4.317	2.542	259
C	2.721	-3.047	2.591	259
N	2.842	-2.295	3.688	260
CA	2.089	-1.048	3.799	260
C	2.528	-0.031	2.726	260
N	3.837	0.134	2.539	261
CA	4.361	1.047	1.506	261
C	3.828	0.663	0.142	261
N	3.899	-0.618	-0.173	262
CA	3.512	-1.138	-1.465	262
C	2.018	-0.917	-1.711	262
N	1.218	-1.117	-0.666	263
CA	-0.215	-0.883	-0.782	263
C	-0.567	0.599	-0.912	263
N	0.247	1.457	-0.315	264
CA	0.039	2.873	-0.497	264
C	0.232	3.239	-1.97	264
N	1.261	2.696	-2.613	265
CA	1.428	2.926	-4.054	265
C	0.139	2.609	-4.821	265
N	-0.47	1.467	-4.505	266
CA	-1.718	1.07	-5.141	266
C	-2.899	1.984	-4.797	266
N	-3.154	2.173	-3.505	267
CA	-4.389	2.84	-3.09	267
C	-4.215	4.346	-2.941	267
N	-2.989	4.774	-2.622	268
CA	-2.699	6.171	-2.219	268
C	-3.534	6.693	-1.035	268
N	-3.797	5.772	-0.106	269
CA	-4.711	5.937	1.018	269
C	-4.046	5.152	2.152	269
N	-3.592	5.837	3.203	270
CA	-2.896	5.091	4.257	270
C	-3.868	4.22	5.024	270
N	-5.107	4.688	5.182	271
CA	-6.082	3.952	6.009	271
C	-6.363	2.571	5.423	271
N	-6.479	2.492	4.101	272
CA	-6.738	1.223	3.449	272
C	-5.566	0.27	3.62	272
N	-4.349	0.796	3.488	273
CA	-3.132	-0.003	3.584	273
C	-3.026	-0.584	5.004	273
N	-3.232	0.27	6.01	274
CA	-3.264	-0.197	7.391	274
C	-4.38	-1.247	7.598	274
N	-5.571	-0.976	7.074	275
CA	-6.719	-1.882	7.249	275
C	-6.444	-3.271	6.689	275
N	-5.659	-3.308	5.624	276
CA	-5.308	-4.557	4.985	276
C	-4.18	-5.29	5.718	276
N	-3.191	-4.558	6.209	277
CA	-2.018	-5.226	6.767	277
C	-2.165	-5.421	8.267	277
N	-2.775	-4.464	8.934	278
CA	-2.928	-4.55	10.383	278
C	-4.41	-4.25	10.763	278
N	-5.363	-5.066	10.27	279
CA	-6.753	-4.699	10.593	279
C	-6.985	-4.708	12.108	279
N	-7.796	-3.782	12.598	280
CA	-8.075	-3.678	14.032	280
C	-8.843	-4.908	14.552	280
N	-9.728	-5.432	13.706	281
CA	-10.142	-6.856	13.619	281
C	-11.63	-7.091	13.555	281
N	-12.11	-8.471	14.255	282
CA	-12.881	-9.385	15.509	282
C	-13.493	-10.995	16.012	282
N	-14.129	-12.101	17.014	283
CA	-14.404	-13.061	18.414	283
C	-15.027	-14.314	19.563	283
N	-15.903	-15.578	20.073	284
CA	-16.622	-16.826	21.074	284
C	-16.877	-18.299	22.099	284
N	-17.763	-19.252	23.056	285
CA	-18.042	-20.203	24.465	285
C	-19.045	-21.567	25.081	285
N	-19.565	-22.628	26.209	286
CA	-19.532	-24.081	27.167	286
C	-20.152	-25.427	28.248	286
N	-21.166	-26.294	29.163	287
CA	-21.663	-27.564	30.261	287
C	-21.815	-28.628	31.718	287
N	-22.698	-29.747	32.492	288
CA	-22.981	-30.93	33.728	288
C	-24.02	-32.273	34.308	288
N	-24.376	-33.47	35.351	289
CA	-24.918	-34.561	36.602	289
C	-26.214	-35.466	37.446	289
N	-26.81	-36.743	38.258	290
CA	-27.195	-37.74	39.637	290
C	-28.19	-39.116	40.271	290
N	-28.444	-40.167	41.483	291
CA	-29.097	-41.464	42.47	291
C	-30.345	-42.355	43.408	291
N	-30.721	-43.395	44.577	292
CA	-31.618	-44.739	45.151	292
C	-32.161	-45.597	46.622	292
N	-33.024	-46.751	47.338	293
CA	-33.311	-48.08	48.402	293
C	-34.56	-48.959	49.341	293
N	-34.924	-50.067	50.461	294
CA	-35.806	-51.409	51.082	294
C	-35.921	-52.583	52.402	294
N	-36.771	-53.792	52.987	295
CA	-37.529	-54.615	54.262	295
C	-38.13	-56.202	54.7	295
N	-38.872	-57.232	55.645	296
CA	-39.599	-57.945	56.978	296
C	-40.424	-59.175	57.945	296
N	-41.107	-60.499	58.445	297
CA	-41.75	-61.286	59.797	297
C	-42.77	-62.614	60.318	297
N	-43.317	-63.31	61.607	298
CA	-44.015	-64.526	62.555	298
C	-45.129	-65.771	63.087	298
N	-45.75	-66.479	64.33	299
CA	-46.475	-67.88	64.892	299
C	-47.401	-68.62	66.171	299
N	-47.921	-69.996	66.684	300
CA	-48.986	-70.879	67.605	300
C	-49.133	-72.472	68.246	300
N	-49.745	-73.701	68.935	301
CA	-50.354	-74.82	70.001	301
C	-51.35	-75.555	71.19	301
N	-51.666	-76.996	71.614	302
CA	-52.07	-78.226	72.66	302
C	-53.149	-78.965	73.774	302
N	-53.346	-80.375	74.359	303
CA	-54.262	-81.237	75.429	303
C	-54.605	-82.859	75.857	303
N	-55.524	-83.661	76.776	304
CA	-56.059	-84.764	77.865	304
C	-56.494	-86.252	78.555	304
N	-56.956	-86.897	79.83	305
CA	-57.591	-88.315	80.302	305
C	-58.361	-89.0	81.637	305
N	-58.861	-90.365	81.966	306
CA	-59.596	-91.413	82.964	306
C	-59.841	-92.434	84.26	306
N	-60.656	-93.204	85.227	307
CA	-61.468	-94.509	85.592	307
C	-62.065	-95.267	86.924	307
N	-63.185	-96.091	87.31	308
CA	-63.386	-97.169	88.416	308
C	-64.784	-97.487	89.141	308
N	-65.026	-98.373	90.224	309
CA	-66.296	-99.062	90.723	309
C	-66.245	-100.281	91.731	309
N	-67.36	-101.062	91.991	310
CA	-67.919	-101.823	93.156	310
C	-68.953	-102.858	92.647	310
N	-69.591	-103.779	93.446	311
CA	-69.135	-104.996	94.158	311
C	-70.257	-105.437	95.156	311
N	-70.083	-106.498	96.009	312
CA	-70.634	-106.635	97.389	312
C	-71.888	-107.162	96.685	312
N	-73.0	-107.009	97.439	313
CA	-74.143	-107.882	97.733	313
C	-75.142	-108.258	96.643	313
N	-51.287	166.263	452.204	1
CA	-51.396	167.625	451.639	1
C	-50.083	168.427	451.454	1
N	-48.954	167.885	450.932	2
CA	-48.303	167.822	449.604	2
C	-48.863	167.013	448.419	2
N	-48.04	166.946	447.329	3
CA	-48.358	166.308	446.032	3
C	-47.095	165.596	445.432	3
N	-46.924	164.608	444.464	4
CA	-46.9	163.905	443.125	4
C	-46.11	164.183	441.74	4
N	-45.719	163.311	440.653	5
CA	-45.558	163.378	439.097	5
C	-44.768	162.413	438.013	5
N	-44.604	162.405	436.546	6
CA	-44.268	161.423	435.332	6
C	-43.729	161.594	433.747	6
N	-43.514	160.731	432.536	7
CA	-43.035	160.779	430.993	7
C	-42.588	159.679	429.777	7
N	-42.241	159.785	428.31	8
CA	-42.136	159.276	426.752	8
C	-41.537	158.124	425.642	8
N	-41.167	158.014	424.156	9
CA	-40.799	156.984	422.914	9
C	-40.659	156.913	421.194	9
N	-40.283	155.92	420.062	10
CA	-40.064	155.687	418.428	10
C	-39.389	154.52	417.345	10
N	-39.076	153.949	415.93	11
CA	-38.986	153.738	414.283	11
C	-38.615	152.524	413.089	11
N	-38.508	152.273	411.547	12
CA	-38.052	151.198	410.335	12
C	-37.724	151.131	408.622	12
N	-37.242	150.313	407.366	13
CA	-37.479	149.716	405.815	13
C	-36.816	148.659	404.582	13
N	-36.981	148.303	403.065	14
CA	-36.416	147.979	401.504	14
C	-35.469	147.051	400.344	14
N	-35.126	146.591	398.854	15
CA	-35.204	146.087	397.239	15
C	-34.206	145.453	395.934	15
N	-34.029	145.133	394.396	16
CA	-33.708	144.08	393.115	16
C	-33.221	144.071	391.417	16
N	-33.052	143.139	390.144	17
CA	-32.435	142.954	388.565	17
C	-32.132	141.759	387.3	17
N	-31.697	141.252	385.847	18
CA	-31.399	141.204	384.184	18
C	-30.693	140.215	382.885	18
N	-30.595	140.022	381.306	19
CA	-30.011	139.151	379.96	19
C	-29.905	139.037	378.189	19
N	-29.362	138.213	376.924	20
CA	-29.397	137.909	375.218	20
C	-28.614	137.222	373.755	20
N	-28.578	136.838	372.187	21
CA	-28.436	136.024	370.665	21
C	-27.573	135.139	369.383	21
N	-27.574	134.857	367.808	22
CA	-27.227	133.845	366.468	22
C	-27.017	133.83	364.7	22
N	-26.767	133.164	363.25	23
CA	-26.319	132.187	361.896	23
C	-26.342	131.507	360.217	23
N	-25.784	130.899	358.824	24
CA	-25.858	130.562	357.128	24
C	-25.16	129.604	355.778	24
N	-25.027	129.369	354.186	25
CA	-24.696	128.317	352.856	25
C	-24.343	127.575	351.232	25
N	-24.031	127.475	349.643	26
CA	-23.886	126.485	348.215	26
C	-23.658	126.329	346.426	26
N	-23.413	125.344	345.154	27
CA	-22.896	125.101	343.513	27
C	-22.907	124.081	342.027	27
N	-22.339	123.997	340.518	28
CA	-21.755	123.358	339.006	28
C	-21.83	122.399	337.473	28
N	-21.415	122.108	335.917	29
CA	-20.724	121.279	334.543	29
C	-20.154	121.019	332.845	29
N	-19.886	120.03	331.577	30
CA	-19.361	119.811	329.913	30
C	-19.271	118.726	328.454	30
N	-18.703	118.431	326.95	31
CA	-18.714	117.581	325.417	31
C	-17.848	117.131	323.871	31
N	-17.952	116.42	322.4	32
CA	-17.187	115.814	320.952	32
C	-17.277	114.836	319.422	32
N	-16.394	114.273	318.167	33
CA	-15.975	113.364	316.72	33
C	-16.051	112.784	314.989	33
N	-15.263	112.069	313.733	34
CA	-15.136	111.453	312.08	34
C	-14.289	110.426	310.821	34
N	-14.249	109.922	309.257	35
CA	-13.621	108.907	307.959	35
C	-13.47	108.532	306.168	35
N	-13.025	107.529	304.943	36
CA	-12.533	107.229	303.282	36
C	-12.312	105.985	301.956	36
N	-11.75	105.576	300.467	37
CA	-11.82	104.708	298.941	37
C	-11.022	104.065	297.445	37
N	-11.056	103.331	295.985	38
CA	-10.304	102.968	294.464	38
C	-10.264	101.929	292.982	38
N	-9.647	101.611	291.508	39
CA	-9.127	101.096	289.922	39
C	-8.35	100.188	288.569	39
N	-8.156	99.892	286.979	40
CA	-7.659	98.835	285.689	40
C	-7.628	98.508	283.921	40
N	-7.223	97.692	282.578	41
CA	-6.27	97.13	281.264	41
C	-5.678	96.356	279.749	41
N	-5.781	95.531	278.394	42
CA	-4.877	94.873	277.095	42
C	-4.913	94.27	275.432	42
N	-4.108	93.712	274.173	43
CA	-3.969	92.723	272.786	43
C	-2.832	92.188	271.548	43
N	-2.518	91.511	270.146	44
CA	-2.285	90.396	268.895	44
C	-1.489	90.232	267.326	44
N	-1.275	89.262	266.105	45
CA	-0.642	89.051	264.553	45
C	-0.18	87.932	263.28	45
N	0.328	87.908	261.797	46
CA	0.503	87.002	260.388	46
C	1.359	86.93	258.878	46
N	1.684	86.155	257.545	47
CA	1.78	86.076	255.864	47
C	2.06	84.987	254.506	47
N	2.326	84.967	252.955	48
CA	2.99	84.61	251.435	48
C	3.458	83.866	249.902	48
N	3.49	82.789	248.777	49
CA	4.13	81.946	247.454	49
C	4.764	81.954	245.808	49
N	4.911	81.188	244.431	50
CA	5.768	81.012	242.975	50
C	6.339	80.581	241.352	50
N	6.194	79.87	239.957	51
CA	6.668	79.488	238.368	51
C	7.703	78.97	237.039	51
N	8.051	78.381	235.603	52
CA	7.934	77.818	234.007	52
C	8.751	76.951	232.682	52
N	8.558	76.503	231.16	53
CA	8.759	76.17	229.482	53
C	9.201	75.494	227.859	53
N	9.828	74.53	226.738	54
CA	10.043	74.214	225.055	54
C	10.893	73.252	223.806	54
N	11.199	72.738	222.291	55
CA	11.045	72.102	220.681	55
C	11.872	71.292	219.272	55
N	11.846	70.547	217.802	56
CA	12.322	70.316	216.13	56
C	12.498	69.168	214.729	56
N	13.038	68.84	213.21	57
CA	13.228	68.388	211.518	57
C	13.151	67.5	209.92	57
N	13.826	67.096	208.484	58
CA	13.792	66.238	206.954	58
C	14.56	65.79	205.363	58
N	14.424	64.923	203.974	59
CA	14.595	64.388	202.302	59
C	15.448	63.831	200.797	59
N	15.419	62.99	199.395	60
CA	15.862	62.754	197.719	60
C	16.143	61.617	196.315	60
N	16.639	61.372	194.762	61
CA	16.58	60.561	193.204	61
C	17.474	60.102	191.675	61
N	17.678	59.387	190.199	62
CA	17.79	59.226	188.454	62
C	18.453	58.244	187.069	62
N	18.753	57.795	185.51	63
CA	19.189	57.802	183.813	63
C	19.325	56.949	182.206	63
N	19.991	56.94	180.701	64
CA	20.053	56.352	179.044	64
C	20.948	56.228	177.455	64
N	21.083	55.876	175.85	65
CA	21.74	55.104	174.409	65
C	21.907	55.066	172.58	65
N	22.37	54.28	171.2	66
CA	22.952	54.215	169.532	66
C	23.181	53.258	167.993	66
N	23.81	53.205	166.486	67
CA	24.04	52.832	164.782	67
C	24.75	51.91	163.38	67
N	24.649	51.412	161.828	68
CA	25.266	50.511	160.459	68
C	25.182	50.183	158.676	68
N	25.533	49.307	157.336	69
CA	26.38	48.755	155.916	69
C	26.454	47.81	154.363	69
N	27.031	47.132	152.997	70
CA	26.976	46.587	151.358	70
C	27.741	45.461	150.181	70
N	27.804	44.871	148.677	71
CA	28.662	44.177	147.346	71
C	28.554	43.224	145.841	71
N	29.38	42.589	144.623	72
CA	29.42	41.602	143.219	72
C	30.407	41.159	141.819	72
N	30.509	40.136	140.616	73
CA	30.948	39.454	139.114	73
C	31.095	39.068	137.38	73
N	31.64	38.506	135.977	74
CA	31.942	37.319	134.781	74
C	32.406	36.464	133.271	74
N	32.964	36.301	131.804	75
CA	33.094	35.281	130.451	75
C	33.912	34.964	128.919	75
N	34.116	34.102	127.6	76
CA	34.145	33.86	125.918	76
C	34.806	32.789	124.684	76
N	34.835	32.461	123.127	77
CA	35.65	31.867	121.75	77
C	35.599	31.231	120.082	77
N	36.335	30.662	118.776	78
CA	36.764	30.671	117.123	78
C	37.178	29.561	115.775	78
N	37.52	29.188	114.229	79
CA	38.168	29.131	112.626	79
C	38.287	28.139	111.131	79
N	38.73	28.086	109.586	80
CA	38.817	27.219	108.09	80
C	39.538	27.161	106.452	80
N	39.757	26.611	104.944	81
CA	39.561	25.821	103.425	81
C	40.126	25.682	101.716	81
N	40.059	24.894	100.297	82
CA	40.691	24.558	98.714	82
C	40.433	23.801	97.099	82
N	40.872	23.232	95.636	83
CA	41.63	22.95	94.098	83
C	42.071	22.329	92.442	83
N	41.991	21.472	91.07	84
CA	42.71	21.06	89.543	84
C	42.64	20.17	87.977	84
N	43.444	19.789	86.628	85
CA	43.866	19.408	84.975	85
C	43.796	18.464	83.439	85
N	44.541	17.936	82.086	86
CA	44.675	17.628	80.371	86
C	45.532	16.708	79.072	86
N	45.954	16.249	77.564	87
CA	45.876	15.692	75.947	87
C	46.841	15.009	74.594	87
N	46.927	14.372	73.116	88
CA	47.095	13.85	71.471	88
C	48.078	13.484	70.015	88
N	48.394	12.697	68.621	89
CA	48.31	12.355	66.929	89
C	49.043	11.491	65.536	89
N	48.809	11.069	64.006	90
CA	49.023	10.196	62.518	90
C	49.87	9.552	61.061	90
N	49.64	8.948	59.582	91
CA	49.967	8.1	58.096	91
C	50.79	7.673	56.55	91
N	50.655	6.899	55.13	92
CA	51.394	6.352	53.66	92
C	51.378	5.213	52.254	92
N	52.095	4.674	50.889	93
CA	52.126	4.274	49.194	93
C	52.911	3.263	47.887	93
N	53.028	2.781	46.321	94
CA	53.887	2.368	44.854	94
C	53.83	1.41	43.293	94
N	54.365	0.752	41.863	95
CA	55.019	0.265	40.61	95
C	56.509	0.014	40.862	95
N	56.856	-1.247	41.122	96
CA	58.176	-1.583	41.666	96
C	59.288	-1.884	40.64	96
N	58.916	-2.307	39.433	97
CA	59.913	-2.697	38.434	97
C	60.013	-1.747	37.254	97
N	60.794	-2.145	36.247	98
CA	60.852	-1.431	34.968	98
C	59.529	-1.595	34.217	98
N	59.243	-0.653	33.323	99
CA	58.055	-0.714	32.464	99
C	58.322	-1.723	31.34	99
N	57.625	-2.859	31.388	100
CA	57.796	-3.92	30.382	100
C	56.451	-4.202	29.72	100
N	56.293	-3.781	28.456	101
CA	55.002	-3.919	27.785	101
C	54.577	-5.373	27.684	101
N	53.278	-5.599	27.673	102
CA	52.749	-6.935	27.435	102
C	52.491	-7.182	25.949	102
N	52.578	-8.435	25.519	103
CA	52.195	-8.798	24.154	103
C	50.658	-8.928	23.972	103
N	49.914	-8.909	25.077	104
CA	48.47	-9.061	25.033	104
C	47.871	-7.862	24.293	104
N	46.818	-8.128	23.554	105
CA	46.111	-7.086	22.861	105
C	44.725	-6.965	23.449	105
N	44.292	-5.732	23.678	106
CA	42.935	-5.474	24.165	106
C	42.196	-4.629	23.153	106
N	40.991	-5.068	22.801	107
CA	40.204	-4.451	21.741	107
C	38.974	-3.86	22.36	107
N	38.732	-2.588	22.083	108
CA	37.446	-1.967	22.44	108
C	36.563	-2.039	21.221	108
N	35.488	-2.836	21.323	109
CA	34.55	-3.114	20.244	109
C	33.588	-1.959	20.144	109
N	33.807	-1.088	19.162	110
CA	33.004	0.13	19.136	110
C	31.891	0.075	18.113	110
N	31.289	-1.101	17.944	111
CA	30.323	-1.297	16.887	111
C	28.902	-0.899	17.3	111
N	28.762	-0.313	18.491	112
CA	27.453	-0.07	19.097	112
C	27.047	1.412	19.147	112
N	27.686	2.236	18.31	113
CA	27.437	3.682	18.258	113
C	25.94	3.989	18.213	113
N	25.191	3.259	17.391	114
CA	23.776	3.581	17.185	114
C	22.861	3.186	18.333	114
N	23.384	2.396	19.265	115
CA	22.59	1.914	20.385	115
C	22.508	2.939	21.52	115
N	23.372	3.947	21.489	116
CA	23.525	4.893	22.607	116
C	22.841	6.255	22.386	116
N	22.485	6.938	23.47	117
CA	22.135	8.364	23.393	117
C	23.39	9.217	23.514	117
N	23.225	10.53	23.34	118
CA	24.362	11.448	23.306	118
C	25.105	11.528	24.644	118
N	24.366	11.405	25.741	119
CA	24.961	11.343	27.074	119
C	25.826	10.094	27.208	119
N	25.303	8.96	26.764	120
CA	26.053	7.715	26.834	120
C	27.333	7.75	25.977	120
N	27.26	8.378	24.799	121
CA	28.408	8.535	23.909	121
C	29.467	9.396	24.591	121
N	29.021	10.483	25.233	122
CA	29.932	11.376	25.934	122
C	30.655	10.641	27.057	122
N	29.904	9.878	27.847	123
CA	30.472	8.979	28.846	123
C	31.489	7.974	28.304	123
N	31.1	7.271	27.247	124
CA	31.973	6.264	26.656	124
C	33.285	6.909	26.205	124
N	33.186	8.111	25.66	125
CA	34.353	8.839	25.197	125
C	35.344	9.049	26.351	125
N	34.809	9.451	27.512	126
CA	35.631	9.698	28.701	126
C	36.267	8.383	29.158	126
N	35.495	7.315	29.084	127
CA	35.953	6.012	29.524	127
C	37.092	5.495	28.657	127
N	36.987	5.712	27.343	128
CA	38.065	5.431	26.379	128
C	39.346	6.182	26.72	128
N	39.219	7.487	26.971	129
CA	40.317	8.309	27.453	129
C	40.934	7.732	28.752	129
N	40.085	7.307	29.7	130
CA	40.559	6.67	30.934	130
C	41.318	5.362	30.707	130
N	40.925	4.599	29.682	131
CA	41.627	3.37	29.331	131
C	43.033	3.746	28.886	131
N	43.13	4.756	28.013	132
CA	44.444	5.193	27.538	132
C	45.341	5.717	28.671	132
N	44.775	6.536	29.554	133
CA	45.456	7.034	30.764	133
C	46.025	5.933	31.644	133
N	45.201	4.932	31.944	134
CA	45.642	3.756	32.701	134
C	46.756	2.976	31.99	134
N	46.621	2.81	30.67	135
CA	47.626	2.117	29.88	135
C	48.955	2.852	29.845	135
N	48.914	4.171	29.743	136
CA	50.159	4.931	29.628	136
C	50.983	4.889	30.915	136
N	50.315	4.713	32.053	137
CA	51.006	4.681	33.339	137
C	51.157	3.268	33.871	137
N	50.691	2.277	33.104	138
CA	50.7	0.873	33.542	138
C	52.106	0.262	33.614	138
N	52.296	-0.721	34.506	139
CA	53.552	-1.501	34.572	139
C	53.766	-2.336	33.321	139
N	52.678	-2.881	32.773	140
CA	52.732	-3.58	31.494	140
C	51.704	-2.998	30.52	140
N	52.079	-1.929	29.791	141
CA	51.162	-1.436	28.783	141
C	50.83	-2.534	27.776	141
N	49.585	-2.522	27.325	142
CA	49.099	-3.41	26.287	142
C	49.028	-2.616	24.991	142
N	48.859	-3.326	23.882	143
CA	48.438	-2.706	22.636	143
C	46.912	-2.641	22.641	143
N	46.391	-1.415	22.671	144
CA	44.965	-1.146	22.689	144
C	44.446	-0.9	21.295	144
N	43.423	-1.659	20.894	145
CA	42.744	-1.441	19.624	145
C	41.336	-0.897	19.855	145
N	40.852	-0.102	18.912	146
CA	39.439	0.317	18.907	146
C	38.863	0.134	17.539	146
N	37.984	-0.851	17.432	147
CA	37.479	-1.307	16.139	147
C	36.039	-0.847	15.957	147
N	35.616	-0.766	14.703	148
CA	34.41	-0.058	14.272	148
C	34.317	1.37	14.804	148
N	35.477	1.993	14.966	149
CA	35.583	3.334	15.482	149
C	35.123	4.321	14.408	149
N	34.235	5.232	14.792	150
CA	33.65	6.197	13.855	150
C	32.383	6.74	14.496	150
N	31.507	7.304	13.664	151
CA	30.227	7.834	14.11	151
C	30.335	8.891	15.196	151
N	29.331	8.932	16.063	152
CA	29.318	9.897	17.13	152
C	30.472	9.777	18.132	152
N	31.003	8.564	18.348	153
CA	32.133	8.412	19.293	153
C	33.379	9.163	18.814	153
N	33.727	8.969	17.547	154
CA	34.891	9.606	16.948	154
C	34.729	11.13	16.867	154
N	33.529	11.572	16.491	155
CA	33.227	13.011	16.43	155
C	33.394	13.595	17.833	155
N	32.809	12.938	18.836	156
CA	32.9	13.435	20.209	156
C	34.35	13.542	20.669	156
N	35.132	12.511	20.385	157
CA	36.529	12.476	20.794	157
C	37.329	13.605	20.16	157
N	37.146	13.825	18.858	158
CA	37.848	14.918	18.178	158
C	37.532	16.245	18.85	158
N	36.25	16.447	19.147	159
CA	35.745	17.661	19.768	159
C	36.349	17.967	21.148	159
N	36.501	16.94	21.986	160
CA	37.025	17.111	23.351	160
C	38.558	17.118	23.377	160
N	39.185	16.462	22.408	161
CA	40.631	16.261	22.472	161
C	41.401	16.969	21.355	161
N	40.707	17.266	20.257	162
CA	41.192	18.185	19.215	162
C	42.48	17.716	18.54	162
N	42.591	16.402	18.33	163
CA	43.801	15.817	17.762	163
C	44.873	15.396	18.76	163
N	44.578	15.484	20.058	164
CA	45.441	14.919	21.105	164
C	45.558	13.399	20.946	164
N	44.459	12.779	20.509	165
CA	44.338	11.319	20.416	165
C	45.254	10.742	19.355	165
N	45.624	11.574	18.384	166
CA	46.573	11.173	17.347	166
C	47.994	10.995	17.873	166
N	48.275	11.567	19.044	167
CA	49.597	11.453	19.681	167
C	49.663	10.372	20.764	167
N	48.574	9.619	20.9	168
CA	48.468	8.554	21.899	168
C	49.279	7.333	21.518	168
N	50.053	6.838	22.48	169
CA	50.922	5.688	22.283	169
C	50.164	4.393	22.532	169
N	50.43	3.369	21.711	170
CA	49.812	2.034	21.851	170
C	48.293	2.094	21.777	170
N	47.801	2.91	20.858	171
CA	46.389	3.082	20.656	171
C	46.121	2.98	19.165	171
N	45.254	2.037	18.812	172
CA	45.03	1.646	17.419	172
C	43.557	1.67	17.006	172
N	43.007	2.875	16.757	173
CA	41.656	2.972	16.231	173
C	41.629	2.548	14.771	173
N	40.552	1.891	14.38	174
CA	40.331	1.501	12.989	174
C	38.847	1.393	12.723	174
N	38.439	1.719	11.491	175
CA	37.064	1.51	11.031	175
C	36.781	0.054	10.872	175
N	37.813	-0.764	10.707	176
CA	37.58	-2.199	10.552	176
C	37.045	-2.812	11.856	176
N	36.159	-3.794	11.737	177
CA	35.662	-4.539	12.906	177
C	36.766	-5.454	13.462	177
N	36.625	-5.888	14.715	178
CA	37.617	-6.791	15.291	178
C	37.681	-8.074	14.474	178
N	36.549	-8.506	13.941	179
CA	36.514	-9.722	13.146	179
C	37.269	-9.561	11.822	179
N	37.202	-8.377	11.231	180
CA	37.94	-8.115	10.002	180
C	39.422	-8.031	10.299	180
N	39.759	-7.342	11.38	181
CA	41.132	-7.192	11.776	181
C	41.738	-8.517	12.214	181
N	40.974	-9.315	12.965	182
CA	41.569	-10.493	13.647	182
C	41.065	-11.874	13.214	182
N	40.295	-11.914	12.139	183
CA	39.697	-13.156	11.646	183
C	40.703	-14.339	11.536	183
N	41.879	-14.069	10.975	184
CA	42.924	-15.093	10.846	184
C	43.473	-15.621	12.184	184
N	43.265	-14.866	13.263	185
CA	43.674	-15.284	14.597	185
C	42.413	-15.441	15.454	185
N	41.319	-15.884	14.841	186
CA	40.0	-15.911	15.495	186
C	40.022	-16.725	16.788	186
N	40.774	-17.819	16.738	187
CA	40.959	-18.724	17.87	187
C	41.629	-18.087	19.109	187
N	42.249	-16.916	18.925	188
CA	42.895	-16.193	20.015	188
C	41.985	-15.193	20.69	188
N	40.789	-15.004	20.132	189
CA	39.875	-13.965	20.568	189
C	39.067	-14.464	21.765	189
N	38.918	-13.604	22.775	190
CA	38.054	-13.847	23.942	190
C	37.25	-12.6	24.197	190
N	35.931	-12.712	24.086	191
CA	35.078	-11.561	24.306	191
C	34.636	-11.543	25.761	191
N	35.032	-10.513	26.495	192
CA	34.619	-10.415	27.901	192
C	33.165	-10.051	27.976	192
N	32.41	-10.835	28.737	193
CA	31.009	-10.548	28.963	193
C	30.587	-11.052	30.342	193
N	29.848	-10.229	31.079	194
CA	29.285	-10.637	32.376	194
C	28.365	-11.832	32.201	194
N	27.865	-12.033	30.978	195
CA	26.836	-13.033	30.696	195
C	27.357	-14.428	30.346	195
N	28.679	-14.599	30.382	196
CA	29.337	-15.808	29.903	196
C	29.123	-16.988	30.849	196
N	29.141	-18.197	30.305	197
CA	29.171	-19.397	31.151	197
C	30.568	-19.631	31.723	197
N	31.571	-18.957	31.153	198
CA	32.976	-19.187	31.498	198
C	33.527	-18.091	32.387	198
N	34.367	-18.481	33.343	199
CA	34.998	-17.518	34.225	199
C	36.486	-17.456	33.889	199
N	37.006	-16.243	33.701	200
CA	38.448	-16.025	33.501	200
C	39.25	-16.256	34.77	200
N	40.26	-17.123	34.697	201
CA	41.188	-17.253	35.813	201
C	42.57	-16.662	35.595	201
N	43.085	-16.785	34.373	202
CA	44.371	-16.199	33.989	202
C	44.188	-15.535	32.627	202
N	44.989	-14.505	32.355	203
CA	45.056	-13.91	31.021	203
C	46.219	-14.523	30.25	203
N	45.937	-14.999	29.042	204
CA	46.954	-15.51	28.141	204
C	47.458	-14.328	27.333	204
N	48.757	-14.073	27.429	205
CA	49.316	-12.865	26.852	205
C	49.554	-12.983	25.356	205
N	49.254	-14.157	24.809	206
CA	49.193	-14.354	23.361	206
C	47.736	-14.294	22.846	206
N	46.799	-13.968	23.747	207
CA	45.409	-13.879	23.361	207
C	44.957	-12.417	23.187	207
N	43.743	-12.257	22.67	208
CA	43.183	-10.951	22.306	208
C	41.811	-10.816	22.95	208
N	41.718	-9.951	23.929	209
CA	40.512	-9.83	24.758	209
C	39.724	-8.593	24.354	209
N	38.438	-8.786	24.104	210
CA	37.572	-7.729	23.61	210
C	36.664	-7.21	24.73	210
N	36.624	-5.886	24.866	211
CA	35.618	-5.223	25.696	211
C	34.567	-4.54	24.811	211
N	33.296	-4.767	25.14	212
CA	32.167	-4.098	24.48	212
C	32.23	-2.614	24.793	212
N	32.356	-1.78	23.758	213
CA	32.485	-0.353	23.995	213
C	31.082	0.225	23.942	213
N	30.377	0.124	25.063	214
CA	28.975	0.548	25.141	214
C	28.617	0.904	26.578	214
N	27.868	1.987	26.725	215
CA	27.4	2.492	28.006	215
C	25.895	2.344	27.91	215
N	25.364	1.332	28.577	216
CA	23.957	1.04	28.428	216
C	23.304	0.709	29.759	216
N	24.057	0.878	30.851	217
CA	23.649	0.392	32.187	217
C	23.033	-0.994	32.128	217
N	23.617	-1.853	31.288	218
CA	23.152	-3.227	31.086	218
C	21.707	-3.443	30.593	218
N	21.071	-2.418	30.034	219
CA	19.718	-2.645	29.516	219
C	19.682	-3.661	28.372	219
N	20.78	-3.779	27.626	220
CA	20.828	-4.759	26.554	220
C	21.471	-6.061	27.055	220
N	20.724	-6.838	27.833	221
CA	21.226	-8.116	28.363	221
C	21.695	-9.037	27.25	221
N	22.839	-9.678	27.476	222
CA	23.454	-10.621	26.551	222
C	23.852	-10.024	25.208	222
N	23.896	-8.698	25.095	223
CA	24.294	-8.079	23.813	223
C	25.629	-8.614	23.295	223
N	26.676	-8.465	24.09	224
CA	28.02	-8.929	23.686	224
C	28.17	-10.446	23.714	224
N	27.472	-11.098	24.647	225
CA	27.535	-12.548	24.769	225
C	26.971	-13.247	23.532	225
N	25.835	-12.755	23.033	226
CA	25.244	-13.263	21.796	226
C	26.12	-12.932	20.61	226
N	26.581	-11.684	20.529	227
CA	27.43	-11.277	19.4	227
C	28.586	-12.256	19.224	227
N	29.332	-12.474	20.309	228
CA	30.517	-13.325	20.262	228
C	30.16	-14.791	19.96	228
N	29.146	-15.32	20.652	229
CA	28.736	-16.718	20.461	229
C	28.346	-17.008	19.012	229
N	27.505	-16.153	18.436	230
CA	27.088	-16.324	17.041	230
C	28.244	-16.229	16.052	230
N	29.302	-15.533	16.451	231
CA	30.528	-15.505	15.652	231
C	31.43	-16.724	15.857	231
N	31.092	-17.581	16.823	232
CA	31.949	-18.733	17.179	232
C	33.204	-18.292	17.92	232
N	33.061	-17.223	18.695	233
CA	34.146	-16.686	19.496	233
C	33.862	-16.969	20.975	233
N	34.915	-17.349	21.689	234
CA	34.839	-17.657	23.091	234
C	34.499	-16.412	23.907	234
N	33.586	-16.542	24.862	235
CA	33.372	-15.446	25.825	235
C	33.866	-15.866	27.217	235
N	33.994	-14.908	28.138	236
CA	34.339	-15.215	29.542	236
C	34.04	-14.036	30.434	236
N	33.717	-14.298	31.7	237
CA	33.449	-13.229	32.657	237
C	34.59	-13.065	33.642	237
N	34.704	-11.872	34.206	238
CA	35.685	-11.622	35.239	238
C	35.251	-12.347	36.516	238
N	36.209	-12.95	37.251	239
CA	35.856	-13.63	38.52	239
C	35.579	-12.58	39.597	239
N	34.481	-11.856	39.413	240
CA	34.199	-10.635	40.161	240
C	32.829	-10.681	40.834	240
N	32.081	-11.748	40.572	241
CA	30.736	-11.9	41.126	241
C	30.714	-11.635	42.635	241
N	31.619	-12.293	43.361	242
CA	31.699	-12.204	44.825	242
C	31.949	-10.789	45.364	242
N	32.1	-9.817	44.464	243
CA	32.552	-8.471	44.836	243
C	31.569	-7.311	44.565	243
N	30.645	-7.502	43.617	244
CA	29.69	-6.463	43.188	244
C	29.327	-5.469	44.297	244
N	28.479	-4.444	44.259	245
CA	28.191	-3.786	45.56	245
C	27.579	-4.405	46.875	245
N	27.167	-5.691	47.114	246
CA	26.305	-6.434	48.071	246
C	24.78	-6.512	48.239	246
N	23.823	-5.917	47.512	247
CA	23.216	-4.655	47.916	247
C	22.285	-4.126	46.821	247
N	22.052	-4.885	45.726	248
CA	22.814	-5.116	44.505	248
C	23.612	-4.524	43.328	248
N	23.923	-3.223	43.086	249
CA	24.253	-2.688	41.754	249
C	25.358	-3.565	41.113	249
N	26.155	-3.373	40.034	250
CA	25.372	-3.591	38.813	250
C	26.209	-4.331	37.747	250
N	26.962	-3.571	36.946	251
CA	28.057	-4.107	36.118	251
C	29.161	-3.074	35.944	251
N	30.296	-3.552	35.461	252
CA	31.475	-2.736	35.32	252
C	31.429	-1.905	34.056	252
N	32.013	-0.711	34.13	253
CA	32.191	0.147	32.975	253
C	33.355	-0.352	32.111	253
N	33.365	0.109	30.861	254
CA	34.477	-0.116	29.947	254
C	35.828	0.13	30.628	254
N	36.028	1.312	31.23	255
CA	37.347	1.61	31.818	255
C	37.659	0.805	33.085	255
N	36.632	0.446	33.844	256
CA	36.857	-0.403	34.994	256
C	37.356	-1.768	34.554	256
N	36.694	-2.342	33.552	257
CA	37.134	-3.637	33.04	257
C	38.585	-3.56	32.552	257
N	38.894	-2.546	31.741	258
CA	40.267	-2.383	31.228	258
C	41.342	-2.22	32.349	258
N	41.094	-1.319	33.291	259
CA	42.011	-1.074	34.433	259
C	42.239	-2.346	35.269	259
N	41.183	-3.141	35.437	260
CA	41.262	-4.408	36.179	260
C	42.183	-5.382	35.473	260
N	41.987	-5.528	34.159	261
CA	42.836	-6.36	33.324	261
C	44.289	-5.925	33.429	261
N	44.505	-4.613	33.346	262
CA	45.833	-4.031	33.384	262
C	46.518	-4.318	34.713	262
N	45.772	-4.175	35.81	263
CA	46.327	-4.433	37.142	263
C	46.574	-5.918	37.405	263
N	45.823	-6.793	36.746	264
CA	46.109	-8.218	36.877	264
C	47.454	-8.576	36.26	264
N	47.815	-7.909	35.163	265
CA	49.119	-8.147	34.552	265
C	50.241	-7.832	35.558	265
N	50.028	-6.79	36.362	266
CA	50.973	-6.398	37.398	266
C	50.924	-7.333	38.616	266
N	49.726	-7.629	39.127	267
CA	49.578	-8.359	40.393	267
C	49.4	-9.862	40.24	267
N	48.798	-10.269	39.121	268
CA	48.353	-11.663	38.882	268
C	47.391	-12.16	39.986	268
N	46.629	-11.221	40.534	269
CA	45.762	-11.448	41.686	269
C	44.507	-10.649	41.384	269
N	43.403	-11.34	41.132	270
CA	42.158	-10.66	40.771	270
C	41.67	-9.8	41.932	270
N	41.542	-10.408	43.11	271
CA	41.138	-9.672	44.308	271
C	41.871	-8.336	44.436	271
N	43.208	-8.364	44.353	272
CA	44.041	-7.155	44.432	272
C	43.744	-6.116	43.331	272
N	43.4	-6.58	42.134	273
CA	43.074	-5.659	41.043	273
C	41.71	-4.989	41.248	273
N	40.724	-5.771	41.684	274
CA	39.377	-5.266	41.976	274
C	39.417	-4.193	43.041	274
N	40.023	-4.539	44.178	275
CA	40.13	-3.65	45.333	275
C	40.675	-2.292	44.936	275
N	41.699	-2.306	44.088	276
CA	42.323	-1.083	43.622	276
C	41.448	-0.268	42.659	276
N	40.657	-0.957	41.835	277
CA	39.816	-0.297	40.84	277
C	38.459	0.126	41.404	277
N	37.867	-0.705	42.26	278
CA	36.592	-0.358	42.896	278
C	36.575	-0.671	44.402	278
N	37.223	0.166	45.236	279
CA	37.195	-0.131	46.684	279
C	35.854	0.188	47.348	279
N	36.525	0.057	48.845	280
CA	37.013	0.187	50.53	280
C	37.72	0.736	52.11	280
N	37.923	0.657	53.708	281
CA	38.793	1.14	55.118	281
C	39.193	0.827	56.852	281
N	39.977	1.377	58.157	282
CA	40.876	1.408	59.658	282
C	41.139	1.036	61.405	282
N	41.732	1.213	62.919	283
CA	42.753	1.493	64.293	283
C	42.98	1.49	66.081	283
N	44.013	1.737	67.291	284
CA	44.623	1.787	68.918	284
C	44.739	2.091	70.694	284
N	45.6	2.405	72.038	285
CA	46.124	2.089	73.669	285
C	46.927	2.742	75.152	285
N	47.55	2.501	76.634	286
CA	47.686	2.831	78.329	286
C	48.721	2.702	79.789	286
N	48.774	2.984	81.377	287
CA	49.346	3.353	82.979	287
C	50.372	3.046	84.409	287
N	50.634	3.119	85.997	288
CA	51.47	3.626	87.408	288
C	51.487	3.683	89.194	288
N	52.339	4.03	90.511	289
CA	52.76	4.0	92.192	289
C	53.15	3.401	93.83	289
N	53.765	3.597	95.31	290
CA	54.675	4.003	96.712	290
C	54.941	3.624	98.443	290
N	55.711	4.029	99.769	291
CA	56.221	3.585	101.329	291
C	56.82	4.266	102.834	291
N	57.489	4.23	104.264	292
CA	58.128	4.104	105.834	292
C	58.233	3.975	107.573	292
N	59.05	4.451	108.816	293
CA	59.379	4.67	110.468	293
C	59.623	4.306	112.177	293
N	60.211	4.724	113.566	294
CA	61.287	5.067	114.812	294
C	61.289	5.271	116.559	294
N	62.033	5.727	117.86	295
CA	62.717	5.466	119.364	295
C	63.251	6.291	120.796	295
N	63.989	6.101	122.152	296
CA	64.288	6.745	123.668	296
C	64.937	6.365	125.237	296
N	65.146	6.997	126.648	297
CA	65.668	7.097	128.247	297
C	66.809	7.129	129.568	297
N	66.946	7.561	131.068	298
CA	67.799	7.325	132.503	298
C	68.118	7.953	134.113	298
N	68.87	7.744	135.472	299
CA	69.194	8.173	137.057	299
C	69.989	7.607	138.508	299
N	70.413	8.048	139.942	300
CA	71.241	7.732	141.371	300
C	71.453	8.186	143.051	300
N	72.306	7.825	144.318	301
CA	73.177	7.952	145.77	301
C	73.249	8.38	147.466	301
N	73.859	8.068	148.879	302
CA	74.487	8.329	150.427	302
C	75.559	8.918	151.677	302
N	75.882	8.658	153.192	303
CA	76.733	9.097	154.579	303
C	76.994	8.483	156.172	303
N	77.527	8.716	157.619	304
CA	78.427	9.241	158.915	304
C	78.604	8.801	160.577	304
N	79.261	9.237	161.902	305
CA	80.013	8.753	163.287	305
C	80.55	9.19	164.86	305
N	81.237	9.198	166.232	306
CA	81.362	8.902	167.832	306
C	82.628	8.954	168.936	306
N	82.941	8.722	170.388	307
CA	83.006	8.979	171.975	307
C	83.563	10.071	173.094	307
N	83.907	10.198	174.529	308
CA	84.99	10.488	175.649	308
C	84.832	10.454	177.288	308
N	85.594	11.023	178.392	309
CA	86.109	10.76	179.845	309
C	86.552	11.868	180.947	309
N	87.082	11.722	182.27	310
CA	87.571	12.66	183.392	310
C	88.487	12.152	184.604	310
N	89.137	12.91	185.596	311
CA	89.385	13.236	187.065	311
C	89.907	12.189	188.121	311
N	90.727	12.492	189.194	312
CA	91.123	11.863	190.498	312
C	90.462	11.687	191.899	312
N	89.262	12.222	192.237	313
CA	89.067	13.103	193.409	313
C	89.277	11.804	194.229	313
