ATOM	X	Y	Z	RESIDUE
N	26.513	0.001	142.729	1
CA	26.303	-0.889	141.54	1
C	26.149	-0.038	140.241	1
N	25.507	-0.362	139.084	2
CA	25.069	0.564	137.959	2
C	24.827	-0.085	136.521	2
N	24.264	0.59	135.388	3
CA	24.028	0.383	133.869	3
C	24.262	1.276	132.52	3
N	24.362	0.974	131.143	4
CA	24.923	1.637	129.874	4
C	24.991	0.95	128.387	4
N	25.626	1.204	127.133	5
CA	25.448	0.724	125.688	5
C	26.176	1.393	124.407	5
N	26.133	1.336	122.91	6
CA	26.153	0.757	121.435	6
C	26.429	1.457	119.905	6
N	26.444	1.225	118.406	7
CA	26.747	2.003	117.014	7
C	26.989	2.18	115.308	7
N	27.063	1.679	113.892	8
CA	26.904	1.883	112.212	8
C	27.742	1.81	110.689	8
N	27.717	2.26	109.155	9
CA	27.72	1.772	107.54	9
C	27.762	2.489	105.861	9
N	27.257	2.395	104.355	10
CA	27.193	2.602	102.627	10
C	27.858	2.382	101.064	10
N	27.365	2.327	99.563	11
CA	27.367	2.563	97.914	11
C	28.11	2.641	96.361	11
N	28.062	2.424	94.801	12
CA	28.495	2.487	93.142	12
C	29.055	3.175	91.556	12
N	28.836	2.964	90.009	13
CA	27.805	3.988	89.698	13
C	28.273	5.438	89.815	13
N	29.14	5.85	88.889	14
CA	29.393	7.278	88.646	14
C	29.335	7.625	87.161	14
N	30.041	6.822	86.366	15
CA	29.889	6.877	84.913	15
C	28.519	6.369	84.543	15
N	27.954	5.542	85.42	16
CA	26.557	5.098	85.406	16
C	25.534	6.207	85.505	16
N	25.931	7.329	86.065	17
CA	24.961	8.32	86.399	17
C	24.54	9.244	85.25	17
N	25.33	9.367	84.185	18
CA	24.956	10.333	83.117	18
C	23.625	9.915	82.485	18
N	22.637	10.81	82.522	19
CA	21.328	10.496	81.974	19
C	21.396	10.589	80.429	19
N	22.009	9.587	79.802	20
CA	22.365	9.678	78.358	20
C	21.091	9.644	77.494	20
N	19.959	9.236	78.065	21
CA	18.745	8.992	77.268	21
C	17.947	10.259	77.128	21
N	18.304	11.269	77.936	22
CA	17.667	12.577	77.953	22
C	18.629	13.763	77.708	22
N	19.349	13.77	76.551	23
CA	20.237	14.895	76.24	23
C	19.518	16.172	75.773	23
N	18.221	16.107	75.388	24
CA	17.473	17.293	74.885	24
C	18.135	17.844	73.628	24
N	18.793	16.949	72.879	25
CA	19.444	17.363	71.628	25
C	19.692	16.176	70.679	25
N	19.856	16.491	69.388	26
CA	20.204	15.461	68.413	26
C	21.451	15.863	67.651	26
N	21.91	14.959	66.767	27
CA	23.001	15.216	65.887	27
C	22.447	15.877	64.606	27
N	23.278	16.711	63.944	28
CA	22.691	17.641	62.988	28
C	22.436	17.038	61.604	28
N	22.777	15.778	61.361	29
CA	22.563	15.213	60.014	29
C	21.151	14.739	59.751	29
N	20.241	14.979	60.673	30
CA	18.857	14.677	60.382	30
C	18.02	15.636	61.199	30
N	16.695	15.514	61.052	31
CA	15.772	16.203	61.958	31
C	14.916	15.274	62.707	31
N	14.419	15.729	63.852	32
CA	13.537	14.885	64.631	32
C	12.229	15.597	64.924	32
N	11.125	14.858	64.815	33
CA	9.849	15.398	65.24	33
C	9.246	14.435	66.229	33
N	8.601	14.962	67.246	34
CA	7.888	14.075	68.188	34
C	6.414	14.412	68.161	34
N	5.586	13.385	68.11	35
CA	4.127	13.541	67.914	35
C	3.375	12.878	69.043	35
N	2.215	13.423	69.423	36
CA	1.356	12.753	70.394	36
C	0.61	11.555	69.739	36
N	-0.069	10.71	70.533	37
CA	-0.726	9.515	69.976	37
C	-1.819	9.853	68.919	37
N	-2.35	11.079	68.977	38
CA	-3.367	11.601	68.04	38
C	-2.707	12.4	66.898	38
N	-1.383	12.236	66.774	39
CA	-0.608	12.819	65.701	39
C	-0.34	14.337	65.706	39
N	-0.643	15.062	66.779	40
CA	-0.247	16.485	66.809	40
C	1.24	16.612	67.134	40
N	1.916	17.621	66.588	41
CA	3.336	17.784	66.848	41
C	3.591	18.262	68.277	41
N	4.4	17.524	69.01	42
CA	4.769	17.84	70.404	42
C	6.058	18.671	70.472	42
N	7.067	18.284	69.665	43
CA	8.378	18.869	69.758	43
C	9.156	18.608	68.46	43
N	10.165	19.419	68.221	44
CA	11.073	19.076	67.115	44
C	12.451	19.709	67.305	44
N	13.36	19.312	66.457	45
CA	14.743	19.763	66.545	45
C	14.917	21.163	65.949	45
N	15.778	21.95	66.575	46
CA	15.938	23.365	66.169	46
C	16.46	23.666	64.772	46
N	16.963	22.634	64.067	47
CA	17.4	22.749	62.708	47
C	16.194	22.542	61.744	47
N	14.962	22.427	62.25	48
CA	13.801	22.436	61.262	48
C	13.837	23.545	60.234	48
N	14.055	24.806	60.646	49
CA	14.053	25.883	59.627	49
C	15.147	25.659	58.565	49
N	16.343	25.23	58.962	50
CA	17.458	25.076	57.984	50
C	17.179	23.92	56.996	50
N	16.595	22.849	57.516	51
CA	16.294	21.696	56.646	51
C	14.945	21.753	55.881	51
N	13.995	22.539	56.388	52
CA	12.656	22.53	55.807	52
C	12.059	23.904	55.44	52
N	12.637	24.994	55.934	53
CA	11.983	26.276	55.854	53
C	10.856	26.513	56.86	53
N	10.561	25.558	57.746	54
CA	9.464	25.783	58.694	54
C	10.055	25.934	60.082	54
N	9.432	26.755	60.903	55
CA	9.814	26.887	62.317	55
C	9.036	25.942	63.228	55
N	9.727	25.388	64.223	56
CA	9.107	24.666	65.354	56
C	7.915	25.442	65.905	56
N	8.097	26.758	66.078	57
CA	7.036	27.645	66.541	57
C	5.764	27.562	65.724	57
N	5.912	27.365	64.427	58
CA	4.786	27.257	63.495	58
C	4.202	25.823	63.41	58
N	4.887	24.86	64.045	59
CA	4.545	23.419	63.981	59
C	3.919	22.82	65.254	59
N	4.352	23.274	66.44	60
CA	3.799	22.724	67.732	60
C	2.265	22.75	67.797	60
N	1.643	21.648	68.201	61
CA	0.155	21.552	68.258	61
C	-0.548	21.287	66.937	61
N	0.178	21.37	65.824	62
CA	-0.47	21.178	64.532	62
C	-0.51	19.692	64.194	62
N	-1.497	19.291	63.412	63
CA	-1.581	17.893	63.046	63
C	-0.497	17.46	62.078	63
N	-0.108	16.191	62.197	64
CA	0.689	15.5	61.143	64
C	0.053	15.588	59.739	64
N	-1.256	15.415	59.633	65
CA	-1.934	15.6	58.341	65
C	-1.647	16.998	57.784	65
N	-1.941	18.017	58.579	66
CA	-1.657	19.385	58.167	66
C	-0.194	19.621	57.852	66
N	0.723	18.756	58.293	67
CA	2.187	18.963	57.953	67
C	2.879	18.131	56.832	67
N	2.622	16.81	56.742	68
CA	3.149	15.868	55.707	68
C	2.148	15.7	54.546	68
N	2.596	15.189	53.385	69
CA	1.635	14.974	52.262	69
C	0.726	13.775	52.516	69
N	-0.357	13.605	51.723	70
CA	-1.333	12.574	52.041	70
C	-0.76	11.162	51.995	70
N	0.169	10.907	51.06	71
CA	0.724	9.562	50.884	71
C	1.58	9.219	52.114	71
N	2.361	10.203	52.57	72
CA	3.141	10.048	53.826	72
C	2.277	9.776	55.035	72
N	1.219	10.591	55.15	73
CA	0.256	10.469	56.226	73
C	-0.388	9.096	56.196	73
N	-0.822	8.637	55.023	74
CA	-1.229	7.223	54.895	74
C	-0.257	6.135	55.314	74
N	0.956	6.221	54.786	75
CA	2.029	5.261	55.117	75
C	2.199	5.197	56.629	75
N	2.221	6.374	57.228	76
CA	2.518	6.419	58.663	76
C	1.37	5.851	59.516	76
N	0.133	6.219	59.162	77
CA	-1.031	5.684	59.903	77
C	-1.094	4.193	59.777	77
N	-0.8	3.694	58.579	78
CA	-0.833	2.254	58.331	78
C	0.272	1.554	59.108	78
N	1.451	2.139	59.069	79
CA	2.571	1.516	59.815	79
C	2.256	1.402	61.326	79
N	1.763	2.485	61.923	80
CA	1.43	2.55	63.348	80
C	0.255	1.656	63.741	80
N	-0.626	1.423	62.766	81
CA	-1.846	0.648	62.98	81
C	-1.614	-0.844	62.94	81
N	-0.494	-1.217	62.328	82
CA	-0.135	-2.605	62.168	82
C	-0.02	-3.29	63.535	82
N	-0.717	-4.419	63.704	83
CA	-0.781	-4.81	65.078	83
C	0.481	-5.575	65.431	83
N	0.647	-5.826	66.726	84
CA	1.775	-6.603	67.228	84
C	3.026	-5.777	67.469	84
N	4.156	-6.307	66.987	85
CA	5.514	-5.881	67.352	85
C	5.929	-4.464	66.914	85
N	7.207	-4.352	66.546	86
CA	7.867	-3.122	66.104	86
C	7.731	-1.914	67.024	86
N	8.84	-1.627	67.704	87
CA	9.103	-0.296	68.247	87
C	9.027	0.748	67.115	87
N	9.35	0.338	65.868	88
CA	9.432	1.187	64.685	88
C	9.971	0.589	63.362	88
N	10.067	1.407	62.318	89
CA	10.446	0.99	60.978	89
C	10.852	2.175	60.147	89
N	11.509	1.922	58.98	90
CA	11.778	2.996	58.03	90
C	10.477	3.516	57.401	90
N	10.488	4.774	56.968	91
CA	9.321	5.331	56.232	91
C	9.778	6.459	55.277	91
N	9.284	6.521	54.045	92
CA	9.561	7.679	53.158	92
C	8.66	8.852	53.482	92
N	9.217	10.061	53.542	93
CA	8.472	11.183	54.058	93
C	8.533	12.306	53.071	93
N	7.404	12.997	52.819	94
CA	7.459	14.316	52.129	94
C	6.686	15.351	52.899	94
N	7.178	16.603	52.96	95
CA	6.383	17.787	53.497	95
C	5.421	18.516	52.576	95
N	4.246	18.837	53.116	96
CA	3.421	19.889	52.566	96
C	4.113	21.179	52.993	96
N	4.291	22.112	52.061	97
CA	4.76	23.473	52.382	97
C	4.518	24.423	51.215	97
N	4.09	25.672	51.52	98
CA	4.006	26.757	50.536	98
C	5.248	26.875	49.625	98
N	6.454	26.784	50.206	99
CA	7.73	26.803	49.44	99
C	7.97	25.563	48.526	99
N	7.053	24.592	48.588	100
CA	7.145	23.361	47.818	100
C	7.166	22.11	48.688	100
N	7.881	21.105	48.205	101
CA	7.936	19.805	48.895	101
C	9.322	19.158	48.818	101
N	9.667	18.425	49.868	102
CA	10.988	17.849	49.944	102
C	10.816	16.457	50.453	102
N	11.536	15.53	49.825	103
CA	11.518	14.124	50.197	103
C	12.568	13.851	51.325	103
N	12.25	13.009	52.31	104
CA	13.308	12.62	53.253	104
C	13.24	11.125	53.45	104
N	14.37	10.514	53.754	105
CA	14.377	9.135	54.28	105
C	14.108	9.154	55.769	105
N	13.095	8.422	56.184	106
CA	12.445	8.569	57.509	106
C	12.593	7.262	58.255	106
N	12.546	7.299	59.585	107
CA	12.114	6.119	60.383	107
C	11.189	6.674	61.407	107
N	10.287	5.851	61.907	108
CA	9.466	6.237	63.031	108
C	9.747	5.228	64.092	108
N	9.477	5.613	65.332	109
CA	9.386	4.68	66.437	109
C	8.487	5.208	67.488	109
N	8.052	4.367	68.452	110
CA	7.238	4.797	69.536	110
C	8.004	4.564	70.798	110
N	7.919	5.533	71.694	111
CA	8.599	5.395	72.984	111
C	8.122	6.458	73.902	111
N	7.872	6.078	75.174	112
CA	7.466	7.032	76.178	112
C	6.183	7.788	75.781	112
N	5.261	7.057	75.153	113
CA	3.947	7.578	74.822	113
C	4.079	8.686	73.77	113
N	5.174	8.676	73.004	114
CA	5.332	9.563	71.837	114
C	5.565	8.759	70.607	114
N	5.3	9.366	69.446	115
CA	5.692	8.761	68.21	115
C	6.735	9.733	67.639	115
N	7.875	9.205	67.313	116
CA	8.997	9.958	66.746	116
C	9.151	9.715	65.269	116
N	9.414	10.784	64.521	117
CA	9.944	10.648	63.227	117
C	11.324	11.265	63.144	117
N	12.236	10.505	62.54	118
CA	13.583	10.984	62.252	118
C	13.783	10.977	60.783	118
N	14.27	12.08	60.242	119
CA	14.32	12.261	58.836	119
C	15.719	12.713	58.396	119
N	16.23	12.138	57.31	120
CA	17.518	12.554	56.822	120
C	17.332	12.973	55.395	120
N	17.943	14.085	55.001	121
CA	17.939	14.42	53.581	121
C	18.433	13.254	52.739	121
N	17.882	13.091	51.527	122
CA	18.25	11.939	50.673	122
C	19.768	11.93	50.289	122
N	20.334	10.734	50.086	123
CA	21.765	10.53	49.75	123
C	22.138	11.204	48.436	123
N	23.241	11.933	48.456	124
CA	23.775	12.466	47.222	124
C	25.264	12.135	47.229	124
N	25.664	11.29	46.288	125
CA	27.02	10.742	46.282	125
C	27.593	10.543	44.855	125
N	28.924	10.55	44.768	126
CA	29.625	10.313	43.511	126
C	29.953	8.792	43.46	126
N	29.941	8.184	44.654	127
CA	30.304	6.777	44.849	127
C	29.083	5.822	44.659	127
N	29.379	4.53	44.624	128
CA	28.392	3.479	44.365	128
C	28.458	2.533	45.6	128
N	27.662	2.837	46.645	129
CA	27.619	1.934	47.822	129
C	27.007	0.537	47.49	129
N	27.371	-0.472	48.269	130
CA	26.961	-1.861	47.945	130
C	25.505	-2.143	48.352	130
N	24.897	-3.171	47.739	131
CA	23.45	-3.484	47.837	131
C	23.132	-4.44	49.021	131
N	21.984	-4.256	49.676	132
CA	21.634	-5.072	50.883	132
C	21.779	-6.617	50.586	132
N	21.148	-7.07	49.488	133
CA	21.03	-8.508	49.292	133
C	22.329	-9.149	48.981	133
N	22.997	-8.669	47.924	134
CA	24.348	-9.158	47.685	134
C	25.283	-9.118	48.915	134
N	25.211	-8.07	49.702	135
CA	26.113	-7.974	50.834	135
C	25.726	-8.954	51.901	135
N	24.408	-9.096	52.146	136
CA	24.056	-10.123	53.185	136
C	24.304	-11.546	52.718	136
N	24.005	-11.82	51.433	137
CA	24.175	-13.196	50.885	137
C	25.585	-13.595	51.032	137
N	26.472	-12.706	50.558	138
CA	27.918	-12.941	50.746	138
C	28.304	-13.092	52.199	138
N	27.799	-12.241	53.11	139
CA	28.168	-12.423	54.55	139
C	27.742	-13.695	55.161	139
N	26.481	-14.118	54.927	140
CA	26.107	-15.439	55.431	140
C	26.946	-16.549	54.88	140
N	27.289	-16.549	53.58	141
CA	28.135	-17.616	53.074	141
C	29.408	-17.697	53.889	141
N	30.043	-16.547	54.064	142
CA	31.296	-16.561	54.801	142
C	31.113	-17.032	56.248	142
N	30.14	-16.462	56.982	143
CA	29.855	-16.911	58.365	143
C	29.646	-18.374	58.434	143
N	28.881	-18.91	57.478	144
CA	28.569	-20.315	57.436	144
C	29.787	-21.191	57.249	144
N	30.739	-20.747	56.451	145
CA	31.96	-21.559	56.253	145
C	32.86	-21.604	57.491	145
N	32.613	-20.712	58.461	146
CA	33.464	-20.623	59.639	146
C	33.182	-21.748	60.62	146
N	34.238	-22.243	61.272	147
CA	34.155	-23.427	62.165	147
C	34.511	-23.164	63.619	147
N	34.996	-21.952	63.909	148
CA	35.22	-21.533	65.283	148
C	34.61	-20.163	65.52	148
N	34.334	-19.902	66.788	149
CA	33.823	-18.637	67.207	149
C	34.725	-17.573	66.638	149
N	36.045	-17.745	66.766	150
CA	36.955	-16.653	66.388	150
C	36.925	-16.399	64.882	150
N	36.836	-17.474	64.097	151
CA	36.799	-17.301	62.674	151
C	35.408	-16.74	62.25	151
N	34.337	-17.171	62.907	152
CA	33.02	-16.605	62.613	152
C	33.024	-15.084	62.912	152
N	33.626	-14.68	64.043	153
CA	33.701	-13.223	64.358	153
C	34.585	-12.498	63.34	153
N	35.682	-13.115	62.898	154
CA	36.553	-12.44	61.937	154
C	35.868	-12.275	60.595	154
N	35.175	-13.316	60.149	155
CA	34.36	-13.135	58.94	155
C	33.321	-11.991	59.074	155
N	32.643	-11.916	60.208	156
CA	31.702	-10.787	60.437	156
C	32.383	-9.399	60.354	156
N	33.575	-9.265	60.96	157
CA	34.292	-8.004	60.981	157
C	34.705	-7.679	59.559	157
N	35.177	-8.69	58.811	158
CA	35.642	-8.428	57.401	158
C	34.483	-8.026	56.513	158
N	33.346	-8.709	56.67	159
CA	32.116	-8.313	55.865	159
C	31.595	-6.967	56.189	159
N	31.436	-6.649	57.481	160
CA	31.052	-5.311	57.874	160
C	32.06	-4.249	57.369	160
N	33.378	-4.485	57.492	161
CA	34.287	-3.536	56.885	161
C	34.122	-3.35	55.379	161
N	33.968	-4.438	54.658	162
CA	33.752	-4.317	53.235	162
C	32.514	-3.462	52.859	162
N	31.402	-3.658	53.571	163
CA	30.07	-3.04	53.305	163
C	30.225	-1.562	53.644	163
N	30.926	-1.265	54.744	164
CA	30.964	0.09	55.275	164
C	32.094	0.975	54.86	164
N	33.227	0.384	54.492	165
CA	34.471	1.123	54.282	165
C	35.134	1.639	55.542	165
N	34.682	1.242	56.744	166
CA	35.264	1.783	57.989	166
C	36.743	1.39	58.083	166
N	37.578	2.249	58.669	167
CA	39.0	1.938	58.798	167
C	39.229	0.768	59.724	167
N	38.421	0.614	60.757	168
CA	38.638	-0.491	61.697	168
C	37.301	-1.007	62.205	168
N	37.13	-2.322	62.141	169
CA	35.889	-2.962	62.583	169
C	36.331	-4.041	63.533	169
N	35.755	-4.029	64.716	170
CA	36.178	-4.966	65.773	170
C	34.991	-5.7	66.368	170
N	35.193	-6.936	66.789	171
CA	34.154	-7.669	67.503	171
C	34.572	-7.663	68.973	171
N	33.816	-6.958	69.775	172
CA	34.17	-6.75	71.202	172
C	33.284	-7.681	72.002	172
N	33.887	-8.641	72.706	173
CA	33.107	-9.567	73.49	173
C	33.165	-9.195	74.964	173
N	31.976	-9.043	75.584	174
CA	31.927	-8.781	77.038	174
C	32.196	-10.038	77.874	174
N	32.994	-9.869	78.927	175
CA	33.137	-10.878	79.958	175
C	31.968	-10.789	80.944	175
N	31.916	-11.702	81.915	176
CA	30.837	-11.619	82.899	176
C	30.873	-10.403	83.844	176
N	32.063	-9.834	84.054	177
CA	32.25	-8.555	84.798	177
C	32.071	-7.313	83.92	177
N	31.649	-7.566	82.689	178
CA	31.41	-6.535	81.648	178
C	32.593	-5.686	81.179	178
N	33.81	-6.097	81.576	179
CA	34.996	-5.8	80.808	179
C	34.829	-6.5	79.454	179
N	35.789	-6.291	78.576	180
CA	35.637	-6.789	77.192	180
C	36.972	-7.027	76.514	180
N	36.929	-7.737	75.409	181
CA	38.139	-8.07	74.725	181
C	37.829	-7.987	73.258	181
N	38.755	-7.442	72.472	182
CA	38.567	-7.412	71.007	182
C	39.031	-8.796	70.526	182
N	38.087	-9.64	70.11	183
CA	38.372	-11.035	69.736	183
C	38.51	-11.255	68.214	183
N	38.113	-10.262	67.414	184
CA	38.367	-10.314	65.994	184
C	38.389	-8.908	65.472	184
N	39.076	-8.714	64.336	185
CA	39.225	-7.345	63.8	185
C	39.538	-7.43	62.313	185
N	39.073	-6.433	61.553	186
CA	39.603	-6.182	60.219	186
C	39.925	-4.728	60.142	186
N	41.072	-4.362	59.588	187
CA	41.408	-2.933	59.538	187
C	42.247	-2.608	58.348	187
N	42.271	-1.328	57.984	188
CA	43.215	-0.954	56.973	188
C	44.608	-0.795	57.599	188
N	45.634	-0.991	56.802	189
CA	47.007	-0.987	57.304	189
C	47.403	0.344	58.003	189
N	46.668	1.429	57.706	190
CA	47.03	2.738	58.254	190
C	46.628	2.925	59.719	190
N	45.857	2.026	60.299	191
CA	45.448	2.29	61.692	191
C	45.85	1.187	62.637	191
N	45.951	1.488	63.913	192
CA	46.546	0.502	64.779	192
C	45.608	-0.666	65.016	192
N	46.169	-1.807	65.396	193
CA	45.336	-2.941	65.741	193
C	44.973	-2.917	67.239	193
N	43.725	-3.215	67.55	194
CA	43.252	-3.443	68.905	194
C	43.048	-4.933	69.2	194
N	43.418	-5.805	68.264	195
CA	43.133	-7.252	68.444	195
C	43.758	-7.819	69.697	195
N	42.935	-8.448	70.554	196
CA	43.428	-9.089	71.808	196
C	43.493	-8.19	73.026	196
N	43.259	-6.896	72.85	197
CA	43.216	-5.953	73.982	197
C	41.921	-6.109	74.748	197
N	42.044	-5.92	76.059	198
CA	40.944	-5.967	77.012	198
C	40.739	-4.603	77.457	198
N	39.496	-4.299	77.809	199
CA	39.143	-2.975	78.22	199
C	38.293	-3.061	79.467	199
N	38.381	-2.053	80.355	200
CA	37.601	-2.203	81.561	200
C	36.127	-1.859	81.298	200
N	35.281	-2.304	82.224	201
CA	33.835	-2.137	82.129	201
C	33.436	-0.667	82.039	201
N	34.121	0.182	82.816	202
CA	33.949	1.636	82.795	202
C	33.965	2.261	81.393	202
N	34.577	1.599	80.403	203
CA	34.637	2.15	79.041	203
C	33.263	2.219	78.4	203
N	32.337	1.411	78.899	204
CA	30.943	1.389	78.447	204
C	30.157	1.158	79.725	204
N	29.877	2.243	80.431	205
CA	29.22	2.172	81.719	205
C	27.797	1.587	81.718	205
N	27.344	1.206	82.917	206
CA	26.095	0.43	83.077	206
C	24.896	0.986	82.34	206
N	24.69	2.305	82.343	207
CA	23.456	2.834	81.684	207
C	23.565	2.757	80.159	207
N	24.774	2.914	79.629	208
CA	24.978	2.693	78.212	208
C	24.728	1.235	77.903	208
N	25.231	0.349	78.742	209
CA	25.032	-1.064	78.477	209
C	23.537	-1.444	78.442	209
N	22.755	-0.927	79.389	210
CA	21.341	-1.212	79.445	210
C	20.672	-0.693	78.177	210
N	21.04	0.526	77.772	211
CA	20.487	1.113	76.56	211
C	20.77	0.199	75.352	211
N	22.001	-0.345	75.294	212
CA	22.51	-1.024	74.112	212
C	21.954	-2.472	74.045	212
N	21.392	-2.937	75.155	213
CA	20.647	-4.155	75.204	213
C	19.252	-3.99	74.577	213
N	18.634	-2.809	74.692	214
CA	17.283	-2.689	74.135	214
C	17.293	-1.996	72.78	214
N	18.322	-1.202	72.51	215
CA	18.385	-0.48	71.23	215
C	19.698	-0.864	70.543	215
N	19.641	-1.73	69.503	216
CA	20.901	-2.344	69.132	216
C	21.793	-1.636	68.095	216
N	21.502	-0.396	67.689	217
CA	22.366	0.196	66.681	217
C	22.603	1.643	67.068	217
N	23.819	2.153	66.876	218
CA	24.24	3.551	67.233	218
C	25.164	4.039	66.2	218
N	25.034	5.298	65.742	219
CA	25.943	5.802	64.761	219
C	26.273	7.255	65.093	219
N	27.579	7.625	65.035	220
CA	27.974	9.022	65.282	220
C	28.875	9.347	64.091	220
N	28.308	9.851	63.021	221
CA	29.107	10.078	61.855	221
C	30.221	11.064	62.036	221
N	30.036	12.073	62.884	222
CA	31.102	13.052	63.147	222
C	31.147	13.385	64.613	222
N	32.193	12.94	65.346	223
CA	32.176	13.133	66.774	223
C	32.34	14.593	67.165	223
N	32.656	15.49	66.214	224
CA	32.729	16.911	66.576	224
C	31.495	17.746	66.196	224
N	30.366	17.105	65.942	225
CA	29.066	17.779	65.783	225
C	28.636	18.777	66.865	225
N	27.981	19.854	66.424	226
CA	27.389	20.856	67.321	226
C	25.992	20.229	67.545	226
N	25.646	19.827	68.799	227
CA	24.347	19.331	69.164	227
C	23.25	20.322	68.814	227
N	22.109	19.767	68.391	228
CA	20.945	20.531	67.975	228
C	19.822	20.29	68.986	228
N	19.412	21.333	69.745	229
CA	18.372	21.224	70.766	229
C	17.047	20.709	70.148	229
N	16.402	19.823	70.892	230
CA	14.995	19.49	70.721	230
C	14.101	20.417	71.528	230
N	13.107	21.097	70.918	231
CA	12.213	22.114	71.591	231
C	10.767	21.786	71.401	231
N	9.911	21.913	72.445	232
CA	10.246	22.096	73.858	232
C	10.871	20.802	74.314	232
N	11.81	20.83	75.285	233
CA	12.32	19.516	75.821	233
C	11.496	19.018	77.009	233
N	10.216	18.8	76.762	234
CA	9.272	18.486	77.81	234
C	8.129	17.718	77.183	234
N	7.996	16.498	77.654	235
CA	6.928	15.623	77.291	235
C	5.638	15.974	78.08	235
N	4.526	16.277	77.361	236
CA	3.285	16.849	77.895	236
C	2.531	15.862	78.739	236
N	2.871	14.587	78.571	237
CA	2.197	13.512	79.251	237
C	2.834	13.221	80.576	237
N	4.052	13.718	80.762	238
CA	5.029	13.078	81.627	238
C	5.735	14.143	82.475	238
N	5.709	15.393	81.985	239
CA	6.404	16.524	82.627	239
C	7.903	16.322	82.816	239
N	8.489	15.36	82.09	240
CA	9.922	15.166	82.139	240
C	10.503	15.382	80.748	240
N	11.86	15.475	80.646	241
CA	12.487	15.667	79.335	241
C	12.178	14.551	78.38	241
N	12.203	14.875	77.093	242
CA	11.972	13.828	76.08	242
C	13.012	12.725	76.063	242
N	12.505	11.525	76.269	243
CA	13.285	10.375	76.255	243
C	13.597	9.947	74.811	243
N	14.842	10.231	74.418	244
CA	15.407	9.865	73.095	244
C	16.134	8.497	72.995	244
N	15.84	7.518	73.857	245
CA	16.597	6.261	73.853	245
C	16.585	5.525	72.53	245
N	15.447	5.604	71.832	246
CA	15.31	4.9	70.536	246
C	15.531	5.782	69.325	246
N	15.947	7.026	69.565	247
CA	16.263	7.927	68.471	247
C	17.664	7.633	67.919	247
N	17.771	7.227	66.637	248
CA	19.112	7.039	66.015	248
C	19.922	8.378	65.931	248
N	19.22	9.515	65.96	249
CA	19.844	10.843	66.0	249
C	20.24	11.387	67.376	249
N	19.936	10.645	68.424	250
CA	20.2	11.14	69.761	250
C	21.611	11.672	69.891	250
N	21.726	12.784	70.601	251
CA	23.051	13.353	70.862	251
C	23.703	12.527	71.996	251
N	24.952	12.167	71.789	252
CA	25.593	11.15	72.659	252
C	26.469	11.82	73.718	252
N	26.77	11.059	74.742	253
CA	27.597	11.577	75.801	253
C	28.885	12.241	75.339	253
N	29.1	13.475	75.757	254
CA	30.314	14.186	75.307	254
C	31.614	13.573	75.874	254
N	31.456	12.735	76.912	255
CA	32.57	12.005	77.515	255
C	32.985	10.943	76.51	255
N	31.999	10.27	75.897	256
CA	32.345	9.259	74.925	256
C	32.897	9.962	73.705	256
N	32.355	11.134	73.308	257
CA	32.96	11.871	72.19	257
C	34.439	12.196	72.368	257
N	34.814	12.628	73.573	258
CA	36.146	12.945	73.823	258
C	37.052	11.68	73.839	258
N	36.518	10.575	74.353	259
CA	37.157	9.224	74.285	259
C	37.603	8.878	72.818	259
N	36.735	9.13	71.854	260
CA	37.113	8.923	70.447	260
C	38.076	9.936	69.865	260
N	37.941	11.183	70.295	261
CA	38.75	12.263	69.814	261
C	40.184	11.888	70.212	261
N	40.265	11.283	71.385	262
CA	41.552	10.886	71.986	262
C	42.266	9.747	71.29	262
N	41.533	8.916	70.569	263
CA	42.117	7.861	69.756	263
C	42.097	8.196	68.254	263
N	41.805	9.455	67.933	264
CA	41.862	9.964	66.57	264
C	40.79	9.379	65.655	264
N	39.674	8.919	66.2	265
CA	38.691	8.335	65.275	265
C	37.401	9.188	65.288	265
N	37.07	9.844	64.176	266
CA	36.032	10.899	64.203	266
C	34.711	10.406	63.679	266
N	34.656	9.16	63.244	267
CA	33.363	8.569	62.832	267
C	33.22	7.238	63.558	267
N	32.061	6.914	64.127	268
CA	31.908	5.548	64.72	268
C	30.526	4.989	64.542	268
N	30.417	3.666	64.624	269
CA	29.088	3.012	64.555	269
C	29.262	1.762	65.358	269
N	28.294	1.424	66.203	270
CA	28.319	0.065	66.8	270
C	26.997	-0.648	66.742	270
N	27.035	-1.991	66.693	271
CA	25.811	-2.742	66.616	271
C	25.879	-3.744	67.745	271
N	24.82	-3.864	68.584	272
CA	24.792	-4.924	69.605	272
C	24.703	-6.344	69.082	272
N	25.429	-7.237	69.755	273
CA	25.307	-8.654	69.47	273
C	24.509	-9.197	70.635	273
N	23.252	-9.554	70.383	274
CA	22.359	-9.957	71.466	274
C	22.181	-11.457	71.496	274
N	22.267	-12.03	72.684	275
CA	21.973	-13.457	72.923	275
C	20.775	-13.576	73.852	275
N	19.614	-13.746	73.222	276
CA	18.345	-13.55	73.9	276
C	18.285	-12.149	74.462	276
N	18.312	-12.056	75.78	277
CA	18.244	-10.784	76.46	277
C	19.634	-10.226	76.782	277
N	20.677	-11.013	76.596	278
CA	21.998	-10.63	77.107	278
C	22.821	-9.864	76.089	278
N	23.42	-8.754	76.503	279
CA	24.342	-8.058	75.637	279
C	25.618	-8.857	75.579	279
N	25.834	-9.565	74.456	280
CA	26.963	-10.477	74.358	280
C	28.24	-9.758	73.971	280
N	28.129	-8.776	73.1	281
CA	29.28	-8.079	72.604	281
C	28.784	-6.993	71.658	281
N	29.744	-6.371	70.97	282
CA	29.459	-5.294	69.979	282
C	30.225	-5.583	68.71	282
N	29.607	-5.262	67.566	283
CA	30.409	-4.895	66.395	283
C	30.743	-3.383	66.479	283
N	32.013	-2.998	66.711	284
CA	32.424	-1.605	66.954	284
C	33.189	-1.157	65.713	284
N	32.808	-0.002	65.155	285
CA	33.438	0.424	63.907	285
C	34.037	1.822	64.11	285
N	35.33	2.053	63.7	286
CA	36.024	3.319	63.855	286
C	36.476	3.834	62.53	286
N	36.394	5.159	62.35	287
CA	36.89	5.747	61.108	287
C	37.684	6.933	61.489	287
N	38.809	7.211	60.809	288
CA	39.558	8.429	61.217	288
C	38.776	9.709	60.907	288
N	38.145	9.73	59.756	289
CA	37.397	10.901	59.316	289
C	35.949	10.605	59.601	289
N	35.096	11.66	59.599	290
CA	33.617	11.446	59.771	290
C	33.151	10.409	58.749	290
N	32.137	9.592	59.11	291
CA	31.699	8.56	58.159	291
C	30.181	8.459	58.242	291
N	29.535	8.937	57.182	292
CA	28.037	9.016	57.148	292
C	27.615	7.668	56.52	292
N	26.988	6.822	57.303	293
CA	26.742	5.418	56.763	293
C	25.386	5.391	56.018	293
N	25.453	4.951	54.762	294
CA	24.242	4.707	53.91	294
C	23.185	3.899	54.694	294
N	21.923	4.192	54.41	295
CA	20.899	3.597	55.181	295
C	20.831	2.067	54.882	295
N	20.963	1.692	53.614	296
CA	20.914	0.248	53.193	296
C	22.056	-0.485	53.984	296
N	23.173	0.227	54.113	297
CA	24.365	-0.304	54.847	297
C	24.127	-0.63	56.267	297
N	23.613	0.325	57.047	298
CA	23.27	0.074	58.423	298
C	22.317	-1.121	58.576	298
N	21.28	-1.243	57.731	299
CA	20.447	-2.454	57.773	299
C	21.225	-3.742	57.493	299
N	22.14	-3.729	56.519	300
CA	22.899	-4.982	56.221	300
C	23.749	-5.34	57.423	300
N	24.41	-4.313	58.028	301
CA	25.273	-4.51	59.261	301
C	24.424	-5.09	60.403	301
N	23.207	-4.55	60.61	302
CA	22.281	-5.1	61.604	302
C	21.949	-6.594	61.367	302
N	21.68	-6.945	60.125	303
CA	21.372	-8.349	59.776	303
C	22.6	-9.242	60.021	303
N	23.805	-8.763	59.627	304
CA	25.076	-9.496	59.954	304
C	25.118	-9.772	61.474	304
N	24.868	-8.736	62.28	305
CA	24.885	-8.927	63.739	305
C	23.877	-9.956	64.24	305
N	22.678	-9.994	63.635	306
CA	21.645	-10.921	64.044	306
C	22.034	-12.343	63.673	306
N	22.611	-12.524	62.482	307
CA	22.985	-13.869	62.011	307
C	24.226	-14.36	62.805	307
N	25.166	-13.447	63.074	308
CA	26.315	-13.798	63.935	308
C	25.844	-14.291	65.327	308
N	24.916	-13.565	65.937	309
CA	24.395	-13.922	67.265	309
C	23.726	-15.269	67.249	309
N	23.077	-15.573	66.142	310
CA	22.506	-16.909	65.986	310
C	23.584	-17.965	65.946	310
N	24.622	-17.677	65.189	311
CA	25.703	-18.595	65.019	311
C	26.462	-18.786	66.322	311
N	26.634	-17.698	67.055	312
CA	27.31	-17.784	68.366	312
C	26.508	-18.713	69.252	312
N	25.178	-18.564	69.188	313
CA	24.245	-19.416	69.92	313
C	24.374	-20.882	69.55	313
N	24.395	-21.176	68.252	314
CA	24.622	-22.55	67.807	314
C	25.923	-23.116	68.378	314
N	27.04	-22.439	68.126	315
CA	28.315	-22.838	68.75	315
C	28.265	-22.967	70.282	315
N	27.429	-22.175	70.96	316
CA	27.169	-22.442	72.393	316
C	26.582	-23.828	72.662	316
N	25.711	-24.322	71.769	317
CA	25.571	-25.771	71.485	317
C	24.249	-26.491	71.754	317
N	23.103	-25.855	71.444	318
CA	21.768	-26.596	71.437	318
C	20.425	-25.833	71.697	318
N	19.538	-26.458	72.495	319
CA	18.15	-26.012	72.78	319
C	17.749	-26.162	74.268	319
N	17.648	-25.023	74.965	320
CA	17.389	-24.979	76.417	320
C	15.953	-25.375	76.767	320
N	15.942	-25.829	78.313	321
CA	16.161	-26.699	79.788	321
C	15.425	-27.586	81.032	321
N	15.39	-28.66	82.192	322
CA	15.461	-29.351	83.718	322
C	14.76	-29.187	85.28	322
N	14.803	-30.024	86.619	323
CA	14.496	-30.043	88.244	323
C	13.125	-29.926	89.123	323
N	12.943	-30.461	90.469	324
CA	12.453	-31.012	91.849	324
C	11.899	-32.305	92.67	324
N	11.637	-32.476	94.077	325
CA	11.43	-33.598	95.136	325
C	11.095	-33.241	96.59	325
N	11.232	-34.253	97.523	326
CA	11.497	-34.215	99.038	326
C	11.256	-35.609	99.669	326
N	11.693	-35.649	100.951	327
CA	11.72	-36.863	101.777	327
C	12.464	-38.043	101.132	327
N	-7.327	-73.868	-0.146	1
CA	-6.807	-72.775	0.714	1
C	-6.436	-72.596	2.215	1
N	-7.134	-71.821	3.101	2
CA	-7.11	-71.232	4.523	2
C	-6.504	-70.158	5.59	2
N	-5.589	-68.996	5.661	3
CA	-5.342	-67.512	6.012	3
C	-4.689	-67.11	7.433	3
N	-4.763	-65.973	8.26	4
CA	-4.174	-65.517	9.602	4
C	-4.372	-64.092	10.311	4
N	-4.082	-63.291	11.532	5
CA	-3.467	-61.886	12.024	5
C	-2.964	-61.355	13.58	5
N	-2.316	-60.132	14.303	6
CA	-2.141	-59.143	15.68	6
C	-1.206	-57.871	16.442	6
N	-1.222	-56.778	17.544	7
CA	-0.317	-55.927	18.637	7
C	-0.282	-54.464	19.518	7
N	0.645	-53.733	20.511	8
CA	1.236	-52.257	20.989	8
C	2.251	-51.356	21.996	8
N	2.316	-49.981	22.657	9
CA	3.032	-48.581	23.187	9
C	4.404	-48.011	24.236	9
N	5.182	-46.802	25.139	10
CA	5.815	-46.138	26.635	10
C	6.794	-44.884	27.644	10
N	7.606	-43.569	27.415	11
CA	6.625	-42.732	26.657	11
C	5.53	-42.161	27.57	11
N	5.834	-41.059	28.26	12
CA	7.099	-40.33	28.099	12
C	8.239	-40.847	29.02	12
N	9.368	-41.209	28.398	13
CA	10.646	-41.551	29.07	13
C	11.806	-40.805	28.384	13
N	11.414	-39.897	27.499	14
CA	12.307	-38.971	26.839	14
C	12.664	-37.748	27.783	14
N	12.358	-37.851	29.093	15
CA	12.312	-36.673	30.028	15
C	13.632	-35.871	30.15	15
N	14.66	-36.59	30.63	16
CA	16.076	-36.169	30.76	16
C	16.735	-35.582	29.49	16
N	16.144	-35.836	28.294	17
CA	16.696	-35.477	26.962	17
C	16.415	-34.052	26.434	17
N	15.343	-33.409	26.887	18
CA	15.009	-32.086	26.351	18
C	16.104	-31.013	26.688	18
N	16.621	-30.256	25.658	19
CA	17.672	-29.342	26.055	19
C	17.013	-28.019	26.505	19
N	16.566	-28.031	27.775	20
CA	15.836	-26.896	28.354	20
C	16.667	-25.621	28.489	20
N	18.004	-25.749	28.433	21
CA	18.873	-24.607	28.577	21
C	19.059	-23.817	27.309	21
N	18.612	-24.35	26.151	22
CA	18.796	-23.646	24.847	22
C	17.488	-23.473	24.078	22
N	16.498	-22.814	24.698	23
CA	15.129	-22.761	24.029	23
C	15.118	-21.667	22.916	23
N	16.171	-20.835	22.848	24
CA	16.241	-19.679	21.944	24
C	15.128	-18.647	22.076	24
N	14.615	-18.477	23.282	25
CA	13.437	-17.648	23.523	25
C	13.302	-17.335	24.992	25
N	12.581	-16.252	25.286	26
CA	12.36	-15.875	26.686	26
C	10.852	-15.688	26.892	26
N	10.475	-15.528	28.17	27
CA	9.141	-15.055	28.552	27
C	8.982	-13.52	28.283	27
N	7.789	-13.098	27.844	28
CA	7.569	-11.771	27.284	28
C	7.562	-10.63	28.284	28
N	7.62	-10.892	29.572	29
CA	7.53	-9.814	30.54	29
C	8.833	-9.061	30.782	29
N	9.955	-9.493	30.195	30
CA	11.144	-8.639	30.174	30
C	11.837	-8.718	28.834	30
N	13.033	-8.141	28.731	31
CA	13.858	-8.091	27.543	31
C	15.208	-8.672	27.924	31
N	15.898	-9.206	26.912	32
CA	17.199	-9.802	27.196	32
C	18.177	-9.273	26.164	32
N	19.362	-8.881	26.616	33
CA	20.422	-8.596	25.655	33
C	21.588	-9.5	26.023	33
N	22.294	-9.993	25.001	34
CA	23.527	-10.772	25.171	34
C	24.626	-9.918	24.601	34
N	25.669	-9.69	25.409	35
CA	26.819	-8.819	25.062	35
C	28.092	-9.616	24.982	35
N	28.978	-9.281	24.047	36
CA	30.364	-9.722	24.15	36
C	31.07	-8.992	25.324	36
N	32.247	-9.506	25.697	37
CA	33.045	-8.899	26.805	37
C	33.298	-7.383	26.613	37
N	33.407	-6.95	25.355	38
CA	33.645	-5.537	25.057	38
C	32.373	-4.708	24.892	38
N	31.266	-5.336	25.253	39
CA	29.946	-4.753	25.354	39
C	29.277	-4.616	24.041	39
N	29.822	-5.203	22.961	40
CA	28.994	-5.16	21.746	40
C	27.754	-6.055	21.923	40
N	26.604	-5.616	21.407	41
CA	25.397	-6.447	21.482	41
C	25.514	-7.496	20.421	41
N	25.372	-8.752	20.86	42
CA	25.475	-9.878	19.956	42
C	24.115	-10.529	19.663	42
N	23.143	-10.352	20.555	43
CA	21.823	-10.972	20.347	43
C	20.853	-10.283	21.226	43
N	19.563	-10.392	20.906	44
CA	18.592	-9.681	21.74	44
C	17.228	-10.317	21.555	44
N	16.349	-10.138	22.555	45
CA	14.968	-10.595	22.412	45
C	14.174	-9.781	21.412	45
N	13.244	-10.443	20.695	46
CA	12.552	-9.792	19.582	46
C	11.609	-8.681	20.041	46
N	11.413	-8.535	21.356	47
CA	10.513	-7.496	21.944	47
C	11.223	-6.174	22.256	47
N	12.512	-6.112	21.882	48
CA	13.364	-4.929	22.064	48
C	12.847	-3.697	21.349	48
N	12.199	-3.869	20.18	49
CA	11.514	-2.67	19.635	49
C	10.356	-2.114	20.468	49
N	9.486	-2.986	20.979	50
CA	8.286	-2.555	21.711	50
C	8.654	-1.862	23.003	50
N	8.773	-2.656	24.064	51
CA	9.116	-2.139	25.391	51
C	10.222	-1.038	25.34	51
N	10.96	-0.947	24.215	52
CA	12.132	-0.063	24.12	52
C	12.515	0.462	22.731	52
N	13.599	-0.068	22.167	53
CA	14.339	0.618	21.114	53
C	13.674	0.62	19.763	53
N	13.971	-0.439	18.997	54
CA	13.575	-0.621	17.577	54
C	14.81	-0.653	16.646	54
N	15.313	-1.828	16.234	55
CA	14.759	-3.167	16.474	55
C	15.85	-4.202	16.17	55
N	16.178	-5.064	17.152	56
CA	17.269	-6.109	17.107	56
C	18.319	-5.978	15.996	56
N	17.953	-6.313	14.76	57
CA	18.843	-6.109	13.616	57
C	19.448	-4.715	13.659	57
N	18.835	-3.85	14.478	58
CA	19.237	-2.45	14.671	58
C	20.185	-2.249	15.826	58
N	20.005	-3.025	16.904	59
CA	20.969	-3.024	17.995	59
C	22.176	-3.96	17.8	59
N	22.005	-5.037	17.033	60
CA	23.098	-6.026	16.807	60
C	24.35	-5.36	16.231	60
N	25.455	-5.542	16.939	61
CA	26.709	-4.943	16.613	61
C	26.924	-3.571	17.227	61
N	25.891	-2.96	17.804	62
CA	26.06	-1.67	18.493	62
C	26.625	-1.927	19.873	62
N	27.35	-0.967	20.43	63
CA	27.826	-1.076	21.822	63
C	26.656	-0.865	22.773	63
N	26.51	-1.72	23.795	64
CA	25.431	-1.54	24.78	64
C	25.593	-0.209	25.452	64
N	26.842	0.249	25.589	65
CA	27.104	1.582	26.086	65
C	26.491	2.769	25.251	65
N	26.143	2.566	23.991	66
CA	25.511	3.694	23.264	66
C	24.025	3.476	23.328	66
N	23.648	2.515	24.133	67
CA	22.268	2.127	24.199	67
C	21.745	2.517	25.571	67
N	22.47	2.18	26.639	68
CA	22.007	2.614	27.956	68
C	22.713	3.848	28.514	68
N	22.242	4.295	29.67	69
CA	22.772	5.388	30.496	69
C	24.237	5.407	30.725	69
N	24.763	6.61	30.94	70
CA	26.128	6.733	31.461	70
C	26.251	6.06	32.844	70
N	25.274	6.278	33.723	71
CA	25.33	5.623	35.042	71
C	25.262	4.126	34.905	71
N	24.483	3.651	33.947	72
CA	24.339	2.183	33.824	72
C	25.666	1.539	33.328	72
N	26.314	2.232	32.402	73
CA	27.568	1.702	31.876	73
C	28.586	1.663	33.002	73
N	28.616	2.716	33.812	74
CA	29.588	2.709	34.935	74
C	29.289	1.577	35.925	74
N	28.042	1.497	36.358	75
CA	27.636	0.412	37.259	75
C	27.992	-0.976	36.687	75
N	27.78	-1.174	35.391	76
CA	28.102	-2.515	34.811	76
C	29.633	-2.775	34.791	76
N	30.432	-1.76	34.484	77
CA	31.898	-1.937	34.424	77
C	32.434	-2.267	35.825	77
N	31.891	-1.578	36.843	78
CA	32.247	-1.833	38.263	78
C	31.896	-3.284	38.59	78
N	30.657	-3.656	38.29	79
CA	30.153	-4.99	38.623	79
C	30.97	-6.056	37.966	79
N	31.294	-5.859	36.691	80
CA	32.079	-6.878	35.963	80
C	33.53	-6.922	36.358	80
N	34.068	-5.828	36.918	81
CA	35.458	-5.85	37.367	81
C	35.564	-6.476	38.771	81
N	34.453	-6.55	39.503	82
CA	34.482	-7.042	40.903	82
C	35.042	-8.45	40.899	82
N	36.246	-8.65	41.481	83
CA	36.857	-9.984	41.4	83
C	36.039	-11.016	42.205	83
N	36.268	-12.3	41.932	84
CA	35.403	-13.366	42.433	84
C	34.185	-13.421	41.538	84
N	34.097	-14.467	40.72	85
CA	33.044	-14.597	39.71	85
C	31.687	-13.972	40.104	85
N	30.928	-14.689	40.938	86
CA	29.48	-14.482	41.111	86
C	28.765	-14.735	39.781	86
N	27.606	-15.386	39.84	87
CA	26.739	-15.401	38.658	87
C	25.766	-14.203	38.665	87
N	26.392	-13.058	38.425	88
CA	25.732	-11.812	38.207	88
C	24.99	-11.315	39.426	88
N	24.106	-10.369	39.202	89
CA	23.521	-9.591	40.299	89
C	22.568	-8.585	39.733	89
N	21.747	-7.987	40.61	90
CA	20.913	-6.852	40.196	90
C	21.751	-5.677	39.766	90
N	21.142	-4.871	38.878	91
CA	21.731	-3.651	38.371	91
C	20.634	-2.719	37.926	91
N	20.675	-1.477	38.387	92
CA	19.664	-0.522	37.885	92
C	20.005	-0.064	36.452	92
N	19.019	-0.096	35.559	93
CA	19.272	0.177	34.156	93
C	18.375	1.304	33.699	93
N	18.924	2.188	32.866	94
CA	18.131	3.251	32.271	94
C	18.56	3.465	30.834	94
N	17.623	3.786	29.945	95
CA	17.987	4.313	28.63	95
C	17.482	5.737	28.523	95
N	18.105	6.487	27.619	96
CA	17.485	7.682	27.025	96
C	17.574	7.532	25.5	96
N	16.435	7.656	24.817	97
CA	16.335	7.375	23.368	97
C	15.855	8.61	22.556	97
N	15.453	8.43	21.265	98
CA	14.827	9.568	20.568	98
C	13.583	10.085	21.295	98
N	13.054	9.27	22.206	99
CA	11.797	9.546	22.895	99
C	11.983	10.34	24.223	99
N	12.273	9.701	25.367	100
CA	12.456	8.254	25.529	100
C	13.329	7.85	26.714	100
N	12.814	8.011	27.935	101
CA	13.599	7.7	29.132	101
C	12.919	6.709	30.063	101
N	13.45	5.49	30.094	102
CA	12.866	4.41	30.887	102
C	13.885	3.797	31.851	102
N	13.428	3.497	33.066	103
CA	14.201	2.75	34.084	103
C	13.795	1.262	34.145	103
N	14.743	0.341	34.291	104
CA	14.345	-1.067	34.43	104
C	15.095	-1.625	35.61	104
N	14.465	-2.591	36.286	105
CA	15.174	-3.522	37.132	105
C	15.968	-4.475	36.286	105
N	17.28	-4.353	36.326	106
CA	18.142	-5.193	35.533	106
C	18.766	-6.208	36.41	106
N	19.146	-7.306	35.812	107
CA	20.122	-8.226	36.375	107
C	21.049	-8.665	35.298	107
N	22.31	-8.711	35.639	108
CA	23.272	-9.215	34.701	108
C	23.774	-10.486	35.176	108
N	24.391	-11.233	34.261	109
CA	25.117	-12.442	34.572	109
C	26.115	-12.769	33.482	109
N	27.144	-13.559	33.819	110
CA	28.108	-14.063	32.851	110
C	27.903	-15.535	32.632	110
N	27.857	-15.973	31.362	111
CA	27.767	-17.43	31.039	111
C	28.111	-17.686	29.622	111
N	28.824	-18.788	29.303	112
CA	28.929	-19.193	27.875	112
C	29.821	-18.11	27.181	112
N	30.64	-17.399	27.97	113
CA	31.494	-16.302	27.458	113
C	30.752	-15.045	26.962	113
N	29.534	-14.899	27.396	114
CA	28.758	-13.687	27.102	114
C	28.385	-13.03	28.444	114
N	28.067	-11.735	28.376	115
CA	27.475	-11.009	29.485	115
C	26.042	-10.791	29.079	115
N	25.15	-11.196	29.942	116
CA	23.678	-11.065	29.721	116
C	23.089	-9.962	30.532	116
N	22.218	-9.202	29.926	117
CA	21.498	-8.245	30.685	117
C	20.031	-8.517	30.504	117
N	19.352	-8.807	31.601	118
CA	17.886	-8.88	31.622	118
C	17.239	-7.764	32.305	118
N	16.172	-7.291	31.679	119
CA	15.475	-6.102	32.113	119
C	14.023	-6.477	32.394	119
N	13.595	-6.103	33.589	120
CA	12.207	-6.194	33.948	120
C	11.666	-4.822	34.336	120
N	10.496	-4.435	33.784	121
CA	9.92	-3.137	34.165	121
C	9.538	-3.209	35.613	121
N	9.77	-2.112	36.356	122
CA	9.533	-2.194	37.803	122
C	8.024	-2.295	38.086	122
N	7.627	-3.336	38.828	123
CA	6.217	-3.733	39.077	123
C	5.731	-3.158	40.425	123
N	4.683	-3.759	41.0	124
CA	4.172	-3.503	42.38	124
C	4.084	-2.049	42.883	124
N	4.902	-1.165	42.305	125
CA	4.784	0.307	42.426	125
C	5.067	0.906	43.82	125
N	6.14	0.418	44.453	126
CA	6.65	0.869	45.784	126
C	5.792	0.485	47.029	126
N	6.353	-0.299	47.963	127
CA	7.75	-0.819	47.945	127
C	8.899	0.233	48.102	127
N	8.868	0.969	49.216	128
CA	10.03	1.734	49.717	128
C	11.151	0.76	50.12	128
N	12.331	0.854	49.481	129
CA	13.234	-0.278	49.774	129
C	13.696	-0.395	51.256	129
N	13.857	0.736	51.949	130
CA	14.377	0.702	53.323	130
C	13.324	-0.088	54.163	130
N	12.036	0.193	53.93	131
CA	10.977	-0.522	54.686	131
C	10.953	-2.058	54.375	131
N	11.213	-2.395	53.117	132
CA	11.251	-3.767	52.661	132
C	12.473	-4.483	53.287	132
N	13.652	-3.817	53.31	133
CA	14.841	-4.468	53.969	133
C	14.549	-4.821	55.44	133
N	13.995	-3.829	56.166	134
CA	13.613	-4.004	57.597	134
C	12.669	-5.219	57.744	134
N	11.67	-5.342	56.854	135
CA	10.715	-6.432	56.995	135
C	11.418	-7.769	56.684	135
N	12.344	-7.719	55.753	136
CA	13.175	-8.964	55.432	136
C	13.962	-9.374	56.686	136
N	14.56	-8.384	57.391	137
CA	15.282	-8.743	58.616	137
C	14.377	-9.399	59.638	137
N	13.138	-8.87	59.742	138
CA	12.214	-9.441	60.686	138
C	11.783	-10.866	60.308	138
N	11.574	-11.067	59.022	139
CA	11.29	-12.408	58.539	139
C	12.406	-13.405	58.88	139
N	13.647	-12.96	58.684	140
CA	14.826	-13.807	58.997	140
C	14.88	-14.096	60.494	140
N	14.549	-13.094	61.319	141
CA	14.529	-13.355	62.739	141
C	13.541	-14.449	63.118	141
N	12.343	-14.446	62.494	142
CA	11.303	-15.427	62.895	142
C	11.726	-16.792	62.479	142
N	12.395	-16.856	61.308	143
CA	12.834	-18.126	60.772	143
C	13.933	-18.717	61.663	143
N	14.913	-17.868	62.012	144
CA	16.022	-18.332	62.866	144
C	15.62	-18.711	64.265	144
N	14.426	-18.311	64.677	145
CA	13.944	-18.734	66.001	145
C	13.284	-20.124	65.99	145
N	13.001	-20.674	64.806	146
CA	12.51	-22.08	64.76	146
C	13.635	-23.039	65.183	146
N	13.269	-24.107	65.879	147
CA	14.208	-25.041	66.511	147
C	14.003	-26.507	66.11	147
N	13.061	-26.792	65.199	148
CA	12.961	-28.167	64.586	148
C	12.911	-28.076	63.073	148
N	13.122	-29.205	62.42	149
CA	13.107	-29.156	60.941	149
C	11.717	-28.743	60.407	149
N	10.638	-29.394	60.855	150
CA	9.309	-29.007	60.325	150
C	9.025	-27.562	60.648	150
N	9.415	-27.098	61.828	151
CA	8.969	-25.71	62.139	151
C	9.734	-24.634	61.413	151
N	11.024	-24.887	61.19	152
CA	11.883	-24.036	60.337	152
C	11.304	-24.032	58.95	152
N	11.017	-25.24	58.41	153
CA	10.358	-25.311	57.063	153
C	9.008	-24.577	56.978	153
N	8.153	-24.735	58.0	154
CA	6.902	-23.999	57.999	154
C	7.079	-22.504	58.079	154
N	8.073	-22.054	58.885	155
CA	8.339	-20.62	59.037	155
C	8.83	-20.094	57.738	155
N	9.704	-20.874	57.057	156
CA	10.176	-20.475	55.739	156
C	9.014	-20.337	54.768	156
N	8.111	-21.283	54.743	157
CA	6.985	-21.221	53.761	157
C	6.05	-20.009	54.086	157
N	5.781	-19.811	55.376	158
CA	4.957	-18.631	55.826	158
C	5.586	-17.313	55.436	158
N	6.904	-17.156	55.651	159
CA	7.53	-15.92	55.255	159
C	7.499	-15.642	53.768	159
N	7.809	-16.667	52.969	160
CA	7.782	-16.549	51.541	160
C	6.329	-16.219	51.099	160
N	5.364	-16.883	51.676	161
CA	3.986	-16.6	51.299	161
C	3.617	-15.133	51.597	161
N	3.999	-14.682	52.79	162
CA	3.771	-13.286	53.194	162
C	4.342	-12.284	52.207	162
N	5.578	-12.465	51.787	163
CA	6.174	-11.487	50.932	163
C	5.751	-11.589	49.45	163
N	5.302	-12.788	49.001	164
CA	5.029	-12.953	47.58	164
C	3.52	-12.994	47.251	164
N	2.696	-13.287	48.254	165
CA	1.213	-13.349	48.09	165
C	0.775	-14.644	47.403	165
N	1.698	-15.601	47.205	166
CA	1.37	-16.853	46.498	166
C	0.277	-17.628	47.244	166
N	-0.634	-18.191	46.475	167
CA	-1.707	-18.995	47.03	167
C	-1.258	-20.19	47.887	167
N	-0.191	-20.873	47.464	168
CA	0.295	-22.081	48.128	168
C	1.831	-22.105	48.027	168
N	2.497	-22.141	49.184	169
CA	3.953	-22.225	49.274	169
C	4.256	-23.527	50.01	169
N	5.109	-24.387	49.386	170
CA	5.417	-25.741	49.844	170
C	6.927	-25.95	50.02	170
N	7.306	-26.652	51.085	171
CA	8.683	-27.03	51.238	171
C	8.814	-28.483	50.738	171
N	9.48	-28.687	49.605	172
CA	9.555	-30.032	49.004	172
C	10.92	-30.613	49.276	172
N	10.97	-31.736	49.978	173
CA	12.244	-32.318	50.36	173
C	12.561	-33.493	49.48	173
N	13.748	-33.484	48.878	174
CA	14.201	-34.652	48.049	174
C	14.674	-35.807	48.881	174
N	14.293	-37.035	48.462	175
CA	14.817	-38.215	49.091	175
C	16.105	-38.569	48.358	175
N	16.816	-39.58	48.825	176
CA	18.07	-39.968	48.128	176
C	17.938	-40.415	46.67	176
N	16.741	-40.834	46.225	177
CA	16.58	-41.11	44.785	177
C	15.942	-39.941	44.0	177
N	15.881	-38.781	44.62	178
CA	15.279	-37.556	44.01	178
C	13.794	-37.624	43.782	178
N	13.176	-38.677	44.303	179
CA	11.717	-38.563	44.583	179
C	11.619	-37.496	45.708	179
N	10.407	-37.067	46.051	180
CA	10.273	-36.008	47.075	180
C	8.934	-36.046	47.814	180
N	8.864	-35.246	48.879	181
CA	7.685	-35.121	49.723	181
C	7.502	-33.672	50.141	181
N	6.25	-33.227	50.254	182
CA	5.941	-31.892	50.786	182
C	5.912	-31.991	52.28	182
N	6.861	-31.349	52.918	183
CA	6.979	-31.513	54.34	183
C	6.457	-30.339	55.13	183
N	6.226	-29.202	54.466	184
CA	5.636	-28.06	55.154	184
C	4.923	-27.267	54.104	184
N	3.945	-26.47	54.536	185
CA	3.123	-25.746	53.566	185
C	2.491	-24.543	54.202	185
N	2.335	-23.444	53.475	186
CA	1.461	-22.362	53.92	186
C	0.591	-21.975	52.715	186
N	-0.721	-21.994	52.876	187
CA	-1.582	-21.707	51.73	187
C	-2.868	-20.99	52.13	187
N	-3.484	-20.351	51.145	188
CA	-4.879	-19.839	51.221	188
C	-5.815	-21.001	51.372	188
N	-6.87	-20.84	52.195	189
CA	-7.779	-21.928	52.522	189
C	-8.597	-22.392	51.31	189
N	-8.695	-21.541	50.296	190
CA	-9.434	-21.902	49.087	190
C	-8.729	-22.938	48.227	190
N	-7.387	-23.045	48.323	191
CA	-6.67	-24.079	47.535	191
C	-6.467	-25.399	48.322	191
N	-6.294	-26.499	47.593	192
CA	-5.96	-27.824	48.123	192
C	-4.593	-27.839	48.865	192
N	-4.503	-28.609	49.948	193
CA	-3.217	-28.856	50.61	193
C	-2.446	-29.943	49.886	193
N	-1.123	-29.772	49.711	194
CA	-0.286	-30.853	49.184	194
C	0.576	-31.457	50.314	194
N	0.279	-31.115	51.568	195
CA	1.126	-31.535	52.683	195
C	1.163	-33.066	52.841	195
N	2.348	-33.68	52.964	196
CA	2.386	-35.135	53.11	196
C	2.407	-35.897	51.795	196
N	2.219	-35.191	50.677	197
CA	2.161	-35.849	49.377	197
C	3.568	-36.149	48.879	197
N	3.688	-37.277	48.199	198
CA	4.947	-37.776	47.6	198
C	4.853	-37.738	46.108	198
N	5.993	-37.465	45.442	199
CA	6.038	-37.251	44.033	199
C	7.259	-38.041	43.569	199
N	7.148	-38.693	42.396	200
CA	8.316	-39.41	41.859	200
C	9.432	-38.524	41.316	200
N	10.621	-39.104	41.246	201
CA	11.785	-38.397	40.662	201
C	11.519	-37.779	39.26	201
N	10.725	-38.453	38.413	202
CA	10.569	-38.027	37.011	202
C	9.757	-36.721	36.84	202
N	9.073	-36.3	37.894	203
CA	8.452	-34.965	37.931	203
C	9.447	-33.809	37.759	203
N	10.708	-34.002	38.211	204
CA	11.784	-33.023	37.955	204
C	12.966	-33.82	37.419	204
N	13.069	-33.919	36.102	205
CA	13.995	-34.87	35.476	205
C	15.426	-34.396	35.65	205
N	16.373	-35.285	35.292	206
CA	17.764	-35.069	35.755	206
C	18.39	-33.753	35.269	206
N	18.06	-33.361	34.043	207
CA	18.688	-32.14	33.453	207
C	18.101	-30.88	34.132	207
N	16.854	-30.97	34.578	208
CA	16.302	-29.861	35.413	208
C	16.928	-29.801	36.783	208
N	17.095	-30.963	37.441	209
CA	17.726	-30.951	38.727	209
C	19.129	-30.388	38.643	209
N	19.855	-30.712	37.565	210
CA	21.2	-30.146	37.41	210
C	21.136	-28.624	37.327	210
N	20.21	-28.156	36.514	211
CA	20.059	-26.709	36.279	211
C	19.723	-26.051	37.618	211
N	18.913	-26.746	38.432	212
CA	18.384	-26.122	39.66	212
C	19.389	-26.199	40.821	212
N	20.426	-26.979	40.605	213
CA	21.523	-26.995	41.537	213
C	22.471	-25.834	41.315	213
N	22.637	-25.414	40.078	214
CA	23.598	-24.33	39.769	214
C	22.925	-22.972	39.707	214
N	21.603	-22.948	39.454	215
CA	20.849	-21.723	39.331	215
C	19.62	-21.847	40.249	215
N	19.678	-21.191	41.419	216
CA	18.703	-21.581	42.441	216
C	17.375	-20.837	42.435	216
N	17.07	-20.011	41.427	217
CA	15.786	-19.274	41.464	217
C	15.126	-19.392	40.102	217
N	13.815	-19.629	40.05	218
CA	13.168	-19.567	38.733	218
C	11.789	-19.042	38.927	218
N	11.283	-18.348	37.921	219
CA	9.871	-17.864	38.062	219
C	9.192	-17.941	36.721	219
N	7.96	-18.394	36.737	220
CA	7.135	-18.397	35.501	220
C	5.812	-17.694	35.907	220
N	5.73	-16.367	35.679	221
CA	4.608	-15.674	36.292	221
C	3.273	-15.997	35.646	221
N	3.289	-16.366	34.366	222
CA	2.064	-16.766	33.647	222
C	2.416	-17.92	32.753	222
N	1.912	-19.093	33.108	223
CA	2.28	-20.268	32.36	223
C	1.759	-20.226	30.932	223
N	0.856	-19.303	30.605	224
CA	0.247	-19.331	29.268	224
C	0.933	-18.353	28.284	224
N	2.108	-17.868	28.634	225
CA	2.809	-16.848	27.85	225
C	3.162	-17.32	26.467	225
N	3.349	-16.387	25.543	226
CA	3.888	-16.712	24.23	226
C	5.39	-16.409	24.164	226
N	6.23	-17.419	23.869	227
CA	7.681	-17.166	23.89	227
C	8.105	-16.072	22.911	227
N	9.147	-15.325	23.285	228
CA	9.739	-14.292	22.443	228
C	11.085	-14.832	22.042	228
N	11.335	-14.924	20.751	229
CA	12.658	-15.406	20.371	229
C	13.813	-14.446	20.648	229
N	14.984	-15.046	20.862	230
CA	16.247	-14.353	20.976	230
C	16.928	-14.449	19.623	230
N	17.333	-13.311	19.073	231
CA	17.855	-13.301	17.705	231
C	19.128	-12.501	17.617	231
N	20.134	-13.049	16.925	232
CA	20.267	-14.431	16.455	232
C	20.434	-15.412	17.622	232
N	19.929	-16.613	17.494	233
CA	20.123	-17.567	18.593	233
C	21.391	-18.371	18.363	233
N	22.508	-17.661	18.505	234
CA	23.772	-18.176	18.104	234
C	24.787	-17.389	18.851	234
N	25.545	-18.087	19.674	235
CA	26.561	-17.438	20.454	235
C	27.742	-17.318	19.48	235
N	28.252	-16.091	19.197	236
CA	29.451	-16.032	18.297	236
C	30.685	-16.731	18.894	236
N	30.757	-16.861	20.215	237
CA	31.875	-17.52	20.861	237
C	31.858	-19.046	20.685	237
N	30.728	-19.609	20.255	238
CA	30.641	-21.077	20.164	238
C	30.101	-21.494	18.799	238
N	29.362	-20.639	18.1	239
CA	28.742	-21.091	16.841	239
C	27.584	-22.055	17.111	239
N	27.102	-22.03	18.363	240
CA	25.968	-22.843	18.751	240
C	24.919	-21.949	19.469	240
N	23.688	-22.509	19.727	241
CA	22.608	-21.737	20.364	241
C	23.049	-21.161	21.657	241
N	22.438	-20.034	22.009	242
CA	22.859	-19.35	23.218	242
C	22.362	-20.075	24.447	242
N	23.277	-20.369	25.37	243
CA	22.93	-21.057	26.621	243
C	22.328	-20.075	27.627	243
N	21.013	-20.24	27.839	244
CA	20.182	-19.384	28.691	244
C	19.996	-19.926	30.091	244
N	20.861	-20.85	30.485	245
CA	20.743	-21.5	31.864	245
C	20.597	-20.516	32.992	245
N	21.302	-19.406	32.926	246
CA	21.244	-18.423	34.017	246
C	20.306	-17.245	33.843	246
N	19.521	-17.265	32.761	247
CA	18.61	-16.247	32.482	247
C	17.26	-16.463	33.198	247
N	16.899	-15.472	34.005	248
CA	15.67	-15.507	34.781	248
C	14.476	-15.55	33.784	248
N	14.675	-14.933	32.616	249
CA	13.589	-14.871	31.63	249
C	13.518	-16.072	30.696	249
N	14.377	-17.065	30.897	250
CA	14.447	-18.252	29.999	250
C	13.043	-18.878	29.759	250
N	12.687	-19.14	28.507	251
CA	11.423	-19.821	28.237	251
C	11.586	-21.304	28.719	251
N	10.611	-21.82	29.417	252
CA	10.751	-23.175	30.044	252
C	10.131	-24.304	29.193	252
N	10.407	-25.52	29.615	253
CA	9.865	-26.719	28.945	253
C	8.336	-26.665	28.81	253
N	7.852	-26.859	27.578	254
CA	6.377	-26.917	27.464	254
C	5.704	-28.024	28.338	254
N	6.433	-29.112	28.634	255
CA	5.902	-30.262	29.413	255
C	5.562	-29.803	30.84	255
N	6.445	-28.998	31.399	256
CA	6.175	-28.433	32.713	256
C	4.976	-27.518	32.633	256
N	4.854	-26.691	31.602	257
CA	3.735	-25.741	31.533	257
C	2.411	-26.522	31.428	257
N	2.406	-27.59	30.614	258
CA	1.196	-28.483	30.563	258
C	0.84	-29.061	31.954	258
N	1.839	-29.579	32.653	259
CA	1.745	-30.067	34.046	259
C	1.146	-29.021	34.996	259
N	1.536	-27.748	34.819	260
CA	0.963	-26.687	35.658	260
C	-0.495	-26.375	35.313	260
N	-0.781	-26.365	34.023	261
CA	-2.144	-26.122	33.542	261
C	-3.05	-27.225	34.093	261
N	-2.508	-28.443	34.073	262
CA	-3.215	-29.612	34.593	262
C	-3.633	-29.492	36.057	262
N	-2.911	-28.762	36.888	263
CA	-3.302	-28.64	38.299	263
C	-3.908	-27.274	38.595	263
N	-4.18	-26.491	37.547	264
CA	-4.871	-25.196	37.701	264
C	-4.135	-24.034	38.361	264
N	-2.785	-24.016	38.26	265
CA	-1.938	-22.925	38.825	265
C	-1.187	-22.249	37.71	265
N	-1.599	-21.019	37.402	266
CA	-1.017	-20.255	36.271	266
C	0.178	-19.419	36.555	266
N	0.541	-19.346	37.823	267
CA	1.765	-18.621	38.257	267
C	2.623	-19.555	39.114	267
N	3.978	-19.609	38.915	268
CA	4.738	-20.507	39.736	268
C	6.124	-19.877	39.958	268
N	6.722	-20.23	41.083	269
CA	8.148	-19.83	41.345	269
C	8.724	-20.913	42.216	269
N	10.002	-21.23	42.021	270
CA	10.617	-22.056	43.043	270
C	12.022	-21.64	43.348	270
N	12.438	-21.871	44.581	271
CA	13.804	-21.518	45.029	271
C	14.479	-22.767	45.511	271
N	15.674	-23.087	45.052	272
CA	16.369	-24.281	45.502	272
C	16.87	-24.094	46.893	272
N	16.806	-25.165	47.657	273
CA	17.349	-25.183	48.996	273
C	18.651	-26.009	48.854	273
N	19.766	-25.291	48.921	274
CA	21.103	-25.914	48.732	274
C	21.864	-26.057	50.047	274
N	22.065	-27.319	50.403	275
CA	22.657	-27.745	51.639	275
C	24.023	-28.057	51.196	275
N	24.914	-27.109	51.414	276
CA	26.258	-27.194	50.84	276
C	26.162	-26.968	49.352	276
N	26.741	-27.868	48.562	277
CA	26.605	-27.742	47.104	277
C	25.576	-28.754	46.55	277
N	24.736	-29.238	47.453	278
CA	23.824	-30.327	47.163	278
C	22.344	-29.837	47.196	278
N	21.541	-30.328	46.26	279
CA	20.106	-29.978	46.158	279
C	19.219	-30.709	47.185	279
N	18.953	-30.066	48.314	280
CA	18.229	-30.747	49.414	280
C	16.722	-30.749	49.179	280
N	16.216	-29.726	48.511	281
CA	14.768	-29.57	48.29	281
C	14.468	-28.235	47.655	281
N	13.177	-27.867	47.583	282
CA	12.755	-26.625	46.91	282
C	11.742	-25.921	47.798	282
N	11.707	-24.579	47.703	283
CA	10.529	-23.861	48.165	283
C	9.725	-23.675	46.897	283
N	8.556	-24.313	46.793	284
CA	7.798	-24.363	45.536	284
C	6.518	-23.509	45.777	284
N	6.14	-22.674	44.809	285
CA	5.111	-21.699	45.072	285
C	4.187	-21.779	43.897	285
N	2.909	-21.878	44.181	286
CA	1.882	-21.926	43.119	286
C	0.838	-20.851	43.323	286
N	0.416	-20.214	42.235	287
CA	-0.681	-19.216	42.29	287
C	-1.74	-19.576	41.276	287
N	-3.007	-19.312	41.604	288
CA	-4.063	-19.673	40.687	288
C	-4.02	-18.829	39.424	288
N	-3.922	-17.521	39.588	289
CA	-3.613	-16.693	38.419	289
C	-2.164	-16.33	38.32	289
N	-1.808	-15.618	37.23	290
CA	-0.419	-15.112	37.044	290
C	-0.021	-14.238	38.237	290
N	1.253	-14.358	38.581	291
CA	1.779	-13.684	39.73	291
C	3.209	-13.232	39.398	291
N	3.363	-11.925	39.115	292
CA	4.73	-11.412	38.809	292
C	5.392	-11.028	40.114	292
N	6.62	-11.455	40.312	293
CA	7.364	-11.162	41.571	293
C	8.601	-10.37	41.216	293
N	8.699	-9.159	41.747	294
CA	9.884	-8.307	41.529	294
C	11.191	-8.929	41.981	294
N	12.275	-8.527	41.319	295
CA	13.637	-8.943	41.651	295
C	13.972	-8.817	43.136	295
N	13.577	-7.706	43.772	296
CA	13.815	-7.505	45.201	296
C	13.12	-8.602	46.018	296
N	11.867	-8.916	45.676	297
CA	11.163	-9.953	46.437	297
C	11.772	-11.352	46.191	297
N	12.159	-11.651	44.952	298
CA	12.894	-12.919	44.652	298
C	14.178	-13.02	45.464	298
N	14.835	-11.885	45.613	299
CA	16.075	-11.877	46.428	299
C	15.818	-12.223	47.865	299
N	14.751	-11.67	48.439	300
CA	14.337	-11.962	49.842	300
C	14.01	-13.449	49.952	300
N	13.291	-13.964	48.953	301
CA	13.006	-15.434	48.989	301
C	14.302	-16.304	48.891	301
N	15.222	-15.955	48.015	302
CA	16.553	-16.605	48.033	302
C	17.213	-16.544	49.384	302
N	17.196	-15.398	50.073	303
CA	17.851	-15.262	51.372	303
C	17.176	-16.203	52.39	303
N	15.855	-16.237	52.35	304
CA	15.144	-17.212	53.161	304
C	15.63	-18.658	52.921	304
N	15.774	-19.089	51.661	305
CA	16.184	-20.44	51.398	305
C	17.611	-20.632	51.894	305
N	18.429	-19.564	51.765	306
CA	19.819	-19.679	52.246	306
C	19.933	-19.857	53.785	306
N	19.152	-19.066	54.519	307
CA	19.15	-19.19	55.94	307
C	18.54	-20.576	56.327	307
N	17.422	-20.948	55.695	308
CA	16.802	-22.278	55.982	308
C	17.793	-23.415	55.748	308
N	18.501	-23.41	54.612	309
CA	19.619	-24.401	54.342	309
C	20.668	-24.491	55.427	309
N	21.103	-23.341	55.934	310
CA	22.032	-23.29	57.042	310
C	21.433	-23.941	58.308	310
N	20.201	-23.634	58.626	311
CA	19.516	-24.237	59.754	311
C	19.433	-25.77	59.623	311
N	19.042	-26.19	58.432	312
CA	18.887	-27.617	58.145	312
C	20.244	-28.319	58.42	312
N	21.333	-27.755	57.88	313
CA	22.675	-28.248	58.185	313
C	23.048	-28.328	59.657	313
N	22.74	-27.262	60.402	314
CA	23.014	-27.287	61.848	314
C	22.23	-28.442	62.467	314
N	20.983	-28.607	62.046	315
CA	20.144	-29.658	62.663	315
C	20.617	-31.059	62.297	315
N	21.084	-31.212	61.078	316
CA	21.693	-32.473	60.592	316
C	22.988	-32.783	61.343	316
N	23.795	-31.772	61.637	317
CA	25.013	-32.021	62.421	317
C	24.681	-32.403	63.861	317
N	23.534	-31.942	64.344	318
CA	22.981	-32.425	65.617	318
C	22.544	-33.894	65.466	318
N	23.299	-34.775	66.11	319
CA	23.257	-36.23	65.892	319
C	24.419	-36.619	64.959	319
N	25.648	-36.617	65.491	320
CA	25.949	-36.196	66.877	320
C	26.831	-34.941	66.938	320
N	27.299	-35.803	68.272	321
CA	28.336	-36.91	69.226	321
C	28.833	-37.732	70.765	321
N	29.708	-38.981	71.249	322
CA	30.344	-40.193	72.305	322
C	31.161	-40.803	73.68	322
N	31.95	-42.009	74.254	323
CA	32.663	-43.481	74.224	323
C	33.676	-44.521	75.155	323
N	34.345	-45.899	75.181	324
CA	35.02	-46.967	76.244	324
C	36.0	-48.271	76.697	324
N	36.372	-48.8	78.04	325
CA	36.849	-50.011	78.951	325
C	37.495	-50.209	80.437	325
N	37.994	-51.409	81.115	326
CA	38.468	-51.822	82.57	326
C	39.249	-53.158	82.93	326
N	39.659	-53.603	84.189	327
CA	40.309	-54.914	84.486	327
C	40.941	-55.123	85.897	327
