ATOM	X	Y	Z	RESIDUE
N	23.456	18.931	21.544	1
CA	22.012	19.319	21.215	1
C	21.252	18.519	20.065	1
N	19.962	18.721	20.645	2
CA	18.418	18.898	20.4	2
C	17.163	18.059	19.912	2
N	17.401	16.72	19.33	3
CA	17.849	15.959	18.14	3
C	16.822	14.876	17.817	3
N	17.27	13.964	17.009	4
CA	16.404	12.923	16.517	4
C	16.328	11.807	17.524	4
N	15.23	11.095	17.488	5
CA	15.009	9.976	18.4	5
C	14.274	8.869	17.614	5
N	14.021	7.746	18.286	6
CA	13.178	6.686	17.746	6
C	11.752	6.689	18.318	6
N	11.377	7.684	19.078	7
CA	10.093	7.647	19.779	7
C	9.601	9.081	19.856	7
N	8.292	9.265	19.915	8
CA	7.723	10.557	20.341	8
C	7.921	11.544	19.2	8
N	7.841	12.807	19.484	9
CA	7.764	13.863	18.487	9
C	8.927	13.921	17.528	9
N	10.083	13.448	17.97	10
CA	11.288	13.544	17.168	10
C	11.662	12.228	16.501	10
N	10.706	11.297	16.524	11
CA	10.818	9.973	15.963	11
C	10.907	9.939	14.432	11
N	10.909	8.71	13.895	12
CA	11.381	8.533	12.554	12
C	10.475	9.178	11.487	12
N	9.17	9.353	11.759	13
CA	8.337	9.972	10.74	13
C	8.667	11.478	10.548	13
N	9.388	12.055	11.555	14
CA	9.793	13.461	11.536	14
C	11.227	13.66	11.111	14
N	12.036	12.621	10.924	15
CA	13.418	12.842	10.585	15
C	13.576	13.656	9.289	15
N	12.687	13.519	8.339	16
CA	12.867	14.179	7.048	16
C	12.792	15.687	7.14	16
N	12.234	16.25	8.195	17
CA	12.197	17.732	8.231	17
C	13.672	18.247	8.173	17
N	14.52	17.729	9.068	18
CA	15.833	18.333	9.248	18
C	16.859	17.478	8.542	18
N	16.421	16.302	8.08	19
CA	17.316	15.408	7.355	19
C	16.628	14.975	6.079	19
N	16.631	15.852	5.074	20
CA	15.784	15.548	3.97	20
C	16.007	14.197	3.303	20
N	17.247	13.625	3.296	21
CA	17.435	12.355	2.649	21
C	16.604	11.221	3.281	21
N	16.118	11.445	4.514	22
CA	15.279	10.434	5.142	22
C	13.944	10.267	4.461	22
N	13.56	11.227	3.603	23
CA	12.397	11.096	2.783	23
C	12.694	10.923	1.301	23
N	13.937	10.582	0.963	24
CA	14.367	10.436	-0.413	24
C	14.465	9.011	-0.849	24
N	15.277	8.79	-1.881	25
CA	15.413	7.498	-2.51	25
C	16.323	6.57	-1.692	25
N	16.194	5.288	-2.016	26
CA	17.093	4.205	-1.606	26
C	17.111	4.023	-0.083	26
N	15.982	4.217	0.568	27
CA	16.02	4.141	2.035	27
C	16.043	2.695	2.553	27
N	16.786	2.516	3.626	28
CA	16.915	1.28	4.373	28
C	16.321	1.505	5.773	28
N	15.996	0.388	6.481	29
CA	16.081	-1.009	6.109	29
C	14.865	-1.436	5.274	29
N	14.879	-2.685	4.854	30
CA	13.855	-3.258	4.002	30
C	13.546	-4.683	4.473	30
N	12.412	-5.166	4.029	31
CA	12.062	-6.56	4.19	31
C	12.662	-7.359	3.069	31
N	13.369	-8.381	3.44	32
CA	14.042	-9.29	2.491	32
C	13.125	-10.48	2.249	32
N	12.408	-10.506	1.161	33
CA	11.454	-11.629	0.985	33
C	11.569	-12.177	-0.365	33
N	11.032	-13.394	-0.539	34
CA	11.436	-14.24	-1.667	34
C	11.177	-13.592	-3.028	34
N	10.047	-12.858	-3.178	35
CA	9.643	-12.234	-4.44	35
C	10.63	-11.26	-5.014	35
N	11.55	-10.741	-4.21	36
CA	12.454	-9.688	-4.657	36
C	13.885	-10.16	-4.599	36
N	14.106	-11.44	-4.318	37
CA	15.497	-12.008	-4.219	37
C	15.917	-12.533	-5.562	37
N	17.173	-12.316	-5.901	38
CA	17.656	-12.824	-7.173	38
C	19.079	-13.266	-6.966	38
N	19.338	-14.534	-7.193	39
CA	20.692	-15.068	-7.129	39
C	21.542	-14.336	-8.164	39
N	22.747	-14.005	-7.723	40
CA	23.712	-13.344	-8.567	40
C	25.017	-14.057	-8.32	40
N	25.38	-14.924	-9.279	41
CA	26.62	-15.7	-9.175	41
C	27.863	-14.796	-9.035	41
N	27.753	-13.517	-9.411	42
CA	28.883	-12.616	-9.264	42
C	29.271	-12.21	-7.84	42
N	28.4	-12.495	-6.89	43
CA	28.605	-12.124	-5.44	43
C	29.473	-13.163	-4.652	43
N	30.759	-12.913	-4.715	44
CA	31.765	-13.812	-4.194	44
C	32.005	-13.467	-2.716	44
N	32.655	-14.37	-1.987	45
CA	32.824	-14.067	-0.582	45
C	33.705	-12.839	-0.377	45
N	33.332	-12.094	0.649	46
CA	34.137	-11.004	1.16	46
C	35.298	-11.551	1.949	46
N	36.384	-10.775	1.995	47
CA	37.509	-11.114	2.83	47
C	37.632	-10.058	3.911	47
N	37.775	-10.502	5.156	48
CA	37.767	-9.597	6.297	48
C	39.2	-9.443	6.75	48
N	39.786	-8.28	6.536	49
CA	41.224	-8.088	6.743	49
C	41.45	-7.202	7.919	49
N	42.39	-7.531	8.76	50
CA	42.68	-6.692	9.89	50
C	41.573	-6.762	10.947	50
N	40.689	-7.753	10.886	51
CA	39.62	-7.871	11.912	51
C	40.149	-8.424	13.218	51
N	41.312	-9.072	13.211	52
CA	41.844	-9.606	14.432	52
C	42.584	-8.501	15.168	52
N	41.839	-7.695	15.911	53
CA	42.378	-6.497	16.539	53
C	43.391	-6.828	17.595	53
N	44.47	-6.042	17.614	54
CA	45.518	-6.264	18.578	54
C	44.983	-6.343	20.03	54
N	45.263	-7.449	20.71	55
CA	44.959	-7.565	22.134	55
C	45.621	-6.461	22.917	55
N	46.663	-5.848	22.321	56
CA	47.486	-4.794	22.961	56
C	47.031	-3.363	22.712	56
N	45.912	-3.222	22.001	57
CA	45.346	-1.907	21.611	57
C	43.978	-1.857	22.267	57
N	43.496	-0.693	22.693	58
CA	42.15	-0.515	23.247	58
C	41.317	0.277	22.275	58
N	40.027	-0.056	22.219	59
CA	39.115	0.539	21.259	59
C	37.986	1.212	21.995	59
N	37.633	2.406	21.609	60
CA	36.699	3.248	22.358	60
C	35.241	2.822	22.147	60
N	34.539	2.508	23.24	61
CA	33.162	2.2	23.246	61
C	32.427	3.394	23.77	61
N	31.326	3.728	23.101	62
CA	30.569	4.941	23.405	62
C	29.096	4.632	23.425	62
N	28.403	5.297	24.35	63
CA	26.952	5.439	24.258	63
C	26.716	6.798	23.637	63
N	26.209	6.859	22.406	64
CA	26.016	8.151	21.751	64
C	24.558	8.651	21.83	64
N	23.74	8.041	22.705	65
CA	22.384	8.492	22.861	65
C	21.421	7.772	21.914	65
N	21.959	7.041	20.928	66
CA	21.154	6.342	19.908	66
C	21.435	4.862	19.914	66
N	22.68	4.487	20.18	67
CA	23.146	3.086	20.208	67
C	24.394	3.024	21.081	67
N	24.967	1.847	21.183	68
CA	26.308	1.7	21.696	68
C	27.199	1.41	20.491	68
N	28.316	2.169	20.402	69
CA	29.215	2.068	19.252	69
C	30.636	1.76	19.738	69
N	31.309	0.909	18.972	70
CA	32.708	0.604	19.163	70
C	33.488	1.212	18.007	70
N	34.476	2.06	18.29	71
CA	35.318	2.589	17.223	71
C	36.24	1.479	16.733	71
N	36.506	1.484	15.432	72
CA	37.368	0.468	14.793	72
C	38.458	1.183	14.012	72
N	39.627	0.49	13.844	73
CA	40.777	1.162	13.205	73
C	40.695	1.081	11.693	73
N	41.298	2.034	10.993	74
CA	41.094	2.083	9.546	74
C	41.972	1.04	8.824	74
N	42.921	0.337	9.52	75
CA	43.583	-0.775	8.82	75
C	42.684	-1.997	8.742	75
N	41.588	-2.057	9.507	76
CA	40.59	-3.101	9.344	76
C	39.753	-2.784	8.105	76
N	39.548	-3.747	7.247	77
CA	38.843	-3.452	6.023	77
C	38.244	-4.68	5.383	77
N	37.299	-4.479	4.463	78
CA	36.748	-5.536	3.616	78
C	37.508	-5.44	2.307	78
N	37.853	-6.633	1.799	79
CA	38.41	-6.827	0.467	79
C	37.367	-7.609	-0.35	79
N	37.188	-7.217	-1.591	80
CA	36.236	-7.876	-2.472	80
C	35.317	-6.878	-3.165	80
N	35.124	-5.693	-2.614	81
CA	34.195	-4.698	-3.224	81
C	34.97	-3.854	-4.253	81
N	34.3	-2.912	-4.951	82
CA	34.969	-2.123	-6.028	82
C	36.022	-1.173	-5.506	82
N	36.007	-0.87	-4.274	83
CA	37.005	-0.084	-3.602	83
C	37.283	-0.821	-2.314	83
N	38.394	-0.506	-1.661	84
CA	38.612	-0.92	-0.291	84
C	37.657	-0.131	0.587	84
N	36.964	-0.862	1.481	85
CA	36.148	-0.193	2.466	85
C	36.727	-0.489	3.838	85
N	37.156	0.559	4.507	86
CA	37.871	0.491	5.795	86
C	36.882	0.722	6.917	86
N	37.052	-0.057	7.995	87
CA	36.154	0.045	9.107	87
C	36.229	1.358	9.782	87
N	35.087	1.786	10.359	88
CA	35.053	2.955	11.218	88
C	34.399	2.712	12.539	88
N	33.328	1.91	12.644	89
CA	32.679	1.631	13.918	89
C	31.729	0.492	13.715	89
N	31.369	-0.131	14.855	90
CA	30.23	-1.047	14.874	90
C	29.255	-0.596	15.921	90
N	28.007	-1.046	15.779	91
CA	26.941	-0.703	16.751	91
C	25.793	-1.656	16.567	91
N	24.772	-1.554	17.432	92
CA	23.67	-2.468	17.426	92
C	22.308	-1.788	17.423	92
N	21.28	-2.537	17.075	93
CA	19.891	-2.081	17.148	93
C	19.112	-3.222	17.793	93
N	18.152	-2.866	18.661	94
CA	17.406	-3.898	19.391	94
C	16.022	-3.342	19.747	94
N	15.206	-4.234	20.313	95
CA	13.822	-3.955	20.694	95
C	13.702	-3.666	22.174	95
N	12.87	-4.439	22.843	96
CA	12.696	-4.258	24.28	96
C	12.221	-5.583	24.846	96
N	12.264	-5.733	26.19	97
CA	11.967	-7.084	26.696	97
C	10.526	-7.544	26.487	97
N	9.588	-6.605	26.353	98
CA	8.234	-7.004	26.077	98
C	7.985	-7.321	24.62	98
N	8.897	-6.964	23.706	99
CA	8.746	-7.241	22.293	99
C	10.165	-7.338	21.747	99
N	10.829	-8.449	22.004	100
CA	12.301	-8.562	21.779	100
C	12.619	-8.905	20.324	100
N	12.22	-7.983	19.439	101
CA	12.269	-8.203	17.965	101
C	12.673	-6.955	17.271	101
N	13.855	-6.51	17.512	102
CA	14.316	-5.173	17.151	102
C	15.392	-5.112	16.07	102
N	15.522	-6.167	15.242	103
CA	16.386	-6.001	14.065	103
C	15.806	-4.903	13.181	103
N	16.644	-4.359	12.335	104
CA	16.171	-3.395	11.313	104
C	15.692	-4.075	10.068	104
N	16.533	-4.895	9.451	105
CA	16.043	-5.716	8.341	105
C	15.129	-6.783	8.854	105
N	14.19	-7.184	8.049	106
CA	13.331	-8.334	8.33	106
C	13.506	-9.326	7.209	106
N	13.163	-10.594	7.478	107
CA	13.258	-11.671	6.495	107
C	11.877	-12.293	6.403	107
N	11.246	-12.186	5.229	108
CA	9.903	-12.69	5.042	108
C	9.002	-12.129	6.12	108
N	9.15	-10.832	6.371	109
CA	8.311	-10.102	7.274	109
C	8.655	-10.244	8.746	109
N	9.643	-11.063	9.093	110
CA	9.977	-11.323	10.463	110
C	11.206	-10.614	10.918	110
N	11.101	-9.936	12.078	111
CA	12.25	-9.376	12.745	111
C	13.06	-10.469	13.414	111
N	14.324	-10.209	13.57	112
CA	15.191	-10.919	14.486	112
C	15.259	-10.118	15.779	112
N	15.859	-10.701	16.786	113
CA	15.937	-10.022	18.095	113
C	16.691	-8.726	18.024	113
N	17.816	-8.705	17.272	114
CA	18.671	-7.503	17.248	114
C	19.452	-7.557	15.945	114
N	20.282	-6.555	15.741	115
CA	21.078	-6.503	14.505	115
C	22.363	-5.743	14.803	115
N	23.494	-6.291	14.373	116
CA	24.777	-5.663	14.495	116
C	25.113	-5.079	13.105	116
N	25.666	-3.857	13.14	117
CA	26.184	-3.207	11.921	117
C	27.617	-2.887	12.089	117
N	28.435	-3.298	11.102	118
CA	29.861	-2.957	11.087	118
C	30.006	-2.041	9.874	118
N	30.26	-0.775	10.198	119
CA	30.27	0.333	9.224	119
C	31.667	0.531	8.693	119
N	31.732	0.576	7.368	120
CA	33.024	0.842	6.633	120
C	32.797	1.973	5.666	120
N	33.896	2.643	5.297	121
CA	33.859	3.738	4.34	121
C	34.841	3.511	3.223	121
N	34.624	4.141	2.067	122
CA	35.441	3.973	0.924	122
C	36.726	4.786	1.127	122
N	37.772	4.129	1.605	123
CA	39.032	4.814	1.913	123
C	39.865	4.979	0.69	123
N	39.539	4.352	-0.44	124
CA	40.235	4.708	-1.64	124
C	39.823	6.066	-2.165	124
N	38.587	6.455	-1.926	125
CA	38.056	7.746	-2.395	125
C	38.061	8.86	-1.363	125
N	37.871	8.548	-0.062	126
CA	37.685	9.564	0.976	126
C	38.637	9.419	2.162	126
N	38.861	10.514	2.905	127
CA	39.889	10.411	3.905	127
C	39.385	9.831	5.195	127
N	38.072	9.858	5.381	128
CA	37.47	9.397	6.648	128
C	35.981	9.155	6.394	128
N	35.341	8.529	7.349	129
CA	33.977	8.15	7.192	129
C	33.018	9.305	7.157	129
N	33.35	10.366	7.873	130
CA	32.448	11.472	8.005	130
C	32.373	12.21	6.667	130
N	33.485	12.158	5.908	131
CA	33.54	12.809	4.581	131
C	32.854	11.879	3.601	131
N	33.109	10.574	3.723	132
CA	32.483	9.631	2.795	132
C	30.973	9.533	2.884	132
N	30.39	9.85	4.038	133
CA	29.038	9.363	4.357	133
C	27.974	9.985	3.457	133
N	28.223	11.183	2.926	134
CA	27.254	11.772	2.064	134
C	27.712	11.754	0.593	134
N	28.659	10.881	0.279	135
CA	29.208	10.852	-1.058	135
C	28.895	9.561	-1.771	135
N	28.963	9.647	-3.093	136
CA	28.849	8.487	-3.927	136
C	29.738	7.302	-3.503	136
N	29.118	6.154	-3.346	137
CA	29.871	4.958	-2.977	137
C	30.58	5.083	-1.682	137
N	30.016	5.887	-0.787	138
CA	30.782	6.218	0.346	138
C	30.939	5.146	1.37	138
N	29.883	4.315	1.58	139
CA	29.851	3.468	2.74	139
C	29.492	2.022	2.364	139
N	29.945	1.078	3.2	140
CA	29.526	-0.322	3.09	140
C	29.284	-0.75	4.504	140
N	28.116	-1.363	4.762	141
CA	27.787	-1.872	6.088	141
C	27.566	-3.361	5.999	141
N	28.128	-4.075	6.969	142
CA	27.842	-5.489	7.149	142
C	26.794	-5.586	8.271	142
N	25.764	-6.378	8.003	143
CA	24.683	-6.562	8.999	143
C	24.608	-8.035	9.38	143
N	24.586	-8.261	10.721	144
CA	24.424	-9.57	11.288	144
C	23.121	-9.59	12.039	144
N	22.26	-10.527	11.679	145
CA	21.028	-10.72	12.394	145
C	21.296	-11.557	13.635	145
N	20.636	-11.198	14.747	146
CA	20.863	-11.806	16.029	146
C	19.59	-12.385	16.582	146
N	19.641	-13.636	17.033	147
CA	18.501	-14.286	17.687	147
C	18.933	-14.821	19.046	147
N	17.985	-14.922	19.98	148
CA	18.278	-15.577	21.246	148
C	18.506	-17.118	21.059	148
N	19.551	-17.663	21.687	149
CA	19.938	-19.083	21.676	149
C	21.009	-19.241	22.701	149
N	22.102	-19.859	22.305	150
CA	23.17	-20.128	23.239	150
C	24.011	-18.886	23.565	150
N	24.595	-18.884	24.761	151
CA	25.536	-17.867	25.133	151
C	26.629	-17.699	24.11	151
N	26.985	-16.451	23.85	152
CA	27.99	-16.143	22.814	152
C	29.13	-15.445	23.517	152
N	30.259	-16.174	23.772	153
CA	31.394	-15.505	24.421	153
C	31.907	-14.294	23.649	153
N	31.861	-14.341	22.328	154
CA	32.438	-13.224	21.552	154
C	31.637	-11.97	21.719	154
N	30.299	-12.093	21.611	155
CA	29.516	-10.885	21.866	155
C	29.711	-10.378	23.255	155
N	29.991	-11.267	24.227	156
CA	30.249	-10.793	25.553	156
C	31.516	-9.928	25.687	156
N	32.423	-9.975	24.728	157
CA	33.625	-9.121	24.756	157
C	33.173	-7.675	24.63	157
N	32.014	-7.445	24.015	158
CA	31.434	-6.098	23.985	158
C	30.483	-5.907	25.154	158
N	29.576	-6.87	25.346	159
CA	28.504	-6.663	26.327	159
C	29.007	-6.558	27.743	159
N	30.162	-7.139	28.093	160
CA	30.697	-7.02	29.492	160
C	31.088	-5.595	29.802	160
N	31.22	-4.733	28.786	161
CA	31.49	-3.334	29.031	161
C	30.303	-2.439	29.085	161
N	29.098	-2.968	28.861	162
CA	27.901	-2.093	28.826	162
C	27.71	-1.353	30.121	162
N	28.107	-1.966	31.251	163
CA	28.081	-1.342	32.581	163
C	28.75	-0.004	32.665	163
N	29.684	0.264	31.77	164
CA	30.51	1.503	31.808	164
C	30.064	2.508	30.82	164
N	29.067	2.201	29.983	165
CA	28.561	3.199	29.033	165
C	27.044	3.33	29.141	165
N	26.553	3.277	30.383	166
CA	25.171	3.311	30.681	166
C	24.417	4.533	30.119	166
N	25.035	5.712	30.229	167
CA	24.379	6.962	29.855	167
C	25.026	7.63	28.663	167
N	24.24	8.467	28.021	168
CA	24.754	9.149	26.87	168
C	25.987	9.921	27.204	168
N	26.962	9.828	26.316	169
CA	28.192	10.534	26.494	169
C	29.286	9.71	27.17	169
N	28.925	8.656	27.879	170
CA	29.9	7.85	28.571	170
C	30.711	6.998	27.569	170
N	31.967	6.748	27.954	171
CA	32.967	6.092	27.121	171
C	33.748	5.116	27.93	171
N	34.093	3.962	27.329	172
CA	34.904	2.956	27.975	172
C	35.867	2.395	26.923	172
N	36.845	1.626	27.349	173
CA	37.824	1.03	26.421	173
C	37.663	-0.47	26.43	173
N	37.638	-1.021	25.204	174
CA	37.548	-2.487	24.938	174
C	38.848	-2.978	24.323	174
N	39.527	-3.923	24.994	175
CA	40.743	-4.503	24.402	175
C	40.459	-5.175	23.059	175
N	41.377	-5.069	22.141	176
CA	41.14	-5.687	20.854	176
C	40.804	-7.164	20.949	176
N	39.903	-7.606	20.099	177
CA	39.605	-9.002	19.869	177
C	39.23	-9.192	18.413	177
N	39.082	-10.461	18.005	178
CA	38.811	-10.732	16.613	178
C	37.357	-10.461	16.261	178
N	37.103	-9.358	15.595	179
CA	35.754	-8.947	15.245	179
C	35.09	-9.989	14.338	179
N	35.861	-10.799	13.586	180
CA	35.245	-11.81	12.751	180
C	34.439	-12.812	13.6	180
N	34.778	-12.928	14.894	181
CA	34.0	-13.773	15.782	181
C	32.569	-13.34	15.924	181
N	32.231	-12.11	15.558	182
CA	30.876	-11.625	15.644	182
C	30.048	-11.995	14.437	182
N	30.699	-12.499	13.385	183
CA	30.036	-12.841	12.148	183
C	29.444	-14.225	12.256	183
N	28.377	-14.52	11.51	184
CA	27.734	-15.831	11.538	184
C	28.451	-16.877	10.762	184
N	27.842	-18.08	10.78	185
CA	28.284	-19.148	9.898	185
C	28.041	-18.819	8.458	185
N	28.964	-19.31	7.592	186
CA	28.761	-19.265	6.12	186
C	28.562	-17.801	5.723	186
N	29.579	-17.011	6.033	187
CA	29.543	-15.659	5.569	187
C	29.524	-15.522	4.075	187
N	29.848	-16.563	3.328	188
CA	29.646	-16.542	1.87	188
C	28.228	-16.277	1.432	188
N	27.289	-16.587	2.34	189
CA	25.848	-16.476	2.007	189
C	25.331	-15.114	2.54	189
N	24.894	-14.22	1.63	190
CA	24.449	-12.927	2.051	190
C	23.487	-12.362	1.033	190
N	22.754	-11.343	1.49	191
CA	21.932	-10.471	0.71	191
C	22.695	-9.175	0.426	191
N	22.516	-8.612	-0.767	192
CA	23.217	-7.394	-1.165	192
C	22.282	-6.462	-1.841	192
N	22.306	-5.195	-1.44	193
CA	21.499	-4.149	-2.116	193
C	22.073	-2.803	-1.792	193
N	21.74	-1.841	-2.662	194
CA	22.119	-0.439	-2.444	194
C	21.021	0.232	-1.64	194
N	21.42	0.836	-0.53	195
CA	20.485	1.6	0.313	195
C	21.106	2.712	1.029	195
N	20.671	2.929	2.257	196
CA	20.976	4.169	2.939	196
C	21.42	3.907	4.369	196
N	21.932	4.95	5.029	197
CA	21.962	4.907	6.443	197
C	20.566	4.701	6.981	197
N	20.401	3.927	8.063	198
CA	19.111	3.75	8.675	198
C	18.824	4.764	9.795	198
N	19.773	5.674	9.989	199
CA	19.648	6.75	10.951	199
C	19.85	8.047	10.193	199
N	19.369	9.164	10.736	200
CA	19.712	10.462	10.166	200
C	21.235	10.562	10.018	200
N	21.764	11.107	8.917	201
CA	21.007	11.811	7.873	201
C	20.416	10.952	6.781	201
N	20.449	9.64	6.914	202
CA	19.771	8.733	5.947	202
C	20.343	8.788	4.546	202
N	21.628	9.152	4.416	203
CA	22.165	9.315	3.092	203
C	22.089	8.041	2.307	203
N	21.751	8.123	1.002	204
CA	21.6	6.914	0.184	204
C	22.922	6.398	-0.391	204
N	23.865	6.158	0.511	205
CA	25.261	5.983	0.117	205
C	25.84	4.639	0.653	205
N	24.936	3.719	1.093	206
CA	25.4	2.465	1.697	206
C	25.19	1.295	0.761	206
N	26.278	0.55	0.535	207
CA	26.209	-0.801	-0.005	207
C	25.987	-1.762	1.162	207
N	24.802	-2.351	1.203	208
CA	24.44	-3.289	2.302	208
C	24.81	-4.698	1.981	208
N	25.347	-5.381	2.972	209
CA	25.562	-6.833	2.945	209
C	24.926	-7.351	4.205	209
N	23.836	-8.1	4.083	210
CA	23.179	-8.702	5.233	210
C	23.439	-10.185	5.189	210
N	24.142	-10.72	6.163	211
CA	24.441	-12.137	6.113	211
C	23.195	-12.932	6.212	211
N	23.124	-14.063	5.492	212
CA	21.943	-14.897	5.509	212
C	21.652	-15.508	6.878	212
N	22.698	-15.986	7.539	213
CA	22.494	-16.784	8.749	213
C	22.671	-15.892	9.966	213
N	21.789	-16.055	10.971	214
CA	21.905	-15.264	12.169	214
C	22.996	-15.804	13.132	214
N	23.389	-15.027	14.109	215
CA	24.096	-15.496	15.263	215
C	23.135	-15.647	16.44	215
N	23.679	-16.205	17.525	216
CA	22.925	-16.379	18.747	216
C	23.607	-15.736	19.865	216
N	22.72	-15.234	20.697	217
CA	23.19	-14.797	22.016	217
C	22.211	-15.306	23.034	217
N	22.605	-15.4	24.313	218
CA	21.68	-15.972	25.302	218
C	20.544	-15.023	25.63	218
N	19.551	-15.6	26.287	219
CA	18.478	-14.81	26.79	219
C	18.97	-13.714	27.779	219
N	19.956	-14.017	28.63	220
CA	20.513	-13.004	29.519	220
C	21.302	-11.974	28.78	220
N	22.041	-12.372	27.726	221
CA	22.767	-11.358	26.949	221
C	21.806	-10.424	26.267	221
N	20.742	-10.944	25.662	222
CA	19.795	-10.083	24.975	222
C	19.132	-9.154	25.924	222
N	18.759	-9.676	27.091	223
CA	18.144	-8.81	28.134	223
C	19.118	-7.732	28.602	223
N	20.397	-8.06	28.745	224
CA	21.403	-7.061	29.114	224
C	21.446	-5.969	28.098	224
N	21.486	-6.332	26.838	225
CA	21.572	-5.322	25.771	225
C	20.362	-4.398	25.843	225
N	19.183	-5.001	26.06	226
CA	17.957	-4.248	26.078	226
C	17.724	-3.381	27.285	226
N	18.427	-3.652	28.385	227
CA	18.154	-2.97	29.667	227
C	19.36	-2.215	30.176	227
N	20.527	-2.318	29.566	228
CA	21.737	-1.727	30.18	228
C	21.842	-0.254	29.949	228
N	21.248	0.318	28.859	229
CA	21.59	1.656	28.416	229
C	20.431	2.577	28.453	229
N	20.786	3.849	28.599	230
CA	19.846	4.96	28.525	230
C	20.238	5.884	27.394	230
N	19.258	6.519	26.756	231
CA	19.505	7.551	25.738	231
C	20.001	8.84	26.317	231
N	19.607	9.045	27.571	232
CA	19.768	10.334	28.231	232
C	21.079	10.406	29.01	232
N	21.556	11.652	29.215	233
CA	22.688	11.923	30.093	233
C	22.366	11.507	31.521	233
N	23.4	11.175	32.263	234
CA	23.231	10.658	33.62	234
C	22.392	11.568	34.514	234
N	22.595	12.872	34.326	235
CA	21.976	13.882	35.213	235
C	20.593	14.335	34.791	235
N	20.067	13.747	33.728	236
CA	18.769	14.146	33.147	236
C	17.691	13.82	34.164	236
N	16.873	14.802	34.601	237
CA	15.824	14.399	35.531	237
C	14.657	13.552	34.958	237
N	14.652	13.351	33.635	238
CA	13.673	12.509	32.957	238
C	14.372	11.41	32.099	238
N	14.899	10.373	32.759	239
CA	15.668	9.358	32.067	239
C	14.838	8.619	31.029	239
N	15.471	8.196	29.921	240
CA	14.775	7.415	28.916	240
C	15.663	6.196	28.622	240
N	15.125	4.989	28.791	241
CA	15.808	3.764	28.445	241
C	16.07	3.7	26.935	241
N	17.211	3.163	26.547	242
CA	17.543	2.978	25.125	242
C	17.027	1.631	24.706	242
N	15.85	1.685	24.091	243
CA	15.11	0.533	23.588	243
C	14.524	0.879	22.234	243
N	14.172	-0.137	21.466	244
CA	13.45	0.031	20.221	244
C	14.154	1.0	19.286	244
N	15.501	0.856	19.224	245
CA	16.336	1.768	18.471	245
C	16.567	1.23	17.048	245
N	15.48	0.959	16.357	246
CA	15.506	0.431	14.97	246
C	14.545	1.275	14.176	246
N	14.821	1.403	12.879	247
CA	13.905	2.092	11.956	247
C	12.926	1.054	11.406	247
N	11.652	1.453	11.18	248
CA	10.714	0.629	10.455	248
C	11.235	0.351	9.049	248
N	10.809	-0.773	8.463	249
CA	11.169	-1.067	7.084	249
C	10.527	-0.07	6.14	249
N	11.255	0.176	5.062	250
CA	10.891	1.135	4.018	250
C	10.264	0.46	2.832	250
N	9.425	1.194	2.079	251
CA	8.949	0.65	0.83	251
C	10.133	0.35	-0.09	251
N	10.056	-0.689	-0.897	252
CA	11.165	-1.098	-1.768	252
C	10.428	-1.762	-2.971	252
N	10.308	-1.038	-4.063	253
CA	9.395	-1.459	-5.152	253
C	10.175	-1.354	-6.427	253
N	9.958	-2.351	-7.28	254
CA	10.596	-2.413	-8.615	254
C	12.107	-2.506	-8.477	254
N	12.536	-3.185	-7.416	255
CA	13.935	-3.365	-7.137	255
C	14.178	-4.799	-6.669	255
N	15.436	-5.203	-6.721	256
CA	15.83	-6.541	-6.327	256
C	16.812	-6.473	-5.176	256
N	16.814	-7.513	-4.379	257
CA	17.954	-7.805	-3.549	257
C	18.656	-9.001	-4.096	257
N	19.952	-8.848	-4.249	258
CA	20.691	-9.911	-4.868	258
C	21.217	-10.815	-3.793	258
N	21.242	-12.097	-4.065	259
CA	21.745	-13.068	-3.105	259
C	22.945	-13.796	-3.658	259
N	23.852	-14.135	-2.752	260
CA	25.001	-14.924	-3.116	260
C	24.739	-16.409	-3.054	260
N	23.543	-16.781	-2.682	261
CA	23.154	-18.161	-2.516	261
C	21.928	-18.381	-3.361	261
N	21.863	-19.553	-3.926	262
CA	20.596	-19.893	-4.565	262
C	19.885	-20.905	-3.678	262
N	20.651	-21.906	-3.223	263
CA	20.169	-22.874	-2.269	263
C	19.835	-22.085	-1.004	263
N	1.433	20.562	-4.851	1
CA	1.067	21.539	-3.777	1
C	-0.265	21.182	-3.101	1
N	-0.359	20.044	-2.402	2
CA	0.02	19.842	-1.019	2
C	-0.396	18.247	-0.798	2
N	-1.189	17.612	-1.939	3
CA	-0.331	16.895	-2.913	3
C	0.585	15.8	-2.224	3
N	0.244	15.372	-0.998	4
CA	0.902	14.207	-0.442	4
C	0.652	13.022	-1.362	4
N	1.554	12.074	-1.301	5
CA	1.448	10.899	-2.12	5
C	1.907	9.693	-1.296	5
N	1.965	8.547	-1.961	6
CA	2.523	7.334	-1.362	6
C	3.924	7.006	-1.939	6
N	4.453	7.828	-2.813	7
CA	5.67	7.454	-3.551	7
C	6.419	8.669	-3.932	7
N	7.694	8.677	-3.576	8
CA	8.56	9.736	-4.089	8
C	8.692	10.825	-3.033	8
N	9.091	12.02	-3.474	9
CA	9.429	13.121	-2.617	9
C	8.365	13.48	-1.588	9
N	7.094	13.371	-1.967	10
CA	5.991	13.731	-1.098	10
C	5.348	12.502	-0.404	10
N	6.045	11.391	-0.431	11
CA	5.545	10.189	0.259	11
C	5.604	10.189	1.75	11
N	5.327	9.011	2.341	12
CA	4.924	8.986	3.763	12
C	5.973	9.427	4.723	12
N	7.269	9.347	4.411	13
CA	8.261	9.83	5.383	13
C	8.253	11.371	5.423	13
N	7.597	12.019	4.486	14
CA	7.547	13.466	4.382	14
C	6.198	14.022	4.862	14
N	5.181	13.189	5.098	15
CA	3.875	13.697	5.492	15
C	3.94	14.616	6.668	15
N	4.791	14.302	7.626	16
CA	4.812	15.069	8.836	16
C	5.307	16.505	8.652	16
N	5.947	16.807	7.533	17
CA	6.364	18.192	7.233	17
C	5.19	19.13	7.153	17
N	4.086	18.672	6.592	18
CA	2.858	19.484	6.429	18
C	1.776	19.097	7.428	18
N	1.838	17.875	7.944	19
CA	0.753	17.297	8.723	19
C	1.32	16.795	10.022	19
N	1.473	17.637	11.026	20
CA	2.217	17.264	12.188	20
C	1.718	16.009	12.884	20
N	0.426	15.725	12.84	21
CA	-0.011	14.517	13.533	21
C	0.576	13.266	12.926	21
N	1.014	13.28	11.665	22
CA	1.615	12.094	11.04	22
C	2.89	11.696	11.745	22
N	3.528	12.61	12.512	23
CA	4.697	12.338	13.3	23
C	4.401	12.246	14.788	23
N	3.121	12.201	15.142	24
CA	2.709	12.194	16.518	24
C	2.421	10.83	17.037	24
N	1.653	10.827	18.123	25
CA	1.29	9.563	18.784	25
C	0.17	8.82	18.091	25
N	0.02	7.536	18.455	26
CA	-1.162	6.683	18.201	26
C	-1.303	6.462	16.687	26
N	-0.183	6.383	15.959	27
CA	-0.3	6.199	14.507	27
C	-0.662	4.773	14.101	27
N	-1.441	4.709	13.044	28
CA	-1.839	3.52	12.33	28
C	-1.252	3.514	10.91	28
N	-1.163	2.351	10.266	29
CA	-1.509	0.996	10.732	29
C	-0.353	0.423	11.516	29
N	-0.576	-0.825	12.001	30
CA	0.366	-1.557	12.828	30
C	0.426	-2.99	12.399	30
N	1.503	-3.65	12.839	31
CA	1.622	-5.086	12.683	31
C	0.987	-5.751	13.882	31
N	0.032	-6.612	13.625	32
CA	-0.699	-7.341	14.696	32
C	0.085	-8.623	14.944	32
N	0.755	-8.717	16.079	33
CA	1.635	-9.871	16.387	33
C	1.532	-10.148	17.859	33
N	1.861	-11.374	18.246	34
CA	1.515	-11.911	19.576	34
C	2.022	-11.081	20.666	34
N	3.2	-10.472	20.609	35
CA	3.757	-9.749	21.767	35
C	2.944	-8.578	22.205	35
N	2.097	-8.046	21.332	36
CA	1.302	-6.874	21.664	36
C	-0.174	-7.143	21.807	36
N	-0.592	-8.419	21.723	37
CA	-2.007	-8.804	21.803	37
C	-2.402	-9.158	23.23	37
N	-3.657	-8.815	23.583	38
CA	-4.2	-9.358	24.828	38
C	-5.667	-9.564	24.663	38
N	-6.111	-10.733	25.088	39
CA	-7.509	-11.02	25.07	39
C	-8.264	-10.1	26.014	39
N	-9.413	-9.625	25.574	40
CA	-10.286	-8.796	26.405	40
C	-11.68	-9.324	26.278	40
N	-12.197	-9.98	27.33	41
CA	-13.537	-10.558	27.252	41
C	-14.655	-9.535	27.106	41
N	-14.399	-8.243	27.447	42
CA	-15.413	-7.223	27.283	42
C	-15.744	-6.933	25.804	42
N	-14.839	-7.326	24.902	43
CA	-14.989	-7.001	23.472	43
C	-16.084	-7.898	22.878	43
N	-17.322	-7.482	23.06	44
CA	-18.486	-8.28	22.664	44
C	-18.79	-8.003	21.179	44
N	-19.695	-8.753	20.547	45
CA	-19.891	-8.622	19.093	45
C	-20.501	-7.268	18.701	45
N	-20.049	-6.716	17.597	46
CA	-20.726	-5.569	16.997	46
C	-21.943	-6.006	16.215	46
N	-22.92	-5.116	16.129	47
CA	-24.094	-5.344	15.283	47
C	-24.105	-4.263	14.197	47
N	-24.338	-4.713	12.981	48
CA	-24.272	-3.888	11.758	48
C	-25.693	-3.581	11.334	48
N	-26.106	-2.328	11.496	49
CA	-27.513	-1.977	11.32	49
C	-27.643	-1.061	10.111	49
N	-28.611	-1.286	9.266	50
CA	-28.805	-0.459	8.1	50
C	-27.703	-0.629	7.053	50
N	-26.984	-1.747	7.102	51
CA	-25.97	-2.075	6.098	51
C	-26.597	-2.576	4.788	51
N	-27.868	-3.065	4.843	52
CA	-28.486	-3.587	3.661	52
C	-29.116	-2.425	2.887	52
N	-28.292	-1.771	2.071	53
CA	-28.726	-0.515	1.419	53
C	-29.673	-0.883	0.277	53
N	-30.709	-0.083	0.078	54
CA	-31.705	-0.372	-0.92	54
C	-31.08	-0.412	-2.353	54
N	-31.35	-1.494	-3.122	55
CA	-30.836	-1.604	-4.505	55
C	-31.535	-0.612	-5.392	55
N	-32.641	-0.014	-4.928	56
CA	-33.328	1.014	-5.717	56
C	-32.777	2.385	-5.472	56
N	-31.853	2.525	-4.522	57
CA	-31.153	3.793	-4.285	57
C	-29.742	3.684	-4.859	57
N	-29.097	4.834	-4.942	58
CA	-27.732	4.834	-5.457	58
C	-26.858	5.646	-4.535	58
N	-25.582	5.332	-4.543	59
CA	-24.621	5.902	-3.568	59
C	-23.408	6.361	-4.346	59
N	-22.894	7.507	-3.958	60
CA	-21.876	8.147	-4.754	60
C	-20.489	7.598	-4.531	60
N	-19.862	7.181	-5.613	61
CA	-18.528	6.695	-5.665	61
C	-17.631	7.866	-6.175	61
N	-16.514	8.17	-5.514	62
CA	-15.689	9.324	-5.909	62
C	-14.229	8.949	-5.841	62
N	-13.438	9.338	-6.832	63
CA	-12.017	9.105	-6.837	63
C	-11.496	10.34	-6.195	63
N	-10.882	10.217	-5.046	64
CA	-10.458	11.477	-4.371	64
C	-8.948	11.713	-4.492	64
N	-8.287	11.144	-5.477	65
CA	-6.858	11.354	-5.638	65
C	-5.972	10.402	-4.855	65
N	-6.506	9.693	-3.843	66
CA	-5.752	8.812	-2.927	66
C	-6.237	7.432	-2.794	66
N	-7.55	7.241	-3.016	67
CA	-8.286	5.959	-2.975	67
C	-9.565	6.148	-3.837	67
N	-10.415	5.127	-3.793	68
CA	-11.764	5.308	-4.281	68
C	-12.669	5.314	-3.096	68
N	-13.619	6.251	-2.903	69
CA	-14.535	6.064	-1.752	69
C	-15.965	5.998	-2.197	69
N	-16.726	5.209	-1.453	70
CA	-18.174	5.1	-1.646	70
C	-18.802	5.818	-0.465	70
N	-19.647	6.8	-0.727	71
CA	-20.382	7.481	0.367	71
C	-21.466	6.526	0.901	71
N	-21.65	6.619	2.19	72
CA	-22.606	5.741	2.898	72
C	-23.596	6.625	3.674	72
N	-24.824	6.144	3.857	73
CA	-25.859	6.954	4.49	73
C	-25.728	6.872	6.0	73
N	-26.102	7.934	6.645	74
CA	-25.918	7.996	8.12	74
C	-26.908	7.102	8.876	74
N	-27.937	6.563	8.234	75
CA	-28.811	5.626	8.945	75
C	-28.038	4.272	9.108	75
N	-26.99	4.034	8.332	76
CA	-26.174	2.855	8.509	76
C	-25.259	3.057	9.722	76
N	-25.239	2.105	10.663	77
CA	-24.473	2.324	11.888	77
C	-24.031	1.049	12.535	77
N	-23.081	1.232	13.436	78
CA	-22.663	0.131	14.31	78
C	-23.33	0.315	15.636	78
N	-23.77	-0.83	16.166	79
CA	-24.324	-0.885	17.537	79
C	-23.329	-1.746	18.291	79
N	-22.991	-1.353	19.529	80
CA	-22.132	-2.154	20.397	80
C	-21.017	-1.358	20.974	80
N	-20.665	-0.198	20.413	81
CA	-19.608	0.669	20.95	81
C	-20.208	1.593	22.006	81
N	-19.411	2.496	22.583	82
CA	-19.944	3.292	23.664	82
C	-20.826	4.492	23.278	82
N	-20.834	4.811	21.969	83
CA	-21.787	5.7	21.323	83
C	-22.217	4.992	20.039	83
N	-23.31	5.476	19.444	84
CA	-23.611	5.133	18.079	84
C	-22.578	5.738	17.117	84
N	-22.059	4.877	16.235	85
CA	-21.16	5.347	15.178	85
C	-21.858	5.125	13.876	85
N	-22.118	6.186	13.117	86
CA	-22.825	6.094	11.857	86
C	-21.812	6.093	10.713	86
N	-22.159	5.374	9.651	87
CA	-21.23	5.299	8.525	87
C	-21.138	6.595	7.781	87
N	-20.005	6.822	7.165	88
CA	-19.81	7.94	6.259	88
C	-19.287	7.52	4.922	88
N	-18.331	6.568	4.85	89
CA	-17.779	6.173	3.563	89
C	-17.019	4.88	3.78	89
N	-16.763	4.195	2.654	90
CA	-15.802	3.112	2.657	90
C	-14.823	3.355	1.505	90
N	-13.645	2.736	1.625	91
CA	-12.603	2.859	0.62	91
C	-11.644	1.718	0.819	91
N	-10.652	1.621	-0.1	92
CA	-9.708	0.503	-0.077	92
C	-8.283	1.004	-0.171	92
N	-7.359	0.105	0.133	93
CA	-5.919	0.246	-0.039	93
C	-5.402	-0.973	-0.702	93
N	-4.435	-0.837	-1.616	94
CA	-3.963	-1.96	-2.424	94
C	-2.568	-1.704	-2.9	94
N	-2.013	-2.752	-3.56	95
CA	-0.625	-2.748	-4.054	95
C	-0.563	-2.414	-5.512	95
N	-0.01	-3.345	-6.327	96
CA	0.126	-3.074	-7.754	96
C	0.121	-4.395	-8.479	96
N	0.0	-4.413	-9.832	97
CA	-0.189	-5.651	-10.583	97
C	0.933	-6.613	-10.398	97
N	2.144	-6.099	-10.206	98
CA	3.308	-6.978	-10.122	98
C	3.563	-7.321	-8.658	98
N	2.855	-6.729	-7.683	99
CA	3.037	-7.01	-6.298	99
C	1.749	-6.778	-5.547	99
N	0.827	-7.752	-5.596	100
CA	-0.538	-7.559	-5.042	100
C	-0.534	-7.817	-3.534	100
N	0.181	-6.952	-2.803	101
CA	0.391	-7.046	-1.333	101
C	0.294	-5.701	-0.645	101
N	-0.859	-5.098	-0.635	102
CA	-1.051	-3.716	-0.291	102
C	-1.98	-3.503	0.884	102
N	-2.189	-4.457	1.794	103
CA	-2.92	-4.11	2.998	103
C	-2.119	-3.101	3.796	103
N	-2.831	-2.409	4.709	104
CA	-2.189	-1.49	5.637	104
C	-1.761	-2.211	6.891	104
N	-2.735	-2.825	7.587	105
CA	-2.364	-3.688	8.689	105
C	-1.703	-4.959	8.179	105
N	-0.787	-5.479	8.99	106
CA	-0.155	-6.755	8.708	106
C	-0.461	-7.666	9.899	106
N	-0.336	-8.973	9.668	107
CA	-0.571	-9.898	10.797	107
C	0.689	-10.801	10.835	107
N	1.371	-10.758	11.967	108
CA	2.611	-11.515	12.136	108
C	3.568	-11.264	10.945	108
N	3.684	-9.994	10.578	109
CA	4.624	-9.553	9.573	109
C	4.195	-9.759	8.133	109
N	2.995	-10.286	7.886	110
CA	2.579	-10.524	6.526	110
C	1.516	-9.544	6.093	110
N	1.729	-8.99	4.885	111
CA	0.709	-8.228	4.201	111
C	-0.34	-9.089	3.584	111
N	-1.541	-8.617	3.526	112
CA	-2.579	-9.172	2.715	112
C	-2.609	-8.42	1.392	112
N	-3.4	-8.901	0.442	113
CA	-3.454	-8.263	-0.889	113
C	-3.977	-6.853	-0.829	113
N	-5.0	-6.596	0.003	114
CA	-5.644	-5.285	0.019	114
C	-6.343	-5.15	1.376	114
N	-6.982	-4.016	1.578	115
CA	-7.694	-3.769	2.834	115
C	-8.852	-2.834	2.578	115
N	-10.012	-3.161	3.136	116
CA	-11.214	-2.335	3.087	116
C	-11.365	-1.613	4.41	116
N	-11.646	-0.31	4.351	117
CA	-11.978	0.475	5.522	117
C	-13.375	1.005	5.422	117
N	-14.199	0.727	6.435	118
CA	-15.57	1.28	6.513	118
C	-15.547	2.287	7.623	118
N	-15.653	3.552	7.283	119
CA	-15.43	4.648	8.169	119
C	-16.76	5.096	8.793	119
N	-16.773	5.211	10.121	120
CA	-17.929	5.666	10.876	120
C	-17.508	6.809	11.767	120
N	-18.489	7.593	12.208	121
CA	-18.211	8.686	13.097	121
C	-19.24	8.704	14.215	121
N	-18.838	9.31	15.347	122
CA	-19.724	9.345	16.521	122
C	-20.833	10.399	16.249	122
N	-21.975	9.887	15.778	123
CA	-23.107	10.754	15.404	123
C	-23.885	11.135	16.635	123
N	-23.696	10.49	17.789	124
CA	-24.284	11.013	19.002	124
C	-23.713	12.348	19.396	124
N	-22.415	12.539	19.149	125
CA	-21.702	13.707	19.628	125
C	-21.506	14.752	18.539	125
N	-21.342	14.356	17.252	126
CA	-20.96	15.275	16.224	126
C	-21.865	15.246	15.054	126
N	-21.927	16.357	14.307	127
CA	-22.922	16.396	13.23	127
C	-22.441	15.816	11.929	127
N	-21.145	15.514	11.842	128
CA	-20.6	15.03	10.605	128
C	-19.187	14.422	10.938	128
N	-18.675	13.597	10.006	129
CA	-17.4	12.938	10.201	129
C	-16.214	13.898	10.244	129
N	-16.263	14.999	9.494	130
CA	-15.103	15.927	9.489	130
C	-14.909	16.583	10.863	130
N	-16.017	16.932	11.503	131
CA	-15.967	17.369	12.933	131
C	-15.458	16.318	13.857	131
N	-16.003	15.109	13.721	132
CA	-15.67	14.016	14.624	132
C	-14.177	13.725	14.52	132
N	-13.64	13.923	13.304	133
CA	-12.276	13.427	12.969	133
C	-11.192	14.08	13.684	133
N	-11.466	15.254	14.222	134
CA	-10.462	15.878	15.101	134
C	-10.766	15.826	16.598	134
N	-11.569	14.817	16.996	135
CA	-11.952	14.603	18.428	135
C	-11.553	13.218	18.931	135
N	-11.074	13.029	20.164	136
CA	-10.603	11.676	20.544	136
C	-11.742	10.602	20.401	136
N	-11.461	9.438	19.839	137
CA	-12.495	8.383	19.632	137
C	-13.679	8.901	18.779	137
N	-13.488	10.014	18.026	138
CA	-14.537	10.541	17.136	138
C	-14.901	9.626	15.972	138
N	-13.958	8.793	15.579	139
CA	-14.175	7.907	14.448	139
C	-14.01	6.489	14.862	139
N	-14.708	5.599	14.149	140
CA	-14.514	4.138	14.337	140
C	-14.432	3.592	12.931	140
N	-13.34	2.881	12.64	141
CA	-13.117	2.303	11.328	141
C	-13.128	0.812	11.47	141
N	-13.847	0.143	10.575	142
CA	-13.803	-1.287	10.449	142
C	-12.821	-1.625	9.332	142
N	-11.895	-2.545	9.587	143
CA	-10.925	-2.967	8.586	143
C	-11.148	-4.422	8.258	143
N	-11.222	-4.695	6.958	144
CA	-11.313	-6.048	6.46	144
C	-10.058	-6.306	5.644	144
N	-9.325	-7.359	6.024	145
CA	-8.162	-7.816	5.318	145
C	-8.629	-8.597	4.115	145
N	-7.994	-8.375	2.943	146
CA	-8.41	-9.016	1.665	146
C	-7.256	-9.841	1.143	146
N	-7.539	-11.099	0.859	147
CA	-6.526	-11.985	0.285	147
C	-6.953	-12.368	-1.131	147
N	-5.963	-12.739	-1.961	148
CA	-6.266	-13.269	-3.283	148
C	-6.868	-14.642	-3.159	148
N	-8.018	-14.841	-3.795	149
CA	-8.73	-16.129	-3.662	149
C	-9.842	-16.168	-4.687	149
N	-11.017	-16.568	-4.256	150
CA	-12.143	-16.666	-5.129	150
C	-12.709	-15.32	-5.525	150
N	-13.322	-15.288	-6.714	151
CA	-14.086	-14.125	-7.14	151
C	-15.115	-13.776	-6.117	151
N	-15.286	-12.495	-5.863	152
CA	-16.201	-12.047	-4.859	152
C	-17.289	-11.161	-5.475	152
N	-18.478	-11.648	-5.701	153
CA	-19.515	-10.865	-6.366	153
C	-19.82	-9.592	-5.607	153
N	-19.753	-9.629	-4.301	154
CA	-20.138	-8.459	-3.516	154
C	-19.139	-7.318	-3.698	154
N	-17.836	-7.585	-3.615	155
CA	-16.861	-6.554	-3.894	155
C	-16.986	-6.109	-5.331	155
N	-17.392	-6.983	-6.244	156
CA	-17.512	-6.567	-7.593	156
C	-18.607	-5.524	-7.811	156
N	-19.578	-5.426	-6.879	157
CA	-20.576	-4.354	-6.964	157
C	-19.92	-2.979	-6.866	157
N	-18.763	-2.895	-6.236	158
CA	-17.925	-1.655	-6.257	158
C	-17.03	-1.685	-7.476	158
N	-16.266	-2.773	-7.652	159
CA	-15.208	-2.776	-8.671	159
C	-15.724	-2.578	-10.059	159
N	-16.909	-3.028	-10.317	160
CA	-17.471	-2.862	-11.667	160
C	-17.694	-1.421	-12.067	160
N	-17.616	-0.473	-11.139	161
CA	-17.772	0.931	-11.448	161
C	-16.522	1.715	-11.515	161
N	-15.399	1.106	-11.276	162
CA	-14.164	1.835	-11.385	162
C	-13.713	2.486	-12.656	162
N	-14.005	1.98	-13.877	163
CA	-13.519	2.607	-15.115	163
C	-14.258	3.905	-15.213	163
N	-15.115	4.148	-14.233	164
CA	-15.971	5.316	-14.276	164
C	-15.595	6.412	-13.317	164
N	-14.622	6.081	-12.524	165
CA	-14.072	7.043	-11.583	165
C	-12.533	6.983	-11.688	165
N	-12.0	6.71	-12.893	166
CA	-10.526	6.594	-13.073	166
C	-9.735	7.812	-12.613	166
N	-10.311	9.012	-12.776	167
CA	-9.493	10.141	-12.492	167
C	-9.991	10.938	-11.329	167
N	-9.062	11.723	-10.758	168
CA	-9.364	12.553	-9.622	168
C	-10.522	13.444	-9.927	168
N	-11.489	13.502	-9.011	169
CA	-12.673	14.362	-9.187	169
C	-13.875	13.71	-9.836	169
N	-13.674	12.568	-10.425	170
CA	-14.805	11.888	-11.108	170
C	-15.694	11.198	-10.027	170
N	-16.963	11.114	-10.384	171
CA	-18.007	10.578	-9.497	171
C	-18.9	9.624	-10.318	171
N	-19.384	8.562	-9.692	172
CA	-20.27	7.612	-10.306	172
C	-21.306	7.238	-9.246	172
N	-22.333	6.592	-9.659	173
CA	-23.351	6.062	-8.749	173
C	-23.319	4.579	-8.754	173
N	-23.421	4.037	-7.551	174
CA	-23.397	2.6	-7.348	174
C	-24.756	2.239	-6.724	174
N	-25.539	1.303	-7.307	175
CA	-26.771	0.885	-6.669	175
C	-26.502	0.341	-5.277	175
N	-27.44	0.544	-4.35	176
CA	-27.297	-0.03	-3.027	176
C	-27.162	-1.535	-3.07	176
N	-26.384	-2.053	-2.119	177
CA	-26.274	-3.494	-1.887	177
C	-26.003	-3.672	-0.411	177
N	-25.966	-4.936	-0.002	178
CA	-25.781	-5.182	1.403	178
C	-24.291	-5.107	1.769	178
N	-23.893	-4.066	2.41	179
CA	-22.495	-3.864	2.778	179
C	-21.974	-4.946	3.676	179
N	-22.867	-5.584	4.461	180
CA	-22.401	-6.667	5.296	180
C	-21.771	-7.777	4.49	180
N	-22.131	-7.916	3.206	181
CA	-21.522	-8.9	2.356	181
C	-20.032	-8.682	2.135	181
N	-19.519	-7.495	2.472	182
CA	-18.088	-7.204	2.354	182
C	-17.324	-7.68	3.575	182
N	-18.016	-8.022	4.667	183
CA	-17.376	-8.432	5.914	183
C	-17.068	-9.91	5.865	183
N	-16.062	-10.325	6.629	184
CA	-15.726	-11.745	6.685	184
C	-16.547	-12.521	7.601	184
N	-16.143	-13.802	7.648	185
CA	-16.692	-14.776	8.588	185
C	-16.341	-14.385	10.039	185
N	-17.292	-14.694	10.942	186
CA	-17.04	-14.58	12.407	186
C	-16.592	-13.185	12.719	186
N	-17.428	-12.235	12.319	187
CA	-17.119	-10.871	12.713	187
C	-16.973	-10.665	14.197	187
N	-17.463	-11.629	15.042	188
CA	-17.223	-11.543	16.456	188
C	-15.779	-11.556	16.833	188
N	-14.909	-12.107	15.941	189
CA	-13.462	-12.214	16.148	189
C	-12.772	-10.94	15.555	189
N	-12.149	-10.126	16.401	190
CA	-11.52	-8.919	15.897	190
C	-10.463	-8.463	16.864	190
N	-9.583	-7.609	16.302	191
CA	-8.606	-6.849	17.007	191
C	-9.11	-5.439	17.214	191
N	-8.866	-4.877	18.391	192
CA	-9.294	-3.535	18.732	192
C	-8.159	-2.716	19.256	192
N	-7.935	-1.489	18.761	193
CA	-6.921	-0.63	19.345	193
C	-7.22	0.801	19.005	193
N	-6.652	1.705	19.771	194
CA	-6.783	3.155	19.512	194
C	-5.662	3.578	18.615	194
N	-6.008	4.221	17.497	195
CA	-5.011	4.628	16.517	195
C	-5.466	5.857	15.795	195
N	-5.057	5.922	14.527	196
CA	-5.156	7.155	13.779	196
C	-5.712	6.941	12.4	196
N	-6.019	8.041	11.726	197
CA	-6.153	7.974	10.279	197
C	-4.79	7.491	9.701	197
N	-4.847	6.677	8.654	198
CA	-3.636	6.162	8.05	198
C	-3.136	7.068	6.927	198
N	-3.8	8.183	6.682	199
CA	-3.322	9.11	5.665	199
C	-3.345	10.479	6.336	199
N	-2.669	11.468	5.757	200
CA	-2.837	12.834	6.262	200
C	-4.305	13.18	6.332	200
N	-4.7	13.917	7.444	201
CA	-3.769	14.524	8.434	201
C	-3.485	13.645	9.661	201
N	-3.737	12.347	9.525	202
CA	-3.179	11.364	10.501	202
C	-3.697	11.573	11.92	202
N	-4.907	12.146	12.019	203
CA	-5.416	12.465	13.362	203
C	-5.487	11.224	14.211	203
N	-5.08	11.289	15.511	204
CA	-5.066	10.089	16.386	204
C	-6.444	9.875	17.021	204
N	-7.484	9.746	16.223	205
CA	-8.871	9.871	16.688	205
C	-9.714	8.668	16.273	205
N	-9.034	7.55	15.92	206
CA	-9.748	6.395	15.448	206
C	-9.753	5.231	16.408	206
N	-10.937	4.697	16.68	207
CA	-11.069	3.404	17.296	207
C	-11.092	2.352	16.185	207
N	-10.003	1.586	16.077	208
CA	-9.871	0.563	15.033	208
C	-10.455	-0.743	15.464	208
N	-11.138	-1.404	14.541	209
CA	-11.568	-2.773	14.64	209
C	-11.081	-3.483	13.371	209
N	-10.17	-4.423	13.528	210
CA	-9.675	-5.168	12.357	210
C	-10.208	-6.588	12.505	210
N	-11.023	-7.028	11.593	211
CA	-11.546	-8.37	11.75	211
C	-10.435	-9.394	11.63	211
N	-10.554	-10.475	12.402	212
CA	-9.54	-11.505	12.405	212
C	-9.446	-12.186	11.053	212
N	-10.569	-12.482	10.424	213
CA	-10.576	-13.345	9.255	213
C	-10.606	-12.491	8.006	213
N	-9.821	-12.813	6.986	214
CA	-9.861	-12.096	5.717	214
C	-11.029	-12.527	4.878	214
N	-11.321	-11.729	3.865	215
CA	-12.162	-12.12	2.725	215
C	-11.261	-12.384	1.538	215
N	-11.84	-12.961	0.495	216
CA	-11.103	-13.218	-0.759	216
C	-11.723	-12.415	-1.874	216
N	-10.853	-11.928	-2.782	217
CA	-11.27	-11.433	-4.081	217
C	-10.323	-12.099	-5.084	217
N	-10.678	-12.141	-6.353	218
CA	-9.824	-12.865	-7.306	218
C	-8.647	-12.077	-7.776	218
N	-7.704	-12.787	-8.371	219
CA	-6.563	-12.161	-9.072	219
C	-7.073	-11.164	-10.082	219
N	-8.127	-11.503	-10.836	220
CA	-8.65	-10.58	-11.866	220
C	-9.246	-9.345	-11.237	220
N	-9.914	-9.499	-10.09	221
CA	-10.472	-8.324	-9.403	221
C	-9.371	-7.436	-8.871	221
N	-8.336	-8.054	-8.297	222
CA	-7.189	-7.256	-7.864	222
C	-6.537	-6.531	-9.014	222
N	-6.33	-7.208	-10.129	223
CA	-5.674	-6.553	-11.259	223
C	-6.523	-5.392	-11.743	223
N	-7.85	-5.586	-11.794	224
CA	-8.75	-4.474	-12.209	224
C	-8.582	-3.289	-11.281	224
N	-8.662	-3.586	-9.985	225
CA	-8.491	-2.503	-8.973	225
C	-7.172	-1.763	-9.102	225
N	-6.104	-2.545	-9.34	226
CA	-4.762	-2.027	-9.379	226
C	-4.432	-1.327	-10.744	226
N	-5.321	-1.432	-11.712	227
CA	-5.019	-0.79	-13.036	227
C	-6.119	0.197	-13.387	227
N	-7.145	0.376	-12.609	228
CA	-8.294	1.148	-13.013	228
C	-8.07	2.662	-12.786	228
N	-7.293	3.028	-11.768	229
CA	-7.402	4.314	-11.162	229
C	-6.143	5.122	-11.198	229
N	-6.342	6.431	-11.252	230
CA	-5.278	7.406	-11.256	230
C	-5.515	8.438	-10.107	230
N	-4.406	8.892	-9.576	231
CA	-4.415	9.943	-8.569	231
C	-4.688	11.321	-9.149	231
N	-4.474	11.44	-10.437	232
CA	-4.469	12.715	-11.155	232
C	-5.77	12.936	-11.918	232
N	-5.972	14.22	-12.256	233
CA	-7.094	14.573	-13.136	233
C	-6.987	14.034	-14.53	233
N	-8.102	13.95	-15.244	234
CA	-8.148	13.343	-16.603	234
C	-7.309	14.12	-17.665	234
N	-7.108	15.413	-17.451	235
CA	-6.258	16.182	-18.36	235
C	-4.798	16.36	-17.811	235
N	-4.384	15.755	-16.701	236
CA	-3.09	16.078	-16.117	236
C	-1.994	15.607	-17.094	236
N	-1.034	16.422	-17.452	237
CA	0.052	15.951	-18.34	237
C	1.104	15.062	-17.653	237
N	0.968	14.827	-16.356	238
CA	1.941	14.021	-15.615	238
C	1.169	12.966	-14.787	238
N	0.418	12.047	-15.495	239
CA	-0.467	11.136	-14.787	239
C	0.264	10.305	-13.767	239
N	-0.417	9.945	-12.678	240
CA	0.102	9.022	-11.694	240
C	-0.906	7.965	-11.369	240
N	-0.515	6.715	-11.547	241
CA	-1.392	5.573	-11.251	241
C	-1.666	5.491	-9.748	241
N	-2.903	5.183	-9.376	242
CA	-3.253	4.985	-7.951	242
C	-2.942	3.496	-7.62	242
N	-1.715	3.321	-7.149	243
CA	-1.171	2.033	-6.782	243
C	-0.393	2.182	-5.5	243
N	-0.227	1.084	-4.78	244
CA	0.607	1.117	-3.606	244
C	0.173	2.151	-2.581	244
N	-1.134	2.298	-2.413	245
CA	-1.694	3.325	-1.585	245
C	-1.944	2.85	-0.15	245
N	-0.898	2.388	0.472	246
CA	-0.928	1.901	1.833	246
C	0.235	2.498	2.568	246
N	0.093	2.77	3.851	247
CA	1.145	3.288	4.701	247
C	1.92	2.093	5.28	247
N	3.237	2.242	5.474	248
CA	3.972	1.252	6.254	248
C	3.462	1.184	7.663	248
N	3.652	0.031	8.313	249
CA	3.273	-0.093	9.718	249
C	4.129	0.814	10.6	249
N	3.514	1.246	11.707	250
CA	4.062	2.201	12.626	250
C	4.552	1.514	13.908	250
N	5.491	2.186	14.594	251
CA	5.867	1.696	15.9	251
C	4.657	1.617	16.858	251
N	4.633	0.641	17.727	252
CA	3.508	0.509	18.667	252
C	4.071	-0.195	19.872	252
N	4.534	0.604	20.783	253
CA	5.188	0.12	22.006	253
C	4.532	0.939	23.047	253
N	4.449	0.365	24.23	254
CA	3.479	0.879	25.137	254
C	2.041	0.655	24.611	254
N	1.692	0.722	23.302	255
CA	0.286	0.426	22.979	255
C	0.071	-1.194	23.057	255
N	-1.102	-1.718	23.393	256
CA	-1.555	-3.068	23.289	256
C	-2.819	-3.083	22.421	256
N	-2.939	-4.155	21.749	257
CA	-4.073	-4.447	20.899	257
C	-4.899	-5.517	21.608	257
N	-6.168	-5.27	21.722	258
CA	-7.056	-6.154	22.463	258
C	-7.824	-7.032	21.51	258
N	-7.953	-8.297	21.823	259
CA	-8.576	-9.246	20.941	259
C	-9.83	-9.789	21.569	259
N	-10.824	-10.008	20.73	260
CA	-12.122	-10.566	21.214	260
C	-12.078	-12.053	21.174	260
N	-10.949	-12.667	20.81	261
CA	-10.707	-14.082	20.695	261
C	-9.51	-14.403	21.542	261
N	-9.473	-15.541	22.247	262
CA	-8.306	-15.83	23.13	262
C	-7.042	-16.203	22.366	262
N	-7.319	-16.692	21.185	263
CA	-6.757	-17.987	20.638	263
C	-7.488	-18.355	19.326	263
N	37.612	21.637	-25.687	1
CA	37.521	21.622	-27.178	1
C	36.154	21.157	-27.654	1
N	35.194	20.574	-26.775	2
CA	35.377	19.172	-27.245	2
C	34.128	18.33	-27.001	2
N	33.767	18.243	-25.725	3
CA	32.43	18.011	-25.215	3
C	31.545	17.088	-26.022	3
N	32.08	15.941	-26.41	4
CA	31.189	14.857	-26.885	4
C	31.107	13.718	-25.892	4
N	29.976	13.019	-25.953	5
CA	29.719	11.903	-25.051	5
C	29.036	10.765	-25.856	5
N	28.705	9.703	-25.129	6
CA	27.834	8.605	-25.652	6
C	26.451	8.64	-25.088	6
N	26.12	9.716	-24.429	7
CA	24.83	9.783	-23.749	7
C	24.162	11.156	-23.871	7
N	22.968	11.281	-23.293	8
CA	22.38	12.611	-23.001	8
C	22.495	13.477	-24.254	8
N	22.64	14.797	-24.048	9
CA	22.525	15.777	-25.129	9
C	23.745	15.894	-26.074	9
N	24.922	15.427	-25.64	10
CA	26.173	15.514	-26.421	10
C	26.581	14.186	-26.988	10
N	25.613	13.279	-27.051	11
CA	25.74	11.947	-27.59	11
C	25.737	11.903	-29.093	11
N	25.753	10.647	-29.609	12
CA	26.215	10.439	-30.979	12
C	25.329	11.052	-32.025	12
N	24.022	11.246	-31.781	13
CA	23.189	11.911	-32.793	13
C	23.543	13.377	-32.963	13
N	24.217	13.892	-31.942	14
CA	24.597	15.302	-31.929	14
C	25.992	15.591	-32.48	14
N	26.849	14.55	-32.593	15
CA	28.23	14.74	-32.99	15
C	28.43	15.564	-34.22	15
N	27.556	15.39	-35.211	16
CA	27.738	16.041	-36.492	16
C	27.667	17.567	-36.414	16
N	27.151	18.113	-35.294	17
CA	27.097	19.577	-35.197	17
C	28.506	20.15	-35.216	17
N	29.334	19.647	-34.33	18
CA	30.708	20.128	-34.206	18
C	31.683	19.353	-35.058	18
N	31.305	18.14	-35.45	19
CA	32.213	17.244	-36.192	19
C	31.497	16.787	-37.444	19
N	31.487	17.616	-38.498	20
CA	30.671	17.384	-39.666	20
C	30.899	15.984	-40.261	20
N	32.087	15.413	-40.194	21
CA	32.281	14.119	-40.833	21
C	31.434	13.014	-40.192	21
N	30.952	13.226	-38.961	22
CA	30.096	12.218	-38.316	22
C	28.764	12.056	-39.034	22
N	28.388	13.023	-39.889	23
CA	27.219	12.895	-40.719	23
C	27.529	12.665	-42.201	23
N	28.8	12.343	-42.506	24
CA	29.213	12.143	-43.88	24
C	29.337	10.717	-44.306	24
N	30.146	10.521	-45.324	25
CA	30.307	9.202	-45.962	25
C	31.182	8.282	-45.1	25
N	31.084	7.007	-45.411	26
CA	32.004	5.946	-44.978	26
C	31.979	5.751	-43.482	26
N	30.837	5.955	-42.835	27
CA	30.856	5.872	-41.352	27
C	30.862	4.436	-40.845	27
N	31.59	4.276	-39.762	28
CA	31.708	3.05	-38.981	28
C	31.124	3.232	-37.605	28
N	30.773	2.146	-36.878	29
CA	30.862	0.752	-37.259	29
C	29.671	0.327	-38.069	29
N	29.695	-0.951	-38.482	30
CA	28.662	-1.525	-39.355	30
C	28.366	-2.935	-38.903	30
N	27.257	-3.445	-39.402	31
CA	26.896	-4.856	-39.248	31
C	27.549	-5.687	-40.361	31
N	28.222	-6.756	-39.965	32
CA	28.936	-7.668	-40.843	32
C	28.035	-8.873	-41.055	32
N	27.482	-9.075	-42.239	33
CA	26.499	-10.168	-42.466	33
C	26.686	-10.721	-43.818	33
N	26.199	-11.961	-44.043	34
CA	26.611	-12.777	-45.198	34
C	26.382	-12.128	-46.517	34
N	25.213	-11.487	-46.673	35
CA	24.833	-10.997	-47.993	35
C	25.708	-9.906	-48.512	35
N	26.525	-9.278	-47.654	36
CA	27.391	-8.233	-48.123	36
C	28.853	-8.664	-48.076	36
N	29.158	-9.959	-47.795	37
CA	30.572	-10.382	-47.773	37
C	31.043	-10.849	-49.116	37
N	32.295	-10.602	-49.437	38
CA	32.873	-11.105	-50.705	38
C	34.305	-11.473	-50.433	38
N	34.665	-12.73	-50.745	39
CA	36.082	-13.151	-50.616	39
C	36.961	-12.298	-51.513	39
N	38.139	-11.937	-51.027	40
CA	39.09	-11.144	-51.804	40
C	40.466	-11.76	-51.591	40
N	41.019	-12.329	-52.67	41
CA	42.362	-12.981	-52.607	41
C	43.46	-12.089	-52.248	41
N	43.304	-10.779	-52.333	42
CA	44.376	-9.869	-51.951	42
C	44.584	-9.831	-50.45	42
N	43.626	-10.356	-49.681	43
CA	43.648	-10.13	-48.235	43
C	44.503	-11.187	-47.597	43
N	45.802	-11.031	-47.765	44
CA	46.806	-12.011	-47.254	44
C	47.067	-11.71	-45.772	44
N	47.785	-12.567	-45.096	45
CA	47.983	-12.361	-43.665	45
C	48.803	-11.101	-43.327	45
N	48.384	-10.297	-42.343	46
CA	49.154	-9.167	-41.868	46
C	50.3	-9.662	-41.009	46
N	51.361	-8.85	-40.892	47
CA	52.483	-9.095	-39.958	47
C	52.477	-7.972	-38.871	47
N	52.614	-8.355	-37.571	48
CA	52.546	-7.4	-36.486	48
C	54.004	-7.279	-36.04	48
N	54.59	-6.126	-36.309	49
CA	56.025	-5.947	-36.055	49
C	56.205	-5.039	-34.863	49
N	57.146	-5.413	-33.953	50
CA	57.401	-4.512	-32.859	50
C	56.338	-4.511	-31.767	50
N	55.483	-5.536	-31.854	51
CA	54.374	-5.616	-30.881	51
C	54.792	-6.149	-29.49	51
N	55.996	-6.638	-29.362	52
CA	56.433	-7.153	-28.082	52
C	57.125	-6.054	-27.338	52
N	56.391	-5.305	-26.532	53
CA	56.883	-4.169	-25.79	53
C	57.644	-4.717	-24.547	53
N	58.719	-4.016	-24.144	54
CA	59.562	-4.428	-22.999	54
C	58.877	-4.222	-21.681	54
N	59.083	-5.225	-20.794	55
CA	58.433	-5.206	-19.506	55
C	58.971	-3.964	-18.793	55
N	60.237	-3.634	-19.149	56
CA	60.943	-2.559	-18.404	56
C	60.664	-1.133	-18.978	56
N	59.954	-1.117	-20.14	57
CA	59.502	0.105	-20.775	57
C	58.066	0.225	-20.165	57
N	57.521	1.472	-20.125	58
CA	56.146	1.732	-19.704	58
C	55.419	2.685	-20.666	58
N	54.079	2.583	-20.588	59
CA	53.083	3.082	-21.57	59
C	51.966	3.817	-20.914	59
N	51.55	5.0	-21.418	60
CA	50.665	5.898	-20.67	60
C	49.21	5.435	-20.863	60
N	48.564	5.159	-19.736	61
CA	47.127	4.863	-19.694	61
C	46.394	6.137	-19.284	61
N	45.358	6.416	-20.033	62
CA	44.574	7.671	-19.796	62
C	43.093	7.366	-19.875	62
N	42.388	7.819	-18.866	63
CA	40.998	7.962	-18.977	63
C	40.641	9.332	-19.626	63
N	40.189	9.33	-20.878	64
CA	39.955	10.589	-21.512	64
C	38.53	10.928	-21.434	64
N	37.803	10.232	-20.532	65
CA	36.385	10.508	-20.381	65
C	35.541	9.824	-21.39	65
N	36.164	9.2	-22.398	66
CA	35.418	8.533	-23.455	66
C	35.671	7.064	-23.402	66
N	36.911	6.744	-23.166	67
CA	37.351	5.416	-23.015	67
C	38.561	5.421	-22.145	67
N	39.217	4.25	-22.089	68
CA	40.613	4.149	-21.591	68
C	41.543	3.73	-22.702	68
N	42.554	4.567	-22.874	69
CA	43.482	4.439	-23.998	69
C	44.85	4.219	-23.42	69
N	45.6	3.33	-24.067	70
CA	46.967	3.132	-23.943	70
C	47.796	3.562	-25.088	70
N	48.722	4.474	-24.842	71
CA	49.586	4.998	-25.898	71
C	50.488	3.887	-26.275	71
N	50.784	3.842	-27.58	72
CA	51.649	2.82	-28.081	72
C	52.807	3.447	-28.944	72
N	53.999	2.829	-29.032	73
CA	55.201	3.436	-29.678	73
C	55.223	3.328	-31.201	73
N	55.706	4.337	-31.894	74
CA	55.543	4.374	-33.363	74
C	56.404	3.326	-34.126	74
N	57.411	2.721	-33.47	75
CA	58.171	1.648	-34.119	75
C	57.376	0.292	-34.143	75
N	56.234	0.259	-33.437	76
CA	55.344	-0.871	-33.593	76
C	54.442	-0.624	-34.838	76
N	54.303	-1.655	-35.709	77
CA	53.671	-1.422	-37.024	77
C	53.118	-2.659	-37.651	77
N	52.152	-2.437	-38.516	78
CA	51.621	-3.465	-39.374	78
C	52.368	-3.487	-40.701	78
N	52.753	-4.675	-41.145	79
CA	53.396	-4.844	-42.443	79
C	52.402	-5.707	-43.275	79
N	52.239	-5.391	-44.541	80
CA	51.331	-6.111	-45.358	80
C	50.294	-5.248	-46.06	80
N	50.061	-4.028	-45.577	81
CA	49.092	-3.118	-46.222	81
C	49.832	-2.313	-47.314	81
N	49.119	-1.429	-48.024	82
CA	49.711	-0.727	-49.181	82
C	50.768	0.312	-48.711	82
N	50.705	0.721	-47.445	83
CA	51.651	1.605	-46.739	83
C	51.984	0.988	-45.43	83
N	53.076	1.462	-44.795	84
CA	53.321	1.083	-43.444	84
C	52.392	1.825	-42.524	84
N	51.721	1.125	-41.588	85
CA	50.858	1.787	-40.56	85
C	51.461	1.534	-39.208	85
N	51.862	2.595	-38.513	86
CA	52.539	2.497	-37.237	86
C	51.539	2.741	-36.121	86
N	51.784	2.05	-35.013	87
CA	50.845	2.234	-33.843	87
C	50.791	3.614	-33.192	87
N	49.609	3.975	-32.68	88
CA	49.471	5.196	-31.883	88
C	48.822	4.957	-30.537	88
N	47.795	4.126	-30.507	89
CA	47.168	3.787	-29.218	89
C	46.169	2.658	-29.379	89
N	45.79	2.002	-28.264	90
CA	44.664	1.172	-28.282	90
C	43.66	1.589	-27.249	90
N	42.486	1.062	-27.375	91
CA	41.395	1.476	-26.438	91
C	40.319	0.365	-26.625	91
N	39.32	0.431	-25.762	92
CA	38.215	-0.523	-25.819	92
C	36.867	0.16	-25.782	92
N	35.89	-0.66	-26.171	93
CA	34.486	-0.214	-26.12	93
C	33.735	-1.342	-25.467	93
N	32.778	-0.992	-24.621	94
CA	32.013	-2.064	-23.899	94
C	30.615	-1.575	-23.546	94
N	29.852	-2.502	-22.988	95
CA	28.473	-2.244	-22.638	95
C	28.277	-1.917	-21.163	95
N	27.422	-2.666	-20.49	96
CA	27.245	-2.474	-19.062	96
C	26.781	-3.783	-18.47	96
N	26.785	-3.917	-17.125	97
CA	26.481	-5.23	-16.541	97
C	25.082	-5.761	-16.828	97
N	24.127	-4.864	-16.96	98
CA	22.755	-5.275	-17.307	98
C	22.53	-5.59	-18.753	98
N	23.464	-5.228	-19.622	99
CA	23.356	-5.493	-21.062	99
C	24.786	-5.542	-21.583	99
N	25.446	-6.675	-21.369	100
CA	26.894	-6.733	-21.592	100
C	27.162	-7.089	-23.031	100
N	26.776	-6.11	-23.924	101
CA	26.86	-6.321	-25.369	101
C	27.289	-5.079	-26.065	101
N	28.514	-4.642	-25.853	102
CA	28.936	-3.34	-26.237	102
C	30.053	-3.278	-27.235	102
N	30.152	-4.294	-28.1	103
CA	31.022	-4.123	-29.254	103
C	30.496	-3.049	-30.166	103
N	31.347	-2.531	-31.032	104
CA	30.905	-1.562	-32.039	104
C	30.392	-2.273	-33.29	104
N	31.259	-3.082	-33.9	105
CA	30.785	-3.937	-35.02	105
C	29.869	-5.016	-34.477	105
N	28.933	-5.416	-35.32	106
CA	28.053	-6.552	-35.057	106
C	28.248	-7.57	-36.153	106
N	27.891	-8.819	-35.842	107
CA	27.988	-9.884	-36.832	107
C	26.604	-10.512	-36.923	107
N	25.979	-10.442	-38.086	108
CA	24.631	-10.926	-38.243	108
C	23.679	-10.321	-37.213	108
N	23.891	-9.029	-36.993	109
CA	23.056	-8.28	-36.122	109
C	23.384	-8.382	-34.667	109
N	24.356	-9.204	-34.266	110
CA	24.649	-9.451	-32.891	110
C	25.888	-8.735	-32.405	110
N	25.759	-8.04	-31.263	111
CA	26.905	-7.478	-30.626	111
C	27.687	-8.576	-29.94	111
N	28.949	-8.345	-29.787	112
CA	29.843	-9.051	-28.877	112
C	29.875	-8.277	-27.562	112
N	30.473	-8.863	-26.542	113
CA	30.572	-8.171	-25.272	113
C	31.328	-6.872	-25.319	113
N	32.45	-6.832	-26.049	114
CA	33.281	-5.616	-26.057	114
C	34.159	-5.752	-27.318	114
N	34.901	-4.705	-27.572	115
CA	35.724	-4.681	-28.757	115
C	36.993	-3.891	-28.388	115
N	38.139	-4.427	-28.846	116
CA	39.416	-3.748	-28.697	116
C	39.851	-3.153	-30.076	116
N	40.284	-1.914	-30.075	117
CA	40.811	-1.233	-31.272	117
C	42.255	-0.915	-31.079	117
N	43.083	-1.34	-32.039	118
CA	44.5	-0.955	-32.043	118
C	44.707	-0.018	-33.217	118
N	44.882	1.261	-32.927	119
CA	44.889	2.335	-33.873	119
C	46.272	2.53	-34.409	119
N	46.393	2.55	-35.731	120
CA	47.688	2.82	-36.411	120
C	47.498	3.964	-37.41	120
N	48.613	4.668	-37.735	121
CA	48.525	5.772	-38.695	121
C	49.506	5.47	-39.798	121
N	49.286	6.098	-40.929	122
CA	50.106	5.86	-42.121	122
C	51.35	6.718	-42.029	122
N	52.391	6.079	-41.548	123
CA	53.646	6.815	-41.248	123
C	54.48	6.983	-42.514	123
N	54.153	6.278	-43.594	124
CA	54.8	6.569	-44.845	124
C	54.347	7.943	-45.375	124
N	53.093	8.275	-45.184	125
CA	52.566	9.54	-45.699	125
C	52.623	10.686	-44.696	125
N	52.49	10.394	-43.384	126
CA	52.252	11.373	-42.37	126
C	53.206	11.268	-41.236	126
N	53.478	12.399	-40.513	127
CA	54.478	12.373	-39.478	127
C	53.987	11.85	-38.158	127
N	52.68	11.888	-37.946	128
CA	52.127	11.463	-36.649	128
C	50.646	11.167	-36.829	128
N	50.022	10.628	-35.79	129
CA	48.654	10.163	-35.907	129
C	47.659	11.329	-35.979	129
N	47.919	12.429	-35.255	130
CA	47.021	13.528	-35.328	130
C	46.976	14.138	-36.704	130
N	48.156	14.275	-37.356	131
CA	48.161	14.857	-38.676	131
C	47.47	13.874	-39.619	131
N	47.756	12.571	-39.454	132
CA	47.173	11.572	-40.397	132
C	45.665	11.469	-40.318	132
N	45.077	11.777	-39.168	133
CA	43.74	11.225	-38.874	133
C	42.688	11.824	-39.772	133
N	42.889	13.031	-40.302	134
CA	41.908	13.666	-41.186	134
C	42.345	13.633	-42.636	134
N	43.295	12.755	-42.995	135
CA	43.907	12.817	-44.327	135
C	43.7	11.459	-45.003	135
N	43.785	11.505	-46.345	136
CA	43.623	10.344	-47.15	136
C	44.502	9.178	-46.689	136
N	43.895	8.006	-46.549	137
CA	44.637	6.771	-46.193	137
C	45.375	6.944	-44.865	137
N	44.787	7.731	-43.955	138
CA	45.552	8.132	-42.761	138
C	45.681	7.069	-41.708	138
N	44.66	6.206	-41.559	139
CA	44.605	5.306	-40.424	139
C	44.267	3.876	-40.803	139
N	44.682	2.945	-39.924	140
CA	44.301	1.547	-40.034	140
C	44.036	1.106	-38.61	140
N	42.879	0.458	-38.387	141
CA	42.538	-0.003	-37.08	141
C	42.338	-1.5	-37.142	141
N	42.929	-2.174	-36.184	142
CA	42.655	-3.55	-35.963	142
C	41.569	-3.716	-34.936	142
N	40.54	-4.499	-35.177	143
CA	39.454	-4.705	-34.249	143
C	39.361	-6.133	-33.797	143
N	39.309	-6.318	-32.521	144
CA	39.18	-7.654	-31.952	144
C	37.858	-7.687	-31.175	144
N	36.98	-8.635	-31.584	145
CA	35.71	-8.853	-30.922	145
C	35.955	-9.681	-29.659	145
N	35.287	-9.318	-28.568	146
CA	35.539	-9.931	-27.225	146
C	34.241	-10.526	-26.772	146
N	34.265	-11.797	-26.351	147
CA	33.119	-12.454	-25.726	147
C	33.52	-13.012	-24.358	147
N	32.498	-13.285	-23.525	148
CA	32.641	-14.017	-22.254	148
C	33.179	-15.432	-22.55	148
N	34.166	-15.887	-21.738	149
CA	34.622	-17.293	-21.789	149
C	35.733	-17.483	-20.767	149
N	36.826	-18.162	-21.111	150
CA	37.865	-18.46	-20.111	150
C	38.597	-17.174	-19.753	150
N	39.195	-17.055	-18.563	151
CA	39.783	-15.758	-18.321	151
C	41.09	-15.66	-19.192	151
N	41.561	-14.437	-19.44	152
CA	42.596	-14.006	-20.323	152
C	43.613	-13.092	-19.599	152
N	44.783	-13.664	-19.231	153
CA	45.912	-13.015	-18.544	153
C	46.522	-11.921	-19.368	153
N	46.421	-11.953	-20.727	154
CA	46.919	-10.801	-21.552	154
C	46.078	-9.576	-21.346	154
N	44.732	-9.7	-21.444	155
CA	43.866	-8.558	-21.308	155
C	44.039	-8.05	-19.841	155
N	44.351	-8.959	-18.86	156
CA	44.531	-8.518	-17.461	156
C	45.757	-7.563	-17.235	156
N	46.668	-7.585	-18.219	157
CA	47.781	-6.621	-18.247	157
C	47.356	-5.171	-18.404	157
N	46.164	-4.889	-19.009	158
CA	45.595	-3.584	-19.019	158
C	44.666	-3.514	-17.824	158
N	43.794	-4.518	-17.693	159
CA	42.675	-4.353	-16.748	159
C	43.037	-4.163	-15.274	159
N	44.232	-4.604	-14.975	160
CA	44.74	-4.592	-13.604	160
C	45.225	-3.221	-13.21	160
N	45.236	-2.259	-14.138	161
CA	45.609	-0.9	-13.91	161
C	44.423	0.051	-13.847	161
N	43.175	-0.412	-14.154	162
CA	42.033	0.538	-14.35	162
C	41.634	1.332	-13.12	162
N	41.89	0.842	-11.867	163
CA	41.528	1.626	-10.652	163
C	42.448	2.902	-10.51	163
N	43.562	2.909	-11.274	164
CA	44.484	4.072	-11.296	164
C	44.069	5.198	-12.177	164
N	43.116	4.904	-13.071	165
CA	42.605	5.998	-13.948	165
C	41.091	5.976	-13.905	165
N	40.548	5.803	-12.706	166
CA	39.116	5.698	-12.62	166
C	38.362	6.893	-13.13	166
N	38.985	8.072	-13.059	167
CA	38.324	9.361	-13.393	167
C	38.851	10.063	-14.608	167
N	37.996	10.926	-15.211	168
CA	38.339	11.654	-16.422	168
C	39.6	12.442	-16.208	168
N	40.499	12.316	-17.163	169
CA	41.787	12.968	-17.167	169
C	42.924	12.283	-16.448	169
N	42.619	11.278	-15.641	170
CA	43.67	10.598	-14.885	170
C	44.477	9.68	-15.772	170
N	45.753	9.594	-15.393	171
CA	46.737	8.842	-16.123	171
C	47.497	7.951	-15.189	171
N	48.006	6.907	-15.756	172
CA	48.914	5.958	-15.097	172
C	49.756	5.306	-16.141	172
N	50.64	4.441	-15.763	173
CA	51.534	3.788	-16.692	173
C	51.274	2.352	-16.512	173
N	51.33	1.679	-17.654	174
CA	51.315	0.226	-17.728	174
C	52.679	-0.266	-18.192	174
N	53.246	-1.323	-17.539	175
CA	54.478	-1.939	-18.088	175
C	54.225	-2.534	-19.441	175
N	55.262	-2.467	-20.278	176
CA	55.248	-3.131	-21.602	176
C	54.939	-4.599	-21.505	176
N	54.1	-5.04	-22.457	177
CA	53.913	-6.473	-22.758	177
C	53.698	-6.715	-24.242	177
N	53.506	-7.99	-24.659	178
CA	53.323	-8.3	-26.014	178
C	51.907	-8.173	-26.496	178
N	51.732	-7.0	-27.184	179
CA	50.427	-6.577	-27.648	179
C	49.77	-7.677	-28.557	179
N	50.583	-8.413	-29.259	180
CA	50.134	-9.553	-30.032	180
C	49.218	-10.579	-29.329	180
N	49.456	-10.738	-28.038	181
CA	48.641	-11.641	-27.284	181
C	47.167	-11.176	-27.141	181
N	46.885	-9.874	-27.399	182
CA	45.482	-9.323	-27.429	182
C	44.709	-9.897	-28.659	182
N	45.424	-10.411	-29.653	183
CA	44.79	-10.72	-30.913	183
C	44.246	-12.097	-30.853	183
N	43.22	-12.397	-31.604	184
CA	42.635	-13.692	-31.55	184
C	43.388	-14.752	-32.269	184
N	42.829	-15.943	-32.221	185
CA	43.251	-17.051	-33.056	185
C	42.95	-16.822	-34.563	185
N	43.871	-17.381	-35.38	186
CA	43.742	-17.3	-36.83	186
C	43.62	-15.893	-37.339	186
N	44.571	-15.032	-36.992	187
CA	44.546	-13.68	-37.487	187
C	44.454	-13.6	-39.012	187
N	44.747	-14.703	-39.733	188
CA	44.615	-14.692	-41.181	188
C	43.19	-14.474	-41.635	188
N	42.209	-14.771	-40.778	189
CA	40.804	-14.664	-41.144	189
C	40.257	-13.316	-40.648	189
N	39.831	-12.461	-41.557	190
CA	39.392	-11.129	-41.169	190
C	38.423	-10.595	-42.209	190
N	37.653	-9.583	-41.767	191
CA	36.849	-8.725	-42.589	191
C	37.614	-7.417	-42.831	191
N	37.416	-6.864	-44.026	192
CA	38.114	-5.615	-44.395	192
C	37.136	-4.681	-45.065	192
N	37.146	-3.413	-44.673	193
CA	36.389	-2.408	-45.439	193
C	36.983	-1.057	-45.124	193
N	36.668	-0.078	-45.979	194
CA	37.063	1.304	-45.754	194
C	35.924	2.01	-44.964	194
N	36.321	2.615	-43.866	195
CA	35.345	3.303	-43.019	195
C	35.944	4.468	-42.315	195
N	35.493	4.702	-41.084	196
CA	35.771	5.954	-40.417	196
C	36.218	5.68	-38.977	196
N	36.707	6.747	-38.322	197
CA	36.749	6.704	-36.869	197
C	35.319	6.477	-36.378	197
N	35.158	5.716	-35.294	198
CA	33.833	5.562	-34.674	198
C	33.592	6.56	-33.603	198
N	34.525	7.455	-33.4	199
CA	34.409	8.605	-32.446	199
C	34.613	9.88	-33.212	199
N	34.133	11.007	-32.676	200
CA	34.504	12.302	-33.308	200
C	36.011	12.381	-33.441	200
N	36.508	12.941	-34.523	201
CA	35.744	13.674	-35.57	201
C	35.172	12.745	-36.661	201
N	35.233	11.413	-36.512	202
CA	34.555	10.545	-37.473	202
C	35.115	10.607	-38.889	202
N	36.393	10.959	-39.022	203
CA	36.907	11.138	-40.357	203
C	36.871	9.803	-41.117	203
N	36.568	9.876	-42.412	204
CA	36.407	8.61	-43.216	204
C	37.752	8.161	-43.751	204
N	38.688	7.921	-42.817	205
CA	40.088	7.755	-43.162	205
C	40.663	6.434	-42.622	205
N	39.76	5.501	-42.182	206
CA	40.196	4.264	-41.554	206
C	40.045	3.046	-42.454	206
N	41.157	2.325	-42.613	207
CA	41.126	0.982	-43.233	207
C	40.826	0.046	-42.043	207
N	39.656	-0.581	-42.024	208
CA	39.264	-1.472	-40.941	208
C	39.649	-2.9	-41.227	208
N	40.182	-3.564	-40.23	209
CA	40.398	-4.968	-40.265	209
C	39.755	-5.529	-38.983	209
N	38.687	-6.321	-39.147	210
CA	37.98	-6.876	-38.006	210
C	38.255	-8.361	-38.013	210
N	38.954	-8.897	-37.029	211
CA	39.245	-10.293	-37.087	211
C	37.98	-11.157	-37.02	211
N	37.936	-12.283	-37.737	212
CA	36.752	-13.09	-37.771	212
C	36.438	-13.728	-36.422	212
N	37.49	-14.168	-35.724	213
CA	37.292	-14.932	-34.51	213
C	37.49	-14.049	-33.292	213
N	36.555	-14.151	-32.319	214
CA	36.646	-13.373	-31.113	214
C	37.643	-13.933	-30.154	214
N	38.103	-13.09	-29.208	215
CA	38.854	-13.602	-28.035	215
C	37.848	-13.732	-26.89	215
N	38.224	-14.488	-25.87	216
CA	37.447	-14.622	-24.67	216
C	38.149	-13.985	-23.472	216
N	37.343	-13.32	-22.666	217
CA	37.726	-12.862	-21.327	217
C	36.742	-13.467	-20.341	217
N	37.151	-13.671	-19.098	218
CA	36.243	-14.32	-18.224	218
C	35.088	-13.403	-17.92	218
N	34.038	-14.005	-17.348	219
CA	32.939	-13.173	-16.892	219
C	33.415	-12.198	-15.802	219
N	34.346	-12.645	-14.955	220
CA	34.957	-11.694	-14.025	220
C	35.726	-10.539	-14.685	220
N	36.532	-10.821	-15.704	221
CA	37.274	-9.741	-16.411	221
C	36.25	-8.739	-17.023	221
N	35.18	-9.269	-17.62	222
CA	34.235	-8.425	-18.355	222
C	33.516	-7.505	-17.378	222
N	33.096	-8.103	-16.255	223
CA	32.396	-7.368	-15.233	223
C	33.371	-6.309	-14.64	223
N	34.647	-6.657	-14.42	224
CA	35.67	-5.696	-13.989	224
C	35.779	-4.502	-14.923	224
N	35.888	-4.747	-16.219	225
CA	35.989	-3.659	-17.183	225
C	34.748	-2.757	-17.178	225
N	33.579	-3.365	-17.098	226
CA	32.312	-2.582	-17.134	226
C	32.078	-1.748	-15.928	226
N	32.747	-2.114	-14.817	227
CA	32.577	-1.447	-13.55	227
C	33.772	-0.597	-13.14	227
N	34.861	-0.551	-13.898	228
CA	36.073	0.081	-13.338	228
C	36.093	1.585	-13.409	228
N	35.469	2.168	-14.428	229
CA	35.852	3.517	-14.826	229
C	34.695	4.455	-14.795	229
N	35.057	5.73	-14.711	230
CA	34.068	6.801	-14.685	230
C	34.41	7.76	-15.768	230
N	33.376	8.386	-16.31	231
CA	33.589	9.377	-17.335	231
C	34.135	10.676	-16.777	231
N	33.62	11.066	-15.593	232
CA	33.732	12.386	-14.962	232
C	35.003	12.532	-14.131	232
N	35.384	13.788	-13.784	233
CA	36.583	14.033	-12.98	233
C	36.4	13.599	-11.528	233
N	37.523	13.145	-10.898	234
CA	37.523	12.558	-9.522	234
C	36.624	13.192	-8.55	234
N	36.546	14.524	-8.679	235
CA	35.852	15.204	-7.588	235
C	34.545	15.797	-8.058	235
N	34.057	15.33	-9.205	236
CA	32.726	15.71	-9.615	236
C	31.744	15.122	-8.589	236
N	30.846	15.979	-8.027	237
CA	29.85	15.483	-7.072	237
C	28.712	14.706	-7.713	237
N	28.744	14.612	-9.042	238
CA	27.82	13.787	-9.826	238
C	28.628	12.832	-10.732	238
N	29.203	11.744	-10.148	239
CA	29.985	10.812	-10.997	239
C	29.141	10.063	-11.997	239
N	29.753	9.839	-13.141	240
CA	29.08	9.033	-14.167	240
C	29.938	7.826	-14.564	240
N	29.389	6.61	-14.511	241
CA	30.151	5.439	-14.879	241
C	30.386	5.461	-16.355	241
N	31.579	5.027	-16.73	242
CA	31.914	4.804	-18.134	242
C	31.412	3.45	-18.603	242
N	30.265	3.505	-19.254	243
CA	29.594	2.317	-19.775	243
C	28.985	2.666	-21.14	243
N	28.706	1.636	-21.908	244
CA	28.026	1.83	-23.192	244
C	28.753	2.827	-24.077	244
N	30.085	2.723	-24.119	245
CA	30.915	3.689	-24.876	245
C	31.232	3.169	-26.271	245
N	30.143	2.871	-26.984	246
CA	30.235	2.372	-28.383	246
C	29.276	3.162	-29.204	246
N	29.578	3.298	-30.481	247
CA	28.655	3.96	-31.408	247
C	27.657	2.947	-31.967	247
N	26.407	3.329	-32.21	248
CA	25.484	2.447	-32.906	248
C	25.987	2.149	-34.308	248
N	25.541	1.046	-34.875	249
CA	25.925	0.722	-36.233	249
C	25.312	1.71	-37.204	249
N	26.036	1.957	-38.282	250
CA	25.703	2.925	-39.333	250
C	25.089	2.18	-40.519	250
N	24.255	2.878	-41.259	251
CA	23.792	2.35	-42.529	251
C	24.967	2.041	-43.412	251
N	24.882	0.987	-44.223	252
CA	26.003	0.534	-45.11	252
C	25.268	-0.077	-46.291	252
N	25.074	0.68	-47.325	253
CA	24.201	0.253	-48.425	253
C	24.924	0.265	-49.722	253
N	24.665	-0.747	-50.534	254
CA	25.302	-0.852	-51.851	254
C	26.821	-0.932	-51.715	254
N	27.283	-1.597	-50.661	255
CA	28.701	-1.736	-50.383	255
C	28.986	-3.157	-49.932	255
N	30.241	-3.579	-50.075	256
CA	30.686	-4.897	-49.698	256
C	31.676	-4.816	-48.533	256
N	31.732	-5.892	-47.769	257
CA	32.796	-6.106	-46.844	257
C	33.592	-7.274	-47.419	257
N	34.88	-7.074	-47.542	258
CA	35.734	-8.078	-48.153	258
C	36.267	-9.008	-47.092	258
N	36.419	-10.3	-47.434	259
CA	36.824	-11.237	-46.43	259
C	38.024	-11.993	-46.931	259
N	38.917	-12.337	-45.99	260
CA	40.15	-13.052	-46.336	260
C	39.878	-14.522	-46.336	260
N	38.68	-14.945	-45.991	261
CA	38.322	-16.32	-45.809	261
C	37.194	-16.536	-46.739	261
N	37.039	-17.756	-47.185	262
CA	35.811	-17.978	-47.968	262
C	34.804	-18.709	-47.152	262
N	35.336	-19.722	-46.53	263
CA	34.479	-20.718	-45.932	263
C	34.449	-20.382	-44.444	263
N	13.182	24.266	-49.604	1
CA	11.692	24.3	-49.44	1
C	12.018	23.171	-48.448	1
N	13.163	23.09	-47.862	2
CA	13.573	21.795	-47.148	2
C	13.052	20.647	-46.019	2
N	14.045	19.725	-45.225	3
CA	14.739	18.912	-46.263	3
C	15.488	17.711	-45.671	3
N	15.075	17.243	-44.488	4
CA	15.71	16.08	-43.875	4
C	15.459	14.857	-44.755	4
N	16.375	13.9	-44.696	5
CA	16.282	12.684	-45.532	5
C	16.727	11.486	-44.686	5
N	16.759	10.33	-45.36	6
CA	17.354	9.141	-44.745	6
C	18.708	8.792	-45.344	6
N	19.274	9.629	-46.197	7
CA	20.506	9.21	-46.91	7
C	21.266	10.436	-47.32	7
N	22.554	10.474	-47.029	8
CA	23.376	11.556	-47.527	8
C	23.517	12.617	-46.481	8
N	23.925	13.831	-46.894	9
CA	24.283	14.883	-45.949	9
C	23.211	15.301	-44.993	9
N	21.947	15.14	-45.411	10
CA	20.809	15.513	-44.53	10
C	20.161	14.324	-43.856	10
N	20.848	13.208	-43.833	11
CA	20.356	12.0	-43.197	11
C	20.442	12.005	-41.691	11
N	20.178	10.843	-41.092	12
CA	19.768	10.801	-39.693	12
C	20.821	11.257	-38.706	12
N	22.108	11.165	-39.028	13
CA	23.108	11.668	-38.124	13
C	23.156	13.208	-38.123	13
N	22.482	13.846	-39.048	14
CA	22.418	15.316	-39.136	14
C	21.112	15.893	-38.653	14
N	20.087	15.073	-38.382	15
CA	18.796	15.586	-38.003	15
C	18.849	16.536	-36.81	15
N	19.719	16.224	-35.878	16
CA	19.819	17.02	-34.645	16
C	20.331	18.428	-34.932	16
N	20.871	18.722	-36.091	17
CA	21.35	20.089	-36.354	17
C	20.159	21.003	-36.41	17
N	19.038	20.554	-36.874	18
CA	17.821	21.352	-37.037	18
C	16.735	20.972	-36.039	18
N	16.79	19.756	-35.516	19
CA	15.732	19.212	-34.699	19
C	16.334	18.703	-33.42	19
N	16.429	19.566	-32.417	20
CA	17.229	19.213	-31.261	20
C	16.747	17.945	-30.527	20
N	15.441	17.645	-30.584	21
CA	15.016	16.444	-29.879	21
C	15.574	15.16	-30.512	21
N	16.018	15.198	-31.755	22
CA	16.607	14.043	-32.371	22
C	17.941	13.646	-31.746	22
N	18.564	14.607	-30.977	23
CA	19.731	14.345	-30.184	23
C	19.467	14.281	-28.691	23
N	18.193	14.197	-28.34	24
CA	17.767	14.194	-26.935	24
C	17.527	12.818	-26.396	24
N	16.871	12.733	-25.284	25
CA	16.61	11.466	-24.676	25
C	15.449	10.704	-25.306	25
N	15.296	9.445	-24.899	26
CA	14.105	8.619	-25.168	26
C	13.815	8.436	-26.638	26
N	14.859	8.265	-27.43	27
CA	14.65	8.121	-28.889	27
C	14.249	6.724	-29.282	27
N	13.502	6.669	-30.367	28
CA	13.07	5.425	-31.01	28
C	13.65	5.424	-32.456	28
N	13.748	4.241	-33.091	29
CA	13.37	2.914	-32.596	29
C	14.5	2.311	-31.8	29
N	14.247	1.091	-31.34	30
CA	15.202	0.347	-30.501	30
C	15.191	-1.085	-30.917	30
N	16.266	-1.771	-30.475	31
CA	16.376	-3.225	-30.633	31
C	15.739	-3.914	-29.428	31
N	14.775	-4.755	-29.681	32
CA	14.051	-5.47	-28.62	32
C	14.793	-6.787	-28.389	32
N	15.502	-6.907	-27.258	33
CA	16.341	-8.087	-26.964	33
C	16.204	-8.423	-25.505	33
N	16.557	-9.668	-25.187	34
CA	16.165	-10.246	-23.905	34
C	16.706	-9.432	-22.738	34
N	17.899	-8.85	-22.767	35
CA	18.466	-8.202	-21.586	35
C	17.619	-7.071	-21.07	35
N	16.843	-6.431	-21.962	36
CA	16.098	-5.245	-21.565	36
C	14.621	-5.435	-21.502	36
N	14.167	-6.685	-21.605	37
CA	12.741	-6.967	-21.48	37
C	12.303	-7.318	-20.054	37
N	11.117	-6.885	-19.687	38
CA	10.641	-7.215	-18.365	38
C	9.172	-7.395	-18.437	38
N	8.67	-8.531	-18.007	39
CA	7.261	-8.734	-17.978	39
C	6.577	-7.763	-17.017	39
N	5.424	-7.243	-17.422	40
CA	4.681	-6.33	-16.559	40
C	3.225	-6.701	-16.643	40
N	2.686	-7.167	-15.484	41
CA	1.286	-7.638	-15.465	41
C	0.288	-6.507	-15.616	41
N	0.753	-5.251	-15.542	42
CA	-0.177	-4.135	-15.748	42
C	-0.538	-3.973	-17.254	42
N	0.179	-4.678	-18.16	43
CA	-0.01	-4.483	-19.614	43
C	-1.138	-5.36	-20.112	43
N	-2.35	-4.869	-19.987	44
CA	-3.566	-5.585	-20.321	44
C	-3.875	-5.307	-21.763	44
N	-4.768	-6.093	-22.367	45
CA	-4.998	-5.977	-23.785	45
C	-5.564	-4.652	-24.24	45
N	-5.069	-4.123	-25.331	46
CA	-5.653	-2.945	-25.907	46
C	-6.926	-3.269	-26.626	46
N	-7.828	-2.281	-26.659	47
CA	-9.053	-2.476	-27.466	47
C	-9.096	-1.479	-28.615	47
N	-9.416	-2.071	-29.803	48
CA	-9.361	-1.273	-31.106	48
C	-10.77	-0.908	-31.519	48
N	-11.14	0.357	-31.386	49
CA	-12.516	0.78	-31.517	49
C	-12.607	1.634	-32.772	49
N	-13.64	1.394	-33.552	50
CA	-13.891	2.14	-34.777	50
C	-12.777	1.943	-35.845	50
N	-12.08	0.79	-35.742	51
CA	-11.119	0.437	-36.758	51
C	-11.801	-0.092	-38.039	51
N	-13.068	-0.499	-37.966	52
CA	-13.716	-1.056	-39.133	52
C	-14.312	0.076	-39.999	52
N	-13.524	0.58	-40.942	53
CA	-13.942	1.753	-41.735	53
C	-14.874	1.328	-42.872	53
N	-15.925	2.107	-43.065	54
CA	-16.898	1.815	-44.094	54
C	-16.304	1.821	-45.545	54
N	-16.657	0.846	-46.387	55
CA	-16.223	0.784	-47.81	55
C	-16.867	1.905	-48.593	55
N	-17.949	2.483	-48.064	56
CA	-18.568	3.638	-48.756	56
C	-18.046	4.999	-48.298	56
N	-17.006	4.969	-47.472	57
CA	-16.296	6.147	-47.051	57
C	-14.91	6.085	-47.672	57
N	-14.298	7.248	-47.875	58
CA	-12.992	7.337	-48.512	58
C	-12.044	8.012	-47.575	58
N	-10.765	7.604	-47.62	59
CA	-9.735	8.101	-46.75	59
C	-8.541	8.521	-47.572	59
N	-7.947	9.634	-47.218	60
CA	-6.896	10.233	-48.041	60
C	-5.547	9.616	-47.839	60
N	-4.963	9.138	-48.966	61
CA	-3.602	8.645	-48.967	61
C	-2.731	9.752	-49.566	61
N	-1.61	10.04	-48.943	62
CA	-0.737	11.136	-49.411	62
C	0.711	10.645	-49.321	62
N	1.512	10.943	-50.353	63
CA	2.967	10.856	-50.269	63
C	3.47	12.125	-49.717	63
N	4.05	12.041	-48.497	64
CA	4.479	13.324	-47.88	64
C	5.973	13.548	-47.982	64
N	6.663	12.924	-48.939	65
CA	8.125	13.148	-49.091	65
C	8.992	12.173	-48.272	65
N	8.369	11.469	-47.303	66
CA	9.102	10.604	-46.305	66
C	8.623	9.232	-46.152	66
N	7.323	9.072	-46.395	67
CA	6.6	7.811	-46.377	67
C	5.294	7.981	-47.166	67
N	4.509	6.922	-47.217	68
CA	3.142	6.969	-47.694	68
C	2.201	6.968	-46.468	68
N	1.306	8.033	-46.29	69
CA	0.34	8.016	-45.108	69
C	-1.079	7.937	-45.575	69
N	-1.857	7.215	-44.777	70
CA	-3.286	7.144	-44.91	70
C	-3.909	7.889	-43.75	70
N	-4.701	8.898	-44.003	71
CA	-5.397	9.596	-42.918	71
C	-6.482	8.743	-42.343	71
N	-6.67	8.827	-41.027	72
CA	-7.648	8.022	-40.302	72
C	-8.577	8.979	-39.54	72
N	-9.818	8.528	-39.284	73
CA	-10.818	9.361	-38.642	73
C	-10.654	9.361	-37.115	73
N	-10.883	10.476	-36.429	74
CA	-10.69	10.501	-34.974	74
C	-11.676	9.641	-34.186	74
N	-12.753	9.144	-34.83	75
CA	-13.718	8.243	-34.117	75
C	-13.046	6.864	-33.927	75
N	-11.97	6.614	-34.678	76
CA	-11.155	5.423	-34.512	76
C	-10.201	5.654	-33.318	76
N	-10.161	4.712	-32.357	77
CA	-9.384	4.929	-31.172	77
C	-8.95	3.709	-30.506	77
N	-8.013	3.786	-29.6	78
CA	-7.677	2.606	-28.812	78
C	-8.25	2.954	-27.441	78
N	-8.32	1.987	-26.545	79
CA	-8.598	2.047	-25.14	79
C	-7.692	1.054	-24.38	79
N	-7.189	1.505	-23.204	80
CA	-6.397	0.651	-22.348	80
C	-5.196	1.335	-21.795	80
N	-4.939	2.547	-22.406	81
CA	-3.8	3.359	-21.883	81
C	-4.285	4.337	-20.838	81
N	-3.424	5.205	-20.381	82
CA	-3.808	6.106	-19.286	82
C	-4.823	7.16	-19.697	82
N	-4.954	7.369	-21.005	83
CA	-5.889	8.347	-21.641	83
C	-6.463	7.674	-22.897	83
N	-7.556	8.161	-23.489	84
CA	-7.986	7.832	-24.84	84
C	-7.051	8.372	-25.915	84
N	-6.649	7.519	-26.854	85
CA	-5.839	7.901	-27.964	85
C	-6.613	7.712	-29.232	85
N	-6.789	8.788	-29.998	86
CA	-7.567	8.732	-31.194	86
C	-6.637	8.652	-32.43	86
N	-7.047	7.878	-33.431	87
CA	-6.164	7.72	-34.634	87
C	-6.047	8.997	-35.4	87
N	-4.904	9.136	-36.061	88
CA	-4.708	10.231	-37.008	88
C	-4.189	9.782	-38.364	88
N	-3.281	8.792	-38.413	89
CA	-2.79	8.342	-39.718	89
C	-2.072	7.011	-39.486	89
N	-1.861	6.288	-40.594	90
CA	-0.924	5.191	-40.579	90
C	0.069	5.379	-41.757	90
N	1.208	4.74	-41.654	91
CA	2.246	4.83	-42.671	91
C	3.179	3.651	-42.472	91
N	4.155	3.536	-43.393	92
CA	5.07	2.423	-43.382	92
C	6.533	2.877	-43.459	92
N	7.421	1.966	-43.167	93
CA	8.877	2.074	-43.34	93
C	9.382	0.828	-43.974	93
N	10.324	0.973	-44.899	94
CA	10.818	-0.148	-45.677	94
C	12.245	0.08	-46.154	94
N	12.798	-0.972	-46.783	95
CA	14.173	-0.975	-47.233	95
C	14.228	-0.701	-48.727	95
N	14.799	-1.65	-49.477	96
CA	14.895	-1.456	-50.926	96
C	15.064	-2.812	-51.532	96
N	15.018	-2.948	-52.882	97
CA	14.993	-4.255	-53.471	97
C	16.208	-5.101	-53.126	97
N	17.388	-4.482	-52.977	98
CA	18.624	-5.23	-52.646	98
C	18.831	-5.43	-51.157	98
N	17.94	-4.846	-50.35	99
CA	18.025	-5.031	-48.904	99
C	16.621	-4.902	-48.348	99
N	15.801	-5.921	-48.448	100
CA	14.374	-5.816	-48.021	100
C	14.311	-6.09	-46.514	100
N	14.946	-5.224	-45.756	101
CA	15.083	-5.367	-44.287	101
C	15.013	-3.993	-43.671	101
N	13.876	-3.347	-43.824	102
CA	13.704	-1.946	-43.456	102
C	12.737	-1.672	-42.353	102
N	12.484	-2.652	-41.469	103
CA	11.769	-2.309	-40.228	103
C	12.601	-1.285	-39.439	103
N	11.909	-0.542	-38.579	104
CA	12.595	0.388	-37.658	104
C	13.005	-0.339	-36.379	104
N	12.037	-0.911	-35.666	105
CA	12.391	-1.791	-34.579	105
C	13.009	-3.069	-35.085	105
N	13.935	-3.58	-34.308	106
CA	14.549	-4.875	-34.599	106
C	14.268	-5.794	-33.402	106
N	14.357	-7.109	-33.634	107
CA	14.142	-8.059	-32.539	107
C	15.386	-8.94	-32.529	107
N	16.061	-8.948	-31.397	108
CA	17.314	-9.732	-31.217	108
C	18.255	-9.439	-32.388	108
N	18.415	-8.167	-32.715	109
CA	19.377	-7.696	-33.726	109
C	18.928	-7.853	-35.144	109
N	17.734	-8.34	-35.398	110
CA	17.273	-8.614	-36.766	110
C	16.196	-7.661	-37.182	110
N	16.354	-7.067	-38.369	111
CA	15.29	-6.353	-38.993	111
C	14.25	-7.294	-39.528	111
N	13.046	-6.816	-39.579	112
CA	12.031	-7.34	-40.447	112
C	12.021	-6.609	-41.764	112
N	11.218	-7.095	-42.718	113
CA	11.203	-6.479	-44.06	113
C	10.706	-5.039	-44.01	113
N	9.668	-4.766	-43.201	114
CA	9.032	-3.439	-43.213	114
C	8.34	-3.281	-41.873	114
N	7.701	-2.132	-41.669	115
CA	6.997	-1.87	-40.422	115
C	5.866	-0.931	-40.697	115
N	4.704	-1.215	-40.11	116
CA	3.53	-0.342	-40.166	116
C	3.402	0.386	-38.858	116
N	3.14	1.685	-38.897	117
CA	2.845	2.499	-37.715	117
C	1.475	3.058	-37.824	117
N	0.658	2.815	-36.799	118
CA	-0.684	3.412	-36.723	118
C	-0.63	4.472	-35.627	118
N	-0.62	5.745	-35.99	119
CA	-0.39	6.842	-35.096	119
C	-1.697	7.323	-34.495	119
N	-1.652	7.497	-33.166	120
CA	-2.805	8.075	-32.433	120
C	-2.295	9.197	-31.537	120
N	-3.246	10.116	-31.201	121
CA	-2.92	11.237	-30.341	121
C	-3.813	11.231	-29.128	121
N	-3.346	11.91	-28.097	122
CA	-4.048	11.997	-26.785	122
C	-5.151	13.013	-26.944	122
N	-6.347	12.52	-27.28	123
CA	-7.456	13.431	-27.479	123
C	-8.149	13.81	-26.204	123
N	-7.806	13.175	-25.085	124
CA	-8.219	13.731	-23.752	124
C	-7.508	15.032	-23.417	124
N	-6.26	15.243	-23.807	125
CA	-5.492	16.412	-23.513	125
C	-5.468	17.404	-24.601	125
N	-5.454	16.96	-25.875	126
CA	-5.149	17.815	-26.96	126
C	-6.194	17.813	-28.019	126
N	-6.268	18.927	-28.786	127
CA	-7.357	19.05	-29.723	127
C	-7.123	18.364	-31.068	127
N	-5.865	18.022	-31.364	128
CA	-5.504	17.544	-32.651	128
C	-4.1	16.966	-32.548	128
N	-3.706	16.166	-33.536	129
CA	-2.459	15.447	-33.48	129
C	-1.231	16.368	-33.511	129
N	-1.326	17.425	-34.334	130
CA	-0.214	18.371	-34.455	130
C	0.108	18.925	-33.096	130
N	-0.934	19.422	-32.439	131
CA	-0.748	20.04	-31.123	131
C	-0.181	19.049	-30.1	131
N	-0.654	17.799	-30.168	132
CA	-0.22	16.808	-29.248	132
C	1.227	16.385	-29.415	132
N	1.737	16.491	-30.65	133
CA	2.94	15.803	-30.979	133
C	4.154	16.237	-30.201	133
N	4.202	17.486	-29.732	134
CA	5.37	17.974	-28.945	134
C	5.077	18.152	-27.493	134
N	4.039	17.483	-26.997	135
CA	3.598	17.7	-25.607	135
C	3.495	16.413	-24.868	135
N	3.395	16.563	-23.588	136
CA	3.441	15.455	-22.669	136
C	2.353	14.405	-22.927	136
N	2.766	13.155	-23.0	137
CA	1.85	12.098	-23.191	137
C	1.122	12.26	-24.538	137
N	1.665	12.948	-25.549	138
CA	0.861	13.342	-26.689	138
C	0.46	12.212	-27.621	138
N	1.321	11.178	-27.81	139
CA	1.084	10.245	-28.934	139
C	1.211	8.803	-28.421	139
N	0.517	7.953	-29.124	140
CA	0.631	6.451	-28.964	140
C	0.67	5.855	-30.361	140
N	1.719	5.084	-30.624	141
CA	1.836	4.466	-31.901	141
C	1.79	2.96	-31.766	141
N	1.047	2.29	-32.64	142
CA	1.071	0.852	-32.75	142
C	2.014	0.465	-33.856	142
N	2.891	-0.468	-33.616	143
CA	3.829	-0.957	-34.645	143
C	3.583	-2.403	-34.94	143
N	3.466	-2.682	-36.218	144
CA	3.347	-4.053	-36.719	144
C	4.605	-4.347	-37.548	144
N	5.314	-5.371	-37.149	145
CA	6.476	-5.863	-37.88	145
C	5.993	-6.67	-39.063	145
N	6.637	-6.474	-40.232	146
CA	6.189	-7.1	-41.478	146
C	7.292	-7.949	-42.028	146
N	7.1	-9.258	-42.161	147
CA	8.124	-10.154	-42.736	147
C	7.625	-10.576	-44.16	147
N	8.587	-10.871	-45.059	148
CA	8.339	-11.36	-46.377	148
C	7.736	-12.789	-46.261	148
N	6.565	-12.966	-46.837	149
CA	5.86	-14.244	-46.741	149
C	4.745	-14.308	-47.726	149
N	3.553	-14.684	-47.313	150
CA	2.421	-14.807	-48.18	150
C	1.821	-13.44	-48.553	150
N	1.222	-13.406	-49.729	151
CA	0.421	-12.254	-50.164	151
C	-0.623	-11.886	-49.139	151
N	-0.771	-10.579	-48.907	152
CA	-1.651	-10.071	-47.884	152
C	-2.71	-9.207	-48.525	152
N	-3.92	-9.754	-48.788	153
CA	-5.015	-8.971	-49.403	153
C	-5.355	-7.704	-48.645	153
N	-5.215	-7.661	-47.323	154
CA	-5.582	-6.474	-46.585	154
C	-4.583	-5.369	-46.775	154
N	-3.263	-5.66	-46.713	155
CA	-2.282	-4.607	-47.013	155
C	-2.386	-4.178	-48.456	155
N	-2.793	-5.06	-49.355	156
CA	-2.988	-4.673	-50.741	156
C	-4.099	-3.596	-50.966	156
N	-5.018	-3.479	-49.984	157
CA	-6.044	-2.456	-50.085	157
C	-5.371	-1.076	-50.013	157
N	-4.199	-0.948	-49.4	158
CA	-3.359	0.256	-49.439	158
C	-2.493	0.231	-50.664	158
N	-1.735	-0.88	-50.835	159
CA	-0.685	-0.893	-51.834	159
C	-1.167	-0.748	-53.258	159
N	-2.394	-1.142	-53.551	160
CA	-2.914	-1.009	-54.88	160
C	-3.026	0.471	-55.34	160
N	-2.993	1.418	-54.411	161
CA	-3.162	2.819	-54.746	161
C	-1.827	3.553	-54.884	161
N	-0.682	2.844	-54.677	162
CA	0.632	3.551	-54.627	162
C	0.975	4.331	-55.855	162
N	0.571	3.853	-57.001	163
CA	1.016	4.502	-58.186	163
C	0.341	5.905	-58.261	163
N	-0.751	6.149	-57.544	164
CA	-1.439	7.424	-57.554	164
C	-0.842	8.463	-56.612	164
N	0.127	8.056	-55.768	165
CA	0.787	8.962	-54.865	165
C	2.31	8.817	-55.017	165
N	2.724	8.653	-56.261	166
CA	4.123	8.373	-56.526	166
C	5.051	9.511	-56.063	166
N	4.613	10.781	-56.197	167
CA	5.493	11.917	-55.947	167
C	4.979	12.746	-54.801	167
N	5.907	13.504	-54.207	168
CA	5.602	14.339	-53.118	168
C	4.415	15.235	-53.441	168
N	3.453	15.289	-52.522	169
CA	2.27	16.114	-52.714	169
C	1.09	15.516	-53.412	169
N	1.268	14.351	-53.998	170
CA	0.162	13.661	-54.647	170
C	-0.695	12.978	-53.57	170
N	-1.956	12.82	-53.915	171
CA	-3.01	12.343	-53.033	171
C	-3.945	11.457	-53.794	171
N	-4.56	10.507	-53.088	172
CA	-5.523	9.587	-53.679	172
C	-6.45	9.144	-52.583	172
N	-7.662	8.813	-52.934	173
CA	-8.605	8.305	-51.981	173
C	-8.651	6.77	-51.959	173
N	-8.722	6.196	-50.787	174
CA	-8.764	4.765	-50.511	174
C	-10.126	4.488	-49.89	174
N	-10.911	3.576	-50.438	175
CA	-12.14	3.204	-49.754	175
C	-11.82	2.6	-48.387	175
N	-12.688	2.807	-47.398	176
CA	-12.524	2.223	-46.095	176
C	-12.457	0.715	-46.115	176
N	-11.717	0.204	-45.154	177
CA	-11.705	-1.241	-44.88	177
C	-11.356	-1.353	-43.408	177
N	-11.416	-2.594	-42.919	178
CA	-11.223	-2.846	-41.517	178
C	-9.694	-2.828	-41.238	178
N	-9.239	-1.772	-40.595	179
CA	-7.817	-1.582	-40.238	179
C	-7.314	-2.688	-39.314	179
N	-8.072	-3.27	-38.392	180
CA	-7.518	-4.428	-37.627	180
C	-7.086	-5.61	-38.536	180
N	-7.518	-5.648	-39.773	181
CA	-6.971	-6.652	-40.652	181
C	-5.463	-6.462	-40.87	181
N	-4.917	-5.313	-40.553	182
CA	-3.504	-5.087	-40.681	182
C	-2.7	-5.543	-39.488	182
N	-3.41	-5.864	-38.374	183
CA	-2.772	-6.274	-37.153	183
C	-2.455	-7.749	-37.163	183
N	-1.456	-8.183	-36.376	184
CA	-1.082	-9.588	-36.312	184
C	-1.933	-10.373	-35.376	184
N	-1.561	-11.669	-35.295	185
CA	-2.173	-12.542	-34.293	185
C	-1.771	-12.165	-32.881	185
N	-2.733	-12.445	-31.97	186
CA	-2.425	-12.344	-30.506	186
C	-1.936	-10.924	-30.22	186
N	-2.772	-9.982	-30.564	187
CA	-2.437	-8.623	-30.215	187
C	-2.283	-8.335	-28.727	187
N	-2.8	-9.243	-27.81	188
CA	-2.549	-9.107	-26.394	188
C	-1.077	-9.256	-26.033	188
N	-0.279	-9.736	-27.003	189
CA	1.143	-10.001	-26.826	189
C	1.943	-8.826	-27.457	189
N	2.591	-7.992	-26.631	190
CA	3.249	-6.844	-27.168	190
C	4.369	-6.383	-26.25	190
N	5.232	-5.576	-26.862	191
CA	6.255	-4.828	-26.182	191
C	5.755	-3.4	-25.985	191
N	6.052	-2.789	-24.831	192
CA	5.648	-1.4	-24.542	192
C	6.845	-0.613	-24.03	192
N	7.087	0.578	-24.535	193
CA	8.103	1.43	-23.938	193
C	7.824	2.866	-24.277	193
N	8.474	3.748	-23.558	194
CA	8.399	5.191	-23.8	194
C	9.483	5.626	-24.756	194
N	9.086	6.263	-25.849	195
CA	10.087	6.707	-26.812	195
C	9.594	7.929	-27.548	195
N	9.959	7.999	-28.803	196
CA	9.898	9.207	-29.588	196
C	9.298	8.962	-30.923	196
N	9.025	10.049	-31.63	197
CA	8.852	9.942	-33.067	197
C	10.166	9.471	-33.671	197
N	10.087	8.61	-34.693	198
CA	11.307	8.095	-35.337	198
C	11.737	8.968	-36.458	198
N	11.025	10.089	-36.684	199
CA	11.322	11.045	-37.738	199
C	11.48	12.402	-37.048	199
N	12.183	13.375	-37.64	200
CA	12.092	14.746	-37.152	200
C	10.656	15.151	-37.027	200
N	10.276	15.863	-35.945	201
CA	11.203	16.456	-34.96	201
C	11.611	15.56	-33.798	201
N	11.331	14.257	-33.838	202
CA	11.897	13.284	-32.888	202
C	11.369	13.53	-31.452	202
N	10.241	14.19	-31.282	203
CA	9.777	14.522	-29.935	203
C	9.592	13.272	-29.077	203
N	10.069	13.309	-27.833	204
CA	9.976	12.101	-26.962	204
C	8.621	11.958	-26.281	204
N	7.59	11.862	-27.11	205
CA	6.231	12.005	-26.7	205
C	5.404	10.795	-27.088	205
N	6.065	9.668	-27.466	206
CA	5.333	8.532	-27.96	206
C	5.363	7.338	-27.004	206
N	4.172	6.868	-26.686	207
CA	4.087	5.545	-26.013	207
C	3.998	4.48	-27.103	207
N	5.029	3.686	-27.187	208
CA	5.107	2.67	-28.26	208
C	4.545	1.354	-27.803	208
N	3.775	0.731	-28.689	209
CA	3.348	-0.626	-28.537	209
C	3.743	-1.396	-29.829	209
N	4.631	-2.361	-29.664	210
CA	5.113	-3.131	-30.814	210
C	4.574	-4.517	-30.647	210
N	3.724	-4.974	-31.516	211
CA	3.147	-6.29	-31.346	211
C	4.219	-7.356	-31.425	211
N	4.086	-8.405	-30.606	212
CA	5.056	-9.487	-30.665	212
C	5.135	-10.201	-31.982	212
N	4.002	-10.47	-32.601	213
CA	3.967	-11.271	-33.783	213
C	3.959	-10.408	-35.048	213
N	4.723	-10.785	-36.076	214
CA	4.699	-10.079	-37.332	214
C	3.51	-10.485	-38.165	214
N	3.226	-9.706	-39.211	215
CA	2.395	-10.114	-40.319	215
C	3.275	-10.43	-41.509	215
N	2.701	-11.006	-42.567	216
CA	3.415	-11.26	-43.793	216
C	2.807	-10.466	-44.919	216
N	3.674	-10.006	-45.854	217
CA	3.283	-9.551	-47.178	217
C	4.227	-10.226	-48.176	217
N	3.826	-10.313	-49.428	218
CA	4.671	-11.045	-50.349	218
C	5.877	-10.278	-50.836	218
N	6.815	-11.01	-51.429	219
CA	7.942	-10.39	-52.075	219
C	7.45	-9.383	-53.147	219
N	6.412	-9.756	-53.892	220
CA	5.943	-8.842	-54.941	220
C	5.361	-7.636	-54.33	220
N	4.64	-7.735	-53.208	221
CA	4.13	-6.522	-52.558	221
C	5.233	-5.668	-52.046	221
N	6.267	-6.285	-51.442	222
CA	7.411	-5.523	-50.967	222
C	8.129	-4.82	-52.092	222
N	8.354	-5.518	-53.211	223
CA	9.063	-4.884	-54.327	223
C	8.245	-3.707	-54.867	223
N	6.929	-3.878	-54.966	224
CA	6.075	-2.793	-55.434	224
C	6.232	-1.586	-54.497	224
N	6.132	-1.821	-53.19	225
CA	6.263	-0.75	-52.212	225
C	7.605	-0.048	-52.337	225
N	8.668	-0.879	-52.465	226
CA	10.031	-0.388	-52.538	226
C	10.361	0.387	-53.807	226
N	9.546	0.268	-54.804	227
CA	9.824	0.891	-56.116	227
C	8.739	1.873	-56.537	227
N	7.676	2.054	-55.735	228
CA	6.517	2.844	-56.175	228
C	6.707	4.353	-55.943	228
N	7.529	4.76	-54.994	229
CA	7.377	6.132	-54.463	229
C	8.711	6.896	-54.551	229
N	8.559	8.218	-54.648	230
CA	9.652	9.167	-54.622	230
C	9.412	10.181	-53.511	230
N	10.522	10.641	-52.965	231
CA	10.498	11.694	-51.946	231
C	10.251	13.065	-52.52	231
N	10.566	13.178	-53.826	232
CA	10.623	14.466	-54.494	232
C	9.332	14.772	-55.256	232
N	9.133	16.06	-55.57	233
CA	8.04	16.422	-56.404	233
C	8.254	15.918	-57.777	233
N	7.168	15.749	-58.505	234
CA	7.246	15.216	-59.839	234
C	8.214	15.918	-60.777	234
N	8.249	17.24	-60.585	235
CA	9.027	18.154	-61.409	235
C	10.41	18.484	-60.855	235
N	10.943	17.675	-59.933	236
CA	12.247	17.909	-59.397	236
C	13.319	17.392	-60.365	236
N	14.303	18.221	-60.741	237
CA	15.376	17.713	-61.616	237
C	16.347	16.753	-60.942	237
N	16.216	16.559	-59.626	238
CA	17.086	15.607	-58.898	238
C	16.171	14.669	-58.119	238
N	15.526	13.744	-58.813	239
CA	14.581	12.858	-58.097	239
C	15.242	11.987	-57.113	239
N	14.516	11.646	-56.037	240
CA	15.073	10.73	-55.018	240
C	13.995	9.685	-54.725	240
N	14.374	8.414	-54.868	241
CA	13.431	7.332	-54.559	241
C	13.168	7.276	-53.065	241
N	11.966	6.876	-52.701	242
CA	11.593	6.706	-51.284	242
C	11.915	5.267	-50.919	242
N	13.143	5.049	-50.452	243
CA	13.706	3.763	-50.086	243
C	14.455	3.919	-48.795	243
N	14.603	2.82	-48.066	244
CA	15.407	2.825	-46.859	244
C	14.99	3.939	-45.901	244
N	13.688	4.069	-45.727	245
CA	13.141	5.16	-44.931	245
C	12.884	4.698	-43.506	245
N	13.95	4.184	-42.895	246
CA	13.908	3.746	-41.47	246
C	15.081	4.374	-40.778	246
N	14.901	4.672	-39.502	247
CA	15.968	5.174	-38.681	247
C	16.722	3.99	-38.024	247
N	18.046	4.118	-37.845	248
CA	18.776	3.096	-37.076	248
C	18.282	3.055	-35.664	248
N	18.466	1.901	-35.005	249
CA	18.096	1.778	-33.598	249
C	18.999	2.688	-32.746	249
N	18.401	3.08	-31.583	250
CA	18.931	4.068	-30.695	250
C	19.444	3.461	-29.411	250
N	20.349	4.137	-28.741	251
CA	20.756	3.723	-27.382	251
C	19.53	3.655	-26.489	251
N	19.586	2.694	-25.592	252
CA	18.554	2.624	-24.542	252
C	18.373	3.767	-23.515	252
N	19.447	4.438	-23.095	253
CA	19.321	5.565	-22.15	253
C	18.797	5.13	-20.774	253
N	19.0	3.856	-20.473	254
CA	18.64	3.235	-19.239	254
C	17.19	2.67	-19.224	254
N	16.45	2.879	-20.305	255
CA	15.1	2.315	-20.408	255
C	15.082	0.708	-20.337	255
N	13.949	0.206	-19.85	256
CA	13.469	-1.188	-20.066	256
C	12.287	-1.163	-21.05	256
N	12.067	-2.299	-21.654	257
CA	10.879	-2.53	-22.489	257
C	10.047	-3.522	-21.716	257
N	8.824	-3.161	-21.496	258
CA	7.917	-3.998	-20.739	258
C	7.101	-4.861	-21.674	258
N	6.87	-6.09	-21.245	259
CA	6.193	-7.049	-22.108	259
C	4.942	-7.544	-21.452	259
N	3.952	-7.869	-22.27	260
CA	2.695	-8.463	-21.783	260
C	2.732	-9.996	-21.836	260
N	3.898	-10.544	-22.122	261
CA	4.105	-11.963	-22.222	261
C	5.383	-12.299	-21.529	261
N	5.511	-13.558	-21.152	262
CA	6.802	-13.993	-20.635	262
C	7.24	-15.053	-21.608	262
N	6.213	-15.686	-22.085	263
CA	5.959	-16.948	-22.725	263
C	6.166	-18.55	-22.816	263
