ATOM	X	Y	Z	RESIDUE
N	-5.018	62.043	21.274	1
CA	-4.563	61.191	22.435	1
C	-3.176	61.804	22.927	1
N	-2.378	61.641	24.09	2
CA	-1.332	61.159	25.117	2
C	0.257	60.918	25.357	2
N	1.052	60.759	26.566	3
CA	2.209	60.335	27.586	3
C	3.887	60.441	27.945	3
N	5.032	60.498	29.049	4
CA	6.471	59.789	29.598	4
C	7.91	60.327	30.478	4
N	9.338	60.26	31.191	5
CA	10.778	59.689	31.873	5
C	12.377	60.127	32.467	5
N	13.554	59.467	33.263	6
CA	15.067	59.263	34.019	6
C	16.465	59.671	35.02	6
N	17.543	58.933	35.853	7
CA	19.022	58.721	36.623	7
C	20.417	59.093	37.635	7
N	21.494	58.345	38.47	8
CA	22.973	58.121	39.24	8
C	24.378	58.479	40.255	8
N	25.504	57.778	41.08	9
CA	26.983	57.541	41.889	9
C	28.367	58.009	42.929	9
N	29.62	57.44	43.754	10
CA	30.649	57.54	45.114	10
C	32.161	56.907	45.709	10
N	32.935	56.751	47.054	11
CA	34.194	56.196	48.032	11
C	35.826	56.045	48.613	11
N	36.582	55.734	49.954	12
CA	37.775	55.191	51.025	12
C	39.442	55.282	51.518	12
N	40.499	55.182	52.691	13
CA	41.802	54.78	53.733	13
C	43.555	54.653	53.982	13
N	44.827	54.577	54.942	14
CA	46.08	53.833	55.809	14
C	47.573	54.304	56.587	14
N	48.887	53.806	57.318	15
CA	49.799	53.749	58.731	15
C	51.487	53.615	59.227	15
N	52.334	53.501	60.494	16
CA	53.811	53.333	61.212	16
C	55.432	53.649	61.614	16
N	56.631	53.475	62.655	17
CA	57.81	52.832	63.664	17
C	59.267	53.228	64.595	17
N	60.218	52.693	65.67	18
CA	61.569	52.492	66.611	18
C	63.154	51.985	66.991	18
N	64.331	52.029	68.018	19
CA	65.712	51.276	68.644	19
C	67.217	51.576	69.526	19
N	68.622	51.438	70.305	20
CA	70.014	50.859	71.146	20
C	71.552	51.372	71.853	20
N	72.668	51.097	72.97	21
CA	73.913	50.685	74.049	21
C	75.622	50.556	74.482	21
N	76.631	50.543	75.654	22
CA	77.842	49.823	76.498	22
C	79.205	50.299	77.45	22
N	80.476	49.886	78.27	23
CA	81.284	49.425	79.44	23
C	82.719	49.944	79.321	23
N	83.177	50.636	80.363	24
CA	84.513	51.219	80.376	24
C	85.535	50.246	80.951	24
N	86.684	50.146	80.299	25
CA	87.757	49.268	80.742	25
C	88.982	50.133	80.939	25
N	90.096	49.496	81.271	26
CA	91.354	50.203	81.426	26
C	92.353	49.344	80.697	26
N	92.235	49.314	79.376	27
CA	93.137	48.524	78.556	27
C	94.383	49.345	78.26	27
N	94.177	50.605	77.877	28
CA	95.263	51.537	77.566	28
C	94.956	52.976	78.012	28
N	95.998	53.739	78.33	29
CA	95.81	55.118	78.763	29
C	95.359	55.95	77.576	29
N	95.75	55.512	76.384	30
CA	95.396	56.205	75.153	30
C	93.88	56.229	74.946	30
N	93.178	55.226	75.472	31
CA	91.721	55.151	75.347	31
C	91.03	56.156	76.255	31
N	91.795	56.779	77.142	32
CA	91.231	57.734	78.088	32
C	91.603	59.176	77.788	32
N	90.708	60.091	78.152	33
CA	90.941	61.512	77.938	33
C	91.932	62.004	78.984	33
N	92.6	63.109	78.683	34
CA	93.572	63.677	79.6	34
C	92.909	64.074	80.917	34
N	91.604	64.316	80.891	35
CA	90.894	64.711	82.106	35
C	90.684	63.521	83.026	35
N	90.35	62.383	82.432	36
CA	90.115	61.174	83.199	36
C	91.439	60.683	83.764	36
N	92.483	60.713	82.94	37
CA	93.803	60.296	83.386	37
C	94.191	61.131	84.586	37
N	94.031	62.449	84.453	38
CA	94.358	63.38	85.523	38
C	93.533	63.114	86.758	38
N	92.266	62.782	86.564	39
CA	91.404	62.504	87.699	39
C	91.939	61.253	88.38	39
N	92.442	60.319	87.575	40
CA	92.986	59.086	88.121	40
C	94.176	59.36	89.024	40
N	95.183	60.047	88.493	41
CA	96.386	60.352	89.262	41
C	96.081	61.088	90.559	41
N	95.013	61.876	90.556	42
CA	94.635	62.616	91.747	42
C	93.971	61.693	92.758	42
N	93.191	60.747	92.257	43
CA	92.52	59.801	93.121	43
C	93.592	58.89	93.705	43
N	94.695	58.752	92.976	44
CA	95.816	57.922	93.409	44
C	96.542	58.64	94.536	44
N	96.814	59.926	94.319	45
CA	97.486	60.774	95.305	45
C	96.689	60.792	96.601	45
N	95.377	60.678	96.439	46
CA	94.417	60.676	97.523	46
C	94.439	59.349	98.279	46
N	94.449	58.239	97.54	47
CA	94.498	56.909	98.143	47
C	95.847	56.659	98.827	47
N	96.819	57.509	98.514	48
CA	98.147	57.398	99.094	48
C	98.192	58.071	100.466	48
N	97.211	58.924	100.738	49
CA	97.128	59.622	102.017	49
C	96.173	58.873	102.943	49
N	95.263	58.115	102.343	50
CA	94.291	57.318	103.082	50
C	94.22	55.989	102.344	50
N	95.094	55.057	102.708	51
CA	95.097	53.78	102.024	51
C	93.83	52.949	102.227	51
N	93.248	52.955	103.423	52
CA	92.036	52.162	103.652	52
C	90.762	52.87	103.197	52
N	89.857	52.109	102.588	53
CA	88.597	52.663	102.122	53
C	87.607	51.545	101.886	53
N	86.437	51.856	101.344	54
CA	85.447	50.82	101.088	54
C	84.841	50.922	99.693	54
N	85.593	51.518	98.778	55
CA	85.128	51.679	97.412	55
C	84.85	50.324	96.788	55
N	85.456	49.284	97.356	56
CA	85.302	47.924	96.861	56
C	84.704	46.985	97.894	56
N	84.05	47.531	98.911	57
CA	83.454	46.698	99.952	57
C	82.572	45.59	99.357	57
N	82.854	44.344	99.743	58
CA	82.097	43.2	99.255	58
C	82.364	42.837	97.805	58
N	83.183	43.637	97.128	59
CA	83.522	43.409	95.719	59
C	84.751	42.509	95.582	59
N	85.02	42.056	94.363	60
CA	86.158	41.195	94.108	60
C	86.674	41.338	92.675	60
N	87.909	40.899	92.467	61
CA	88.561	40.974	91.169	61
C	89.332	39.684	90.876	61
N	89.203	39.163	89.661	62
CA	89.924	37.954	89.296	62
C	91.182	38.403	88.563	62
N	92.339	38.119	89.151	63
CA	93.62	38.499	88.578	63
C	94.15	37.315	87.791	63
N	94.01	37.37	86.472	64
CA	94.456	36.286	85.612	64
C	95.867	36.491	85.082	64
N	96.809	35.686	85.555	65
CA	98.203	35.808	85.124	65
C	98.653	34.697	84.195	65
N	99.088	35.042	82.984	66
CA	99.584	34.004	82.084	66
C	101.106	34.041	82.093	66
N	101.663	34.853	82.992	67
CA	103.111	35.014	83.145	67
C	103.463	35.381	84.595	67
N	104.751	35.281	84.981	68
CA	105.141	35.614	86.361	68
C	104.829	37.062	86.738	68
N	104.827	37.341	88.037	69
CA	104.554	38.677	88.55	69
C	104.769	38.763	90.052	69
N	105.36	39.866	90.485	70
CA	105.602	40.087	91.897	70
C	104.904	41.367	92.295	70
N	105.363	42.489	91.739	71
CA	104.783	43.798	92.041	71
C	103.289	43.893	91.714	71
N	102.939	43.507	90.493	72
CA	101.563	43.581	90.062	72
C	100.67	42.723	90.934	72
N	100.985	41.44	91.02	73
CA	100.203	40.519	91.82	73
C	99.996	41.011	93.259	73
N	101.062	41.488	93.886	74
CA	100.964	41.955	95.256	74
C	100.202	43.264	95.447	74
N	100.429	44.254	94.591	75
CA	99.73	45.531	94.764	75
C	98.226	45.472	94.434	75
N	97.82	44.497	93.626	76
CA	96.409	44.366	93.302	76
C	95.724	43.647	94.451	76
N	96.306	42.525	94.867	77
CA	95.745	41.753	95.966	77
C	95.636	42.599	97.242	77
N	96.604	43.483	97.461	78
CA	96.574	44.347	98.632	78
C	95.639	45.527	98.425	78
N	95.555	45.988	97.181	79
CA	94.683	47.101	96.864	79
C	93.237	46.697	97.05	79
N	92.912	45.483	96.614	80
CA	91.559	44.962	96.75	80
C	91.239	44.833	98.242	80
N	92.192	44.321	99.013	81
CA	91.992	44.169	100.446	81
C	91.795	45.524	101.133	81
N	92.731	46.439	100.897	82
CA	92.674	47.766	101.495	82
C	91.394	48.539	101.215	82
N	90.651	48.133	100.186	83
CA	89.396	48.803	99.832	83
C	88.133	47.987	100.144	83
N	88.263	46.951	100.966	84
CA	87.11	46.145	101.331	84
C	86.747	45.014	100.387	84
N	87.439	44.92	99.258	85
CA	87.156	43.857	98.314	85
C	88.047	42.646	98.541	85
N	88.147	41.798	97.518	86
CA	88.948	40.581	97.593	86
C	89.414	40.146	96.217	86
N	90.705	39.87	96.092	87
CA	91.264	39.422	94.821	87
C	91.414	37.907	94.797	87
N	91.09	37.3	93.66	88
CA	91.239	35.861	93.477	88
C	92.287	35.723	92.376	88
N	93.462	35.213	92.707	89
CA	94.511	35.073	91.708	89
C	94.424	33.756	90.951	89
N	94.338	33.841	89.636	90
CA	94.26	32.639	88.818	90
C	95.432	32.584	87.858	90
N	95.949	31.383	87.627	91
CA	97.06	31.206	86.704	91
C	96.744	30.091	85.73	91
N	96.071	30.424	84.614	92
CA	95.736	29.389	83.634	92
C	96.955	28.539	83.282	92
N	96.788	27.226	83.388	93
CA	97.873	26.314	83.087	93
C	98.463	25.73	84.351	93
N	98.541	26.54	85.399	94
CA	99.086	26.062	86.655	94
C	97.947	25.534	87.511	94
N	97.064	26.427	87.947	95
CA	95.936	26.021	88.774	95
C	94.625	25.998	87.998	95
N	94.382	27.028	87.199	96
CA	93.155	27.102	86.415	96
C	93.394	26.366	85.114	96
N	92.312	25.968	84.45	97
CA	92.404	25.264	83.17	97
C	92.917	26.218	82.09	97
N	93.759	25.716	81.164	98
CA	94.325	26.517	80.065	98
C	93.234	27.03	79.125	98
N	93.389	28.256	78.635	99
CA	92.367	28.854	77.785	99
C	92.672	29.044	76.298	99
N	91.63	28.902	75.487	100
CA	91.714	29.044	74.033	100
C	91.162	30.407	73.62	100
N	91.839	31.075	72.687	101
CA	91.378	32.388	72.249	101
C	90.929	32.489	70.807	101
N	91.373	31.567	69.959	102
CA	90.972	31.591	68.548	102
C	89.546	31.072	68.38	102
N	88.763	31.775	67.567	103
CA	87.377	31.394	67.303	103
C	87.246	30.273	66.269	103
N	86.212	29.452	66.419	104
CA	85.973	28.372	65.476	104
C	86.925	27.198	65.574	104
N	88.121	27.449	66.076	105
CA	89.105	26.393	66.229	105
C	88.462	25.156	66.853	105
N	88.952	23.981	66.474	106
CA	88.454	22.73	67.026	106
C	89.393	22.385	68.175	106
N	88.902	22.571	69.397	107
CA	89.68	22.348	70.608	107
C	89.936	20.909	71.012	107
N	90.947	20.319	70.391	108
CA	91.344	18.952	70.683	108
C	92.816	18.996	71.075	108
N	93.287	20.181	71.449	109
CA	94.679	20.337	71.827	109
C	94.927	20.547	73.307	109
N	95.821	21.478	73.625	110
CA	96.169	21.768	75.011	110
C	95.13	22.585	75.762	110
N	94.412	23.431	75.043	111
CA	93.408	24.277	75.667	111
C	92.15	23.508	76.095	111
N	91.74	23.721	77.342	112
CA	90.573	23.053	77.909	112
C	89.241	23.8	77.741	112
N	89.287	25.126	77.648	113
CA	88.067	25.911	77.458	113
C	88.35	27.195	76.699	113
N	87.28	27.865	76.298	114
CA	87.391	29.078	75.505	114
C	87.145	30.37	76.298	114
N	87.852	31.431	75.918	115
CA	87.716	32.708	76.594	115
C	86.257	33.176	76.629	115
N	85.472	32.785	75.629	116
CA	84.059	33.173	75.579	116
C	83.275	32.646	76.789	116
N	83.639	31.46	77.278	117
CA	82.977	30.879	78.448	117
C	83.616	31.43	79.72	117
N	84.945	31.411	79.755	118
CA	85.697	31.883	80.904	118
C	85.375	33.323	81.291	118
N	85.327	34.22	80.317	119
CA	85.032	35.61	80.625	119
C	83.62	35.775	81.169	119
N	82.665	35.035	80.613	120
CA	81.288	35.132	81.075	120
C	81.142	34.503	82.461	120
N	81.867	33.412	82.694	121
CA	81.826	32.743	83.986	121
C	82.39	33.68	85.05	121
N	83.575	34.223	84.805	122
CA	84.175	35.147	85.755	122
C	83.231	36.323	85.98	122
N	82.528	36.7	84.923	123
CA	81.598	37.805	85.027	123
C	80.474	37.552	86.009	123
N	80.305	36.299	86.428	124
CA	79.248	35.948	87.376	124
C	79.79	35.857	88.797	124
N	81.104	35.728	88.914	125
CA	81.724	35.613	90.218	125
C	82.297	36.939	90.67	125
N	83.083	37.584	89.807	126
CA	83.709	38.848	90.177	126
C	83.108	40.107	89.589	126
N	83.636	41.234	90.038	127
CA	83.181	42.541	89.606	127
C	84.198	43.197	88.687	127
N	85.411	42.652	88.638	128
CA	86.477	43.212	87.811	128
C	87.431	42.113	87.409	128
N	87.952	42.189	86.189	129
CA	88.891	41.181	85.719	129
C	90.198	41.79	85.229	129
N	91.296	41.425	85.877	130
CA	92.596	41.911	85.458	130
C	93.297	40.793	84.705	130
N	93.987	41.119	83.619	131
CA	94.689	40.093	82.86	131
C	96.115	40.478	82.483	131
N	96.996	39.492	82.576	132
CA	98.408	39.653	82.264	132
C	98.783	38.582	81.259	132
N	99.214	39.002	80.078	133
CA	99.596	38.043	79.064	133
C	100.644	38.591	78.106	133
N	101.906	38.255	78.383	134
CA	103.038	38.672	77.55	134
C	102.927	37.968	76.209	134
N	103.544	38.539	75.166	135
CA	103.487	37.908	73.848	135
C	104.173	36.553	73.913	135
N	104.052	35.777	72.84	136
CA	104.675	34.461	72.77	136
C	106.05	34.543	72.102	136
N	106.346	35.699	71.508	137
CA	107.61	35.961	70.825	137
C	107.854	35.117	69.571	137
N	106.809	34.507	69.029	138
CA	106.967	33.681	67.838	138
C	106.585	34.431	66.564	138
N	105.718	35.427	66.694	139
CA	105.289	36.206	65.54	139
C	104.637	37.5	66.018	139
N	105.367	38.599	65.868	140
CA	104.875	39.897	66.292	140
C	103.558	40.25	65.6	140
N	103.404	39.837	64.347	141
CA	102.174	40.133	63.631	141
C	101.023	39.599	64.462	141
N	101.237	38.463	65.106	142
CA	100.202	37.882	65.939	142
C	100.177	38.462	67.361	142
N	101.343	38.646	67.971	143
CA	101.382	39.193	69.319	143
C	100.86	40.622	69.402	143
N	101.069	41.409	68.35	144
CA	100.639	42.803	68.378	144
C	99.128	42.988	68.276	144
N	98.416	41.938	67.906	145
CA	96.985	42.088	67.817	145
C	96.388	42.194	69.209	145
N	97.172	41.816	70.218	146
CA	96.717	41.9	71.601	146
C	95.412	41.122	71.734	146
N	95.454	39.847	71.351	147
CA	94.289	38.966	71.386	147
C	93.66	38.707	72.756	147
N	94.457	38.233	73.707	148
CA	93.952	37.935	75.048	148
C	93.193	39.091	75.7	148
N	93.826	40.259	75.785	149
CA	93.18	41.403	76.406	149
C	91.905	41.764	75.669	149
N	91.989	41.77	74.34	150
CA	90.84	42.107	73.51	150
C	89.734	41.107	73.731	150
N	90.104	39.831	73.822	151
CA	89.121	38.779	74.06	151
C	88.399	39.03	75.381	151
N	89.138	39.114	76.481	152
CA	88.509	39.382	77.768	152
C	87.593	40.599	77.69	152
N	88.064	41.669	77.057	153
CA	87.264	42.886	76.956	153
C	85.949	42.686	76.188	153
N	85.975	41.801	75.201	154
CA	84.815	41.52	74.381	154
C	83.777	40.622	75.05	154
N	84.225	39.512	75.624	155
CA	83.321	38.567	76.257	155
C	82.925	38.836	77.711	155
N	83.67	39.682	78.412	156
CA	83.369	39.974	79.813	156
C	82.349	41.083	80.066	156
N	81.368	40.818	80.942	157
CA	80.336	41.806	81.273	157
C	80.821	42.811	82.333	157
N	81.994	42.546	82.904	158
CA	82.559	43.426	83.919	158
C	83.81	44.072	83.341	158
N	84.174	45.26	83.841	159
CA	85.356	45.981	83.36	159
C	86.64	45.158	83.407	159
N	87.403	45.208	82.32	160
CA	88.668	44.476	82.239	160
C	89.847	45.433	82.43	160
N	90.88	44.98	83.137	161
CA	92.075	45.78	83.406	161
C	93.35	45.117	82.896	161
N	94.097	45.859	82.093	162
CA	95.355	45.397	81.526	162
C	96.437	45.376	82.622	162
N	96.939	44.196	82.973	163
CA	97.981	44.089	83.999	163
C	99.335	43.88	83.316	163
N	99.314	44.148	82.013	164
CA	100.427	44.069	81.072	164
C	100.33	42.967	80.032	164
N	100.4	43.392	78.776	165
CA	100.385	42.509	77.622	165
C	101.422	43.15	76.687	165
N	100.986	43.912	75.682	166
CA	101.947	44.574	74.798	166
C	102.1	46.051	75.164	166
N	101.426	46.434	76.244	167
CA	101.5	47.772	76.825	167
C	101.277	47.519	78.313	167
N	101.763	48.422	79.153	168
CA	101.637	48.269	80.599	168
C	101.048	49.57	81.163	168
N	99.767	49.842	80.868	169
CA	99.091	51.055	81.337	169
C	99.179	51.356	82.835	169
N	99.004	50.345	83.683	170
CA	99.099	50.567	85.122	170
C	100.491	51.096	85.441	170
N	101.504	50.508	84.821	171
CA	102.864	50.959	85.048	171
C	103.001	52.427	84.651	171
N	102.378	52.798	83.533	172
CA	102.438	54.172	83.034	172
C	102.056	55.182	84.098	172
N	100.908	54.956	84.725	173
CA	100.41	55.853	85.754	173
C	101.264	55.867	87.023	173
N	101.84	54.727	87.377	174
CA	102.684	54.667	88.561	174
C	103.949	55.475	88.267	174
N	104.329	55.502	86.996	175
CA	105.508	56.223	86.55	175
C	105.227	57.725	86.525	175
N	104.111	58.102	85.904	176
CA	103.722	59.5	85.795	176
C	103.533	60.152	87.153	176
N	102.984	59.401	88.101	177
CA	102.748	59.921	89.441	177
C	104.06	60.088	90.178	177
N	104.966	59.137	90.004	178
CA	106.254	59.226	90.667	178
C	107.024	60.43	90.117	178
N	106.91	60.663	88.806	179
CA	107.591	61.784	88.172	179
C	107.014	63.102	88.664	179
N	105.683	63.204	88.702	180
CA	105.03	64.417	89.19	180
C	105.419	64.644	90.643	180
N	105.409	63.585	91.443	181
CA	105.78	63.734	92.844	181
C	107.196	64.274	92.949	181
N	108.108	63.71	92.164	182
CA	109.501	64.148	92.168	182
C	109.628	65.633	91.851	182
N	109.002	66.072	90.761	183
CA	109.075	67.472	90.361	183
C	108.148	68.409	91.138	183
N	107.409	67.855	92.093	184
CA	106.505	68.653	92.901	184
C	105.426	69.393	92.138	184
N	105.063	68.884	90.965	185
CA	104.04	69.506	90.131	185
C	103.374	68.494	89.2	185
N	102.131	68.768	88.775	186
CA	101.429	67.841	87.875	186
C	101.831	68.105	86.427	186
N	102.191	69.356	86.154	187
CA	102.596	69.788	84.821	187
C	104.045	69.395	84.563	187
N	104.262	68.391	83.721	188
CA	105.619	67.947	83.435	188
C	106.176	68.434	82.095	188
N	105.463	69.345	81.437	189
CA	105.907	69.875	80.146	189
C	107.266	70.549	80.267	189
N	108.075	70.459	79.22	190
CA	109.38	71.093	79.265	190
C	110.475	70.232	79.865	190
N	110.103	69.075	80.396	191
CA	111.084	68.178	80.974	191
C	111.653	67.293	79.876	191
N	112.967	67.099	79.9	192
CA	113.628	66.272	78.908	192
C	113.563	64.834	79.373	192
N	112.715	64.059	78.714	193
CA	112.517	62.658	79.052	193
C	113.298	61.785	78.086	193
N	114.088	60.86	78.614	194
CA	114.856	59.979	77.747	194
C	114.571	58.505	78.005	194
N	113.723	57.908	77.173	195
CA	113.409	56.495	77.298	195
C	114.549	55.797	76.594	195
N	115.333	55.021	77.33	196
CA	116.482	54.335	76.749	196
C	116.422	52.816	76.753	196
N	116.84	52.214	75.647	197
CA	116.9	50.763	75.566	197
C	118.09	50.433	76.461	197
N	118.13	49.224	76.992	198
CA	119.252	48.825	77.825	198
C	119.485	47.353	77.552	198
N	120.684	46.869	77.853	199
CA	121.031	45.475	77.588	199
C	120.344	44.413	78.462	199
N	120.199	43.214	77.903	200
CA	119.614	42.055	78.589	200
C	119.975	40.807	77.784	200
N	120.517	39.773	78.451	201
CA	120.905	38.525	77.773	201
C	119.869	37.947	76.801	201
N	118.588	38.151	77.089	202
CA	117.54	37.639	76.217	202
C	116.587	38.731	75.756	202
N	115.925	38.521	74.61	203
CA	114.979	39.516	74.083	203
C	113.722	39.605	74.957	203
N	113.254	40.82	75.229	204
CA	112.078	41.001	76.08	204
C	110.929	41.77	75.439	204
N	109.799	41.764	76.141	205
CA	108.572	42.442	75.731	205
C	108.808	43.95	75.602	205
N	108.192	44.575	74.601	206
CA	108.346	46.018	74.4	206
C	107.284	46.773	75.188	206
N	106.337	46.018	75.745	207
CA	105.229	46.547	76.531	207
C	105.538	47.81	77.341	207
N	106.475	47.723	78.282	208
CA	106.81	48.883	79.1	208
C	107.352	50.048	78.272	208
N	108.106	49.746	77.217	209
CA	108.659	50.796	76.36	209
C	107.53	51.498	75.608	209
N	106.605	50.711	75.078	210
CA	105.481	51.274	74.356	210
C	104.666	52.133	75.324	210
N	104.621	51.722	76.585	211
CA	103.865	52.469	77.578	211
C	104.619	53.689	78.086	211
N	105.943	53.605	78.098	212
CA	106.762	54.715	78.555	212
C	106.586	55.834	77.546	212
N	106.702	55.476	76.265	213
CA	106.568	56.421	75.159	213
C	105.178	57.058	75.149	213
N	104.16	56.218	75.256	214
CA	102.793	56.691	75.255	214
C	102.502	57.676	76.376	214
N	102.985	57.382	77.581	215
CA	102.72	58.258	78.715	215
C	103.651	59.465	78.772	215
N	104.895	59.279	78.345	216
CA	105.87	60.364	78.357	216
C	105.488	61.477	77.372	216
N	104.94	61.093	76.22	217
CA	104.527	62.06	75.208	217
C	103.167	62.628	75.569	217
N	102.363	61.823	76.251	218
CA	101.031	62.238	76.659	218
C	101.102	63.305	77.748	218
N	102.206	63.318	78.487	219
CA	102.398	64.283	79.564	219
C	102.994	65.58	79.041	219
N	103.366	65.568	77.764	220
CA	103.936	66.747	77.144	220
C	105.409	66.99	77.427	220
N	106.202	65.927	77.493	221
CA	107.628	66.08	77.734	221
C	108.405	65.987	76.428	221
N	109.72	66.163	76.521	222
CA	110.606	66.118	75.364	222
C	111.235	64.739	75.228	222
N	110.426	63.786	74.774	223
CA	110.834	62.394	74.62	223
C	111.878	62.082	73.552	223
N	112.9	61.341	73.955	224
CA	113.946	60.905	73.044	224
C	114.027	59.399	73.202	224
N	113.657	58.676	72.153	225
CA	113.705	57.233	72.197	225
C	115.091	56.764	71.801	225
N	115.969	56.655	72.791	226
CA	117.332	56.203	72.567	226
C	117.357	54.673	72.497	226
N	117.951	54.138	71.439	227
CA	118.066	52.693	71.27	227
C	119.262	52.41	70.374	227
N	119.76	51.166	70.371	228
CA	120.912	50.871	69.514	228
C	120.758	51.189	68.021	228
N	120.069	50.335	67.27	229
CA	119.899	50.567	65.83	229
C	118.435	50.744	65.42	229
N	118.184	51.385	64.265	230
CA	116.808	51.592	63.802	230
C	115.952	50.344	63.974	230
N	116.608	49.195	64.048	231
CA	115.91	47.935	64.232	231
C	115.198	47.894	65.582	231
N	115.713	48.663	66.538	232
CA	115.144	48.705	67.876	232
C	114.048	49.727	68.094	232
N	113.664	50.443	67.042	233
CA	112.595	51.434	67.158	233
C	111.279	50.685	67.395	233
N	110.452	51.221	68.287	234
CA	109.17	50.613	68.629	234
C	108.193	50.515	67.458	234
N	107.236	49.606	67.586	235
CA	106.227	49.412	66.557	235
C	105.616	50.767	66.202	235
N	105.209	50.931	64.944	236
CA	104.632	52.187	64.476	236
C	103.424	52.655	65.265	236
N	102.617	51.716	65.73	237
CA	101.434	52.076	66.49	237
C	101.804	53.036	67.591	237
N	102.851	52.69	68.336	238
CA	103.292	53.514	69.449	238
C	104.094	54.732	69.022	238
N	104.717	54.669	67.849	239
CA	105.464	55.813	67.353	239
C	104.442	56.846	66.896	239
N	103.284	56.38	66.436	240
CA	102.23	57.291	65.989	240
C	101.403	57.818	67.156	240
N	101.091	56.952	68.121	241
CA	100.35	57.393	69.305	241
C	101.181	58.539	69.867	241
N	102.484	58.288	69.966	242
CA	103.458	59.247	70.471	242
C	103.355	60.598	69.767	242
N	103.309	60.576	68.436	243
CA	103.201	61.801	67.641	243
C	101.905	62.54	67.953	243
N	100.79	61.822	67.902	244
CA	99.503	62.429	68.204	244
C	99.57	63.054	69.595	244
N	100.201	62.352	70.538	245
CA	100.336	62.854	71.9	245
C	101.197	64.117	71.927	245
N	102.301	64.104	71.184	246
CA	103.183	65.265	71.139	246
C	102.399	66.437	70.586	246
N	101.83	66.237	69.405	247
CA	101.038	67.258	68.738	247
C	99.948	67.868	69.616	247
N	99.475	67.12	70.608	248
CA	98.398	67.59	71.479	248
C	98.788	67.97	72.904	248
N	100.047	67.769	73.268	249
CA	100.488	68.093	74.616	249
C	101.52	69.202	74.57	249
N	102.011	69.482	73.37	250
CA	103.012	70.518	73.213	250
C	104.4	70.019	73.57	250
N	104.583	68.701	73.522	251
CA	105.876	68.119	73.824	251
C	106.565	67.822	72.51	251
N	107.433	66.819	72.49	252
CA	108.145	66.457	71.27	252
C	108.7	65.03	71.305	252
N	108.855	64.427	70.128	253
CA	109.379	63.067	70.009	253
C	110.633	63.089	69.145	253
N	111.61	62.263	69.485	254
CA	112.867	62.248	68.76	254
C	113.591	60.917	68.965	254
N	114.047	60.297	67.882	255
CA	114.768	59.029	67.988	255
C	116.272	59.289	67.903	255
N	117.044	58.571	68.711	256
CA	118.492	58.739	68.73	256
C	119.213	57.4	68.795	256
N	120.488	57.411	68.422	257
CA	121.311	56.21	68.446	257
C	122.663	56.554	69.069	257
N	122.754	57.773	69.59	258
CA	123.965	58.254	70.232	258
C	123.688	58.416	71.726	258
N	124.341	57.605	72.546	259
CA	124.131	57.672	73.985	259
C	124.299	59.071	74.58	259
N	125.533	59.558	74.618	260
CA	125.818	60.867	75.191	260
C	124.9	62.004	74.757	260
N	124.667	62.151	73.456	261
CA	123.815	63.242	72.99	261
C	122.433	63.203	73.635	261
N	121.914	61.997	73.854	262
CA	120.601	61.826	74.462	262
C	120.626	62.18	75.949	262
N	121.293	61.359	76.758	263
CA	121.37	61.614	78.195	263
C	121.684	63.072	78.474	263
N	122.376	63.704	77.531	264
CA	122.769	65.106	77.634	264
C	121.736	65.98	78.333	264
N	122.039	66.354	79.57	265
CA	121.15	67.204	80.341	265
C	119.685	66.814	80.324	265
N	119.389	65.567	80.68	266
CA	118.013	65.09	80.719	266
C	117.487	65.191	82.148	266
N	116.167	65.173	82.298	267
CA	115.546	65.254	83.619	267
C	115.108	63.89	84.107	267
N	114.55	63.103	83.197	268
CA	114.098	61.767	83.524	268
C	114.768	60.786	82.579	268
N	115.123	59.627	83.105	269
CA	115.733	58.595	82.291	269
C	115.079	57.27	82.674	269
N	114.424	56.648	81.7	270
CA	113.741	55.382	81.917	270
C	114.426	54.318	81.089	270
N	114.848	53.244	81.738	271
CA	115.508	52.161	81.033	271
C	114.538	51.008	80.867	271
N	114.691	50.281	79.765	272
CA	113.854	49.129	79.476	272
C	114.482	48.329	78.341	272
N	114.725	47.044	78.568	273
CA	115.327	46.208	77.532	273
C	114.253	45.464	76.76	273
N	114.4	45.393	75.44	274
CA	113.412	44.701	74.622	274
C	114.032	44.18	73.345	274
N	113.48	43.086	72.836	275
CA	113.982	42.506	71.605	275
C	113.485	43.296	70.407	275
N	114.308	43.362	69.364	276
CA	113.969	44.101	68.149	276
C	112.844	43.415	67.392	276
N	111.768	44.157	67.162	277
CA	110.601	43.638	66.469	277
C	110.92	42.96	65.137	277
N	111.799	43.567	64.318	278
CA	112.128	42.942	63.032	278
C	112.673	41.517	63.153	278
N	113.113	41.132	64.35	279
CA	113.64	39.787	64.572	279
C	112.708	38.866	65.337	279
N	111.481	39.307	65.575	280
CA	110.527	38.468	66.278	280
C	110.364	37.152	65.511	280
N	110.496	36.033	66.222	281
CA	110.353	34.724	65.604	281
C	111.669	34.163	65.092	281
N	112.644	35.046	64.891	282
CA	113.961	34.664	64.396	282
C	115.029	35.312	65.273	282
N	115.0	34.969	66.556	283
CA	115.924	35.516	67.547	283
C	117.384	35.089	67.436	283
N	117.635	33.987	66.731	284
CA	118.989	33.462	66.551	284
C	120.01	34.52	66.151	284
N	119.728	35.277	65.079	285
CA	120.643	36.316	64.614	285
C	120.509	37.644	65.333	285
N	119.886	37.64	66.508	286
CA	119.724	38.882	67.259	286
C	120.67	38.932	68.449	286
N	120.995	37.767	69.007	287
CA	121.903	37.7	70.15	287
C	123.196	38.431	69.806	287
N	123.855	38.043	68.702	288
CA	125.105	38.711	68.326	288
C	124.977	40.232	68.235	288
N	123.79	40.7	67.864	289
CA	123.529	42.129	67.73	289
C	123.394	42.84	69.075	289
N	122.506	42.341	69.927	290
CA	122.287	42.954	71.23	290
C	123.521	42.809	72.111	290
N	124.25	41.71	71.929	291
CA	125.453	41.425	72.712	291
C	126.566	42.432	72.47	291
N	126.462	43.191	71.383	292
CA	127.469	44.192	71.081	292
C	126.966	45.583	71.467	292
N	126.147	45.648	72.512	293
CA	125.611	46.921	72.982	293
C	125.409	46.967	74.492	293
N	126.093	46.083	75.207	294
CA	125.983	46.033	76.656	294
C	126.312	47.373	77.313	294
N	127.04	48.225	76.596	295
CA	127.419	49.528	77.123	295
C	126.245	50.503	77.236	295
N	125.056	50.09	76.796	296
CA	123.887	50.97	76.899	296
C	123.404	50.987	78.34	296
N	124.006	50.125	79.153	297
CA	123.696	50.015	80.571	297
C	123.774	51.394	81.21	297
N	122.768	51.749	82.005	298
CA	122.747	53.046	82.674	298
C	123.737	53.026	83.837	298
N	124.796	53.826	83.721	299
CA	125.813	53.905	84.762	299
C	125.938	55.332	85.269	299
N	126.902	55.572	86.15	300
CA	127.08	56.907	86.699	300
C	127.45	57.918	85.628	300
N	128.23	57.473	84.648	301
CA	128.682	58.343	83.573	301
C	127.533	58.973	82.808	301
N	126.67	58.146	82.231	302
CA	125.534	58.677	81.489	302
C	124.704	59.564	82.416	302
N	124.342	59.028	83.579	303
CA	123.539	59.774	84.545	303
C	124.154	61.111	84.933	303
N	125.473	61.22	84.827	304
CA	126.142	62.467	85.16	304
C	125.843	63.487	84.066	304
N	125.858	63.032	82.818	305
CA	125.595	63.911	81.686	305
C	124.195	64.502	81.711	305
N	123.404	64.123	82.713	306
CA	122.025	64.598	82.826	306
C	121.863	65.779	83.766	306
N	120.822	66.565	83.516	307
CA	120.506	67.739	84.319	307
C	120.056	67.305	85.719	307
N	120.953	66.648	86.444	308
CA	120.622	66.163	87.776	308
C	119.356	65.306	87.655	308
N	119.285	64.568	86.55	309
CA	118.144	63.722	86.262	309
C	117.826	62.594	87.223	309
N	116.6	62.113	87.092	310
CA	116.095	61.028	87.904	310
C	116.11	59.767	87.039	310
N	116.444	58.637	87.648	311
CA	116.465	57.375	86.926	311
C	115.389	56.441	87.46	311
N	114.729	55.711	86.569	312
CA	113.732	54.749	87.0	312
C	113.646	53.604	86.019	312
N	113.058	52.503	86.483	313
CA	112.868	51.288	85.693	313
C	111.629	50.599	86.275	313
N	110.847	49.932	85.43	314
CA	109.635	49.234	85.872	314
C	109.865	48.069	86.855	314
N	111.04	47.451	86.784	315
CA	111.39	46.297	87.608	315
C	110.542	45.118	87.117	315
N	111.013	43.872	87.292	316
CA	112.264	43.405	87.903	316
C	113.496	43.837	87.122	316
N	114.441	44.464	87.812	317
CA	115.669	44.935	87.173	317
C	116.886	44.096	87.555	317
N	117.706	43.767	86.561	318
CA	118.915	42.978	86.8	318
C	120.087	43.926	86.973	318
N	120.741	43.854	88.126	319
CA	121.871	44.73	88.388	319
C	123.112	44.431	87.562	319
N	123.859	45.496	87.297	320
CA	125.093	45.435	86.54	320
C	124.879	44.913	85.129	320
N	123.623	44.924	84.697	321
CA	123.256	44.482	83.361	321
C	122.419	45.571	82.704	321
N	121.412	46.058	83.429	322
CA	120.547	47.119	82.927	322
C	120.963	48.432	83.567	322
N	121.099	48.417	84.883	323
CA	121.531	49.595	85.621	323
C	122.713	49.094	86.429	323
N	123.603	49.987	86.85	324
CA	124.747	49.549	87.645	324
C	124.403	49.719	89.122	324
N	125.061	48.957	89.989	325
CA	124.804	49.063	91.422	325
C	124.754	50.536	91.831	325
N	125.744	51.298	91.385	326
CA	125.815	52.718	91.705	326
C	124.514	53.444	91.403	326
N	124.115	53.464	90.136	327
CA	122.886	54.138	89.726	327
C	121.632	53.712	90.51	327
N	121.513	52.42	90.818	328
CA	120.363	51.924	91.57	328
C	120.416	52.435	92.996	328
N	121.605	52.432	93.588	329
CA	121.75	52.91	94.956	329
C	121.764	54.434	95.013	329
N	121.793	55.064	93.844	330
CA	121.814	56.519	93.742	330
C	120.533	57.156	94.276	330
N	120.656	58.268	95.015	331
CA	119.446	58.904	95.536	331
C	118.56	59.465	94.43	331
N	119.001	59.346	93.181	332
CA	118.218	59.845	92.052	332
C	117.39	58.757	91.405	332
N	117.491	57.543	91.936	333
CA	116.724	56.419	91.417	333
C	115.362	56.371	92.116	333
N	114.302	56.737	91.402	334
CA	112.973	56.712	92.003	334
C	112.191	55.442	91.68	334
N	112.919	54.367	91.392	335
CA	112.319	53.083	91.068	335
C	111.38	52.544	92.155	335
N	111.816	52.546	93.412	336
CA	110.964	52.014	94.472	336
C	109.705	52.833	94.697	336
N	109.783	54.134	94.442	337
CA	108.611	54.986	94.612	337
C	107.636	54.699	93.477	337
N	108.171	54.531	92.273	338
CA	107.329	54.231	91.129	338
C	106.598	52.922	91.404	338
N	107.343	51.92	91.875	339
CA	106.782	50.61	92.189	339
C	105.685	50.75	93.23	339
N	105.986	51.442	94.32	340
CA	104.998	51.622	95.362	340
C	103.738	52.292	94.845	340
N	103.881	53.197	93.879	341
CA	102.709	53.892	93.344	341
C	101.774	52.992	92.551	341
N	102.268	51.819	92.165	342
CA	101.454	50.854	91.44	342
C	100.237	50.564	92.312	342
N	100.473	50.471	93.618	343
CA	99.428	50.205	94.608	343
C	98.346	51.28	94.644	343
N	98.766	52.54	94.676	344
CA	97.845	53.67	94.736	344
C	97.108	53.956	93.427	344
N	97.843	53.928	92.326	345
CA	97.255	54.209	91.033	345
C	96.222	53.15	90.615	345
N	96.464	51.904	91.004	346
CA	95.573	50.808	90.661	346
C	94.268	50.819	91.457	346
N	94.313	51.38	92.662	347
CA	93.122	51.459	93.483	347
C	92.245	52.531	92.853	347
N	92.893	53.518	92.24	348
CA	92.192	54.607	91.573	348
C	91.441	54.064	90.358	348
N	92.068	53.127	89.654	349
CA	91.481	52.508	88.471	349
C	90.324	51.59	88.842	349
N	90.491	50.809	89.9	350
CA	89.422	49.913	90.298	350
C	88.245	50.724	90.829	350
N	88.534	51.627	91.757	351
CA	87.496	52.456	92.336	351
C	86.703	53.136	91.23	351
N	87.368	53.427	90.118	352
CA	86.717	54.1	89.01	352
C	85.859	53.178	88.152	352
N	86.422	52.043	87.755	353
CA	85.719	51.095	86.904	353
C	84.458	50.45	87.5	353
N	84.349	50.399	88.825	354
CA	83.175	49.79	89.441	354
C	82.023	50.776	89.632	354
N	80.776	51.473	89.888	355
CA	79.439	50.843	90.32	355
C	77.903	50.825	90.864	355
N	76.818	51.616	91.359	356
CA	75.308	51.41	91.741	356
C	74.304	52.642	91.98	356
N	72.983	52.978	92.438	357
CA	71.584	52.446	92.745	357
C	70.073	52.853	93.207	357
N	69.237	53.93	93.62	358
CA	67.998	53.814	94.53	358
C	66.544	54.455	94.339	358
N	65.278	54.265	94.914	359
CA	64.138	54.563	95.81	359
C	62.721	54.02	95.672	359
