ATOM	X	Y	Z	RESIDUE
N	31.102	3.532	9.657	1
CA	30.542	2.397	8.93	1
C	30.103	1.26	9.852	1
N	29.364	1.572	10.913	2
CA	28.802	0.586	11.83	2
C	27.722	-0.21	11.118	2
N	27.609	-1.487	11.453	3
CA	26.648	-2.316	10.734	3
C	26.324	-3.559	11.548	3
N	26.046	-4.659	10.842	4
CA	25.602	-5.841	11.589	4
C	26.441	-7.085	11.348	4
N	27.431	-6.987	10.466	5
CA	28.32	-8.1	10.182	5
C	29.296	-8.422	11.304	5
N	30.112	-9.456	11.11	6
CA	31.12	-9.927	12.048	6
C	32.162	-8.881	12.407	6
N	32.533	-8.072	11.412	7
CA	33.606	-7.119	11.676	7
C	33.112	-5.739	12.042	7
N	31.812	-5.454	11.876	8
CA	31.365	-4.113	12.257	8
C	30.005	-4.149	12.958	8
N	29.68	-5.288	13.557	9
CA	28.398	-5.46	14.222	9
C	28.309	-4.714	15.534	9
N	27.199	-4.909	16.234	10
CA	26.933	-4.217	17.491	10
C	28.052	-4.251	18.523	10
N	28.865	-5.309	18.535	11
CA	29.91	-5.371	19.557	11
C	31.077	-4.464	19.205	11
N	31.084	-3.898	18.0	12
CA	32.122	-2.958	17.588	12
C	31.684	-1.51	17.727	12
N	30.367	-1.281	17.909	13
CA	29.875	0.087	17.812	13
C	30.466	1.022	18.85	13
N	30.844	0.498	20.019	14
CA	31.271	1.346	21.119	14
C	32.536	2.133	20.74	14
N	33.295	1.649	19.763	15
CA	34.529	2.365	19.388	15
C	34.25	3.669	18.659	15
N	33.141	3.729	17.921	16
CA	32.747	4.975	17.278	16
C	31.778	5.791	18.117	16
N	30.975	5.091	18.897	17
CA	29.905	5.635	19.731	17
C	30.026	5.149	21.156	17
N	30.843	5.821	21.97	18
CA	31.101	5.399	23.344	18
C	29.841	5.269	24.189	18
N	28.784	6.016	23.897	19
CA	27.501	5.87	24.584	19
C	26.915	4.47	24.435	19
N	27.441	3.633	23.551	20
CA	27.029	2.249	23.407	20
C	27.141	1.493	24.726	20
N	27.98	1.948	25.638	21
CA	28.132	1.291	26.933	21
C	27.553	2.192	28.017	21
N	26.601	3.041	27.638	22
CA	26.0	3.97	28.567	22
C	25.038	3.373	29.57	22
N	24.375	4.276	30.278	23
CA	23.517	3.917	31.402	23
C	22.074	3.691	30.999	23
N	21.746	4.023	29.76	24
CA	20.33	3.78	29.375	24
C	20.226	3.327	27.931	24
N	20.958	2.267	27.576	25
CA	20.943	1.706	26.233	25
C	19.812	0.717	26.003	25
N	19.425	0.607	24.734	26
CA	18.327	-0.236	24.28	26
C	18.828	-1.114	23.141	26
N	18.216	-2.261	22.911	27
CA	17.072	-2.793	23.633	27
C	17.482	-3.465	24.944	27
N	16.516	-4.005	25.671	28
CA	16.711	-4.725	26.907	28
C	15.813	-5.952	26.879	28
N	16.163	-6.918	27.731	29
CA	15.239	-8.0	27.992	29
C	14.166	-7.473	28.961	29
N	12.932	-7.826	28.649	30
CA	11.806	-7.482	29.515	30
C	11.449	-8.712	30.344	30
N	11.855	-8.63	31.607	31
CA	11.517	-9.689	32.55	31
C	10.13	-9.418	33.12	31
N	9.176	-10.212	32.692	32
CA	7.763	-10.002	32.932	32
C	7.423	-10.135	34.411	32
N	8.252	-10.916	35.091	33
CA	8.025	-11.153	36.519	33
C	8.605	-10.056	37.38	33
N	9.466	-9.246	36.795	34
CA	10.09	-8.14	37.52	34
C	9.463	-6.805	37.178	34
N	8.819	-6.733	36.009	35
CA	8.183	-5.46	35.639	35
C	7.068	-5.133	36.62	35
N	6.935	-3.85	36.93	36
CA	5.943	-3.477	37.941	36
C	4.747	-2.772	37.339	36
N	3.558	-3.234	37.696	37
CA	2.337	-2.564	37.282	37
C	2.315	-1.163	37.872	37
N	2.03	-0.165	37.046	38
CA	2.107	1.233	37.469	38
C	0.742	1.88	37.285	38
N	0.064	2.083	38.406	39
CA	-1.352	2.472	38.376	39
C	-1.486	3.894	37.857	39
N	-0.361	4.594	37.936	40
CA	-0.306	5.982	37.517	40
C	-0.247	6.126	36.0	40
N	0.07	5.054	35.279	41
CA	0.142	5.3	33.823	41
C	-1.237	5.65	33.278	41
N	-1.354	6.797	32.624	42
CA	-2.59	7.209	31.948	42
C	-2.817	6.359	30.709	42
N	-4.011	6.305	30.124	43
CA	-4.124	5.392	28.97	43
C	-3.342	5.903	27.75	43
N	-2.932	4.987	26.911	44
CA	-2.167	5.358	25.716	44
C	-3.125	5.821	24.616	44
N	-2.719	6.815	23.849	45
CA	-3.543	7.396	22.79	45
C	-2.692	7.451	21.52	45
N	-3.06	6.587	20.582	46
CA	-2.517	6.508	19.243	46
C	-3.522	7.107	18.277	46
N	-3.255	8.278	17.743	47
CA	-4.164	8.998	16.88	47
C	-3.528	9.127	15.498	47
N	-3.748	8.087	14.709	48
CA	-3.167	7.984	13.389	48
C	-4.17	8.271	12.285	48
N	-5.364	8.776	12.608	49
CA	-6.353	8.943	11.533	49
C	-5.877	9.869	10.428	49
N	-5.122	10.926	10.694	50
CA	-4.728	11.78	9.564	50
C	-3.298	11.535	9.079	50
N	-2.803	10.331	9.345	51
CA	-1.43	10.004	8.983	51
C	-1.193	10.212	7.493	51
N	-0.075	10.85	7.162	52
CA	0.23	11.058	5.747	52
C	1.565	10.422	5.398	52
N	1.552	9.189	4.897	53
CA	2.856	8.62	4.552	53
C	3.328	9.205	3.225	53
N	4.629	9.235	3.03	54
CA	5.212	9.843	1.849	54
C	6.056	8.918	0.99	54
N	6.94	8.18	1.656	55
CA	8.002	7.477	0.965	55
C	8.496	6.283	1.762	55
N	9.13	5.38	1.033	56
CA	9.792	4.273	1.735	56
C	11.222	4.245	1.24	56
N	12.161	4.092	2.17	57
CA	13.568	4.172	1.809	57
C	14.357	3.006	2.372	57
N	15.213	2.437	1.548	58
CA	16.223	1.493	2.033	58
C	17.471	2.288	2.422	58
N	17.768	2.368	3.702	59
CA	18.913	3.183	4.146	59
C	20.145	2.361	4.458	59
N	20.186	1.109	4.018	60
CA	21.344	0.261	4.236	60
C	21.335	-0.418	5.58	60
N	20.376	-0.098	6.428	61
CA	20.257	-0.64	7.781	61
C	18.94	-1.403	7.939	61
N	17.9	-0.726	7.494	62
CA	16.556	-1.229	7.429	62
C	15.819	-0.54	6.287	62
N	14.511	-0.661	6.194	63
CA	13.763	0.278	5.359	63
C	12.87	1.156	6.251	63
N	12.763	2.429	5.885	64
CA	11.982	3.385	6.643	64
C	10.739	3.803	5.854	64
N	9.582	3.752	6.471	65
CA	8.395	4.385	5.88	65
C	8.263	5.752	6.557	65
N	8.375	6.818	5.776	66
CA	8.451	8.19	6.24	66
C	7.083	8.881	6.134	66
N	6.806	9.758	7.088	67
CA	5.54	10.471	7.175	67
C	5.755	11.98	7.124	67
N	4.686	12.652	6.719	68
CA	4.665	14.116	6.827	68
C	4.459	14.493	8.288	68
N	5.51	15.034	8.901	69
CA	5.447	15.451	10.299	69
C	5.518	16.969	10.424	69
N	5.169	17.701	9.366	70
CA	5.139	19.162	9.462	70
C	3.929	19.709	10.205	70
N	3.059	18.871	10.746	71
CA	1.847	19.226	11.461	71
C	1.41	18.074	12.359	71
N	0.589	18.242	13.386	72
CA	0.158	17.089	14.189	72
C	-0.791	16.141	13.466	72
N	-0.362	15.421	12.44	73
CA	-1.288	14.563	11.693	73
C	-1.454	13.158	12.276	73
N	-0.409	12.652	12.898	74
CA	-0.353	11.306	13.45	74
C	0.521	11.435	14.706	74
N	-0.144	11.295	15.834	75
CA	0.562	11.496	17.091	75
C	0.254	10.404	18.123	75
N	1.232	10.337	19.025	76
CA	1.201	9.497	20.204	76
C	1.187	10.402	21.428	76
N	0.27	10.096	22.333	77
CA	0.087	10.83	23.574	77
C	-0.302	9.877	24.692	77
N	-0.232	10.38	25.92	78
CA	-0.713	9.596	27.051	78
C	0.258	8.516	27.453	78
N	-0.231	7.503	28.179	79
CA	0.733	6.549	28.696	79
C	1.716	7.218	29.623	79
N	3.003	6.941	29.447	80
CA	4.006	7.583	30.29	80
C	4.412	8.967	29.8	80
N	3.828	9.422	28.7	81
CA	4.304	10.595	28.015	81
C	3.625	11.877	28.507	81
N	4.419	12.923	28.454	82
CA	3.978	14.292	28.69	82
C	3.902	14.979	27.344	82
N	2.747	15.541	27.001	83
CA	2.752	16.222	25.726	83
C	2.523	15.303	24.538	83
N	2.872	15.847	23.387	84
CA	2.512	15.349	22.076	84
C	3.74	14.918	21.285	84
N	3.704	13.679	20.796	85
CA	4.812	13.164	20.006	85
C	4.361	12.845	18.592	85
N	5.039	13.371	17.582	86
CA	4.641	13.195	16.203	86
C	5.315	12.031	15.489	86
N	4.527	11.217	14.793	87
CA	5.095	10.137	13.986	87
C	5.952	10.658	12.841	87
N	7.206	10.238	12.755	88
CA	8.069	10.645	11.647	88
C	8.398	9.487	10.727	88
N	8.589	8.265	11.22	89
CA	8.817	7.099	10.386	89
C	8.589	5.814	11.187	89
N	8.425	4.71	10.475	90
CA	8.529	3.405	11.11	90
C	9.481	2.541	10.292	90
N	10.011	1.549	10.992	91
CA	10.919	0.594	10.383	91
C	10.786	-0.701	11.21	91
N	11.442	-1.72	10.717	92
CA	11.554	-3.011	11.36	92
C	13.019	-3.44	11.526	92
N	13.181	-4.399	12.425	93
CA	14.359	-5.223	12.611	93
C	13.931	-6.675	12.529	93
N	14.717	-7.491	11.845	94
CA	14.298	-8.875	11.658	94
C	15.501	-9.799	11.498	94
N	15.184	-11.093	11.513	95
CA	16.21	-12.117	11.538	95
C	16.367	-12.866	10.236	95
N	17.359	-13.746	10.259	96
CA	17.621	-14.693	9.171	96
C	16.738	-15.922	9.299	96
N	16.211	-16.173	10.478	97
CA	15.442	-17.322	10.891	97
C	14.293	-16.876	11.797	97
N	13.204	-17.635	11.825	98
CA	12.005	-17.196	12.522	98
C	12.243	-17.067	14.029	98
N	13.254	-17.763	14.531	99
CA	13.576	-17.732	15.941	99
C	14.354	-16.539	16.435	99
N	14.622	-15.578	15.546	100
CA	15.355	-14.405	16.0	100
C	15.008	-13.216	15.129	100
N	15.344	-12.024	15.618	101
CA	15.109	-10.838	14.831	101
C	14.644	-9.658	15.654	101
N	13.97	-9.944	16.774	102
CA	13.525	-8.816	17.594	102
C	14.732	-8.273	18.365	102
N	14.601	-7.026	18.778	103
CA	15.573	-6.321	19.606	103
C	15.275	-6.507	21.08	103
N	14.134	-6.045	21.549	104
CA	13.638	-6.413	22.852	104
C	13.372	-7.913	22.866	104
N	13.522	-8.497	24.049	105
CA	13.099	-9.862	24.293	105
C	12.135	-9.892	25.477	105
N	11.333	-10.942	25.599	106
CA	10.381	-11.055	26.706	106
C	10.732	-12.35	27.422	106
N	11.219	-12.258	28.643	107
CA	11.722	-13.436	29.351	107
C	12.696	-14.22	28.466	107
N	13.583	-13.484	27.815	108
CA	14.637	-13.929	26.924	108
C	14.075	-14.47	25.611	108
N	12.758	-14.471	25.427	109
CA	12.196	-14.887	24.148	109
C	12.479	-13.868	23.04	109
N	13.047	-14.358	21.947	110
CA	13.228	-13.518	20.761	110
C	12.074	-13.726	19.78	110
N	11.511	-12.679	19.196	111
CA	10.475	-12.823	18.174	111
C	11.085	-12.755	16.786	111
N	10.306	-13.01	15.736	112
CA	10.868	-13.019	14.406	112
C	11.249	-11.638	13.889	112
N	10.59	-10.638	14.461	113
CA	10.91	-9.257	14.031	113
C	10.319	-8.275	15.034	113
N	10.604	-6.997	14.853	114
CA	10.116	-5.952	15.749	114
C	9.928	-4.667	14.937	114
N	8.729	-4.115	15.075	115
CA	8.325	-2.87	14.444	115
C	8.59	-1.711	15.395	115
N	9.248	-0.661	14.907	116
CA	9.461	0.58	15.638	116
C	8.75	1.734	14.953	116
N	7.762	2.293	15.626	117
CA	7.072	3.509	15.185	117
C	7.7	4.675	15.952	117
N	8.448	5.516	15.253	118
CA	9.261	6.558	15.855	118
C	8.554	7.912	15.864	118
N	8.492	8.504	17.047	119
CA	7.8	9.759	17.298	119
C	8.695	10.768	18.025	119
N	8.541	12.058	17.695	120
CA	9.353	13.074	18.378	120
C	8.471	14.093	19.108	120
N	8.965	14.562	20.244	121
CA	8.342	15.506	21.153	121
C	8.245	16.895	20.52	121
N	7.009	17.359	20.327	122
CA	6.824	18.543	19.479	122
C	7.307	19.774	20.228	122
N	7.561	19.631	21.534	123
CA	7.989	20.87	22.19	123
C	9.416	21.218	21.805	123
N	10.109	20.307	21.12	124
CA	11.48	20.572	20.687	124
C	11.549	21.019	19.237	124
N	10.404	21.194	18.594	125
CA	10.346	21.812	17.275	125
C	10.776	20.991	16.091	125
N	11.83	20.166	16.199	126
CA	12.172	19.29	15.078	126
C	12.826	18.011	15.603	126
N	12.975	17.005	14.747	127
CA	13.536	15.715	15.101	127
C	14.985	15.822	15.557	127
N	15.748	16.611	14.791	128
CA	17.142	16.761	15.131	128
C	17.357	17.392	16.488	128
N	16.497	18.332	16.896	129
CA	16.656	18.856	18.258	129
C	16.2	17.879	19.338	129
N	15.119	17.176	18.998	130
CA	14.498	16.244	19.94	130
C	15.452	15.119	20.341	130
N	16.246	14.624	19.389	131
CA	17.141	13.507	19.711	131
C	18.264	13.924	20.679	131
N	18.417	15.213	20.921	132
CA	19.415	15.703	21.861	132
C	18.821	15.809	23.257	132
N	17.578	15.346	23.429	133
CA	16.939	15.5	24.743	133
C	16.521	14.173	25.369	133
N	16.591	14.02	26.686	134
CA	16.26	12.733	27.305	134
C	14.821	12.302	27.063	134
N	13.923	13.243	26.845	135
CA	12.515	12.938	26.547	135
C	12.161	13.358	25.131	135
N	13.127	13.259	24.208	136
CA	12.935	13.668	22.844	136
C	12.039	12.837	21.953	136
N	12.151	11.518	22.1	137
CA	11.484	10.547	21.257	137
C	10.605	9.611	22.087	137
N	9.554	9.123	21.434	138
CA	8.784	7.995	21.959	138
C	8.718	6.979	20.83	138
N	9.137	5.769	21.141	139
CA	9.148	4.714	20.134	139
C	8.194	3.615	20.615	139
N	7.214	3.329	19.764	140
CA	6.227	2.288	19.976	140
C	6.769	1.03	19.317	140
N	6.995	0.015	20.146	141
CA	7.614	-1.215	19.652	141
C	6.604	-2.358	19.624	141
N	6.618	-3.083	18.525	142
CA	5.594	-4.118	18.31	142
C	6.288	-5.377	17.823	142
N	6.07	-6.469	18.532	143
CA	6.695	-7.72	18.117	143
C	5.94	-8.373	16.968	143
N	6.695	-9.041	16.1	144
CA	6.131	-9.848	15.038	144
C	6.457	-11.328	15.238	144
N	5.415	-12.146	15.161	145
CA	5.598	-13.587	15.135	145
C	5.104	-14.13	13.806	145
N	5.645	-15.301	13.458	146
CA	5.243	-15.884	12.171	146
C	4.07	-16.823	12.411	146
N	3.01	-16.569	11.662	147
CA	1.756	-17.288	11.749	147
C	0.876	-16.89	10.563	147
N	-0.311	-16.378	10.843	148
CA	-1.19	-15.906	9.769	148
C	-0.648	-14.603	9.194	148
N	-0.987	-14.34	7.935	149
CA	-0.62	-13.092	7.3	149
C	-1.274	-11.886	7.967	149
N	-0.527	-10.778	7.922	150
CA	-1.061	-9.491	8.379	150
C	-1.456	-8.691	7.144	150
N	-2.75	-8.521	6.897	151
CA	-3.15	-7.829	5.665	151
C	-2.628	-6.399	5.6	151
N	-2.609	-5.704	6.72	152
CA	-2.165	-4.328	6.737	152
C	-0.683	-4.18	6.438	152
N	0.062	-5.286	6.416	153
CA	1.491	-5.228	6.092	153
C	1.755	-5.411	4.616	153
N	0.773	-5.92	3.873	154
CA	1.086	-6.409	2.536	154
C	1.466	-5.288	1.59	154
N	0.885	-4.104	1.742	155
CA	1.32	-3.02	0.86	155
C	2.796	-2.698	1.032	155
N	3.314	-2.855	2.251	156
CA	4.756	-2.702	2.46	156
C	5.563	-3.805	1.793	156
N	5.173	-5.052	2.032	157
CA	5.858	-6.19	1.425	157
C	5.909	-6.03	-0.083	157
N	4.814	-5.561	-0.696	158
CA	4.83	-5.554	-2.154	158
C	5.681	-4.469	-2.769	158
N	6.032	-3.422	-2.032	159
CA	6.925	-2.392	-2.579	159
C	8.39	-2.719	-2.388	159
N	8.738	-3.754	-1.609	160
CA	10.14	-3.987	-1.289	160
C	11.026	-4.304	-2.488	160
N	10.448	-4.958	-3.485	161
CA	11.172	-5.248	-4.708	161
C	11.705	-3.99	-5.379	161
N	11.076	-2.849	-5.125	162
CA	11.481	-1.613	-5.794	162
C	12.488	-0.829	-4.969	162
N	12.787	-1.273	-3.747	163
CA	13.843	-0.663	-2.962	163
C	14.848	-1.677	-2.435	163
N	15.307	-2.555	-3.327	164
CA	16.079	-3.702	-2.913	164
C	17.4	-3.311	-2.268	164
N	18.078	-2.284	-2.753	165
CA	19.438	-1.927	-2.399	165
C	19.519	-0.58	-1.679	165
N	20.58	-0.394	-0.928	166
CA	20.868	0.814	-0.167	166
C	20.689	2.084	-0.975	166
N	19.903	3.064	-0.543	167
CA	19.778	4.337	-1.239	167
C	18.56	4.418	-2.12	167
N	17.905	3.29	-2.371	168
CA	16.714	3.298	-3.207	168
C	15.513	3.746	-2.381	168
N	14.663	4.543	-3.0	169
CA	13.412	4.963	-2.372	169
C	12.288	4.861	-3.395	169
N	11.072	4.846	-2.895	170
CA	9.874	4.818	-3.702	170
C	8.737	5.572	-3.011	170
N	7.838	6.113	-3.829	171
CA	6.651	6.778	-3.303	171
C	5.813	5.764	-2.522	171
N	5.302	6.185	-1.382	172
CA	4.543	5.302	-0.497	172
C	3.488	6.118	0.237	172
N	2.609	6.715	-0.57	173
CA	1.498	7.506	-0.067	173
C	0.298	6.638	0.328	173
N	-0.566	7.197	1.163	174
CA	-1.856	6.664	1.566	174
C	-1.802	5.299	2.241	174
N	-0.703	5.023	2.921	175
CA	-0.474	3.899	3.809	175
C	-0.975	4.23	5.22	175
N	-1.776	3.325	5.768	176
CA	-2.374	3.503	7.08	176
C	-1.715	2.624	8.124	176
N	-0.93	3.255	9.003	177
CA	-0.156	2.45	9.984	177
C	-1.037	1.807	11.034	177
N	-2.308	2.199	11.104	178
CA	-3.215	1.529	12.056	178
C	-3.351	0.039	11.773	178
N	-3.112	-0.345	10.522	179
CA	-3.156	-1.721	10.073	179
C	-2.056	-2.609	10.588	179
N	-1.079	-2.031	11.278	180
CA	0.013	-2.789	11.873	180
C	-0.102	-2.948	13.38	180
N	-1.179	-2.47	14.002	181
CA	-1.323	-2.553	15.449	181
C	-2.073	-3.797	15.913	181
N	-1.684	-4.356	17.051	182
CA	-2.423	-5.502	17.584	182
C	-3.723	-5.012	18.217	182
N	-4.55	-5.937	18.683	183
CA	-5.814	-5.573	19.321	183
C	-5.608	-4.772	20.589	183
N	-4.756	-5.289	21.468	184
CA	-4.505	-4.66	22.764	184
C	-3.409	-3.606	22.727	184
N	-3.588	-2.55	23.518	185
CA	-2.492	-1.572	23.636	185
C	-1.795	-1.706	24.99	185
N	-1.973	-2.807	25.703	186
CA	-1.214	-3.074	26.924	186
C	0.283	-3.013	26.611	186
N	1.051	-2.37	27.499	187
CA	2.454	-2.175	27.159	187
C	3.364	-2.248	28.373	187
N	4.65	-2.334	28.09	188
CA	5.736	-2.09	29.031	188
C	6.46	-0.783	28.658	188
N	6.983	-0.038	29.643	189
CA	7.685	1.207	29.308	189
C	8.919	1.382	30.167	189
N	9.953	1.949	29.553	190
CA	11.213	2.204	30.245	190
C	11.969	3.271	29.451	190
N	12.906	3.964	30.087	191
CA	13.764	4.924	29.385	191
C	14.991	4.277	28.738	191
N	15.217	4.614	27.474	192
CA	16.348	4.014	26.786	192
C	16.887	4.872	25.676	192
N	17.318	4.221	24.6	193
CA	18.05	4.802	23.508	193
C	17.574	4.337	22.133	193
N	18.053	5.019	21.105	194
CA	18.026	4.463	19.763	194
C	18.807	3.152	19.746	194
N	18.449	2.215	18.872	195
CA	19.136	0.921	18.888	195
C	20.154	0.797	17.748	195
N	20.34	1.874	17.005	196
CA	21.382	2.078	16.026	196
C	22.16	3.365	16.318	196
N	23.391	3.383	15.82	197
CA	24.199	4.606	15.899	197
C	23.378	5.789	15.413	197
N	23.432	6.93	16.059	198
CA	24.32	7.249	17.162	198
C	23.911	6.794	18.56	198
N	22.927	5.932	18.736	199
CA	22.589	5.306	20.013	199
C	22.23	6.316	21.105	199
N	21.681	7.437	20.673	200
CA	21.333	8.524	21.565	200
C	20.299	8.104	22.595	200
N	20.571	8.545	23.82	201
CA	19.742	8.216	24.97	201
C	18.576	9.176	25.159	201
N	17.669	9.132	24.198	202
CA	16.601	10.109	24.046	202
C	15.217	9.498	23.899	202
N	15.071	8.197	24.221	203
CA	13.838	7.476	23.914	203
C	13.081	7.041	25.165	203
N	11.783	7.336	25.19	204
CA	10.832	6.639	26.047	204
C	10.293	5.457	25.249	204
N	10.635	4.241	25.641	205
CA	10.199	3.028	24.989	205
C	8.822	2.61	25.529	205
N	7.959	2.302	24.573	206
CA	6.614	1.773	24.821	206
C	6.484	0.501	23.974	206
N	6.577	-0.643	24.634	207
CA	6.606	-1.938	23.941	207
C	5.309	-2.686	24.233	207
N	4.586	-2.968	23.143	208
CA	3.296	-3.625	23.268	208
C	3.496	-5.083	23.659	208
N	2.639	-5.538	24.591	209
CA	2.711	-6.926	25.013	209
C	2.234	-7.892	23.945	209
N	1.22	-7.484	23.188	210
CA	0.626	-8.366	22.202	210
C	1.338	-8.313	20.861	210
N	1.897	-9.425	20.396	211
CA	2.542	-9.41	19.078	211
C	1.491	-9.392	17.975	211
N	1.924	-8.976	16.792	212
CA	1.114	-9.177	15.601	212
C	1.655	-10.414	14.896	212
N	0.813	-11.1	14.131	213
CA	1.255	-12.216	13.324	213
C	1.441	-11.779	11.872	213
N	2.532	-12.192	11.251	214
CA	2.794	-12.048	9.831	214
C	3.088	-13.441	9.277	214
N	2.896	-13.586	7.979	215
CA	3.126	-14.907	7.4	215
C	4.601	-15.097	7.086	215
N	4.961	-16.371	6.99	216
CA	6.295	-16.766	6.603	216
C	6.66	-16.099	5.28	216
N	5.713	-16.077	4.338	217
CA	5.972	-15.439	3.053	217
C	6.266	-13.944	3.182	217
N	5.554	-13.296	4.098	218
CA	5.794	-11.853	4.295	218
C	7.191	-11.584	4.821	218
N	7.601	-12.279	5.891	219
CA	8.959	-12.039	6.428	219
C	10.012	-12.521	5.44	219
N	9.738	-13.594	4.675	220
CA	10.711	-14.003	3.664	220
C	11.025	-12.875	2.7	220
N	10.038	-12.042	2.381	221
CA	10.338	-10.941	1.459	221
C	11.173	-9.875	2.131	221
N	11.027	-9.708	3.445	222
CA	11.925	-8.797	4.146	222
C	13.376	-9.228	3.92	222
N	13.571	-10.539	3.988	223
CA	14.923	-11.112	3.976	223
C	15.524	-11.101	2.567	223
N	14.761	-10.651	1.58	224
CA	15.329	-10.574	0.243	224
C	15.889	-9.193	-0.024	224
N	15.706	-8.259	0.908	225
CA	16.378	-6.969	0.764	225
C	17.886	-7.123	0.883	225
N	18.581	-6.056	0.525	226
CA	20.025	-5.991	0.505	226
C	20.584	-4.877	1.387	226
N	21.635	-5.125	2.153	227
CA	22.394	-4.1	2.84	227
C	23.207	-3.251	1.865	227
N	23.62	-3.904	0.785	228
CA	24.507	-3.235	-0.167	228
C	23.778	-2.319	-1.13	228
N	24.581	-1.491	-1.819	229
CA	24.067	-0.696	-2.915	229
C	23.995	-1.491	-4.207	229
N	23.233	-0.969	-5.164	230
CA	23.06	-1.579	-6.475	230
C	24.417	-1.822	-7.136	230
N	24.568	-2.987	-7.746	231
CA	25.773	-3.304	-8.485	231
C	26.916	-3.679	-7.561	231
N	26.625	-3.808	-6.271	232
CA	27.632	-4.295	-5.327	232
C	27.362	-5.757	-4.998	232
N	28.347	-6.469	-4.466	233
CA	28.095	-7.866	-4.089	233
C	26.947	-7.916	-3.078	233
N	26.073	-8.887	-3.302	234
CA	24.852	-8.939	-2.517	234
C	25.104	-9.481	-1.109	234
N	24.605	-8.715	-0.147	235
CA	24.599	-9.123	1.247	235
C	23.143	-9.018	1.691	235
N	22.49	-10.139	1.976	236
CA	21.081	-10.023	2.37	236
C	20.94	-9.221	3.658	236
N	19.934	-8.357	3.654	237
CA	19.482	-7.588	4.797	237
C	18.699	-8.496	5.743	237
N	19.51	-9.104	6.633	238
CA	18.97	-9.98	7.664	238
C	19.766	-9.758	8.957	238
N	19.113	-10.066	10.076	239
CA	19.737	-9.952	11.37	239
C	20.237	-8.513	11.589	239
N	19.403	-7.533	11.262	240
CA	19.669	-6.13	11.547	240
C	19.139	-5.693	12.906	240
N	19.46	-6.48	13.932	241
CA	19.013	-6.268	15.283	241
C	20.192	-6.175	16.245	241
N	19.985	-5.345	17.257	242
CA	20.96	-5.221	18.338	242
C	20.513	-6.097	19.496	242
N	21.4	-6.861	20.089	243
CA	20.968	-7.692	21.22	243
C	20.694	-6.833	22.456	243
N	20.074	-7.478	23.425	244
CA	19.717	-6.91	24.698	244
C	20.952	-6.345	25.402	244
N	20.791	-5.162	25.971	245
CA	21.794	-4.412	26.721	245
C	21.499	-4.392	28.21	245
N	22.512	-4.145	29.028	246
CA	22.338	-4.159	30.475	246
C	21.283	-3.16	30.96	246
N	20.373	-3.638	31.797	247
CA	19.303	-2.79	32.326	247
C	19.822	-1.687	33.24	247
N	20.887	-1.971	33.967	248
CA	21.516	-0.975	34.847	248
C	20.484	-0.44	35.845	248
N	20.497	0.842	36.149	249
CA	19.629	1.495	37.104	249
C	18.28	1.853	36.483	249
N	17.564	0.88	35.915	250
CA	16.235	1.134	35.357	250
C	15.181	0.121	35.784	250
N	13.939	0.606	35.912	251
CA	12.782	-0.221	36.181	251
C	11.843	-0.197	34.97	251
N	11.404	-1.383	34.574	252
CA	10.422	-1.472	33.492	252
C	9.05	-1.463	34.16	252
N	8.178	-0.604	33.65	253
CA	6.82	-0.534	34.179	253
C	5.809	-1.134	33.198	253
N	4.779	-1.759	33.766	254
CA	3.693	-2.351	32.99	254
C	2.418	-1.518	33.153	254
N	1.661	-1.455	32.068	255
CA	0.422	-0.705	32.027	255
C	-0.772	-1.568	32.442	255
N	-0.528	-2.848	32.622	256
CA	-1.535	-3.865	32.912	256
C	-1.154	-4.739	34.1	256
N	-2.144	-5.433	34.64	257
CA	-1.946	-6.396	35.717	257
C	-2.024	-7.838	35.244	257
