ATOM	X	Y	Z	RESIDUE
N	-36.644	-55.509	93.352	1
CA	-37.782	-54.626	93.109	1
C	-37.429	-53.228	92.593	1
N	-36.396	-52.409	92.873	2
CA	-35.738	-51.209	92.245	2
C	-34.939	-50.596	91.029	2
N	-34.345	-49.355	91.187	3
CA	-33.308	-48.283	91.425	3
C	-32.115	-47.642	92.309	3
N	-31.977	-46.243	92.457	4
CA	-31.166	-45.225	93.303	4
C	-30.097	-44.337	92.491	4
N	-29.008	-43.406	92.587	5
CA	-27.798	-42.839	93.307	5
C	-27.053	-41.415	93.011	5
N	-25.93	-40.85	93.718	6
CA	-24.606	-40.051	93.869	6
C	-23.956	-38.548	93.808	6
N	-22.702	-38.079	94.34	7
CA	-21.894	-36.854	94.921	7
C	-20.799	-35.784	94.231	7
N	-20.215	-34.386	94.285	8
CA	-19.141	-33.273	94.796	8
C	-18.306	-31.923	94.139	8
N	-17.194	-31.005	94.633	9
CA	-16.09	-29.824	94.656	9
C	-15.56	-28.237	94.855	9
N	-14.344	-27.435	94.489	10
CA	-13.504	-26.113	94.925	10
C	-12.192	-25.149	94.402	10
N	-11.168	-24.021	94.62	11
CA	-9.626	-23.554	94.88	11
C	-8.814	-22.082	95.25	11
N	-7.455	-21.337	95.364	12
CA	-6.637	-20.06	96.068	12
C	-5.221	-19.107	95.712	12
N	-4.174	-18.075	96.257	13
CA	-3.249	-16.714	96.028	13
C	-2.099	-15.43	96.398	13
N	-1.051	-14.391	96.977	14
CA	-0.066	-13.021	97.253	14
C	1.198	-11.853	96.822	14
N	2.317	-10.894	97.439	15
CA	3.142	-9.412	97.293	15
C	4.597	-8.435	97.752	15
N	5.401	-7.025	97.614	16
CA	6.753	-5.912	97.741	16
C	8.017	-4.78	98.445	16
N	9.274	-3.719	98.195	17
CA	10.406	-2.475	98.748	17
C	11.878	-1.382	98.513	17
N	12.894	-0.1	98.796	18
CA	11.86	0.208	99.832	18
C	11.308	1.643	99.669	18
N	11.476	2.49	100.696	19
CA	10.814	3.805	100.801	19
C	10.945	4.694	99.569	19
N	9.959	5.562	99.353	20
CA	10.074	6.617	98.345	20
C	11.241	7.545	98.677	20
N	11.527	7.691	99.969	21
CA	12.725	8.41	100.416	21
C	13.991	7.712	99.95	21
N	14.02	6.394	100.133	22
CA	15.13	5.578	99.671	22
C	15.393	5.733	98.169	22
N	14.343	5.778	97.358	23
CA	14.499	5.846	95.903	23
C	15.08	7.173	95.425	23
N	14.858	8.248	96.181	24
CA	15.427	9.556	95.859	24
C	16.918	9.562	96.165	24
N	17.311	8.988	97.302	25
CA	18.719	8.861	97.649	25
C	19.477	7.948	96.684	25
N	18.864	6.841	96.26	26
CA	19.483	5.878	95.345	26
C	19.737	6.509	93.988	26
N	18.834	7.393	93.586	27
CA	18.939	8.062	92.305	27
C	20.051	9.098	92.326	27
N	20.547	9.435	93.518	28
CA	21.715	10.313	93.652	28
C	23.03	9.633	93.258	28
N	23.025	8.32	93.072	29
CA	24.202	7.596	92.598	29
C	24.39	7.691	91.078	29
N	23.302	7.678	90.305	30
CA	23.344	7.812	88.85	30
C	23.61	9.219	88.324	30
N	22.861	9.694	87.338	31
CA	23.235	10.952	86.624	31
C	23.477	12.236	87.48	31
N	24.251	13.145	86.9	32
CA	24.605	14.395	87.55	32
C	23.447	15.385	87.722	32
N	22.507	15.424	86.779	33
CA	21.398	16.38	86.857	33
C	20.549	16.175	88.121	33
N	20.411	14.925	88.556	34
CA	19.589	14.621	89.72	34
C	20.178	15.199	90.996	34
N	21.466	15.016	91.194	35
CA	22.127	15.585	92.351	35
C	22.066	17.11	92.327	35
N	22.16	17.685	91.136	36
CA	22.24	19.127	91.007	36
C	20.908	19.76	91.39	36
N	19.824	19.208	90.864	37
CA	18.483	19.732	91.108	37
C	17.992	19.496	92.553	37
N	18.382	18.367	93.152	38
CA	18.133	18.09	94.569	38
C	19.08	18.895	95.455	38
N	20.195	19.326	94.879	39
CA	21.203	20.084	95.589	39
C	21.945	19.295	96.65	39
N	22.184	18.003	96.388	40
CA	22.781	17.102	97.38	40
C	23.485	15.937	96.708	40
N	24.39	15.306	97.441	41
CA	25.066	14.075	97.028	41
C	25.435	13.189	98.246	41
N	25.827	11.949	97.976	42
CA	26.091	10.957	99.004	42
C	27.603	10.936	99.353	42
N	27.905	11.013	100.648	43
CA	29.265	10.813	101.126	43
C	29.319	9.543	101.968	43
N	30.221	8.634	101.614	44
CA	30.226	7.296	102.198	44
C	31.481	7.072	103.046	44
N	31.265	6.782	104.33	45
CA	32.344	6.491	105.26	45
C	32.508	7.539	106.347	45
N	32.764	7.068	107.561	46
CA	32.997	7.933	108.722	46
C	34.051	9.034	108.498	46
N	35.137	8.695	107.81	47
CA	36.235	9.628	107.617	47
C	35.893	10.781	106.685	47
N	35.463	10.517	105.442	48
CA	35.038	11.614	104.556	48
C	33.859	12.408	105.106	48
N	32.918	11.77	105.81	49
CA	31.835	12.521	106.439	49
C	32.407	13.45	107.523	49
N	33.473	13.03	108.187	50
CA	34.097	13.869	109.222	50
C	34.674	15.154	108.638	50
N	35.369	15.006	107.513	51
CA	36.023	16.122	106.854	51
C	34.974	17.071	106.253	51
N	33.823	16.537	105.868	52
CA	32.736	17.4	105.453	52
C	32.244	18.262	106.634	52
N	32.057	17.643	107.796	53
CA	31.582	18.391	108.948	53
C	32.634	19.415	109.4	53
N	33.914	19.048	109.325	54
CA	35.03	19.902	109.769	54
C	35.217	21.158	108.908	54
N	35.084	21.004	107.595	55
CA	35.152	22.115	106.644	55
C	33.791	22.756	106.331	55
N	32.779	22.466	107.147	56
CA	31.513	23.183	107.121	56
C	30.524	22.855	106.018	56
N	30.535	21.65	105.465	57
CA	29.527	21.298	104.465	57
C	28.222	20.949	105.211	57
N	27.094	21.574	104.889	58
CA	25.841	21.225	105.551	58
C	25.478	19.774	105.324	58
N	25.146	19.073	106.397	59
CA	24.699	17.692	106.308	59
C	23.191	17.685	106.557	59
N	22.451	17.175	105.58	60
CA	20.989	17.145	105.618	60
C	20.451	15.925	106.344	60
N	21.128	14.795	106.162	61
CA	20.697	13.516	106.729	61
C	21.914	12.646	106.978	61
N	21.888	11.869	108.05	62
CA	22.965	10.953	108.369	62
C	22.361	9.549	108.504	62
N	22.654	8.65	107.562	63
CA	22.107	7.293	107.586	63
C	23.074	6.364	108.306	63
N	22.58	5.361	109.016	64
CA	23.485	4.44	109.701	64
C	22.926	3.038	109.788	64
N	23.752	2.096	110.233	65
CA	23.372	0.696	110.292	65
C	22.373	0.504	111.415	65
N	21.283	-0.205	111.129	66
CA	20.195	-0.418	112.072	66
C	20.24	-1.726	112.853	66
N	20.923	-2.743	112.325	67
CA	21.259	-3.964	113.064	67
C	22.738	-3.86	113.443	67
N	23.015	-3.181	114.551	68
CA	24.247	-2.387	114.67	68
C	25.48	-3.089	115.233	68
N	26.505	-3.141	114.393	69
CA	27.883	-3.218	114.862	69
C	28.194	-1.917	115.621	69
N	28.014	-0.802	114.926	70
CA	28.432	0.555	115.322	70
C	29.762	0.697	116.081	70
N	30.757	1.181	115.346	71
CA	32.082	1.471	115.872	71
C	32.062	2.749	116.694	71
N	33.158	3.005	117.403	72
CA	33.291	4.213	118.207	72
C	33.135	5.474	117.352	72
N	33.81	5.49	116.208	73
CA	33.777	6.646	115.321	73
C	32.351	6.96	114.851	73
N	31.631	5.941	114.409	74
CA	30.255	6.129	113.973	74
C	29.429	6.718	115.088	74
N	29.643	6.194	116.292	75
CA	28.867	6.582	117.462	75
C	29.154	8.02	117.826	75
N	30.397	8.46	117.676	76
CA	30.756	9.841	117.957	76
C	30.108	10.794	116.946	76
N	30.067	10.401	115.679	77
CA	29.394	11.196	114.658	77
C	27.927	11.406	115.026	77
N	27.232	10.315	115.335	78
CA	25.798	10.36	115.621	78
C	25.465	11.347	116.738	78
N	26.292	11.418	117.777	79
CA	26.016	12.308	118.898	79
C	26.669	13.695	118.793	79
N	27.381	13.957	117.709	80
CA	28.125	15.212	117.527	80
C	27.566	16.072	116.372	80
N	27.086	15.411	115.325	81
CA	26.48	16.066	114.187	81
C	24.981	16.304	114.447	81
N	24.589	17.576	114.41	82
CA	23.222	18.003	114.732	82
C	22.415	18.047	113.433	82
N	21.774	16.925	113.118	83
CA	21.115	16.708	111.827	83
C	20.1	15.571	111.937	83
N	19.359	15.317	110.868	84
CA	18.382	14.239	110.869	84
C	19.128	12.903	110.807	84
N	18.662	11.923	111.569	85
CA	19.399	10.669	111.77	85
C	18.51	9.452	111.666	85
N	18.758	8.623	110.656	86
CA	17.905	7.478	110.335	86
C	18.662	6.152	110.42	86
N	18.122	5.237	111.214	87
CA	18.55	3.841	111.184	87
C	17.993	3.21	109.918	87
N	18.83	2.449	109.227	88
CA	18.454	1.8	107.985	88
C	18.957	0.369	108.027	88
N	18.225	-0.564	107.413	89
CA	18.647	-1.973	107.337	89
C	19.909	-2.147	106.472	89
N	20.824	-3.054	106.836	90
CA	22.115	-3.193	106.141	90
C	22.001	-3.333	104.632	90
N	21.055	-4.157	104.178	91
CA	20.767	-4.347	102.757	91
C	20.556	-3.048	101.992	91
N	19.651	-2.205	102.479	92
CA	19.424	-0.891	101.879	92
C	20.728	-0.093	101.804	92
N	21.508	-0.149	102.882	93
CA	22.744	0.629	103.0	93
C	23.84	0.231	102.009	93
N	23.782	-0.986	101.46	94
CA	24.547	-1.328	100.262	94
C	23.848	-0.668	99.063	94
N	23.872	0.66	99.011	95
CA	23.317	1.402	97.885	95
C	24.443	1.38	96.897	95
N	25.508	1.976	97.314	96
CA	26.804	1.834	96.671	96
C	27.874	1.765	97.769	96
N	28.872	0.944	97.502	97
CA	30.167	1.054	98.133	97
C	31.094	0.754	96.982	97
N	31.204	-0.534	96.656	98
CA	31.897	-0.987	95.445	98
C	31.339	-2.36	95.002	98
N	30.048	-2.581	95.288	99
CA	29.421	-3.917	95.393	99
C	30.424	-5.087	95.455	99
N	31.477	-4.901	96.25	100
CA	32.627	-5.82	96.275	100
C	33.643	-5.455	97.362	100
N	33.781	-4.154	97.629	101
CA	34.714	-3.647	98.628	101
C	34.016	-2.684	99.593	101
N	33.655	-3.03	100.784	102
CA	33.264	-2.109	101.856	102
C	31.783	-1.69	101.858	102
N	30.958	-2.386	102.647	103
CA	29.675	-1.822	103.095	103
C	29.901	-0.764	104.188	103
N	29.458	0.481	103.994	104
CA	29.677	1.538	104.981	104
C	28.629	1.503	106.084	104
N	29.046	1.721	107.324	105
CA	28.086	1.771	108.412	105
C	27.437	3.14	108.551	105
N	27.997	4.161	107.896	106
CA	27.391	5.5	107.861	106
C	27.481	6.143	106.467	106
N	26.413	6.827	106.059	107
CA	26.367	7.502	104.77	107
C	25.637	8.804	104.927	107
N	26.283	9.919	104.603	108
CA	25.655	11.24	104.75	108
C	25.111	11.825	103.43	108
N	24.001	12.556	103.552	109
CA	23.396	13.276	102.452	109
C	23.934	14.685	102.661	109
N	24.914	15.071	101.858	110
CA	25.549	16.378	101.987	110
C	25.054	17.36	100.914	110
N	24.899	18.638	101.301	111
CA	24.487	19.709	100.391	111
C	25.611	20.072	99.446	111
N	25.275	20.162	98.162	112
CA	26.204	20.538	97.091	112
C	26.266	22.066	96.981	112
N	27.449	22.667	97.107	113
CA	27.569	24.133	96.981	113
C	27.339	24.601	95.546	113
N	26.994	25.877	95.409	114
CA	26.765	26.518	94.114	114
C	28.032	26.496	93.276	114
N	27.873	26.441	91.953	115
CA	28.985	26.495	91.015	115
C	29.414	27.934	90.697	115
N	30.008	28.567	91.703	116
CA	30.422	29.951	91.67	116
C	31.937	30.014	91.776	116
N	32.59	30.526	90.743	117
CA	34.048	30.595	90.682	117
C	34.678	31.438	91.792	117
N	33.905	32.339	92.405	118
CA	34.393	33.204	93.489	118
C	34.74	32.416	94.751	118
N	34.308	31.162	94.799	119
CA	34.725	30.18	95.822	119
C	36.209	29.809	95.776	119
N	36.853	30.039	94.633	120
CA	38.285	29.858	94.498	120
C	39.0	31.168	94.788	120
N	39.809	31.21	95.847	121
CA	40.446	32.465	96.241	121
C	41.583	32.698	95.289	121
N	41.842	33.97	95.052	122
CA	42.811	34.373	94.073	122
C	43.73	35.359	94.727	122
N	44.986	34.961	94.852	123
CA	46.003	35.812	95.422	123
C	47.138	35.939	94.423	123
N	48.132	36.721	94.801	124
CA	49.327	36.983	94.007	124
C	50.136	35.724	93.625	124
N	49.96	34.642	94.382	125
CA	50.633	33.381	94.129	125
C	49.617	32.306	93.783	125
N	48.537	32.72	93.116	126
CA	47.504	31.799	92.628	126
C	48.078	30.585	91.905	126
N	47.515	29.416	92.194	127
CA	47.84	28.192	91.463	127
C	46.553	27.402	91.384	127
N	46.024	27.271	90.171	128
CA	44.752	26.607	89.955	128
C	44.851	25.602	88.831	128
N	43.85	24.745	88.73	129
CA	43.837	23.691	87.732	129
C	42.461	23.659	87.082	129
N	42.433	23.484	85.765	130
CA	41.196	23.272	85.013	130
C	41.298	21.923	84.345	130
N	40.246	21.107	84.448	131
CA	40.227	19.769	83.876	131
C	39.115	19.801	82.835	131
N	39.493	19.566	81.583	132
CA	38.648	19.843	80.447	132
C	37.908	18.603	79.988	132
N	36.61	18.545	80.328	133
CA	35.698	17.484	79.886	133
C	36.204	16.066	80.18	133
N	36.521	15.764	81.447	134
CA	36.974	14.434	81.836	134
C	35.983	13.334	81.497	134
N	36.506	12.253	80.93	135
CA	35.772	11.004	80.753	135
C	35.62	10.256	82.049	135
N	36.652	10.25	82.885	136
CA	36.646	9.348	84.029	136
C	36.527	10.12	85.342	136
N	35.477	9.859	86.107	137
CA	35.285	10.552	87.394	137
C	36.397	10.291	88.393	137
N	36.975	9.09	88.383	138
CA	38.095	8.778	89.263	138
C	39.255	9.753	89.064	138
N	39.507	10.13	87.809	139
CA	40.568	11.078	87.491	139
C	40.324	12.442	88.145	139
N	39.072	12.879	88.21	140
CA	38.744	14.17	88.846	140
C	39.149	14.179	90.315	140
N	38.675	13.184	91.054	141
CA	38.976	13.034	92.466	141
C	40.453	12.965	92.728	141
N	41.17	12.172	91.931	142
CA	42.643	12.093	91.994	142
C	43.296	13.453	91.817	142
N	42.834	14.24	90.849	143
CA	43.355	15.599	90.699	143
C	43.003	16.462	91.907	143
N	41.79	16.288	92.431	144
CA	41.375	17.017	93.621	144
C	42.357	16.717	94.769	144
N	42.687	15.442	94.942	145
CA	43.573	14.99	96.008	145
C	45.013	15.485	95.838	145
N	45.528	15.481	94.614	146
CA	46.888	15.957	94.368	146
C	46.98	17.482	94.482	146
N	46.009	18.202	93.928	147
CA	45.973	19.676	94.001	147
C	45.912	20.154	95.44	147
N	45.081	19.474	96.224	148
CA	44.949	19.705	97.656	148
C	46.3	19.529	98.346	148
N	46.89	18.359	98.166	149
CA	48.156	18.006	98.781	149
C	49.353	18.829	98.295	149
N	49.282	19.445	97.128	150
CA	50.456	20.182	96.643	150
C	50.265	21.697	96.703	150
N	49.218	22.176	97.376	151
CA	49.016	23.606	97.545	151
C	48.302	24.385	96.447	151
N	47.731	23.733	95.436	152
CA	46.831	24.43	94.511	152
C	45.639	25.042	95.285	152
N	45.048	26.123	94.759	153
CA	43.968	26.873	95.443	153
C	42.548	26.52	94.988	153
N	42.407	25.867	93.842	154
CA	41.112	25.402	93.365	154
C	41.163	24.528	92.125	154
N	40.071	23.807	91.872	155
CA	39.891	23.025	90.655	155
C	38.646	23.502	89.937	155
N	38.758	23.695	88.624	156
CA	37.614	23.887	87.765	156
C	37.505	22.644	86.866	156
N	36.278	22.13	86.723	157
CA	35.983	21.06	85.785	157
C	34.975	21.529	84.742	157
N	35.416	21.606	83.486	158
CA	34.559	22.074	82.39	158
C	33.772	20.95	81.71	158
N	32.654	21.307	81.075	159
CA	31.816	20.369	80.326	159
C	30.713	19.648	81.095	159
N	29.906	18.87	80.372	160
CA	28.926	17.95	80.94	160
C	29.307	16.512	80.611	160
N	30.535	16.163	80.985	161
CA	31.023	14.797	80.936	161
C	31.036	14.234	82.378	161
N	32.194	13.881	82.912	162
CA	32.268	13.285	84.225	162
C	32.09	14.39	85.258	162
N	31.553	14.003	86.415	163
CA	31.026	14.945	87.381	163
C	31.795	14.86	88.686	163
N	32.23	16.029	89.171	164
CA	32.88	16.21	90.461	164
C	32.224	15.407	91.584	164
N	30.892	15.374	91.609	165
CA	30.099	14.727	92.672	165
C	29.631	13.286	92.386	165
N	30.127	12.689	91.306	166
CA	30.04	11.244	91.049	166
C	30.685	10.542	92.267	166
N	30.072	9.486	92.8	167
CA	30.669	8.706	93.891	167
C	32.127	8.298	93.663	167
N	32.492	7.968	92.432	168
CA	33.866	7.562	92.141	168
C	34.81	8.732	92.347	168
N	34.371	9.951	92.025	169
CA	35.198	11.156	92.187	169
C	35.394	11.5	93.653	169
N	34.289	11.463	94.404	170
CA	34.277	11.715	95.827	170
C	35.173	10.723	96.547	170
N	34.982	9.442	96.275	171
CA	35.763	8.352	96.893	171
C	37.243	8.509	96.598	171
N	37.518	8.862	95.365	172
CA	38.868	8.962	94.848	172
C	39.642	10.167	95.437	172
N	38.943	11.282	95.711	173
CA	39.56	12.454	96.353	173
C	40.025	12.188	97.775	173
N	39.608	11.053	98.34	174
CA	39.937	10.659	99.713	174
C	39.769	11.811	100.704	174
N	38.617	12.465	100.668	175
CA	38.329	13.556	101.585	175
C	38.709	14.95	101.11	175
N	39.573	15.058	100.102	176
CA	40.116	16.36	99.678	176
C	39.102	17.259	99.018	176
N	38.053	16.664	98.452	177
CA	36.911	17.426	97.995	177
C	36.414	18.417	99.056	177
N	36.515	18.071	100.329	178
CA	35.962	18.929	101.366	178
C	36.84	20.11	101.727	178
N	38.116	20.081	101.348	179
CA	39.041	21.174	101.678	179
C	39.544	22.013	100.486	179
N	39.414	21.491	99.268	180
CA	39.887	22.155	98.039	180
C	38.697	22.522	97.144	180
N	38.386	23.799	97.0	181
CA	37.169	24.203	96.277	181
C	37.158	23.711	94.831	181
N	36.049	23.106	94.407	182
CA	35.916	22.552	93.064	182
C	34.652	23.12	92.398	182
N	34.815	23.742	91.231	183
CA	33.72	24.425	90.565	183
C	33.53	23.875	89.153	183
N	32.27	23.636	88.79	184
CA	31.88	23.135	87.469	184
C	31.405	24.286	86.589	184
N	31.873	24.294	85.346	185
CA	31.502	25.272	84.33	185
C	31.119	24.55	83.059	185
N	30.154	25.061	82.31	186
CA	29.743	24.378	81.082	186
C	30.791	24.474	79.964	186
N	31.437	25.627	79.853	187
CA	32.269	25.911	78.695	187
C	33.296	26.996	79.036	187
N	34.263	27.247	78.151	188
CA	35.337	28.196	78.48	188
C	34.879	29.607	78.804	188
N	33.749	30.05	78.25	189
CA	33.311	31.432	78.338	189
C	33.226	32.01	79.739	189
N	32.616	31.275	80.649	190
CA	32.441	31.742	82.018	190
C	33.807	31.859	82.696	190
N	34.698	30.911	82.421	191
CA	36.037	30.928	83.01	191
C	36.824	32.15	82.563	191
N	36.709	32.499	81.282	192
CA	37.434	33.646	80.72	192
C	36.938	34.971	81.278	192
N	35.628	35.089	81.519	193
CA	35.053	36.275	82.154	193
C	35.662	36.48	83.533	193
N	35.85	35.378	84.249	194
CA	36.349	35.398	85.612	194
C	37.861	35.727	85.629	194
N	38.629	35.134	84.717	195
CA	40.066	35.411	84.568	195
C	40.321	36.889	84.223	195
N	39.624	37.427	83.227	196
CA	39.81	38.83	82.838	196
C	39.472	39.778	83.986	196
N	38.478	39.406	84.794	197
CA	38.089	40.184	85.969	197
C	39.192	40.174	87.032	197
N	39.8	39.008	87.265	198
CA	40.924	38.882	88.195	198
C	42.173	39.634	87.721	198
N	42.421	39.625	86.404	199
CA	43.509	40.4	85.78	199
C	43.306	41.886	85.917	199
N	42.05	42.331	85.879	200
CA	41.738	43.769	85.941	200
C	41.914	44.285	87.371	200
N	41.538	43.444	88.336	201
CA	41.753	43.695	89.761	201
C	43.229	43.555	90.236	201
N	44.141	43.092	89.379	202
CA	45.565	43.171	89.669	202
C	46.385	41.886	89.755	202
N	45.825	40.743	89.354	203
CA	46.531	39.46	89.382	203
C	46.663	38.937	87.962	203
N	47.864	38.969	87.397	204
CA	48.055	38.576	85.999	204
C	48.13	37.064	85.798	204
N	46.979	36.403	85.91	205
CA	46.88	34.954	85.744	205
C	47.235	34.535	84.315	205
N	48.179	33.603	84.169	206
CA	48.456	33.031	82.846	206
C	47.844	31.64	82.678	206
N	47.165	31.449	81.549	207
CA	46.601	30.154	81.149	207
C	47.681	29.274	80.574	207
N	47.965	28.171	81.252	208
CA	49.025	27.241	80.826	208
C	48.461	25.857	80.467	208
N	48.357	25.596	79.167	209
CA	47.915	24.318	78.645	209
C	48.997	23.275	78.802	209
N	48.58	22.018	78.884	210
CA	49.519	20.914	79.04	210
C	49.309	19.957	77.909	210
N	50.414	19.504	77.346	211
CA	50.375	18.643	76.199	211
C	51.72	17.958	76.006	211
N	51.716	16.695	75.621	212
CA	52.951	15.958	75.325	212
C	53.838	16.627	74.27	212
N	53.207	17.327	73.338	213
CA	53.874	18.01	72.232	213
C	53.831	19.518	72.443	213
N	53.945	19.963	73.686	214
CA	53.833	21.371	74.016	214
C	55.057	22.183	73.641	214
N	54.889	23.504	73.681	215
CA	55.847	24.486	73.17	215
C	57.12	24.579	73.983	215
N	57.042	24.282	75.274	216
CA	58.235	24.292	76.102	216
C	58.184	23.362	77.314	216
N	59.354	22.851	77.687	217
CA	59.452	21.892	78.784	217
C	59.003	22.503	80.119	217
N	58.267	21.715	80.879	218
CA	57.659	22.142	82.134	218
C	58.662	22.791	83.122	218
N	59.909	22.31	83.12	219
CA	60.966	22.837	83.975	219
C	61.641	24.089	83.386	219
N	61.376	24.394	82.121	220
CA	61.778	25.674	81.516	220
C	60.681	26.755	81.637	220
N	59.56	26.475	82.294	221
CA	58.493	27.479	82.458	221
C	58.457	28.035	83.89	221
N	58.024	29.289	84.011	222
CA	58.03	30.024	85.268	222
C	56.705	29.844	86.028	222
N	56.661	28.874	86.942	223
CA	55.445	28.589	87.724	223
C	55.288	29.422	89.012	223
N	56.25	30.302	89.319	224
CA	56.103	31.228	90.465	224
C	55.038	32.293	90.215	224
N	54.757	32.569	88.948	225
CA	53.732	33.531	88.589	225
C	52.332	32.905	88.772	225
N	51.305	33.735	88.931	226
CA	49.937	33.223	89.112	226
C	49.503	32.436	87.894	226
N	49.028	31.212	88.1	227
CA	48.887	30.221	87.024	227
C	47.579	29.456	87.109	227
N	46.9	29.345	85.971	228
CA	45.815	28.394	85.773	228
C	46.275	27.347	84.797	228
N	46.457	26.148	85.318	229
CA	47.0	25.047	84.55	229
C	45.875	24.179	83.977	229
N	45.855	24.007	82.648	230
CA	44.818	23.271	81.931	230
C	45.244	21.827	81.633	230
N	44.444	20.866	82.104	231
CA	44.704	19.444	81.924	231
C	43.621	18.91	81.0	231
N	44.02	18.213	79.94	232
CA	43.068	17.737	78.95	232
C	42.473	16.399	79.34	232
N	41.581	15.892	78.503	233
CA	40.924	14.632	78.804	233
C	41.673	13.451	78.188	233
N	41.327	12.27	78.664	234
CA	42.068	11.031	78.462	234
C	42.223	10.627	76.995	234
N	41.167	10.768	76.201	235
CA	41.203	10.31	74.814	235
C	41.403	11.439	73.776	235
N	41.008	12.671	74.086	236
CA	41.107	13.807	73.146	236
C	42.151	14.882	73.501	236
N	42.615	14.912	74.738	237
CA	43.484	15.986	75.189	237
C	42.672	17.253	75.389	237
N	43.344	18.392	75.498	238
CA	42.655	19.675	75.538	238
C	41.919	19.926	74.239	238
N	40.747	20.542	74.336	239
CA	39.962	20.926	73.159	239
C	40.665	22.043	72.417	239
N	40.232	22.276	71.193	240
CA	40.833	23.288	70.353	240
C	40.502	24.697	70.84	240
N	39.351	24.863	71.481	241
CA	39.006	26.153	72.068	241
C	39.988	26.56	73.191	241
N	40.425	25.614	74.01	242
CA	41.318	25.928	75.116	242
C	42.749	26.13	74.635	242
N	43.184	25.356	73.647	243
CA	44.5	25.566	73.016	243
C	44.644	26.963	72.381	243
N	43.53	27.489	71.898	244
CA	43.431	28.827	71.337	244
C	43.455	29.929	72.4	244
N	42.967	29.624	73.604	245
CA	42.953	30.579	74.71	245
C	44.236	30.586	75.556	245
N	45.049	29.544	75.405	246
CA	46.298	29.397	76.138	246
C	47.306	30.478	75.838	246
N	47.895	31.039	76.885	247
CA	49.049	31.91	76.72	247
C	50.296	31.099	76.409	247
N	50.386	29.904	76.996	248
CA	51.49	28.978	76.773	248
C	51.08	27.533	76.917	248
N	51.845	26.671	76.274	249
CA	51.728	25.237	76.436	249
C	53.054	24.621	76.937	249
N	52.935	23.673	77.866	250
CA	54.078	22.985	78.458	250
C	53.931	21.458	78.422	250
N	55.077	20.79	78.503	251
CA	55.143	19.365	78.29	251
C	56.141	18.702	79.219	251
N	55.717	17.571	79.779	252
CA	56.624	16.577	80.331	252
C	57.303	15.849	79.184	252
N	58.628	15.894	79.073	253
CA	59.314	15.075	78.049	253
C	59.11	13.567	78.271	253
N	58.995	12.81	77.182	254
CA	58.729	11.378	77.245	254
C	59.866	10.567	76.622	254
N	59.84	9.258	76.867	255
CA	60.901	8.336	76.466	255
C	60.863	8.03	74.977	255
N	59.655	7.935	74.427	256
CA	59.505	7.751	72.989	256
C	58.265	8.419	72.435	256
N	57.956	8.081	71.189	257
CA	56.669	8.449	70.585	257
C	55.575	7.409	70.947	257
N	55.935	6.41	71.764	258
CA	55.002	5.362	72.199	258
C	54.144	5.823	73.383	258
N	54.552	5.512	74.617	259
CA	53.679	5.795	75.746	259
C	53.295	7.276	75.794	259
N	52.256	7.569	76.593	260
CA	51.839	8.921	77.041	260
C	51.398	8.789	78.518	260
N	50.98	9.873	79.193	261
CA	50.602	9.785	80.622	261
C	49.091	9.944	80.881	261
N	48.574	9.194	81.863	262
CA	47.234	9.425	82.445	262
C	47.14	10.883	82.913	262
N	45.958	11.492	82.836	263
CA	45.815	12.929	83.111	263
C	46.114	13.322	84.566	263
N	45.699	12.495	85.528	264
CA	45.945	12.788	86.937	264
C	47.417	12.67	87.264	264
N	48.067	11.654	86.707	265
CA	49.492	11.452	86.899	265
C	50.244	12.622	86.329	265
N	49.835	13.091	85.148	266
CA	50.529	14.176	84.484	266
C	50.36	15.424	85.303	266
N	49.152	15.613	85.814	267
CA	48.808	16.816	86.52	267
C	49.561	16.866	87.842	267
N	49.771	15.693	88.434	268
CA	50.54	15.6	89.665	268
C	51.994	15.94	89.407	268
N	52.558	15.434	88.313	269
CA	53.948	15.738	87.992	269
C	54.185	17.248	87.843	269
N	53.223	17.951	87.246	270
CA	53.399	19.352	86.885	270
C	53.096	20.262	88.068	270
N	52.063	19.953	88.824	271
CA	51.858	20.577	90.123	271
C	53.106	20.425	90.982	271
N	53.694	19.243	91.034	272
CA	54.942	19.058	91.783	272
C	56.046	20.008	91.284	272
N	56.143	20.198	89.973	273
CA	57.165	21.068	89.397	273
C	56.967	22.496	89.843	273
N	55.722	22.944	89.868	274
CA	55.39	24.268	90.377	274
C	55.824	24.414	91.846	274
N	55.514	23.408	92.664	275
CA	55.917	23.419	94.046	275
C	57.43	23.511	94.153	275
N	58.161	22.77	93.328	276
CA	59.626	22.756	93.435	276
C	60.204	24.154	93.164	276
N	59.72	24.799	92.114	277
CA	60.202	26.127	91.745	277
C	59.915	27.141	92.858	277
N	58.758	26.982	93.494	278
CA	58.287	27.909	94.505	278
C	59.025	27.816	95.845	278
N	59.543	26.641	96.21	279
CA	60.518	26.565	97.307	279
C	61.749	27.365	96.809	279
N	61.754	28.664	97.144	280
CA	62.303	29.73	96.269	280
C	63.634	29.385	95.592	280
N	63.524	28.847	94.378	281
CA	64.664	28.644	93.5	281
C	65.046	27.184	93.306	281
N	66.304	26.996	92.876	282
CA	66.924	25.674	92.693	282
C	68.469	25.803	92.68	282
N	69.729	25.212	92.582	283
CA	70.89	26.188	92.378	283
C	71.937	26.809	93.381	283
N	72.224	28.14	93.15	284
CA	72.943	29.075	92.228	284
C	74.441	29.422	92.103	284
N	75.148	28.782	93.038	285
CA	76.083	29.449	93.958	285
C	77.387	30.246	94.117	285
N	78.157	30.536	93.037	286
CA	79.607	30.745	93.169	286
C	80.535	31.955	93.513	286
N	80.378	33.281	93.744	287
CA	80.861	34.185	94.751	287
C	82.289	34.61	95.035	287
N	-36.568	-65.099	53.14	1
CA	-35.479	-64.116	53.025	1
C	-34.738	-63.904	54.357	1
N	-33.759	-63.02	54.109	2
CA	-32.412	-62.818	54.678	2
C	-32.206	-61.369	54.135	2
N	-31.085	-60.579	54.319	3
CA	-31.012	-59.375	55.209	3
C	-29.487	-59.097	55.547	3
N	-28.838	-58.123	56.363	4
CA	-27.653	-57.181	56.019	4
C	-26.485	-56.388	56.864	4
N	-25.297	-55.701	56.403	5
CA	-24.211	-54.548	56.545	5
C	-23.159	-54.183	57.756	5
N	-21.851	-53.561	58.151	6
CA	-20.701	-52.474	58.183	6
C	-19.322	-52.32	59.105	6
N	-18.108	-51.49	59.409	7
CA	-17.293	-50.127	59.57	7
C	-15.648	-49.911	59.749	7
N	-14.769	-48.736	60.018	8
CA	-13.477	-48.02	60.658	8
C	-11.792	-47.988	60.748	8
N	-10.534	-47.143	60.985	9
CA	-9.609	-45.82	61.269	9
C	-7.986	-45.382	61.738	9
N	-7.014	-44.192	61.941	10
CA	-5.631	-43.598	62.695	10
C	-4.443	-42.32	62.747	10
N	-3.303	-41.401	63.402	11
CA	-1.884	-40.841	64.196	11
C	-0.184	-40.62	64.663	11
N	1.154	-39.864	65.178	12
CA	2.463	-38.762	65.34	12
C	4.108	-38.549	66.032	12
N	5.464	-37.709	66.3	13
CA	6.624	-36.547	66.798	13
C	8.314	-36.083	67.047	13
N	9.349	-34.908	67.062	14
CA	10.938	-34.448	67.43	14
C	12.092	-33.161	67.288	14
N	13.446	-32.651	67.847	15
CA	14.972	-32.063	67.718	15
C	16.097	-31.21	68.697	15
N	17.544	-30.717	68.798	16
CA	18.518	-29.624	69.556	16
C	20.203	-29.252	69.966	16
N	21.099	-28.175	70.685	17
CA	22.463	-27.43	71.383	17
C	24.081	-26.748	71.575	17
N	25.276	-25.863	72.141	18
CA	26.334	-24.577	72.532	18
C	27.861	-23.903	73.219	18
N	28.996	-22.87	73.804	19
CA	30.359	-22.35	74.101	19
C	31.033	-23.167	75.213	19
N	32.34	-23.411	75.072	20
CA	33.13	-24.185	76.046	20
C	34.527	-23.595	76.259	20
N	35.288	-23.49	75.172	21
CA	36.593	-22.827	75.197	21
C	36.403	-21.322	75.417	21
N	35.195	-20.849	75.107	22
CA	34.746	-19.516	75.478	22
C	34.72	-19.338	76.99	22
N	34.251	-20.353	77.706	23
CA	34.181	-20.303	79.166	23
C	35.556	-20.381	79.849	23
N	36.587	-20.809	79.12	24
CA	37.958	-20.784	79.637	24
C	38.51	-19.364	79.503	24
N	38.092	-18.693	78.435	25
CA	38.415	-17.297	78.203	25
C	37.707	-16.379	79.216	25
N	36.531	-16.786	79.687	26
CA	35.727	-15.977	80.608	26
C	36.281	-16.076	82.022	26
N	36.873	-17.228	82.319	27
CA	37.519	-17.478	83.599	27
C	38.803	-16.665	83.747	27
N	39.408	-16.298	82.618	28
CA	40.602	-15.454	82.617	28
C	40.281	-13.993	82.974	28
N	39.069	-13.529	82.663	29
CA	38.595	-12.222	83.136	29
C	38.453	-12.237	84.657	29
N	37.674	-13.176	85.177	30
CA	37.546	-13.35	86.623	30
C	38.804	-13.934	87.248	30
N	38.729	-14.31	88.521	31
CA	39.895	-14.743	89.335	31
C	41.247	-15.085	88.642	31
N	42.327	-14.808	89.369	32
CA	43.698	-15.003	88.892	32
C	44.235	-16.424	89.031	32
N	43.511	-17.277	89.75	33
CA	43.943	-18.656	89.925	33
C	44.004	-19.332	88.565	33
N	42.898	-19.264	87.81	34
CA	42.867	-19.87	86.479	34
C	43.852	-19.214	85.477	34
N	44.033	-17.898	85.552	35
CA	45.039	-17.203	84.724	35
C	46.451	-17.774	84.895	35
N	46.804	-18.065	86.142	36
CA	48.119	-18.581	86.513	36
C	48.368	-20.009	86.016	36
N	47.355	-20.868	86.111	37
CA	47.489	-22.267	85.702	37
C	47.595	-22.386	84.177	37
N	46.838	-21.566	83.454	38
CA	46.884	-21.581	81.995	38
C	48.11	-20.829	81.459	38
N	48.718	-19.992	82.292	39
CA	49.823	-19.155	81.855	39
C	49.449	-18.195	80.727	39
N	48.259	-17.595	80.812	40
CA	47.782	-16.67	79.775	40
C	46.641	-15.759	80.24	40
N	46.431	-14.675	79.493	41
CA	45.524	-13.594	79.904	41
C	44.906	-12.836	78.731	41
N	43.878	-12.053	79.036	42
CA	43.122	-11.314	78.031	42
C	43.649	-9.887	77.861	42
N	43.695	-9.451	76.604	43
CA	44.15	-8.123	76.199	43
C	43.194	-7.612	75.136	43
N	42.661	-6.41	75.309	44
CA	41.711	-5.868	74.337	44
C	42.194	-4.566	73.715	44
N	41.823	-4.369	72.446	45
CA	42.127	-3.163	71.704	45
C	43.162	-3.42	70.627	45
N	42.915	-2.906	69.43	46
CA	43.896	-3.047	68.365	46
C	45.282	-2.529	68.817	46
N	45.323	-1.394	69.518	47
CA	46.604	-0.787	69.892	47
C	47.394	-1.654	70.88	47
N	46.807	-2.033	72.023	48
CA	47.479	-2.98	72.93	48
C	47.953	-4.28	72.257	48
N	47.12	-4.944	71.442	49
CA	47.537	-6.192	70.784	49
C	48.761	-5.96	69.882	49
N	48.792	-4.834	69.183	50
CA	49.871	-4.587	68.218	50
C	51.194	-4.399	68.937	50
N	51.14	-3.752	70.104	51
CA	52.321	-3.593	70.95	51
C	52.824	-4.959	71.433	51
N	51.897	-5.865	71.743	52
CA	52.237	-7.221	72.168	52
C	52.923	-8.014	71.055	52
N	52.464	-7.812	69.825	53
CA	53.002	-8.521	68.678	53
C	54.386	-7.987	68.388	53
N	54.52	-6.676	68.491	54
CA	55.738	-5.975	68.132	54
C	56.875	-6.238	69.129	54
N	56.531	-6.513	70.381	55
CA	57.539	-6.732	71.416	55
C	57.727	-8.224	71.723	55
N	57.381	-9.074	70.754	56
CA	57.707	-10.489	70.814	56
C	56.854	-11.359	71.728	56
N	55.748	-10.828	72.246	57
CA	54.844	-11.611	73.091	57
C	54.009	-12.548	72.216	57
N	53.948	-13.837	72.541	58
CA	53.133	-14.779	71.761	58
C	51.63	-14.525	71.874	58
N	50.899	-14.789	70.797	59
CA	49.447	-14.648	70.762	59
C	48.858	-15.993	70.307	59
N	48.337	-16.791	71.242	60
CA	47.789	-18.106	70.878	60
C	46.448	-17.99	70.157	60
N	45.661	-16.972	70.496	61
CA	44.317	-16.825	69.943	61
C	43.932	-15.364	69.733	61
N	43.108	-15.112	68.72	62
CA	42.714	-13.762	68.355	62
C	41.226	-13.735	68.052	62
N	40.455	-13.105	68.933	63
CA	38.99	-13.063	68.833	63
C	38.52	-11.743	68.206	63
N	37.498	-11.788	67.35	64
CA	37.06	-10.59	66.624	64
C	35.586	-10.584	66.226	64
N	34.972	-9.414	66.34	65
CA	33.569	-9.178	66.013	65
C	33.225	-9.528	64.558	65
N	32.277	-9.428	63.674	66
CA	32.453	-10.431	62.644	66
C	31.504	-10.027	61.559	66
N	30.936	-8.877	61.958	67
CA	30.128	-8.809	63.151	67
C	29.707	-7.435	63.776	67
N	29.995	-6.222	63.23	68
CA	30.495	-6.414	61.874	68
C	31.379	-5.252	61.377	68
N	31.347	-4.121	62.082	69
CA	32.166	-2.924	61.757	69
C	33.579	-3.227	61.214	69
N	34.523	-3.488	62.12	70
CA	35.944	-3.727	61.809	70
C	36.676	-2.518	61.188	70
N	37.586	-1.956	61.989	71
CA	38.438	-0.819	61.618	71
C	39.457	-1.182	60.554	71
N	40.205	-0.185	60.081	72
CA	41.312	-0.437	59.159	72
C	42.451	-1.157	59.9	72
N	42.749	-0.679	61.106	73
CA	43.723	-1.29	62.012	73
C	43.386	-2.746	62.384	73
N	42.132	-3.02	62.744	74
CA	41.707	-4.386	63.085	74
C	41.851	-5.361	61.91	74
N	41.466	-4.9	60.719	75
CA	41.621	-5.658	59.47	75
C	43.093	-6.025	59.231	75
N	43.97	-5.019	59.276	76
CA	45.411	-5.211	59.09	76
C	45.98	-6.182	60.133	76
N	45.386	-6.189	61.327	77
CA	45.787	-7.113	62.384	77
C	45.538	-8.556	61.968	77
N	44.373	-8.811	61.396	78
CA	44.017	-10.168	61.018	78
C	44.978	-10.738	59.98	78
N	45.264	-9.979	58.925	79
CA	46.088	-10.505	57.827	79
C	47.604	-10.326	58.032	79
N	48.01	-10.129	59.281	80
CA	49.411	-9.954	59.638	80
C	49.812	-10.871	60.809	80
N	48.96	-10.973	61.824	81
CA	49.207	-11.861	62.949	81
C	48.742	-13.271	62.582	81
N	49.698	-14.151	62.288	82
CA	49.39	-15.5	61.81	82
C	49.263	-16.514	62.96	82
N	48.079	-16.518	63.568	83
CA	47.74	-17.387	64.69	83
C	46.259	-17.805	64.606	83
N	45.784	-18.594	65.564	84
CA	44.376	-18.981	65.574	84
C	43.481	-17.742	65.595	84
N	42.63	-17.598	64.58	85
CA	41.717	-16.462	64.457	85
C	40.255	-16.902	64.41	85
N	39.475	-16.461	65.395	86
CA	38.11	-16.935	65.615	86
C	37.109	-15.782	65.631	86
N	36.069	-15.866	64.806	87
CA	34.979	-14.883	64.82	87
C	33.991	-15.129	65.969	87
N	33.419	-14.045	66.491	88
CA	32.433	-14.1	67.578	88
C	31.291	-13.134	67.314	88
N	30.107	-13.477	67.816	89
CA	28.966	-12.564	67.793	89
C	29.248	-11.371	68.723	89
N	28.673	-10.201	68.418	90
CA	28.793	-9.021	69.289	90
C	28.405	-9.309	70.738	90
N	27.312	-10.047	70.928	91
CA	26.858	-10.469	72.252	91
C	28.013	-10.897	73.162	91
N	28.786	-11.876	72.697	92
CA	29.725	-12.62	73.545	92
C	31.047	-11.911	73.89	92
N	31.398	-10.862	73.146	93
CA	32.68	-10.177	73.347	93
C	32.871	-9.575	74.745	93
N	31.781	-9.302	75.46	94
CA	31.88	-8.949	76.88	94
C	32.048	-10.21	77.73	94
N	31.295	-9.785	78.817	95
CA	29.909	-9.17	78.881	95
C	28.62	-9.927	78.428	95
N	27.37	-9.367	78.38	96
CA	26.176	-10.017	77.741	96
C	24.863	-9.214	77.526	96
N	24.468	-7.969	77.89	97
CA	23.13	-7.701	77.331	97
C	22.134	-6.521	77.365	97
N	22.272	-5.341	77.982	98
CA	23.281	-4.534	78.64	98
C	24.474	-3.628	78.336	98
N	25.015	-3.203	77.19	99
CA	25.473	-1.806	77.372	99
C	26.62	-1.2	76.504	99
N	27.156	0.069	76.48	100
CA	27.144	1.193	75.508	100
C	27.8	1.277	74.152	100
N	28.529	0.269	73.716	101
CA	28.501	-0.9	74.527	101
C	29.839	-1.529	74.176	101
N	30.93	-1.157	73.436	102
CA	32.13	-0.288	73.194	102
C	33.415	-0.325	74.09	102
N	33.291	-1.194	75.131	103
CA	32.913	-2.439	74.442	103
C	33.787	-2.672	73.199	103
N	34.687	-3.657	73.257	104
CA	35.78	-3.784	72.281	104
C	35.411	-4.503	70.98	104
N	36.231	-4.304	69.944	105
CA	36.067	-4.999	68.66	105
C	37.11	-6.109	68.433	105
N	38.197	-6.127	69.209	106
CA	39.157	-7.236	69.161	106
C	39.713	-7.576	70.542	106
N	39.89	-8.881	70.783	107
CA	40.442	-9.419	72.029	107
C	41.454	-10.531	71.748	107
N	42.557	-10.548	72.495	108
CA	43.615	-11.536	72.308	108
C	43.92	-12.327	73.586	108
N	44.071	-13.64	73.44	109
CA	44.62	-14.49	74.49	109
C	46.141	-14.448	74.325	109
N	46.856	-13.963	75.343	110
CA	48.291	-13.68	75.226	110
C	49.111	-14.519	76.229	110
N	50.273	-14.994	75.781	111
CA	51.146	-15.831	76.597	111
C	51.84	-15.008	77.671	111
N	51.528	-15.344	78.916	112
CA	52.092	-14.736	80.117	112
C	53.543	-15.243	80.307	112
N	54.541	-14.352	80.346	113
CA	55.945	-14.776	80.489	113
C	56.269	-15.249	81.888	113
N	57.437	-15.86	82.07	114
CA	57.881	-16.251	83.406	114
C	58.336	-15.0	84.159	114
N	58.229	-15.052	85.483	115
CA	58.647	-13.97	86.358	115
C	60.155	-14.026	86.637	115
N	60.947	-13.695	85.623	116
CA	62.393	-13.676	85.716	116
C	62.864	-12.242	85.923	116
N	63.632	-11.993	86.983	117
CA	64.178	-10.649	87.238	117
C	65.209	-10.166	86.192	117
N	65.783	-11.085	85.424	118
CA	66.72	-10.718	84.366	118
C	66.041	-10.201	83.082	118
N	64.704	-10.189	83.051	119
CA	63.943	-9.528	81.977	119
C	64.094	-8.015	82.054	119
N	64.348	-7.522	83.262	120
CA	64.688	-6.13	83.482	120
C	66.175	-5.971	83.166	120
N	66.525	-5.166	82.168	121
CA	67.939	-4.927	81.849	121
C	68.522	-3.862	82.783	121
N	69.719	-4.101	83.295	122
CA	70.364	-3.187	84.227	122
C	71.659	-2.669	83.6	122
N	71.706	-1.352	83.426	123
CA	72.836	-0.666	82.837	123
C	73.198	0.497	83.754	123
N	74.179	1.294	83.361	124
CA	74.709	2.335	84.235	124
C	73.664	3.409	84.579	124
N	72.632	3.528	83.745	125
CA	71.579	4.517	83.931	125
C	70.301	3.922	84.541	125
N	70.462	2.875	85.339	126
CA	69.32	2.115	85.813	126
C	68.287	2.995	86.489	126
N	67.023	2.782	86.156	127
CA	65.917	3.431	86.825	127
C	64.786	2.423	86.835	127
N	64.467	1.929	88.026	128
CA	63.466	0.895	88.195	128
C	62.508	1.284	89.293	128
N	61.439	0.508	89.423	129
CA	60.396	0.777	90.401	129
C	60.013	-0.541	91.061	129
N	59.903	-0.521	92.383	130
CA	59.333	-1.639	93.111	130
C	58.059	-1.129	93.728	130
N	56.987	-1.905	93.638	131
CA	55.67	-1.576	94.194	131
C	55.374	-2.595	95.288	131
N	55.449	-2.154	96.539	132
CA	55.349	-3.019	97.711	132
C	53.91	-3.383	98.142	132
N	53.519	-4.616	97.846	133
CA	52.251	-5.196	98.299	133
C	50.968	-4.454	97.852	133
N	50.879	-4.029	96.599	134
CA	49.729	-3.233	96.144	134
C	48.415	-3.995	96.187	134
N	47.346	-3.358	96.667	135
CA	46.004	-3.925	96.598	135
C	45.185	-3.454	95.387	135
N	45.634	-2.406	94.685	136
CA	44.914	-1.863	93.522	136
C	45.55	-2.304	92.181	136
N	44.887	-3.162	91.411	137
CA	45.425	-3.51	90.09	137
C	45.514	-2.279	89.189	137
N	44.49	-1.437	89.19	138
CA	44.52	-0.171	88.498	138
C	45.811	0.587	88.737	138
N	46.269	0.642	89.983	139
CA	47.494	1.365	90.32	139
C	48.742	0.723	89.697	139
N	48.798	-0.603	89.652	140
CA	49.923	-1.259	88.996	140
C	50.032	-0.789	87.555	140
N	48.914	-0.858	86.842	141
CA	48.876	-0.48	85.45	141
C	49.39	0.929	85.263	141
N	48.907	1.82	86.118	142
CA	49.28	3.211	86.075	142
C	50.778	3.347	86.234	142
N	51.375	2.612	87.175	143
CA	52.816	2.722	87.37	143
C	53.557	2.314	86.116	143
N	53.104	1.25	85.458	144
CA	53.777	0.718	84.271	144
C	53.738	1.755	83.159	144
N	52.574	2.373	82.969	145
CA	52.418	3.416	81.96	145
C	53.396	4.542	82.201	145
N	53.474	4.996	83.448	146
CA	54.335	6.104	83.833	146
C	55.8	5.758	83.726	146
N	56.19	4.563	84.155	147
CA	57.605	4.163	84.093	147
C	58.067	3.98	82.634	147
N	57.178	3.453	81.799	148
CA	57.409	3.339	80.355	148
C	57.588	4.723	79.75	148
N	56.669	5.64	80.056	149
CA	56.657	6.954	79.423	149
C	57.828	7.861	79.829	149
N	58.33	7.692	81.046	150
CA	59.34	8.573	81.602	150
C	60.717	7.902	81.567	150
N	60.85	6.87	80.744	151
CA	62.126	6.187	80.541	151
C	62.71	5.26	81.606	151
N	61.928	4.816	82.591	152
CA	62.372	3.749	83.508	152
C	62.456	2.399	82.791	152
N	63.154	1.436	83.391	153
CA	63.538	0.186	82.711	153
C	62.751	-1.064	83.138	153
N	62.028	-0.977	84.252	154
CA	61.302	-2.125	84.754	154
C	60.578	-1.857	86.055	154
N	59.581	-2.689	86.333	155
CA	58.812	-2.633	87.565	155
C	58.88	-3.983	88.25	155
N	58.928	-3.951	89.578	156
CA	58.821	-5.144	90.408	156
C	57.55	-5.027	91.259	156
N	56.664	-6.012	91.174	157
CA	55.542	-6.124	92.1	157
C	55.927	-7.1	93.217	157
N	56.194	-6.602	94.425	158
CA	56.711	-7.445	95.523	158
C	55.637	-7.936	96.489	158
N	55.778	-9.173	96.951	159
CA	54.922	-9.715	97.999	159
C	53.504	-10.086	97.593	159
N	52.67	-10.342	98.602	160
CA	51.243	-10.58	98.408	160
C	50.626	-9.34	97.771	160
N	50.303	-9.439	96.484	161
CA	49.856	-8.302	95.688	161
C	48.646	-8.635	94.819	161
N	47.985	-7.601	94.309	162
CA	47.036	-7.744	93.205	162
C	47.814	-8.085	91.922	162
N	47.093	-8.641	90.952	163
CA	47.713	-9.26	89.782	163
C	48.032	-8.23	88.698	163
N	49.289	-8.215	88.259	164
CA	49.705	-7.469	87.076	164
C	48.802	-7.795	85.872	164
N	48.381	-9.051	85.769	165
CA	47.595	-9.529	84.636	165
C	46.069	-9.436	84.821	165
N	45.644	-8.858	85.941	166
CA	44.257	-8.441	86.151	166
C	43.873	-7.441	85.054	166
N	42.67	-7.545	84.49	167
CA	42.256	-6.643	83.405	167
C	42.319	-5.146	83.729	167
N	42.138	-4.755	84.991	168
CA	42.204	-3.335	85.354	168
C	43.634	-2.834	85.211	168
N	44.584	-3.706	85.521	169
CA	46.002	-3.419	85.339	169
C	46.365	-3.343	83.848	169
N	45.957	-4.341	83.066	170
CA	46.225	-4.375	81.625	170
C	45.67	-3.116	80.949	170
N	44.362	-2.904	81.074	171
CA	43.695	-1.684	80.587	171
C	44.423	-0.36	80.939	171
N	44.72	-0.122	82.213	172
CA	45.292	1.179	82.636	172
C	46.794	1.345	82.342	172
N	47.494	0.24	82.064	173
CA	48.845	0.286	81.484	173
C	48.841	0.839	80.046	173
N	47.713	0.684	79.353	174
CA	47.507	1.228	78.013	174
C	48.503	0.649	76.993	174
N	48.908	-0.612	77.175	175
CA	49.877	-1.258	76.292	175
C	51.353	-1.164	76.678	175
N	51.663	-0.356	77.683	176
CA	53.02	-0.25	78.22	176
C	53.493	-1.547	78.842	176
N	52.548	-2.388	79.238	177
CA	52.859	-3.65	79.872	177
C	53.849	-4.424	79.026	177
N	53.66	-4.338	77.713	178
CA	54.446	-5.085	76.743	178
C	55.828	-4.495	76.438	178
N	55.994	-3.189	76.629	179
CA	57.29	-2.552	76.415	179
C	58.096	-2.358	77.698	179
N	57.434	-2.409	78.851	180
CA	58.091	-2.184	80.141	180
C	57.882	-3.461	80.928	180
N	58.941	-4.246	81.143	181
CA	58.809	-5.526	81.859	181
C	58.382	-5.401	83.334	181
N	57.179	-5.876	83.653	182
CA	56.72	-5.982	85.031	182
C	56.922	-7.407	85.505	182
N	57.719	-7.574	86.562	183
CA	58.056	-8.887	87.15	183
C	57.473	-9.063	88.562	183
N	56.815	-10.195	88.818	184
CA	56.172	-10.479	90.113	184
C	57.091	-11.304	91.0	184
N	57.284	-10.878	92.254	185
CA	58.226	-11.533	93.175	185
C	57.714	-11.626	94.626	185
N	57.02	-12.711	94.973	186
CA	56.576	-12.971	96.358	186
C	57.528	-12.611	97.509	186
N	58.815	-12.938	97.425	187
CA	59.731	-12.677	98.548	187
C	60.623	-11.447	98.314	187
N	60.792	-10.607	99.338	188
CA	61.678	-9.442	99.232	188
C	63.155	-9.854	99.304	188
N	63.407	-11.067	99.796	189
CA	64.744	-11.621	99.852	189
C	65.278	-11.954	98.477	189
N	64.397	-12.411	97.582	190
CA	64.773	-12.702	96.192	190
C	65.123	-11.429	95.392	190
N	64.479	-10.305	95.709	191
CA	64.854	-9.025	95.106	191
C	66.259	-8.601	95.533	191
N	66.599	-8.801	96.808	192
CA	67.926	-8.439	97.319	192
C	69.055	-9.263	96.722	192
N	68.796	-10.533	96.404	193
CA	69.801	-11.398	95.775	193
C	70.141	-10.869	94.379	193
N	69.115	-10.464	93.63	194
CA	69.289	-9.893	92.291	194
C	70.03	-8.55	92.381	194
N	69.582	-7.665	93.273	195
CA	70.196	-6.351	93.456	195
C	71.664	-6.48	93.797	195
N	71.982	-7.323	94.776	196
CA	73.372	-7.543	95.2	196
C	74.215	-8.118	94.06	196
N	73.598	-8.93	93.204	197
CA	74.297	-9.504	92.054	197
C	74.534	-8.436	90.973	197
N	73.579	-7.529	90.784	198
CA	73.788	-6.398	89.881	198
C	74.915	-5.527	90.413	198
N	74.993	-5.375	91.732	199
CA	76.053	-4.587	92.347	199
C	77.42	-5.197	92.052	199
N	77.506	-6.531	92.035	200
CA	78.777	-7.255	91.839	200
C	79.371	-7.102	90.433	200
N	78.517	-7.004	89.415	201
CA	78.925	-6.454	88.118	201
C	78.794	-4.942	88.257	201
N	79.912	-4.221	88.308	202
CA	79.922	-2.815	88.71	202
C	78.737	-1.936	88.309	202
N	77.668	-1.965	89.103	203
CA	76.462	-1.165	88.877	203
C	75.871	-0.803	90.244	203
N	76.291	0.323	90.825	204
CA	75.983	0.628	92.23	204
C	74.553	1.123	92.492	204
N	73.606	0.193	92.412	205
CA	72.186	0.487	92.593	205
C	71.922	0.929	94.024	205
N	71.257	2.062	94.197	206
CA	70.85	2.476	95.53	206
C	69.351	2.248	95.602	206
N	68.882	1.722	96.732	207
CA	67.452	1.59	96.989	207
C	66.931	2.871	97.629	207
N	65.928	3.465	96.999	208
CA	65.372	4.729	97.446	208
C	63.908	4.552	97.789	208
N	63.605	4.434	99.079	209
CA	62.236	4.403	99.551	209
C	61.567	5.748	99.38	209
N	60.236	5.752	99.326	210
CA	59.467	6.994	99.271	210
C	58.452	7.035	100.395	210
N	58.225	8.232	100.934	211
CA	57.336	8.422	102.071	211
C	57.05	9.898	102.351	211
N	55.806	10.211	102.737	212
CA	55.366	11.588	103.097	212
C	56.274	12.355	104.049	212
N	56.915	11.65	104.977	213
CA	57.648	12.291	106.067	213
C	59.106	11.815	106.12	213
N	59.664	11.497	104.956	214
CA	61.04	11.06	104.844	214
C	62.104	12.087	105.223	214
N	63.359	11.625	105.142	215
CA	64.544	12.318	105.681	215
C	65.203	13.268	104.672	215
N	64.611	13.382	103.496	216
CA	65.275	14.012	102.369	216
C	64.245	14.392	101.299	216
N	64.17	15.678	100.976	217
CA	63.324	16.152	99.894	217
C	63.733	15.5	98.549	217
N	62.73	15.184	97.746	218
CA	62.947	14.411	96.546	218
C	63.892	15.118	95.557	218
N	63.894	16.448	95.555	219
CA	64.73	17.23	94.628	219
C	66.19	17.455	95.109	219
N	66.473	17.09	96.357	220
CA	67.826	17.1	96.889	220
C	68.556	15.758	96.719	220
N	67.949	14.773	96.081	221
CA	68.581	13.458	95.993	221
C	69.147	13.287	94.583	221
N	70.205	12.502	94.458	222
CA	70.891	12.369	93.192	222
C	70.318	11.2	92.368	222
N	69.265	11.478	91.605	223
CA	68.676	10.47	90.717	223
C	69.489	10.18	89.435	223
N	70.686	10.756	89.275	224
CA	71.564	10.385	88.15	224
C	72.308	9.071	88.405	224
N	72.261	8.583	89.632	225
CA	72.824	7.281	89.919	225
C	71.793	6.211	89.566	225
N	72.274	4.985	89.372	226
CA	71.385	3.831	89.196	226
C	70.463	3.664	90.416	226
N	69.163	3.61	90.182	227
CA	68.175	3.783	91.238	227
C	67.038	2.776	91.119	227
N	66.722	2.103	92.229	228
CA	65.494	1.33	92.391	228
C	64.61	2.09	93.365	228
N	63.506	2.631	92.858	229
CA	62.58	3.455	93.632	229
C	61.482	2.594	94.271	229
N	61.417	2.558	95.6	230
CA	60.433	1.728	96.296	230
C	59.156	2.527	96.602	230
N	58.022	2.058	96.084	231
CA	56.723	2.729	96.2	231
C	55.813	1.893	97.1	231
N	55.226	2.506	98.12	232
CA	54.416	1.771	99.072	232
C	52.959	1.523	98.694	232
N	52.316	0.718	99.535	233
CA	50.878	0.462	99.564	233
C	50.054	1.726	99.653	233
N	48.793	1.6	99.269	234
CA	47.801	2.658	99.389	234
C	47.39	2.934	100.863	234
N	47.262	1.89	101.695	235
CA	46.849	2.068	103.099	235
C	47.989	1.937	104.137	235
N	48.872	0.961	103.968	236
CA	50.129	0.928	104.711	236
C	51.105	1.718	103.88	236
N	52.236	2.095	104.438	237
CA	53.243	2.71	103.576	237
C	54.016	1.614	102.888	237
N	55.319	1.821	102.741	238
CA	56.257	0.728	102.532	238
C	56.276	-0.129	103.787	238
N	56.472	-1.436	103.631	239
CA	56.643	-2.315	104.782	239
C	57.871	-1.837	105.537	239
N	57.996	-2.248	106.798	240
CA	59.147	-1.876	107.623	240
C	60.39	-2.687	107.229	240
N	60.171	-3.854	106.629	241
CA	61.256	-4.625	106.039	241
C	61.907	-3.894	104.847	241
N	61.155	-3.054	104.126	242
CA	61.724	-2.284	103.005	242
C	62.363	-0.967	103.435	242
N	61.838	-0.35	104.489	243
CA	62.45	0.857	105.071	243
C	63.839	0.613	105.67	243
N	64.088	-0.591	106.187	244
CA	65.414	-0.939	106.727	244
C	66.467	-1.117	105.626	244
N	66.055	-1.696	104.499	245
CA	66.975	-2.005	103.409	245
C	67.206	-0.786	102.519	245
N	66.461	0.283	102.766	246
CA	66.638	1.502	101.995	246
C	67.888	2.232	102.411	246
N	68.636	2.665	101.408	247
CA	69.802	3.505	101.612	247
C	69.327	4.92	101.964	247
N	68.304	5.382	101.253	248
CA	67.727	6.704	101.478	248
C	66.215	6.658	101.346	248
N	65.539	7.577	102.023	249
CA	64.096	7.702	101.895	249
C	63.729	9.162	101.557	249
N	63.025	9.364	100.439	250
CA	62.689	10.702	99.938	250
C	61.202	11.045	99.999	250
N	60.905	12.337	100.02	251
CA	59.536	12.791	100.142	251
C	59.244	13.98	99.237	251
N	58.01	14.055	98.763	252
CA	57.503	15.215	98.065	252
C	56.879	16.145	99.081	252
N	57.336	17.39	99.178	253
CA	56.751	18.326	100.147	253
C	55.244	18.497	99.943	253
N	54.531	18.501	101.059	254
CA	53.077	18.476	101.083	254
C	52.597	19.755	101.762	254
N	51.369	20.171	101.475	255
CA	50.797	21.388	102.069	255
C	50.419	21.206	103.526	255
N	49.906	20.035	103.904	256
CA	49.42	19.869	105.269	256
C	49.411	18.475	105.877	256
N	49.001	18.435	107.148	257
CA	48.783	17.196	107.907	257
C	47.748	16.274	107.255	257
N	46.6	16.844	106.869	258
CA	45.48	16.074	106.298	258
C	45.744	15.503	104.891	258
N	46.732	16.046	104.184	259
CA	46.985	15.665	102.794	259
C	47.956	14.498	102.645	259
N	47.749	13.68	101.598	260
CA	48.776	12.759	101.03	260
C	48.482	12.385	99.552	260
N	49.399	11.665	98.909	261
CA	49.243	11.304	97.497	261
C	48.949	9.818	97.254	261
N	48.196	9.562	96.182	262
CA	47.965	8.218	95.653	262
C	49.297	7.647	95.139	262
N	49.477	6.331	95.245	263
CA	50.748	5.678	94.899	263
C	51.22	6.004	93.497	263
N	50.326	5.828	92.526	264
CA	50.653	6.044	91.124	264
C	50.998	7.488	90.782	264
N	50.303	8.436	91.406	265
CA	50.539	9.858	91.193	265
C	51.869	10.301	91.783	265
N	52.129	9.841	93.005	266
CA	53.347	10.176	93.709	266
C	54.549	9.653	92.936	266
N	54.4	8.438	92.411	267
CA	55.508	7.724	91.773	267
C	55.823	8.36	90.428	267
N	54.768	8.74	89.708	268
CA	54.879	9.515	88.481	268
C	55.707	10.789	88.681	268
N	55.417	11.531	89.753	269
CA	56.083	12.783	90.072	269
C	57.572	12.607	90.408	269
N	57.92	11.501	91.072	270
CA	59.308	11.219	91.468	270
C	60.104	10.753	90.249	270
N	59.538	9.814	89.505	271
CA	60.09	9.442	88.215	271
C	60.325	10.697	87.358	271
N	59.392	11.651	87.389	272
CA	59.564	12.859	86.597	272
C	60.762	13.669	87.108	272
N	60.897	13.796	88.422	273
CA	62.057	14.484	89.01	273
C	63.37	13.87	88.559	273
N	63.364	12.549	88.398	274
CA	64.572	11.821	88.014	274
C	64.933	12.215	86.607	274
N	63.941	12.222	85.721	275
CA	64.15	12.579	84.332	275
C	64.68	13.996	84.287	275
N	64.15	14.876	85.134	276
CA	64.534	16.275	85.07	276
C	65.985	16.453	85.43	276
N	66.45	15.734	86.434	277
CA	67.836	15.866	86.858	277
C	68.722	15.325	85.774	277
N	68.335	14.179	85.229	278
CA	69.143	13.485	84.233	278
C	69.302	14.332	82.979	278
N	68.237	15.019	82.607	279
CA	68.278	15.974	81.512	279
C	68.984	17.276	81.88	279
N	68.779	17.784	83.104	280
CA	69.355	19.073	83.555	280
C	70.863	19.07	83.687	280
N	71.424	17.978	84.206	281
CA	72.834	17.935	84.589	281
C	73.091	17.752	86.084	281
N	74.434	17.692	85.67	282
CA	75.396	18.863	85.802	282
C	76.941	18.744	85.565	282
N	78.006	19.639	85.433	283
CA	79.344	19.504	86.136	283
C	80.801	20.114	86.343	283
N	81.565	21.193	85.925	284
CA	83.002	21.689	86.002	284
C	84.058	21.939	87.125	284
N	85.213	22.744	87.074	285
CA	86.732	22.752	86.802	285
C	87.597	24.004	87.269	285
N	88.932	24.448	87.19	286
CA	90.139	24.192	88.051	286
C	91.108	25.24	88.65	286
N	91.872	24.8	89.688	287
CA	93.116	24.29	90.244	287
C	93.789	22.916	90.05	287
