ATOM	X	Y	Z	RESIDUE
N	92.925	0.383	12.693	1
CA	93.52	1.71	12.898	1
C	92.726	2.86	12.295	1
N	92.134	2.316	11.235	2
CA	90.703	2.016	11.182	2
C	89.771	3.232	11.103	2
N	88.417	3.145	11.203	3
CA	87.543	2.653	10.135	3
C	86.091	3.171	9.848	3
N	85.212	4.143	10.368	4
CA	83.83	4.005	9.76	4
C	82.391	4.651	9.41	4
N	81.4	5.669	9.38	5
CA	80.002	6.228	9.7	5
C	78.534	5.656	9.203	5
N	77.23	6.233	8.821	6
CA	75.798	5.576	8.594	6
C	74.205	5.592	8.038	6
N	73.121	6.335	7.34	7
CA	71.589	6.814	7.229	7
C	69.959	6.365	7.257	7
N	68.556	6.873	7.104	8
CA	67.063	6.489	6.613	8
C	65.694	7.431	6.36	8
N	64.222	7.423	6.025	9
CA	62.688	6.943	6.193	9
C	61.003	6.973	5.847	9
N	59.765	7.534	5.149	10
CA	58.123	7.795	5.026	10
C	56.514	7.162	4.92	10
N	55.1	7.531	4.391	11
CA	53.46	7.323	4.596	11
C	51.877	7.58	3.937	11
N	50.315	7.455	3.993	12
CA	48.805	8.114	3.679	12
C	47.07	7.871	3.502	12
N	45.515	8.059	3.326	13
CA	43.886	8.343	3.7	13
C	42.358	8.77	2.914	13
N	40.837	9.076	3.124	14
CA	39.185	9.127	2.797	14
C	37.871	9.655	1.775	14
N	36.338	9.953	1.716	15
CA	35.056	10.514	0.813	15
C	33.33	10.355	0.81	15
N	31.822	10.597	0.438	16
CA	30.377	10.483	-0.408	16
C	28.75	10.861	0.007	16
N	27.279	11.071	-0.482	17
CA	25.622	10.855	-0.346	17
C	24.163	11.229	-1.237	17
N	22.623	11.343	-1.038	18
CA	20.994	11.514	-1.399	18
C	19.671	12.559	-1.773	18
N	18.232	12.355	-2.285	19
CA	16.589	12.618	-2.46	19
C	15.264	13.62	-2.897	19
N	13.911	13.225	-3.451	20
CA	12.731	13.422	-4.223	20
C	12.968	14.442	-5.276	20
N	11.993	14.605	-6.13	21
CA	12.087	15.547	-7.185	21
C	10.815	16.3	-7.139	21
N	10.961	17.578	-6.965	22
CA	9.836	18.503	-6.889	22
C	9.578	19.144	-8.256	22
N	8.325	19.142	-8.702	23
CA	7.941	19.86	-9.922	23
C	7.436	21.268	-9.629	23
N	7.977	22.276	-10.297	24
CA	7.357	23.605	-10.262	24
C	8.043	24.669	-9.415	24
N	7.441	25.861	-9.411	25
CA	7.979	27.045	-8.735	25
C	7.546	27.06	-7.272	25
N	8.486	27.41	-6.413	26
CA	8.236	27.55	-4.993	26
C	7.355	28.777	-4.693	26
N	6.112	28.525	-4.286	27
CA	5.228	29.589	-3.794	27
C	4.854	29.318	-2.347	27
N	5.269	30.214	-1.419	28
CA	4.982	30.045	0.014	28
C	3.505	29.995	0.289	28
N	3.124	29.335	1.384	29
CA	1.727	29.241	1.762	29
C	1.405	30.159	2.942	29
N	0.16	30.641	2.997	30
CA	-0.358	31.429	4.137	30
C	-0.6	30.572	5.358	30
N	-0.784	29.271	5.153	31
CA	-1.148	28.375	6.246	31
C	-0.084	28.378	7.325	31
N	-0.523	28.31	8.577	32
CA	0.415	28.186	9.684	32
C	0.292	26.846	10.37	32
N	1.429	26.265	10.701	33
CA	1.418	24.977	11.327	33
C	2.16	25.09	12.618	33
N	1.563	24.546	13.68	34
CA	2.002	24.756	15.052	34
C	2.389	23.411	15.62	34
N	3.581	23.34	16.192	35
CA	3.965	22.163	16.923	35
C	3.691	22.513	18.351	35
N	2.705	21.829	18.89	36
CA	2.364	22.126	20.264	36
C	3.277	21.388	21.269	36
N	4.265	22.106	21.794	37
CA	5.308	21.476	22.631	37
C	5.071	21.458	24.125	37
N	3.809	21.529	24.539	38
CA	3.502	21.572	25.95	38
C	3.465	20.239	26.656	38
N	4.02	19.203	26.043	39
CA	3.846	17.86	26.612	39
C	5.052	17.256	27.245	39
N	6.099	18.049	27.508	40
CA	7.372	17.51	28.056	40
C	7.331	16.907	29.461	40
N	6.197	17.066	30.147	41
CA	5.778	16.238	31.305	41
C	5.746	14.724	31.027	41
N	5.512	14.411	29.775	42
CA	5.034	13.101	29.434	42
C	6.238	12.257	29.104	42
N	7.292	12.886	28.583	43
CA	8.412	12.131	28.089	43
C	9.708	11.944	28.879	43
N	10.377	10.83	28.717	44
CA	11.672	10.69	29.313	44
C	12.682	11.357	28.436	44
N	13.921	11.414	28.871	45
CA	15.003	12.073	28.103	45
C	15.116	11.503	26.684	45
N	15.12	10.181	26.552	46
CA	15.313	9.574	25.225	46
C	14.228	10.065	24.272	46
N	13.009	10.174	24.798	47
CA	11.825	10.575	24.034	47
C	11.878	12.044	23.672	47
N	12.398	12.867	24.588	48
CA	12.717	14.258	24.283	48
C	13.754	14.363	23.173	48
N	14.848	13.621	23.321	49
CA	15.902	13.598	22.308	49
C	15.337	13.234	20.932	49
N	14.441	12.259	20.926	50
CA	13.775	11.824	19.703	50
C	12.781	12.899	19.181	50
N	11.994	13.5	20.077	51
CA	11.097	14.594	19.662	51
C	11.894	15.745	19.05	51
N	13.019	16.025	19.67	52
CA	13.843	17.091	19.194	52
C	14.281	16.872	17.761	52
N	14.676	15.65	17.419	53
CA	15.046	15.348	16.021	53
C	13.872	15.486	15.022	53
N	12.651	15.173	15.476	54
CA	11.486	15.254	14.614	54
C	11.106	16.684	14.37	54
N	11.352	17.529	15.374	55
CA	11.161	18.97	15.212	55
C	12.08	19.515	14.106	55
N	13.382	19.21	14.198	56
CA	14.344	19.609	13.156	56
C	13.845	19.13	11.804	56
N	13.407	17.875	11.766	57
CA	12.96	17.281	10.532	57
C	11.768	18.019	9.909	57
N	10.837	18.496	10.732	58
CA	9.738	19.331	10.21	58
C	10.291	20.555	9.516	58
N	11.343	21.102	10.123	59
CA	11.846	22.332	9.604	59
C	12.532	22.032	8.318	59
N	13.301	20.948	8.265	60
CA	13.989	20.596	7.002	60
C	12.991	20.274	5.902	60
N	11.922	19.535	6.198	61
CA	10.952	19.302	5.113	61
C	10.321	20.629	4.683	61
N	10.235	21.598	5.597	62
CA	9.63	22.891	5.235	62
C	10.574	23.672	4.373	62
N	11.858	23.591	4.714	63
CA	12.895	24.316	4.003	63
C	12.817	24.077	2.508	63
N	12.54	22.833	2.089	64
CA	12.469	22.479	0.66	64
C	11.096	22.209	0.086	64
N	10.018	22.517	0.823	65
CA	8.683	22.264	0.289	65
C	8.476	23.144	-0.931	65
N	7.561	22.746	-1.818	66
CA	7.124	23.611	-2.907	66
C	6.325	24.829	-2.388	66
N	5.628	24.622	-1.261	67
CA	4.779	25.64	-0.617	67
C	5.104	25.712	0.882	67
N	6.208	26.402	1.254	68
CA	6.619	26.403	2.662	68
C	5.601	27.162	3.451	68
N	5.342	26.731	4.691	69
CA	4.348	27.354	5.592	69
C	5.107	28.229	6.543	69
N	4.42	28.959	7.426	70
CA	5.076	29.445	8.65	70
C	4.896	28.362	9.725	70
N	6.032	27.842	10.193	71
CA	6.049	26.796	11.206	71
C	6.213	27.455	12.582	71
N	5.349	27.067	13.541	72
CA	5.413	27.601	14.919	72
C	5.743	26.532	15.919	72
N	6.473	26.911	16.94	73
CA	6.716	25.986	18.007	73
C	6.253	26.699	19.275	73
N	5.047	26.344	19.736	74
CA	4.398	26.973	20.897	74
C	4.603	26.203	22.181	74
N	4.646	26.947	23.283	75
CA	5.07	26.39	24.571	75
C	6.464	25.807	24.456	75
N	7.282	26.41	23.605	76
CA	8.622	25.862	23.391	76
C	9.536	26.23	24.565	76
N	10.113	25.242	25.246	77
CA	10.967	25.549	26.383	77
C	11.58	24.329	27.005	77
N	12.087	24.503	28.225	78
CA	12.535	23.407	29.074	78
C	13.539	22.476	28.443	78
N	13.418	21.193	28.776	79
CA	14.281	20.121	28.292	79
C	14.322	20.012	26.776	79
N	13.254	20.476	26.121	80
CA	13.171	20.389	24.665	80
C	14.057	21.426	24.014	80
N	13.979	22.66	24.501	81
CA	14.837	23.752	24.046	81
C	16.318	23.48	24.347	81
N	16.549	22.882	25.512	82
CA	17.855	22.539	25.977	82
C	18.497	21.517	25.069	82
N	17.79	20.432	24.814	83
CA	18.294	19.422	23.913	83
C	18.595	20.012	22.544	83
N	17.715	20.896	22.059	84
CA	17.887	21.515	20.735	84
C	19.212	22.301	20.662	84
N	19.337	23.374	21.472	85
CA	20.583	24.165	21.55	85
C	21.801	23.283	21.766	85
N	21.676	22.257	22.606	86
CA	22.761	21.32	22.792	86
C	23.177	20.748	21.448	86
N	22.234	20.138	20.728	87
CA	22.564	19.44	19.47	87
C	22.945	20.368	18.293	87
N	22.191	21.445	18.099	88
CA	22.401	22.35	16.956	88
C	23.4	23.476	17.247	88
N	23.663	23.702	18.528	89
CA	24.622	24.711	18.965	89
C	24.308	26.088	18.374	89
N	23.027	26.422	18.239	90
CA	22.656	27.782	17.818	90
C	22.144	27.984	16.397	90
N	22.395	27.01	15.515	91
CA	21.896	27.064	14.121	91
C	20.381	27.306	14.06	91
N	19.633	26.784	15.043	92
CA	18.176	26.997	15.108	92
C	17.761	28.457	15.042	92
N	18.616	29.352	15.521	93
CA	18.231	30.758	15.519	93
C	18.27	31.341	14.098	93
N	18.85	30.581	13.169	94
CA	18.938	30.992	11.753	94
C	17.812	30.447	10.889	94
N	16.967	29.619	11.483	95
CA	15.861	29.049	10.752	95
C	14.819	30.102	10.437	95
N	14.431	30.138	9.176	96
CA	13.248	30.863	8.714	96
C	12.444	29.706	8.173	96
N	11.122	29.719	8.064	97
CA	10.15	30.68	8.508	97
C	9.649	29.892	9.716	97
N	10.275	30.173	10.836	98
CA	10.21	29.307	11.96	98
C	10.154	30.222	13.158	98
N	9.041	30.084	13.891	99
CA	8.64	30.924	15.007	99
C	8.463	30.084	16.289	99
N	9.534	29.96	17.101	100
CA	9.415	29.362	18.433	100
C	8.963	30.393	19.465	100
N	8.199	29.968	20.461	101
CA	7.675	30.91	21.437	101
C	7.255	30.187	22.708	101
N	7.468	30.843	23.856	102
CA	7.081	30.296	25.166	102
C	5.56	30.323	25.301	102
N	4.916	31.233	24.57	103
CA	3.466	31.379	24.571	103
C	2.715	30.161	24.007	103
N	1.512	29.934	24.539	104
CA	0.672	28.861	24.045	104
C	0.072	29.324	22.727	104
N	-0.265	28.377	21.864	105
CA	-0.896	28.689	20.607	105
C	-2.207	29.448	20.832	105
N	-2.836	29.176	21.965	106
CA	-4.038	29.903	22.36	106
C	-3.761	31.417	22.533	106
N	-2.542	31.772	22.973	107
CA	-2.139	33.176	23.122	107
C	-1.699	33.776	21.793	107
N	-0.721	33.139	21.127	108
CA	-0.19	33.67	19.883	108
C	-1.33	34.013	19.001	108
N	-2.305	33.115	18.929	109
CA	-3.414	33.279	17.992	109
C	-4.713	33.677	18.681	109
N	-4.595	34.458	19.765	110
CA	-5.751	35.033	20.506	110
C	-6.835	35.58	19.568	110
N	-6.427	36.417	18.604	111
CA	-7.363	37.006	17.611	111
C	-7.884	36.056	16.528	111
N	-7.317	34.85	16.428	112
CA	-7.757	33.918	15.405	112
C	-8.14	32.542	15.912	112
N	-8.615	32.463	17.154	113
CA	-9.0	31.177	17.782	113
C	-9.852	30.252	16.904	113
N	-10.85	30.806	16.221	114
CA	-11.751	29.993	15.387	114
C	-11.078	29.516	14.099	114
N	-9.812	29.866	13.916	115
CA	-9.064	29.426	12.74	115
C	-8.146	28.249	13.054	115
N	-8.089	27.866	14.331	116
CA	-7.273	26.768	14.826	116
C	-7.926	25.418	14.611	116
N	-7.145	24.444	14.116	117
CA	-7.59	23.054	13.937	117
C	-6.555	22.145	14.549	117
N	-6.966	21.384	15.561	118
CA	-6.063	20.474	16.231	118
C	-6.157	19.123	15.567	118
N	-5.043	18.643	15.024	119
CA	-5.08	17.35	14.391	119
C	-5.033	16.252	15.419	119
N	-5.926	15.286	15.271	120
CA	-5.955	14.169	16.205	120
C	-6.591	12.983	15.525	120
N	-5.89	11.851	15.549	121
CA	-6.419	10.593	14.998	121
C	-7.743	10.147	15.637	121
N	-8.116	10.776	16.768	122
CA	-9.306	10.401	17.536	122
C	-10.537	11.244	17.168	122
N	-10.362	12.244	16.317	123
CA	-11.483	13.044	15.897	123
C	-12.491	12.25	15.076	123
N	-13.755	12.67	15.126	124
CA	-14.755	12.139	14.201	124
C	-14.787	12.978	12.926	124
N	-14.168	14.152	12.975	125
CA	-13.923	14.946	11.777	125
C	-12.744	14.522	10.953	125
N	-12.821	14.786	9.661	126
CA	-11.733	14.482	8.777	126
C	-11.505	15.662	7.855	126
N	-10.249	16.097	7.804	127
CA	-9.783	17.007	6.769	127
C	-9.928	16.405	5.39	127
N	-10.451	17.169	4.461	128
CA	-10.387	16.71	3.07	128
C	-9.49	17.618	2.217	128
N	-9.201	18.816	2.744	129
CA	-8.324	19.826	2.143	129
C	-7.83	20.755	3.25	129
N	-6.712	21.422	3.032	130
CA	-6.27	22.436	3.956	130
C	-6.639	23.826	3.41	130
N	-7.153	24.709	4.26	131
CA	-7.492	26.066	3.841	131
C	-6.372	27.039	4.21	131
N	-6.104	27.996	3.319	132
CA	-4.993	28.943	3.447	132
C	-5.087	29.838	4.691	132
N	-6.315	30.097	5.144	133
CA	-6.562	30.946	6.328	133
C	-6.503	30.224	7.704	133
N	-6.258	28.905	7.718	134
CA	-6.355	28.128	8.957	134
C	-5.007	27.833	9.576	134
N	-5.063	27.29	10.791	135
CA	-3.907	27.051	11.621	135
C	-4.017	25.641	12.148	135
N	-3.069	24.818	11.735	136
CA	-3.085	23.403	12.008	136
C	-2.064	23.051	13.062	136
N	-2.546	22.361	14.108	137
CA	-1.709	22.016	15.298	137
C	-1.358	20.539	15.329	137
N	-0.07	20.25	15.565	138
CA	0.377	18.883	15.767	138
C	0.928	18.782	17.182	138
N	0.446	17.828	17.966	139
CA	0.918	17.681	19.324	139
C	2.357	17.227	19.353	139
N	3.239	18.015	19.962	140
CA	4.632	17.599	19.975	140
C	4.82	16.581	21.109	140
N	4.454	15.351	20.786	141
CA	4.389	14.239	21.743	141
C	4.891	12.953	21.036	141
N	5.709	12.166	21.732	142
CA	6.287	10.905	21.22	142
C	5.534	9.722	21.863	142
N	5.352	8.624	21.119	143
CA	4.597	7.456	21.591	143
C	3.243	7.949	22.076	143
N	2.57	8.729	21.259	144
CA	1.35	9.338	21.689	144
C	0.318	8.292	21.984	144
N	0.669	7.035	21.805	145
CA	-0.327	6.026	21.951	145
C	-0.612	5.607	23.348	145
N	0.229	6.016	24.264	146
CA	0.02	5.71	25.635	146
C	-0.984	6.628	26.244	146
N	-1.473	7.574	25.474	147
CA	-2.314	8.611	26.009	147
C	-3.623	8.659	25.276	147
N	-4.666	8.065	25.835	148
CA	-5.939	7.955	25.129	148
C	-6.649	9.296	24.964	148
N	-6.852	9.699	23.713	149
CA	-7.609	10.912	23.403	149
C	-6.927	12.158	23.901	149
N	-5.62	12.06	24.124	150
CA	-4.844	13.138	24.725	150
C	-5.021	14.5	24.089	150
N	-4.912	14.541	22.761	151
CA	-5.036	15.804	22.016	151
C	-6.516	16.14	21.737	151
N	-7.409	15.15	21.695	152
CA	-8.86	15.414	21.573	152
C	-9.338	16.139	22.812	152
N	-8.972	15.585	23.983	153
CA	-9.354	16.134	25.281	153
C	-8.935	17.576	25.406	153
N	-7.689	17.847	25.044	154
CA	-7.134	19.186	25.158	154
C	-7.85	20.217	24.268	154
N	-7.959	19.948	22.973	155
CA	-8.615	20.905	22.096	155
C	-10.094	20.99	22.446	155
N	-10.725	19.843	22.695	156
CA	-12.152	19.829	23.028	156
C	-12.448	20.742	24.202	156
N	-11.664	20.575	25.258	157
CA	-11.756	21.422	26.421	157
C	-11.54	22.911	26.112	157
N	-10.801	23.215	25.048	158
CA	-10.545	24.617	24.695	158
C	-11.597	25.241	23.78	158
N	-12.527	24.419	23.314	159
CA	-13.529	24.899	22.394	159
C	-13.087	24.935	20.94	159
N	-11.921	24.364	20.623	160
CA	-11.438	24.388	19.242	160
C	-11.746	23.105	18.457	160
N	-11.77	23.227	17.137	161
CA	-12.087	22.1	16.258	161
C	-10.909	21.094	16.17	161
N	-11.228	19.814	16.053	162
CA	-10.235	18.787	15.915	162
C	-10.549	18.109	14.618	162
N	-9.546	17.54	13.963	163
CA	-9.803	16.728	12.759	163
C	-8.64	15.831	12.576	163
N	-8.868	14.732	11.871	164
CA	-7.825	13.817	11.499	164
C	-7.583	13.886	9.984	164
N	-6.481	13.287	9.558	165
CA	-6.104	13.277	8.166	165
C	-6.935	12.199	7.492	165
N	-7.278	12.39	6.206	166
CA	-8.156	11.43	5.537	166
C	-7.344	10.321	4.897	166
N	-6.737	9.479	5.73	167
CA	-5.749	8.527	5.253	167
C	-6.077	7.088	5.668	167
N	-7.261	6.851	6.224	168
CA	-7.619	5.512	6.704	168
C	-7.533	4.392	5.657	168
N	-7.884	4.673	4.401	169
CA	-7.721	3.679	3.307	169
C	-6.254	3.309	2.966	169
N	-5.265	4.007	3.545	170
CA	-3.846	3.798	3.173	170
C	-2.983	3.252	4.29	170
N	-3.494	3.309	5.514	171
CA	-2.732	2.89	6.687	171
C	-3.515	1.911	7.584	171
N	-2.839	0.835	8.007	172
CA	-3.373	-0.084	9.013	172
C	-3.503	0.696	10.305	172
N	-4.685	0.606	10.909	173
CA	-5.038	1.229	12.203	173
C	-3.95	1.131	13.311	173
N	-3.244	0.006	13.377	174
CA	-2.142	-0.139	14.333	174
C	-0.877	0.63	13.911	174
N	-0.704	0.862	12.615	175
CA	0.396	1.704	12.176	175
C	-0.007	3.163	12.281	175
N	-1.287	3.457	12.049	176
CA	-1.726	4.835	12.086	176
C	-1.307	5.434	13.419	176
N	-1.555	4.726	14.518	177
CA	-1.248	5.257	15.854	177
C	0.239	5.574	16.077	177
N	1.084	4.952	15.266	178
CA	2.579	5.065	15.328	178
C	3.234	6.175	14.476	178
N	2.413	7.013	13.811	179
CA	2.908	8.127	12.949	179
C	3.581	9.23	13.757	179
N	4.75	9.656	13.303	180
CA	5.523	10.612	14.082	180
C	5.074	12.055	13.8	180
N	5.668	12.989	14.543	181
CA	5.354	14.402	14.392	181
C	5.771	14.934	13.001	181
N	6.943	14.515	12.51	182
CA	7.396	14.976	11.176	182
C	6.639	14.284	10.042	182
N	6.301	13.033	10.264	183
CA	5.443	12.327	9.326	183
C	4.116	13.021	9.064	183
N	3.4	13.388	10.123	184
CA	2.15	14.163	9.99	184
C	2.406	15.531	9.309	184
N	3.5	16.214	9.697	185
CA	3.874	17.466	9.066	185
C	4.15	17.281	7.572	185
N	4.979	16.268	7.259	186
CA	5.406	15.945	5.878	186
C	4.214	15.62	5.015	186
N	3.28	14.844	5.546	187
CA	2.02	14.612	4.821	187
C	1.294	15.927	4.482	187
N	1.248	16.869	5.417	188
CA	0.514	18.109	5.172	188
C	1.198	18.977	4.115	188
N	2.5	19.133	4.305	189
CA	3.35	19.829	3.408	189
C	3.262	19.198	2.026	189
N	3.568	17.915	1.933	190
CA	3.387	17.241	0.652	190
C	1.944	17.345	0.067	190
N	0.919	17.573	0.913	191
CA	-0.44	17.668	0.334	191
C	-0.588	18.949	-0.452	191
N	0.088	19.975	0.016	192
CA	0.04	21.276	-0.628	192
C	0.671	21.233	-2.001	192
N	1.602	20.318	-2.174	193
CA	2.283	20.196	-3.429	193
C	1.443	19.431	-4.464	193
N	0.917	18.262	-4.07	194
CA	0.203	17.369	-4.98	194
C	-1.326	17.529	-4.95	194
N	-1.863	18.127	-3.882	195
CA	-3.317	18.199	-3.648	195
C	-4.025	16.852	-3.855	195
N	-3.328	15.788	-3.472	196
CA	-3.785	14.431	-3.582	196
C	-3.353	13.674	-2.335	196
N	-4.275	13.363	-1.422	197
CA	-3.872	12.808	-0.113	197
C	-3.084	11.489	-0.181	197
N	-3.351	10.699	-1.206	198
CA	-2.678	9.439	-1.408	198
C	-1.264	9.585	-1.966	198
N	-1.048	10.512	-2.908	199
CA	0.307	10.74	-3.448	199
C	1.132	11.213	-2.28	199
N	0.547	12.142	-1.507	200
CA	1.186	12.707	-0.31	200
C	1.53	11.635	0.704	200
N	0.576	10.766	0.996	201
CA	0.825	9.802	2.039	201
C	1.934	8.84	1.612	201
N	1.829	8.338	0.388	202
CA	2.756	7.352	-0.126	202
C	4.176	7.903	-0.199	202
N	4.285	9.189	-0.502	203
CA	5.58	9.805	-0.502	203
C	6.262	9.725	0.864	203
N	5.484	9.719	1.937	204
CA	6.056	9.827	3.272	204
C	6.279	8.468	3.893	204
N	5.378	7.527	3.63	205
CA	5.46	6.248	4.32	205
C	6.162	5.047	3.668	205
N	5.985	4.824	2.35	206
CA	6.609	3.575	1.861	206
C	7.526	3.992	0.706	206
N	8.368	2.718	0.172	207
CA	9.242	1.741	-0.904	207
C	10.382	0.445	-0.909	207
N	11.314	-0.544	-1.637	208
CA	11.764	-1.722	-2.724	208
C	13.031	-2.819	-3.022	208
N	13.614	-3.813	-4.057	209
CA	14.088	-5.298	-4.662	209
C	15.308	-5.992	-5.647	209
N	15.692	-7.407	-6.059	210
CA	16.281	-8.562	-7.056	210
C	17.67	-9.218	-7.753	210
N	18.331	-10.318	-8.549	211
CA	18.883	-11.772	-9.035	211
C	20.026	-12.429	-10.051	211
N	20.501	-13.752	-10.494	212
CA	21.727	-14.692	-10.871	212
C	21.463	-15.892	-11.919	212
N	21.811	-17.053	-12.707	213
CA	22.523	-18.375	-13.046	213
C	23.058	-19.487	-14.071	213
N	23.126	-20.879	-14.034	214
CA	23.846	-22.159	-13.771	214
C	24.965	-23.062	-14.393	214
N	25.826	-23.208	-15.438	215
CA	26.331	-24.6	-15.403	215
C	27.63	-25.182	-16.042	215
N	27.943	-26.478	-15.8	216
CA	27.987	-27.756	-16.541	216
C	28.788	-27.926	-17.807	216
N	29.081	-29.229	-17.907	217
CA	29.327	-30.006	-19.119	217
C	28.2	-29.934	-20.169	217
