ATOM	X	Y	Z	RESIDUE
N	32.066	1.368	7.974	1
CA	31.055	1.904	8.947	1
C	30.237	0.824	9.582	1
N	29.359	1.232	10.474	2
CA	28.658	0.256	11.31	2
C	27.625	-0.509	10.531	2
N	27.383	-1.726	10.98	3
CA	26.35	-2.593	10.388	3
C	26.002	-3.751	11.303	3
N	25.712	-4.899	10.707	4
CA	25.319	-6.067	11.489	4
C	26.193	-7.292	11.27	4
N	27.239	-7.114	10.485	5
CA	28.189	-8.224	10.17	5
C	29.159	-8.567	11.304	5
N	30.022	-9.549	11.058	6
CA	31.028	-10.031	12.058	6
C	32.018	-8.929	12.393	6
N	32.262	-8.083	11.398	7
CA	33.332	-7.1	11.522	7
C	32.871	-5.723	11.877	7
N	31.56	-5.468	11.817	8
CA	31.037	-4.129	12.076	8
C	29.717	-4.125	12.868	8
N	29.389	-5.264	13.467	9
CA	28.124	-5.459	14.162	9
C	28.095	-4.87	15.572	9
N	27.01	-5.159	16.325	10
CA	26.76	-4.566	17.627	10
C	27.928	-4.566	18.605	10
N	28.76	-5.598	18.595	11
CA	29.852	-5.668	19.563	11
C	31.007	-4.721	19.21	11
N	30.962	-4.139	18.011	12
CA	31.94	-3.13	17.563	12
C	31.52	-1.694	17.731	12
N	30.218	-1.476	17.888	13
CA	29.678	-0.122	17.836	13
C	30.262	0.832	18.841	13
N	30.614	0.322	20.02	14
CA	31.131	1.161	21.094	14
C	32.385	1.927	20.708	14
N	33.159	1.422	19.747	15
CA	34.398	2.107	19.326	15
C	34.137	3.454	18.664	15
N	33.075	3.534	17.882	16
CA	32.651	4.833	17.314	16
C	31.583	5.568	18.102	16
N	30.86	4.814	18.92	17
CA	29.731	5.35	19.674	17
C	29.836	4.88	21.108	17
N	30.696	5.541	21.933	18
CA	30.942	4.997	23.27	18
C	29.709	4.877	24.182	18
N	28.653	5.623	23.868	19
CA	27.39	5.555	24.611	19
C	26.796	4.137	24.516	19
N	27.313	3.323	23.592	20
CA	26.897	1.919	23.477	20
C	26.979	1.192	24.803	20
N	27.919	1.615	25.663	21
CA	28.088	1.02	26.993	21
C	27.45	1.875	28.094	21
N	26.456	2.669	27.713	22
CA	25.85	3.625	28.628	22
C	24.874	3.03	29.631	22
N	24.234	3.933	30.346	23
CA	23.372	3.573	31.46	23
C	21.917	3.336	31.086	23
N	21.514	3.698	29.876	24
CA	20.104	3.49	29.464	24
C	20.013	3.015	28.006	24
N	20.719	1.927	27.732	25
CA	20.745	1.376	26.365	25
C	19.603	0.422	26.107	25
N	19.218	0.38	24.843	26
CA	18.197	-0.517	24.339	26
C	18.724	-1.402	23.216	26
N	18.065	-2.544	22.958	27
CA	16.901	-3.089	23.66	27
C	17.337	-3.757	24.971	27
N	16.338	-4.288	25.662	28
CA	16.504	-5.018	26.911	28
C	15.611	-6.247	26.887	28
N	15.937	-7.23	27.709	29
CA	15.029	-8.314	28.046	29
C	13.963	-7.809	28.996	29
N	12.712	-8.12	28.707	30
CA	11.61	-7.759	29.569	30
C	11.294	-9.005	30.403	30
N	11.671	-8.927	31.665	31
CA	11.385	-9.992	32.617	31
C	9.973	-9.713	33.119	31
N	9.04	-10.512	32.659	32
CA	7.618	-10.25	32.905	32
C	7.222	-10.373	34.352	32
N	7.974	-11.167	35.107	33
CA	7.685	-11.358	36.519	33
C	8.166	-10.205	37.375	33
N	9.242	-9.555	36.94	34
CA	9.846	-8.39	37.616	34
C	9.241	-7.022	37.224	34
N	8.619	-6.942	36.058	35
CA	8.001	-5.7	35.594	35
C	6.864	-5.417	36.557	35
N	6.789	-4.2	37.06	36
CA	5.719	-3.876	38.011	36
C	4.547	-3.227	37.312	36
N	3.369	-3.725	37.63	37
CA	2.143	-3.069	37.23	37
C	2.109	-1.681	37.865	37
N	1.871	-0.68	37.045	38
CA	1.808	0.71	37.49	38
C	0.407	1.264	37.238	38
N	-0.437	1.319	38.284	39
CA	-1.826	1.731	38.047	39
C	-1.955	3.196	37.627	39
N	-0.89	3.958	37.811	40
CA	-0.861	5.379	37.402	40
C	-0.62	5.569	35.897	40
N	-0.216	4.502	35.22	41
CA	-0.013	4.551	33.758	41
C	-1.357	4.654	33.052	41
N	-1.42	5.535	32.07	42
CA	-2.645	5.75	31.29	42
C	-2.699	4.823	30.091	42
N	-3.907	4.628	29.531	43
CA	-4.003	3.931	28.278	43
C	-3.223	4.725	27.271	43
N	-2.627	4.016	26.341	44
CA	-1.948	4.642	25.245	44
C	-3.004	5.232	24.305	44
N	-2.717	6.409	23.784	45
CA	-3.51	7.048	22.736	45
C	-2.727	7.047	21.435	45
N	-3.175	6.223	20.511	46
CA	-2.581	6.102	19.192	46
C	-3.584	6.726	18.209	46
N	-3.277	7.892	17.67	47
CA	-4.209	8.642	16.797	47
C	-3.574	8.729	15.42	47
N	-3.819	7.697	14.635	48
CA	-3.253	7.549	13.297	48
C	-4.262	7.773	12.161	48
N	-5.493	8.216	12.466	49
CA	-6.495	8.457	11.391	49
C	-6.04	9.364	10.235	49
N	-5.228	10.37	10.535	50
CA	-4.818	11.342	9.491	50
C	-3.377	11.14	9.033	50
N	-2.824	9.98	9.324	51
CA	-1.439	9.68	8.93	51
C	-1.243	9.859	7.418	51
N	-0.127	10.476	7.054	52
CA	0.274	10.703	5.645	52
C	1.613	10.084	5.364	52
N	1.595	8.854	4.871	53
CA	2.833	8.211	4.479	53
C	3.29	8.835	3.166	53
N	4.597	8.891	2.971	54
CA	5.14	9.509	1.754	54
C	5.983	8.582	0.914	54
N	6.852	7.818	1.559	55
CA	7.941	7.174	0.849	55
C	8.45	6.003	1.657	55
N	9.065	5.046	0.987	56
CA	9.741	3.923	1.616	56
C	11.179	3.914	1.108	56
N	12.123	3.729	2.027	57
CA	13.542	3.849	1.754	57
C	14.291	2.646	2.288	57
N	15.152	2.049	1.49	58
CA	16.148	1.096	1.978	58
C	17.379	1.899	2.356	58
N	17.677	1.995	3.641	59
CA	18.805	2.822	4.119	59
C	20.087	2.034	4.359	59
N	20.093	0.774	3.915	60
CA	21.24	-0.113	4.107	60
C	21.271	-0.859	5.422	60
N	20.374	-0.531	6.33	61
CA	20.22	-1.256	7.631	61
C	18.851	-1.88	7.799	61
N	17.844	-1.224	7.265	62
CA	16.447	-1.628	7.302	62
C	15.735	-0.893	6.157	62
N	14.413	-0.969	6.125	63
CA	13.621	-0.048	5.314	63
C	12.755	0.828	6.2	63
N	12.685	2.112	5.882	64
CA	11.884	3.054	6.629	64
C	10.686	3.468	5.786	64
N	9.488	3.37	6.341	65
CA	8.3	4.006	5.786	65
C	8.177	5.364	6.47	65
N	8.281	6.414	5.672	66
CA	8.385	7.782	6.163	66
C	7.032	8.465	6.061	66
N	6.791	9.347	7.022	67
CA	5.542	10.096	7.133	67
C	5.797	11.594	7.09	67
N	4.795	12.32	6.612	68
CA	4.777	13.775	6.731	68
C	4.551	14.129	8.196	68
N	5.575	14.672	8.84	69
CA	5.492	15.071	10.259	69
C	5.539	16.593	10.416	69
N	5.111	17.295	9.371	70
CA	5.087	18.795	9.383	70
C	3.819	19.395	10.029	70
N	2.906	18.525	10.426	71
CA	1.723	18.88	11.224	71
C	1.37	17.766	12.182	71
N	0.552	18.081	13.191	72
CA	-0.019	17.065	14.108	72
C	-1.075	16.286	13.358	72
N	-0.605	15.246	12.733	73
CA	-1.404	14.238	12.072	73
C	-1.314	12.96	12.919	73
N	-0.411	12.107	12.656	74
CA	-0.324	10.83	13.322	74
C	0.437	11.005	14.638	74
N	-0.247	10.953	15.778	75
CA	0.403	11.216	17.05	75
C	0.162	10.141	18.097	75
N	1.15	10.039	18.961	76
CA	1.135	9.165	20.112	76
C	1.123	10.057	21.339	76
N	0.226	9.766	22.265	77
CA	0.186	10.436	23.57	77
C	-0.37	9.516	24.624	77
N	-0.467	10.017	25.839	78
CA	-0.882	9.195	26.952	78
C	0.146	8.165	27.294	78
N	-0.331	7.085	27.877	79
CA	0.573	6.073	28.381	79
C	1.494	6.725	29.408	79
N	2.831	6.514	29.284	80
CA	3.785	7.123	30.191	80
C	4.194	8.546	29.773	80
N	3.696	8.969	28.619	81
CA	4.179	10.179	27.947	81
C	3.52	11.429	28.473	81
N	4.313	12.472	28.484	82
CA	3.841	13.822	28.73	82
C	3.92	14.543	27.38	82
N	2.837	15.148	26.971	83
CA	2.782	15.821	25.701	83
C	2.53	14.913	24.495	83
N	2.888	15.441	23.342	84
CA	2.453	14.927	22.05	84
C	3.658	14.542	21.246	84
N	3.611	13.334	20.705	85
CA	4.712	12.821	19.919	85
C	4.224	12.486	18.516	85
N	4.92	13.017	17.528	86
CA	4.542	12.876	16.08	86
C	5.279	11.713	15.397	86
N	4.499	10.902	14.676	87
CA	5.049	9.788	13.899	87
C	5.899	10.334	12.76	87
N	7.149	9.874	12.673	88
CA	8.038	10.262	11.587	88
C	8.36	9.1	10.654	88
N	8.544	7.891	11.2	89
CA	8.835	6.735	10.368	89
C	8.561	5.462	11.136	89
N	8.341	4.38	10.408	90
CA	8.434	3.062	11.001	90
C	9.384	2.183	10.2	90
N	9.916	1.172	10.885	91
CA	10.787	0.189	10.286	91
C	10.714	-1.061	11.134	91
N	11.377	-2.101	10.669	92
CA	11.417	-3.388	11.342	92
C	12.866	-3.838	11.569	92
N	13.003	-4.795	12.484	93
CA	14.224	-5.589	12.664	93
C	13.782	-7.031	12.526	93
N	14.562	-7.874	11.864	94
CA	14.17	-9.269	11.654	94
C	15.371	-10.17	11.523	94
N	15.082	-11.471	11.533	95
CA	16.101	-12.49	11.577	95
C	16.317	-13.188	10.254	95
N	17.339	-14.032	10.257	96
CA	17.584	-14.974	9.151	96
C	16.708	-16.223	9.209	96
N	16.135	-16.469	10.384	97
CA	15.261	-17.594	10.709	97
C	14.154	-17.125	11.633	97
N	13.041	-17.853	11.726	98
CA	11.898	-17.364	12.551	98
C	12.204	-17.271	14.057	98
N	13.213	-18.018	14.51	99
CA	13.58	-18.057	15.918	99
C	14.381	-16.894	16.454	99
N	14.648	-15.906	15.615	100
CA	15.332	-14.702	16.061	100
C	14.913	-13.537	15.168	100
N	15.212	-12.322	15.615	101
CA	14.954	-11.104	14.836	101
C	14.511	-9.949	15.693	101
N	13.772	-10.221	16.781	102
CA	13.374	-9.127	17.646	102
C	14.574	-8.58	18.406	102
N	14.436	-7.33	18.797	103
CA	15.431	-6.627	19.598	103
C	15.115	-6.78	21.093	103
N	13.942	-6.326	21.512	104
CA	13.453	-6.718	22.826	104
C	13.17	-8.172	22.841	104
N	13.301	-8.747	24.019	105
CA	12.938	-10.133	24.268	105
C	11.977	-10.163	25.452	105
N	11.22	-11.244	25.622	106
CA	10.221	-11.336	26.711	106
C	10.536	-12.631	27.432	106
N	11.035	-12.522	28.654	107
CA	11.544	-13.695	29.372	107
C	12.5	-14.517	28.483	107
N	13.377	-13.78	27.799	108
CA	14.445	-14.3	26.897	108
C	13.916	-14.835	25.564	108
N	12.594	-14.853	25.383	109
CA	12.001	-15.22	24.085	109
C	12.306	-14.163	23.027	109
N	12.819	-14.633	21.9	110
CA	13.024	-13.834	20.69	110
C	11.866	-14.068	19.732	110
N	11.277	-12.989	19.235	111
CA	10.291	-13.072	18.187	111
C	10.967	-12.988	16.808	111
N	10.223	-13.31	15.76	112
CA	10.729	-13.341	14.386	112
C	11.139	-11.946	13.914	112
N	10.499	-10.929	14.449	113
CA	10.753	-9.556	14.009	113
C	10.149	-8.61	15.033	113
N	10.468	-7.342	14.881	114
CA	9.969	-6.285	15.744	114
C	9.791	-5.017	14.9	114
N	8.607	-4.452	14.989	115
CA	8.217	-3.2	14.353	115
C	8.453	-2.041	15.334	115
N	9.091	-0.982	14.844	116
CA	9.308	0.255	15.58	116
C	8.619	1.407	14.891	116
N	7.592	1.973	15.536	117
CA	6.95	3.191	15.102	117
C	7.564	4.336	15.879	117
N	8.285	5.192	15.164	118
CA	9.102	6.223	15.797	118
C	8.422	7.575	15.806	118
N	8.36	8.164	16.986	119
CA	7.691	9.455	17.205	119
C	8.584	10.416	17.941	119
N	8.468	11.708	17.638	120
CA	9.25	12.739	18.354	120
C	8.392	13.746	19.051	120
N	8.925	14.228	20.177	121
CA	8.219	15.12	21.058	121
C	8.125	16.51	20.44	121
N	6.892	16.935	20.196	122
CA	6.666	18.192	19.503	122
C	7.202	19.413	20.247	122
N	7.44	19.27	21.545	123
CA	7.973	20.402	22.306	123
C	9.391	20.782	21.872	123
N	10.073	19.89	21.151	124
CA	11.437	20.161	20.652	124
C	11.481	20.587	19.185	124
N	10.322	20.685	18.564	125
CA	10.219	21.319	17.251	125
C	10.618	20.529	16.014	125
N	11.691	19.736	16.097	126
CA	12.049	18.824	15.001	126
C	12.729	17.583	15.555	126
N	12.839	16.567	14.713	127
CA	13.403	15.283	15.078	127
C	14.85	15.416	15.504	127
N	15.629	16.169	14.736	128
CA	17.03	16.293	15.065	128
C	17.303	16.923	16.433	128
N	16.471	17.868	16.835	129
CA	16.572	18.467	18.173	129
C	16.07	17.477	19.238	129
N	15.0	16.777	18.909	130
CA	14.403	15.812	19.848	130
C	15.377	14.713	20.267	130
N	16.204	14.222	19.354	131
CA	17.106	13.105	19.683	131
C	18.208	13.522	20.659	131
N	18.342	14.835	20.886	132
CA	19.33	15.364	21.851	132
C	18.764	15.483	23.27	132
N	17.539	15.027	23.457	133
CA	16.843	15.199	24.742	133
C	16.446	13.857	25.353	133
N	16.434	13.756	26.701	134
CA	16.135	12.453	27.295	134
C	14.702	11.964	27.079	134
N	13.79	12.89	26.826	135
CA	12.394	12.571	26.537	135
C	12.051	13.016	25.116	135
N	12.994	12.889	24.197	136
CA	12.76	13.375	22.855	136
C	11.943	12.487	21.937	136
N	12.071	11.168	22.124	137
CA	11.416	10.185	21.284	137
C	10.545	9.24	22.076	137
N	9.509	8.754	21.418	138
CA	8.713	7.638	21.912	138
C	8.662	6.639	20.782	138
N	9.156	5.435	21.048	139
CA	9.154	4.38	20.046	139
C	8.154	3.332	20.535	139
N	7.167	3.027	19.704	140
CA	6.183	1.983	19.94	140
C	6.715	0.725	19.274	140
N	7.003	-0.29	20.075	141
CA	7.522	-1.546	19.568	141
C	6.491	-2.636	19.596	141
N	6.437	-3.386	18.497	142
CA	5.402	-4.403	18.324	142
C	6.106	-5.651	17.833	142
N	5.935	-6.755	18.518	143
CA	6.543	-8.023	18.119	143
C	5.775	-8.659	16.964	143
N	6.508	-9.355	16.092	144
CA	5.949	-10.158	15.001	144
C	6.28	-11.632	15.27	144
N	5.247	-12.473	15.206	145
CA	5.392	-13.916	15.162	145
C	4.896	-14.421	13.8	145
N	5.4	-15.569	13.416	146
CA	5.013	-16.179	12.139	146
C	3.807	-17.101	12.328	146
N	2.783	-16.829	11.566	147
CA	1.555	-17.632	11.61	147
C	0.666	-17.187	10.455	147
N	-0.516	-16.677	10.789	148
CA	-1.414	-16.112	9.782	148
C	-0.842	-14.802	9.225	148
N	-1.141	-14.531	7.954	149
CA	-0.747	-13.279	7.31	149
C	-1.382	-12.073	8.011	149
N	-0.65	-10.956	7.995	150
CA	-1.177	-9.659	8.404	150
C	-1.591	-8.892	7.163	150
N	-2.902	-8.802	6.892	151
CA	-3.298	-8.191	5.607	151
C	-2.808	-6.754	5.433	151
N	-2.756	-6.011	6.531	152
CA	-2.31	-4.611	6.544	152
C	-0.835	-4.423	6.28	152
N	-0.074	-5.508	6.352	153
CA	1.349	-5.491	6.002	153
C	1.629	-5.718	4.503	153
N	0.682	-6.284	3.758	154
CA	0.985	-6.767	2.402	154
C	1.463	-5.656	1.459	154
N	0.885	-4.464	1.584	155
CA	1.3	-3.309	0.734	155
C	2.8	-3.003	0.917	155
N	3.268	-3.121	2.151	156
CA	4.699	-2.934	2.429	156
C	5.506	-4.041	1.73	156
N	5.106	-5.287	1.981	157
CA	5.797	-6.456	1.432	157
C	5.943	-6.342	-0.095	157
N	4.876	-5.916	-0.749	158
CA	4.868	-5.934	-2.223	158
C	5.746	-4.858	-2.885	158
N	6.1	-3.81	-2.136	159
CA	6.925	-2.732	-2.661	159
C	8.425	-3.033	-2.474	159
N	8.746	-4.046	-1.666	160
CA	10.15	-4.303	-1.312	160
C	11.033	-4.642	-2.521	160
N	10.43	-5.3	-3.499	161
CA	11.125	-5.588	-4.757	161
C	11.694	-4.348	-5.447	161
N	11.047	-3.208	-5.23	162
CA	11.443	-1.948	-5.884	162
C	12.501	-1.19	-5.081	162
N	12.764	-1.641	-3.849	163
CA	13.808	-1.019	-3.015	163
C	14.812	-2.051	-2.501	163
N	15.237	-2.952	-3.379	164
CA	16.029	-4.108	-2.971	164
C	17.331	-3.715	-2.284	164
N	17.962	-2.672	-2.808	165
CA	19.306	-2.29	-2.425	165
C	19.374	-0.892	-1.747	165
N	20.448	-0.718	-0.997	166
CA	20.729	0.464	-0.185	166
C	20.636	1.698	-1.028	166
N	19.937	2.703	-0.525	167
CA	19.738	3.99	-1.221	167
C	18.585	4.065	-2.197	167
N	17.913	2.942	-2.442	168
CA	16.697	2.951	-3.241	168
C	15.503	3.376	-2.425	168
N	14.675	4.208	-3.024	169
CA	13.386	4.614	-2.476	169
C	12.262	4.486	-3.499	169
N	11.053	4.474	-2.968	170
CA	9.836	4.408	-3.774	170
C	8.698	5.219	-3.125	170
N	7.938	5.892	-3.949	171
CA	6.722	6.558	-3.491	171
C	5.905	5.529	-2.701	171
N	5.365	5.953	-1.568	172
CA	4.606	5.05	-0.687	172
C	3.546	5.835	0.07	172
N	2.594	6.326	-0.686	173
CA	1.522	7.136	-0.167	173
C	0.324	6.324	0.249	173
N	-0.467	6.91	1.128	174
CA	-1.763	6.389	1.523	174
C	-1.669	5.057	2.279	174
N	-0.531	4.797	2.919	175
CA	-0.411	3.607	3.747	175
C	-0.923	3.899	5.152	175
N	-1.816	3.057	5.652	176
CA	-2.435	3.22	6.947	176
C	-1.755	2.338	8.011	176
N	-0.942	2.952	8.89	177
CA	-0.238	2.123	9.883	177
C	-1.125	1.478	10.932	177
N	-2.384	1.885	10.997	178
CA	-3.34	1.218	11.924	178
C	-3.458	-0.256	11.62	178
N	-3.203	-0.639	10.367	179
CA	-3.273	-2.045	9.966	179
C	-2.128	-2.908	10.45	179
N	-1.17	-2.318	11.167	180
CA	-0.051	-3.059	11.737	180
C	-0.164	-3.273	13.25	180
N	-1.24	-2.803	13.847	181
CA	-1.415	-2.865	15.289	181
C	-2.144	-4.131	15.733	181
N	-1.802	-4.646	16.9	182
CA	-2.559	-5.751	17.45	182
C	-3.851	-5.226	18.071	182
N	-4.688	-6.138	18.555	183
CA	-5.971	-5.76	19.177	183
C	-5.764	-4.966	20.443	183
N	-4.882	-5.484	21.303	184
CA	-4.668	-4.898	22.616	184
C	-3.55	-3.861	22.603	184
N	-3.71	-2.797	23.381	185
CA	-2.636	-1.792	23.566	185
C	-1.99	-1.922	24.961	185
N	-2.143	-3.081	25.615	186
CA	-1.377	-3.345	26.849	186
C	0.12	-3.258	26.515	186
N	0.899	-2.653	27.408	187
CA	2.293	-2.405	27.126	187
C	3.19	-2.46	28.348	187
N	4.488	-2.613	28.067	188
CA	5.566	-2.352	29.011	188
C	6.242	-1.052	28.596	188
N	6.834	-0.352	29.543	189
CA	7.552	0.881	29.248	189
C	8.8	1.042	30.108	189
N	9.847	1.608	29.531	190
CA	11.08	1.888	30.246	190
C	11.852	2.958	29.473	190
N	12.79	3.646	30.13	191
CA	13.6	4.656	29.464	191
C	14.808	4.01	28.816	191
N	15.037	4.321	27.557	192
CA	16.13	3.702	26.819	192
C	16.702	4.573	25.733	192
N	17.141	3.906	24.673	193
CA	17.946	4.509	23.618	193
C	17.506	4.117	22.226	193
N	18.054	4.811	21.233	194
CA	18.05	4.276	19.888	194
C	18.779	2.942	19.912	194
N	18.348	1.988	19.09	195
CA	18.997	0.69	19.064	195
C	20.002	0.571	17.924	195
N	20.168	1.634	17.123	196
CA	21.248	1.72	16.134	196
C	22.068	2.948	16.467	196
N	23.334	2.957	16.028	197
CA	24.071	4.206	16.061	197
C	23.231	5.369	15.528	197
N	23.292	6.544	16.163	198
CA	24.185	6.956	17.262	198
C	23.854	6.497	18.699	198
N	22.854	5.644	18.875	199
CA	22.586	5.017	20.179	199
C	22.198	6.029	21.267	199
N	21.646	7.157	20.842	200
CA	21.335	8.243	21.765	200
C	20.276	7.835	22.771	200
N	20.466	8.295	23.996	201
CA	19.625	7.901	25.122	201
C	18.45	8.869	25.249	201
N	17.582	8.814	24.249	202
CA	16.529	9.817	24.037	202
C	15.142	9.198	23.925	202
N	14.998	7.892	24.224	203
CA	13.762	7.186	23.913	203
C	12.973	6.74	25.141	203
N	11.665	7.043	25.178	204
CA	10.716	6.347	26.032	204
C	10.192	5.175	25.211	204
N	10.546	3.972	25.617	205
CA	10.11	2.764	24.939	205
C	8.757	2.352	25.429	205
N	7.887	1.991	24.495	206
CA	6.563	1.466	24.795	206
C	6.433	0.193	23.958	206
N	6.5	-0.971	24.598	207
CA	6.508	-2.256	23.899	207
C	5.196	-2.96	24.168	207
N	4.443	-3.248	23.113	208
CA	3.138	-3.89	23.267	208
C	3.319	-5.356	23.658	208
N	2.476	-5.806	24.566	209
CA	2.483	-7.202	24.989	209
C	2.033	-8.164	23.906	209
N	1.034	-7.772	23.13	210
CA	0.443	-8.667	22.132	210
C	1.182	-8.569	20.802	210
N	1.757	-9.666	20.322	211
CA	2.373	-9.65	19.017	211
C	1.334	-9.649	17.906	211
N	1.76	-9.201	16.738	212
CA	0.992	-9.397	15.534	212
C	1.515	-10.649	14.857	212
N	0.633	-11.308	14.132	213
CA	1.011	-12.442	13.308	213
C	1.212	-12.016	11.878	213
N	2.312	-12.459	11.304	214
CA	2.584	-12.288	9.887	214
C	2.848	-13.645	9.256	214
N	2.728	-13.785	7.935	215
CA	2.939	-15.112	7.361	215
C	4.419	-15.371	7.077	215
N	4.729	-16.638	6.918	216
CA	6.078	-17.005	6.57	216
C	6.486	-16.335	5.251	216
N	5.55	-16.256	4.311	217
CA	5.831	-15.632	3.029	217
C	6.131	-14.131	3.172	217
N	5.42	-13.479	4.077	218
CA	5.657	-12.044	4.315	218
C	7.075	-11.811	4.852	218
N	7.461	-12.575	5.859	219
CA	8.794	-12.356	6.447	219
C	9.904	-12.811	5.48	219
N	9.638	-13.86	4.707	220
CA	10.596	-14.301	3.679	220
C	10.937	-13.168	2.709	220
N	9.942	-12.351	2.402	221
CA	10.146	-11.219	1.504	221
C	11.013	-10.123	2.152	221
N	10.897	-9.922	3.459	222
CA	11.832	-9.044	4.17	222
C	13.264	-9.515	3.952	222
N	13.441	-10.829	4.02	223
CA	14.776	-11.456	3.928	223
C	15.398	-11.485	2.526	223
N	14.669	-11.011	1.528	224
CA	15.196	-10.885	0.182	224
C	15.8	-9.523	-0.075	224
N	15.586	-8.587	0.85	225
CA	16.222	-7.277	0.77	225
C	17.748	-7.429	0.884	225
N	18.446	-6.394	0.501	226
CA	19.914	-6.359	0.528	226
C	20.456	-5.214	1.405	226
N	21.509	-5.488	2.181	227
CA	22.242	-4.423	2.898	227
C	23.061	-3.565	1.937	227
N	23.56	-4.226	0.907	228
CA	24.452	-3.61	-0.097	228
C	23.697	-2.719	-1.081	228
N	24.465	-1.834	-1.717	229
CA	24.004	-1.057	-2.856	229
C	23.98	-1.881	-4.147	229
N	23.243	-1.372	-5.129	230
CA	23.135	-1.965	-6.458	230
C	24.513	-2.194	-7.046	230
N	24.682	-3.363	-7.643	231
CA	25.945	-3.751	-8.27	231
C	27.087	-4.06	-7.325	231
N	26.746	-4.205	-6.04	232
CA	27.713	-4.62	-5.014	232
C	27.424	-6.08	-4.66	232
N	28.396	-6.764	-4.034	233
CA	28.219	-8.149	-3.635	233
C	26.965	-8.266	-2.782	233
N	26.12	-9.227	-3.125	234
CA	24.851	-9.39	-2.444	234
C	25.047	-9.894	-1.025	234
N	24.533	-9.111	-0.102	235
CA	24.489	-9.427	1.317	235
C	23.025	-9.307	1.727	235
N	22.383	-10.427	2.058	236
CA	20.98	-10.406	2.407	236
C	20.796	-9.597	3.675	236
N	19.755	-8.778	3.662	237
CA	19.371	-7.96	4.819	237
C	18.598	-8.866	5.772	237
N	19.362	-9.456	6.688	238
CA	18.832	-10.352	7.72	238
C	19.639	-10.12	8.992	238
N	19.015	-10.4	10.129	239
CA	19.705	-10.264	11.435	239
C	20.155	-8.836	11.7	239
N	19.266	-7.905	11.387	240
CA	19.51	-6.479	11.605	240
C	18.931	-6.051	12.948	240
N	19.237	-6.832	13.973	241
CA	18.817	-6.58	15.345	241
C	20.015	-6.469	16.26	241
N	19.896	-5.587	17.241	242
CA	20.844	-5.464	18.356	242
C	20.368	-6.379	19.475	242
N	21.26	-7.161	20.108	243
CA	20.843	-7.985	21.251	243
C	20.516	-7.155	22.487	243
N	19.851	-7.813	23.414	244
CA	19.502	-7.208	24.701	244
C	20.742	-6.684	25.433	244
N	20.592	-5.474	25.99	245
CA	21.628	-4.749	26.71	245
C	21.349	-4.764	28.208	245
N	22.372	-4.495	29.045	246
CA	22.116	-4.531	30.48	246
C	21.063	-3.515	30.959	246
N	20.158	-3.968	31.816	247
CA	19.094	-3.106	32.332	247
C	19.626	-2.027	33.26	247
N	20.701	-2.34	33.963	248
CA	21.339	-1.394	34.908	248
C	20.296	-0.83	35.877	248
N	20.3	0.474	36.11	249
CA	19.468	1.048	37.146	249
C	18.159	1.508	36.533	249
N	17.383	0.524	36.019	250
CA	16.082	0.811	35.411	250
C	14.994	-0.153	35.815	250
N	13.754	0.356	35.834	251
CA	12.569	-0.424	36.13	251
C	11.706	-0.454	34.87	251
N	11.242	-1.643	34.512	252
CA	10.247	-1.798	33.464	252
C	8.866	-1.825	34.119	252
N	7.974	-0.984	33.615	253
CA	6.622	-0.848	34.164	253
C	5.627	-1.446	33.201	253
N	4.613	-2.117	33.746	254
CA	3.532	-2.722	32.977	254
C	2.264	-1.879	33.115	254
N	1.535	-1.727	32.012	255
CA	0.255	-1.01	32.022	255
C	-0.902	-1.89	32.468	255
N	-0.624	-3.174	32.63	256
CA	-1.677	-4.184	32.824	256
C	-1.32	-5.106	33.985	256
N	-2.354	-5.716	34.554	257
CA	-2.222	-6.617	35.712	257
C	-1.828	-8.025	35.26	257
