ATOM	X	Y	Z	RESIDUE
N	45.021	69.157	63.317	1
CA	43.918	69.343	64.3	1
C	43.675	68.03	65.047	1
N	43.418	68.135	66.35	2
CA	43.176	66.984	67.204	2
C	41.757	67.052	67.705	2
N	41.005	65.974	67.515	3
CA	39.632	65.931	68.0	3
C	39.464	64.713	68.889	3
N	39.152	64.954	70.16	4
CA	38.755	63.879	71.053	4
C	37.265	63.627	70.9	4
N	36.881	62.362	71.012	5
CA	35.5	61.966	70.916	5
C	35.119	61.052	72.08	5
N	33.982	61.323	72.702	6
CA	33.411	60.434	73.733	6
C	32.145	59.817	73.134	6
N	32.163	58.508	72.952	7
CA	31.055	57.801	72.299	7
C	30.975	56.364	72.761	7
N	29.755	55.895	72.921	8
CA	29.467	54.483	73.11	8
C	29.72	53.63	71.86	8
N	29.88	54.258	70.698	9
CA	30.084	53.507	69.452	9
C	31.281	54.021	68.657	9
N	32.497	53.916	69.226	10
CA	33.669	54.491	68.538	10
C	33.902	53.973	67.117	10
N	33.529	52.733	66.848	11
CA	33.698	52.155	65.521	11
C	32.876	52.874	64.425	11
N	31.817	53.597	64.808	12
CA	31.077	54.424	63.829	12
C	32.0	55.438	63.133	12
N	33.026	55.903	63.852	13
CA	33.913	56.948	63.353	13
C	34.858	56.517	62.226	13
N	34.968	55.212	62.011	14
CA	35.638	54.653	60.83	14
C	35.085	55.275	59.544	14
N	33.813	55.683	59.584	15
CA	33.176	56.236	58.397	15
C	33.917	57.461	57.899	15
N	34.458	58.258	58.825	16
CA	35.237	59.423	58.421	16
C	36.755	59.204	58.492	16
N	37.229	58.307	59.354	17
CA	38.679	58.116	59.497	17
C	39.284	57.156	58.467	17
N	38.462	56.364	57.775	18
CA	38.987	55.364	56.827	18
C	38.625	55.632	55.353	18
N	37.86	56.691	55.075	19
CA	37.328	56.926	53.743	19
C	37.447	58.372	53.305	19
N	37.708	58.556	52.008	20
CA	37.63	59.857	51.386	20
C	38.673	60.844	51.855	20
N	38.355	62.122	51.688	21
CA	39.27	63.202	52.033	21
C	39.582	63.28	53.537	21
N	38.619	62.939	54.391	22
CA	38.869	62.921	55.833	22
C	39.741	61.729	56.158	22
N	39.478	60.603	55.503	23
CA	40.327	59.42	55.652	23
C	41.784	59.687	55.28	23
N	41.989	60.414	54.185	24
CA	43.338	60.824	53.769	24
C	43.957	61.754	54.835	24
N	43.184	62.722	55.313	25
CA	43.656	63.643	56.353	25
C	44.126	62.883	57.605	25
N	43.398	61.839	57.994	26
CA	43.787	61.021	59.154	26
C	45.046	60.213	58.88	26
N	45.101	59.576	57.714	27
CA	46.277	58.783	57.345	27
C	47.553	59.628	57.305	27
N	47.434	60.874	56.862	28
CA	48.589	61.768	56.715	28
C	48.856	62.598	57.964	28
N	48.127	62.308	59.034	29
CA	48.325	62.966	60.325	29
C	48.014	64.457	60.336	29
N	47.145	64.909	59.427	30
CA	46.662	66.288	59.402	30
C	45.518	66.436	60.395	30
N	44.811	65.327	60.603	31
CA	43.661	65.253	61.499	31
C	43.865	64.033	62.374	31
N	43.728	64.213	63.684	32
CA	43.777	63.102	64.617	32
C	42.451	62.998	65.346	32
N	41.849	61.818	65.288	33
CA	40.6	61.553	65.992	33
C	40.888	60.452	67.0	33
N	40.625	60.744	68.267	34
CA	40.893	59.819	69.342	34
C	39.615	59.625	70.143	34
N	39.206	58.364	70.339	35
CA	37.908	58.052	70.994	35
C	38.064	57.407	72.368	35
N	37.198	57.808	73.296	36
CA	37.026	57.149	74.576	36
C	35.578	56.713	74.67	36
N	35.385	55.5	75.165	37
CA	34.103	54.88	75.273	37
C	33.718	54.752	76.745	37
N	32.608	55.394	77.156	38
CA	32.168	55.306	78.555	38
C	32.048	53.882	79.063	38
N	31.784	52.922	78.174	39
CA	31.713	51.526	78.604	39
C	33.013	51.037	79.287	39
N	34.155	51.544	78.829	40
CA	35.44	51.171	79.402	40
C	35.671	51.739	80.8	40
N	34.815	52.653	81.234	41
CA	34.949	53.316	82.52	41
C	33.909	52.815	83.536	41
N	33.15	51.787	83.162	42
CA	32.223	51.149	84.085	42
C	32.958	50.181	85.019	42
N	32.304	49.861	86.128	43
CA	32.865	48.961	87.133	43
C	31.948	47.762	87.471	43
N	30.678	47.825	87.078	44
CA	29.768	46.731	87.36	44
C	29.964	45.633	86.342	44
N	29.492	44.449	86.72	45
CA	29.69	43.248	85.929	45
C	29.176	43.381	84.493	45
N	28.044	44.053	84.329	46
CA	27.391	44.137	83.033	46
C	27.717	45.412	82.257	46
N	28.711	46.158	82.745	47
CA	29.21	47.379	82.08	47
C	28.076	48.333	81.677	47
N	27.296	48.721	82.682	48
CA	26.084	49.51	82.478	48
C	26.396	50.955	82.175	48
N	25.848	51.468	81.067	49
CA	26.148	52.846	80.618	49
C	24.937	53.75	80.576	49
N	23.777	53.209	80.91	50
CA	22.556	54.003	81.007	50
C	22.017	54.066	82.434	50
N	21.079	54.978	82.677	51
CA	20.511	55.082	84.029	51
C	19.131	55.711	83.893	51
N	18.295	55.53	84.914	52
CA	16.907	55.974	84.865	52
C	16.804	57.44	85.203	52
N	15.949	58.173	84.472	53
CA	15.73	59.575	84.784	53
C	14.923	59.772	86.067	53
N	15.337	60.731	86.892	54
CA	14.509	61.192	87.996	54
C	13.225	61.804	87.437	54
N	12.11	61.499	88.083	55
CA	10.817	61.984	87.634	55
C	10.153	60.985	86.717	55
N	10.872	59.918	86.377	56
CA	10.319	58.829	85.585	56
C	10.16	59.171	84.122	56
N	9.104	58.611	83.53	57
CA	8.827	58.751	82.105	57
C	9.483	57.635	81.326	57
N	9.35	57.669	79.991	58
CA	10.022	56.677	79.181	58
C	11.485	57.061	79.049	58
N	12.292	56.136	78.574	59
CA	13.636	56.485	78.188	59
C	14.626	56.498	79.336	59
N	15.879	56.349	78.945	60
CA	16.994	56.254	79.845	60
C	17.88	57.438	79.521	60
N	18.772	57.777	80.433	61
CA	19.827	58.744	80.163	61
C	21.146	58.03	80.176	61
N	22.185	58.696	79.695	62
CA	23.522	58.159	79.886	62
C	23.855	58.202	81.381	62
N	24.469	57.143	81.869	63
CA	24.892	57.074	83.281	63
C	25.992	58.096	83.523	63
N	25.898	58.8	84.658	64
CA	26.81	59.913	84.937	64
C	28.247	59.48	85.147	64
N	28.49	58.532	86.053	65
CA	29.869	58.207	86.435	65
C	30.786	57.765	85.254	65
N	30.349	56.803	84.434	66
CA	31.234	56.38	83.331	66
C	31.451	57.495	82.323	66
N	30.42	58.275	82.046	67
CA	30.546	59.373	81.075	67
C	31.484	60.493	81.577	67
N	31.294	60.886	82.829	68
CA	32.125	61.896	83.478	68
C	33.594	61.461	83.478	68
N	33.842	60.205	83.829	69
CA	35.217	59.692	83.907	69
C	35.866	59.661	82.511	69
N	35.085	59.326	81.491	70
CA	35.575	59.348	80.111	70
C	35.913	60.786	79.692	70
N	35.063	61.752	80.041	71
CA	35.304	63.16	79.726	71
C	36.595	63.663	80.39	71
N	36.736	63.384	81.68	72
CA	37.937	63.74	82.436	72
C	39.211	63.189	81.802	72
N	39.149	61.946	81.336	73
CA	40.29	61.251	80.738	73
C	40.657	61.892	79.407	73
N	39.642	62.18	78.596	74
CA	39.823	62.964	77.373	74
C	40.443	64.341	77.628	74
N	39.926	65.057	78.616	75
CA	40.477	66.371	78.96	75
C	41.941	66.307	79.373	75
N	42.287	65.268	80.132	76
CA	43.661	65.068	80.583	76
C	44.576	64.786	79.398	76
N	44.104	63.997	78.439	77
CA	44.874	63.702	77.23	77
C	45.014	64.917	76.299	77
N	44.006	65.784	76.286	78
CA	44.01	66.958	75.412	78
C	44.956	68.039	75.927	78
N	45.136	68.078	77.246	79
CA	45.895	69.13	77.895	79
C	45.15	70.449	77.841	79
N	45.893	71.546	77.96	80
CA	45.286	72.879	77.967	80
C	44.742	73.28	76.599	80
N	43.672	74.075	76.623	81
CA	43.169	74.745	75.427	81
C	42.135	73.999	74.596	81
N	41.632	72.877	75.107	82
CA	40.634	72.077	74.382	82
C	39.232	72.518	74.775	82
N	38.416	72.828	73.779	83
CA	37.032	73.205	74.004	83
C	36.155	71.946	73.999	83
N	35.377	71.726	75.062	84
CA	34.505	70.552	75.161	84
C	33.108	70.912	74.635	84
N	32.668	70.162	73.638	85
CA	31.4	70.4	72.965	85
C	30.452	69.221	73.203	85
N	29.231	69.521	73.629	86
CA	28.156	68.537	73.655	86
C	27.289	68.793	72.432	86
N	27.091	67.765	71.613	87
CA	26.193	67.887	70.468	87
C	24.762	67.626	70.923	87
N	23.854	68.575	70.681	88
CA	22.455	68.367	71.047	88
C	21.505	69.269	70.285	88
N	20.24	68.852	70.183	89
CA	19.277	69.678	69.463	89
C	18.983	71.016	70.153	89
N	19.355	71.158	71.43	90
CA	19.254	72.447	72.132	90
C	20.462	73.342	71.941	90
N	21.416	72.906	71.119	91
CA	22.617	73.679	70.872	91
C	22.415	74.753	69.828	91
N	23.432	75.594	69.682	92
CA	23.524	76.539	68.568	92
C	23.452	75.771	67.248	92
N	22.566	76.182	66.349	93
CA	22.43	75.489	65.062	93
C	23.647	75.741	64.183	93
N	24.312	74.666	63.782	94
CA	25.506	74.768	62.951	94
C	25.198	75.421	61.6	94
N	26.051	76.361	61.205	95
CA	26.063	76.885	59.832	95
C	27.503	77.196	59.472	95
N	27.766	77.631	58.248	96
CA	29.161	77.774	57.816	96
C	29.962	78.797	58.631	96
N	29.323	79.875	59.079	97
CA	29.948	80.82	60.005	97
C	30.407	80.122	61.282	97
N	29.529	79.28	61.83	98
CA	29.83	78.439	62.984	98
C	31.005	77.5	62.755	98
N	31.052	76.873	61.575	99
CA	32.134	75.947	61.244	99
C	33.478	76.678	61.22	99
N	33.508	77.85	60.595	100
CA	34.766	78.599	60.463	100
C	35.297	79.006	61.85	100
N	34.373	79.365	62.725	101
CA	34.655	79.658	64.134	101
C	35.216	78.426	64.859	101
N	34.503	77.301	64.756	102
CA	34.947	76.031	65.341	102
C	36.314	75.575	64.809	102
N	36.571	75.853	63.525	103
CA	37.827	75.469	62.866	103
C	39.046	76.221	63.376	103
N	38.846	77.314	64.11	104
CA	39.978	78.039	64.715	104
C	40.633	77.256	65.866	104
N	39.903	76.298	66.443	105
CA	40.429	75.497	67.55	105
C	41.411	74.43	67.064	105
N	42.582	74.361	67.698	106
CA	43.541	73.288	67.423	106
C	43.116	71.975	68.08	106
N	42.335	72.087	69.159	107
CA	41.845	70.948	69.932	107
C	40.353	71.081	70.271	107
N	39.599	70.02	70.02	108
CA	38.198	69.92	70.408	108
C	37.926	68.562	71.068	108
N	36.953	68.524	71.978	109
CA	36.449	67.253	72.503	109
C	34.962	67.251	72.241	109
N	34.488	66.205	71.578	110
CA	33.087	66.14	71.207	110
C	32.414	65.038	72.013	110
N	31.377	65.401	72.743	111
CA	30.65	64.411	73.552	111
C	29.393	63.991	72.817	111
N	29.262	62.687	72.561	112
CA	28.161	62.087	71.793	112
C	27.138	61.425	72.695	112
N	25.945	61.993	72.719	113
CA	24.848	61.473	73.519	113
C	24.087	60.36	72.832	113
N	23.479	59.505	73.646	114
CA	22.606	58.433	73.198	114
C	21.435	58.478	74.184	114
N	20.411	57.68	73.905	115
CA	19.195	57.651	74.71	115
C	18.559	59.059	74.782	115
N	18.086	59.496	75.949	116
CA	17.495	60.84	76.06	116
C	18.535	61.942	76.284	116
N	19.809	61.57	76.371	117
CA	20.891	62.541	76.421	117
C	21.66	62.423	77.722	117
N	22.182	63.547	78.196	118
CA	23.048	63.514	79.371	118
C	22.446	64.36	80.482	118
N	22.867	64.072	81.708	119
CA	22.424	64.824	82.891	119
C	22.771	66.31	82.732	119
N	21.799	67.16	83.0	120
CA	21.928	68.602	82.808	120
C	23.111	69.185	83.583	120
N	23.409	68.616	84.75	121
CA	24.522	69.106	85.545	121
C	25.892	68.811	84.913	121
N	26.013	67.757	84.096	122
CA	27.239	67.532	83.313	122
C	27.441	68.632	82.258	122
N	26.345	69.129	81.683	123
CA	26.428	70.25	80.757	123
C	26.953	71.481	81.522	123
N	26.395	71.719	82.698	124
CA	26.818	72.846	83.516	124
C	28.295	72.722	83.925	124
N	28.738	71.527	84.301	125
CA	30.067	71.357	84.902	125
C	31.189	70.965	83.948	125
N	30.87	70.33	82.819	126
CA	31.908	69.813	81.926	126
C	31.926	70.429	80.541	126
N	30.789	70.95	80.09	127
CA	30.637	71.337	78.695	127
C	30.868	72.838	78.503	127
N	31.664	73.196	77.497	128
CA	31.878	74.605	77.139	128
C	30.791	75.167	76.214	128
N	30.446	74.405	75.172	129
CA	29.5	74.859	74.162	129
C	28.607	73.702	73.759	129
N	27.377	74.025	73.378	130
CA	26.43	73.05	72.831	130
C	26.092	73.437	71.401	130
N	26.119	72.454	70.506	131
CA	25.85	72.661	69.08	131
C	24.895	71.6	68.531	131
N	23.981	72.035	67.652	132
CA	23.056	71.19	66.913	132
C	23.47	71.173	65.448	132
N	23.172	70.094	64.74	133
CA	23.428	70.093	63.291	133
C	22.173	70.438	62.491	133
N	21.036	70.532	63.175	134
CA	19.792	70.899	62.501	134
C	18.58	70.585	63.327	134
N	17.439	71.078	62.855	135
CA	16.182	70.954	63.548	135
C	15.437	69.688	63.178	135
N	16.091	68.559	63.456	136
CA	15.526	67.242	63.3	136
C	16.08	66.328	64.381	136
N	15.395	65.214	64.613	137
CA	15.678	64.321	65.728	137
C	16.38	63.074	65.241	137
N	17.493	62.764	65.891	138
CA	18.308	61.629	65.55	138
C	18.431	60.706	66.753	138
N	19.03	59.548	66.531	139
CA	19.145	58.55	67.577	139
C	20.396	58.685	68.463	139
N	21.363	59.481	68.033	140
CA	22.607	59.649	68.778	140
C	23.398	60.804	68.236	140
N	24.396	61.225	69.002	141
CA	25.255	62.339	68.634	141
C	26.421	62.025	67.708	141
N	26.635	60.761	67.394	142
CA	27.758	60.349	66.576	142
C	27.716	60.867	65.134	142
N	26.571	60.744	64.466	143
CA	26.473	61.283	63.105	143
C	26.694	62.811	63.141	143
N	26.063	63.51	64.108	144
CA	26.354	64.941	64.228	144
C	27.841	65.261	64.45	144
N	28.514	64.473	65.296	145
CA	29.959	64.673	65.551	145
C	30.754	64.493	64.27	145
N	30.452	63.44	63.535	146
CA	31.158	63.196	62.27	146
C	30.914	64.311	61.245	146
N	29.694	64.821	61.223	147
CA	29.285	65.947	60.372	147
C	30.117	67.192	60.706	147
N	30.286	67.476	61.997	148
CA	31.106	68.588	62.445	148
C	32.584	68.403	62.087	148
N	33.112	67.21	62.338	149
CA	34.514	66.918	62.037	149
C	34.785	67.079	60.541	149
N	33.878	66.554	59.729	150
CA	33.995	66.654	58.273	150
C	34.017	68.121	57.87	150
N	33.072	68.899	58.394	151
CA	32.971	70.316	58.042	151
C	34.247	71.082	58.426	151
N	34.752	70.861	59.639	152
CA	35.925	71.623	60.107	152
C	37.21	71.141	59.45	152
N	37.261	69.87	59.068	153
CA	38.446	69.276	58.462	153
C	38.816	69.971	57.155	153
N	37.812	70.517	56.474	154
CA	38.014	71.215	55.203	154
C	38.905	72.452	55.367	154
N	39.032	72.95	56.6	155
CA	39.84	74.142	56.9	155
C	41.284	73.842	57.275	155
N	41.603	72.568	57.47	156
CA	42.951	72.157	57.851	156
C	43.857	72.254	56.627	156
N	44.949	73.04	56.723	157
CA	45.859	73.143	55.578	157
C	46.322	71.782	55.071	157
N	46.209	71.565	53.762	158
CA	46.624	70.311	53.146	158
C	45.538	69.272	52.974	158
N	44.354	69.51	53.537	159
CA	43.275	68.515	53.457	159
C	42.579	68.557	52.094	159
N	42.33	69.759	51.586	160
CA	41.686	69.935	50.271	160
C	42.714	70.121	49.152	160
N	42.151	70.1	47.878	161
CA	41.997	69.06	46.802	161
C	40.587	69.335	46.191	161
N	40.469	70.367	46.951	162
CA	41.351	71.486	47.142	162
C	41.29	72.712	46.365	162
N	40.352	71.895	45.893	163
CA	40.38	70.91	44.835	163
C	41.212	71.938	44.14	163
N	41.578	73.058	44.716	164
CA	41.32	73.779	43.539	164
C	40.03	74.095	44.305	164
N	39.005	74.547	43.523	165
CA	37.61	74.605	43.982	165
C	37.163	75.974	44.458	165
N	37.835	77.213	44.264	166
CA	38.545	78.343	44.99	166
C	37.795	79.618	45.665	166
N	36.421	79.712	45.538	167
CA	35.66	80.686	44.653	167
C	34.667	79.845	45.248	167
N	33.81	79.797	44.204	168
CA	33.921	78.535	43.398	168
C	34.095	77.73	44.663	168
N	33.835	76.462	44.905	169
CA	32.801	76.533	45.951	169
C	31.768	77.674	45.917	169
N	30.802	77.924	46.765	170
CA	30.145	79.23	46.692	170
C	29.575	79.68	48.042	170
N	29.363	78.741	48.968	171
CA	29.038	79.091	50.361	171
C	30.175	79.919	50.989	171
N	31.36	79.873	50.37	172
CA	32.465	80.788	50.678	172
C	31.997	82.243	50.64	172
N	31.266	82.616	49.59	173
CA	30.652	83.948	49.553	173
C	29.182	83.942	50.02	173
N	28.725	82.801	50.544	174
CA	27.388	82.667	51.146	174
C	26.261	82.38	50.162	174
N	26.632	81.992	48.946	175
CA	25.676	81.743	47.874	175
C	25.606	80.249	47.579	175
N	24.468	79.813	47.061	176
CA	24.363	78.464	46.533	176
C	25.319	78.284	45.345	176
N	25.709	77.035	45.11	177
CA	26.633	76.685	44.028	177
C	25.949	76.843	42.667	177
N	26.735	77.086	41.632	178
CA	26.215	77.092	40.27	178
C	26.053	75.646	39.784	178
N	25.247	75.439	38.734	179
CA	25.181	74.105	38.128	179
C	26.52	73.718	37.524	179
N	26.792	72.415	37.517	180
CA	28.014	71.878	36.974	180
C	27.689	70.905	35.844	180
N	28.578	70.847	34.865	181
CA	28.409	69.972	33.698	181
C	29.714	69.263	33.38	181
N	29.592	68.006	32.978	182
CA	30.72	67.265	32.484	182
C	30.256	66.443	31.281	182
N	31.106	65.544	30.795	183
CA	30.761	64.789	29.59	183
C	29.547	63.893	29.865	183
N	28.707	63.662	28.845	184
CA	28.826	64.061	27.443	184
C	28.21	65.426	27.114	184
N	28.463	65.909	25.904	185
CA	27.949	67.203	25.483	185
C	26.428	67.256	25.461	185
N	25.811	66.158	25.047	186
CA	24.371	66.024	25.066	186
C	23.97	64.797	25.877	186
N	23.069	64.985	26.836	187
CA	22.594	63.904	27.698	187
C	21.067	63.9	27.716	187
N	20.468	62.829	27.201	188
CA	19.013	62.753	27.039	188
C	18.428	64.018	26.392	188
N	19.107	64.505	25.355	189
CA	18.639	65.668	24.608	189
C	19.005	66.994	25.246	189
N	19.561	66.961	26.463	190
CA	19.951	68.171	27.174	190
C	21.411	68.526	26.903	190
N	21.633	69.747	26.428	191
CA	22.961	70.191	26.026	191
C	23.646	70.993	27.137	191
N	24.973	70.932	27.18	192
CA	25.78	71.806	28.035	192
C	25.67	73.248	27.518	192
N	25.439	74.232	28.423	193
CA	25.46	75.639	27.999	193
C	26.687	75.988	27.166	193
N	26.478	76.49	25.93	194
CA	27.614	76.827	25.048	194
C	28.713	77.7	25.656	194
N	28.371	78.632	26.545	195
CA	29.396	79.474	27.18	195
C	30.468	78.66	27.914	195
N	30.084	77.512	28.488	196
CA	31.04	76.644	29.186	196
C	31.996	75.914	28.237	196
N	31.577	75.749	26.986	197
CA	32.413	75.151	25.941	197
C	33.23	76.231	25.224	197
N	32.976	77.497	25.549	198
CA	33.544	78.641	24.822	198
C	35.059	78.749	24.938	198
N	35.57	78.573	26.154	199
CA	36.97	78.846	26.457	199
C	37.197	80.242	27.018	199
N	36.145	81.067	27.064	200
CA	36.274	82.451	27.542	200
C	36.205	82.51	29.07	200
N	37.378	82.605	29.689	201
CA	37.532	82.475	31.133	201
C	36.632	83.434	31.923	201
N	36.643	84.709	31.538	202
CA	35.895	85.743	32.249	202
C	34.381	85.628	32.052	202
N	33.951	85.289	30.841	203
CA	32.535	85.001	30.582	203
C	32.038	83.843	31.474	203
N	32.861	82.804	31.599	204
CA	32.52	81.619	32.398	204
C	32.404	82.003	33.867	204
N	33.369	82.78	34.352	205
CA	33.349	83.232	35.739	205
C	32.058	83.986	36.029	205
N	31.67	84.869	35.113	206
CA	30.449	85.656	35.279	206
C	29.176	84.812	35.187	206
N	29.164	83.844	34.27	207
CA	28.046	82.917	34.145	207
C	27.859	82.17	35.475	207
N	28.955	81.66	36.012	208
CA	28.9	80.896	37.254	208
C	28.377	81.736	38.42	208
N	28.844	82.972	38.499	209
CA	28.426	83.868	39.549	209
C	26.938	84.247	39.405	209
N	26.519	84.577	38.181	210
CA	25.125	84.901	37.912	210
C	24.197	83.717	38.267	210
N	24.588	82.508	37.846	211
CA	23.83	81.293	38.176	211
C	23.696	81.09	39.685	211
N	24.797	81.271	40.392	212
CA	24.783	81.15	41.828	212
C	23.818	82.171	42.458	212
N	23.844	83.413	41.967	213
CA	22.968	84.475	42.47	213
C	21.507	84.182	42.133	213
N	21.261	83.715	40.909	214
CA	19.915	83.323	40.482	214
C	19.336	82.209	41.363	214
N	20.103	81.142	41.555	215
CA	19.625	80.013	42.368	215
C	19.411	80.38	43.844	215
N	20.286	81.213	44.387	216
CA	20.099	81.651	45.768	216
C	18.812	82.467	45.883	216
N	18.581	83.34	44.91	217
CA	17.371	84.152	44.899	217
C	16.096	83.293	44.789	217
N	16.113	82.322	43.885	218
CA	14.937	81.488	43.629	218
C	14.661	80.52	44.772	218
N	15.709	79.924	45.331	219
CA	15.532	78.83	46.289	219
C	15.668	79.232	47.753	219
N	16.579	80.161	48.034	220
CA	16.894	80.577	49.4	220
C	17.056	82.093	49.467	220
N	15.986	82.846	49.147	221
CA	16.156	84.302	49.081	221
C	16.552	84.957	50.412	221
N	16.248	84.306	51.535	222
CA	16.65	84.818	52.86	222
C	18.172	84.907	53.006	222
N	18.896	83.968	52.4	223
CA	20.361	83.995	52.419	223
C	20.928	85.262	51.744	223
N	20.241	85.779	50.726	224
CA	20.671	87.031	50.081	224
C	20.559	88.241	51.011	224
N	19.563	88.237	51.893	225
CA	19.412	89.318	52.869	225
C	20.597	89.375	53.841	225
N	21.306	88.26	53.998	226
CA	22.487	88.209	54.85	226
C	23.787	88.673	54.199	226
N	23.742	89.046	52.917	227
CA	24.961	89.406	52.188	227
C	24.98	90.875	51.781	227
N	26.191	91.415	51.657	228
CA	26.418	92.735	51.086	228
C	27.039	92.47	49.73	228
N	26.225	92.577	48.69	229
CA	26.679	92.206	47.368	229
C	27.635	93.259	46.821	229
N	28.66	92.814	46.117	230
CA	29.498	93.724	45.344	230
C	28.68	94.358	44.225	230
N	29.238	95.402	43.615	231
CA	28.599	96.039	42.465	231
C	28.368	94.998	41.356	231
N	29.37	94.178	41.08	232
CA	29.237	93.147	40.037	232
C	28.141	92.144	40.368	232
N	28.101	91.689	41.619	233
CA	27.032	90.781	42.054	233
C	25.651	91.427	41.914	233
N	25.534	92.682	42.334	234
CA	24.258	93.393	42.186	234
C	23.812	93.438	40.717	234
N	24.749	93.719	39.806	235
CA	24.437	93.771	38.368	235
C	23.958	92.407	37.875	235
N	24.756	91.384	38.175	236
CA	24.476	90.033	37.708	236
C	23.139	89.536	38.251	236
N	22.838	89.814	39.52	237
CA	21.544	89.445	40.094	237
C	20.399	90.143	39.346	237
N	20.539	91.447	39.114	238
CA	19.516	92.206	38.382	238
C	19.265	91.608	37.001	238
N	20.335	91.228	36.304	239
CA	20.214	90.633	34.973	239
C	19.502	89.279	35.038	239
N	19.81	88.498	36.068	240
CA	19.192	87.178	36.23	240
C	17.703	87.331	36.582	240
N	17.376	88.321	37.41	241
CA	15.982	88.602	37.747	241
C	15.201	89.095	36.52	241
N	15.831	89.938	35.705	242
CA	15.209	90.421	34.468	242
C	14.929	89.26	33.504	242
N	15.898	88.357	33.363	243
CA	15.749	87.176	32.504	243
C	14.652	86.249	33.019	243
N	14.625	86.036	34.328	244
CA	13.59	85.193	34.929	244
C	12.197	85.757	34.678	244
N	12.092	87.085	34.699	245
CA	10.825	87.78	34.498	245
C	10.473	88.0	33.021	245
N	11.234	87.367	32.129	246
CA	10.988	87.452	30.699	246
C	10.478	86.122	30.166	246
