ATOM	X	Y	Z	RESIDUE
N	32.303	-0.628	7.9	1
CA	31.341	-0.059	8.834	1
C	30.61	-1.17	9.575	1
N	29.702	-0.792	10.465	2
CA	29.055	-1.773	11.328	2
C	28.021	-2.561	10.546	2
N	27.72	-3.759	11.036	3
CA	26.67	-4.565	10.446	3
C	26.338	-5.733	11.344	3
N	26.075	-6.889	10.747	4
CA	25.692	-8.06	11.526	4
C	26.552	-9.277	11.209	4
N	27.681	-9.059	10.55	5
CA	28.573	-10.165	10.234	5
C	29.542	-10.501	11.353	5
N	30.347	-11.535	11.131	6
CA	31.322	-11.979	12.119	6
C	32.321	-10.883	12.453	6
N	32.636	-10.051	11.472	7
CA	33.703	-9.075	11.638	7
C	33.223	-7.651	11.951	7
N	31.923	-7.401	11.812	8
CA	31.392	-6.064	12.108	8
C	30.108	-6.084	12.932	8
N	29.815	-7.238	13.527	9
CA	28.565	-7.471	14.232	9
C	28.501	-6.902	15.637	9
N	27.416	-7.214	16.357	10
CA	27.162	-6.636	17.683	10
C	28.335	-6.699	18.669	10
N	29.179	-7.724	18.601	11
CA	30.32	-7.797	19.521	11
C	31.397	-6.752	19.225	11
N	31.312	-6.128	18.051	12
CA	32.306	-5.152	17.605	12
C	31.856	-3.716	17.802	12
N	30.557	-3.516	17.973	13
CA	30.005	-2.169	17.916	13
C	30.618	-1.211	18.943	13
N	30.994	-1.736	20.103	14
CA	31.461	-0.883	21.187	14
C	32.71	-0.09	20.81	14
N	33.482	-0.569	19.832	15
CA	34.724	0.129	19.477	15
C	34.44	1.488	18.821	15
N	33.408	1.56	17.984	16
CA	32.982	2.837	17.412	16
C	31.927	3.533	18.269	16
N	31.149	2.745	19.015	17
CA	30.023	3.266	19.791	17
C	30.113	2.767	21.223	17
N	30.94	3.437	22.036	18
CA	31.21	2.95	23.39	18
C	29.949	2.827	24.246	18
N	28.887	3.547	23.886	19
CA	27.625	3.484	24.621	19
C	27.011	2.089	24.501	19
N	27.564	1.276	23.605	20
CA	27.116	-0.115	23.477	20
C	27.189	-0.847	24.812	20
N	28.071	-0.388	25.696	21
CA	28.211	-1.01	27.016	21
C	27.604	-0.133	28.112	21
N	26.655	0.72	27.729	22
CA	26.058	1.678	28.649	22
C	25.066	1.101	29.642	22
N	24.4	1.998	30.363	23
CA	23.53	1.623	31.471	23
C	22.085	1.302	31.084	23
N	21.674	1.66	29.87	24
CA	20.29	1.412	29.464	24
C	20.213	0.95	28.002	24
N	20.928	-0.132	27.71	25
CA	20.978	-0.675	26.352	25
C	19.836	-1.634	26.041	25
N	19.477	-1.699	24.757	26
CA	18.415	-2.571	24.267	26
C	18.948	-3.425	23.13	26
N	18.298	-4.567	22.872	27
CA	17.127	-5.103	23.572	27
C	17.527	-5.779	24.877	27
N	16.539	-6.345	25.572	28
CA	16.764	-7.093	26.802	28
C	15.873	-8.328	26.815	28
N	16.193	-9.278	27.683	29
CA	15.281	-10.375	27.931	29
C	14.213	-9.891	28.894	29
N	12.961	-10.216	28.588	30
CA	11.843	-9.896	29.465	30
C	11.518	-11.125	30.3	30
N	11.959	-11.09	31.552	31
CA	11.672	-12.149	32.511	31
C	10.263	-11.914	33.038	31
N	9.307	-12.716	32.582	32
CA	7.892	-12.443	32.841	32
C	7.551	-12.562	34.312	32
N	8.313	-13.378	35.029	33
CA	8.043	-13.562	36.445	33
C	8.626	-12.434	37.296	33
N	9.624	-11.726	36.766	34
CA	10.263	-10.631	37.49	34
C	9.7	-9.251	37.119	34
N	9.021	-9.164	35.98	35
CA	8.395	-7.901	35.596	35
C	7.307	-7.576	36.619	35
N	7.119	-6.304	36.939	36
CA	6.106	-5.979	37.937	36
C	4.907	-5.264	37.334	36
N	3.72	-5.754	37.657	37
CA	2.509	-5.063	37.254	37
C	2.488	-3.676	37.899	37
N	2.212	-2.66	37.086	38
CA	2.134	-1.289	37.566	38
C	0.722	-0.785	37.309	38
N	-0.159	-0.896	38.316	39
CA	-1.575	-0.578	38.103	39
C	-1.798	0.887	37.745	39
N	-0.774	1.723	37.896	40
CA	-0.898	3.133	37.542	40
C	-0.549	3.405	36.071	40
N	-0.087	2.381	35.356	41
CA	0.187	2.533	33.925	41
C	-1.116	2.683	33.155	41
N	-1.215	3.758	32.382	42
CA	-2.418	4.036	31.606	42
C	-2.471	3.181	30.349	42
N	-3.682	2.964	29.812	43
CA	-3.766	2.17	28.587	43
C	-3.039	2.899	27.473	43
N	-2.449	2.148	26.554	44
CA	-1.814	2.737	25.383	44
C	-2.869	3.382	24.512	44
N	-2.516	4.495	23.882	45
CA	-3.38	5.128	22.902	45
C	-2.687	5.117	21.544	45
N	-3.151	4.254	20.65	46
CA	-2.596	4.188	19.305	46
C	-3.566	4.846	18.334	46
N	-3.173	5.986	17.782	47
CA	-4.055	6.741	16.894	47
C	-3.448	6.815	15.516	47
N	-3.754	5.825	14.685	48
CA	-3.13	5.689	13.375	48
C	-4.091	5.951	12.22	48
N	-5.289	6.439	12.527	49
CA	-6.315	6.579	11.493	49
C	-5.933	7.546	10.367	49
N	-5.14	8.564	10.682	50
CA	-4.73	9.555	9.687	50
C	-3.304	9.332	9.183	50
N	-2.773	8.139	9.42	51
CA	-1.409	7.838	9.003	51
C	-1.203	8.082	7.509	51
N	-0.066	8.676	7.173	52
CA	0.297	8.894	5.782	52
C	1.659	8.278	5.492	52
N	1.645	7.066	4.945	53
CA	2.888	6.413	4.571	53
C	3.37	7.042	3.273	53
N	4.682	7.083	3.095	54
CA	5.255	7.708	1.911	54
C	6.083	6.779	1.032	54
N	6.921	5.953	1.649	55
CA	8.018	5.341	0.915	55
C	8.514	4.154	1.705	55
N	9.107	3.189	1.008	56
CA	9.774	2.066	1.667	56
C	11.216	2.044	1.175	56
N	12.159	1.837	2.094	57
CA	13.58	1.994	1.789	57
C	14.39	0.838	2.354	57
N	15.21	0.208	1.518	58
CA	16.235	-0.715	2.01	58
C	17.476	0.106	2.373	58
N	17.806	0.181	3.661	59
CA	18.934	1.002	4.102	59
C	20.2	0.209	4.372	59
N	20.196	-1.07	3.995	60
CA	21.36	-1.913	4.162	60
C	21.397	-2.655	5.483	60
N	20.458	-2.341	6.378	61
CA	20.382	-2.994	7.695	61
C	19.008	-3.591	7.941	61
N	17.996	-2.958	7.355	62
CA	16.627	-3.439	7.39	62
C	15.883	-2.679	6.29	62
N	14.56	-2.799	6.24	63
CA	13.776	-1.901	5.386	63
C	12.816	-1.082	6.235	63
N	12.698	0.2	5.908	64
CA	11.856	1.108	6.681	64
C	10.688	1.56	5.837	64
N	9.494	1.465	6.397	65
CA	8.347	2.133	5.809	65
C	8.241	3.483	6.508	65
N	8.372	4.559	5.731	66
CA	8.463	5.911	6.274	66
C	7.126	6.628	6.181	66
N	6.886	7.536	7.127	67
CA	5.62	8.249	7.227	67
C	5.848	9.752	7.229	67
N	4.821	10.496	6.829	68
CA	4.82	11.949	6.998	68
C	4.627	12.278	8.48	68
N	5.668	12.823	9.096	69
CA	5.643	13.135	10.518	69
C	5.742	14.635	10.738	69
N	5.329	15.41	9.736	70
CA	5.339	16.878	9.84	70
C	4.044	17.449	10.43	70
N	3.113	16.564	10.781	71
CA	1.899	16.914	11.508	71
C	1.546	15.738	12.387	71
N	0.67	15.963	13.364	72
CA	0.173	14.893	14.225	72
C	-0.839	14.032	13.474	72
N	-0.351	13.091	12.672	73
CA	-1.228	12.246	11.852	73
C	-1.379	10.835	12.404	73
N	-0.266	10.268	12.845	74
CA	-0.253	8.932	13.435	74
C	0.568	9.054	14.703	74
N	-0.086	8.934	15.85	75
CA	0.596	9.211	17.103	75
C	0.363	8.133	18.14	75
N	1.34	8.01	19.022	76
CA	1.24	7.153	20.181	76
C	1.244	8.035	21.427	76
N	0.326	7.743	22.344	77
CA	0.208	8.455	23.611	77
C	-0.182	7.47	24.709	77
N	-0.225	7.945	25.946	78
CA	-0.655	7.108	27.054	78
C	0.39	6.086	27.441	78
N	-0.049	4.996	28.06	79
CA	0.891	4.041	28.613	79
C	1.81	4.736	29.598	79
N	3.125	4.503	29.476	80
CA	4.119	5.156	30.334	80
C	4.497	6.547	29.835	80
N	3.929	6.97	28.709	81
CA	4.392	8.181	28.037	81
C	3.718	9.442	28.544	81
N	4.489	10.521	28.581	82
CA	3.958	11.855	28.796	82
C	4.055	12.568	27.455	82
N	2.96	13.153	26.998	83
CA	2.993	13.862	25.739	83
C	2.71	13.002	24.52	83
N	3.012	13.559	23.352	84
CA	2.619	12.978	22.078	84
C	3.838	12.526	21.283	84
N	3.809	11.287	20.798	85
CA	4.907	10.762	19.998	85
C	4.407	10.452	18.589	85
N	5.058	11.028	17.581	86
CA	4.665	10.837	16.184	86
C	5.378	9.673	15.528	86
N	4.611	8.868	14.794	87
CA	5.171	7.782	14.005	87
C	6.003	8.324	12.84	87
N	7.26	7.906	12.771	88
CA	8.147	8.317	11.691	88
C	8.462	7.163	10.732	88
N	8.591	5.95	11.26	89
CA	8.831	4.791	10.402	89
C	8.573	3.511	11.172	89
N	8.346	2.417	10.448	90
CA	8.484	1.098	11.063	90
C	9.416	0.208	10.252	90
N	9.952	-0.814	10.913	91
CA	10.836	-1.769	10.281	91
C	10.801	-3.038	11.111	91
N	11.511	-4.054	10.633	92
CA	11.546	-5.353	11.298	92
C	12.989	-5.808	11.476	92
N	13.178	-6.745	12.401	93
CA	14.395	-7.54	12.505	93
C	13.962	-8.994	12.395	93
N	14.728	-9.814	11.686	94
CA	14.309	-11.2	11.486	94
C	15.489	-12.149	11.368	94
N	15.184	-13.444	11.389	95
CA	16.223	-14.455	11.431	95
C	16.427	-15.169	10.112	95
N	17.424	-16.042	10.081	96
CA	17.624	-16.938	8.942	96
C	16.8	-18.208	9.113	96
N	16.275	-18.401	10.322	97
CA	15.509	-19.583	10.707	97
C	14.34	-19.131	11.582	97
N	13.242	-19.881	11.594	98
CA	12.064	-19.429	12.348	98
C	12.338	-19.337	13.852	98
N	13.344	-20.071	14.328	99
CA	13.644	-20.109	15.752	99
C	14.448	-18.936	16.297	99
N	14.695	-17.937	15.458	100
CA	15.433	-16.764	15.922	100
C	15.07	-15.582	15.047	100
N	15.363	-14.375	15.526	101
CA	15.113	-13.196	14.718	101
C	14.693	-12.001	15.537	101
N	14.03	-12.245	16.665	102
CA	13.607	-11.118	17.489	102
C	14.79	-10.575	18.275	102
N	14.654	-9.327	18.7	103
CA	15.691	-8.67	19.483	103
C	15.379	-8.839	20.971	103
N	14.198	-8.405	21.39	104
CA	13.735	-8.773	22.718	104
C	13.44	-10.252	22.753	104
N	13.57	-10.831	23.939	105
CA	13.19	-12.217	24.147	105
C	12.276	-12.23	25.363	105
N	11.492	-13.292	25.489	106
CA	10.544	-13.415	26.595	106
C	10.871	-14.721	27.307	106
N	11.334	-14.625	28.549	107
CA	11.83	-15.806	29.255	107
C	12.804	-16.587	28.373	107
N	13.677	-15.83	27.711	108
CA	14.741	-16.325	26.831	108
C	14.243	-16.873	25.49	108
N	12.927	-16.892	25.295	109
CA	12.351	-17.31	24.025	109
C	12.571	-16.271	22.926	109
N	13.083	-16.741	21.797	110
CA	13.262	-15.914	20.603	110
C	12.114	-16.117	19.621	110
N	11.571	-15.02	19.097	111
CA	10.536	-15.098	18.067	111
C	11.174	-15.024	16.681	111
N	10.394	-15.302	15.637	112
CA	10.92	-15.333	14.272	112
C	11.307	-13.94	13.765	112
N	10.682	-12.92	14.322	113
CA	10.995	-11.559	13.909	113
C	10.386	-10.601	14.917	113
N	10.703	-9.321	14.776	114
CA	10.176	-8.306	15.67	114
C	9.952	-7.04	14.865	114
N	8.75	-6.492	14.993	115
CA	8.379	-5.23	14.353	115
C	8.606	-4.052	15.306	115
N	9.231	-2.991	14.803	116
CA	9.461	-1.779	15.579	116
C	8.779	-0.62	14.905	116
N	7.789	-0.054	15.597	117
CA	7.144	1.179	15.161	117
C	7.783	2.326	15.93	117
N	8.497	3.176	15.206	118
CA	9.349	4.182	15.837	118
C	8.638	5.535	15.893	118
N	8.541	6.12	17.092	119
CA	7.862	7.413	17.29	119
C	8.775	8.395	18.017	119
N	8.618	9.691	17.758	120
CA	9.415	10.685	18.481	120
C	8.552	11.726	19.186	120
N	9.065	12.187	20.323	121
CA	8.376	13.12	21.207	121
C	8.279	14.515	20.57	121
N	7.059	14.979	20.298	122
CA	6.888	16.225	19.546	122
C	7.427	17.448	20.286	122
N	7.678	17.326	21.584	123
CA	8.172	18.485	22.321	123
C	9.599	18.839	21.907	123
N	10.25	17.932	21.18	124
CA	11.618	18.17	20.721	124
C	11.73	18.615	19.259	124
N	10.6	18.804	18.584	125
CA	10.622	19.482	17.292	125
C	10.926	18.637	16.064	125
N	11.968	17.817	16.14	126
CA	12.315	16.918	15.047	126
C	12.992	15.653	15.582	126
N	13.079	14.634	14.736	127
CA	13.635	13.347	15.13	127
C	15.084	13.464	15.569	127
N	15.865	14.27	14.847	128
CA	17.275	14.422	15.156	128
C	17.527	15.02	16.532	128
N	16.642	15.911	16.978	129
CA	16.761	16.483	18.314	129
C	16.285	15.467	19.341	129
N	15.228	14.741	18.986	130
CA	14.619	13.798	19.917	130
C	15.578	12.7	20.346	130
N	16.403	12.213	19.422	131
CA	17.275	11.078	19.758	131
C	18.374	11.486	20.729	131
N	18.489	12.791	20.972	132
CA	19.475	13.309	21.922	132
C	18.903	13.462	23.332	132
N	17.673	12.997	23.535	133
CA	16.968	13.178	24.809	133
C	16.616	11.824	25.418	133
N	16.655	11.72	26.756	134
CA	16.368	10.43	27.394	134
C	14.914	9.983	27.208	134
N	14.005	10.919	26.941	135
CA	12.613	10.575	26.642	135
C	12.238	11.012	25.225	135
N	13.173	10.862	24.295	136
CA	12.972	11.362	22.958	136
C	12.137	10.47	22.06	136
N	12.274	9.152	22.229	137
CA	11.616	8.208	21.329	137
C	10.726	7.261	22.11	137
N	9.705	6.742	21.441	138
CA	8.961	5.608	21.972	138
C	8.882	4.606	20.843	138
N	9.358	3.392	21.095	139
CA	9.285	2.37	20.066	139
C	8.342	1.286	20.545	139
N	7.337	1.014	19.722	140
CA	6.377	-0.042	19.976	140
C	6.888	-1.304	19.282	140
N	7.196	-2.322	20.082	141
CA	7.752	-3.568	19.594	141
C	6.704	-4.659	19.606	141
N	6.64	-5.411	18.517	142
CA	5.623	-6.439	18.36	142
C	6.306	-7.683	17.823	142
N	6.145	-8.792	18.529	143
CA	6.754	-10.04	18.103	143
C	5.995	-10.685	16.95	143
N	6.735	-11.353	16.068	144
CA	6.149	-12.144	14.996	144
C	6.494	-13.615	15.178	144
N	5.468	-14.458	15.133	145
CA	5.664	-15.899	15.09	145
C	5.172	-16.423	13.75	145
N	5.698	-17.569	13.336	146
CA	5.292	-18.153	12.064	146
C	4.067	-19.056	12.263	146
N	3.006	-18.78	11.51	147
CA	1.793	-19.58	11.553	147
C	0.91	-19.16	10.396	147
N	-0.251	-18.592	10.709	148
CA	-1.143	-18.095	9.667	148
C	-0.61	-16.774	9.134	148
N	-0.963	-16.447	7.892	149
CA	-0.525	-15.181	7.299	149
C	-1.155	-13.976	8.005	149
N	-0.438	-12.852	7.994	150
CA	-0.981	-11.59	8.474	150
C	-1.408	-10.789	7.244	150
N	-2.724	-10.684	7.011	151
CA	-3.196	-10.039	5.779	151
C	-2.673	-8.611	5.64	151
N	-2.603	-7.887	6.748	152
CA	-2.156	-6.505	6.727	152
C	-0.686	-6.328	6.397	152
N	0.068	-7.424	6.403	153
CA	1.497	-7.367	6.09	153
C	1.758	-7.597	4.609	153
N	0.768	-8.118	3.892	154
CA	1.037	-8.588	2.543	154
C	1.48	-7.481	1.586	154
N	0.916	-6.283	1.727	155
CA	1.292	-5.176	0.848	155
C	2.764	-4.781	1.022	155
N	3.305	-5.014	2.215	156
CA	4.734	-4.818	2.46	156
C	5.536	-5.924	1.78	156
N	5.126	-7.171	1.999	157
CA	5.813	-8.313	1.399	157
C	5.915	-8.17	-0.125	157
N	4.846	-7.689	-0.742	158
CA	4.784	-7.693	-2.2	158
C	5.613	-6.605	-2.887	158
N	6.053	-5.6	-2.132	159
CA	6.9	-4.559	-2.701	159
C	8.397	-4.84	-2.497	159
N	8.733	-5.871	-1.722	160
CA	10.135	-6.116	-1.379	160
C	11.016	-6.433	-2.594	160
N	10.419	-7.024	-3.624	161
CA	11.145	-7.292	-4.866	161
C	11.697	-6.011	-5.483	161
N	11.034	-4.889	-5.225	162
CA	11.451	-3.621	-5.813	162
C	12.556	-2.903	-5.023	162
N	12.835	-3.37	-3.803	163
CA	13.882	-2.76	-2.98	163
C	14.874	-3.81	-2.48	163
N	15.296	-4.688	-3.382	164
CA	16.083	-5.845	-2.974	164
C	17.404	-5.456	-2.33	164
N	18.044	-4.409	-2.85	165
CA	19.4	-4.075	-2.43	165
C	19.498	-2.72	-1.737	165
N	20.588	-2.549	-1.0	166
CA	20.847	-1.337	-0.237	166
C	20.729	-0.07	-1.077	166
N	19.969	0.897	-0.569	167
CA	19.821	2.181	-1.236	167
C	18.6	2.269	-2.134	167
N	17.942	1.143	-2.394	168
CA	16.722	1.14	-3.205	168
C	15.516	1.602	-2.397	168
N	14.667	2.423	-3.006	169
CA	13.42	2.842	-2.37	169
C	12.281	2.753	-3.373	169
N	11.058	2.724	-2.859	170
CA	9.878	2.703	-3.711	170
C	8.754	3.488	-3.054	170
N	7.918	4.12	-3.873	171
CA	6.718	4.766	-3.353	171
C	5.918	3.743	-2.553	171
N	5.366	4.164	-1.419	172
CA	4.593	3.244	-0.588	172
C	3.53	4.029	0.15	172
N	2.586	4.571	-0.609	173
CA	1.539	5.387	-0.012	173
C	0.309	4.581	0.378	173
N	-0.479	5.163	1.276	174
CA	-1.778	4.616	1.646	174
C	-1.678	3.272	2.351	174
N	-0.563	3.034	3.037	175
CA	-0.455	1.829	3.845	175
C	-0.964	2.087	5.257	175
N	-1.78	1.168	5.768	176
CA	-2.392	1.336	7.085	176
C	-1.692	0.467	8.13	176
N	-0.888	1.086	9.009	177
CA	-0.127	0.281	9.975	177
C	-1.005	-0.387	11.036	177
N	-2.279	-0.011	11.121	178
CA	-3.178	-0.685	12.067	178
C	-3.306	-2.178	11.737	178
N	-3.075	-2.535	10.473	179
CA	-3.166	-3.925	10.052	179
C	-2.034	-4.81	10.547	179
N	-1.069	-4.213	11.244	180
CA	0.062	-4.966	11.791	180
C	-0.052	-5.228	13.295	180
N	-1.121	-4.73	13.922	181
CA	-1.282	-4.851	15.374	181
C	-1.978	-6.143	15.753	181
N	-1.626	-6.689	16.921	182
CA	-2.375	-7.798	17.506	182
C	-3.679	-7.271	18.124	182
N	-4.514	-8.165	18.645	183
CA	-5.778	-7.747	19.241	183
C	-5.566	-6.985	20.536	183
N	-4.7	-7.509	21.398	184
CA	-4.487	-6.904	22.706	184
C	-3.358	-5.883	22.673	184
N	-3.509	-4.819	23.456	185
CA	-2.436	-3.842	23.633	185
C	-1.746	-3.956	25.009	185
N	-1.899	-5.093	25.691	186
CA	-1.14	-5.349	26.925	186
C	0.354	-5.286	26.597	186
N	1.138	-4.677	27.478	187
CA	2.541	-4.447	27.161	187
C	3.461	-4.514	28.38	187
N	4.751	-4.686	28.1	188
CA	5.818	-4.437	29.063	188
C	6.512	-3.145	28.656	188
N	7.113	-2.449	29.613	189
CA	7.801	-1.204	29.275	189
C	9.044	-1.011	30.137	189
N	10.101	-0.478	29.527	190
CA	11.337	-0.177	30.239	190
C	12.098	0.884	29.457	190
N	13.016	1.592	30.124	191
CA	13.845	2.585	29.432	191
C	15.051	1.94	28.768	191
N	15.288	2.273	27.505	192
CA	16.326	1.596	26.756	192
C	16.934	2.457	25.674	192
N	17.355	1.813	24.593	193
CA	18.171	2.477	23.576	193
C	17.749	2.079	22.166	193
N	18.288	2.763	21.166	194
CA	18.259	2.242	19.803	194
C	18.999	0.913	19.828	194
N	18.545	-0.054	19.036	195
CA	19.209	-1.36	19.028	195
C	20.242	-1.513	17.916	195
N	20.467	-0.447	17.148	196
CA	21.59	-0.406	16.22	196
C	22.375	0.858	16.486	196
N	23.627	0.887	16.031	197
CA	24.364	2.146	16.14	197
C	23.512	3.273	15.568	197
N	23.556	4.465	16.176	198
CA	24.458	4.878	17.265	198
C	24.062	4.45	18.691	198
N	23.077	3.567	18.841	199
CA	22.772	2.981	20.151	199
C	22.395	4.0	21.227	199
N	21.861	5.14	20.797	200
CA	21.536	6.232	21.707	200
C	20.486	5.825	22.741	200
N	20.677	6.3	23.967	201
CA	19.852	5.883	25.083	201
C	18.664	6.813	25.249	201
N	17.778	6.763	24.256	202
CA	16.726	7.763	24.106	202
C	15.328	7.165	23.966	202
N	15.189	5.87	24.224	203
CA	13.958	5.159	23.879	203
C	13.188	4.665	25.087	203
N	11.899	4.994	25.143	204
CA	10.974	4.285	26.012	204
C	10.438	3.11	25.212	204
N	10.804	1.903	25.627	205
CA	10.361	0.701	24.935	205
C	9.014	0.256	25.451	205
N	8.114	-0.027	24.515	206
CA	6.802	-0.56	24.83	206
C	6.669	-1.814	23.982	206
N	6.76	-2.98	24.619	207
CA	6.754	-4.246	23.891	207
C	5.448	-4.984	24.178	207
N	4.683	-5.26	23.125	208
CA	3.387	-5.921	23.282	208
C	3.533	-7.383	23.687	208
N	2.654	-7.82	24.583	209
CA	2.677	-9.207	25.055	209
C	2.213	-10.181	23.978	209
N	1.224	-9.772	23.192	210
CA	0.663	-10.67	22.178	210
C	1.388	-10.572	20.835	210
N	1.984	-11.676	20.364	211
CA	2.629	-11.629	19.047	211
C	1.589	-11.614	17.929	211
N	2.004	-11.205	16.738	212
CA	1.186	-11.431	15.56	212
C	1.739	-12.657	14.852	212
N	0.903	-13.323	14.067	213
CA	1.341	-14.465	13.276	213
C	1.521	-14.045	11.827	213
N	2.624	-14.476	11.215	214
CA	2.85	-14.271	9.785	214
C	3.122	-15.627	9.159	214
N	2.927	-15.749	7.855	215
CA	3.099	-17.064	7.245	215
C	4.559	-17.342	6.93	215
N	4.886	-18.615	6.742	216
CA	6.231	-18.967	6.325	216
C	6.6	-18.268	5.017	216
N	5.646	-18.154	4.094	217
CA	5.91	-17.497	2.815	217
C	6.231	-16.018	3.022	217
N	5.533	-15.384	3.963	218
CA	5.799	-13.984	4.26	218
C	7.212	-13.76	4.797	218
N	7.622	-14.529	5.804	219
CA	8.959	-14.335	6.362	219
C	10.038	-14.765	5.357	219
N	9.738	-15.776	4.537	220
CA	10.683	-16.2	3.505	220
C	11.019	-15.054	2.563	220
N	10.034	-14.206	2.277	221
CA	10.26	-13.062	1.402	221
C	11.15	-11.994	2.059	221
N	11.033	-11.817	3.379	222
CA	11.989	-10.97	4.105	222
C	13.416	-11.454	3.833	222
N	13.609	-12.771	3.873	223
CA	14.954	-13.341	3.789	223
C	15.559	-13.309	2.388	223
N	14.799	-12.842	1.398	224
CA	15.339	-12.712	0.045	224
C	15.948	-11.339	-0.201	224
N	15.718	-10.417	0.725	225
CA	16.378	-9.114	0.664	225
C	17.894	-9.241	0.763	225
N	18.593	-8.17	0.397	226
CA	20.058	-8.147	0.408	226
C	20.59	-7.024	1.298	226
N	21.676	-7.284	2.03	227
CA	22.37	-6.24	2.794	227
C	23.169	-5.355	1.845	227
N	23.672	-5.972	0.781	228
CA	24.556	-5.305	-0.169	228
C	23.815	-4.406	-1.153	228
N	24.573	-3.549	-1.83	229
CA	24.029	-2.769	-2.931	229
C	24.04	-3.553	-4.232	229
N	23.264	-3.088	-5.206	230
CA	23.231	-3.72	-6.524	230
C	24.643	-3.779	-7.115	230
N	24.994	-4.914	-7.707	231
CA	26.304	-5.061	-8.316	231
C	27.43	-5.375	-7.347	231
N	27.101	-5.53	-6.067	232
CA	28.076	-5.999	-5.087	232
C	27.766	-7.463	-4.791	232
N	28.716	-8.19	-4.18	233
CA	28.455	-9.6	-3.868	233
C	27.198	-9.766	-3.008	233
N	26.367	-10.742	-3.347	234
CA	25.089	-10.913	-2.665	234
C	25.234	-11.487	-1.263	234
N	24.672	-10.768	-0.294	235
CA	24.637	-11.215	1.088	235
C	23.189	-11.094	1.534	235
N	22.542	-12.223	1.821	236
CA	21.141	-12.177	2.23	236
C	20.955	-11.388	3.52	236
N	19.92	-10.548	3.526	237
CA	19.57	-9.783	4.719	237
C	18.789	-10.702	5.646	237
N	19.522	-11.363	6.536	238
CA	18.935	-12.215	7.556	238
C	19.753	-12.035	8.832	238
N	19.145	-12.354	9.966	239
CA	19.795	-12.227	11.264	239
C	20.306	-10.817	11.531	239
N	19.45	-9.845	11.229	240
CA	19.759	-8.447	11.489	240
C	19.232	-8.006	12.85	240
N	19.535	-8.803	13.873	241
CA	19.082	-8.533	15.23	241
C	20.256	-8.469	16.192	241
N	20.134	-7.594	17.184	242
CA	21.097	-7.527	18.275	242
C	20.588	-8.432	19.385	242
N	21.488	-9.203	20.015	243
CA	21.041	-10.056	21.12	243
C	20.73	-9.247	22.381	243
N	20.049	-9.89	23.318	244
CA	19.714	-9.28	24.597	244
C	20.948	-8.772	25.355	244
N	20.803	-7.58	25.935	245
CA	21.862	-6.892	26.665	245
C	21.537	-6.91	28.161	245
N	22.544	-6.666	29.011	246
CA	22.296	-6.734	30.457	246
C	21.266	-5.694	30.927	246
N	20.351	-6.114	31.801	247
CA	19.29	-5.232	32.292	247
C	19.857	-4.145	33.194	247
N	20.912	-4.486	33.93	248
CA	21.539	-3.535	34.84	248
C	20.515	-2.952	35.813	248
N	20.565	-1.646	36.037	249
CA	19.723	-1.034	37.053	249
C	18.372	-0.603	36.497	249
N	17.618	-1.574	35.974	250
CA	16.305	-1.305	35.391	250
C	15.259	-2.321	35.835	250
N	14.015	-1.865	35.924	251
CA	12.885	-2.73	36.223	251
C	11.945	-2.691	35.028	251
N	11.561	-3.858	34.538	252
CA	10.567	-3.925	33.478	252
C	9.195	-3.926	34.143	252
N	8.313	-3.046	33.682	253
CA	6.97	-2.933	34.239	253
C	5.961	-3.529	33.277	253
N	4.921	-4.16	33.818	254
CA	3.86	-4.749	33.005	254
C	2.557	-3.973	33.161	254
N	1.799	-3.863	32.076	255
CA	0.529	-3.14	32.106	255
C	-0.618	-4.042	32.532	255
N	-0.324	-5.323	32.716	256
CA	-1.352	-6.335	32.926	256
C	-0.941	-7.27	34.048	256
N	-1.928	-7.938	34.637	257
CA	-1.684	-8.88	35.724	257
C	-1.554	-10.296	35.184	257
