ATOM	X	Y	Z	RESIDUE
N	-16.616	1.293	41.307	1
CA	-15.281	0.861	40.852	1
C	-15.225	1.112	39.359	1
N	-14.499	2.131	38.906	2
CA	-14.172	2.27	37.482	2
C	-13.215	1.137	37.145	2
N	-13.727	0.074	36.528	3
CA	-12.901	-0.979	35.933	3
C	-11.886	-0.306	35.017	3
N	-10.589	-0.479	35.293	4
CA	-9.536	0.027	34.412	4
C	-9.805	-0.517	33.017	4
N	-10.001	0.375	32.046	5
CA	-10.241	-0.038	30.668	5
C	-9.03	-0.825	30.163	5
N	-9.296	-1.875	29.394	6
CA	-8.264	-2.757	28.852	6
C	-7.374	-1.978	27.872	6
N	-6.058	-2.048	28.078	7
CA	-5.061	-1.488	27.163	7
C	-4.317	-2.586	26.409	7
N	-3.784	-2.249	25.237	8
CA	-2.976	-3.148	24.413	8
C	-1.96	-2.361	23.581	8
N	-0.922	-3.045	23.1	9
CA	0.062	-2.478	22.181	9
C	-0.256	-2.896	20.747	9
N	-0.084	-1.975	19.805	10
CA	-0.136	-2.283	18.38	10
C	0.983	-1.567	17.637	10
N	1.531	-2.22	16.617	11
CA	2.722	-1.763	15.904	11
C	2.48	-1.726	14.404	11
N	2.925	-0.651	13.756	12
CA	3.013	-0.562	12.296	12
C	4.413	-0.131	11.878	12
N	4.875	-0.611	10.724	13
CA	6.105	-0.135	10.085	13
C	5.821	0.639	8.795	13
N	6.775	1.476	8.401	14
CA	6.834	2.147	7.107	14
C	8.271	2.161	6.606	14
N	8.439	2.355	5.303	15
CA	9.75	2.516	4.674	15
C	9.802	3.79	3.834	15
N	11.002	4.323	3.63	16
CA	11.236	5.518	2.825	16
C	11.321	5.229	1.331	16
N	11.393	6.305	0.548	17
CA	11.454	6.27	-0.921	17
C	12.634	5.45	-1.472	17
N	13.73	5.309	-0.719	18
CA	14.908	4.551	-1.144	18
C	14.961	3.099	-0.689	18
N	13.981	2.621	0.08	19
CA	13.915	1.197	0.397	19
C	13.75	0.404	-0.908	19
N	14.507	-0.681	-1.148	20
CA	14.59	-1.305	-2.469	20
C	13.237	-1.786	-3.017	20
N	12.365	-2.364	-2.184	21
CA	10.982	-2.667	-2.603	21
C	10.194	-1.412	-3.018	21
N	10.34	-0.305	-2.28	22
CA	9.63	0.941	-2.583	22
C	10.209	1.672	-3.789	22
N	11.487	1.468	-4.123	23
CA	12.034	1.854	-5.434	23
C	11.265	1.121	-6.538	23
N	11.05	-0.189	-6.387	24
CA	10.364	-1.004	-7.388	24
C	8.908	-0.565	-7.584	24
N	8.183	-0.312	-6.493	25
CA	6.819	0.221	-6.548	25
C	6.765	1.578	-7.277	25
N	7.663	2.506	-6.928	26
CA	7.747	3.825	-7.567	26
C	8.106	3.74	-9.054	26
N	9.044	2.872	-9.445	27
CA	9.396	2.659	-10.86	27
C	8.208	2.087	-11.633	27
N	7.523	1.102	-11.058	28
CA	6.36	0.459	-11.675	28
C	5.232	1.463	-11.919	28
N	4.942	2.324	-10.939	29
CA	3.925	3.367	-11.094	29
C	4.373	4.555	-11.954	29
N	5.671	4.86	-12.033	30
CA	6.178	5.838	-12.997	30
C	5.968	5.366	-14.446	30
N	6.144	4.066	-14.708	31
CA	5.863	3.463	-16.018	31
C	4.359	3.473	-16.301	31
N	3.523	3.124	-15.318	32
CA	2.068	3.235	-15.441	32
C	1.637	4.665	-15.79	32
N	2.123	5.663	-15.054	33
CA	1.8	7.067	-15.306	33
C	2.251	7.5	-16.708	33
N	3.43	7.064	-17.162	34
CA	3.899	7.344	-18.518	34
C	2.991	6.732	-19.602	34
N	2.412	5.551	-19.355	35
CA	1.407	4.958	-20.24	35
C	0.12	5.798	-20.252	35
N	-0.436	6.083	-19.069	36
CA	-1.733	6.754	-18.907	36
C	-1.729	8.217	-19.353	36
N	-0.574	8.882	-19.317	37
CA	-0.426	10.246	-19.816	37
C	-0.692	10.368	-21.329	37
N	-0.489	9.29	-22.094	38
CA	-0.702	9.254	-23.552	38
C	-1.946	8.445	-23.911	38
N	-2.146	7.314	-23.241	39
CA	-3.253	6.395	-23.467	39
C	-3.938	6.066	-22.129	39
N	-4.981	6.829	-21.742	40
CA	-5.737	6.627	-20.5	40
C	-6.356	5.23	-20.339	40
N	-6.444	4.454	-21.426	41
CA	-6.962	3.087	-21.432	41
C	-5.846	2.04	-21.555	41
N	-4.595	2.407	-21.274	42
CA	-3.471	1.467	-21.233	42
C	-3.749	0.295	-20.295	42
N	-3.299	-0.895	-20.694	43
CA	-3.29	-2.097	-19.86	43
C	-1.878	-2.318	-19.372	43
N	-1.691	-2.283	-18.06	44
CA	-0.368	-2.291	-17.437	44
C	-0.382	-3.279	-16.277	44
N	0.574	-4.199	-16.308	45
CA	0.988	-5.083	-15.23	45
C	2.527	-5.083	-15.216	45
N	3.107	-3.965	-14.774	46
CA	4.55	-3.742	-14.779	46
C	5.139	-4.077	-13.411	46
N	5.913	-5.146	-13.343	47
CA	6.708	-5.502	-12.18	47
C	8.111	-4.9	-12.29	47
N	8.728	-4.626	-11.144	48
CA	10.112	-4.16	-11.06	48
C	10.878	-4.99	-10.038	48
N	12.107	-5.364	-10.388	49
CA	13.092	-5.937	-9.485	49
C	14.328	-5.037	-9.408	49
N	14.894	-4.9	-8.211	50
CA	16.099	-4.12	-7.966	50
C	17.151	-4.947	-7.22	50
N	18.402	-4.877	-7.674	51
CA	19.579	-5.363	-6.932	51
C	20.795	-4.518	-7.304	51
N	21.965	-4.793	-6.734	52
CA	23.214	-4.05	-6.957	52
C	23.42	-3.669	-8.426	52
N	23.342	-2.367	-8.716	53
CA	23.56	-1.818	-10.053	53
C	22.53	-2.222	-11.113	53
N	21.373	-2.777	-10.746	54
CA	20.371	-3.278	-11.688	54
C	18.954	-2.859	-11.293	54
N	18.211	-2.341	-12.27	55
CA	16.746	-2.346	-12.295	55
C	16.296	-3.216	-13.467	55
N	15.419	-4.177	-13.205	56
CA	14.741	-4.959	-14.233	56
C	13.251	-4.667	-14.16	56
N	12.657	-4.265	-15.278	57
CA	11.202	-4.158	-15.419	57
C	10.698	-5.29	-16.3	57
N	9.604	-5.922	-15.895	58
CA	9.057	-7.103	-16.559	58
C	7.545	-7.21	-16.36	58
N	6.878	-8.011	-17.187	59
CA	5.423	-8.182	-17.167	59
C	4.776	-7.734	-18.472	59
N	3.542	-7.243	-18.399	60
CA	2.696	-7.064	-19.577	60
C	2.181	-5.628	-19.718	60
N	2.45	-5.002	-20.867	61
CA	1.953	-3.667	-21.207	61
C	1.379	-3.661	-22.626	61
N	0.093	-3.331	-22.725	62
CA	-0.586	-3.019	-23.986	62
C	-1.054	-1.57	-23.943	62
N	-0.374	-0.714	-24.702	63
CA	-0.584	0.739	-24.72	63
C	-0.285	1.31	-26.103	63
N	-0.9	2.448	-26.434	64
CA	-0.518	3.274	-27.593	64
C	0.684	4.183	-27.309	64
N	1.108	4.3	-26.051	65
CA	2.242	5.126	-25.659	65
C	3.564	4.568	-26.213	65
N	4.433	5.451	-26.709	66
CA	5.834	5.114	-26.965	66
C	6.651	5.493	-25.731	66
N	7.188	4.49	-25.037	67
CA	7.858	4.672	-23.752	67
C	9.377	4.639	-23.908	67
N	10.049	5.635	-23.337	68
CA	11.483	5.57	-23.062	68
C	11.693	5.008	-21.649	68
N	11.727	3.676	-21.544	69
CA	11.931	2.987	-20.267	69
C	13.226	3.421	-19.573	69
N	14.314	3.631	-20.327	70
CA	15.594	4.071	-19.762	70
C	15.418	5.404	-19.042	70
N	14.797	6.383	-19.703	71
CA	14.575	7.703	-19.118	71
C	13.634	7.647	-17.917	71
N	12.484	6.976	-18.031	72
CA	11.485	6.894	-16.947	72
C	12.113	6.282	-15.689	72
N	12.786	5.139	-15.835	73
CA	13.404	4.418	-14.717	73
C	14.503	5.268	-14.068	73
N	15.388	5.866	-14.873	74
CA	16.497	6.682	-14.361	74
C	16.013	7.967	-13.691	74
N	14.998	8.633	-14.233	75
CA	14.421	9.835	-13.621	75
C	13.765	9.524	-12.268	75
N	13.109	8.369	-12.134	76
CA	12.566	7.901	-10.85	76
C	13.667	7.683	-9.811	76
N	14.748	6.984	-10.166	77
CA	15.874	6.732	-9.245	77
C	16.567	8.047	-8.853	77
N	16.688	8.978	-9.807	78
CA	17.177	10.338	-9.565	78
C	16.295	11.085	-8.563	78
N	14.968	11.019	-8.703	79
CA	14.018	11.653	-7.78	79
C	14.163	11.136	-6.339	79
N	14.336	9.821	-6.192	80
CA	14.531	9.147	-4.901	80
C	15.825	9.634	-4.22	80
N	16.871	9.897	-5.011	81
CA	18.136	10.494	-4.567	81
C	19.335	9.544	-4.587	81
N	19.239	8.449	-5.347	82
CA	20.357	7.561	-5.673	82
C	21.071	8.06	-6.93	82
N	22.074	8.901	-6.716	83
CA	22.769	9.687	-7.734	83
C	24.297	9.6	-7.625	83
N	24.829	8.67	-6.835	84
CA	26.267	8.457	-6.716	84
C	26.577	7.033	-6.24	84
N	27.671	6.462	-6.742	85
CA	28.194	5.167	-6.301	85
C	28.457	5.09	-4.793	85
N	28.826	6.193	-4.134	86
CA	29.011	6.262	-2.675	86
C	27.72	5.988	-1.893	86
N	26.552	6.17	-2.521	87
CA	25.249	5.839	-1.924	87
C	24.872	4.366	-2.118	87
N	25.687	3.599	-2.844	88
CA	25.444	2.2	-3.206	88
C	24.593	2.01	-4.467	88
N	24.073	3.092	-5.06	89
CA	23.269	3.046	-6.282	89
C	23.246	4.409	-6.993	89
N	23.283	4.405	-8.328	90
CA	23.334	5.621	-9.145	90
C	22.484	5.5	-10.421	90
N	21.534	6.424	-10.592	91
CA	20.674	6.497	-11.775	91
C	21.444	6.673	-13.092	91
N	22.656	7.244	-13.069	92
CA	23.447	7.494	-14.287	92
C	24.119	6.231	-14.818	92
N	24.473	5.302	-13.933	93
CA	25.37	4.178	-14.248	93
C	24.749	2.802	-14.028	93
N	23.59	2.704	-13.363	94
CA	22.901	1.422	-13.208	94
C	22.489	0.805	-14.558	94
N	22.503	-0.525	-14.6	95
CA	21.932	-1.324	-15.668	95
C	20.4	-1.279	-15.59	95
N	19.761	-1.136	-16.746	96
CA	18.305	-1.153	-16.893	96
C	17.961	-2.244	-17.897	96
N	17.273	-3.279	-17.423	97
CA	16.797	-4.41	-18.214	97
C	15.281	-4.304	-18.394	97
N	14.799	-4.571	-19.606	98
CA	13.376	-4.482	-19.96	98
C	12.947	-5.809	-20.575	98
N	11.985	-6.474	-19.943	99
CA	11.372	-7.724	-20.387	99
C	9.84	-7.584	-20.362	99
N	9.33	-6.636	-21.155	100
CA	7.903	-6.311	-21.254	100
C	7.321	-6.938	-22.52	100
N	6.215	-7.657	-22.367	101
CA	5.427	-8.221	-23.464	101
C	4.025	-7.594	-23.512	101
N	3.203	-8.004	-24.477	102
CA	1.801	-7.582	-24.538	102
C	0.961	-8.345	-23.507	102
N	-0.16	-7.759	-23.076	103
CA	-1.159	-8.485	-22.292	103
C	-1.614	-9.734	-23.058	103
N	-1.752	-10.858	-22.348	104
CA	-2.288	-12.089	-22.93	104
C	-3.634	-11.826	-23.632	104
N	-3.789	-12.22	-24.912	105
CA	-5.064	-12.122	-25.62	105
C	-6.202	-12.883	-24.925	105
N	-5.888	-13.989	-24.239	106
CA	-6.864	-14.816	-23.516	106
C	-7.438	-14.091	-22.292	106
N	-6.615	-13.261	-21.637	107
CA	-7.058	-12.358	-20.569	107
C	-7.865	-11.215	-21.185	107
N	-7.342	-10.569	-22.231	108
CA	-7.958	-9.381	-22.815	108
C	-9.395	-9.63	-23.309	108
N	-9.64	-10.752	-23.992	109
CA	-10.977	-11.101	-24.495	109
C	-11.991	-11.39	-23.375	109
N	-11.526	-11.85	-22.209	110
CA	-12.379	-12.105	-21.046	110
C	-12.854	-10.839	-20.328	110
N	-12.223	-9.686	-20.574	111
CA	-12.529	-8.432	-19.872	111
C	-13.553	-7.558	-20.594	111
N	-13.988	-7.956	-21.791	112
CA	-15.036	-7.277	-22.556	112
C	-14.697	-5.827	-22.942	112
N	-13.453	-5.562	-23.36	113
CA	-13.005	-4.219	-23.762	113
C	-13.771	-3.625	-24.955	113
N	-14.449	-4.46	-25.738	114
CA	-15.325	-4.077	-26.844	114
C	-16.692	-3.534	-26.399	114
N	-17.074	-3.748	-25.135	115
CA	-18.343	-3.282	-24.565	115
C	-18.206	-1.893	-23.937	115
N	-19.301	-1.401	-23.356	116
CA	-19.274	-0.184	-22.553	116
C	-18.312	-0.342	-21.364	116
N	-17.637	0.744	-20.971	117
CA	-16.65	0.712	-19.887	117
C	-17.247	0.163	-18.582	117
N	-18.506	0.47	-18.275	118
CA	-19.25	-0.015	-17.103	118
C	-19.505	-1.53	-17.083	118
N	-19.354	-2.206	-18.22	119
CA	-19.45	-3.665	-18.343	119
C	-18.077	-4.351	-18.286	119
N	-17.003	-3.584	-18.064	120
CA	-15.649	-4.104	-17.915	120
C	-15.595	-5.152	-16.797	120
N	-15.195	-6.369	-17.164	121
CA	-14.955	-7.448	-16.214	121
C	-13.76	-7.157	-15.305	121
N	-13.75	-7.726	-14.099	122
CA	-12.584	-7.656	-13.225	122
C	-11.352	-8.277	-13.9	122
N	-10.217	-7.57	-13.86	123
CA	-8.956	-7.971	-14.494	123
C	-8.356	-9.276	-13.976	123
N	-8.77	-9.695	-12.783	124
CA	-8.41	-10.954	-12.14	124
C	-9.479	-11.305	-11.09	124
N	-9.443	-12.53	-10.577	125
CA	-10.093	-12.856	-9.317	125
C	-9.311	-12.269	-8.139	125
N	-9.982	-12.05	-7.015	126
CA	-9.273	-11.71	-5.789	126
C	-10.174	-11.168	-4.7	126
N	-9.539	-10.804	-3.592	127
CA	-10.174	-10.266	-2.393	127
C	-9.488	-8.939	-2.084	127
N	-10.251	-7.908	-1.74	128
CA	-9.724	-6.583	-1.417	128
C	-10.375	-6.071	-0.145	128
N	-9.609	-5.333	0.66	129
CA	-10.091	-4.784	1.921	129
C	-9.96	-3.264	1.993	129
N	-11.008	-2.657	2.529	130
CA	-11.11	-1.265	2.921	130
C	-11.09	-1.153	4.432	130
N	-10.329	-0.227	5.002	131
CA	-10.368	0.02	6.441	131
C	-10.413	1.511	6.754	131
N	-11.189	1.867	7.774	132
CA	-11.217	3.195	8.368	132
C	-11.441	3.104	9.883	132
N	-10.897	4.075	10.607	133
CA	-10.944	4.197	12.072	133
C	-11.091	5.67	12.432	133
N	-11.852	6.013	13.465	134
CA	-12.056	7.394	13.914	134
C	-10.92	7.928	14.798	134
N	-9.875	7.13	15.037	135
CA	-8.754	7.501	15.91	135
C	-7.903	8.675	15.386	135
N	-8.027	9.028	14.1	136
CA	-7.394	10.207	13.483	136
C	-8.345	10.952	12.543	136
N	-7.995	12.195	12.209	137
CA	-8.752	13.016	11.262	137
C	-8.754	12.398	9.861	137
N	-7.609	11.864	9.424	138
CA	-7.416	11.155	8.151	138
C	-8.152	9.8	8.089	138
N	-8.753	9.372	9.202	139
CA	-9.446	8.091	9.366	139
C	-8.546	6.87	9.159	139
N	-7.274	6.999	9.521	140
CA	-6.249	5.958	9.438	140
C	-5.693	5.618	10.826	140
N	-5.089	4.43	11.003	141
CA	-4.403	4.122	12.246	141
C	-3.26	5.099	12.532	141
N	-3.156	5.564	13.776	142
CA	-2.104	6.489	14.189	142
C	-0.712	5.856	14.05	142
N	-0.586	4.549	14.312	143
CA	0.673	3.797	14.166	143
C	1.282	3.958	12.77	143
N	0.508	3.693	11.71	144
CA	1.002	3.747	10.327	144
C	1.194	5.19	9.848	144
N	0.301	6.109	10.238	145
CA	0.441	7.534	9.924	145
C	1.744	8.117	10.478	145
N	2.075	7.839	11.742	146
CA	3.325	8.311	12.337	146
C	4.54	7.651	11.678	146
N	4.489	6.346	11.396	147
CA	5.574	5.657	10.699	147
C	5.851	6.28	9.311	147
N	4.81	6.594	8.532	148
CA	4.941	7.316	7.262	148
C	5.517	8.721	7.447	148
N	4.952	9.518	8.367	149
CA	5.393	10.9	8.628	149
C	6.866	10.954	9.061	149
N	7.359	9.955	9.801	150
CA	8.781	9.838	10.15	150
C	9.669	9.629	8.911	150
N	9.294	8.741	7.98	151
CA	10.049	8.57	6.728	151
C	10.002	9.831	5.852	151
N	8.845	10.49	5.761	152
CA	8.71	11.733	5.003	152
C	9.588	12.853	5.592	152
N	9.676	12.944	6.923	153
CA	10.561	13.885	7.603	153
C	12.049	13.573	7.363	153
N	12.45	12.294	7.361	154
CA	13.808	11.871	6.981	154
C	14.144	12.307	5.547	154
N	13.246	12.059	4.592	155
CA	13.44	12.472	3.205	155
C	13.51	14.001	3.053	155
N	12.67	14.745	3.778	156
CA	12.692	16.212	3.798	156
C	14.017	16.755	4.343	156
N	14.489	16.23	5.478	157
CA	15.759	16.626	6.089	157
C	16.981	16.288	5.216	157
N	16.916	15.173	4.478	158
CA	17.917	14.793	3.474	158
C	17.93	15.77	2.299	158
N	16.761	16.06	1.717	159
CA	16.623	16.925	0.53	159
C	16.948	18.389	0.819	159
N	16.628	18.883	2.014	160
CA	16.958	20.251	2.432	160
C	18.44	20.438	2.769	160
N	19.181	19.341	2.961	161
CA	20.56	19.364	3.434	161
C	20.7	19.634	4.933	161
N	19.605	19.673	5.709	162
CA	19.697	19.845	7.167	162
C	20.343	18.64	7.852	162
N	20.162	17.438	7.293	163
CA	20.842	16.208	7.711	163
C	21.527	15.574	6.481	163
N	22.671	16.121	6.022	164
CA	23.253	15.8	4.71	164
C	23.839	14.381	4.619	164
N	24.104	13.761	5.768	165
CA	24.584	12.386	5.894	165
C	23.477	11.343	5.663	165
N	22.195	11.737	5.638	166
CA	21.089	10.821	5.349	166
C	21.161	10.312	3.908	166
N	20.917	9.015	3.733	167
CA	20.744	8.382	2.421	167
C	19.287	7.912	2.236	167
N	18.861	7.553	1.009	168
CA	17.439	7.35	0.715	168
C	16.761	6.146	1.392	168
N	17.491	5.071	1.706	169
CA	16.919	3.852	2.297	169
C	16.674	4.017	3.799	169
N	15.402	3.996	4.198	170
CA	14.981	4.181	5.587	170
C	13.832	3.247	5.948	170
N	13.785	2.841	7.216	171
CA	12.697	2.083	7.834	171
C	12.328	2.718	9.166	171
N	11.037	2.797	9.442	172
CA	10.503	3.276	10.716	172
C	9.445	2.31	11.222	172
N	9.321	2.197	12.537	173
CA	8.29	1.4	13.186	173
C	7.795	2.149	14.415	173
N	6.481	2.181	14.611	174
CA	5.846	2.869	15.737	174
C	4.896	1.903	16.426	174
N	5.116	1.7	17.721	175
CA	4.202	1.003	18.625	175
C	3.437	2.038	19.437	175
N	2.113	1.938	19.454	176
CA	1.227	2.783	20.26	176
C	0.547	1.912	21.317	176
N	0.439	2.44	22.533	177
CA	-0.462	1.915	23.554	177
C	-1.871	2.463	23.311	177
N	-2.839	1.565	23.169	178
CA	-4.24	1.872	22.914	178
C	-5.123	1.449	24.083	178
N	-6.202	2.193	24.299	179
CA	-7.336	1.813	25.146	179
C	-8.502	1.344	24.26	179
N	-9.171	0.239	24.622	180
CA	-10.402	-0.206	23.939	180
C	-11.625	0.562	24.453	180
N	-12.484	1.024	23.542	181
CA	-13.736	1.723	23.868	181
C	-14.895	1.248	22.979	181
N	-15.653	0.246	23.441	182
CA	-16.83	-0.253	22.714	182
C	-16.538	-0.682	21.268	182
N	-15.367	-1.284	21.024	183
CA	-14.891	-1.678	19.691	183
C	-13.982	-0.653	19.006	183
N	-14.115	0.631	19.349	184
CA	-13.185	1.677	18.936	184
C	-11.859	1.57	19.705	184
N	-10.836	2.264	19.212	185
CA	-9.497	2.28	19.81	185
C	-9.054	3.722	20.008	185
N	-8.508	4.023	21.184	186
CA	-8.074	5.372	21.555	186
C	-6.562	5.334	21.803	186
N	-5.74	6.005	20.974	187
CA	-4.309	6.136	21.217	187
C	-4.048	6.827	22.558	187
N	-3.166	6.262	23.383	188
CA	-2.795	6.831	24.688	188
C	-1.417	7.464	24.65	188
N	-0.426	6.709	24.178	189
CA	0.978	7.123	24.124	189
C	1.756	6.293	23.108	189
N	2.9	6.799	22.672	190
CA	3.853	6.049	21.853	190
C	4.701	5.17	22.757	190
N	4.498	3.862	22.671	191
CA	5.252	2.89	23.453	191
C	6.719	2.814	23.008	191
N	6.926	2.516	21.725	192
CA	8.244	2.24	21.15	192
C	8.362	2.856	19.759	192
N	9.519	3.447	19.456	193
CA	9.878	3.962	18.129	193
C	11.154	3.273	17.659	193
N	11.139	2.748	16.436	194
CA	12.328	2.238	15.746	194
C	12.591	3.1	14.522	194
N	13.836	3.535	14.335	195
CA	14.288	4.167	13.089	195
C	15.621	3.546	12.686	195
N	15.662	3.013	11.467	196
CA	16.881	2.605	10.77	196
C	16.994	3.412	9.482	196
N	18.032	4.224	9.348	197
CA	18.311	5.036	8.165	197
C	19.676	4.684	7.608	197
N	19.762	4.498	6.296	198
CA	21.034	4.457	5.602	198
C	21.741	5.804	5.813	198
N	23.047	5.771	6.056	199
CA	23.83	6.967	6.347	199
C	25.214	6.929	5.698	199
N	25.789	8.11	5.505	200
CA	27.165	8.279	5.067	200
C	28.166	7.867	6.173	200
N	29.425	7.62	5.808	201
CA	30.431	7.045	6.717	201
C	30.89	7.996	7.821	201
N	30.834	9.294	7.56	202
CA	31.403	10.348	8.388	202
C	30.643	10.599	9.696	202
N	29.363	10.213	9.792	203
CA	28.586	10.433	11.013	203
C	28.737	9.283	12.013	203
N	28.99	9.634	13.276	204
CA	29.006	8.668	14.378	204
C	27.587	8.242	14.754	204
N	27.416	6.987	15.179	205
CA	26.116	6.469	15.64	205
C	25.544	7.293	16.799	205
N	26.394	7.832	17.679	206
CA	25.959	8.682	18.793	206
C	25.311	9.985	18.305	206
N	25.973	10.706	17.394	207
CA	25.44	11.951	16.846	207
C	24.188	11.682	16.017	207
N	24.21	10.644	15.177	208
CA	23.047	10.223	14.403	208
C	21.819	10.034	15.31	208
N	21.956	9.292	16.418	209
CA	20.85	9.055	17.365	209
C	20.272	10.355	17.925	209
N	21.133	11.294	18.326	210
CA	20.727	12.61	18.849	210
C	19.962	13.416	17.795	210
N	20.522	13.524	16.593	211
CA	19.948	14.272	15.467	211
C	18.573	13.721	15.058	211
N	18.411	12.395	15.003	212
CA	17.125	11.768	14.664	212
C	16.062	12.025	15.736	212
N	16.411	11.93	17.02	213
CA	15.454	12.22	18.096	213
C	15.001	13.683	18.017	213
N	15.948	14.615	17.929	214
CA	15.664	16.048	18.017	214
C	15.02	16.612	16.745	214
N	15.515	16.222	15.572	215
CA	15.132	16.86	14.313	215
C	14.142	16.063	13.474	215
N	13.855	14.812	13.84	216
CA	12.862	13.978	13.15	216
C	11.733	13.607	14.102	216
N	12.023	12.881	15.184	217
CA	10.976	12.321	16.051	217
C	10.17	13.419	16.737	217
N	10.829	14.338	17.453	218
CA	10.141	15.425	18.172	218
C	9.413	16.413	17.258	218
N	9.783	16.482	15.973	219
CA	9.082	17.319	14.985	219
C	7.834	16.651	14.416	219
N	7.81	15.32	14.375	220
CA	6.724	14.543	13.763	220
C	5.698	14.097	14.792	220
N	6.158	13.591	15.933	221
CA	5.288	13.008	16.946	221
C	4.884	14.102	17.939	221
N	3.574	14.328	18.151	222
CA	3.092	15.255	19.166	222
C	3.686	14.966	20.548	222
N	4.159	16.011	21.229	223
CA	4.849	15.893	22.521	223
C	4.019	15.149	23.575	223
N	2.697	15.348	23.598	224
CA	1.8	14.69	24.555	224
C	1.699	13.162	24.395	224
N	2.187	12.598	23.285	225
CA	2.264	11.15	23.078	225
C	3.616	10.565	23.504	225
N	4.609	11.407	23.794	226
CA	5.946	11.009	24.222	226
C	6.092	11.239	25.73	226
N	6.7	10.284	26.421	227
CA	6.961	10.359	27.862	227
C	8.306	9.708	28.231	227
N	8.606	9.67	29.529	228
CA	9.815	9.078	30.108	228
C	9.907	7.55	29.942	228
N	8.801	6.885	29.591	229
CA	8.728	5.437	29.343	229
C	8.859	5.077	27.869	229
N	8.857	6.062	26.976	230
CA	8.943	5.83	25.534	230
C	10.3	5.238	25.166	230
N	10.284	4.095	24.481	231
CA	11.492	3.362	24.099	231
C	11.946	3.813	22.71	231
N	13.225	4.173	22.585	232
CA	13.819	4.649	21.335	232
C	14.896	3.68	20.828	232
N	14.596	2.949	19.755	233
CA	15.549	2.111	19.024	233
C	16.025	2.822	17.752	233
N	17.001	3.721	17.903	234
CA	17.523	4.544	16.802	234
C	18.877	4.009	16.337	234
N	18.968	3.634	15.059	235
CA	20.064	2.824	14.508	235
C	20.399	1.627	15.407	235
N	19.434	0.72	15.647	236
CA	19.665	-0.431	16.51	236
C	20.738	-1.375	15.942	236
N	20.94	-1.409	14.616	237
CA	22.025	-2.172	13.972	237
C	23.428	-1.612	14.243	237
N	23.534	-0.394	14.783	238
CA	24.795	0.31	15.015	238
C	25.393	0.952	13.759	238
N	25.369	0.26	12.613	239
CA	25.894	0.743	11.324	239
C	24.969	0.349	10.172	239
N	24.661	1.302	9.293	240
CA	23.859	1.085	8.087	240
C	24.375	1.959	6.927	240
N	25.604	1.69	6.474	241
CA	26.23	2.423	5.351	241
C	25.82	1.825	4.002	241
N	25.955	0.502	3.872	242
CA	25.461	-0.251	2.715	242
C	23.939	-0.309	2.814	242
N	23.234	0.202	1.809	243
CA	21.772	0.217	1.768	243
C	21.238	0.193	0.342	243
N	19.942	0.448	0.197	244
CA	19.256	0.387	-1.09	244
C	19.377	-0.997	-1.745	244
N	19.33	-1.075	-3.088	245
CA	19.433	-2.346	-3.809	245
C	20.754	-3.105	-3.586	245
N	21.811	-2.417	-3.138	246
CA	23.076	-3.058	-2.78	246
C	22.913	-3.908	-1.513	246
N	22.276	-3.35	-0.481	247
CA	22.048	-4.02	0.801	247
C	21.016	-5.144	0.728	247
N	19.898	-4.922	0.038	248
CA	18.781	-5.874	-0.032	248
C	18.166	-5.904	-1.441	248
N	17.545	-7.015	-1.832	249
CA	16.828	-7.087	-3.104	249
C	15.474	-6.378	-2.978	249
N	15.056	-5.687	-4.034	250
CA	13.755	-5.033	-4.112	250
C	12.843	-5.731	-5.101	250
N	11.559	-5.833	-4.772	251
CA	10.506	-6.268	-5.688	251
C	9.238	-5.43	-5.487	251
N	8.552	-5.121	-6.587	252
CA	7.211	-4.521	-6.567	252
C	6.263	-5.381	-5.733	252
N	5.382	-4.745	-4.963	253
CA	4.352	-5.455	-4.211	253
C	4.849	-6.21	-2.978	253
N	6.051	-5.92	-2.468	254
CA	6.566	-6.517	-1.214	254
C	6.333	-5.668	0.03	254
N	5.613	-4.556	-0.121	255
CA	5.292	-3.606	0.951	255
C	3.789	-3.341	1.092	255
N	2.952	-4.315	0.729	256
CA	1.48	-4.196	0.719	256
C	0.851	-3.767	2.058	256
N	1.453	-4.13	3.196	257
CA	0.96	-3.708	4.518	257
C	1.39	-2.273	4.858	257
N	2.565	-1.847	4.38	258
CA	3.006	-0.443	4.435	258
C	2.125	0.414	3.529	258
N	1.724	-0.105	2.37	259
CA	0.873	0.613	1.418	259
C	-0.556	0.845	1.909	259
N	-0.995	0.058	2.894	260
CA	-2.378	0.028	3.366	260
C	-2.52	0.509	4.807	260
N	-2.692	-0.412	5.753	261
CA	-3.196	-0.108	7.093	261
C	-2.213	-0.503	8.2	261
N	-0.965	-0.848	7.867	262
CA	0.079	-1.11	8.86	262
C	-0.23	-2.268	9.814	262
N	-0.955	-3.284	9.347	263
CA	-1.368	-4.452	10.13	263
C	-2.788	-4.354	10.689	263
N	-3.401	-3.167	10.675	264
CA	-4.814	-3.001	11.014	264
C	-5.735	-3.482	9.89	264
N	-7.002	-3.73	10.228	265
CA	-7.985	-4.218	9.267	265
C	-7.599	-5.598	8.737	265
N	-7.454	-5.708	7.419	266
CA	-6.974	-6.903	6.736	266
C	-6.371	-6.528	5.373	266
N	-5.768	-7.507	4.7	267
CA	-5.236	-7.364	3.35	267
C	-5.568	-8.608	2.524	267
N	-5.902	-8.43	1.246	268
CA	-6.324	-9.538	0.381	268
C	-5.198	-10.213	-0.405	268
N	-4.031	-9.57	-0.471	269
CA	-2.784	-10.13	-1.01	269
C	-2.278	-9.425	-2.267	269
N	-3.174	-8.812	-3.041	270
CA	-2.834	-8.107	-4.274	270
C	-1.987	-6.85	-4.061	270
N	-0.877	-6.735	-4.791	271
CA	-0.084	-5.507	-4.863	271
C	-0.806	-4.404	-5.65	271
N	-0.466	-3.138	-5.391	272
CA	-1.038	-1.999	-6.111	272
C	-0.164	-1.546	-7.282	272
N	1.107	-1.232	-7.021	273
CA	2.007	-0.591	-7.986	273
C	2.176	-1.351	-9.294	273
N	2.276	-0.6	-10.396	274
CA	2.433	-1.158	-11.74	274
C	1.148	-1.64	-12.406	274
N	-0.021	-1.423	-11.791	275
CA	-1.301	-1.956	-12.277	275
C	-2.291	-0.868	-12.687	275
N	-2.901	-1.016	-13.864	276
CA	-3.999	-0.147	-14.312	276
C	-5.323	-0.433	-13.571	276
N	-6.328	0.429	-13.759	277
CA	-7.598	0.371	-13.025	277
C	-8.408	-0.921	-13.238	277
N	-8.167	-1.68	-14.315	278
CA	-8.839	-2.969	-14.533	278
C	-8.403	-4.037	-13.526	278
N	-7.234	-3.884	-12.889	279
CA	-6.742	-4.808	-11.859	279
C	-7.394	-4.451	-10.529	279
N	-8.39	-5.25	-10.158	280
CA	-9.219	-5.028	-8.965	280
C	-8.424	-5.018	-7.665	280
N	-7.245	-5.649	-7.622	281
CA	-6.291	-5.528	-6.508	281
C	-6.105	-4.081	-6.053	281
N	-5.983	-3.159	-7.011	282
CA	-5.802	-1.731	-6.764	282
C	-7.134	-0.993	-6.725	282
N	-7.919	-1.067	-7.802	283
CA	-9.117	-0.23	-7.947	283
C	-10.192	-0.572	-6.917	283
N	-10.423	-1.858	-6.646	284
CA	-11.395	-2.268	-5.642	284
C	-10.882	-2.073	-4.21	284
N	-9.568	-2.124	-3.958	285
CA	-9.014	-1.733	-2.658	285
C	-9.196	-0.229	-2.39	285
N	-8.972	0.627	-3.394	286
CA	-9.258	2.063	-3.294	286
C	-10.752	2.322	-3.072	286
N	-11.63	1.635	-3.808	287
CA	-13.073	1.726	-3.592	287
C	-13.476	1.228	-2.195	287
N	-12.876	0.145	-1.698	288
CA	-13.171	-0.371	-0.367	288
C	-12.739	0.623	0.719	288
N	-11.565	1.256	0.569	289
CA	-11.132	2.372	1.423	289
C	-12.142	3.516	1.381	289
N	-12.575	3.91	0.187	290
CA	-13.552	4.977	-0.005	290
C	-14.876	4.682	0.705	290
N	-15.378	3.45	0.598	291
CA	-16.577	2.99	1.312	291
C	-16.363	3.028	2.825	291
N	-15.29	2.413	3.334	292
CA	-15.0	2.376	4.768	292
C	-14.894	3.792	5.362	292
N	-14.165	4.692	4.691	293
CA	-14.012	6.089	5.114	293
C	-15.327	6.863	5.062	293
N	-16.161	6.613	4.053	294
CA	-17.481	7.244	3.931	294
C	-18.409	6.831	5.073	294
N	-18.411	5.549	5.454	295
CA	-19.216	5.038	6.569	295
C	-18.796	5.643	7.915	295
N	-17.487	5.702	8.194	296
CA	-16.981	6.303	9.441	296
C	-17.239	7.813	9.463	296
N	-17.005	8.518	8.351	297
CA	-17.302	9.96	8.24	297
C	-18.796	10.263	8.406	297
N	-19.683	9.392	7.917	298
CA	-21.131	9.533	8.076	298
C	-21.629	9.248	9.508	298
N	-20.745	8.852	10.432	299
CA	-21.108	8.502	11.806	299
C	-21.865	7.176	11.925	299
N	-21.817	6.327	10.891	300
CA	-22.467	5.013	10.895	300
C	-21.666	3.966	11.675	300
N	-20.365	4.181	11.848	301
CA	-19.465	3.367	12.654	301
C	-18.28	4.223	13.121	301
N	-17.556	3.769	14.145	302
CA	-16.263	4.359	14.537	302
C	-15.087	3.651	13.869	302
N	-15.235	2.357	13.585	303
CA	-14.284	1.549	12.815	303
C	-15.045	0.709	11.808	303
N	-14.493	0.547	10.613	304
CA	-15.1	-0.256	9.561	304
C	-14.024	-1.002	8.771	304
N	-14.186	-2.318	8.649	305
CA	-13.485	-3.189	7.714	305
C	-14.482	-3.635	6.646	305
N	-14.195	-3.327	5.39	306
CA	-15.011	-3.678	4.225	306
C	-14.228	-4.674	3.386	306
N	-14.876	-5.718	2.882	307
CA	-14.274	-6.671	1.953	307
C	-15.1	-6.749	0.674	307
N	-14.415	-6.744	-0.466	308
CA	-14.971	-7.118	-1.764	308
C	-14.238	-8.339	-2.313	308
N	-14.917	-9.124	-3.143	309
CA	-14.274	-10.14	-3.976	309
C	-14.787	-10.09	-5.41	309
N	-13.965	-10.54	-6.356	310
CA	-14.299	-10.604	-7.781	310
C	-13.852	-11.933	-8.386	310
N	-14.458	-12.277	-9.52	311
CA	-14.0	-13.317	-10.43	311
C	-13.564	-12.668	-11.751	311
N	-12.496	-13.179	-12.369	312
CA	-11.978	-12.636	-13.63	312
C	-13.074	-12.588	-14.708	312
N	-13.181	-11.46	-15.411	313
CA	-14.192	-11.234	-16.45	313
C	-15.602	-10.905	-15.941	313
N	-15.864	-10.987	-14.633	314
CA	-17.155	-10.604	-14.04	314
C	-17.065	-9.176	-13.506	314
N	-17.98	-8.302	-13.934	315
CA	-17.978	-6.898	-13.517	315
C	-18.466	-6.719	-12.069	315
N	-19.532	-7.423	-11.685	316
CA	-20.117	-7.325	-10.345	316
C	-19.262	-8.055	-9.293	316
N	-19.126	-7.513	-8.067	317
CA	-18.471	-8.224	-6.978	317
C	-19.175	-9.549	-6.664	317
N	-18.401	-10.607	-6.434	318
CA	-18.921	-11.902	-5.972	318
C	-19.347	-11.882	-4.504	318
N	-18.791	-10.974	-3.696	319
CA	-19.231	-10.738	-2.318	319
C	-18.944	-9.312	-1.846	319
N	-19.762	-8.851	-0.893	320
CA	-19.558	-7.631	-0.104	320
C	-19.717	-8.015	1.369	320
N	-18.713	-7.724	2.192	321
CA	-18.738	-7.944	3.64	321
C	-18.344	-6.672	4.39	321
N	-18.907	-6.494	5.588	322
CA	-18.539	-5.415	6.5	322
C	-18.512	-5.885	7.957	322
N	-17.449	-5.502	8.661	323
CA	-17.339	-5.557	10.116	323
C	-17.123	-4.149	10.668	323
N	-17.917	-3.774	11.666	324
CA	-17.782	-2.484	12.357	324
C	-17.172	-2.621	13.743	324
N	-16.692	-3.814	14.103	325
CA	-16.114	-4.126	15.408	325
C	-17.077	-3.824	16.568	325
N	-18.389	-3.882	16.316	326
CA	-19.426	-3.514	17.287	326
C	-19.623	-2.005	17.483	326
N	-19.018	-1.161	16.64	327
CA	-19.093	0.306	16.771	327
C	-20.277	0.942	16.041	327
N	-21.035	0.164	15.263	328
CA	-22.286	0.607	14.648	328
C	-23.5	0.219	15.487	328
N	-24.557	1.032	15.401	329
CA	-25.899	0.665	15.882	329
C	-26.7	-0.127	14.844	329
N	-26.269	-0.115	13.583	330
CA	-26.903	-0.85	12.495	330
C	-26.33	-2.264	12.417	330
N	-27.134	-3.201	11.917	331
CA	-26.643	-4.545	11.623	331
C	-25.738	-4.541	10.39	331
N	-24.932	-5.593	10.246	332
CA	-24.108	-5.814	9.053	332
C	-24.959	-5.812	7.782	332
N	-26.144	-6.424	7.797	333
CA	-27.049	-6.47	6.64	333
C	-27.531	-5.073	6.24	333
N	-27.921	-4.248	7.217	334
CA	-28.346	-2.874	6.96	334
C	-27.203	-2.027	6.379	334
N	-25.975	-2.207	6.873	335
CA	-24.803	-1.519	6.332	335
C	-24.461	-1.984	4.911	335
N	-24.559	-3.284	4.612	336
CA	-24.383	-3.805	3.243	336
C	-25.41	-3.191	2.293	336
N	-26.658	-3.035	2.729	337
CA	-27.702	-2.403	1.922	337
C	-27.412	-0.915	1.668	337
N	-26.913	-0.187	2.672	338
CA	-26.432	1.193	2.49	338
C	-25.289	1.236	1.47	338
N	-24.34	0.294	1.526	339
CA	-23.236	0.22	0.559	339
C	-23.792	0.021	-0.855	339
N	-24.635	-0.995	-1.071	340
CA	-25.222	-1.305	-2.389	340
C	-26.024	-0.143	-2.977	340
N	-26.736	0.608	-2.139	341
CA	-27.548	1.741	-2.588	341
C	-26.741	3.014	-2.895	341
N	-25.486	3.104	-2.447	342
CA	-24.661	4.307	-2.603	342
C	-23.421	4.096	-3.485	342
N	-22.986	2.853	-3.689	343
CA	-21.768	2.517	-4.417	343
C	-22.034	1.432	-5.455	343
N	-21.723	1.751	-6.707	344
CA	-21.6	0.769	-7.776	344
C	-20.127	0.368	-7.868	344
N	-19.861	-0.897	-7.56	345
CA	-18.516	-1.424	-7.354	345
C	-17.974	-2.137	-8.596	345
N	-18.621	-2.0	-9.755	346
CA	-18.055	-2.521	-11.001	346
C	-16.761	-1.766	-11.343	346
N	-15.669	-2.433	-11.77	347
CA	-14.383	-1.78	-12.061	347
C	-14.503	-0.605	-13.04	347
N	-15.382	-0.755	-14.033	348
CA	-15.729	0.264	-15.019	348
C	-16.446	1.506	-14.485	348
N	-17.135	1.387	-13.351	349
CA	-17.767	2.513	-12.651	349
C	-16.797	3.114	-11.638	349
N	-16.033	2.274	-10.929	350
CA	-14.977	2.703	-9.999	350
C	-13.978	3.634	-10.696	350
N	-13.509	3.285	-11.901	351
CA	-12.576	4.139	-12.659	351
C	-13.144	5.53	-12.94	351
N	-14.462	5.653	-13.151	352
CA	-15.13	6.939	-13.395	352
C	-15.308	7.732	-12.105	352
N	-15.846	7.108	-11.058	353
CA	-16.11	7.772	-9.77	353
C	-14.814	8.229	-9.081	353
N	-13.725	7.47	-9.242	354
CA	-12.432	7.758	-8.618	354
C	-11.403	8.372	-9.582	354
N	-11.766	8.617	-10.843	355
CA	-10.911	9.244	-11.862	355
C	-9.525	8.57	-11.993	355
N	-9.556	7.236	-12.139	356
CA	-8.388	6.339	-12.108	356
C	-7.695	6.176	-13.471	356
N	-8.238	6.742	-14.545	357
CA	-7.608	6.718	-15.87	357
C	-6.565	7.845	-16.056	357
N	-5.991	8.363	-14.961	358
CA	-5.053	9.495	-14.958	358
C	-3.664	9.101	-14.456	358
N	-2.609	9.814	-14.886	359
CA	-1.243	9.588	-14.422	359
C	-1.009	10.205	-13.028	359
N	-1.531	9.556	-11.985	360
CA	-1.45	10.013	-10.584	360
C	-0.779	8.997	-9.647	360
N	-0.361	7.843	-10.16	361
CA	-0.02	6.672	-9.357	361
C	1.371	6.743	-8.744	361
N	2.331	7.412	-9.388	362
CA	3.69	7.565	-8.862	362
C	3.693	8.135	-7.437	362
N	2.809	9.105	-7.175	363
CA	2.658	9.739	-5.857	363
C	2.078	8.807	-4.79	363
N	1.437	7.706	-5.184	364
CA	0.841	6.728	-4.257	364
C	1.834	5.659	-3.806	364
N	2.896	5.426	-4.586	365
CA	3.841	4.326	-4.401	365
C	4.784	4.471	-3.189	365
N	4.727	5.597	-2.472	366
CA	5.463	5.84	-1.229	366
C	4.562	6.524	-0.2	366
N	4.865	6.325	1.087	367
CA	4.127	6.919	2.214	367
C	2.653	6.496	2.355	367
N	2.266	5.366	1.757	368
CA	0.938	4.768	1.895	368
C	-0.099	5.365	0.942	368
N	-0.875	4.5	0.29	369
CA	-1.832	4.89	-0.754	369
C	-3.022	5.704	-0.215	369
N	-3.281	5.6	1.089	370
CA	-4.426	6.207	1.773	370
C	-4.054	7.46	2.58	370
N	-2.776	7.851	2.574	371
CA	-2.274	8.97	3.384	371
C	-2.618	10.327	2.771	371
N	-2.491	10.486	1.447	372
CA	-2.785	11.763	0.792	372
C	-4.298	12.007	0.7	372
N	-4.789	12.941	1.515	373
CA	-6.21	13.264	1.616	373
C	-6.78	13.925	0.353	373
N	-5.946	14.382	-0.585	374
CA	-6.393	14.924	-1.878	374
C	-6.842	13.837	-2.87	374
N	-6.5	12.568	-2.62	375
CA	-6.888	11.466	-3.496	375
C	-8.415	11.284	-3.513	375
N	-8.972	10.897	-4.661	376
CA	-10.424	10.757	-4.859	376
C	-11.068	9.746	-3.904	376
N	-10.408	8.617	-3.634	377
CA	-10.879	7.62	-2.66	377
C	-10.805	8.094	-1.204	377
N	-10.076	9.177	-0.93	378
CA	-10.035	9.816	0.383	378
C	-11.123	10.891	0.551	378
N	-11.908	11.197	-0.491	379
CA	-13.036	12.135	-0.444	379
C	-14.341	11.388	-0.115	379
N	-14.811	11.384	1.147	380
CA	-15.941	10.554	1.556	380
C	-17.223	10.909	0.79	380
N	-17.918	9.885	0.287	381
CA	-19.213	10.035	-0.381	381
C	-20.283	10.379	0.65	381
N	-21.131	11.366	0.348	382
CA	-22.33	11.63	1.151	382
C	-23.337	10.498	0.942	382
N	-23.568	9.713	1.989	383
CA	-24.451	8.55	1.949	383
C	-25.922	8.947	2.13	383
N	-26.819	8.212	1.472	384
CA	-28.271	8.24	1.685	384
C	-28.665	6.989	2.472	384
N	-29.268	7.168	3.646	385
CA	-29.734	6.101	4.535	385
C	-30.833	6.595	5.475	385
