ATOM	X	Y	Z	RESIDUE
N	13.722	2.095	5.767	1
CA	12.811	1.172	6.488	1
C	11.667	1.941	7.161	1
N	10.819	1.21	7.871	2
CA	9.61	1.768	8.509	2
C	9.075	0.729	9.477	2
N	8.242	1.151	10.414	3
CA	7.56	0.193	11.287	3
C	6.549	-0.609	10.493	3
N	6.244	-1.801	10.985	4
CA	5.237	-2.638	10.345	4
C	4.903	-3.808	11.244	4
N	4.583	-4.939	10.604	5
CA	4.176	-6.179	11.275	5
C	4.937	-7.37	10.691	5
N	6.111	-7.104	10.136	6
CA	6.931	-8.163	9.538	6
C	7.834	-8.775	10.583	6
N	8.739	-9.635	10.116	7
CA	9.675	-10.331	11.012	7
C	10.688	-9.385	11.669	7
N	10.951	-8.251	11.028	8
CA	12.028	-7.353	11.429	8
C	11.602	-5.963	11.869	8
N	10.317	-5.643	11.753	9
CA	9.844	-4.313	12.085	9
C	8.515	-4.312	12.846	9
N	8.177	-5.452	13.43	10
CA	6.939	-5.627	14.152	10
C	6.9	-4.995	15.521	10
N	5.804	-5.239	16.242	11
CA	5.563	-4.594	17.531	11
C	6.714	-4.599	18.53	11
N	7.515	-5.66	18.564	12
CA	8.616	-5.718	19.546	12
C	9.783	-4.797	19.184	12
N	9.756	-4.209	17.988	13
CA	10.767	-3.262	17.55	13
C	10.356	-1.808	17.682	13
N	9.055	-1.548	17.87	14
CA	8.54	-0.177	17.765	14
C	9.136	0.764	18.788	14
N	9.501	0.24	19.956	15
CA	10.075	1.083	21.013	15
C	11.339	1.829	20.607	15
N	12.058	1.303	19.623	16
CA	13.32	1.907	19.198	16
C	13.122	3.248	18.506	16
N	11.975	3.457	17.857	17
CA	11.623	4.766	17.297	17
C	10.52	5.494	18.038	17
N	9.746	4.775	18.855	18
CA	8.608	5.334	19.591	18
C	8.713	4.837	21.027	18
N	9.566	5.488	21.853	19
CA	9.827	4.939	23.189	19
C	8.596	4.864	24.106	19
N	7.552	5.642	23.802	20
CA	6.284	5.548	24.529	20
C	5.678	4.14	24.414	20
N	6.19	3.297	23.498	21
CA	5.791	1.913	23.419	21
C	5.849	1.181	24.76	21
N	6.789	1.587	25.618	22
CA	6.965	1.01	26.967	22
C	6.34	1.888	28.062	22
N	5.351	2.709	27.696	23
CA	4.743	3.658	28.609	23
C	3.741	3.057	29.579	23
N	3.09	3.963	30.297	24
CA	2.211	3.595	31.406	24
C	0.768	3.352	31.019	24
N	0.368	3.734	29.81	25
CA	-1.026	3.549	29.392	25
C	-1.114	3.067	27.949	25
N	-0.392	1.981	27.676	26
CA	-0.383	1.412	26.317	26
C	-1.538	0.437	26.059	26
N	-1.925	0.382	24.782	27
CA	-2.97	-0.492	24.317	27
C	-2.446	-1.368	23.191	27
N	-3.091	-2.506	22.915	28
CA	-4.264	-3.055	23.614	28
C	-3.845	-3.736	24.909	28
N	-4.838	-4.273	25.611	29
CA	-4.646	-4.998	26.871	29
C	-5.528	-6.23	26.826	29
N	-5.203	-7.191	27.695	30
CA	-6.113	-8.262	27.998	30
C	-7.176	-7.765	28.977	30
N	-8.425	-8.078	28.672	31
CA	-9.548	-7.741	29.523	31
C	-9.855	-8.975	30.365	31
N	-9.481	-8.903	31.634	32
CA	-9.771	-9.967	32.609	32
C	-11.188	-9.69	33.087	32
N	-12.136	-10.492	32.632	33
CA	-13.546	-10.209	32.881	33
C	-13.959	-10.308	34.321	33
N	-13.223	-11.107	35.079	34
CA	-13.571	-11.281	36.474	34
C	-13.053	-10.125	37.328	34
N	-11.941	-9.486	36.924	35
CA	-11.425	-8.325	37.638	35
C	-11.962	-6.969	37.202	35
N	-12.553	-6.887	36.019	36
CA	-13.189	-5.654	35.563	36
C	-14.336	-5.378	36.505	36
N	-14.432	-4.161	37.014	37
CA	-15.508	-3.868	37.976	37
C	-16.682	-3.204	37.302	37
N	-17.862	-3.722	37.596	38
CA	-19.072	-3.079	37.193	38
C	-19.12	-1.694	37.825	38
N	-19.384	-0.678	37.024	39
CA	-19.454	0.705	37.48	39
C	-20.865	1.191	37.178	39
N	-21.749	1.219	38.203	40
CA	-23.124	1.67	37.944	40
C	-23.214	3.152	37.563	40
N	-22.149	3.924	37.796	41
CA	-22.085	5.333	37.346	41
C	-21.876	5.518	35.828	41
N	-21.452	4.464	35.14	42
CA	-21.274	4.529	33.68	42
C	-22.615	4.652	32.972	42
N	-22.659	5.518	31.972	43
CA	-23.882	5.741	31.202	43
C	-23.951	4.819	30.002	43
N	-25.174	4.586	29.489	44
CA	-25.25	3.947	28.183	44
C	-24.469	4.725	27.141	44
N	-23.889	4.01	26.193	45
CA	-23.203	4.646	25.099	45
C	-24.259	5.281	24.174	45
N	-23.997	6.467	23.653	46
CA	-24.84	7.097	22.639	46
C	-24.074	7.115	21.328	46
N	-24.524	6.295	20.384	47
CA	-23.906	6.208	19.07	47
C	-24.874	6.842	18.089	47
N	-24.508	7.959	17.489	48
CA	-25.396	8.675	16.573	48
C	-24.751	8.721	15.212	48
N	-25.021	7.683	14.414	49
CA	-24.429	7.531	13.107	49
C	-25.42	7.715	11.941	49
N	-26.665	8.127	12.236	50
CA	-27.713	8.336	11.21	50
C	-27.251	9.227	10.034	50
N	-26.481	10.265	10.345	51
CA	-26.029	11.229	9.321	51
C	-24.548	11.052	8.923	51
N	-23.955	9.918	9.252	52
CA	-22.581	9.665	8.87	52
C	-22.41	9.725	7.355	52
N	-21.33	10.366	6.915	53
CA	-20.983	10.564	5.5	53
C	-19.61	9.981	5.236	53
N	-19.575	8.778	4.685	54
CA	-18.306	8.192	4.294	54
C	-17.86	8.831	3.007	54
N	-16.553	8.901	2.81	55
CA	-16.004	9.496	1.57	55
C	-15.143	8.576	0.741	55
N	-14.283	7.807	1.399	56
CA	-13.195	7.139	0.698	56
C	-12.692	5.969	1.522	56
N	-12.087	5.004	0.845	57
CA	-11.392	3.909	1.494	57
C	-9.948	3.91	1.0	57
N	-8.996	3.736	1.922	58
CA	-7.581	3.858	1.657	58
C	-6.817	2.659	2.208	58
N	-5.97	2.043	1.38	59
CA	-4.967	1.08	1.866	59
C	-3.745	1.906	2.216	59
N	-3.437	1.987	3.509	60
CA	-2.296	2.808	3.968	60
C	-1.015	2.005	4.208	60
N	-0.998	0.732	3.793	61
CA	0.159	-0.121	3.99	61
C	0.155	-0.88	5.31	61
N	-0.752	-0.534	6.223	62
CA	-0.896	-1.215	7.52	62
C	-2.294	-1.841	7.724	62
N	-3.306	-1.187	7.181	63
CA	-4.683	-1.637	7.191	63
C	-5.403	-0.877	6.082	63
N	-6.727	-0.962	6.051	64
CA	-7.518	-0.042	5.25	64
C	-8.387	0.836	6.134	64
N	-8.449	2.121	5.796	65
CA	-9.301	3.064	6.508	65
C	-10.5	3.47	5.693	65
N	-11.693	3.337	6.258	66
CA	-12.892	3.956	5.699	66
C	-13.017	5.326	6.369	66
N	-12.934	6.364	5.563	67
CA	-12.824	7.749	6.015	67
C	-14.171	8.448	5.912	67
N	-14.432	9.299	6.895	68
CA	-15.661	10.073	6.989	68
C	-15.417	11.554	6.881	68
N	-16.424	12.261	6.393	69
CA	-16.422	13.713	6.444	69
C	-16.653	14.089	7.897	69
N	-15.626	14.622	8.553	70
CA	-15.727	15.075	9.952	70
C	-15.706	16.605	10.067	70
N	-16.168	17.291	9.02	71
CA	-16.204	18.777	9.021	71
C	-17.443	19.362	9.717	71
N	-18.411	18.512	10.056	72
CA	-19.628	18.917	10.804	72
C	-19.924	17.866	11.86	72
N	-20.785	18.205	12.831	73
CA	-21.232	17.261	13.873	73
C	-22.321	16.417	13.246	73
N	-21.814	15.363	12.651	74
CA	-22.52	14.226	12.195	74
C	-21.627	13.124	12.743	74
N	-22.238	12.006	13.019	75
CA	-21.588	10.795	13.391	75
C	-20.788	11.08	14.635	75
N	-21.481	11.034	15.747	76
CA	-20.853	11.315	17.018	76
C	-21.093	10.218	18.039	76
N	-20.104	10.074	18.901	77
CA	-20.135	9.185	20.029	77
C	-20.13	10.075	21.27	77
N	-21.054	9.786	22.181	78
CA	-21.229	10.53	23.431	78
C	-21.62	9.531	24.525	78
N	-21.724	10.011	25.761	79
CA	-22.193	9.187	26.846	79
C	-21.16	8.156	27.186	79
N	-21.606	7.031	27.713	80
CA	-20.678	6.032	28.227	80
C	-19.777	6.668	29.286	80
N	-18.444	6.439	29.197	81
CA	-17.502	7.072	30.08	81
C	-17.108	8.493	29.683	81
N	-17.612	8.982	28.555	82
CA	-17.089	10.179	27.933	82
C	-17.745	11.43	28.471	82
N	-16.951	12.489	28.524	83
CA	-17.402	13.859	28.782	83
C	-17.37	14.549	27.413	83
N	-18.456	15.158	26.986	84
CA	-18.473	15.837	25.717	84
C	-18.763	14.942	24.511	84
N	-18.362	15.432	23.343	85
CA	-18.809	14.948	22.03	85
C	-17.583	14.54	21.248	85
N	-17.619	13.351	20.662	86
CA	-16.512	12.84	19.88	86
C	-17.009	12.519	18.486	86
N	-16.299	13.011	17.49	87
CA	-16.716	12.904	16.107	87
C	-15.989	11.798	15.356	87
N	-16.744	10.992	14.616	88
CA	-16.186	9.877	13.856	88
C	-15.347	10.411	12.692	88
N	-14.093	9.953	12.605	89
CA	-13.177	10.305	11.51	89
C	-12.917	9.129	10.564	89
N	-12.778	7.906	11.107	90
CA	-12.469	6.753	10.276	90
C	-12.724	5.497	11.053	90
N	-12.893	4.392	10.328	91
CA	-12.765	3.083	10.926	91
C	-11.784	2.23	10.14	91
N	-11.244	1.22	10.843	92
CA	-10.366	0.231	10.245	92
C	-10.442	-1.031	11.072	92
N	-9.769	-2.074	10.59	93
CA	-9.712	-3.354	11.267	93
C	-8.278	-3.785	11.488	93
N	-8.12	-4.736	12.42	94
CA	-6.918	-5.551	12.589	94
C	-7.362	-7.001	12.495	94
N	-6.574	-7.835	11.826	95
CA	-6.952	-9.217	11.617	95
C	-5.763	-10.142	11.505	95
N	-6.056	-11.437	11.473	96
CA	-5.021	-12.451	11.505	96
C	-4.806	-13.152	10.183	96
N	-3.795	-14.009	10.181	97
CA	-3.558	-14.947	9.088	97
C	-4.468	-16.165	9.158	97
N	-5.034	-16.42	10.331	98
CA	-5.878	-17.567	10.643	98
C	-6.988	-17.083	11.54	98
N	-8.087	-17.817	11.626	99
CA	-9.231	-17.342	12.403	99
C	-8.93	-17.277	13.901	99
N	-7.933	-18.037	14.37	100
CA	-7.579	-18.072	15.78	100
C	-6.78	-16.906	16.344	100
N	-6.502	-15.897	15.523	101
CA	-5.824	-14.706	16.021	101
C	-6.242	-13.54	15.124	101
N	-5.935	-12.323	15.579	102
CA	-6.239	-11.124	14.805	102
C	-6.674	-9.97	15.638	102
N	-7.382	-10.206	16.747	103
CA	-7.773	-9.091	17.612	103
C	-6.574	-8.542	18.363	103
N	-6.725	-7.294	18.765	104
CA	-5.712	-6.585	19.553	104
C	-6.037	-6.756	21.042	104
N	-7.211	-6.296	21.459	105
CA	-7.698	-6.681	22.768	105
C	-7.973	-8.168	22.793	105
N	-7.837	-8.729	24.002	106
CA	-8.221	-10.123	24.263	106
C	-9.165	-10.129	25.448	106
N	-9.931	-11.216	25.57	107
CA	-10.922	-11.336	26.645	107
C	-10.59	-12.61	27.388	107
N	-10.107	-12.491	28.617	108
CA	-9.627	-13.684	29.344	108
C	-8.656	-14.502	28.467	108
N	-7.773	-13.779	27.773	109
CA	-6.741	-14.302	26.861	109
C	-7.277	-14.832	25.533	109
N	-8.595	-14.82	25.332	110
CA	-9.177	-15.213	24.044	110
C	-8.859	-14.156	22.986	110
N	-8.329	-14.634	21.865	111
CA	-8.132	-13.831	20.653	111
C	-9.281	-14.068	19.693	111
N	-9.875	-12.984	19.203	112
CA	-10.862	-13.039	18.141	112
C	-10.188	-12.98	16.764	112
N	-10.952	-13.292	15.716	113
CA	-10.411	-13.321	14.365	113
C	-10.012	-11.922	13.873	113
N	-10.676	-10.9	14.382	114
CA	-10.383	-9.546	13.958	114
C	-10.991	-8.603	14.971	114
N	-10.65	-7.319	14.818	115
CA	-11.169	-6.255	15.677	115
C	-11.341	-4.981	14.846	115
N	-12.538	-4.411	14.941	116
CA	-12.93	-3.163	14.307	116
C	-12.724	-2.006	15.274	116
N	-12.091	-0.936	14.782	117
CA	-11.857	0.303	15.509	117
C	-12.557	1.447	14.821	117
N	-13.585	2.0	15.475	118
CA	-14.256	3.225	15.051	118
C	-13.634	4.373	15.84	118
N	-12.932	5.244	15.125	119
CA	-12.075	6.251	15.728	119
C	-12.787	7.596	15.751	119
N	-12.837	8.217	16.943	120
CA	-13.54	9.491	17.142	120
C	-12.639	10.472	17.877	120
N	-12.733	11.759	17.54	121
CA	-11.941	12.805	18.231	121
C	-12.829	13.779	18.986	121
N	-12.293	14.234	20.119	122
CA	-13.025	15.124	21.012	122
C	-13.125	16.513	20.387	122
N	-14.366	16.956	20.15	123
CA	-14.569	18.208	19.425	123
C	-14.043	19.428	20.154	123
N	-13.809	19.292	21.577	124
CA	-13.261	20.434	22.275	124
C	-11.844	20.804	21.8	124
N	-11.144	19.918	21.072	125
CA	-9.806	20.209	20.567	125
C	-9.779	20.632	19.097	125
N	-10.939	20.705	18.451	126
CA	-11.002	21.391	17.151	126
C	-10.665	20.545	15.934	126
N	-9.589	19.744	16.001	127
CA	-9.409	18.73	14.969	127
C	-8.56	17.583	15.485	127
N	-8.445	16.567	14.64	128
CA	-7.856	15.302	15.038	128
C	-6.413	15.466	15.469	128
N	-5.639	16.242	14.709	129
CA	-4.231	16.401	15.012	129
C	-3.936	17.034	16.366	129
N	-4.801	17.948	16.775	130
CA	-4.687	18.512	18.117	130
C	-5.187	17.545	19.177	130
N	-6.258	16.822	18.846	131
CA	-6.827	15.891	19.813	131
C	-5.838	14.792	20.224	131
N	-5.028	14.282	19.285	132
CA	-4.111	13.183	19.646	132
C	-3.014	13.618	20.605	132
N	-2.882	14.932	20.827	133
CA	-1.912	15.468	21.794	133
C	-2.488	15.6	23.199	133
N	-3.713	15.102	23.421	134
CA	-4.411	15.287	24.692	134
C	-4.776	13.943	25.294	134
N	-4.779	13.825	26.633	135
CA	-5.043	12.51	27.222	135
C	-6.499	12.036	27.047	135
N	-7.422	12.968	26.788	136
CA	-8.81	12.655	26.498	136
C	-9.146	13.071	25.064	136
N	-8.197	12.953	24.151	137
CA	-8.424	13.41	22.799	137
C	-9.259	12.523	21.905	137
N	-9.128	11.198	22.079	138
CA	-9.822	10.247	21.215	138
C	-10.701	9.33	22.029	138
N	-11.74	8.816	21.365	139
CA	-12.508	7.671	21.86	139
C	-12.539	6.665	20.739	139
N	-12.03	5.446	20.999	140
CA	-12.052	4.404	19.984	140
C	-13.007	3.35	20.473	140
N	-14.002	3.056	19.637	141
CA	-14.986	2.01	19.892	141
C	-14.461	0.746	19.206	141
N	-14.135	-0.244	20.021	142
CA	-13.621	-1.517	19.539	142
C	-14.666	-2.595	19.553	142
N	-14.718	-3.348	18.452	143
CA	-15.725	-4.392	18.271	143
C	-15.016	-5.629	17.769	143
N	-15.232	-6.746	18.444	144
CA	-14.609	-8.023	18.043	144
C	-15.374	-8.655	16.898	144
N	-14.636	-9.343	16.023	145
CA	-15.205	-10.154	14.959	145
C	-14.901	-11.619	15.204	145
N	-15.932	-12.455	15.117	146
CA	-15.796	-13.909	15.103	146
C	-16.316	-14.418	13.756	146
N	-15.809	-15.574	13.348	147
CA	-16.19	-16.177	12.083	147
C	-17.389	-17.089	12.27	147
N	-18.459	-16.799	11.549	148
CA	-19.655	-17.639	11.556	148
C	-20.542	-17.185	10.422	148
N	-21.722	-16.675	10.757	149
CA	-22.609	-16.121	9.735	149
C	-22.047	-14.81	9.185	149
N	-22.341	-14.532	7.911	150
CA	-21.939	-13.289	7.291	150
C	-22.569	-12.061	7.945	150
N	-21.831	-10.949	7.905	151
CA	-22.348	-9.648	8.339	151
C	-22.791	-8.894	7.103	151
N	-24.118	-8.815	6.846	152
CA	-24.511	-8.192	5.567	152
C	-23.982	-6.756	5.369	152
N	-23.932	-5.982	6.454	153
CA	-23.469	-4.615	6.416	153
C	-21.984	-4.455	6.14	153
N	-21.204	-5.531	6.256	154
CA	-19.786	-5.51	5.924	154
C	-19.503	-5.714	4.417	154
N	-20.456	-6.281	3.675	155
CA	-20.141	-6.772	2.339	155
C	-19.702	-5.668	1.401	155
N	-20.268	-4.46	1.527	156
CA	-19.846	-3.349	0.649	156
C	-18.361	-3.022	0.833	156
N	-17.888	-3.147	2.072	157
CA	-16.458	-2.957	2.348	157
C	-15.631	-4.08	1.689	157
N	-16.056	-5.322	1.9	158
CA	-15.354	-6.477	1.355	158
C	-15.222	-6.354	-0.176	158
N	-16.305	-5.944	-0.823	159
CA	-16.302	-5.916	-2.283	159
C	-15.418	-4.833	-2.911	159
N	-15.118	-3.754	-2.181	160
CA	-14.273	-2.682	-2.709	160
C	-12.775	-2.98	-2.522	160
N	-12.443	-3.99	-1.715	161
CA	-11.043	-4.271	-1.41	161
C	-10.2	-4.652	-2.619	161
N	-10.833	-5.309	-3.587	162
CA	-10.146	-5.602	-4.843	162
C	-9.517	-4.366	-5.576	162
N	-10.153	-3.216	-5.356	163
CA	-9.715	-1.967	-5.96	163
C	-8.654	-1.2	-5.164	163
N	-8.331	-1.672	-3.949	164
CA	-7.293	-1.039	-3.127	164
C	-6.307	-2.084	-2.604	164
N	-5.883	-2.988	-3.482	165
CA	-5.117	-4.141	-3.039	165
C	-3.813	-3.742	-2.35	165
N	-3.154	-2.721	-2.889	166
CA	-1.797	-2.369	-2.496	166
C	-1.707	-0.967	-1.828	166
N	-0.614	-0.807	-1.08	167
CA	-0.331	0.379	-0.296	167
C	-0.421	1.621	-1.149	167
N	-1.189	2.591	-0.68	168
CA	-1.32	3.882	-1.357	168
C	-2.492	3.98	-2.318	168
N	-3.183	2.875	-2.581	169
CA	-4.408	2.926	-3.375	169
C	-5.608	3.354	-2.549	169
N	-6.44	4.201	-3.127	170
CA	-7.708	4.597	-2.541	170
C	-8.845	4.469	-3.561	170
N	-10.074	4.454	-3.05	171
CA	-11.27	4.397	-3.892	171
C	-12.379	5.217	-3.266	171
N	-13.188	5.859	-4.097	172
CA	-14.373	6.555	-3.624	172
C	-15.205	5.526	-2.862	172
N	-15.784	5.949	-1.735	173
CA	-16.559	5.043	-0.89	173
C	-17.576	5.829	-0.119	173
N	-18.625	6.218	-0.823	174
CA	-19.664	7.082	-0.291	174
C	-20.858	6.282	0.166	174
N	-21.636	6.884	1.054	175
CA	-22.916	6.365	1.518	175
C	-22.833	5.056	2.297	175
N	-21.672	4.746	2.869	176
CA	-21.551	3.548	3.675	176
C	-22.049	3.845	5.084	176
N	-22.952	3.022	5.6	177
CA	-23.588	3.22	6.885	177
C	-22.894	2.341	7.945	177
N	-22.093	2.953	8.842	178
CA	-21.373	2.121	9.827	178
C	-22.257	1.478	10.891	178
N	-23.537	1.841	10.941	179
CA	-24.468	1.134	11.842	179
C	-24.567	-0.343	11.488	179
N	-24.296	-0.685	10.225	180
CA	-24.293	-2.074	9.813	180
C	-23.133	-2.921	10.29	180
N	-22.234	-2.334	11.082	181
CA	-21.108	-3.056	11.679	181
C	-21.238	-3.245	13.188	181
N	-22.344	-2.803	13.784	182
CA	-22.521	-2.881	15.226	182
C	-23.152	-4.202	15.58	182
N	-22.927	-4.68	16.812	183
CA	-23.666	-5.809	17.366	183
C	-24.981	-5.298	17.938	183
N	-25.774	-6.223	18.459	184
CA	-27.079	-5.891	19.064	184
C	-26.942	-5.05	20.327	184
N	-26.098	-5.531	21.236	185
CA	-25.902	-4.907	22.53	185
C	-24.783	-3.89	22.509	185
N	-24.948	-2.816	23.272	186
CA	-23.874	-1.807	23.475	186
C	-23.222	-1.91	24.856	186
N	-23.338	-3.048	25.533	187
CA	-22.585	-3.27	26.778	187
C	-21.091	-3.224	26.47	187
N	-20.319	-2.629	27.378	188
CA	-18.915	-2.361	27.085	188
C	-18.016	-2.437	28.316	188
N	-16.732	-2.589	28.023	189
CA	-15.65	-2.322	28.974	189
C	-14.96	-1.024	28.564	189
N	-14.364	-0.324	29.53	190
CA	-13.638	0.907	29.213	190
C	-12.391	1.066	30.083	190
N	-11.361	1.636	29.483	191
CA	-10.119	1.924	30.195	191
C	-9.342	2.993	29.431	191
N	-8.4	3.682	30.099	192
CA	-7.569	4.666	29.405	192
C	-6.36	4.023	28.743	192
N	-6.103	4.343	27.487	193
CA	-5.006	3.733	26.776	193
C	-4.451	4.597	25.683	193
N	-4.016	3.938	24.623	194
CA	-3.196	4.557	23.573	194
C	-3.662	4.146	22.191	194
N	-3.1	4.817	21.193	195
CA	-3.107	4.281	19.84	195
C	-2.373	2.962	19.863	195
N	-2.81	2.029	19.016	196
CA	-2.174	0.706	18.93	196
C	-1.176	0.586	17.798	196
N	-0.991	1.657	17.03	197
CA	0.071	1.751	16.035	197
C	0.901	2.999	16.329	197
N	2.178	3.017	15.894	198
CA	2.94	4.247	15.99	198
C	2.133	5.434	15.452	198
N	2.139	6.574	16.127	199
CA	3.076	6.949	17.192	199
C	2.702	6.5	18.619	199
N	1.682	5.66	18.792	200
CA	1.413	5.048	20.12	200
C	1.062	6.059	21.206	200
N	0.461	7.17	20.777	201
CA	0.164	8.276	21.685	201
C	-0.872	7.866	22.715	201
N	-0.712	8.364	23.937	202
CA	-1.537	7.981	25.072	202
C	-2.708	8.949	25.199	202
N	-3.612	8.851	24.229	203
CA	-4.654	9.855	24.017	203
C	-6.044	9.241	23.883	203
N	-6.207	7.949	24.204	204
CA	-7.438	7.23	23.867	204
C	-8.198	6.794	25.108	204
N	-9.505	7.103	25.139	205
CA	-10.456	6.363	25.973	205
C	-10.989	5.196	25.145	205
N	-10.629	3.976	25.56	206
CA	-11.065	2.783	24.887	206
C	-12.439	2.372	25.383	206
N	-13.313	1.996	24.45	207
CA	-14.642	1.474	24.738	207
C	-14.747	0.223	23.898	207
N	-14.673	-0.928	24.554	208
CA	-14.657	-2.219	23.882	208
C	-15.98	-2.927	24.121	208
N	-16.743	-3.207	23.058	209
CA	-18.035	-3.854	23.223	209
C	-17.869	-5.333	23.604	209
N	-18.719	-5.792	24.515	210
CA	-18.717	-7.181	24.916	210
C	-19.164	-8.154	23.831	210
N	-20.155	-7.76	23.046	211
CA	-20.729	-8.664	22.059	211
C	-19.974	-8.571	20.738	211
N	-19.378	-9.681	20.265	212
CA	-18.729	-9.65	18.966	212
C	-19.774	-9.621	17.852	212
N	-19.357	-9.148	16.683	213
CA	-20.147	-9.357	15.481	213
C	-19.648	-10.627	14.803	213
N	-20.552	-11.266	14.07	214
CA	-20.216	-12.428	13.25	214
C	-20.005	-12.004	11.81	214
N	-18.894	-12.459	11.221	215
CA	-18.603	-12.278	9.81	215
C	-18.363	-13.664	9.231	215
N	-18.491	-13.803	7.921	216
CA	-18.247	-15.125	7.363	216
C	-16.772	-15.366	7.066	216
N	-16.429	-16.637	6.945	217
CA	-15.078	-17.005	6.576	217
C	-14.676	-16.328	5.266	217
N	-15.6	-16.278	4.318	218
CA	-15.315	-15.683	3.022	218
C	-15.029	-14.18	3.154	218
N	-15.75	-13.496	4.045	219
CA	-15.494	-12.074	4.284	219
C	-14.077	-11.817	4.804	219
N	-13.681	-12.563	5.824	220
CA	-12.368	-12.325	6.396	220
C	-11.258	-12.813	5.446	220
N	-11.508	-13.874	4.662	221
CA	-10.539	-14.311	3.666	221
C	-10.211	-13.198	2.681	221
N	-11.201	-12.368	2.354	222
CA	-10.985	-11.238	1.455	222
C	-10.131	-10.142	2.105	222
N	-10.249	-9.929	3.414	223
CA	-9.306	-9.046	4.093	223
C	-7.86	-9.524	3.869	223
N	-7.664	-10.852	3.942	224
CA	-6.329	-11.464	3.899	224
C	-5.717	-11.5	2.494	224
N	-6.451	-11.033	1.476	225
CA	-5.925	-10.913	0.11	225
C	-5.304	-9.547	-0.133	225
N	-5.527	-8.59	0.775	226
CA	-4.886	-7.285	0.695	226
C	-3.382	-7.445	0.811	226
N	-2.674	-6.393	0.424	227
CA	-1.214	-6.377	0.438	227
C	-0.683	-5.234	1.313	227
N	0.375	-5.511	2.076	228
CA	1.118	-4.468	2.785	228
C	1.968	-3.641	1.795	228
N	2.487	-4.306	0.766	229
CA	3.357	-3.711	-0.244	229
C	2.595	-2.814	-1.205	229
N	3.361	-1.947	-1.868	230
CA	2.849	-1.191	-2.989	230
C	2.812	-1.983	-4.289	230
N	2.075	-1.44	-5.25	231
CA	2.005	-2.014	-6.593	231
C	3.396	-2.198	-7.183	231
N	3.607	-3.35	-7.801	232
CA	4.881	-3.665	-8.434	232
C	5.992	-4.092	-7.484	232
N	5.664	-4.276	-6.202	233
CA	6.623	-4.732	-5.184	233
C	6.314	-6.167	-4.818	233
N	7.285	-6.886	-4.208	234
CA	7.064	-8.286	-3.844	234
C	5.823	-8.397	-2.957	234
N	4.948	-9.352	-3.247	235
CA	3.692	-9.463	-2.523	235
C	3.92	-9.931	-1.092	235
N	3.395	-9.13	-0.161	236
CA	3.351	-9.409	1.273	236
C	1.893	-9.328	1.702	236
N	1.248	-10.458	1.984	237
CA	-0.16	-10.419	2.323	237
C	-0.343	-9.606	3.6	237
N	-1.382	-8.78	3.58	238
CA	-1.765	-7.976	4.751	238
C	-2.536	-8.869	5.717	238
N	-1.77	-9.459	6.63	239
CA	-2.295	-10.353	7.671	239
C	-1.495	-10.093	8.947	239
N	-2.109	-10.397	10.091	240
CA	-1.448	-10.254	11.389	240
C	-0.963	-8.831	11.644	240
N	-1.861	-7.903	11.34	241
CA	-1.63	-6.476	11.565	241
C	-2.185	-6.01	12.907	241
N	-1.909	-6.803	13.949	242
CA	-2.349	-6.533	15.302	242
C	-1.147	-6.442	16.221	242
N	-1.258	-5.565	17.208	243
CA	-0.31	-5.453	18.309	243
C	-0.804	-6.368	19.441	243
N	0.096	-7.137	20.058	244
CA	-0.338	-7.968	21.184	244
C	-0.666	-7.138	22.444	244
N	-1.307	-7.784	23.407	245
CA	-1.656	-7.136	24.663	245
C	-0.41	-6.631	25.386	245
N	-0.555	-5.444	25.976	246
CA	0.476	-4.733	26.698	246
C	0.199	-4.737	28.184	246
N	1.224	-4.42	28.997	247
CA	0.963	-4.458	30.442	247
C	-0.084	-3.467	30.92	247
N	-0.995	-3.926	31.768	248
CA	-2.037	-3.077	32.296	248
C	-1.521	-1.982	33.216	248
N	-0.441	-2.253	33.949	249
CA	0.166	-1.281	34.852	249
C	-0.905	-0.77	35.812	249
N	-0.937	0.525	36.114	250
CA	-1.776	1.031	37.159	250
C	-3.096	1.437	36.521	250
N	-3.815	0.49	35.868	251
CA	-5.12	0.83	35.326	251
C	-6.231	-0.097	35.739	251
N	-7.437	0.445	35.77	252
CA	-8.637	-0.28	36.068	252
C	-9.491	-0.353	34.811	252
N	-9.962	-1.539	34.471	253
CA	-10.951	-1.723	33.423	253
C	-12.324	-1.75	34.084	253
N	-13.243	-0.925	33.574	254
CA	-14.593	-0.819	34.127	254
C	-15.591	-1.421	33.158	254
N	-16.605	-2.083	33.688	255
CA	-17.692	-2.69	32.916	255
C	-18.952	-1.881	33.074	255
N	-19.692	-1.737	31.971	256
CA	-20.961	-1.032	31.993	256
C	-22.138	-1.913	32.414	256
N	-21.881	-3.2	32.607	257
CA	-22.918	-4.229	32.775	257
C	-22.54	-5.151	33.93	257
N	-23.563	-5.762	34.537	258
CA	-23.374	-6.726	35.637	258
C	-23.282	-8.142	35.081	258
