ATOM	X	Y	Z	RESIDUE
N	23.062	29.148	72.572	1
CA	23.524	30.513	72.249	1
C	22.83	31.622	73.006	1
N	23.662	32.59	73.325	2
CA	23.024	33.894	73.264	2
C	23.098	34.909	72.083	2
N	22.199	35.902	71.963	3
CA	21.134	36.243	71.09	3
C	21.342	37.301	69.952	3
N	22.447	38.059	69.699	4
CA	22.72	38.249	71.12	4
C	22.259	39.617	71.601	4
N	21.78	39.656	72.838	5
CA	21.519	40.907	73.522	5
C	22.836	41.669	73.693	5
N	23.926	40.929	73.881	6
CA	25.253	41.53	74.016	6
C	25.74	42.176	72.72	6
N	25.607	41.448	71.618	7
CA	25.983	41.942	70.301	7
C	25.278	43.26	69.985	7
N	23.965	43.277	70.185	8
CA	23.16	44.451	69.907	8
C	23.49	45.592	70.874	8
N	23.664	45.281	72.156	9
CA	24.101	46.301	73.11	9
C	25.413	46.984	72.694	9
N	26.354	46.22	72.155	10
CA	27.613	46.799	71.677	10
C	27.407	47.656	70.426	10
N	26.53	47.195	69.534	11
CA	26.197	47.94	68.331	11
C	25.59	49.289	68.684	11
N	24.705	49.295	69.678	12
CA	24.041	50.516	70.125	12
C	25.035	51.527	70.731	12
N	26.008	51.03	71.482	13
CA	27.046	51.884	72.03	13
C	27.896	52.455	70.894	13
N	28.162	51.645	69.875	14
CA	28.889	52.123	68.703	14
C	28.11	53.235	67.995	14
N	26.825	52.991	67.754	15
CA	25.962	53.946	67.066	15
C	25.842	55.253	67.831	15
N	25.615	55.16	69.137	16
CA	25.45	56.352	69.963	16
C	26.706	57.218	70.008	16
N	27.854	56.636	69.688	17
CA	29.109	57.375	69.739	17
C	29.398	58.116	68.435	17
N	28.518	57.965	67.452	18
CA	28.765	58.523	66.13	18
C	28.144	59.899	65.954	18
N	28.77	60.7	65.105	19
CA	28.252	62.012	64.778	19
C	27.588	61.919	63.412	19
N	26.289	62.191	63.368	20
CA	25.528	62.045	62.14	20
C	24.517	63.164	61.965	20
N	24.262	63.535	60.715	21
CA	23.209	64.49	60.408	21
C	22.32	63.895	59.337	21
N	22.239	62.565	59.294	22
CA	21.369	61.932	58.323	22
C	19.916	62.256	58.601	22
N	19.616	62.72	59.807	23
CA	18.235	63.05	60.118	23
C	17.804	64.376	59.482	23
N	18.747	65.068	58.857	24
CA	18.476	66.359	58.244	24
C	18.701	66.343	56.741	24
N	18.97	65.177	56.162	25
CA	19.198	65.13	54.721	25
C	18.771	63.798	54.113	25
N	18.821	63.704	52.791	26
CA	18.442	62.472	52.107	26
C	19.691	61.722	51.681	26
N	19.714	60.409	51.898	27
CA	20.863	59.594	51.539	27
C	20.769	59.219	50.062	27
N	21.184	60.128	49.186	28
CA	21.114	59.89	47.749	28
C	22.4	59.231	47.216	28
N	23.541	59.819	47.551	29
CA	24.84	59.349	47.075	29
C	25.703	58.993	48.275	29
N	26.367	57.839	48.263	30
CA	27.191	57.503	49.428	30
C	28.304	58.502	49.645	30
N	28.803	59.09	48.564	31
CA	29.923	60.015	48.718	31
C	29.503	61.416	49.169	31
N	28.209	61.606	49.419	32
CA	27.781	62.854	50.061	32
C	27.562	62.624	51.554	32
N	27.915	61.432	52.027	33
CA	27.782	61.129	53.443	33
C	29.168	61.024	54.061	33
N	29.291	61.443	55.318	34
CA	30.561	61.322	56.051	34
C	30.815	59.863	56.465	34
N	32.043	59.555	56.915	35
CA	32.369	58.185	57.334	35
C	31.554	57.72	58.537	35
N	31.305	58.602	59.503	36
CA	30.421	58.253	60.616	36
C	28.997	57.951	60.174	36
N	28.518	58.688	59.174	37
CA	27.157	58.496	58.68	37
C	27.025	57.165	57.954	37
N	28.051	56.79	57.195	38
CA	28.038	55.494	56.532	38
C	28.046	54.414	57.595	38
N	28.907	54.59	58.593	39
CA	29.027	53.606	59.659	39
C	27.723	53.478	60.444	39
N	26.998	54.58	60.622	40
CA	25.709	54.504	61.308	40
C	24.73	53.567	60.595	40
N	24.634	53.709	59.283	41
CA	23.698	52.912	58.512	41
C	24.048	51.428	58.572	41
N	25.331	51.137	58.411	42
CA	25.862	49.79	58.546	42
C	25.594	49.171	59.92	42
N	25.878	49.902	61.003	43
CA	25.67	49.385	62.359	43
C	24.183	49.219	62.699	43
N	23.363	50.162	62.255	44
CA	21.913	50.042	62.452	44
C	21.37	48.828	61.688	44
N	21.834	48.651	60.459	45
CA	21.414	47.512	59.661	45
C	21.817	46.232	60.381	45
N	23.043	46.185	60.907	46
CA	23.503	45.017	61.661	46
C	22.652	44.725	62.905	46
N	22.27	45.764	63.646	47
CA	21.419	45.578	64.81	47
C	20.043	45.062	64.412	47
N	19.46	45.615	63.353	48
CA	18.16	45.126	62.909	48
C	18.26	43.659	62.481	48
N	19.313	43.298	61.752	49
CA	19.447	41.92	61.275	49
C	19.551	40.962	62.467	49
N	20.355	41.335	63.466	50
CA	20.525	40.514	64.669	50
C	19.231	40.417	65.481	50
N	18.522	41.528	65.635	51
CA	17.233	41.458	66.326	51
C	16.286	40.48	65.63	51
N	16.195	40.62	64.319	52
CA	15.304	39.821	63.498	52
C	15.666	38.346	63.612	52
N	16.966	38.063	63.637	53
CA	17.49	36.698	63.73	53
C	17.058	35.975	65.0	53
N	16.892	36.719	66.088	54
CA	16.476	36.111	67.347	54
C	14.995	36.366	67.657	54
N	14.207	36.587	66.61	55
CA	12.752	36.695	66.743	55
C	12.285	37.9	67.561	55
N	13.052	38.985	67.531	56
CA	12.626	40.218	68.186	56
C	12.068	41.192	67.149	56
N	10.856	41.669	67.391	57
CA	10.181	42.568	66.476	57
C	10.9	43.903	66.379	57
N	11.058	44.396	65.16	58
CA	11.622	45.722	64.959	58
C	10.562	46.677	64.377	58
N	9.307	46.398	64.697	59
CA	8.19	47.19	64.207	59
C	8.235	48.544	64.909	59
N	8.375	49.601	64.125	60
CA	8.454	50.947	64.651	60
C	7.187	51.757	64.331	60
N	6.487	51.37	63.265	61
CA	5.254	52.037	62.841	61
C	4.035	51.148	63.047	61
N	2.997	51.68	63.686	62
CA	1.755	50.921	63.815	62
C	0.842	51.051	62.585	62
N	1.035	52.126	61.839	63
CA	0.413	52.295	60.536	63
C	1.324	53.251	59.792	63
N	1.07	53.446	58.503	64
CA	1.955	54.222	57.655	64
C	2.264	53.485	56.364	64
N	2.441	54.25	55.289	65
CA	2.75	53.725	53.96	65
C	4.211	53.946	53.557	65
N	4.736	53.026	52.749	66
CA	5.966	53.268	52.014	66
C	5.628	53.211	50.534	66
N	5.884	54.29	49.81	67
CA	5.497	54.359	48.395	67
C	6.657	53.919	47.51	67
N	6.367	53.184	46.442	68
CA	7.393	52.848	45.447	68
C	7.137	53.599	44.145	68
N	8.139	54.333	43.686	69
CA	8.021	55.093	42.451	69
C	9.054	54.612	41.454	69
N	8.6	54.165	40.288	70
CA	9.533	53.642	39.293	70
C	9.61	54.496	38.037	70
N	10.761	55.111	37.799	71
CA	10.997	55.77	36.519	71
C	11.71	54.82	35.549	71
N	10.947	53.909	34.948	72
CA	11.461	52.981	33.937	72
C	10.433	51.906	33.586	72
N	9.413	51.886	34.423	73
CA	9.515	52.374	35.767	73
C	10.221	51.494	36.808	73
N	10.758	50.266	36.719	74
CA	10.437	49.016	36.026	74
C	11.543	47.942	35.967	74
N	12.721	48.048	36.59	75
CA	13.903	47.244	36.589	75
C	13.981	46.002	37.43	75
N	12.941	45.84	38.193	76
CA	12.489	44.798	39.123	76
C	13.112	44.427	40.503	76
N	14.032	44.705	41.401	77
CA	15.347	45.187	41.634	77
C	15.186	44.446	42.956	77
N	14.049	43.821	43.524	78
CA	12.601	43.974	43.454	78
C	11.933	43.799	44.824	78
N	12.465	42.907	45.656	79
CA	11.823	42.62	46.939	79
C	12.388	43.359	48.154	79
N	13.565	43.958	48.017	80
CA	14.254	44.533	49.171	80
C	13.509	45.67	49.851	80
N	12.971	46.6	49.066	81
CA	12.297	47.768	49.646	81
C	11.031	47.319	50.39	81
N	10.227	46.488	49.747	82
CA	9.03	45.96	50.409	82
C	9.352	45.221	51.705	82
N	10.439	44.444	51.691	83
CA	10.897	43.715	52.867	83
C	11.287	44.684	53.962	83
N	12.011	45.74	53.591	84
CA	12.427	46.728	54.579	84
C	11.22	47.449	55.195	84
N	10.269	47.831	54.361	85
CA	9.083	48.512	54.865	85
C	8.398	47.598	55.884	85
N	8.221	46.352	55.497	86
CA	7.455	45.437	56.319	86
C	8.135	45.138	57.655	86
N	9.457	45.015	57.607	87
CA	10.295	44.88	58.794	87
C	10.018	45.976	59.835	87
N	9.74	47.188	59.372	88
CA	9.516	48.325	60.276	88
C	8.024	48.549	60.58	88
N	7.152	47.824	59.881	89
CA	5.707	47.937	60.074	89
C	4.954	48.794	59.059	89
N	5.634	49.225	58.001	90
CA	4.99	50.036	56.96	90
C	4.442	49.143	55.852	90
N	3.35	49.575	55.226	91
CA	2.749	48.853	54.116	91
C	3.217	49.452	52.79	91
N	3.581	48.608	51.829	92
CA	4.047	49.135	50.549	92
C	2.87	49.438	49.633	92
N	3.013	50.495	48.846	93
CA	1.995	50.877	47.879	93
C	2.78	51.346	46.676	93
N	2.517	50.81	45.492	94
CA	3.29	51.284	44.344	94
C	2.57	52.385	43.574	94
N	3.346	53.172	42.833	95
CA	2.798	54.245	42.016	95
C	2.692	53.746	40.589	95
N	1.469	53.708	40.074	96
CA	1.208	53.272	38.711	96
C	0.817	54.473	37.85	96
N	0.777	53.257	37.363	97
CA	1.603	52.282	38.098	97
C	1.591	50.853	37.462	97
N	0.752	50.435	36.484	98
CA	0.177	50.76	35.219	98
C	1.351	51.05	34.273	98
N	2.663	51.13	34.59	99
CA	3.048	51.194	33.201	99
C	2.717	52.38	32.389	99
N	2.203	53.12	33.359	100
CA	1.579	54.402	33.247	100
C	2.514	55.376	32.525	100
N	2.343	56.705	32.603	101
CA	3.308	57.495	33.317	101
C	3.967	58.659	32.672	101
N	3.876	59.141	31.459	102
CA	5.212	58.908	31.032	102
C	6.031	59.788	31.932	102
N	5.092	60.397	32.673	103
CA	4.906	61.791	32.481	103
C	5.798	62.923	32.975	103
N	6.873	62.841	33.682	104
CA	6.672	62.784	35.127	104
C	7.698	63.625	35.889	104
N	8.795	63.973	35.229	105
CA	9.769	64.872	35.818	105
C	9.165	66.247	36.034	105
N	8.359	66.686	35.071	106
CA	7.733	68.005	35.102	106
C	6.722	68.178	36.239	106
N	6.201	67.066	36.74	107
CA	5.109	67.121	37.702	107
C	5.536	66.525	39.034	107
N	6.823	66.211	39.144	108
CA	7.359	65.515	40.303	108
C	6.973	66.151	41.639	108
N	6.957	67.474	41.687	109
CA	6.722	68.172	42.943	109
C	5.302	67.941	43.465	109
N	4.326	68.0	42.569	110
CA	2.929	67.811	42.951	110
C	2.669	66.357	43.327	110
N	3.253	65.45	42.559	111
CA	3.144	64.026	42.849	111
C	3.746	63.651	44.205	111
N	4.886	64.252	44.537	112
CA	5.524	63.994	45.827	112
C	4.585	64.285	47.005	112
N	3.904	65.426	46.964	113
CA	2.972	65.762	48.036	113
C	1.744	64.847	48.03	113
N	1.191	64.636	46.84	114
CA	-0.027	63.852	46.635	114
C	0.07	62.432	47.216	114
N	1.256	61.845	47.14	115
CA	1.455	60.474	47.596	115
C	1.922	60.361	49.052	115
N	2.141	61.493	49.718	116
CA	2.856	61.48	50.996	116
C	2.039	61.756	52.253	116
N	0.742	62.016	52.111	117
CA	-0.082	62.339	53.276	117
C	0.022	61.313	54.404	117
N	0.087	60.04	54.034	118
CA	0.181	58.96	55.007	118
C	1.43	58.117	54.784	118
N	2.415	58.669	54.083	119
CA	3.662	57.936	53.812	119
C	4.771	58.302	54.778	119
N	5.453	57.3	55.304	120
CA	6.638	57.585	56.09	120
C	7.897	57.302	55.284	120
N	7.722	56.738	54.092	121
CA	8.864	56.498	53.211	121
C	8.454	56.52	51.755	121
N	9.354	57.012	50.911	122
CA	9.207	56.915	49.469	122
C	10.502	56.324	48.884	122
N	10.378	55.276	48.071	123
CA	11.521	54.645	47.411	123
C	11.458	54.883	45.914	123
N	12.538	55.403	45.342	124
CA	12.52	55.763	43.931	124
C	13.576	54.978	43.164	124
N	13.149	54.279	42.117	125
CA	14.109	53.638	41.213	125
C	14.07	54.402	39.898	125
N	15.212	54.935	39.479	126
CA	15.246	55.848	38.349	126
C	16.29	55.406	37.317	126
N	15.84	55.178	36.09	127
CA	16.684	54.598	35.051	127
C	17.147	55.643	34.039	127
N	16.564	56.836	34.117	128
CA	16.759	57.864	33.095	128
C	18.122	58.559	33.161	128
N	18.787	58.638	32.012	129
CA	20.071	59.32	31.886	129
C	19.901	60.552	31.011	129
N	20.162	61.727	31.575	130
CA	20.085	62.971	30.81	130
C	21.015	64.069	31.33	130
N	21.793	63.754	32.36	131
CA	22.683	64.731	32.958	131
C	21.941	65.732	33.823	131
N	23.037	66.272	34.454	132
CA	23.486	66.497	35.861	132
C	24.319	65.81	36.936	132
N	23.831	66.061	38.11	133
CA	22.503	65.814	37.667	133
C	21.563	65.824	38.795	133
N	20.793	64.969	38.066	134
CA	19.447	64.715	38.487	134
C	18.866	63.722	39.538	134
N	18.79	64.983	39.812	135
CA	17.836	66.086	39.766	135
C	16.478	65.66	40.321	135
N	15.94	64.576	39.777	136
CA	14.591	64.145	40.106	136
C	14.401	63.947	41.609	136
N	15.265	63.155	42.233	137
CA	15.123	62.868	43.664	137
C	15.401	64.055	44.563	137
N	16.195	64.997	44.075	138
CA	16.42	66.221	44.821	138
C	15.186	67.121	44.788	138
N	14.453	67.095	43.679	139
CA	13.198	67.827	43.586	139
C	12.155	67.19	44.497	139
N	12.102	65.867	44.502	140
CA	11.206	65.177	45.42	140
C	11.508	65.588	46.866	140
N	12.782	65.588	47.249	141
CA	13.152	65.928	48.611	141
C	12.786	67.356	48.979	141
N	13.048	68.292	48.076	142
CA	12.67	69.683	48.309	142
C	11.149	69.85	48.387	142
N	10.424	69.04	47.622	143
CA	8.961	69.116	47.636	143
C	8.407	68.567	48.952	143
N	9.014	67.493	49.451	144
CA	8.632	66.94	50.749	144
C	8.926	67.939	51.871	144
N	10.094	68.567	51.817	145
CA	10.435	69.615	52.781	145
C	9.379	70.707	52.8	145
N	8.946	71.129	51.619	146
CA	7.948	72.194	51.501	146
C	6.596	71.807	52.11	146
N	6.119	70.621	51.754	147
CA	4.848	70.137	52.252	147
C	4.855	69.965	53.757	147
N	5.99	69.534	54.312	148
CA	6.098	69.398	55.759	148
C	6.183	70.777	56.436	148
N	7.011	71.661	55.892	149
CA	7.201	72.976	56.521	149
C	5.943	73.841	56.455	149
N	5.117	73.642	55.428	150
CA	3.87	74.397	55.311	150
C	2.693	73.67	55.974	150
N	2.966	72.547	56.63	151
CA	1.93	71.835	57.359	151
C	0.992	70.981	56.524	151
N	1.343	70.747	55.263	152
CA	0.577	69.835	54.4	152
C	0.766	68.385	54.841	152
N	2.024	68.018	55.054	153
CA	2.394	66.671	55.461	153
C	2.679	66.655	56.961	153
N	2.035	65.734	57.688	154
CA	2.211	65.602	59.139	154
C	3.585	65.011	59.484	154
N	4.195	64.324	58.522	155
CA	5.565	63.827	58.646	155
C	6.314	64.116	57.347	155
N	7.627	64.27	57.436	156
CA	8.451	64.374	56.236	156
C	8.912	62.961	55.915	156
N	8.42	62.376	54.804	157
CA	8.799	60.993	54.491	157
C	10.297	60.832	54.28	157
N	10.837	59.679	54.67	158
CA	12.209	59.333	54.341	158
C	12.252	59.038	52.862	158
N	13.343	59.433	52.224	159
CA	13.504	59.227	50.801	159
C	14.596	58.185	50.561	159
N	14.254	57.113	49.857	160
CA	15.234	56.062	49.586	160
C	15.587	55.984	48.104	160
N	16.87	56.145	47.8	161
CA	17.331	55.992	46.433	161
C	17.468	54.512	46.117	161
N	16.532	53.968	45.336	162
CA	16.557	52.538	45.023	162
C	17.432	52.266	43.804	162
N	17.868	53.348	43.158	163
CA	18.871	53.327	42.086	163
C	18.702	54.557	41.216	163
N	19.784	55.28	40.959	164
CA	19.699	56.395	40.016	164
C	20.777	56.257	38.936	164
N	20.893	57.244	38.062	165
CA	21.873	57.157	36.985	165
C	23.304	57.206	37.503	165
N	23.477	57.739	38.707	166
CA	24.798	58.001	39.274	166
C	25.247	56.937	40.283	166
N	24.344	56.503	41.158	167
CA	24.744	55.646	42.28	167
C	23.635	54.661	42.592	167
N	23.976	53.609	43.32	168
CA	22.998	52.622	43.737	168
C	23.376	52.297	45.178	168
N	23.148	53.262	46.103	169
CA	23.687	53.236	47.473	169
C	23.175	52.063	48.287	169
N	21.963	51.669	47.962	170
CA	21.29	50.584	48.611	170
C	22.023	49.256	48.297	170
N	22.419	49.092	47.042	171
CA	23.217	47.929	46.641	171
C	24.648	48.043	47.178	171
N	25.305	49.172	46.924	172
CA	26.683	49.339	47.403	172
C	26.879	49.184	48.926	172
N	25.984	49.751	49.729	173
CA	26.059	49.608	51.184	173
C	25.795	48.175	51.681	173
N	24.888	47.469	51.02	174
CA	24.602	46.092	51.38	174
C	25.818	45.242	51.024	174
N	26.466	45.58	49.913	175
CA	27.681	44.885	49.506	175
C	28.812	45.109	50.499	175
N	28.941	46.342	50.986	176
CA	29.914	46.66	52.031	176
C	29.572	45.996	53.37	176
N	28.289	45.967	53.732	177
CA	27.891	45.275	54.968	177
C	28.275	43.798	54.927	177
N	28.084	43.179	53.765	178
CA	28.48	41.78	53.552	178
C	30.001	41.607	53.624	178
N	30.744	42.472	52.933	179
CA	32.204	42.442	53.028	179
C	32.679	42.466	54.473	179
N	32.052	43.333	55.259	180
CA	32.36	43.487	56.668	180
C	32.016	42.232	57.47	180
N	30.89	41.587	57.164	181
CA	30.571	40.301	57.806	181
C	31.57	39.215	57.369	181
N	31.772	39.101	56.065	182
CA	32.611	38.041	55.535	182
C	34.031	38.133	56.053	182
N	34.592	39.336	56.004	183
CA	35.986	39.536	56.373	183
C	36.167	39.895	57.848	183
N	35.059	40.085	58.56	184
CA	35.117	40.25	60.001	184
C	35.111	41.668	60.548	184
N	35.634	42.629	59.791	185
CA	35.556	44.032	60.199	185
C	35.848	44.99	59.046	185
N	35.628	46.279	59.281	186
CA	35.959	47.292	58.285	186
C	37.483	47.444	58.194	186
N	38.165	47.379	59.335	187
CA	39.627	47.467	59.362	187
C	40.263	46.363	58.523	187
N	39.653	45.187	58.556	188
CA	40.141	44.043	57.794	188
C	40.007	44.204	56.292	188
N	39.333	45.27	55.866	189
CA	39.156	45.535	54.439	189
C	40.321	46.358	53.868	189
N	41.089	47.018	54.729	190
CA	42.233	47.79	54.253	190
C	43.235	46.865	53.585	190
N	43.743	47.262	52.422	191
CA	44.69	46.418	51.707	191
C	44.094	45.274	50.885	191
N	42.778	45.057	50.971	192
CA	42.134	44.002	50.178	192
C	41.941	44.498	48.756	192
N	42.222	43.643	47.772	193
CA	42.05	44.028	46.374	193
C	40.703	43.586	45.847	193
N	39.941	44.536	45.325	194
CA	38.637	44.226	44.763	194
C	38.637	44.619	43.288	194
N	38.236	43.68	42.436	195
CA	38.169	43.926	41.008	195
C	36.717	44.188	40.615	195
N	36.415	45.43	40.263	196
CA	35.093	45.763	39.751	196
C	35.273	45.668	38.245	196
N	34.744	44.623	37.622	197
CA	34.929	44.502	36.181	197
C	33.612	44.457	35.415	197
N	33.696	44.772	34.133	198
CA	32.578	44.547	33.235	198
C	32.431	43.037	33.078	198
N	31.266	42.586	32.63	199
CA	31.083	41.197	32.23	199
C	30.007	41.174	31.152	199
N	30.033	40.165	30.294	200
CA	29.126	40.142	29.15	200
C	27.69	39.824	29.564	200
N	26.738	40.57	29.012	201
CA	25.326	40.237	29.176	201
C	24.589	40.288	27.846	201
N	23.649	39.354	27.645	202
CA	22.811	39.323	26.445	202
C	21.82	40.473	26.467	202
N	21.636	41.066	27.638	203
CA	20.68	42.151	27.798	203
C	21.375	43.5	27.767	203
N	21.052	44.3	26.757	204
CA	21.659	45.614	26.608	204
C	21.013	46.579	27.597	204
N	21.7	47.675	27.891	205
CA	21.086	48.764	28.628	205
C	21.045	48.638	30.138	205
N	21.97	47.885	30.72	206
CA	22.073	47.885	32.171	206
C	22.733	49.197	32.636	206
N	22.194	49.794	33.708	207
CA	22.673	51.071	34.257	207
C	24.094	51.005	34.826	207
N	24.768	52.146	34.809	208
CA	26.139	52.238	35.289	208
C	26.171	52.474	36.79	208
N	24.984	52.542	37.401	209
CA	24.826	52.822	38.83	209
C	25.651	51.902	39.725	209
N	25.652	50.6	39.441	210
CA	26.332	49.668	40.339	210
C	27.86	49.832	40.376	210
N	28.523	49.747	39.212	211
CA	29.983	49.889	39.234	211
C	30.396	51.27	39.774	211
N	29.642	52.31	39.441	212
CA	29.938	53.621	39.978	212
C	29.763	53.63	41.492	212
N	28.705	52.983	41.965	213
CA	28.434	52.891	43.387	213
C	29.527	52.143	44.123	213
N	29.962	51.039	43.537	214
CA	31.048	50.254	44.113	214
C	32.371	51.033	44.21	214
N	32.84	51.611	43.106	215
CA	34.117	52.301	43.161	215
C	34.033	53.577	44.001	215
N	32.846	54.184	44.05	216
CA	32.628	55.377	44.85	216
C	32.652	55.085	46.339	216
N	32.256	53.874	46.728	217
CA	32.175	53.539	48.153	217
C	33.411	52.795	48.671	217
N	33.773	51.725	47.978	218
CA	34.878	50.877	48.39	218
C	36.182	51.66	48.541	218
N	36.366	52.707	47.73	219
CA	37.605	53.486	47.798	219
C	37.717	54.273	49.096	219
N	36.651	54.293	49.886	220
CA	36.67	55.038	51.143	220
C	37.133	54.234	52.352	220
N	37.463	52.967	52.128	221
CA	37.847	52.082	53.218	221
C	39.237	51.483	53.048	221
N	40.062	52.171	52.266	222
CA	41.459	51.814	52.114	222
C	41.661	50.565	51.288	222
N	40.664	50.206	50.485	223
CA	40.806	49.022	49.656	223
C	41.569	49.36	48.395	223
N	42.151	48.337	47.786	224
CA	42.806	48.483	46.493	224
C	41.807	48.13	45.398	224
N	41.214	49.171	44.826	225
CA	40.114	49.031	43.882	225
C	40.631	49.072	42.452	225
N	40.376	48.006	41.705	226
CA	40.727	47.985	40.298	226
C	39.449	47.912	39.467	226
N	39.286	48.863	38.554	227
CA	38.138	48.906	37.656	227
C	38.591	48.475	36.273	227
N	37.848	47.571	35.647	228
CA	38.215	47.083	34.327	228
C	36.995	47.003	33.409	228
N	37.155	47.434	32.164	229
CA	36.07	47.323	31.184	229
C	36.608	47.484	29.767	229
N	35.852	47.002	28.767	230
CA	36.314	47.156	27.383	230
C	36.323	48.638	27.034	230
N	36.954	49.004	25.928	231
CA	36.958	50.398	25.499	231
C	35.539	50.837	25.125	231
N	35.145	52.015	25.591	232
CA	33.837	52.553	25.267	232
C	32.855	52.488	26.419	232
N	33.161	51.657	27.413	233
CA	32.263	51.435	28.542	233
C	32.681	52.219	29.772	233
N	33.352	53.341	29.548	234
CA	33.783	54.217	30.635	234
C	32.636	54.647	31.518	234
N	32.914	54.766	32.809	235
CA	31.929	55.269	33.747	235
C	31.931	56.796	33.686	235
N	30.914	57.407	34.276	236
CA	30.821	58.857	34.343	236
C	32.097	59.466	34.943	236
N	32.714	60.413	34.223	237
CA	33.992	60.973	34.668	237
C	33.959	61.506	36.094	237
N	32.863	62.139	36.508	238
CA	32.801	62.719	37.851	238
C	32.945	61.67	38.955	238
N	32.404	60.474	38.724	239
CA	32.473	59.401	39.715	239
C	33.879	58.796	39.762	239
N	34.502	58.657	38.601	240
CA	35.886	58.198	38.549	240
C	36.792	59.104	39.391	240
N	36.568	60.406	39.302	241
CA	37.386	61.361	40.039	241
C	37.124	61.3	41.55	241
N	35.873	61.054	41.939	242
CA	35.544	60.835	43.344	242
C	36.289	59.616	43.876	242
N	36.246	58.534	43.112	243
CA	36.961	57.307	43.473	243
C	38.442	57.587	43.689	243
N	39.056	58.281	42.737	244
CA	40.491	58.555	42.851	244
C	40.785	59.389	44.1	244
N	39.987	60.428	44.325	245
CA	40.157	61.258	45.514	245
C	39.823	60.555	46.841	245
N	38.83	59.67	46.824	246
CA	38.517	58.846	47.996	246
C	39.716	57.99	48.416	246
N	40.316	57.321	47.434	247
CA	41.43	56.406	47.666	247
C	42.62	57.109	48.316	247
N	42.961	58.284	47.794	248
CA	43.998	59.12	48.382	248
C	43.804	59.379	49.877	248
N	42.586	59.738	50.256	249
CA	42.311	60.151	51.627	249
C	42.112	58.978	52.584	249
N	41.788	57.803	52.052	250
CA	41.55	56.664	52.926	250
C	42.735	55.72	52.983	250
N	43.803	56.036	52.25	251
CA	44.962	55.167	52.199	251
C	44.775	53.962	51.286	251
N	43.785	54.021	50.405	252
CA	43.6	52.939	49.457	252
C	44.225	53.272	48.124	252
N	43.816	52.549	47.089	253
CA	44.258	52.869	45.741	253
C	43.122	52.676	44.754	253
N	43.229	53.349	43.614	254
CA	42.254	53.145	42.543	254
C	42.978	53.064	41.207	254
N	42.674	52.029	40.435	255
CA	43.391	51.771	39.196	255
C	42.392	51.404	38.118	255
N	42.622	51.879	36.9	256
CA	41.799	51.463	35.77	256
C	42.597	50.607	34.783	256
N	42.027	49.473	34.384	257
CA	42.736	48.559	33.492	257
C	41.874	48.147	32.292	257
N	42.493	47.517	31.297	258
CA	41.807	47.241	30.037	258
C	41.421	45.783	29.859	258
N	41.792	44.941	30.816	259
CA	41.47	43.526	30.712	259
C	40.948	42.952	32.023	259
N	40.06	41.971	31.902	260
CA	39.516	41.266	33.051	260
C	40.578	40.482	33.835	260
N	41.45	39.774	33.127	261
CA	42.528	39.029	33.788	261
C	43.4	39.94	34.631	261
N	43.746	41.093	34.078	262
CA	44.561	42.067	34.791	262
C	43.96	42.37	36.146	262
N	42.676	42.711	36.145	263
CA	41.956	43.029	37.37	263
C	41.835	41.828	38.305	263
N	41.577	40.643	37.745	264
CA	41.332	39.438	38.548	264
C	42.589	38.94	39.273	264
N	43.758	39.171	38.679	265
CA	45.018	38.653	39.226	265
C	45.248	39.087	40.671	265
N	45.486	38.125	41.556	266
CA	45.745	38.433	42.965	266
C	44.577	39.123	43.675	266
N	43.401	39.18	43.047	267
CA	42.261	39.806	43.705	267
C	41.78	38.987	44.902	267
N	41.355	39.697	45.944	268
CA	40.64	39.102	47.072	268
C	39.152	39.0	46.809	268
N	38.658	39.914	45.986	269
CA	37.226	40.023	45.722	269
C	37.053	40.35	44.247	269
N	36.162	39.635	43.577	270
CA	35.788	40.012	42.226	270
C	34.285	40.31	42.144	270
N	33.944	41.281	41.311	271
CA	32.563	41.758	41.192	271
C	32.397	42.022	39.721	271
N	32.026	40.983	38.953	272
CA	32.07	41.081	37.496	272
C	30.649	41.234	36.975	272
N	30.297	42.43	36.522	273
CA	28.906	42.684	36.182	273
C	28.769	43.588	34.967	273
N	27.788	43.312	34.113	274
CA	27.642	44.089	32.881	274
C	27.026	45.455	33.124	274
N	27.353	46.399	32.249	275
CA	26.638	47.662	32.169	275
C	26.736	48.21	30.751	275
N	25.896	49.182	30.424	276
CA	25.946	49.792	29.095	276
C	26.742	51.094	29.151	276
N	27.355	51.501	28.019	277
CA	28.053	52.793	27.967	277
C	27.066	53.904	28.283	277
N	27.498	55.005	28.893	278
CA	26.511	55.999	29.32	278
C	25.927	56.776	28.141	278
N	26.626	56.738	27.014	279
CA	26.129	57.382	25.812	279
C	24.971	56.576	25.239	279
N	25.027	55.261	25.428	280
CA	23.912	54.395	25.069	280
C	22.695	54.714	25.939	280
N	22.895	54.784	27.251	281
CA	21.785	55.01	28.177	281
C	21.089	56.344	27.889	281
N	21.869	57.315	27.424	282
CA	21.358	58.64	27.092	282
C	20.365	58.561	25.936	282
N	20.763	57.854	24.887	283
CA	19.962	57.761	23.68	283
C	18.773	56.834	23.891	283
N	18.96	55.811	24.719	284
CA	17.854	54.942	25.095	284
C	16.784	55.776	25.787	284
N	17.229	56.637	26.698	285
CA	16.341	57.506	27.453	285
C	15.575	58.483	26.551	285
N	16.261	59.034	25.553	286
CA	15.666	60.038	24.67	286
C	14.487	59.494	23.873	286
N	14.678	58.343	23.237	287
CA	13.602	57.74	22.457	287
C	12.604	56.966	23.325	287
N	12.992	56.667	24.562	288
CA	12.063	56.097	25.526	288
C	11.031	57.167	25.857	288
N	11.502	58.406	25.948	289
CA	10.638	59.553	26.206	289
C	9.77	59.902	24.996	289
N	10.209	59.49	23.81	290
CA	9.534	59.867	22.57	290
C	8.742	58.725	21.937	290
N	8.582	57.629	22.673	291
CA	7.822	56.48	22.187	291
C	8.349	55.917	20.868	291
N	9.611	56.198	20.563	292
CA	10.205	55.733	19.316	292
C	10.559	54.249	19.408	292
N	9.54	53.4	19.31	293
CA	9.717	51.956	19.427	293
C	10.689	51.414	18.382	293
N	10.598	51.944	17.167	294
CA	11.449	51.501	16.071	294
C	12.898	51.914	16.304	294
N	13.086	53.115	16.839	295
CA	14.411	53.596	17.173	295
C	15.011	52.723	18.253	295
N	14.163	52.263	19.165	296
CA	14.595	51.374	20.231	296
C	15.147	50.067	19.681	296
N	14.303	49.305	18.991	297
CA	14.728	48.024	18.433	297
C	15.972	48.19	17.562	297
N	16.134	49.378	16.988	298
CA	17.323	49.692	16.206	298
C	18.525	49.878	17.129	298
N	18.32	50.613	18.215	299
CA	19.362	50.811	19.214	299
C	19.742	49.491	19.875	299
N	18.74	48.748	20.333	300
CA	18.985	47.45	20.946	300
C	19.8	46.549	20.028	300
N	19.396	46.488	18.765	301
CA	20.051	45.628	17.788	301
C	21.538	45.941	17.668	301
N	21.885	47.22	17.755	302
CA	23.273	47.637	17.605	302
C	24.099	47.299	18.845	302
N	23.578	47.665	20.011	303
CA	24.25	47.406	21.281	303
C	24.564	45.924	21.466	303
N	23.599	45.074	21.137	304
CA	23.797	43.635	21.205	304
C	24.995	43.216	20.372	304
N	25.234	43.937	19.278	305
CA	26.381	43.66	18.415	305
C	27.681	44.244	18.973	305
N	27.594	45.407	19.607	306
CA	28.756	45.983	20.275	306
C	29.201	45.099	21.443	306
N	28.242	44.624	22.238	307
CA	28.552	43.794	23.398	307
C	29.105	42.41	23.043	307
N	28.603	41.823	21.959	308
CA	28.985	40.468	21.546	308
C	30.473	40.277	21.237	308
N	31.186	41.359	20.955	309
CA	32.619	41.234	20.696	309
C	33.431	41.116	21.981	309
N	32.761	41.292	23.116	310
CA	33.404	41.169	24.419	310
C	32.813	40.024	25.243	310
N	32.252	39.024	24.564	311
CA	31.67	37.855	25.229	311
C	32.689	37.189	26.133	311
N	33.958	37.472	25.858	312
CA	35.083	36.879	26.571	312
C	35.224	37.415	27.991	312
N	34.523	38.507	28.286	313
CA	34.47	39.021	29.648	313
C	33.452	38.179	30.413	313
N	33.918	37.016	30.85	314
CA	33.085	35.923	31.327	314
C	33.777	35.396	32.578	314
N	33.087	35.397	33.713	315
CA	33.7	34.901	34.938	315
C	33.648	33.378	34.964	315
N	34.761	32.768	34.576	316
CA	34.858	31.336	34.45	316
C	35.754	30.785	35.544	316
N	35.772	29.461	35.648	317
CA	36.662	28.772	36.563	317
C	38.121	29.14	36.274	317
N	38.454	29.236	34.991	318
CA	39.786	29.666	34.571	318
C	40.123	31.058	35.121	318
N	39.177	31.992	35.02	319
CA	39.363	33.346	35.567	319
C	39.578	33.357	37.082	319
N	38.759	32.601	37.809	320
CA	38.873	32.519	39.267	320
C	40.231	31.964	39.711	320
N	40.841	31.129	38.876	321
CA	42.13	30.525	39.216	321
C	43.243	31.559	39.364	321
N	43.071	32.699	38.702	322
CA	44.061	33.778	38.703	322
C	43.979	34.653	39.951	322
N	42.853	34.588	40.662	323
CA	42.652	35.413	41.86	323
C	43.472	34.869	43.025	323
N	43.458	35.569	44.158	324
CA	44.288	35.163	45.296	324
C	43.943	33.745	45.758	324
N	44.941	32.868	45.787	325
CA	44.735	31.458	46.137	325
C	43.776	30.759	45.178	325
N	43.398	31.449	44.106	326
CA	42.343	30.967	43.235	326
C	40.993	30.912	43.947	326
N	40.846	31.693	45.013	327
CA	39.67	31.604	45.874	327
C	39.102	32.969	46.293	327
N	39.155	33.953	45.405	328
CA	38.544	35.247	45.706	328
C	37.078	35.079	46.032	328
N	36.552	36.009	46.825	329
CA	35.124	36.084	47.068	329
C	34.485	36.639	45.803	329
N	33.531	35.895	45.25	330
CA	32.802	36.318	44.067	330
C	31.569	37.1	44.524	330
N	31.341	38.28	43.942	331
CA	30.16	39.085	44.27	331
C	29.364	39.474	43.034	331
N	28.047	39.533	43.189	332
CA	27.161	39.958	42.12	332
C	25.765	40.11	42.726	332
N	25.002	41.11	42.278	333
CA	23.744	41.52	42.931	333
C	22.46	40.672	42.855	333
N	22.373	39.674	41.98	334
CA	21.119	38.891	41.855	334
C	19.953	39.642	41.188	334
N	19.495	39.151	40.025	335
CA	19.965	37.915	39.386	335
C	21.217	38.12	38.55	335
N	21.996	37.061	38.382	336
CA	23.121	37.09	37.461	336
C	22.694	36.428	36.162	336
N	23.339	36.801	35.061	337
CA	23.172	36.068	33.81	337
C	24.122	34.887	33.826	337
N	23.573	33.711	34.092	338
CA	24.359	32.494	34.183	338
C	24.353	31.761	32.857	338
N	25.541	31.605	32.274	339
CA	25.701	30.903	31.006	339
C	25.104	29.499	31.037	339
N	24.339	29.167	30.0	340
CA	23.74	27.85	29.873	340
C	22.581	27.61	30.831	340
N	22.269	28.598	31.663	341
CA	21.14	28.481	32.582	341
C	20.097	29.543	32.266	341
N	20.457	30.797	32.547	342
CA	19.605	31.96	32.316	342
C	19.607	32.329	30.845	342
N	20.675	31.94	30.161	343
CA	20.953	32.424	28.82	343
C	22.005	31.521	28.197	343
N	22.295	31.723	26.919	344
CA	23.333	30.944	26.252	344
C	24.711	31.363	26.767	344
N	24.98	32.667	26.721	345
CA	26.25	33.229	27.192	345
C	25.953	34.416	28.088	345
N	26.562	34.449	29.273	346
CA	26.285	35.486	30.255	346
C	27.525	35.958	30.999	346
N	27.331	36.4	32.236	347
CA	28.381	37.045	33.015	347
C	29.23	36.065	33.82	347
N	28.684	34.877	34.083	348
CA	29.325	33.891	34.961	348
C	28.874	32.461	34.606	348
N	29.758	31.481	34.744	349
CA	29.389	30.115	34.371	349
C	28.583	29.469	35.488	349
N	27.824	28.434	35.134	350
CA	27.058	27.637	36.09	350
C	27.906	27.132	37.261	350
N	29.113	26.652	36.96	351
CA	30.006	26.086	37.96	351
C	30.519	27.089	38.987	351
N	30.933	28.267	38.529	352
CA	31.402	29.302	39.452	352
C	30.234	29.796	40.309	352
N	29.061	29.941	39.704	353
CA	27.924	30.404	40.49	353
C	27.517	29.384	41.564	353
N	27.504	28.101	41.211	354
CA	27.163	27.061	42.183	354
C	28.104	27.136	43.393	354
N	29.401	27.277	43.138	355
CA	30.37	27.418	44.232	355
C	30.143	28.623	45.155	355
N	29.764	29.762	44.577	356
CA	29.594	30.989	45.367	356
C	28.155	31.362	45.659	356
N	27.237	30.446	45.372	357
CA	25.814	30.77	45.464	357
C	25.428	31.285	46.847	357
N	25.927	30.649	47.898	358
CA	25.555	31.027	49.256	358
C	26.107	32.41	49.591	358
N	27.314	32.689	49.101	359
CA	27.904	34.018	49.258	359
C	27.025	35.107	48.646	359
N	26.546	34.888	47.424	360
CA	25.736	35.896	46.741	360
C	24.366	36.038	47.396	360
N	23.868	34.951	47.978	361
CA	22.62	35.019	48.731	361
C	22.798	35.829	50.008	361
N	23.88	35.578	50.738	362
CA	24.111	36.326	51.972	362
C	24.323	37.797	51.664	362
N	25.012	38.05	50.56	363
CA	25.225	39.417	50.094	363
C	23.89	40.127	49.861	363
N	22.997	39.488	49.11	364
CA	21.664	40.054	48.903	364
C	20.84	40.182	50.195	364
N	21.076	39.309	51.175	365
CA	20.277	39.313	52.413	365
C	20.438	40.604	53.217	365
N	21.507	41.359	52.95	366
CA	21.722	42.591	53.704	366
C	20.855	43.756	53.252	366
N	20.347	43.699	52.027	367
CA	19.701	44.871	51.428	367
C	18.486	45.392	52.207	367
N	17.597	44.49	52.654	368
CA	16.41	44.951	53.404	368
C	16.812	45.686	54.687	368
N	17.864	45.196	55.337	369
CA	18.337	45.815	56.567	369
C	18.99	47.155	56.336	369
N	19.713	47.272	55.234	370
CA	20.327	48.529	54.843	370
C	19.234	49.549	54.518	370
N	18.238	49.13	53.751	371
CA	17.157	50.059	53.409	371
C	16.397	50.496	54.661	371
N	16.12	49.546	55.555	372
CA	15.425	49.874	56.8	372
C	16.272	50.805	57.674	372
N	17.59	50.618	57.649	373
CA	18.472	51.457	58.456	373
C	18.475	52.896	57.928	373
N	18.436	53.04	56.609	374
CA	18.32	54.357	55.971	374
C	17.041	55.11	56.359	374
N	15.923	54.391	56.369	375
CA	14.647	54.955	56.817	375
C	14.704	55.403	58.278	375
N	15.225	54.544	59.146	376
CA	15.382	54.881	60.55	376
C	16.362	56.045	60.773	376
N	17.408	56.11	59.96	377
CA	18.44	57.125	60.125	377
C	17.959	58.519	59.74	377
N	16.951	58.573	58.876	378
CA	16.305	59.833	58.562	378
C	15.302	60.203	59.651	378
N	14.574	59.213	60.161	379
CA	13.478	59.486	61.102	379
C	13.918	59.773	62.548	379
N	15.034	59.184	62.954	380
CA	15.547	59.402	64.299	380
C	16.974	59.934	64.288	380
N	17.175	61.079	64.928	381
CA	18.503	61.631	65.097	381
C	19.41	60.633	65.809	381
N	18.844	59.883	66.747	382
CA	19.613	58.908	67.515	382
C	18.978	57.519	67.38	382
N	19.274	56.817	66.275	383
CA	18.685	55.496	66.06	383
C	19.089	54.511	67.147	383
N	20.151	54.813	67.878	384
CA	20.622	53.918	68.923	384
C	19.633	53.845	70.072	384
N	18.996	54.974	70.362	385
CA	17.942	55.028	71.367	385
C	16.785	54.112	70.976	385
N	16.351	54.221	69.724	386
CA	15.256	53.398	69.223	386
C	15.554	51.899	69.289	386
N	16.75	51.489	68.875	387
CA	17.124	50.076	68.98	387
C	17.144	49.58	70.431	387
N	17.65	50.391	71.36	388
CA	17.67	49.958	72.754	388
C	16.251	49.732	73.256	388
N	15.333	50.609	72.856	389
CA	13.923	50.433	73.186	389
C	13.357	49.123	72.615	389
N	13.604	48.876	71.332	390
CA	13.187	47.627	70.691	390
C	13.754	46.405	71.422	390
N	15.024	46.48	71.798	391
CA	15.694	45.375	72.471	391
C	15.127	45.097	73.864	391
N	14.754	46.155	74.577	392
CA	14.223	46.016	75.928	392
C	12.805	45.456	75.93	392
N	11.969	45.955	75.023	393
CA	10.61	45.443	74.871	393
C	10.628	43.983	74.435	393
N	11.594	43.641	73.589	394
CA	11.767	42.276	73.1	394
C	10.444	41.609	72.723	394
N	9.597	42.353	72.018	395
CA	8.373	41.798	71.461	395
C	8.713	40.725	70.42	395
N	8.025	39.591	70.475	396
CA	8.317	38.518	69.526	396
C	7.82	38.898	68.137	396
N	8.529	38.457	67.098	397
CA	8.019	38.632	65.745	397
C	6.987	37.56	65.444	397
N	7.325	36.311	65.741	398
CA	6.375	35.217	65.536	398
C	6.001	34.592	66.876	398
N	4.709	34.355	67.055	399
CA	4.169	33.914	68.328	399
C	4.61	32.486	68.653	399
