ATOM	X	Y	Z	RESIDUE
N	13.449	5.677	79.198	1
CA	12.852	4.518	79.945	1
C	12.528	3.35	79.002	1
N	13.073	2.172	79.32	2
CA	12.893	0.925	78.543	2
C	12.321	-0.158	79.476	2
N	11.436	0.231	80.351	3
CA	10.843	-0.716	81.267	3
C	9.861	-1.589	80.535	3
N	9.637	-2.778	81.072	4
CA	8.606	-3.691	80.525	4
C	8.293	-4.787	81.529	4
N	7.975	-5.958	80.997	5
CA	7.599	-7.098	81.83	5
C	8.492	-8.325	81.648	5
N	9.564	-8.185	80.881	6
CA	10.505	-9.297	80.649	6
C	11.469	-9.553	81.803	6
N	12.283	-10.589	81.654	7
CA	13.353	-10.933	82.606	7
C	14.315	-9.776	82.791	7
N	14.577	-9.054	81.701	8
CA	15.615	-8.066	81.762	8
C	15.15	-6.68	82.072	8
N	13.854	-6.405	81.971	9
CA	13.344	-5.057	82.183	9
C	12.063	-5.018	83.038	9
N	11.744	-6.135	83.692	10
CA	10.482	-6.296	84.346	10
C	10.458	-5.741	85.752	10
N	9.377	-6.027	86.485	11
CA	9.164	-5.459	87.809	11
C	10.316	-5.526	88.786	11
N	11.145	-6.56	88.754	12
CA	12.287	-6.633	89.664	12
C	13.389	-5.612	89.369	12
N	13.367	-5.012	88.191	13
CA	14.323	-4.011	87.759	13
C	13.851	-2.598	87.931	13
N	12.548	-2.377	88.092	14
CA	11.989	-1.022	88.002	14
C	12.585	-0.074	89.033	14
N	12.96	-0.596	90.214	15
CA	13.455	0.264	91.263	15
C	14.673	1.077	90.871	15
N	15.454	0.587	89.92	16
CA	16.687	1.342	89.573	16
C	16.404	2.698	88.929	16
N	15.444	2.732	88.033	17
CA	14.996	4.024	87.487	17
C	13.931	4.728	88.321	17
N	13.161	3.983	89.119	18
CA	12.012	4.492	89.842	18
C	12.116	3.995	91.285	18
N	12.977	4.621	92.114	19
CA	13.216	4.139	93.471	19
C	11.954	4.024	94.368	19
N	10.9	4.778	94.056	20
CA	9.623	4.67	94.782	20
C	9.026	3.257	94.635	20
N	9.565	2.44	93.726	21
CA	9.123	1.051	93.635	21
C	9.227	0.296	94.95	21
N	10.141	0.733	95.839	22
CA	10.322	0.125	97.164	22
C	9.702	0.985	98.253	22
N	8.733	1.828	97.889	23
CA	8.103	2.786	98.822	23
C	7.122	2.146	99.792	23
N	6.436	3.025	100.513	24
CA	5.564	2.651	101.613	24
C	4.154	2.439	101.2	24
N	3.771	2.777	99.984	25
CA	2.338	2.594	99.582	25
C	2.259	2.142	98.127	25
N	2.981	1.056	97.826	26
CA	2.993	0.491	96.465	26
C	1.828	-0.464	96.225	26
N	1.432	-0.558	94.951	27
CA	0.4	-1.434	94.474	27
C	0.938	-2.322	93.362	27
N	0.265	-3.449	93.104	28
CA	-0.886	-4.004	93.822	28
C	-0.454	-4.654	95.119	28
N	-1.483	-5.175	95.824	29
CA	-1.314	-5.897	97.069	29
C	-2.225	-7.14	97.04	29
N	-1.861	-8.106	97.909	30
CA	-2.773	-9.214	98.221	30
C	-3.846	-8.694	99.204	30
N	-5.095	-8.994	98.889	31
CA	-6.21	-8.668	99.758	31
C	-6.513	-9.904	100.59	31
N	-6.16	-9.826	101.87	32
CA	-6.491	-10.902	102.793	32
C	-7.892	-10.639	103.313	32
N	-8.832	-11.463	102.874	33
CA	-10.242	-11.169	103.115	33
C	-10.636	-11.339	104.548	33
N	-9.854	-12.116	105.308	34
CA	-10.095	-12.281	106.715	34
C	-9.614	-11.116	107.546	34
N	-8.57	-10.421	107.115	35
CA	-8.073	-9.286	107.867	35
C	-8.641	-7.943	107.451	35
N	-9.219	-7.847	106.265	36
CA	-9.881	-6.584	105.817	36
C	-11.059	-6.37	106.759	36
N	-11.236	-5.148	107.179	37
CA	-12.326	-4.879	108.119	37
C	-13.412	-4.077	107.474	37
N	-14.656	-4.468	107.771	38
CA	-15.825	-3.696	107.386	38
C	-15.7	-2.294	107.999	38
N	-15.924	-1.279	107.214	39
CA	-15.874	0.103	107.646	39
C	-17.239	0.743	107.461	39
N	-17.97	0.991	108.554	40
CA	-19.285	1.665	108.465	40
C	-19.195	3.14	108.065	40
N	-18.003	3.722	108.142	41
CA	-17.889	5.131	107.758	41
C	-17.887	5.34	106.208	41
N	-17.718	4.274	105.442	42
CA	-17.652	4.415	103.976	42
C	-19.028	4.878	103.479	42
N	-19.064	5.912	102.645	43
CA	-20.344	6.396	102.084	43
C	-20.688	5.522	100.901	43
N	-21.899	5.625	100.376	44
CA	-22.18	4.721	99.208	44
C	-21.325	5.094	97.95	44
N	-20.908	4.106	97.185	45
CA	-20.113	4.355	95.934	45
C	-21.061	4.711	94.804	45
N	-20.686	5.725	94.06	46
CA	-21.488	6.239	92.945	46
C	-20.666	6.197	91.683	46
N	-21.067	5.327	90.765	47
CA	-20.438	5.228	89.441	47
C	-21.44	5.831	88.45	47
N	-21.127	6.992	87.902	48
CA	-22.031	7.712	87.011	48
C	-21.43	7.804	85.638	48
N	-21.712	6.808	84.823	49
CA	-21.13	6.685	83.504	49
C	-22.123	6.92	82.344	49
N	-23.342	7.354	82.648	50
CA	-24.356	7.592	81.597	50
C	-23.913	8.518	80.45	50
N	-23.13	9.533	80.751	51
CA	-22.671	10.479	79.718	51
C	-21.245	10.261	79.217	51
N	-20.683	9.103	79.517	52
CA	-19.296	8.831	79.132	52
C	-19.116	8.922	77.634	52
N	-18.015	9.553	77.222	53
CA	-17.682	9.774	75.832	53
C	-16.328	9.172	75.491	53
N	-16.337	7.943	74.987	54
CA	-15.078	7.311	74.593	54
C	-14.602	7.949	73.292	54
N	-13.294	7.936	73.065	55
CA	-12.731	8.545	71.852	55
C	-11.875	7.615	71.017	55
N	-11.016	6.829	71.646	56
CA	-9.96	6.172	70.919	56
C	-9.453	5.019	71.726	56
N	-8.826	4.049	71.056	57
CA	-8.149	2.943	71.709	57
C	-6.726	2.907	71.198	57
N	-5.754	2.739	72.091	58
CA	-4.343	2.871	71.778	58
C	-3.545	1.678	72.348	58
N	-2.683	1.046	71.556	59
CA	-1.678	0.085	72.065	59
C	-0.469	0.912	72.425	59
N	-0.163	1.013	73.724	60
CA	0.964	1.835	74.177	60
C	2.236	1.016	74.44	60
N	2.28	-0.242	74.005	61
CA	3.404	-1.107	74.225	61
C	3.444	-1.832	75.553	61
N	2.503	-1.537	76.42	62
CA	2.39	-2.167	77.756	62
C	1.017	-2.79	77.948	62
N	-0.019	-2.151	77.435	63
CA	-1.38	-2.57	77.449	63
C	-2.095	-1.85	76.315	63
N	-3.398	-1.914	76.307	64
CA	-4.154	-0.975	75.479	64
C	-5.037	-0.109	76.343	64
N	-5.175	1.168	75.974	65
CA	-6.0	2.087	76.726	65
C	-7.167	2.504	75.865	65
N	-8.385	2.445	76.439	66
CA	-9.576	3.094	75.894	66
C	-9.682	4.451	76.567	66
N	-9.584	5.504	75.76	67
CA	-9.488	6.868	76.247	67
C	-10.841	7.559	76.14	67
N	-11.106	8.412	77.112	68
CA	-12.337	9.19	77.237	68
C	-12.094	10.677	77.143	68
N	-13.144	11.385	76.721	69
CA	-13.145	12.845	76.801	69
C	-13.368	13.222	78.265	69
N	-12.348	13.802	78.872	70
CA	-12.374	14.203	80.286	70
C	-12.267	15.747	80.402	70
N	-12.74	16.471	79.375	71
CA	-12.731	17.956	79.349	71
C	-13.935	18.527	80.114	71
N	-14.869	17.669	80.531	72
CA	-16.021	18.044	81.405	72
C	-16.373	16.867	82.264	72
N	-17.241	17.068	83.255	73
CA	-17.694	15.995	84.148	73
C	-18.707	15.03	83.494	73
N	-18.258	14.22	82.579	74
CA	-19.19	13.328	81.825	74
C	-19.338	11.935	82.426	74
N	-18.278	11.404	82.922	75
CA	-18.257	10.082	83.555	75
C	-17.439	10.218	84.792	75
N	-18.078	10.035	85.939	76
CA	-17.419	10.321	87.206	76
C	-17.673	9.234	88.229	76
N	-16.74	9.151	89.164	77
CA	-16.793	8.287	90.312	77
C	-16.757	9.178	91.542	77
N	-17.663	8.9	92.45	78
CA	-17.803	9.632	93.707	78
C	-18.184	8.672	94.827	78
N	-18.16	9.156	96.063	79
CA	-18.639	8.377	97.182	79
C	-17.644	7.33	97.587	79
N	-18.116	6.349	98.328	80
CA	-17.197	5.339	98.882	80
C	-16.188	6.021	99.792	80
N	-14.884	5.742	99.601	81
CA	-13.854	6.382	100.388	81
C	-13.476	7.77	99.921	81
N	-14.063	8.209	98.806	82
CA	-13.601	9.393	98.093	82
C	-14.254	10.697	98.588	82
N	-13.46	11.752	98.694	83
CA	-14.001	13.095	98.869	83
C	-13.969	13.745	97.473	83
N	-15.082	14.324	97.085	84
CA	-15.18	15.061	95.84	84
C	-15.355	14.15	94.632	84
N	-14.974	14.659	93.466	85
CA	-15.406	14.104	92.206	85
C	-14.188	13.689	91.399	85
N	-14.226	12.488	90.859	86
CA	-13.136	11.928	90.086	86
C	-13.609	11.62	88.674	86
N	-12.932	12.153	87.676	87
CA	-13.336	12.031	86.283	87
C	-12.62	10.86	85.594	87
N	-13.404	10.053	84.856	88
CA	-12.832	8.944	84.097	88
C	-11.988	9.497	82.956	88
N	-10.754	9.003	82.837	89
CA	-9.834	9.375	81.749	89
C	-9.552	8.201	80.809	89
N	-9.425	6.97	81.339	90
CA	-9.123	5.822	80.499	90
C	-9.404	4.565	81.259	90
N	-9.568	3.472	80.534	91
CA	-9.456	2.156	81.139	91
C	-8.492	1.296	80.359	91
N	-7.982	0.263	81.046	92
CA	-7.07	-0.708	80.453	92
C	-7.157	-1.977	81.259	92
N	-6.472	-3.018	80.803	93
CA	-6.422	-4.297	81.469	93
C	-4.991	-4.757	81.691	93
N	-4.844	-5.731	82.593	94
CA	-3.655	-6.533	82.747	94
C	-4.106	-7.966	82.633	94
N	-3.315	-8.824	81.977	95
CA	-3.727	-10.202	81.778	95
C	-2.517	-11.134	81.646	95
N	-2.817	-12.43	81.682	96
CA	-1.781	-13.456	81.69	96
C	-1.576	-14.198	80.392	96
N	-0.554	-15.062	80.389	97
CA	-0.366	-15.997	79.306	97
C	-1.292	-17.214	79.406	97
N	-1.824	-17.487	80.583	98
CA	-2.778	-18.558	80.816	98
C	-3.784	-18.095	81.836	98
N	-4.849	-18.861	81.987	99
CA	-6.003	-18.339	82.731	99
C	-5.709	-18.295	84.25	99
N	-4.695	-19.014	84.758	100
CA	-4.346	-18.964	86.16	100
C	-3.504	-17.804	86.657	100
N	-3.275	-16.799	85.83	101
CA	-2.523	-15.633	86.237	101
C	-2.965	-14.484	85.365	101
N	-2.641	-13.27	85.802	102
CA	-2.944	-12.08	85.01	102
C	-3.384	-10.901	85.827	102
N	-4.093	-11.142	86.94	103
CA	-4.495	-10.008	87.78	103
C	-3.292	-9.462	88.544	103
N	-3.425	-8.215	88.924	104
CA	-2.398	-7.513	89.743	104
C	-2.727	-7.703	91.215	104
N	-3.902	-7.226	91.63	105
CA	-4.386	-7.595	92.956	105
C	-4.666	-9.09	92.992	105
N	-4.523	-9.65	94.178	106
CA	-4.895	-11.049	94.451	106
C	-5.818	-11.054	95.645	106
N	-6.595	-12.128	95.779	107
CA	-7.574	-12.241	96.854	107
C	-7.226	-13.517	97.611	107
N	-6.752	-13.412	98.86	108
CA	-6.251	-14.591	99.566	108
C	-5.302	-15.418	98.699	108
N	-4.425	-14.684	98.017	109
CA	-3.361	-15.184	97.105	109
C	-3.888	-15.718	95.776	109
N	-5.205	-15.741	95.57	110
CA	-5.78	-16.128	94.273	110
C	-5.526	-15.074	93.206	110
N	-4.984	-15.53	92.099	111
CA	-4.814	-14.723	90.901	111
C	-5.954	-14.99	89.935	111
N	-6.544	-13.926	89.419	112
CA	-7.53	-14.01	88.37	112
C	-6.865	-13.942	86.992	112
N	-7.661	-14.265	85.961	113
CA	-7.156	-14.283	84.571	113
C	-6.748	-12.914	84.08	113
N	-7.383	-11.881	84.597	114
CA	-7.1	-10.52	84.16	114
C	-7.714	-9.573	85.18	114
N	-7.4	-8.286	85.003	115
CA	-7.914	-7.212	85.856	115
C	-8.113	-5.963	84.993	115
N	-9.273	-5.366	85.134	116
CA	-9.639	-4.117	84.488	116
C	-9.429	-2.985	85.476	116
N	-8.811	-1.924	84.974	117
CA	-8.58	-0.707	85.733	117
C	-9.233	0.475	85.047	117
N	-10.226	1.063	85.697	118
CA	-10.868	2.3	85.262	118
C	-10.239	3.452	86.045	118
N	-9.54	4.322	85.347	119
CA	-8.696	5.347	85.952	119
C	-9.381	6.687	85.97	119
N	-9.443	7.295	87.145	120
CA	-10.147	8.57	87.321	120
C	-9.234	9.556	88.066	120
N	-9.356	10.841	87.782	121
CA	-8.568	11.869	88.464	121
C	-9.457	12.876	89.204	121
N	-8.907	13.364	90.332	122
CA	-9.617	14.282	91.198	122
C	-9.697	15.649	90.582	122
N	-10.943	16.093	90.337	123
CA	-11.129	17.333	89.587	123
C	-10.62	18.554	90.3	123
N	-10.417	18.458	91.685	124
CA	-9.888	19.602	92.413	124
C	-8.468	19.982	91.98	124
N	-7.747	19.092	91.293	125
CA	-6.428	19.396	90.8	125
C	-6.369	19.812	89.327	125
N	-7.527	19.912	88.67	126
CA	-7.585	20.589	87.368	126
C	-7.198	19.736	86.153	126
N	-6.132	18.941	86.227	127
CA	-5.699	18.072	85.114	127
C	-5.03	16.836	85.706	127
N	-4.958	15.807	84.875	128
CA	-4.408	14.531	85.271	128
C	-2.968	14.672	85.722	128
N	-2.167	15.426	84.97	129
CA	-0.78	15.587	85.299	129
C	-0.501	16.204	86.665	129
N	-1.336	17.141	87.087	130
CA	-1.257	17.699	88.428	130
C	-1.79	16.698	89.463	130
N	-2.839	15.966	89.115	131
CA	-3.45	15.012	90.062	131
C	-2.46	13.927	90.475	131
N	-1.638	13.436	89.553	132
CA	-0.732	12.316	89.878	132
C	0.372	12.737	90.855	132
N	0.52	14.037	91.097	133
CA	1.501	14.546	92.078	133
C	0.927	14.681	93.48	133
N	-0.314	14.204	93.677	134
CA	-1.017	14.381	94.952	134
C	-1.364	13.011	95.54	134
N	-1.377	12.913	96.885	135
CA	-1.687	11.6	97.475	135
C	-3.101	11.111	97.245	135
N	-4.019	12.045	97.005	136
CA	-5.427	11.737	96.716	136
C	-5.782	12.157	95.288	136
N	-4.83	12.052	94.377	137
CA	-5.065	12.515	93.037	137
C	-5.878	11.627	92.105	137
N	-5.722	10.305	92.278	138
CA	-6.424	9.339	91.417	138
C	-7.28	8.399	92.203	138
N	-8.304	7.871	91.534	139
CA	-9.068	6.736	92.035	139
C	-9.117	5.736	90.911	139
N	-8.657	4.501	91.193	140
CA	-8.713	3.437	90.222	140
C	-9.71	2.402	90.704	140
N	-10.684	2.114	89.848	141
CA	-11.672	1.067	90.094	141
C	-11.143	-0.182	89.427	141
N	-10.882	-1.207	90.231	142
CA	-10.325	-2.466	89.749	142
C	-11.374	-3.555	89.773	142
N	-11.447	-4.291	88.667	143
CA	-12.448	-5.338	88.49	143
C	-11.75	-6.582	87.98	143
N	-11.933	-7.694	88.687	144
CA	-11.346	-8.952	88.271	144
C	-12.121	-9.589	87.131	144
N	-11.37	-10.286	86.261	145
CA	-11.95	-11.082	85.215	145
C	-11.606	-12.561	85.441	145
N	-12.654	-13.393	85.399	146
CA	-12.495	-14.85	85.383	146
C	-13.034	-15.383	84.057	146
N	-12.511	-16.537	83.674	147
CA	-12.911	-17.133	82.416	147
C	-14.111	-18.042	82.604	147
N	-15.152	-17.781	81.843	148
CA	-16.384	-18.586	81.926	148
C	-17.251	-18.161	80.739	148
N	-18.418	-17.604	81.011	149
CA	-19.316	-17.059	79.973	149
C	-18.754	-15.784	79.409	149
N	-19.09	-15.5	78.157	150
CA	-18.664	-14.256	77.516	150
C	-19.319	-13.038	78.189	150
N	-18.586	-11.918	78.192	151
CA	-19.102	-10.648	78.611	151
C	-19.535	-9.889	77.36	151
N	-20.848	-9.706	77.142	152
CA	-21.276	-9.057	75.905	152
C	-20.699	-7.665	75.726	152
N	-20.631	-6.911	76.818	153
CA	-20.188	-5.549	76.76	153
C	-18.696	-5.367	76.488	153
N	-17.943	-6.455	76.588	154
CA	-16.562	-6.473	76.2	154
C	-16.318	-6.695	74.733	154
N	-17.266	-7.264	74.0	155
CA	-16.971	-7.738	72.659	155
C	-16.526	-6.632	71.69	155
N	-17.102	-5.431	71.833	156
CA	-16.676	-4.322	70.95	156
C	-15.165	-4.018	71.124	156
N	-14.651	-4.136	72.346	157
CA	-13.223	-3.974	72.607	157
C	-12.444	-5.1	71.914	157
N	-12.866	-6.34	72.124	158
CA	-12.196	-7.497	71.543	158
C	-12.119	-7.369	70.029	158
N	-13.196	-6.926	69.416	159
CA	-13.232	-6.906	67.951	159
C	-12.338	-5.835	67.313	159
N	-11.927	-4.81	68.052	160
CA	-11.06	-3.765	67.477	160
C	-9.563	-4.077	67.679	160
N	-9.237	-5.096	68.489	161
CA	-7.853	-5.364	68.827	161
C	-6.979	-5.725	67.626	161
N	-7.548	-6.385	66.639	162
CA	-6.823	-6.678	65.429	162
C	-6.256	-5.433	64.728	162
N	-6.916	-4.295	64.918	163
CA	-6.505	-3.056	64.291	163
C	-5.455	-2.269	65.065	163
N	-5.118	-2.719	66.276	164
CA	-4.106	-2.053	67.101	164
C	-3.093	-3.08	67.611	164
N	-2.661	-3.967	66.722	165
CA	-1.883	-5.107	67.15	165
C	-0.572	-4.702	67.818	165
N	0.083	-3.672	67.271	166
CA	1.429	-3.318	67.656	166
C	1.509	-1.93	68.342	166
N	2.587	-1.752	69.096	167
CA	2.872	-0.549	69.837	167
C	2.823	0.7	68.996	167
N	2.028	1.659	69.452	168
CA	1.819	2.931	68.782	168
C	0.641	3.017	67.845	168
N	-0.033	1.9	67.597	169
CA	-1.225	1.909	66.775	169
C	-2.428	2.337	67.611	169
N	-3.305	3.13	67.024	170
CA	-4.552	3.535	67.619	170
C	-5.717	3.386	66.623	170
N	-6.928	3.398	67.134	171
CA	-8.13	3.357	66.291	171
C	-9.234	4.194	66.917	171
N	-10.031	4.88	66.119	172
CA	-11.194	5.572	66.649	172
C	-12.071	4.532	67.438	172
N	-12.621	4.931	68.591	173
CA	-13.373	4.052	69.502	173
C	-14.434	4.87	70.195	173
N	-15.311	5.446	69.406	174
CA	-16.39	6.265	69.922	174
C	-17.58	5.423	70.307	174
N	-18.419	6.004	71.157	175
CA	-19.689	5.419	71.555	175
C	-19.623	4.095	72.293	175
N	-18.551	3.884	73.04	176
CA	-18.419	2.666	73.84	176
C	-18.923	2.957	75.251	176
N	-19.756	2.079	75.791	177
CA	-20.38	2.282	77.085	177
C	-19.706	1.461	78.162	177
N	-18.914	2.089	79.068	178
CA	-18.175	1.312	80.078	178
C	-19.078	0.647	81.107	178
N	-20.347	1.045	81.173	179
CA	-21.315	0.392	82.096	179
C	-21.399	-1.078	81.805	179
N	-21.163	-1.489	80.544	180
CA	-21.261	-2.902	80.219	180
C	-20.106	-3.74	80.695	180
N	-19.122	-3.144	81.387	181
CA	-18.004	-3.887	81.939	181
C	-18.145	-4.141	83.437	181
N	-19.199	-3.619	84.086	182
CA	-19.317	-3.704	85.548	182
C	-20.024	-5.015	85.939	182
N	-19.709	-5.547	87.106	183
CA	-20.512	-6.661	87.684	183
C	-21.797	-6.079	88.311	183
N	-22.691	-6.949	88.788	184
CA	-23.939	-6.484	89.427	184
C	-23.66	-5.725	90.709	184
N	-22.838	-6.322	91.571	185
CA	-22.588	-5.733	92.9	185
C	-21.433	-4.748	92.855	185
N	-21.573	-3.664	93.604	186
CA	-20.503	-2.682	93.81	186
C	-19.819	-2.847	95.197	186
N	-19.988	-3.993	95.868	187
CA	-19.197	-4.271	97.084	187
C	-17.703	-4.187	96.732	187
N	-16.921	-3.589	97.644	188
CA	-15.525	-3.346	97.327	188
C	-14.589	-3.39	98.561	188
N	-13.288	-3.498	98.267	189
CA	-12.252	-3.246	99.221	189
C	-11.55	-1.956	98.793	189
N	-10.961	-1.235	99.737	190
CA	-10.251	-0.003	99.413	190
C	-9.004	0.155	100.262	190
N	-7.956	0.748	99.681	191
CA	-6.718	1.043	100.403	191
C	-5.939	2.091	99.608	191
N	-5.008	2.797	100.272	192
CA	-4.181	3.784	99.604	192
C	-2.991	3.118	98.927	192
N	-2.748	3.408	97.641	193
CA	-1.652	2.797	96.926	193
C	-1.064	3.678	95.845	193
N	-0.674	3.005	94.778	194
CA	0.143	3.603	93.745	194
C	-0.304	3.204	92.355	194
N	0.264	3.884	91.361	195
CA	0.236	3.348	89.983	195
C	0.978	1.99	90.014	195
N	0.544	1.025	89.223	196
CA	1.221	-0.281	89.162	196
C	2.23	-0.394	88.054	196
N	2.457	0.708	87.307	197
CA	3.509	0.766	86.285	197
C	4.328	2.012	86.571	197
N	5.571	2.039	86.088	198
CA	6.344	3.29	86.132	198
C	5.476	4.434	85.622	198
N	5.499	5.588	86.275	199
CA	6.446	5.986	87.347	199
C	6.069	5.59	88.783	199
N	5.066	4.728	88.961	200
CA	4.835	4.128	90.277	200
C	4.428	5.141	91.357	200
N	3.834	6.246	90.936	201
CA	3.54	7.354	91.836	201
C	2.503	6.957	92.867	201
N	2.69	7.416	94.097	202
CA	1.833	7.051	95.243	202
C	0.67	8.014	95.383	202
N	-0.251	7.935	94.429	203
CA	-1.321	8.92	94.225	203
C	-2.711	8.324	94.099	203
N	-2.827	7.016	94.351	204
CA	-4.055	6.288	94.04	204
C	-4.844	5.847	95.282	204
N	-6.141	6.158	95.31	205
CA	-7.091	5.437	96.156	205
C	-7.649	4.267	95.33	205
N	-7.287	3.051	95.731	206
CA	-7.752	1.848	95.052	206
C	-9.1	1.431	95.573	206
N	-9.985	1.097	94.632	207
CA	-11.312	0.588	94.948	207
C	-11.398	-0.695	94.112	207
N	-11.349	-1.862	94.762	208
CA	-11.291	-3.158	94.077	208
C	-12.611	-3.874	94.34	208
N	-13.388	-4.132	93.294	209
CA	-14.675	-4.797	93.455	209
C	-14.509	-6.25	93.836	209
N	-15.379	-6.719	94.75	210
CA	-15.339	-8.101	95.169	210
C	-15.829	-9.081	94.109	210
N	-16.834	-8.679	93.34	211
CA	-17.463	-9.584	92.367	211
C	-16.701	-9.486	91.042	211
N	-16.092	-10.589	90.561	212
CA	-15.472	-10.571	89.223	212
C	-16.53	-10.52	88.137	212
N	-16.111	-10.114	86.946	213
CA	-16.893	-10.331	85.758	213
C	-16.359	-11.557	85.08	213
N	-17.28	-12.221	84.346	214
CA	-16.916	-13.403	83.536	214
C	-16.7	-12.974	82.103	214
N	-15.617	-13.469	81.508	215
CA	-15.353	-13.27	80.099	215
C	-15.119	-14.665	79.507	215
N	-15.207	-14.801	78.192	216
CA	-14.959	-16.135	77.606	216
C	-13.494	-16.393	77.297	216
N	-13.134	-17.668	77.193	217
CA	-11.775	-18.019	76.798	217
C	-11.422	-17.358	75.464	217
N	-12.383	-17.294	74.546	218
CA	-12.158	-16.685	73.258	218
C	-11.847	-15.194	73.367	218
N	-12.544	-14.511	74.264	219
CA	-12.269	-13.103	74.495	219
C	-10.854	-12.85	75.005	219
N	-10.456	-13.596	76.024	220
CA	-9.102	-13.369	76.597	220
C	-8.012	-13.832	75.606	220
N	-8.294	-14.879	74.812	221
CA	-7.334	-15.296	73.815	221
C	-7.021	-14.186	72.839	221
N	-8.007	-13.354	72.502	222
CA	-7.777	-12.232	71.644	222
C	-6.911	-11.145	72.281	222
N	-7.012	-10.939	73.594	223
CA	-6.062	-10.042	74.266	223
C	-4.61	-10.523	74.068	223
N	-4.442	-11.841	74.126	224
CA	-3.117	-12.437	74.089	224
C	-2.479	-12.443	72.689	224
N	-3.198	-12.021	71.673	225
CA	-2.686	-11.872	70.314	225
C	-2.077	-10.504	70.062	225
N	-2.289	-9.56	70.985	226
CA	-1.643	-8.254	70.893	226
C	-0.154	-8.438	70.996	226
N	0.56	-7.388	70.603	227
CA	2.029	-7.377	70.622	227
C	2.593	-6.233	71.468	227
N	3.637	-6.494	72.241	228
CA	4.378	-5.419	72.914	228
C	5.208	-4.606	71.92	228
N	5.739	-5.274	70.899	229
CA	6.606	-4.68	69.882	229
C	5.847	-3.782	68.919	229
N	6.621	-2.902	68.253	230
CA	6.129	-2.142	67.119	230
C	6.067	-2.929	65.836	230
N	5.317	-2.377	64.877	231
CA	5.216	-2.936	63.525	231
C	6.583	-3.17	62.903	231
N	6.724	-4.331	62.291	232
CA	7.957	-4.714	61.634	232
C	9.111	-5.118	62.547	232
N	8.828	-5.306	63.829	233
CA	9.817	-5.765	64.769	233
C	9.472	-7.227	65.108	233
N	10.428	-7.957	65.667	234
CA	10.181	-9.346	66.051	234
C	9.011	-9.436	67.016	234
N	8.172	-10.451	66.87	235
CA	6.945	-10.499	67.611	235
C	7.19	-10.915	69.056	235
N	6.629	-10.137	69.972	236
CA	6.631	-10.433	71.403	236
C	5.2	-10.289	71.853	236
N	4.531	-11.412	72.128	237
CA	3.14	-11.342	72.489	237
C	2.946	-10.578	73.772	237
N	1.903	-9.765	73.772	238
CA	1.514	-8.938	74.93	238
C	0.734	-9.849	75.86	238
N	1.484	-10.463	76.786	239
CA	0.95	-11.341	77.859	239
C	1.781	-11.095	79.118	239
N	1.126	-11.387	80.266	240
CA	1.823	-11.265	81.537	240
C	2.349	-9.855	81.783	240
N	1.437	-8.91	81.512	241
CA	1.716	-7.48	81.734	241
C	1.127	-7.019	83.088	241
N	1.474	-7.777	84.129	242
CA	1.029	-7.531	85.49	242
C	2.219	-7.443	86.436	242
N	2.118	-6.536	87.401	243
CA	3.069	-6.436	88.495	243
C	2.589	-7.347	89.626	243
N	3.519	-8.08	90.261	244
CA	3.072	-8.9	91.398	244
C	2.735	-8.051	92.63	244
N	2.091	-8.706	93.586	245
CA	1.723	-8.085	94.852	245
C	2.983	-7.546	95.596	245
N	2.818	-6.358	96.173	246
CA	3.826	-5.625	96.892	246
C	3.548	-5.63	98.401	246
N	4.582	-5.315	99.232	247
CA	4.357	-5.345	100.673	247
C	3.276	-4.355	101.132	247
N	2.4	-4.833	101.998	248
CA	1.336	-3.977	102.524	248
C	1.859	-2.86	103.438	248
N	2.914	-3.178	104.188	249
CA	3.583	-2.26	105.134	249
C	2.508	-1.699	106.089	249
N	2.421	-0.409	106.295	250
CA	1.589	0.087	107.33	250
C	0.275	0.542	106.729	250
N	-0.492	-0.414	106.117	251
CA	-1.778	-0.085	105.545	251
C	-2.83	-1.047	105.983	251
N	-4.057	-0.583	106.059	252
CA	-5.158	-1.47	106.266	252
C	-6.089	-1.343	105.102	252
N	-6.584	-2.485	104.733	253
CA	-7.598	-2.641	103.665	253
C	-8.96	-2.639	104.323	253
N	-9.868	-1.805	103.836	254
CA	-11.209	-1.697	104.368	254
C	-12.19	-2.295	103.402	254
N	-13.223	-2.926	103.928	255
CA	-14.324	-3.531	103.172	255
C	-15.571	-2.679	103.306	255
N	-16.3	-2.577	102.21	256
CA	-17.528	-1.821	102.183	256
C	-18.746	-2.626	102.649	256
N	-18.537	-3.903	102.889	257
CA	-19.588	-4.913	103.113	257
C	-19.264	-5.709	104.33	257
N	-20.29	-6.331	104.9	258
CA	-20.13	-7.203	106.071	258
C	-19.887	-8.63	105.582	258
