ATOM	X	Y	Z	RESIDUE
N	42.21	6.971	6.492	1
CA	41.113	6.873	7.514	1
C	40.136	5.688	7.429	1
N	38.869	6.187	7.836	2
CA	37.457	5.829	7.508	2
C	36.893	4.394	8.325	2
N	35.713	3.509	8.063	3
CA	34.415	2.636	8.416	3
C	33.296	1.434	7.791	3
N	32.115	0.477	7.833	4
CA	31.21	1.054	8.883	4
C	30.373	-0.066	9.533	4
N	29.408	0.303	10.371	5
CA	28.738	-0.654	11.243	5
C	27.718	-1.503	10.501	5
N	27.487	-2.7	11.019	6
CA	26.461	-3.582	10.482	6
C	26.154	-4.694	11.461	6
N	25.84	-5.868	10.922	7
CA	25.478	-7.028	11.728	7
C	26.361	-8.263	11.507	7
N	27.436	-8.124	10.731	8
CA	28.354	-9.24	10.466	8
C	29.324	-9.475	11.609	8
N	30.158	-10.508	11.48	9
CA	31.18	-10.82	12.493	9
C	32.176	-9.672	12.695	9
N	32.491	-8.959	11.616	10
CA	33.549	-7.957	11.644	10
C	33.061	-6.544	11.931	10
N	31.755	-6.298	11.814	11
CA	31.218	-4.965	12.073	11
C	29.942	-4.963	12.919	11
N	29.659	-6.086	13.574	12
CA	28.403	-6.287	14.286	12
C	28.365	-5.699	15.681	12
N	27.278	-5.995	16.427	13
CA	27.046	-5.446	17.764	13
C	28.216	-5.474	18.747	13
N	29.051	-6.511	18.699	14
CA	30.221	-6.593	19.589	14
C	31.316	-5.574	19.288	14
N	31.279	-4.988	18.091	15
CA	32.247	-3.981	17.662	15
C	31.763	-2.547	17.85	15
N	30.452	-2.344	18.011	16
CA	29.884	-0.998	17.958	16
C	30.459	-0.04	19.001	16
N	30.843	-0.559	20.169	17
CA	31.349	0.287	21.251	17
C	32.604	1.078	20.877	17
N	33.37	0.604	19.901	18
CA	34.591	1.317	19.512	18
C	34.318	2.684	18.877	18
N	33.325	2.769	17.99	19
CA	32.901	4.069	17.435	19
C	31.802	4.746	18.246	19
N	31.083	3.971	19.061	20
CA	29.931	4.455	19.828	20
C	30.048	3.947	21.271	20
N	30.926	4.573	22.096	21
CA	31.16	4.057	23.464	21
C	29.925	3.971	24.375	21
N	28.878	4.742	24.072	22
CA	27.602	4.625	24.784	22
C	26.971	3.227	24.663	22
N	27.459	2.412	23.726	23
CA	27.053	1.012	23.608	23
C	27.161	0.251	24.92	23
N	28.099	0.646	25.79	24
CA	28.251	0.049	27.121	24
C	27.63	0.902	28.235	24
N	26.644	1.729	27.884	25
CA	26.056	2.698	28.807	25
C	25.043	2.1	29.763	25
N	24.38	2.985	30.505	26
CA	23.495	2.602	31.602	26
C	22.042	2.394	31.203	26
N	21.665	2.783	29.99	27
CA	20.273	2.576	29.562	27
C	20.202	2.14	28.099	27
N	20.912	1.058	27.804	28
CA	20.939	0.507	26.458	28
C	19.778	-0.449	26.204	28
N	19.394	-0.521	24.933	29
CA	18.324	-1.383	24.446	29
C	18.838	-2.268	23.318	29
N	18.2	-3.406	23.056	30
CA	17.034	-3.931	23.759	30
C	17.43	-4.604	25.074	30
N	16.429	-5.107	25.791	31
CA	16.626	-5.858	27.027	31
C	15.74	-7.087	26.998	31
N	16.066	-8.035	27.867	32
CA	15.159	-9.12	28.166	32
C	14.105	-8.615	29.144	32
N	12.855	-8.943	28.859	33
CA	11.747	-8.589	29.724	33
C	11.451	-9.814	30.575	33
N	11.84	-9.746	31.847	34
CA	11.521	-10.784	32.823	34
C	10.115	-10.478	33.311	34
N	9.161	-11.29	32.871	35
CA	7.744	-11.033	33.111	35
C	7.359	-11.165	34.575	35
N	8.14	-11.934	35.331	36
CA	7.894	-12.11	36.763	36
C	8.381	-10.934	37.594	36
N	9.432	-10.262	37.126	37
CA	10.022	-9.121	37.828	37
C	9.358	-7.786	37.451	37
N	8.775	-7.701	36.254	38
CA	8.05	-6.502	35.829	38
C	6.832	-6.304	36.709	38
N	6.661	-5.09	37.227	39
CA	5.575	-4.809	38.159	39
C	4.49	-3.982	37.487	39
N	3.24	-4.363	37.731	40
CA	2.095	-3.56	37.327	40
C	2.206	-2.176	37.957	40
N	2.053	-1.147	37.128	41
CA	2.136	0.243	37.572	41
C	0.76	0.893	37.418	41
N	0.068	1.177	38.545	42
CA	-1.22	1.881	38.451	42
C	-1.126	3.356	38.022	42
N	0.053	3.972	38.138	43
CA	0.241	5.376	37.74	43
C	0.27	5.596	36.216	43
N	0.45	4.525	35.438	44
CA	0.393	4.612	33.977	44
C	-1.018	4.987	33.509	44
N	-1.106	6.036	32.694	45
CA	-2.386	6.479	32.125	45
C	-2.707	5.648	30.881	45
N	-3.964	5.675	30.403	46
CA	-4.27	4.88	29.204	46
C	-3.402	5.246	27.981	46
N	-2.969	4.235	27.227	47
CA	-2.164	4.436	26.018	47
C	-3.071	4.746	24.839	47
N	-2.695	5.769	24.08	48
CA	-3.478	6.272	22.963	48
C	-2.646	6.223	21.691	48
N	-3.027	5.337	20.776	49
CA	-2.413	5.216	19.457	49
C	-3.418	5.807	18.47	49
N	-3.114	6.986	17.927	50
CA	-4.044	7.729	17.068	50
C	-3.449	7.877	15.679	50
N	-3.68	6.868	14.841	51
CA	-3.067	6.773	13.514	51
C	-4.05	7.019	12.358	51
N	-5.26	7.483	12.678	52
CA	-6.314	7.73	11.669	52
C	-5.889	8.602	10.481	52
N	-5.124	9.658	10.748	53
CA	-4.677	10.578	9.697	53
C	-3.224	10.359	9.249	53
N	-2.648	9.194	9.555	54
CA	-1.266	8.889	9.168	54
C	-1.093	8.99	7.656	54
N	0.0	9.623	7.24	55
CA	0.295	9.872	5.837	55
C	1.66	9.289	5.506	55
N	1.675	8.073	4.97	56
CA	2.924	7.443	4.556	56
C	3.386	8.08	3.255	56
N	4.696	8.091	3.043	57
CA	5.293	8.73	1.866	57
C	6.088	7.776	0.998	57
N	6.975	7.014	1.628	58
CA	8.038	6.335	0.912	58
C	8.538	5.159	1.726	58
N	9.117	4.192	1.029	59
CA	9.794	3.061	1.65	59
C	11.231	3.04	1.126	59
N	12.202	2.854	2.022	60
CA	13.63	2.978	1.703	60
C	14.399	1.793	2.275	60
N	15.261	1.178	1.469	61
CA	16.255	0.229	1.969	61
C	17.49	1.039	2.339	61
N	17.799	1.132	3.633	62
CA	18.952	1.927	4.078	62
C	20.222	1.105	4.347	62
N	20.227	-0.163	3.938	63
CA	21.372	-1.043	4.139	63
C	21.422	-1.758	5.476	63
N	20.497	-1.424	6.377	64
CA	20.376	-2.058	7.695	64
C	18.992	-2.68	7.916	64
N	17.963	-2.026	7.39	65
CA	16.595	-2.51	7.378	65
C	15.893	-1.744	6.261	65
N	14.569	-1.783	6.228	66
CA	13.827	-0.841	5.4	66
C	12.929	0.014	6.277	66
N	12.816	1.288	5.919	67
CA	11.975	2.228	6.647	67
C	10.792	2.631	5.805	67
N	9.593	2.585	6.386	68
CA	8.425	3.254	5.823	68
C	8.341	4.599	6.513	68
N	8.379	5.65	5.706	69
CA	8.512	7.014	6.197	69
C	7.162	7.707	6.141	69
N	6.912	8.576	7.121	70
CA	5.661	9.32	7.222	70
C	5.895	10.817	7.171	70
N	4.875	11.534	6.71	71
CA	4.845	12.99	6.795	71
C	4.588	13.354	8.254	71
N	5.595	13.94	8.899	72
CA	5.513	14.344	10.305	72
C	5.547	15.877	10.451	72
N	5.095	16.596	9.42	73
CA	5.06	18.066	9.441	73
C	3.849	18.631	10.202	73
N	2.904	17.765	10.585	74
CA	1.773	18.127	11.455	74
C	1.43	16.964	12.386	74
N	0.595	17.226	13.395	75
CA	0.073	16.165	14.279	75
C	-1.004	15.359	13.546	75
N	-0.553	14.344	12.813	76
CA	-1.413	13.466	12.009	76
C	-1.484	12.033	12.54	76
N	-0.336	11.475	12.908	77
CA	-0.246	10.154	13.524	77
C	0.532	10.319	14.817	77
N	-0.131	10.142	15.957	78
CA	0.507	10.397	17.246	78
C	0.265	9.312	18.279	78
N	1.196	9.26	19.222	79
CA	1.193	8.357	20.348	79
C	1.192	9.224	21.6	79
N	0.278	8.928	22.515	80
CA	0.164	9.653	23.781	80
C	-0.207	8.676	24.887	80
N	-0.151	9.168	26.118	81
CA	-0.594	8.416	27.277	81
C	0.413	7.372	27.691	81
N	-0.034	6.415	28.491	82
CA	0.863	5.401	29.026	82
C	1.916	6.056	29.899	82
N	3.2	5.767	29.634	83
CA	4.272	6.399	30.387	83
C	4.632	7.801	29.887	83
N	4.029	8.23	28.775	84
CA	4.468	9.421	28.057	84
C	3.827	10.692	28.594	84
N	4.632	11.748	28.673	85
CA	4.145	13.099	28.92	85
C	4.138	13.808	27.574	85
N	2.981	14.341	27.192	86
CA	2.841	15.063	25.936	86
C	2.625	14.158	24.736	86
N	2.913	14.704	23.559	87
CA	2.524	14.124	22.283	87
C	3.749	13.715	21.485	87
N	3.718	12.502	20.943	88
CA	4.828	11.977	20.162	88
C	4.344	11.65	18.756	88
N	5.035	12.176	17.75	89
CA	4.604	12.076	16.353	89
C	5.304	10.938	15.628	89
N	4.538	10.129	14.896	90
CA	5.096	9.018	14.122	90
C	5.931	9.558	12.969	90
N	7.162	9.082	12.859	91
CA	8.058	9.473	11.765	91
C	8.381	8.311	10.827	91
N	8.525	7.097	11.36	92
CA	8.84	5.95	10.517	92
C	8.564	4.671	11.268	92
N	8.423	3.586	10.512	93
CA	8.546	2.259	11.087	93
C	9.486	1.387	10.293	93
N	9.993	0.374	10.982	94
CA	10.878	-0.614	10.378	94
C	10.818	-1.879	11.205	94
N	11.511	-2.905	10.727	95
CA	11.533	-4.2	11.371	95
C	12.962	-4.662	11.592	95
N	13.106	-5.6	12.529	96
CA	14.303	-6.427	12.7	96
C	13.843	-7.87	12.57	96
N	14.63	-8.704	11.905	97
CA	14.217	-10.089	11.686	97
C	15.414	-11.016	11.589	97
N	15.124	-12.312	11.607	98
CA	16.15	-13.333	11.655	98
C	16.312	-14.084	10.355	98
N	17.324	-14.938	10.324	99
CA	17.525	-15.868	9.213	99
C	16.622	-17.101	9.345	99
N	16.133	-17.354	10.559	100
CA	15.28	-18.495	10.896	100
C	14.164	-18.0	11.813	100
N	13.066	-18.744	11.928	101
CA	11.897	-18.287	12.697	101
C	12.159	-18.168	14.211	101
N	13.166	-18.887	14.717	102
CA	13.513	-18.884	16.143	102
C	14.363	-17.727	16.65	102
N	14.62	-16.734	15.802	103
CA	15.338	-15.535	16.207	103
C	14.949	-14.396	15.297	103
N	15.267	-13.179	15.73	104
CA	14.972	-11.991	14.939	104
C	14.535	-10.803	15.751	104
N	13.837	-11.03	16.862	105
CA	13.456	-9.904	17.708	105
C	14.66	-9.368	18.47	105
N	14.537	-8.116	18.88	106
CA	15.554	-7.434	19.665	106
C	15.23	-7.617	21.139	106
N	14.053	-7.173	21.555	107
CA	13.559	-7.53	22.876	107
C	13.256	-9.01	22.937	107
N	13.394	-9.573	24.131	108
CA	13.027	-10.953	24.398	108
C	12.12	-10.941	25.614	108
N	11.318	-11.992	25.75	109
CA	10.35	-12.111	26.837	109
C	10.663	-13.419	27.552	109
N	11.163	-13.326	28.784	110
CA	11.672	-14.497	29.51	110
C	12.637	-15.314	28.637	110
N	13.518	-14.579	27.956	111
CA	14.55	-15.098	27.053	111
C	14.025	-15.638	25.718	111
N	12.706	-15.632	25.503	112
CA	12.129	-16.039	24.219	112
C	12.402	-14.987	23.157	112
N	12.935	-15.448	22.033	113
CA	13.124	-14.634	20.838	113
C	11.979	-14.882	19.873	113
N	11.407	-13.806	19.347	114
CA	10.392	-13.909	18.307	114
C	11.058	-13.852	16.93	114
N	10.286	-14.146	15.894	115
CA	10.804	-14.177	14.526	115
C	11.198	-12.792	14.004	115
N	10.555	-11.756	14.518	116
CA	10.84	-10.404	14.092	116
C	10.251	-9.446	15.104	116
N	10.583	-8.18	14.928	117
CA	10.066	-7.124	15.787	117
C	9.867	-5.877	14.936	117
N	8.683	-5.281	15.071	118
CA	8.301	-4.031	14.42	118
C	8.528	-2.885	15.397	118
N	9.174	-1.825	14.91	119
CA	9.413	-0.598	15.662	119
C	8.755	0.572	14.978	119
N	7.764	1.158	15.649	120
CA	7.121	2.387	15.213	120
C	7.738	3.524	16.012	120
N	8.421	4.411	15.3	121
CA	9.293	5.407	15.917	121
C	8.588	6.757	15.958	121
N	8.546	7.367	17.144	122
CA	7.849	8.637	17.364	122
C	8.767	9.609	18.083	122
N	8.622	10.904	17.798	123
CA	9.411	11.927	18.481	123
C	8.534	12.916	19.229	123
N	9.064	13.395	20.347	124
CA	8.356	14.278	21.26	124
C	8.253	15.67	20.648	124
N	7.022	16.116	20.407	125
CA	6.793	17.369	19.689	125
C	7.279	18.605	20.45	125
N	7.503	18.498	21.763	126
CA	8.074	19.624	22.527	126
C	9.474	20.035	22.038	126
N	10.172	19.147	21.323	127
CA	11.507	19.447	20.797	127
C	11.549	19.877	19.324	127
N	10.389	19.974	18.674	128
CA	10.287	20.661	17.384	128
C	10.635	19.848	16.148	128
N	11.704	19.055	16.216	129
CA	12.041	18.104	15.15	129
C	12.689	16.867	15.75	129
N	12.731	15.806	14.957	130
CA	13.221	14.512	15.428	130
C	14.717	14.554	15.734	130
N	15.474	15.343	14.968	131
CA	16.906	15.521	15.202	131
C	17.257	16.156	16.535	131
N	16.432	17.1	16.988	132
CA	16.592	17.687	18.318	132
C	16.078	16.734	19.396	132
N	14.963	16.061	19.114	133
CA	14.364	15.135	20.076	133
C	15.312	14.003	20.476	133
N	16.065	13.472	19.513	134
CA	16.944	12.331	19.795	134
C	18.109	12.675	20.746	134
N	18.363	13.968	20.957	135
CA	19.365	14.425	21.933	135
C	18.822	14.605	23.36	135
N	17.566	14.221	23.598	136
CA	16.917	14.429	24.894	136
C	16.558	13.085	25.515	136
N	16.656	12.965	26.855	137
CA	16.329	11.685	27.506	137
C	14.885	11.198	27.303	137
N	13.954	12.127	27.074	138
CA	12.559	11.805	26.77	138
C	12.179	12.228	25.35	138
N	13.11	12.074	24.418	139
CA	12.916	12.567	23.075	139
C	12.105	11.687	22.157	139
N	12.273	10.371	22.283	140
CA	11.633	9.415	21.386	140
C	10.805	8.424	22.164	140
N	9.787	7.903	21.496	141
CA	9.029	6.776	22.001	141
C	8.945	5.783	20.87	141
N	9.37	4.548	21.135	142
CA	9.28	3.488	20.147	142
C	8.307	2.457	20.655	142
N	7.295	2.196	19.827	143
CA	6.314	1.155	20.06	143
C	6.828	-0.1	19.382	143
N	7.119	-1.118	20.191	144
CA	7.669	-2.386	19.733	144
C	6.594	-3.449	19.726	144
N	6.536	-4.205	18.632	145
CA	5.52	-5.24	18.426	145
C	6.232	-6.478	17.91	145
N	6.057	-7.585	18.62	146
CA	6.644	-8.848	18.209	146
C	5.872	-9.48	17.055	146
N	6.603	-10.179	16.186	147
CA	6.029	-10.976	15.107	147
C	6.348	-12.438	15.349	147
N	5.316	-13.271	15.263	148
CA	5.474	-14.723	15.229	148
C	4.955	-15.237	13.895	148
N	5.465	-16.395	13.494	149
CA	5.093	-17.018	12.233	149
C	3.878	-17.916	12.458	149
N	2.81	-17.624	11.726	150
CA	1.581	-18.41	11.761	150
C	0.71	-17.986	10.591	150
N	-0.466	-17.442	10.886	151
CA	-1.357	-16.899	9.855	151
C	-0.796	-15.595	9.286	151
N	-1.136	-15.298	8.036	152
CA	-0.705	-14.069	7.378	152
C	-1.332	-12.85	8.036	152
N	-0.589	-11.743	8.045	153
CA	-1.095	-10.453	8.495	153
C	-1.542	-9.684	7.252	153
N	-2.871	-9.541	7.036	154
CA	-3.303	-8.863	5.803	154
C	-2.756	-7.442	5.654	154
N	-2.687	-6.7	6.757	155
CA	-2.176	-5.33	6.757	155
C	-0.694	-5.177	6.45	155
N	0.051	-6.28	6.497	156
CA	1.464	-6.299	6.131	156
C	1.718	-6.549	4.642	156
N	0.745	-7.11	3.919	157
CA	1.023	-7.601	2.565	157
C	1.463	-6.503	1.586	157
N	0.908	-5.297	1.721	158
CA	1.325	-4.167	0.873	158
C	2.809	-3.815	1.05	158
N	3.319	-3.962	2.271	159
CA	4.752	-3.803	2.536	159
C	5.513	-4.929	1.833	159
N	5.066	-6.162	2.044	160
CA	5.719	-7.339	1.463	160
C	5.826	-7.238	-0.067	160
N	4.756	-6.785	-0.718	161
CA	4.723	-6.72	-2.187	161
C	5.662	-5.676	-2.805	161
N	6.025	-4.636	-2.05	162
CA	6.904	-3.585	-2.571	162
C	8.4	-3.905	-2.374	162
N	8.723	-4.938	-1.595	163
CA	10.122	-5.212	-1.247	163
C	11.011	-5.591	-2.431	163
N	10.442	-6.248	-3.442	164
CA	11.183	-6.53	-4.68	164
C	11.713	-5.269	-5.381	164
N	11.028	-4.133	-5.214	165
CA	11.453	-2.857	-5.81	165
C	12.526	-2.104	-5.013	165
N	12.796	-2.534	-3.777	166
CA	13.831	-1.919	-2.933	166
C	14.827	-2.967	-2.419	166
N	15.226	-3.869	-3.305	167
CA	16.047	-5.008	-2.909	167
C	17.375	-4.608	-2.273	167
N	18.003	-3.571	-2.82	168
CA	19.362	-3.204	-2.442	168
C	19.449	-1.835	-1.765	168
N	20.538	-1.66	-1.021	169
CA	20.812	-0.453	-0.248	169
C	20.712	0.799	-1.107	169
N	19.984	1.792	-0.601	170
CA	19.791	3.066	-1.297	170
C	18.593	3.139	-2.227	170
N	17.932	2.01	-2.484	171
CA	16.721	2.005	-3.293	171
C	15.525	2.437	-2.454	171
N	14.664	3.257	-3.049	172
CA	13.405	3.663	-2.438	172
C	12.263	3.551	-3.435	172
N	11.046	3.564	-2.907	173
CA	9.84	3.543	-3.731	173
C	8.739	4.357	-3.082	173
N	7.853	4.916	-3.903	174
CA	6.659	5.57	-3.39	174
C	5.879	4.564	-2.56	174
N	5.332	5.036	-1.448	175
CA	4.579	4.172	-0.558	175
C	3.557	5.012	0.179	175
N	2.655	5.594	-0.6	176
CA	1.595	6.425	-0.061	176
C	0.389	5.58	0.316	176
N	-0.444	6.151	1.181	177
CA	-1.722	5.575	1.582	177
C	-1.623	4.228	2.296	177
N	-0.521	4.009	3.009	178
CA	-0.392	2.825	3.844	178
C	-0.889	3.144	5.245	178
N	-1.736	2.265	5.778	179
CA	-2.36	2.449	7.081	179
C	-1.619	1.604	8.126	179
N	-0.844	2.252	9.022	180
CA	-0.11	1.458	10.018	180
C	-0.989	0.796	11.087	180
N	-2.26	1.181	11.186	181
CA	-3.198	0.502	12.087	181
C	-3.362	-0.98	11.781	181
N	-3.146	-1.366	10.526	182
CA	-3.192	-2.762	10.135	182
C	-2.041	-3.623	10.622	182
N	-1.063	-3.043	11.324	183
CA	0.05	-3.807	11.899	183
C	-0.069	-4.027	13.406	183
N	-1.141	-3.533	14.026	184
CA	-1.298	-3.618	15.476	184
C	-2.023	-4.906	15.872	184
N	-1.69	-5.461	17.046	185
CA	-2.476	-6.56	17.602	185
C	-3.766	-6.018	18.219	185
N	-4.624	-6.918	18.689	186
CA	-5.883	-6.533	19.334	186
C	-5.669	-5.759	20.629	186
N	-4.799	-6.293	21.484	187
CA	-4.555	-5.724	22.809	187
C	-3.412	-4.719	22.787	187
N	-3.566	-3.641	23.55	188
CA	-2.491	-2.669	23.753	188
C	-1.804	-2.826	25.118	188
N	-1.971	-3.968	25.794	189
CA	-1.199	-4.25	27.014	189
C	0.29	-4.182	26.683	189
N	1.083	-3.571	27.564	190
CA	2.493	-3.327	27.259	190
C	3.383	-3.349	28.484	190
N	4.674	-3.454	28.198	191
CA	5.731	-3.191	29.167	191
C	6.451	-1.927	28.734	191
N	7.002	-1.189	29.686	192
CA	7.724	0.033	29.361	192
C	8.958	0.206	30.239	192
N	10.0	0.781	29.651	193
CA	11.239	1.071	30.366	193
C	12.019	2.133	29.582	193
N	12.947	2.842	30.251	194
CA	13.786	3.819	29.577	194
C	14.983	3.147	28.911	194
N	15.202	3.451	27.635	195
CA	16.286	2.828	26.905	195
C	16.87	3.705	25.827	195
N	17.269	3.054	24.739	196
CA	18.097	3.679	23.713	196
C	17.669	3.245	22.329	196
N	18.227	3.908	21.325	197
CA	18.218	3.362	19.975	197
C	18.953	2.036	20.017	197
N	18.495	1.076	19.223	198
CA	19.147	-0.239	19.183	198
C	20.18	-0.348	18.059	198
N	20.357	0.723	17.288	199
CA	21.425	0.809	16.296	199
C	22.257	2.032	16.59	199
N	23.519	2.044	16.118	200
CA	24.289	3.276	16.178	200
C	23.46	4.45	15.646	200
N	23.464	5.61	16.312	201
CA	24.391	6.002	17.382	201
C	24.029	5.58	18.82	201
N	23.003	4.748	19.002	202
CA	22.712	4.126	20.302	202
C	22.349	5.129	21.393	202
N	21.773	6.255	20.973	203
CA	21.519	7.362	21.879	203
C	20.441	6.983	22.894	203
N	20.634	7.425	24.133	204
CA	19.803	7.007	25.264	204
C	18.63	7.962	25.455	204
N	17.757	7.96	24.452	205
CA	16.705	8.963	24.309	205
C	15.32	8.371	24.089	205
N	15.152	7.084	24.375	206
CA	13.929	6.378	24.002	206
C	13.165	5.89	25.222	206
N	11.865	6.179	25.25	207
CA	10.931	5.455	26.097	207
C	10.394	4.287	25.279	207
N	10.692	3.07	25.727	208
CA	10.249	1.873	25.03	208
C	8.89	1.471	25.538	208
N	7.998	1.152	24.604	209
CA	6.679	0.62	24.903	209
C	6.575	-0.653	24.077	209
N	6.644	-1.808	24.734	210
CA	6.688	-3.088	24.039	210
C	5.377	-3.807	24.307	210
N	4.621	-4.061	23.241	211
CA	3.324	-4.729	23.383	211
C	3.485	-6.197	23.753	211
N	2.632	-6.672	24.655	212
CA	2.677	-8.073	25.074	212
C	2.188	-9.029	23.988	212
N	1.161	-8.624	23.247	213
CA	0.553	-9.511	22.263	213
C	1.315	-9.415	20.946	213
N	1.883	-10.536	20.459	214
CA	2.513	-10.492	19.142	214
C	1.47	-10.447	18.034	214
N	1.89	-9.989	16.863	215
CA	1.105	-10.196	15.657	215
C	1.608	-11.452	14.967	215
N	0.711	-12.087	14.226	216
CA	1.049	-13.249	13.427	216
C	1.262	-12.815	11.985	216
N	2.349	-13.298	11.386	217
CA	2.63	-13.125	9.959	217
C	2.89	-14.505	9.369	217
N	2.758	-14.653	8.06	218
CA	2.965	-15.97	7.47	218
C	4.427	-16.206	7.158	218
N	4.773	-17.479	7.012	219
CA	6.123	-17.866	6.63	219
C	6.509	-17.214	5.301	219
N	5.557	-17.152	4.374	220
CA	5.793	-16.531	3.072	220
C	6.106	-15.033	3.204	220
N	5.425	-14.35	4.123	221
CA	5.691	-12.928	4.369	221
C	7.108	-12.69	4.896	221
N	7.503	-13.431	5.927	222
CA	8.846	-13.253	6.486	222
C	9.934	-13.711	5.504	222
N	9.654	-14.747	4.712	223
CA	10.615	-15.191	3.705	223
C	10.946	-14.074	2.709	223
N	9.97	-13.225	2.392	224
CA	10.217	-12.075	1.515	224
C	11.068	-10.976	2.179	224
N	10.958	-10.783	3.499	225
CA	11.905	-9.9	4.214	225
C	13.344	-10.393	4.01	225
N	13.523	-11.715	4.062	226
CA	14.845	-12.328	4.005	226
C	15.478	-12.328	2.609	226
N	14.722	-11.921	1.589	227
CA	15.253	-11.751	0.232	227
C	15.87	-10.378	-0.023	227
N	15.656	-9.429	0.892	228
CA	16.309	-8.123	0.807	228
C	17.811	-8.277	0.926	228
N	18.537	-7.244	0.508	229
CA	19.997	-7.234	0.515	229
C	20.525	-6.093	1.377	229
N	21.57	-6.368	2.157	230
CA	22.341	-5.324	2.847	230
C	23.162	-4.486	1.855	230
N	23.665	-5.147	0.815	231
CA	24.526	-4.529	-0.205	231
C	23.77	-3.635	-1.175	231
N	24.521	-2.773	-1.859	232
CA	23.996	-1.982	-2.967	232
C	23.947	-2.782	-4.261	232
N	23.272	-2.219	-5.263	233
CA	23.153	-2.823	-6.599	233
C	24.526	-3.027	-7.234	233
N	24.709	-4.18	-7.878	234
CA	25.973	-4.524	-8.528	234
C	27.044	-5.104	-7.615	234
N	26.836	-5.031	-6.297	235
CA	27.801	-5.517	-5.311	235
C	27.468	-6.969	-4.956	235
N	28.422	-7.7	-4.335	236
CA	28.164	-9.106	-3.992	236
C	26.996	-9.257	-3.019	236
N	26.128	-10.24	-3.258	237
CA	24.882	-10.359	-2.496	237
C	25.117	-10.782	-1.046	237
N	24.599	-9.974	-0.123	238
CA	24.611	-10.265	1.303	238
C	23.168	-10.115	1.776	238
N	22.51	-11.238	2.065	239
CA	21.09	-11.216	2.414	239
C	20.873	-10.445	3.702	239
N	19.842	-9.61	3.698	240
CA	19.464	-8.822	4.864	240
C	18.688	-9.733	5.814	240
N	19.435	-10.379	6.703	241
CA	18.889	-11.233	7.759	241
C	19.696	-10.997	9.033	241
N	19.071	-11.294	10.168	242
CA	19.708	-11.161	11.476	242
C	20.2	-9.747	11.757	242
N	19.337	-8.787	11.45	243
CA	19.613	-7.37	11.685	243
C	19.059	-6.92	13.039	243
N	19.388	-7.692	14.074	244
CA	18.935	-7.445	15.444	244
C	20.136	-7.372	16.381	244
N	20.044	-6.474	17.356	245
CA	21.008	-6.363	18.44	245
C	20.531	-7.288	19.551	245
N	21.443	-8.057	20.164	246
CA	21.016	-8.861	21.315	246
C	20.691	-8.023	22.557	246
N	20.035	-8.66	23.523	247
CA	19.658	-8.007	24.781	247
C	20.873	-7.486	25.544	247
N	20.706	-6.31	26.148	248
CA	21.753	-5.597	26.869	248
C	21.454	-5.594	28.365	248
N	22.473	-5.314	29.207	249
CA	22.252	-5.32	30.656	249
C	21.171	-4.338	31.109	249
N	20.251	-4.808	31.947	250
CA	19.193	-3.948	32.485	250
C	19.732	-2.851	33.405	250
N	20.793	-3.162	34.155	251
CA	21.429	-2.216	35.076	251
C	20.406	-1.648	36.073	251
N	20.405	-0.34	36.328	252
CA	19.542	0.244	37.349	252
C	18.239	0.698	36.7	252
N	17.496	-0.264	36.143	253
CA	16.208	0.021	35.52	253
C	15.14	-0.962	35.933	253
N	13.909	-0.463	35.942	254
CA	12.733	-1.249	36.253	254
C	11.841	-1.242	35.02	254
N	11.35	-2.417	34.667	255
CA	10.372	-2.566	33.603	255
C	8.999	-2.576	34.268	255
N	8.103	-1.736	33.766	256
CA	6.756	-1.614	34.305	256
C	5.763	-2.237	33.349	256
N	4.742	-2.884	33.906	257
CA	3.65	-3.479	33.142	257
C	2.399	-2.611	33.243	257
N	1.68	-2.501	32.132	258
CA	0.42	-1.753	32.073	258
C	-0.78	-2.556	32.564	258
N	-0.575	-3.843	32.834	259
CA	-1.653	-4.805	33.055	259
C	-1.365	-5.569	34.338	259
N	-2.432	-6.003	35.01	260
CA	-2.328	-6.725	36.288	260
C	-2.068	-8.216	36.077	260
