ATOM	X	Y	Z	RESIDUE
N	0.884	-102.861	89.155	1
CA	1.645	-103.526	88.077	1
C	1.312	-102.925	86.66	1
N	1.556	-101.627	86.169	2
CA	2.516	-100.944	85.208	2
C	2.718	-99.356	85.173	2
N	3.391	-98.404	84.361	3
CA	3.572	-97.989	82.905	3
C	3.932	-96.456	82.491	3
N	4.1	-95.729	81.246	4
CA	4.127	-94.267	80.613	4
C	4.755	-92.772	80.489	4
N	4.502	-91.806	79.401	5
CA	4.513	-90.885	78.114	5
C	5.42	-89.69	77.438	5
N	4.933	-88.615	76.585	6
CA	5.156	-87.422	75.572	6
C	5.748	-87.354	74.042	6
N	5.78	-86.278	73.107	7
CA	6.776	-85.238	72.552	7
C	6.575	-84.143	71.359	7
N	7.392	-83.074	70.811	8
CA	7.442	-81.851	69.808	8
C	7.294	-81.505	68.182	8
N	7.656	-80.421	67.232	9
CA	8.569	-79.74	66.107	9
C	8.331	-78.601	64.901	9
N	8.691	-77.707	63.731	10
CA	9.207	-76.273	63.128	10
C	9.615	-75.646	61.567	10
N	9.831	-74.313	60.81	11
CA	10.156	-73.56	59.363	11
C	10.333	-71.966	58.728	11
N	10.564	-71.242	57.407	12
CA	10.723	-69.777	56.728	12
C	11.309	-69.11	55.282	12
N	11.706	-67.918	54.399	13
CA	12.098	-66.482	53.671	13
C	11.822	-64.927	53.003	13
N	12.677	-63.894	52.252	14
CA	12.524	-62.435	51.496	14
C	13.351	-61.541	50.243	14
N	13.291	-60.327	49.244	15
CA	13.208	-58.785	48.575	15
C	13.491	-57.912	47.05	15
N	13.523	-56.616	46.055	16
CA	13.244	-55.026	45.356	16
C	13.801	-53.825	44.044	16
N	13.62	-52.432	43.102	17
CA	14.013	-50.824	42.37	17
C	13.752	-49.491	41.048	17
N	13.814	-47.975	40.19	18
CA	13.875	-46.677	38.83	18
C	14.31	-45.525	37.303	18
N	14.14	-44.099	36.288	19
CA	14.453	-42.749	34.987	19
C	14.987	-41.246	33.812	19
N	15.137	-40.181	32.355	20
CA	15.463	-38.668	31.209	20
C	15.614	-37.553	29.537	20
N	16.506	-36.111	29.147	21
CA	15.954	-35.075	30.024	21
C	16.801	-33.798	30.048	21
N	16.142	-32.649	30.148	22
CA	16.813	-31.354	30.022	22
C	17.581	-30.923	31.267	22
N	18.706	-30.248	31.037	23
CA	19.329	-29.389	32.046	23
C	18.45	-28.173	32.323	23
N	18.633	-27.528	33.485	24
CA	18.047	-26.199	33.594	24
C	18.757	-25.235	32.633	24
N	18.063	-24.18	32.191	25
CA	18.762	-23.195	31.381	25
C	19.812	-22.464	32.207	25
N	20.734	-21.797	31.515	26
CA	21.862	-21.117	32.15	26
C	21.426	-20.131	33.237	26
N	20.264	-19.509	33.04	27
CA	19.728	-18.514	33.976	27
C	18.973	-19.11	35.185	27
N	18.871	-20.439	35.249	28
CA	18.353	-21.135	36.436	28
C	19.426	-22.01	37.091	28
N	20.692	-21.669	36.856	29
CA	21.821	-22.385	37.446	29
C	22.394	-23.527	36.619	29
N	21.785	-23.819	35.472	30
CA	22.21	-24.945	34.64	30
C	23.614	-24.801	34.081	30
N	24.272	-25.935	33.778	31
CA	25.672	-25.906	33.355	31
C	25.839	-25.448	31.899	31
N	27.032	-24.963	31.552	32
CA	27.313	-24.583	30.169	32
C	27.337	-25.83	29.291	32
N	26.954	-25.657	28.031	33
CA	26.883	-26.77	27.093	33
C	28.246	-27.069	26.462	33
N	28.535	-28.358	26.351	34
CA	29.76	-28.852	25.755	34
C	29.372	-29.944	24.769	34
N	30.358	-30.486	24.062	35
CA	30.11	-31.53	23.069	35
C	29.718	-32.874	23.696	35
N	29.956	-33.038	24.996	36
CA	29.483	-34.228	25.709	36
C	27.993	-34.113	26.025	36
N	27.602	-32.982	26.605	37
CA	26.269	-32.826	27.19	37
C	25.242	-32.059	26.331	37
N	25.425	-32.042	25.012	38
CA	24.603	-31.183	24.142	38
C	23.192	-31.717	23.815	38
N	22.993	-33.028	23.955	39
CA	21.663	-33.646	23.812	39
C	20.665	-33.149	24.868	39
N	21.171	-32.474	25.902	40
CA	20.374	-32.091	27.063	40
C	20.178	-30.576	27.232	40
N	20.651	-29.788	26.263	41
CA	20.435	-28.338	26.245	41
C	18.938	-28.041	26.078	41
N	18.363	-27.224	26.985	42
CA	16.951	-26.897	26.896	42
C	16.756	-25.815	25.85	42
N	16.886	-26.214	24.589	43
CA	16.902	-25.279	23.458	43
C	15.55	-24.549	23.276	43
N	14.491	-25.131	23.837	44
CA	13.139	-24.584	23.75	44
C	12.815	-23.458	24.732	44
N	13.728	-23.166	25.66	45
CA	13.487	-22.129	26.674	45
C	14.746	-21.299	26.946	45
N	15.321	-20.689	25.89	46
CA	16.522	-19.887	26.05	46
C	16.334	-18.594	26.861	46
N	15.083	-18.171	27.08	47
CA	14.797	-16.94	27.827	47
C	15.222	-15.683	27.074	47
N	15.33	-15.796	25.754	48
CA	15.874	-14.728	24.916	48
C	15.468	-14.964	23.478	48
N	15.511	-13.894	22.683	49
CA	15.142	-13.938	21.269	49
C	16.285	-13.437	20.383	49
N	16.085	-13.528	19.068	50
CA	17.024	-12.996	18.097	50
C	16.713	-11.514	17.859	50
N	17.751	-10.692	17.627	51
CA	17.61	-9.22	17.617	51
C	16.908	-8.568	16.425	51
N	16.567	-9.325	15.391	52
CA	15.882	-8.734	14.228	52
C	14.367	-8.532	14.461	52
N	13.889	-8.902	15.652	53
CA	12.486	-8.728	16.029	53
C	12.333	-8.454	17.512	53
N	11.096	-8.215	17.93	54
CA	10.754	-8.118	19.346	54
C	9.733	-9.182	19.674	54
N	9.651	-9.517	20.963	55
CA	8.674	-10.476	21.458	55
C	7.982	-9.994	22.76	55
N	6.676	-10.258	22.854	56
CA	5.897	-10.054	24.074	56
C	5.187	-11.345	24.445	56
N	4.897	-11.52	25.728	57
CA	3.975	-12.575	26.162	57
C	2.854	-11.925	26.962	57
N	1.639	-12.456	26.829	58
CA	0.454	-11.879	27.465	58
C	-0.465	-12.962	28.028	58
N	-1.315	-12.591	28.984	59
CA	-2.321	-13.513	29.528	59
C	-3.391	-13.835	28.478	59
N	-3.747	-15.115	28.369	60
CA	-4.71	-15.58	27.369	60
C	-6.156	-15.167	27.609	60
N	-6.487	-14.857	28.861	61
CA	-7.833	-14.423	29.232	61
C	-7.904	-12.895	29.235	61
N	-6.972	-12.259	29.945	62
CA	-7.05	-10.822	30.236	62
C	-6.268	-9.932	29.271	62
N	-5.304	-10.515	28.559	63
CA	-4.5	-9.774	27.588	63
C	-3.418	-8.895	28.196	63
N	-3.152	-9.063	29.489	64
CA	-2.108	-8.296	30.158	64
C	-0.763	-8.776	29.658	64
N	0.064	-7.847	29.181	65
CA	1.448	-8.145	28.792	65
C	2.292	-8.499	30.023	65
N	2.874	-9.702	30.023	66
CA	3.609	-10.234	31.179	66
C	5.135	-10.184	30.993	66
N	5.618	-10.529	29.806	67
CA	7.046	-10.466	29.498	67
C	7.29	-9.634	28.244	67
N	8.492	-9.082	28.13	68
CA	8.91	-8.384	26.919	68
C	10.401	-8.576	26.671	68
N	10.79	-8.606	25.397	69
CA	12.2	-8.582	25.04	69
C	12.754	-7.199	25.39	69
N	14.008	-7.156	25.832	70
CA	14.642	-5.9	26.24	70
C	14.705	-4.86	25.107	70
N	14.636	-5.323	23.858	71
CA	14.627	-4.435	22.691	71
C	13.233	-4.002	22.233	71
N	12.199	-4.339	23.007	72
CA	10.803	-4.031	22.651	72
C	10.568	-2.571	22.214	72
N	11.138	-1.615	22.956	73
CA	10.968	-0.174	22.674	73
C	11.502	0.259	21.303	73
N	12.577	-0.384	20.861	74
CA	13.129	-0.166	19.525	74
C	12.118	-0.486	18.418	74
N	11.345	-1.554	18.597	75
CA	10.393	-1.987	17.577	75
C	8.998	-1.414	17.796	75
N	8.621	-1.188	19.052	76
CA	7.267	-0.731	19.376	76
C	7.159	0.781	19.653	76
N	8.206	1.386	20.21	77
CA	8.212	2.83	20.484	77
C	7.847	3.202	21.915	77
N	7.091	2.333	22.591	78
CA	6.752	2.512	24.014	78
C	7.885	2.037	24.928	78
N	7.755	2.321	26.224	79
CA	8.774	1.963	27.219	79
C	8.471	0.63	27.92	79
N	9.517	-0.052	28.441	80
CA	9.365	-1.318	29.172	80
C	8.482	-1.309	30.431	80
N	8.072	-0.127	30.888	81
CA	7.105	0.008	31.986	81
C	5.713	0.427	31.475	81
N	5.677	1.17	30.368	82
CA	4.417	1.573	29.733	82
C	3.709	0.384	29.069	82
N	4.471	-0.639	28.681	83
CA	3.927	-1.831	28.011	83
C	3.623	-2.956	28.997	83
N	4.62	-3.28	29.814	84
CA	4.536	-4.356	30.8	84
C	3.378	-4.105	31.764	84
N	2.376	-4.982	31.721	85
CA	1.186	-4.852	32.561	85
C	-0.043	-4.347	31.823	85
N	0.159	-3.694	30.676	86
CA	-0.956	-3.216	29.849	86
C	-1.648	-4.346	29.094	86
N	-2.911	-4.111	28.752	87
CA	-3.716	-5.088	28.041	87
C	-3.487	-4.951	26.542	87
N	-3.551	-6.074	25.833	88
CA	-3.49	-6.062	24.376	88
C	-4.68	-5.29	23.807	88
N	-5.835	-5.387	24.469	89
CA	-7.017	-4.589	24.113	89
C	-6.695	-3.098	23.994	89
N	-5.835	-2.598	24.881	90
CA	-5.385	-1.202	24.844	90
C	-4.251	-0.98	23.833	90
N	-3.359	-1.964	23.708	91
CA	-2.183	-1.858	22.837	91
C	-2.502	-2.136	21.369	91
N	-3.295	-3.176	21.125	92
CA	-3.713	-3.568	19.778	92
C	-5.248	-3.643	19.708	92
N	-5.926	-2.479	19.729	93
CA	-7.394	-2.457	19.761	93
C	-8.054	-3.164	18.578	93
N	-7.443	-3.056	17.402	94
CA	-8.008	-3.623	16.18	94
C	-7.794	-5.134	16.057	94
N	-6.69	-5.632	16.612	95
CA	-6.328	-7.046	16.493	95
C	-6.887	-7.925	17.616	95
N	-7.04	-7.364	18.813	96
CA	-7.349	-8.155	20.017	96
C	-8.573	-9.08	19.922	96
N	-9.723	-8.566	19.445	97
CA	-10.87	-9.466	19.313	97
C	-10.614	-10.627	18.352	97
N	-10.17	-10.314	17.135	98
CA	-9.871	-11.336	16.122	98
C	-8.841	-12.346	16.626	98
N	-7.791	-11.825	17.259	99
CA	-6.693	-12.612	17.836	99
C	-7.177	-13.607	18.889	99
N	-7.93	-13.096	19.857	100
CA	-8.496	-13.899	20.941	100
C	-9.418	-15.015	20.43	100
N	-10.182	-14.714	19.379	101
CA	-11.087	-15.683	18.765	101
C	-10.337	-16.715	17.918	101
N	-9.246	-16.291	17.278	102
CA	-8.409	-17.196	16.476	102
C	-7.661	-18.202	17.351	102
N	-7.181	-17.739	18.507	103
CA	-6.43	-18.564	19.453	103
C	-7.181	-18.724	20.781	103
N	-8.261	-19.526	20.788	104
CA	-8.989	-19.764	22.032	104
C	-8.269	-20.778	22.916	104
N	-8.633	-20.85	24.209	105
CA	-7.969	-21.801	25.104	105
C	-8.09	-23.253	24.64	105
N	-7.021	-24.025	24.833	106
CA	-6.999	-25.448	24.493	106
C	-6.589	-25.772	23.063	106
N	-6.384	-24.743	22.235	107
CA	-6.063	-24.932	20.812	107
C	-4.641	-25.466	20.634	107
N	-4.307	-25.959	19.423	108
CA	-2.927	-26.395	19.18	108
C	-1.935	-25.231	19.251	108
N	-0.793	-25.448	19.902	109
CA	0.223	-24.392	20.017	109
C	0.914	-24.072	18.684	109
N	0.67	-24.902	17.67	110
CA	1.139	-24.649	16.307	110
C	0.227	-23.688	15.521	110
N	-1.013	-23.505	15.975	111
CA	-1.925	-22.54	15.349	111
C	-1.369	-21.125	15.505	111
N	-1.547	-20.31	14.466	112
CA	-0.992	-18.957	14.44	112
C	-2.035	-17.911	14.035	112
N	-1.903	-16.699	14.579	113
CA	-2.66	-15.533	14.115	113
C	-1.667	-14.523	13.577	113
N	-1.864	-14.087	12.341	114
CA	-0.945	-13.143	11.718	114
C	-1.665	-11.881	11.256	114
N	-1.018	-10.74	11.467	115
CA	-1.536	-9.46	11.012	115
C	-0.387	-8.514	10.729	115
N	-0.662	-7.521	9.894	116
CA	0.292	-6.473	9.576	116
C	-0.116	-5.193	10.302	116
N	0.865	-4.506	10.883	117
CA	0.63	-3.28	11.643	117
C	1.485	-2.15	11.081	117
N	1.02	-0.914	11.245	118
CA	1.817	0.256	10.872	118
C	2.564	0.798	12.086	118
N	3.701	1.436	11.82	119
CA	4.6	1.927	12.867	119
C	5.347	3.175	12.367	119
N	6.02	3.915	13.275	120
CA	6.652	5.175	12.848	120
C	7.814	5.0	11.857	120
N	8.423	3.811	11.837	121
CA	9.475	3.477	10.872	121
C	8.866	2.956	9.566	121
N	9.513	3.273	8.442	122
CA	9.012	2.93	7.099	122
C	8.684	1.439	6.916	122
N	7.716	1.163	6.043	123
CA	7.222	-0.197	5.823	123
C	6.183	-0.597	6.856	123
N	6.029	-1.904	7.053	124
CA	5.048	-2.444	7.989	124
C	5.734	-3.06	9.206	124
N	4.926	-3.645	10.086	125
CA	5.412	-4.474	11.184	125
C	4.556	-5.741	11.218	125
N	5.186	-6.893	11.012	126
CA	4.469	-8.161	11.007	126
C	4.273	-8.641	12.435	126
N	3.052	-9.058	12.752	127
CA	2.735	-9.642	14.046	127
C	2.306	-11.087	13.826	127
N	2.909	-12.013	14.572	128
CA	2.529	-13.431	14.557	128
C	2.283	-13.871	15.989	128
N	1.117	-14.449	16.254	129
CA	0.757	-14.827	17.611	129
C	0.449	-16.309	17.674	129
N	0.948	-16.969	18.713	130
CA	0.503	-18.312	19.052	130
C	0.258	-18.431	20.562	130
N	-0.437	-19.501	20.941	131
CA	-0.813	-19.745	22.325	131
C	-0.166	-21.03	22.813	131
N	0.449	-20.968	23.985	132
CA	0.937	-22.162	24.652	132
C	0.407	-22.129	26.089	132
N	-0.584	-22.979	26.366	133
CA	-1.268	-22.993	27.657	133
C	-2.106	-21.745	27.903	133
N	-1.78	-21.016	28.969	134
CA	-2.524	-19.812	29.355	134
C	-1.873	-18.573	28.759	134
N	-0.746	-18.779	28.085	135
CA	0.078	-17.698	27.578	135
C	-0.152	-17.49	26.086	135
N	-0.162	-16.228	25.672	136
CA	-0.125	-15.854	24.268	136
C	1.248	-15.287	24.014	136
N	1.821	-15.593	22.858	137
CA	3.186	-15.166	22.532	137
C	3.174	-14.396	21.209	137
N	3.54	-13.116	21.275	138
CA	3.408	-12.201	20.15	138
C	4.793	-11.843	19.639	138
N	5.02	-12.062	18.344	139
CA	6.308	-11.798	17.715	139
C	6.146	-10.662	16.719	139
N	7.023	-9.67	16.816	140
CA	6.962	-8.497	15.963	140
C	8.234	-8.462	15.149	140
N	8.115	-8.265	13.841	141
CA	9.297	-8.092	13.001	141
C	8.997	-7.267	11.746	141
N	9.943	-6.405	11.34	142
CA	9.792	-5.528	10.179	142
C	9.5	-6.276	8.891	142
N	8.864	-5.596	7.939	143
CA	8.594	-6.186	6.627	143
C	8.75	-5.169	5.492	143
N	10.002	-4.817	5.181	144
CA	10.367	-4.118	3.926	144
C	11.877	-3.832	3.874	144
N	12.136	-4.654	2.811	145
CA	11.77	-4.825	1.376	145
C	10.544	-5.388	0.57	145
N	9.405	-5.97	1.091	146
CA	8.284	-6.787	0.513	146
C	8.727	-8.004	-0.369	146
N	7.998	-8.938	-1.095	147
CA	7.099	-10.136	-1.295	147
C	6.454	-10.59	-2.63	147
N	6.563	-10.139	-3.912	148
CA	5.645	-10.673	-4.949	148
C	5.59	-12.086	-5.536	148
N	6.309	-13.209	-5.333	149
CA	6.149	-14.147	-4.22	149
C	4.665	-14.239	-3.802	149
N	4.401	-14.81	-2.622	150
CA	3.046	-14.839	-2.04	150
C	2.424	-16.231	-2.033	150
N	1.109	-16.326	-2.337	151
CA	0.459	-17.638	-2.475	151
C	0.7	-18.27	-3.854	151
N	1.039	-17.439	-4.837	152
CA	1.206	-17.881	-6.214	152
C	2.602	-18.441	-6.481	152
N	3.572	-17.998	-5.684	153
CA	4.908	-18.583	-5.687	153
C	4.806	-20.074	-5.364	153
N	4.082	-20.38	-4.287	154
CA	3.802	-21.76	-3.864	154
C	3.087	-22.552	-4.96	154
N	2.056	-21.938	-5.537	155
CA	1.157	-22.582	-6.498	155
C	1.873	-23.134	-7.735	155
N	2.856	-22.395	-8.242	156
CA	3.718	-22.895	-9.318	156
C	4.702	-23.953	-8.824	156
N	5.154	-23.799	-7.583	157
CA	5.994	-24.801	-6.929	157
C	5.298	-26.164	-6.835	157
N	4.012	-26.163	-6.487	158
CA	3.222	-27.403	-6.402	158
C	3.206	-28.196	-7.705	158
N	3.078	-27.487	-8.822	159
CA	3.101	-28.11	-10.15	159
C	4.416	-28.801	-10.428	159
N	5.498	-28.113	-10.065	160
CA	6.842	-28.635	-10.219	160
C	6.952	-29.941	-9.449	160
N	6.621	-29.879	-8.162	161
CA	6.674	-31.042	-7.283	161
C	5.79	-32.185	-7.777	161
N	4.587	-31.856	-8.235	162
CA	3.601	-32.868	-8.633	162
C	4.029	-33.707	-9.85	162
N	4.674	-33.069	-10.826	163
CA	5.05	-33.747	-12.072	163
C	6.352	-34.555	-11.981	163
N	7.105	-34.391	-10.894	164
CA	8.335	-35.165	-10.69	164
C	8.032	-36.66	-10.812	164
N	8.776	-37.385	-11.676	165
CA	8.491	-38.809	-11.958	165
C	9.004	-39.837	-10.942	165
N	9.979	-39.471	-10.116	166
CA	10.491	-40.374	-9.075	166
C	10.978	-39.571	-7.857	166
N	11.429	-40.251	-6.799	167
CA	11.851	-39.556	-5.576	167
C	13.068	-38.654	-5.8	167
N	13.981	-39.07	-6.679	168
CA	15.175	-38.271	-6.977	168
C	14.808	-36.95	-7.644	168
N	13.916	-37.014	-8.631	169
CA	13.405	-35.826	-9.299	169
C	12.612	-34.953	-8.322	169
N	11.801	-35.582	-7.485	170
CA	11.051	-34.856	-6.47	170
C	12.001	-34.069	-5.579	170
N	12.967	-34.779	-4.999	171
CA	13.972	-34.197	-4.122	171
C	14.7	-33.018	-4.794	171
N	15.105	-33.221	-6.045	172
CA	15.768	-32.163	-6.802	172
C	14.846	-30.974	-7.052	172
N	13.688	-31.207	-7.667	173
CA	12.719	-30.121	-7.884	173
C	12.402	-29.372	-6.588	173
N	12.244	-30.11	-5.491	174
CA	11.997	-29.527	-4.17	174
C	13.069	-28.517	-3.743	174
N	14.334	-28.909	-3.849	175
CA	15.447	-28.043	-3.418	175
C	15.646	-26.878	-4.392	175
N	15.387	-27.125	-5.671	176
CA	15.523	-26.101	-6.713	176
C	14.413	-25.059	-6.581	176
N	13.204	-25.517	-6.267	177
CA	12.077	-24.623	-6.023	177
C	12.301	-23.744	-4.794	177
N	12.725	-24.356	-3.696	178
CA	12.93	-23.614	-2.461	178
C	13.992	-22.544	-2.646	178
N	15.062	-22.899	-3.352	179
CA	16.134	-21.954	-3.634	179
C	15.656	-20.812	-4.532	179
N	14.858	-21.132	-5.552	180
CA	14.255	-20.097	-6.416	180
C	13.398	-19.1	-5.614	180
N	12.561	-19.616	-4.714	181
CA	11.706	-18.769	-3.862	181
C	12.476	-17.89	-2.879	181
N	13.591	-18.409	-2.373	182
CA	14.289	-17.8	-1.236	182
C	15.573	-17.068	-1.596	182
N	16.21	-17.476	-2.686	183
CA	17.541	-16.984	-3.036	183
C	18.673	-17.596	-2.218	183
N	18.363	-18.507	-1.291	184
CA	19.396	-19.135	-0.446	184
C	20.549	-19.731	-1.283	184
N	21.774	-19.533	-0.802	185
CA	22.996	-20.031	-1.469	185
C	23.145	-21.55	-1.449	185
N	22.546	-22.194	-0.449	186
CA	22.504	-23.654	-0.386	186
C	21.174	-24.123	0.178	186
N	20.524	-25.043	-0.542	187
CA	19.266	-25.654	-0.113	187
C	19.435	-27.137	-0.288	187
N	19.187	-27.869	0.792	188
CA	19.459	-29.287	0.851	188
C	18.209	-30.01	1.308	188
N	17.985	-31.2	0.765	189
CA	17.036	-32.127	1.376	189
C	17.84	-33.15	2.154	189
N	17.585	-33.193	3.449	190
CA	18.353	-33.994	4.378	190
C	17.432	-35.062	4.928	190
N	17.67	-36.322	4.56	191
CA	16.825	-37.446	4.987	191
C	17.462	-38.239	6.109	191
N	16.689	-38.473	7.173	192
CA	17.122	-39.288	8.313	192
C	16.96	-40.795	8.078	192
N	17.932	-41.562	8.553	193
CA	17.801	-43.012	8.629	193
C	17.243	-43.341	10.018	193
N	16.815	-44.597	10.235	194
CA	16.268	-45.017	11.549	194
C	17.205	-44.84	12.761	194
N	18.506	-44.679	12.513	195
CA	19.481	-44.437	13.575	195
C	19.725	-42.931	13.823	195
N	18.942	-42.074	13.161	196
CA	19.023	-40.612	13.334	196
C	20.188	-39.933	12.593	196
N	21.068	-40.704	11.951	197
CA	22.041	-40.132	11.024	197
C	21.266	-39.582	9.838	197
N	21.858	-38.65	9.109	198
CA	21.164	-38.054	7.97	198
C	22.018	-38.005	6.718	198
N	21.359	-37.978	5.558	199
CA	22.054	-37.914	4.279	199
C	21.464	-36.803	3.414	199
N	22.326	-36.01	2.79	200
CA	21.873	-34.978	1.882	200
C	21.542	-35.703	0.583	200
N	20.247	-35.833	0.276	201
CA	19.836	-36.614	-0.906	201
C	19.513	-35.747	-2.141	201
N	19.458	-34.443	-1.958	202
CA	19.284	-33.522	-3.07	202
C	19.85	-32.192	-2.62	202
N	20.297	-31.383	-3.567	203
CA	20.987	-30.134	-3.23	203
C	20.956	-29.153	-4.386	203
N	20.512	-27.929	-4.105	204
CA	20.564	-26.813	-5.058	204
C	21.441	-25.754	-4.438	204
N	22.394	-25.257	-5.196	205
CA	23.349	-24.354	-4.612	205
C	23.907	-23.372	-5.614	205
N	24.45	-22.29	-5.073	206
CA	25.181	-21.311	-5.847	206
C	26.375	-21.966	-6.53	206
N	26.565	-21.609	-7.797	207
CA	27.727	-21.993	-8.601	207
C	29.027	-21.783	-7.825	207
N	29.832	-22.845	-7.738	208
CA	31.135	-22.792	-7.074	208
C	31.159	-23.175	-5.601	208
N	29.997	-23.275	-4.966	209
CA	29.939	-23.831	-3.619	209
C	30.377	-25.294	-3.635	209
N	31.114	-25.665	-2.593	210
CA	31.467	-27.057	-2.332	210
C	30.179	-27.884	-2.106	210
N	30.074	-29.02	-2.796	211
CA	28.865	-29.856	-2.766	211
C	28.776	-30.746	-1.522	211
N	27.636	-30.693	-0.837	212
CA	27.322	-31.65	0.237	212
C	26.478	-32.856	-0.212	212
N	26.126	-32.927	-1.5	213
CA	25.266	-33.995	-2.029	213
C	25.858	-35.37	-1.738	213
N	25.074	-36.213	-1.059	214
CA	25.45	-37.602	-0.786	214
C	26.154	-37.809	0.542	214
N	26.579	-36.71	1.161	215
CA	27.257	-36.758	2.449	215
C	26.308	-37.146	3.574	215
N	26.841	-37.945	4.492	216
CA	26.118	-38.391	5.657	216
C	26.711	-37.696	6.868	216
N	25.862	-37.382	7.839	217
CA	26.329	-36.809	9.096	217
C	25.77	-37.583	10.285	217
N	26.518	-37.59	11.409	218
CA	26.083	-38.319	12.6	218
C	24.804	-37.766	13.249	218
N	24.15	-38.618	14.034	219
CA	22.932	-38.263	14.747	219
C	23.151	-37.09	15.708	219
N	24.354	-36.995	16.279	220
CA	24.7	-35.921	17.217	220
C	24.58	-34.517	16.616	220
N	24.715	-34.404	15.3	221
CA	24.691	-33.085	14.656	221
C	23.324	-32.389	14.726	221
N	22.24	-33.165	14.74	222
CA	20.924	-32.643	15.106	222
C	20.443	-33.511	16.257	222
N	20.738	-33.09	17.498	223
CA	20.553	-33.981	18.644	223
C	19.086	-34.258	18.946	223
N	18.847	-35.222	19.833	224
CA	17.528	-35.837	20.022	224
C	16.431	-34.857	20.412	224
N	16.734	-33.951	21.335	225
CA	15.745	-32.956	21.758	225
C	15.4	-31.991	20.612	225
N	16.376	-31.658	19.769	226
CA	16.114	-30.832	18.58	226
C	15.139	-31.561	17.643	226
N	15.443	-32.825	17.33	227
CA	14.601	-33.614	16.425	227
C	13.17	-33.736	16.95	227
N	13.045	-33.951	18.255	228
CA	11.736	-34.03	18.9	228
C	10.971	-32.732	18.691	228
N	11.633	-31.599	18.958	229
CA	11.037	-30.259	18.785	229
C	10.63	-30.007	17.338	229
N	11.472	-30.475	16.42	230
CA	11.245	-30.296	14.99	230
C	10.078	-31.126	14.461	230
N	9.589	-32.073	15.268	231
CA	8.416	-32.884	14.902	231
C	7.111	-32.131	15.188	231
N	7.153	-31.206	16.149	232
CA	5.987	-30.426	16.559	232
C	6.001	-29.006	15.974	232
N	7.177	-28.392	15.894	233
CA	7.303	-27.035	15.373	233
C	8.203	-27.057	14.151	233
N	7.623	-26.701	13.006	234
CA	8.111	-27.168	11.706	234
C	9.071	-26.23	10.96	234
N	9.277	-25.02	11.472	235
CA	10.255	-24.1	10.9	235
C	11.067	-23.401	11.984	235
N	12.39	-23.362	11.796	236
CA	13.277	-22.56	12.649	236
C	14.448	-21.986	11.854	236
N	15.029	-20.908	12.373	237
CA	16.062	-20.196	11.65	237
C	17.006	-19.461	12.557	237
N	18.16	-19.101	12.001	238
CA	19.093	-18.195	12.658	238
C	19.346	-17.124	11.621	238
N	18.793	-15.929	11.845	239
CA	18.893	-14.834	10.874	239
C	20.338	-14.387	10.713	239
N	21.06	-14.332	11.828	240
CA	22.45	-13.917	11.853	240
C	23.207	-14.773	12.871	240
N	24.133	-15.591	12.359	241
CA	24.834	-16.589	13.154	241
C	25.883	-16.022	14.127	241
N	26.121	-14.712	14.128	242
CA	26.926	-14.14	15.205	242
C	26.2	-13.074	16.029	242
N	24.906	-12.876	15.772	243
CA	24.111	-11.919	16.537	243
C	23.888	-12.411	17.976	243
N	24.058	-11.498	18.933	244
CA	23.828	-11.779	20.355	244
C	22.329	-11.805	20.69	244
N	21.922	-12.781	21.488	245
CA	20.523	-12.921	21.856	245
C	20.074	-11.769	22.767	245
N	18.82	-11.344	22.595	246
CA	18.17	-10.343	23.436	246
C	17.276	-11.05	24.47	246
N	17.552	-10.858	25.781	247
CA	16.774	-11.552	26.825	247
C	15.335	-11.073	26.974	247
N	14.478	-11.962	27.479	248
CA	13.107	-11.617	27.869	248
C	13.097	-11.156	29.318	248
N	12.252	-10.169	29.616	249
CA	12.182	-9.562	30.951	249
C	10.73	-9.382	31.409	249
N	10.349	-10.01	32.539	250
CA	11.155	-10.937	33.343	250
C	11.409	-12.243	32.599	250
N	12.528	-12.888	32.912	251
CA	12.95	-14.105	32.212	251
C	11.959	-15.264	32.376	251
N	11.33	-15.349	33.545	252
CA	10.354	-16.405	33.841	252
C	8.919	-15.903	33.656	252
N	8.046	-16.783	33.169	253
CA	6.621	-16.488	33.042	253
C	5.967	-16.334	34.428	253
N	5.427	-15.136	34.728	254
CA	4.793	-14.917	36.041	254
C	3.602	-15.837	36.355	254
N	2.956	-16.386	35.326	255
CA	1.836	-17.316	35.508	255
C	2.268	-18.592	36.217	255
N	3.466	-19.059	35.877	256
CA	3.956	-20.37	36.28	256
C	5.188	-20.314	37.184	256
N	5.854	-19.158	37.216	257
CA	7.226	-19.03	37.729	257
C	8.177	-20.103	37.186	257
N	7.996	-20.387	35.898	258
CA	8.823	-21.32	35.161	258
C	9.193	-20.632	33.858	258
N	10.188	-21.173	33.14	259
CA	10.587	-20.612	31.842	259
C	9.447	-20.527	30.824	259
N	9.516	-19.527	29.948	260
CA	8.576	-19.393	28.842	260
C	8.948	-20.369	27.712	260
N	7.994	-21.219	27.276	261
CA	8.278	-22.099	26.132	261
C	8.282	-21.336	24.803	261
N	9.433	-21.306	24.142	262
CA	9.601	-20.531	22.924	262
C	9.681	-21.423	21.684	262
N	9.336	-22.703	21.835	263
CA	9.466	-23.68	20.754	263
C	8.701	-23.31	19.494	263
N	7.509	-22.749	19.682	264
CA	6.664	-22.295	18.586	264
C	6.957	-20.908	18.035	264
N	7.985	-20.239	18.567	265
CA	8.34	-18.879	18.138	265
C	9.63	-18.879	17.317	265
N	9.549	-18.383	16.072	266
CA	10.714	-18.326	15.168	266
C	11.812	-17.385	15.662	266
N	11.435	-16.378	16.448	267
CA	12.398	-15.451	17.05	267
C	13.175	-16.076	18.198	267
N	12.81	-17.297	18.589	268
CA	13.514	-18.029	19.638	268
C	15.005	-18.036	19.392	268
N	15.778	-17.744	20.44	269
CA	17.235	-17.804	20.366	269
C	17.686	-19.222	20.023	269
N	18.576	-19.319	19.035	270
CA	19.212	-20.565	18.657	270
C	20.301	-20.973	19.645	270
N	20.438	-22.283	19.851	271
CA	21.555	-22.841	20.584	271
C	22.869	-22.207	20.131	271
N	23.629	-21.599	21.066	272
CA	24.983	-21.092	20.775	272
C	25.919	-22.145	20.191	272
N	25.693	-23.398	20.576	273
CA	26.485	-24.511	20.09	273
C	26.286	-24.685	18.581	273
N	25.029	-24.604	18.153	274
CA	24.692	-24.716	16.746	274
C	25.176	-23.482	15.974	274
N	25.022	-22.294	16.551	275
CA	25.494	-21.074	15.899	275
C	26.987	-21.161	15.642	275
N	27.726	-21.654	16.629	276
CA	29.166	-21.893	16.494	276
C	29.458	-22.845	15.323	276
N	28.707	-23.942	15.261	277
CA	28.778	-24.893	14.143	277
C	28.617	-24.164	12.804	277
N	27.624	-23.282	12.741	278
CA	27.304	-22.554	11.516	278
C	28.442	-21.613	11.128	278
N	28.849	-20.761	12.064	279
CA	29.983	-19.857	11.84	279
C	31.24	-20.589	11.366	279
N	31.54	-21.742	11.964	280
CA	32.715	-22.542	11.573	280
C	32.681	-22.994	10.116	280
N	31.473	-23.256	9.616	281
CA	31.23	-23.657	8.231	281
C	31.144	-22.476	7.273	281
N	31.13	-21.257	7.811	282
CA	31.062	-20.043	6.992	282
C	29.645	-19.645	6.625	282
N	28.683	-20.021	7.469	283
CA	27.259	-19.746	7.254	283
C	26.823	-18.521	8.057	283
N	26.365	-17.486	7.361	284
CA	25.902	-16.277	8.028	284
C	24.462	-16.417	8.492	284
N	23.678	-17.206	7.764	285
CA	22.242	-17.353	8.017	285
C	21.781	-18.787	7.671	285
N	20.838	-19.3	8.457	286
CA	20.39	-20.684	8.336	286
C	18.875	-20.764	8.546	286
N	18.23	-21.708	7.86	287
CA	16.797	-21.968	8.031	287
C	16.514	-23.41	7.596	287
N	15.7	-24.127	8.362	288
CA	15.225	-25.44	7.936	288
C	13.732	-25.577	8.186	288
N	13.083	-26.359	7.33	289
CA	11.673	-26.748	7.5	289
C	11.597	-28.255	7.656	289
N	10.782	-28.73	8.585	290
CA	10.657	-30.172	8.809	290
C	9.825	-30.846	7.731	290
N	10.208	-32.077	7.406	291
CA	9.392	-32.96	6.593	291
C	8.989	-34.083	7.531	291
N	7.685	-34.186	7.762	292
CA	7.112	-35.039	8.786	292
C	6.112	-35.993	8.138	292
N	6.373	-37.288	8.267	293
CA	5.605	-38.321	7.579	293
C	5.159	-39.373	8.598	293
N	3.847	-39.511	8.779	294
CA	3.303	-40.44	9.776	294
C	3.747	-40.058	11.176	294
N	3.721	-38.756	11.459	295
CA	4.154	-38.225	12.759	295
C	5.629	-38.406	13.113	295
N	6.439	-38.832	12.138	296
CA	7.88	-39.033	12.311	296
C	8.622	-37.963	11.531	296
N	9.739	-37.489	12.074	297
CA	10.625	-36.589	11.337	297
C	11.396	-37.356	10.251	297
N	10.98	-37.177	9.002	298
CA	11.55	-37.906	7.86	298
C	12.848	-37.256	7.385	298
N	12.878	-35.932	7.407	299
CA	14.057	-35.166	7.007	299
C	13.824	-33.674	7.171	299
N	14.749	-32.873	6.656	300
CA	14.653	-31.417	6.716	300
C	14.953	-30.825	5.355	300
N	14.264	-29.733	5.029	301
CA	14.706	-28.856	3.969	301
C	15.591	-27.885	4.709	301
N	16.9	-27.989	4.47	302
CA	17.925	-27.283	5.234	302
C	18.619	-26.267	4.323	302
N	18.638	-25.002	4.745	303
CA	19.116	-23.902	3.908	303
C	20.194	-23.114	4.609	303
N	21.209	-22.695	3.846	304
CA	22.251	-21.743	4.298	304
C	22.37	-20.547	3.354	304
N	22.774	-19.404	3.912	305
CA	23.2	-18.237	3.137	305
C	24.549	-17.749	3.689	305
N	25.399	-17.199	2.817	306
CA	26.717	-16.714	3.237	306
C	26.638	-15.521	4.19	306
N	25.581	-14.719	4.068	307
CA	25.417	-13.512	4.868	307
C	24.213	-13.662	5.76	307
N	24.131	-12.825	6.812	308
CA	22.89	-12.626	7.549	308
C	21.75	-12.299	6.6	308
N	20.562	-12.774	6.936	309
CA	19.436	-12.777	6.016	309
C	18.166	-12.98	6.843	309
N	17.221	-12.062	6.696	310
CA	15.905	-12.23	7.288	310
C	14.913	-12.559	6.172	310
N	14.453	-13.807	6.15	311
CA	13.414	-14.223	5.207	311
C	12.078	-13.585	5.637	311
N	11.385	-12.896	4.716	312
CA	10.103	-12.31	5.098	312
C	9.103	-13.351	5.607	312
N	8.299	-12.993	6.615	313
CA	7.365	-13.946	7.224	313
C	6.436	-14.659	6.246	313
N	6.022	-13.984	5.179	314
CA	5.119	-14.596	4.205	314
C	5.823	-15.616	3.304	314
N	7.12	-15.425	3.056	315
CA	7.932	-16.455	2.401	315
C	8.148	-17.668	3.304	315
N	8.295	-17.449	4.609	316
CA	8.495	-18.551	5.557	316
C	7.272	-19.446	5.616	316
N	6.108	-18.814	5.699	317
CA	4.833	-19.504	5.684	317
C	4.702	-20.372	4.443	317
N	5.051	-19.797	3.294	318
CA	5.035	-20.497	2.015	318
C	5.908	-21.752	2.071	318
N	7.086	-21.602	2.676	319
CA	8.022	-22.705	2.833	319
C	7.432	-23.794	3.705	319
N	6.802	-23.402	4.81	320
CA	6.111	-24.37	5.677	320
C	5.092	-25.194	4.883	320
N	4.326	-24.477	4.064	321
CA	3.312	-25.066	3.204	321
C	3.935	-26.031	2.203	321
N	5.082	-25.65	1.658	322
CA	5.814	-26.516	0.74	322
C	6.309	-27.787	1.452	322
N	6.791	-27.637	2.68	323
CA	7.227	-28.784	3.489	323
C	6.129	-29.815	3.708	323
N	4.909	-29.335	3.958	324
CA	3.742	-30.204	4.162	324
C	3.299	-30.899	2.866	324
N	3.449	-30.215	1.739	325
CA	3.204	-30.822	0.428	325
C	4.222	-31.9	0.086	325
N	5.495	-31.55	0.239	326
CA	6.592	-32.469	0.011	326
C	6.455	-33.71	0.897	326
N	6.077	-33.507	2.16	327
CA	5.819	-34.604	3.097	327
C	4.8	-35.596	2.567	327
N	3.744	-35.064	1.972	328
CA	2.673	-35.886	1.443	328
C	3.102	-36.532	0.14	328
N	3.694	-35.747	-0.755	329
CA	4.293	-36.273	-1.991	329
C	5.271	-37.419	-1.701	329
N	6.126	-37.235	-0.697	330
CA	7.092	-38.259	-0.292	330
C	6.39	-39.515	0.206	330
N	5.412	-39.332	1.087	331
CA	4.666	-40.439	1.668	331
C	4.002	-41.277	0.579	331
N	3.392	-40.597	-0.39	332
CA	2.724	-41.264	-1.509	332
C	3.72	-41.975	-2.421	332
N	4.751	-41.259	-2.873	333
CA	5.765	-41.837	-3.772	333
C	6.554	-42.991	-3.15	333
N	6.867	-42.896	-1.858	334
CA	7.546	-43.989	-1.135	334
C	6.681	-45.253	-1.016	334
N	5.365	-45.073	-0.92	335
CA	4.433	-46.198	-0.87	335
C	4.341	-46.919	-2.228	335
N	4.382	-46.145	-3.316	336
CA	4.366	-46.69	-4.684	336
C	5.727	-47.294	-5.087	336
N	6.82	-46.571	-4.83	337
CA	8.174	-47.093	-5.069	337
C	8.459	-48.259	-4.121	337
N	7.993	-49.203	-3.176	338
CA	7.679	-50.726	-3.589	338
C	8.398	-52.187	-3.936	338
N	8.154	-53.465	-4.684	339
CA	8.049	-55.063	-4.878	339
C	8.627	-56.638	-4.962	339
N	8.147	-57.975	-5.25	340
CA	8.398	-59.191	-6.248	340
C	7.482	-60.507	-6.435	340
N	7.643	-61.729	-7.209	341
CA	8.637	-62.714	-7.886	341
C	8.766	-64.304	-7.929	341
N	8.146	-65.413	-7.393	342
CA	7.858	-66.122	-6.129	342
C	6.857	-67.333	-6.139	342
N	6.236	-67.976	-7.175	343
CA	5.626	-69.348	-7.207	343
C	4.495	-69.576	-6.209	343
