ATOM	X	Y	Z	RESIDUE
N	7.443	47.539	20.325	1
CA	8.757	47.276	19.721	1
C	9.298	48.56	19.086	1
N	10.619	48.817	19.234	2
CA	11.275	49.991	18.666	2
C	12.272	49.523	17.608	2
N	12.232	50.154	16.418	3
CA	13.145	49.801	15.337	3
C	13.807	51.058	14.789	3
N	15.122	51.085	14.834	4
CA	15.914	52.157	14.255	4
C	16.372	51.694	12.888	4
N	16.441	52.612	11.924	5
CA	16.824	52.268	10.564	5
C	17.908	53.216	10.055	5
N	18.951	52.668	9.412	6
CA	19.979	53.476	8.741	6
C	19.78	53.253	7.241	6
N	19.457	54.325	6.494	7
CA	19.197	54.228	5.058	7
C	19.424	55.557	4.343	7
N	19.916	55.485	3.093	8
CA	20.089	56.642	2.209	8
C	18.724	57.062	1.641	8
N	17.702	56.199	1.81	9
CA	16.349	56.508	1.32	9
C	15.324	56.302	2.445	9
N	15.375	57.113	3.535	10
CA	14.462	56.877	4.667	10
C	12.98	57.019	4.342	10
N	12.636	57.807	3.327	11
CA	11.248	57.97	2.876	11
C	10.61	56.663	2.346	11
N	11.438	55.681	1.924	12
CA	10.927	54.359	1.502	12
C	10.145	53.697	2.654	12
N	10.54	53.983	3.905	13
CA	9.952	53.383	5.113	13
C	8.519	53.824	5.429	13
N	8.025	54.859	4.727	14
CA	6.626	55.276	4.842	14
C	5.735	54.126	4.349	14
N	6.257	53.248	3.448	15
CA	5.477	52.092	2.947	15
C	5.106	51.172	4.123	15
N	5.95	51.151	5.167	16
CA	5.735	50.38	6.395	16
C	4.954	51.171	7.43	16
N	5.395	52.404	7.726	17
CA	4.817	53.192	8.815	17
C	3.433	53.773	8.579	17
N	3.052	53.994	7.32	18
CA	1.787	54.657	7.008	18
C	0.682	53.732	6.523	18
N	0.979	52.445	6.265	19
CA	-0.035	51.561	5.663	19
C	-0.177	50.183	6.3	19
N	-1.377	49.626	6.161	20
CA	-1.724	48.269	6.565	20
C	-1.535	47.937	8.018	20
N	-1.161	46.675	8.285	21
CA	-0.99	46.195	9.658	21
C	0.128	46.897	10.428	21
N	1.294	47.121	9.784	22
CA	2.396	47.85	10.429	22
C	2.001	49.306	10.668	22
N	1.275	49.89	9.709	23
CA	0.783	51.265	9.812	23
C	-0.154	51.425	10.995	23
N	-1.039	50.424	11.203	24
CA	-1.977	50.366	12.323	24
C	-1.193	50.236	13.647	24
N	-0.138	49.403	13.666	25
CA	0.715	49.198	14.841	25
C	1.417	50.5	15.235	25
N	1.879	51.283	14.228	26
CA	2.521	52.579	14.43	26
C	1.506	53.569	15.044	26
N	0.303	53.689	14.44	27
CA	-0.766	54.573	14.934	27
C	-1.188	54.247	16.369	27
N	-1.168	52.956	16.756	28
CA	-1.544	52.518	18.107	28
C	-0.378	52.422	19.094	28
N	0.786	53.02	18.746	29
CA	1.989	53.053	19.588	29
C	2.516	51.669	20.028	29
N	2.266	50.637	19.209	30
CA	2.722	49.261	19.445	30
C	4.085	49.048	18.761	30
N	4.342	49.84	17.708	31
CA	5.577	49.796	16.919	31
C	6.051	51.214	16.682	31
N	7.367	51.444	16.815	32
CA	7.954	52.743	16.508	32
C	9.14	52.483	15.588	32
N	9.194	53.213	14.47	33
CA	10.261	53.106	13.482	33
C	10.867	54.509	13.324	33
N	12.19	54.656	13.595	34
CA	12.924	55.921	13.451	34
C	14.056	55.716	12.441	34
N	14.228	56.654	11.495	35
CA	15.21	56.537	10.411	35
C	16.268	57.622	10.46	35
N	17.522	57.262	10.144	36
CA	18.607	58.231	10.017	36
C	19.279	57.953	8.693	36
N	19.651	59.027	7.995	37
CA	20.25	58.968	6.684	37
C	21.744	59.339	6.739	37
N	22.666	58.441	6.308	38
CA	24.098	58.801	6.253	38
C	24.388	60.109	5.502	38
N	23.56	60.488	4.504	39
CA	23.752	61.755	3.767	39
C	23.717	62.969	4.709	39
N	22.942	62.862	5.81	40
CA	22.816	63.938	6.786	40
C	24.025	64.028	7.719	40
N	25.003	63.109	7.577	41
CA	26.2	63.048	8.421	41
C	27.451	63.373	7.599	41
N	27.255	63.885	6.377	42
CA	28.368	64.263	5.482	42
C	28.853	65.686	5.78	42
N	30.148	65.948	5.55	43
CA	30.752	67.253	5.836	43
C	30.988	68.097	4.582	43
N	30.971	67.459	3.392	44
CA	31.309	68.128	2.129	44
C	30.109	68.676	1.394	44
N	30.338	69.658	0.489	45
CA	29.285	70.288	-0.314	45
C	28.486	69.271	-1.136	45
N	29.15	68.248	-1.688	46
CA	28.499	67.223	-2.512	46
C	27.804	66.112	-1.718	46
N	27.873	66.162	-0.364	47
CA	27.21	65.175	0.519	47
C	27.554	63.747	0.071	47
N	28.861	63.478	-0.075	48
CA	29.387	62.217	-0.612	48
C	29.158	61.059	0.347	48
N	28.434	60.025	-0.121	49
CA	28.104	58.845	0.699	49
C	28.792	57.568	0.26	49
N	29.554	57.637	-0.852	50
CA	30.286	56.479	-1.335	50
C	31.787	56.687	-1.302	50
N	32.547	55.597	-1.386	51
CA	34.005	55.652	-1.353	51
C	34.583	54.484	-2.144	51
N	35.831	54.629	-2.595	52
CA	36.515	53.634	-3.424	52
C	37.054	52.46	-2.642	52
N	36.962	51.226	-3.193	53
CA	37.506	50.066	-2.466	53
C	39.022	49.961	-2.558	53
N	39.685	49.556	-1.46	54
CA	41.127	49.278	-1.5	54
C	41.254	47.959	-2.324	54
N	42.279	47.838	-3.134	55
CA	42.435	46.631	-3.945	55
C	41.782	46.738	-5.305	55
N	41.103	47.856	-5.533	56
CA	40.418	48.155	-6.778	56
C	39.242	47.26	-7.072	56
N	38.964	47.138	-8.358	57
CA	37.861	46.347	-8.879	57
C	36.686	47.262	-9.139	57
N	35.64	46.807	-9.841	58
CA	34.507	47.707	-10.058	58
C	33.68	47.828	-8.781	58
N	32.852	48.856	-8.732	59
CA	31.95	49.089	-7.619	59
C	32.55	49.946	-6.531	59
N	31.683	50.685	-5.858	60
CA	32.044	51.563	-4.757	60
C	31.481	50.929	-3.48	60
N	31.876	51.444	-2.314	61
CA	31.338	50.991	-1.045	61
C	30.718	52.19	-0.384	61
N	29.929	51.983	0.681	62
CA	29.404	53.136	1.41	62
C	30.572	53.749	2.164	62
N	30.643	55.087	2.18	63
CA	31.724	55.811	2.863	63
C	31.574	55.523	4.359	63
N	32.695	55.207	5.036	64
CA	32.709	54.808	6.455	64
C	32.203	55.881	7.415	64
N	32.819	57.085	7.409	65
CA	32.441	58.136	8.371	65
C	30.937	58.489	8.42	65
N	30.245	58.853	7.304	66
CA	28.814	59.177	7.412	66
C	27.969	58.002	7.904	66
N	28.288	56.775	7.435	67
CA	27.555	55.577	7.829	67
C	27.757	55.266	9.319	67
N	29.014	55.257	9.779	68
CA	29.365	54.982	11.175	68
C	28.681	55.997	12.106	68
N	28.753	57.306	11.771	69
CA	28.137	58.357	12.605	69
C	26.607	58.189	12.691	69
N	25.967	57.856	11.566	70
CA	24.513	57.628	11.549	70
C	24.155	56.432	12.468	70
N	24.925	55.328	12.392	71
CA	24.707	54.141	13.252	71
C	24.809	54.571	14.718	71
N	25.848	55.369	15.048	72
CA	26.036	55.847	16.423	72
C	24.831	56.663	16.92	72
N	24.25	57.533	16.071	73
CA	23.045	58.307	16.463	73
C	21.842	57.359	16.721	73
N	21.664	56.327	15.878	74
CA	20.581	55.333	16.097	74
C	20.829	54.583	17.415	74
N	22.092	54.221	17.691	75
CA	22.441	53.521	18.948	75
C	22.159	54.381	20.183	75
N	22.4	55.698	20.08	76
CA	22.124	56.616	21.198	76
C	20.607	56.753	21.412	76
N	19.807	56.754	20.313	77
CA	18.347	56.809	20.447	77
C	17.795	55.496	21.051	77
N	18.399	54.355	20.703	78
CA	17.947	53.03	21.144	78
C	18.183	52.752	22.624	78
N	19.377	53.085	23.111	79
CA	19.752	52.806	24.493	79
C	20.22	51.381	24.618	79
N	20.264	50.862	25.849	80
CA	20.769	49.528	26.163	80
C	19.966	48.395	25.528	80
N	20.687	47.378	25.051	81
CA	20.112	46.137	24.534	81
C	19.653	46.093	23.089	81
N	19.947	47.115	22.263	82
CA	19.504	47.033	20.862	82
C	20.448	46.141	20.072	82
N	19.887	45.255	19.246	83
CA	20.654	44.363	18.402	83
C	20.811	45.072	17.056	83
N	22.056	45.146	16.552	84
CA	22.339	45.833	15.286	84
C	22.446	44.815	14.163	84
N	21.538	44.919	13.191	85
CA	21.459	43.993	12.071	85
C	21.896	44.66	10.787	85
N	22.814	44.009	10.076	86
CA	23.199	44.475	8.754	86
C	22.429	43.636	7.72	86
N	21.621	44.291	6.871	87
CA	20.887	43.561	5.83	87
C	21.904	43.291	4.733	87
N	22.259	42.014	4.539	88
CA	23.35	41.657	3.639	88
C	23.062	40.435	2.783	88
N	23.479	40.411	1.498	89
CA	23.348	39.155	0.711	89
C	24.225	38.015	1.271	89
N	25.209	38.345	2.137	90
CA	26.107	37.35	2.747	90
C	25.598	36.919	4.127	90
N	24.417	37.403	4.508	91
CA	23.879	37.074	5.815	91
C	23.101	35.776	5.87	91
N	22.615	35.469	7.066	92
CA	21.77	34.322	7.356	92
C	20.474	34.48	6.537	92
N	20.103	33.434	5.771	93
CA	18.9	33.514	4.935	93
C	17.672	33.418	5.838	93
N	16.82	34.453	5.789	94
CA	15.609	34.516	6.593	94
C	14.637	33.371	6.27	94
N	14.046	32.794	7.332	95
CA	12.963	31.821	7.306	95
C	12.108	32.041	8.569	95
N	10.96	31.356	8.728	96
CA	10.085	31.584	9.9	96
C	10.714	31.352	11.275	96
N	11.636	30.392	11.365	97
CA	12.397	30.153	12.594	97
C	13.278	31.355	12.932	97
N	13.888	31.942	11.899	98
CA	14.711	33.143	12.023	98
C	13.908	34.347	12.465	98
N	12.699	34.522	11.876	99
CA	11.777	35.619	12.224	99
C	11.414	35.509	13.702	99
N	11.06	34.277	14.163	100
CA	10.687	34.028	15.567	100
C	11.799	34.465	16.522	100
N	13.058	34.156	16.181	101
CA	14.234	34.536	16.983	101
C	14.372	36.056	16.998	101
N	14.351	36.709	15.801	102
CA	14.487	38.172	15.702	102
C	13.394	38.903	16.449	102
N	12.177	38.322	16.475	103
CA	11.015	38.915	17.136	103
C	11.093	38.952	18.668	103
N	12.084	38.264	19.271	104
CA	12.279	38.269	20.731	104
C	12.937	39.579	21.19	104
N	13.478	40.372	20.242	105
CA	14.148	41.641	20.546	105
C	13.16	42.774	20.676	105
N	13.197	43.507	21.796	106
CA	12.333	44.663	21.964	106
C	12.872	45.844	21.141	106
N	14.2	45.846	20.853	107
CA	14.865	46.925	20.112	107
C	15.781	46.388	19.036	107
N	15.611	46.869	17.792	108
CA	16.491	46.481	16.685	108
C	16.967	47.731	15.997	108
N	18.143	47.643	15.371	109
CA	18.686	48.686	14.513	109
C	19.0	47.964	13.213	109
N	18.382	48.421	12.113	110
CA	18.557	47.801	10.802	110
C	19.392	48.701	9.894	110
N	20.554	48.201	9.487	111
CA	21.484	48.959	8.65	111
C	21.325	48.513	7.202	111
N	20.961	49.468	6.314	112
CA	20.719	49.223	4.889	112
C	21.866	49.723	4.066	112
N	22.462	48.808	3.338	113
CA	23.566	49.117	2.455	113
C	23.11	49.39	1.041	113
N	23.898	50.209	0.355	114
CA	23.793	50.543	-1.054	114
C	25.174	50.257	-1.681	114
N	25.331	50.447	-3.012	115
CA	26.58	50.171	-3.735	115
C	26.991	48.693	-3.535	115
N	28.3	48.384	-3.426	116
CA	28.756	47.001	-3.231	116
C	28.743	46.544	-1.777	116
N	28.326	47.425	-0.866	117
CA	28.246	47.075	0.549	117
C	29.022	47.988	1.466	117
N	29.427	47.453	2.623	118
CA	30.112	48.208	3.677	118
C	31.475	47.624	4.027	118
N	32.349	48.476	4.609	119
CA	33.693	48.077	5.02	119
C	33.596	46.898	6.013	119
N	34.393	45.836	5.791	120
CA	34.415	44.64	6.644	120
C	34.673	44.978	8.122	120
N	35.504	46.001	8.386	121
CA	35.803	46.373	9.772	121
C	34.58	46.968	10.487	121
N	33.65	47.625	9.739	122
CA	32.407	48.15	10.329	122
C	31.513	47.005	10.769	122
N	31.57	45.861	10.054	123
CA	30.847	44.658	10.465	123
C	31.399	44.191	11.836	123
N	32.728	44.168	12.012	124
CA	33.313	43.779	13.312	124
C	33.031	44.817	14.43	124
N	33.155	46.107	14.127	125
CA	33.002	47.143	15.162	125
C	31.565	47.502	15.491	125
N	30.616	47.352	14.541	126
CA	29.242	47.833	14.798	126
C	28.102	46.804	14.734	126
N	28.264	45.78	13.917	127
CA	27.201	44.837	13.59	127
C	27.145	43.622	14.492	127
N	25.933	43.304	14.977	128
CA	25.716	42.106	15.789	128
C	25.447	40.906	14.883	128
N	24.567	41.071	13.857	129
CA	24.181	39.975	12.954	129
C	23.976	40.426	11.536	129
N	24.158	39.501	10.588	130
CA	23.927	39.742	9.17	130
C	22.803	38.844	8.688	130
N	21.838	39.421	7.951	131
CA	20.694	38.671	7.446	131
C	20.355	39.01	6.018	131
N	20.008	37.971	5.242	132
CA	19.537	38.055	3.855	132
C	18.074	37.639	3.832	132
N	17.292	38.114	2.832	133
CA	15.878	37.703	2.697	133
C	15.691	36.623	1.616	133
N	16.772	36.244	0.943	134
CA	16.715	35.224	-0.103	134
C	17.88	35.267	-1.067	134
N	18.004	34.218	-1.905	135
CA	19.09	34.094	-2.873	135
C	18.767	34.754	-4.2	135
N	18.614	36.075	-4.151	136
CA	18.337	36.933	-5.294	136
C	18.99	38.274	-5.064	136
N	19.329	38.974	-6.152	137
CA	20.052	40.231	-6.086	137
C	19.105	41.431	-6.157	137
N	19.222	42.315	-5.153	138
CA	18.455	43.557	-5.071	138
C	19.391	44.748	-5.172	138
N	18.839	45.971	-5.322	139
CA	19.629	47.198	-5.464	139
C	20.089	47.769	-4.112	139
N	19.536	47.26	-3.023	140
CA	19.887	47.745	-1.69	140
C	19.233	46.971	-0.571	140
N	19.581	47.33	0.661	141
CA	19.076	46.677	1.872	141
C	17.707	47.131	2.35	141
N	17.142	48.209	1.756	142
CA	15.843	48.77	2.193	142
C	14.65	47.807	2.103	142
N	14.427	47.154	0.931	143
CA	13.3	46.2	0.814	143
C	13.483	45.012	1.769	143
N	14.703	44.444	1.897	144
CA	14.931	43.426	2.94	144
C	14.609	43.905	4.358	144
N	15.013	45.158	4.738	145
CA	14.746	45.715	6.086	145
C	13.245	45.833	6.323	145
N	12.502	46.358	5.328	146
CA	11.04	46.504	5.424	146
C	10.354	45.142	5.557	146
N	10.847	44.142	4.815	147
CA	10.344	42.763	4.853	147
C	10.53	42.202	6.27	147
N	11.725	42.417	6.86	148
CA	12.033	42.0	8.226	148
C	11.088	42.687	9.228	148
N	10.842	44.015	9.084	149
CA	9.965	44.74	10.008	149
C	8.547	44.121	9.975	149
N	8.004	43.96	8.77	150
CA	6.663	43.395	8.576	150
C	6.559	41.999	9.222	150
N	7.553	41.124	8.983	151
CA	7.575	39.762	9.546	151
C	7.58	39.751	11.08	151
N	8.462	40.549	11.711	152
CA	8.57	40.625	13.176	152
C	7.391	41.339	13.832	152
N	6.813	42.357	13.153	153
CA	5.675	43.132	13.675	153
C	4.471	42.238	14.006	153
N	4.336	41.117	13.298	154
CA	3.264	40.126	13.498	154
C	3.311	39.502	14.906	154
N	4.5	39.518	15.548	155
CA	4.736	38.975	16.89	155
C	4.455	39.961	18.019	155
N	4.2	41.248	17.703	156
CA	3.944	42.245	18.744	156
C	2.51	42.022	19.272	156
N	2.3	41.848	20.6	157
CA	0.916	41.669	21.097	157
C	0.051	42.894	20.806	157
N	-1.118	42.65	20.213	158
CA	-2.077	43.692	19.849	158
C	-2.077	44.074	18.378	158
N	-1.066	43.604	17.616	159
CA	-0.917	43.912	16.19	159
C	-1.865	43.08	15.318	159
N	-1.96	41.764	15.581	160
CA	-2.847	40.885	14.815	160
C	-4.177	40.699	15.535	160
N	-4.062	39.64	16.444	161
CA	-3.885	38.151	16.569	161
C	-4.731	36.878	16.32	161
N	-4.047	35.709	16.408	162
CA	-2.686	35.401	16.883	162
C	-2.226	33.96	16.638	162
N	-3.076	33.091	16.103	163
CA	-3.771	31.975	16.745	163
C	-4.992	31.897	15.796	163
N	-5.976	30.978	15.946	164
CA	-5.565	29.749	15.29	164
C	-6.099	28.325	15.083	164
N	-7.196	27.753	15.596	165
CA	-7.75	27.829	16.941	165
C	-7.025	27.213	18.149	165
N	-5.859	26.589	17.927	166
CA	-4.545	27.145	18.279	166
C	-3.456	26.437	17.472	166
N	-3.624	25.421	16.6	167
CA	-3.638	25.68	15.152	167
C	-3.923	24.597	14.094	167
N	-4.133	23.318	14.383	168
CA	-3.359	22.098	14.5	168
C	-4.689	21.429	14.731	168
N	-5.112	20.191	14.802	169
CA	-4.514	18.922	14.612	169
C	-4.128	18.512	13.209	169
N	-4.236	19.167	12.038	170
CA	-4.598	18.212	11.006	170
C	-3.494	17.198	10.688	170
N	-2.376	17.495	11.425	171
CA	-0.911	17.172	11.38	171
C	0.066	17.85	10.411	171
N	-0.41	18.835	9.677	172
CA	0.178	19.64	10.732	172
C	0.098	21.113	11.111	172
N	-0.529	22.133	10.487	173
CA	0.643	22.937	10.281	173
C	1.649	22.612	9.175	173
N	1.586	21.664	8.226	174
CA	2.752	21.843	7.365	174
C	2.527	21.449	5.917	174
N	1.269	21.575	5.44	175
CA	0.855	21.218	4.077	175
C	0.437	22.438	3.25	175
N	0.406	22.277	1.905	176
CA	-0.091	23.298	0.978	176
C	-1.61	23.377	1.18	176
N	-2.146	24.599	1.224	177
CA	-3.562	24.875	1.454	177
C	-4.493	24.19	0.487	177
N	-5.692	23.877	0.978	178
CA	-6.735	23.336	0.13	178
C	-7.287	24.555	-0.644	178
N	-7.822	24.373	-1.864	179
CA	-8.386	25.526	-2.587	179
C	-9.528	26.147	-1.785	179
N	-9.739	27.445	-1.934	180
CA	-10.807	28.168	-1.247	180
C	-11.694	28.878	-2.257	180
N	-12.974	29.043	-1.913	181
CA	-13.953	29.647	-2.805	181
C	-14.824	30.632	-2.058	181
N	-15.199	31.725	-2.737	182
CA	-16.147	32.7	-2.197	182
C	-17.177	32.985	-3.309	182
N	-18.135	33.899	-3.077	183
CA	-19.138	34.239	-4.091	183
C	-18.45	34.744	-5.367	183
N	-18.987	34.488	-6.577	184
CA	-20.29	33.878	-6.892	184
C	-20.238	32.358	-6.994	184
N	-21.413	31.72	-7.099	185
CA	-21.531	30.264	-7.239	185
C	-20.867	29.821	-8.537	185
N	-21.005	30.63	-9.597	186
CA	-20.424	30.332	-10.908	186
C	-19.603	31.526	-11.367	186
N	-18.304	31.322	-11.57	187
CA	-17.389	32.369	-12.014	187
C	-16.728	31.912	-13.317	187
N	-16.989	32.646	-14.43	188
CA	-16.507	32.277	-15.762	188
C	-16.873	30.819	-16.112	188
N	-18.078	30.408	-15.756	189
CA	-18.553	29.058	-16.036	189
C	-18.023	27.997	-15.091	189
N	-17.171	28.38	-14.095	190
CA	-16.593	27.437	-13.12	190
C	-17.408	27.438	-11.84	190
N	-17.903	26.254	-11.436	191
CA	-18.741	26.137	-10.239	191
C	-17.915	25.761	-9.002	191
N	-18.451	26.068	-7.816	192
CA	-17.853	25.753	-6.519	192
C	-18.074	24.252	-6.282	192
N	-17.061	23.472	-5.809	193
CA	-17.305	22.048	-5.512	193
C	-18.555	21.879	-4.636	193
N	-19.535	21.039	-5.068	194
CA	-20.786	20.88	-4.296	194
C	-20.65	20.574	-2.804	194
N	-19.571	19.872	-2.386	195
CA	-19.274	19.546	-0.974	195
C	-19.354	20.798	-0.091	195
N	-18.808	21.924	-0.593	196
CA	-18.709	23.198	0.118	196
C	-20.023	23.937	0.431	196
N	-21.171	23.237	0.325	197
CA	-22.497	23.778	0.646	197
C	-23.357	22.735	1.398	197
N	-22.843	22.167	2.543	198
CA	-23.549	21.141	3.347	198
C	-22.904	20.689	4.701	198
N	-22.505	19.408	4.775	199
CA	-21.962	18.745	5.959	199
C	-20.567	19.137	6.396	199
N	-20.447	19.535	7.68	200
CA	-19.215	19.962	8.349	200
C	-18.118	18.899	8.318	200
N	-18.451	17.646	8.698	201
CA	-17.493	16.542	8.689	201
C	-17.183	16.105	7.262	201
N	-18.202	16.13	6.372	202
CA	-18.081	15.789	4.945	202
C	-17.041	16.683	4.246	202
N	-16.878	17.928	4.743	203
CA	-15.888	18.89	4.263	203
C	-14.429	18.473	4.553	203
N	-14.209	17.202	5.025	204
CA	-12.885	16.586	5.234	204
C	-12.249	16.323	3.852	204
N	-12.972	16.75	2.789	205
CA	-12.535	16.774	1.401	205
C	-11.419	17.848	1.309	205
N	-11.438	18.848	2.237	206
CA	-10.425	19.902	2.361	206
C	-9.074	19.256	2.708	206
N	-9.059	18.397	3.761	207
CA	-7.885	17.647	4.219	207
C	-7.3	16.796	3.088	207
N	-8.17	16.105	2.321	208
CA	-7.767	15.274	1.186	208
C	-7.229	16.117	0.029	208
N	-7.878	17.281	-0.274	209
CA	-7.436	18.188	-1.343	209
C	-6.074	18.8	-0.996	209
N	-5.84	19.127	0.298	210
CA	-4.568	19.663	0.798	210
C	-3.446	18.632	0.585	210
N	-3.737	17.336	0.86	211
CA	-2.8	16.23	0.642	211
C	-2.609	15.99	-0.861	211
N	-3.72	15.94	-1.632	212
CA	-3.72	15.731	-3.088	212
C	-2.946	16.823	-3.832	212
N	-3.062	18.089	-3.375	213
CA	-2.352	19.228	-3.96	213
C	-0.854	19.112	-3.674	213
N	-0.489	18.796	-2.415	214
CA	0.897	18.629	-1.963	214
C	1.622	17.523	-2.76	214
N	1.014	16.318	-2.858	215
CA	1.562	15.173	-3.596	215
C	1.818	15.495	-5.075	215
N	0.905	16.256	-5.708	216
CA	1.004	16.658	-7.114	216
C	1.969	17.849	-7.32	216
N	2.055	18.78	-6.34	217
CA	2.901	19.976	-6.447	217
C	4.35	19.863	-5.964	217
N	4.587	19.529	-4.667	218
CA	5.95	19.426	-4.106	218
C	6.117	18.498	-2.885	218
N	7.366	18.043	-2.639	219
CA	7.746	17.215	-1.491	219
C	9.228	17.354	-1.175	219
N	9.912	15.916	-0.603	220
CA	10.435	14.212	-0.259	220
C	11.16	12.539	-0.6	220
N	11.967	11.132	-0.215	221
CA	12.213	9.537	0.488	221
C	13.099	7.936	0.416	221
N	13.482	6.403	0.931	222
CA	14.155	5.0	1.8	222
C	14.606	3.218	2.052	222
N	15.19	1.909	2.886	223
CA	15.681	0.299	3.429	223
C	16.548	-1.238	3.218	223
N	17.399	-2.336	4.018	224
CA	18.026	-3.954	4.252	224
C	19.219	-5.18	4.94	224
N	19.937	-6.637	5.34	225
CA	20.925	-7.899	6.077	225
C	21.68	-9.128	7.139	225
N	22.874	-10.145	7.487	226
CA	23.48	-11.676	8.045	226
C	24.78	-12.799	8.644	226
N	25.557	-14.165	9.132	227
CA	26.424	-15.672	9.327	227
C	26.994	-17.395	9.404	227
N	27.868	-18.777	9.541	228
CA	28.074	-20.517	9.713	228
C	29.091	-22.028	9.953	228
N	29.277	-23.629	9.715	229
CA	30.05	-25.171	9.754	229
C	30.879	-26.439	10.681	229
N	31.571	-27.786	11.168	230
CA	31.628	-29.295	11.892	230
C	32.324	-30.764	12.501	230
N	33.393	-31.841	12.829	231
CA	33.644	-33.45	13.139	231
C	35.049	-34.415	13.468	231
N	35.403	-35.742	14.219	232
CA	36.358	-37.005	14.775	232
C	37.41	-38.373	14.833	232
N	38.002	-39.468	15.768	233
CA	38.407	-41.052	16.131	233
C	39.461	-42.07	17.115	233
N	39.967	-43.535	17.357	234
CA	40.294	-45.098	17.885	234
C	40.892	-46.21	19.021	234
N	41.641	-47.578	19.042	235
CA	42.132	-49.183	19.153	235
C	42.658	-50.765	19.707	235
N	43.16	-52.195	19.305	236
CA	43.574	-53.736	19.842	236
C	44.793	-55.031	19.675	236
N	45.329	-56.338	20.412	237
CA	46.233	-57.753	20.691	237
C	47.013	-59.328	20.567	237
N	47.564	-60.509	21.432	238
CA	47.843	-62.092	21.906	238
C	48.474	-63.683	21.657	238
N	48.832	-64.839	22.58	239
CA	48.985	-66.473	22.665	239
C	49.782	-67.852	23.345	239
N	50.826	-68.434	24.257	240
CA	51.336	-69.624	25.219	240
C	52.3	-70.964	24.992	240
N	52.574	-72.28	25.673	241
CA	53.495	-73.607	25.523	241
C	53.774	-74.849	26.552	241
N	54.28	-76.214	26.778	242
CA	54.548	-77.678	26.245	242
C	55.223	-78.921	27.121	242
N	55.259	-80.406	27.083	243
CA	55.722	-81.908	26.805	243
C	56.972	-82.886	27.135	243
N	57.09	-84.326	27.188	244
CA	57.866	-85.396	27.988	244
C	58.022	-86.959	27.677	244
N	58.554	-88.089	28.309	245
CA	59.621	-88.97	27.744	245
C	60.398	-89.981	28.656	245
N	60.361	-90.271	30.009	246
CA	61.62	-90.721	30.639	246
C	61.843	-91.458	31.971	246
N	10.476	48.497	-19.612	1
CA	9.639	47.47	-19.01	1
C	8.42	48.141	-18.364	1
N	7.254	47.507	-18.48	2
CA	6.005	48.012	-17.911	2
C	5.522	47.03	-16.862	2
N	5.16	47.538	-15.682	3
CA	4.672	46.687	-14.6	3
C	3.354	47.236	-14.037	3
N	2.309	46.403	-14.111	4
CA	0.985	46.701	-13.566	4
C	0.875	46.088	-12.188	4
N	0.311	46.815	-11.216	5
CA	0.2	46.289	-9.853	5
C	-1.246	46.361	-9.353	5
N	-1.732	45.285	-8.71	6
CA	-3.044	45.27	-8.053	6
C	-2.77	45.198	-6.56	6
N	-3.168	46.245	-5.801	7
CA	-2.905	46.307	-4.367	7
C	-3.909	47.195	-3.639	7
N	-4.254	46.808	-2.401	8
CA	-5.126	47.588	-1.518	8
C	-4.32	48.77	-0.93	8
N	-2.983	48.772	-1.115	9
CA	-2.118	49.855	-0.595	9
C	-1.184	50.361	-1.711	9
N	-1.729	50.955	-2.804	10
CA	-0.869	51.341	-3.942	10
C	0.202	52.378	-3.624	10
N	-0.026	53.22	-2.607	11
CA	0.965	54.234	-2.217	11
C	2.275	53.635	-1.675	11
N	2.245	52.356	-1.237	12
CA	3.465	51.649	-0.79	12
C	4.498	51.612	-1.949	12
N	4.013	51.572	-3.213	13
CA	4.858	51.465	-4.41	13
C	5.701	52.698	-4.742	13
N	5.437	53.815	-4.061	14
CA	6.272	55.021	-4.176	14
C	7.683	54.701	-3.671	14
N	7.821	53.704	-2.754	15
CA	9.145	53.297	-2.239	15
C	10.027	52.806	-3.402	15
N	9.389	52.26	-4.449	16
CA	10.058	51.789	-5.665	16
C	10.186	52.898	-6.714	16
N	9.094	53.583	-7.023	17
CA	9.054	54.538	-8.133	17
C	9.701	55.882	-7.901	17
N	9.881	56.278	-6.638	18
CA	10.444	57.596	-6.321	18
C	11.889	57.58	-5.834	18
N	12.471	56.398	-5.573	19
CA	13.812	56.335	-4.967	19
C	14.795	55.38	-5.614	19
N	16.075	55.739	-5.51	20
CA	17.208	54.927	-5.925	20
C	17.254	54.553	-7.384	20
N	17.768	53.351	-7.667	21
CA	17.937	52.791	-9.013	21
C	16.598	52.658	-9.756	21
N	15.561	52.083	-9.106	22
CA	14.235	51.952	-9.739	22
C	13.625	53.339	-9.977	22
N	13.829	54.254	-9.026	23
CA	13.35	55.634	-9.13	23
C	13.95	56.355	-10.324	23
N	15.265	56.184	-10.549	24
CA	15.91	56.808	-11.715	24
C	15.436	56.148	-13.017	24
N	15.221	54.796	-13.003	25
CA	14.681	54.06	-14.16	25
C	13.31	54.616	-14.546	25
N	12.467	54.94	-13.535	26
CA	11.143	55.531	-13.75	26
C	11.29	56.928	-14.384	26
N	12.138	57.796	-13.791	27
CA	12.384	59.154	-14.293	27
C	12.933	59.163	-15.729	27
N	13.733	58.147	-16.103	28
CA	14.319	58.04	-17.445	28
C	13.486	57.206	-18.433	28
N	12.203	56.941	-18.09	29
CA	11.25	56.193	-18.925	29
C	11.715	54.783	-19.344	29
N	12.573	54.153	-18.518	30
CA	13.078	52.796	-18.737	30
C	12.16	51.779	-18.049	30
N	11.471	52.232	-16.992	31
CA	10.547	51.418	-16.199	31
C	9.288	52.222	-15.959	31
N	8.124	51.581	-16.073	32
CA	6.86	52.236	-15.761	32
C	6.093	51.297	-14.842	32
N	5.599	51.829	-13.729	33
CA	4.836	51.067	-12.738	33
C	3.493	51.782	-12.569	33
N	2.383	51.067	-12.82	34
CA	1.023	51.606	-12.664	34
C	0.268	50.737	-11.668	34
N	-0.447	51.361	-10.716	35
CA	-1.154	50.647	-9.655	35
C	-2.658	50.843	-9.697	35
N	-3.427	49.779	-9.39	36
CA	-4.874	49.873	-9.275	36
C	-5.252	49.22	-7.973	36
N	-6.206	49.82	-7.268	37
CA	-6.654	49.371	-5.973	37
C	-8.051	48.747	-6.056	37
N	-8.24	47.461	-5.648	38
CA	-9.605	46.87	-5.653	38
C	-10.647	47.702	-4.905	38
N	-10.234	48.458	-3.856	39
CA	-11.163	49.319	-3.115	39
C	-11.838	50.365	-4.03	39
N	-11.151	50.776	-5.101	40
CA	-11.678	51.751	-6.052	40
C	-12.664	51.131	-7.049	40
N	-12.901	49.81	-6.95	41
CA	-13.805	49.075	-7.837	41
C	-15.001	48.553	-7.053	41
N	-15.181	49.047	-5.814	42
CA	-16.31	48.646	-4.953	42
C	-17.533	49.522	-5.225	42
N	-18.73	48.969	-5.017	43
CA	-19.979	49.683	-5.283	43
C	-20.679	50.181	-4.011	43
N	-20.319	49.623	-2.844	44
CA	-20.983	49.935	-1.572	44
C	-20.339	51.064	-0.778	44
N	-21.109	51.686	0.146	45
CA	-20.641	52.782	1.007	45
C	-19.402	52.392	1.822	45
N	-19.331	51.151	2.319	46
CA	-18.205	50.667	3.127	46
C	-16.991	50.198	2.326	46
N	-17.074	50.249	0.971	47
CA	-15.961	49.859	0.083	47
C	-15.417	48.475	0.476	47
N	-16.333	47.497	0.582	48
CA	-16.037	46.136	1.054	48
C	-15.168	45.361	0.059	48
N	-13.988	44.931	0.513	49
CA	-13.017	44.205	-0.323	49
C	-12.853	42.746	0.076	49
N	-13.537	42.316	1.141	50
CA	-13.454	40.933	1.598	50
C	-14.788	40.214	1.507	50
N	-14.738	38.879	1.522	51
CA	-15.929	38.052	1.419	51
C	-15.702	36.718	2.133	51
N	-16.799	36.082	2.542	52
CA	-16.778	34.836	3.306	52
C	-16.496	33.603	2.44	52
N	-15.693	32.639	2.95	53
CA	-15.446	31.411	2.169	53
C	-16.631	30.445	2.168	53
N	-16.868	29.761	1.039	54
CA	-17.92	28.75	0.973	54
C	-17.658	27.584	1.922	54
N	-16.411	27.147	2.049	55
CA	-16.085	26.039	2.947	55
C	-16.657	26.232	4.34	55
N	-16.22	27.316	4.965	56
CA	-16.596	27.724	6.308	56
C	-15.331	28.03	7.07	56
N	-15.34	27.728	8.362	57
CA	-14.188	27.916	9.235	57
C	-13.694	29.346	9.35	57
N	-12.387	29.538	9.632	58
CA	-11.885	30.897	9.836	58
C	-11.255	31.546	8.606	58
N	-11.171	32.868	8.657	59
CA	-10.558	33.662	7.609	59
C	-11.498	34.062	6.499	59
N	-11.221	35.219	5.912	60
CA	-11.98	35.787	4.814	60
C	-11.105	35.693	3.574	60
N	-11.707	35.909	2.403	61
CA	-10.96	35.935	1.152	61
C	-11.198	37.294	0.554	61
N	-10.441	37.646	-0.471	62
CA	-10.69	38.9	-1.163	62
C	-11.997	38.716	-1.93	62
N	-12.825	39.757	-1.954	63
CA	-14.099	39.707	-2.685	63
C	-13.753	39.626	-4.172	63
N	-14.427	38.732	-4.911	64
CA	-14.141	38.471	-6.328	64
C	-14.341	39.683	-7.253	64
N	-15.542	40.283	-7.25	65
CA	-15.849	41.394	-8.163	65
C	-14.86	42.57	-8.123	65
N	-14.557	43.231	-6.967	66
CA	-13.6	44.359	-7.003	66
C	-12.197	43.939	-7.464	66
N	-11.744	42.744	-7.028	67
CA	-10.414	42.251	-7.388	67
C	-10.332	41.917	-8.886	67
N	-11.314	41.153	-9.407	68
CA	-11.374	40.774	-10.829	68
C	-11.428	42.015	-11.715	68
N	-12.265	43.015	-11.348	69
CA	-12.367	44.259	-12.141	69
C	-11.042	45.028	-12.16	69
N	-10.333	45.109	-11.018	70
CA	-9.021	45.784	-10.97	70
C	-8.044	45.056	-11.895	70
N	-7.988	43.729	-11.819	71
CA	-7.077	42.94	-12.683	71
C	-7.388	43.251	-14.144	71
N	-8.691	43.264	-14.504	72
CA	-9.119	43.588	-15.883	72
C	-8.659	44.963	-16.336	72
N	-8.731	45.986	-15.462	73
CA	-8.256	47.341	-15.826	73
C	-6.734	47.308	-16.061	73
N	-5.971	46.57	-15.218	74
CA	-4.508	46.456	-15.424	74
C	-4.236	45.736	-16.758	74
N	-5.0	44.666	-17.067	75
CA	-4.847	43.933	-18.345	75
C	-5.139	44.82	-19.565	75
N	-6.15	45.702	-19.467	76
CA	-6.473	46.632	-20.553	76
C	-5.369	47.681	-20.723	76
N	-4.764	48.149	-19.608	77
CA	-3.661	49.104	-19.719	77
C	-2.409	48.434	-20.323	77
N	-2.177	47.154	-19.992	78
CA	-0.996	46.388	-20.428	78
C	-0.962	46.099	-21.914	78
N	-2.094	45.676	-22.449	79
CA	-2.17	45.245	-23.838	79
C	-1.691	43.807	-23.934	79
N	-1.399	43.369	-25.145	80
CA	-0.988	42.003	-25.398	80
C	0.352	41.596	-24.826	80
N	0.417	40.358	-24.362	81
CA	1.635	39.726	-23.875	81
C	2.018	39.899	-22.422	81
N	1.144	40.456	-21.589	82
CA	1.509	40.616	-20.181	82
C	1.344	39.293	-19.407	82
N	2.336	38.929	-18.583	83
CA	2.27	37.743	-17.726	83
C	1.695	38.186	-16.377	83
N	0.679	37.471	-15.89	84
CA	-0.003	37.829	-14.642	84
C	0.511	36.964	-13.497	84
N	1.123	37.608	-12.51	85
CA	1.716	36.934	-11.359	85
C	0.929	37.192	-10.091	85
N	0.584	36.12	-9.377	86
CA	-0.051	36.25	-8.078	86
C	1.035	36.068	-6.992	86
N	1.231	37.073	-6.13	87
CA	2.211	36.975	-5.045	87
C	1.521	36.164	-3.951	87
N	2.004	34.952	-3.671	88
CA	1.349	34.062	-2.698	88
C	2.382	33.409	-1.771	88
N	2.074	33.184	-0.469	89
CA	3.065	32.551	0.428	89
C	3.405	31.118	0.051	89
N	2.535	30.464	-0.747	90
CA	2.788	29.098	-1.191	90
C	3.206	28.957	-2.662	90
N	3.53	30.077	-3.326	91
CA	3.978	30.071	-4.719	91
C	5.435	29.658	-4.861	91
N	5.977	29.632	-6.111	92
CA	7.374	29.289	-6.415	92
C	8.293	30.241	-5.624	92
N	9.238	29.677	-4.853	93
CA	10.155	30.482	-4.052	93
C	11.158	31.176	-4.972	93
N	11.183	32.513	-4.923	94
CA	12.091	33.309	-5.739	94
C	13.57	33.044	-5.41	94
N	14.391	32.944	-6.46	95
CA	15.849	32.85	-6.428	95
C	16.394	33.53	-7.688	95
N	17.727	33.711	-7.843	96
CA	18.272	34.417	-9.022	96
C	17.923	33.828	-10.383	96
N	17.788	32.507	-10.453	97
CA	17.351	31.816	-11.67	97
C	15.922	32.208	-12.023	97
N	15.068	32.312	-11.0	98
CA	13.679	32.738	-11.139	98
C	13.566	34.176	-11.601	98
N	14.393	35.076	-11.016	99
CA	14.453	36.498	-11.385	99
C	14.827	36.619	-12.866	99
N	15.875	35.881	-13.302	100
CA	16.353	35.9	-14.696	100
C	15.221	35.512	-15.666	100
N	14.414	34.494	-15.313	101
CA	13.267	34.044	-16.124	101
C	12.214	35.157	-16.179	101
N	11.804	35.692	-14.998	102
CA	10.795	36.755	-14.916	102
C	11.216	37.999	-15.669	102
N	12.534	38.303	-15.684	103
CA	13.08	39.48	-16.345	103
C	13.032	39.443	-17.88	103
N	12.696	38.283	-18.477	104
CA	12.563	38.156	-19.939	104
C	11.25	38.796	-20.429	104
N	10.311	39.081	-19.499	105
CA	9.006	39.668	-19.819	105
C	9.091	41.172	-19.951	105
N	8.628	41.716	-21.076	106
CA	8.579	43.165	-21.251	106
C	7.413	43.774	-20.424	106
N	6.396	42.959	-20.105	107
CA	5.199	43.396	-19.367	107
C	4.815	42.394	-18.303	107
N	4.603	42.871	-17.065	108
CA	4.153	42.007	-15.98	108
C	2.982	42.679	-15.299	108
N	2.11	41.87	-14.702	109
CA	1.028	42.326	-13.846	109
C	1.22	41.574	-12.549	109
N	1.39	42.313	-11.444	110
CA	1.605	41.717	-10.129	110
C	0.372	41.904	-9.253	110
N	-0.224	40.795	-8.828	111
CA	-1.449	40.813	-8.024	111
C	-1.093	40.553	-6.577	111
N	-1.338	41.53	-5.69	112
CA	-1.066	41.376	-4.262	112
C	-2.373	40.988	-3.588	112
N	-2.31	39.967	-2.771	113
CA	-3.447	39.502	-1.997	113
C	-3.273	39.857	-0.529	113
N	-4.42	39.988	0.181	114
CA	-4.561	40.235	1.623	114
C	-5.534	39.126	2.13	114
N	-5.846	39.106	3.449	115
CA	-6.718	38.086	4.079	115
C	-6.151	36.676	3.864	115
N	-7.005	35.642	3.69	116
CA	-6.519	34.276	3.451	116
C	-6.169	33.997	1.995	116
N	-6.384	34.98	1.126	117
CA	-6.049	34.828	-0.277	117
C	-7.192	35.126	-1.221	117
N	-7.129	34.51	-2.406	118
CA	-8.09	34.727	-3.479	118
C	-8.812	33.447	-3.904	118
N	-9.995	33.603	-4.515	119
CA	-10.807	32.49	-4.987	119
C	-9.985	31.638	-5.977	119
N	-10.006	30.299	-5.806	120
CA	-9.283	29.352	-6.666	120
C	-9.597	29.554	-8.151	120
N	-10.863	29.888	-8.487	121
CA	-11.258	30.085	-9.884	121
C	-10.577	31.292	-10.506	121
N	-10.26	32.337	-9.695	122
CA	-9.533	33.515	-10.196	122
C	-8.118	33.141	-10.556	122
N	-7.524	32.175	-9.829	123
CA	-6.189	31.665	-10.146	123
C	-6.25	30.962	-11.501	123
N	-7.253	30.108	-11.696	124
CA	-7.416	29.36	-12.943	124
C	-7.676	30.26	-14.155	124
N	-8.47	31.338	-13.98	125
CA	-8.879	32.199	-15.107	125
C	-8.075	33.476	-15.334	125
N	-7.449	34.055	-14.284	126
CA	-6.71	35.32	-14.451	126
C	-5.186	35.255	-14.204	126
N	-4.706	34.231	-13.456	127
CA	-3.297	34.114	-13.041	127
C	-2.485	33.182	-13.921	127
N	-1.299	33.637	-14.34	128
CA	-0.377	32.813	-15.125	128
C	0.53	32.034	-14.169	128
N	1.095	32.716	-13.135	129
CA	2.042	32.079	-12.199	129
C	1.883	32.572	-10.78	129
N	2.29	31.742	-9.812	130
CA	2.286	32.069	-8.387	130
C	3.72	32.07	-7.859	130
N	4.105	33.141	-7.129	131
CA	5.465	33.292	-6.61	131
C	5.492	33.792	-5.174	131
N	6.481	33.31	-4.406	132
CA	6.766	33.658	-3.018	132
C	8.188	34.216	-2.996	132
N	8.539	35.055	-1.988	133
CA	9.917	35.597	-1.855	133
C	10.764	34.883	-0.775	133
N	10.166	33.915	-0.093	134
CA	10.853	33.15	0.941	134
C	9.925	32.453	1.912	134
N	10.5	31.535	2.711	135
CA	9.776	30.735	3.702	135
C	9.625	31.463	5.031	135
N	8.893	32.578	4.993	136
CA	8.573	33.418	6.14	136
C	7.208	34.048	5.914	136
N	6.511	34.373	7.001	137
CA	5.158	34.908	6.941	137
C	5.143	36.448	7.002	137
N	4.515	37.057	5.999	138
CA	4.323	38.497	5.897	138
C	2.825	38.842	6.005	138
N	2.478	40.14	6.124	139
CA	1.081	40.582	6.25	139
C	0.356	40.685	4.893	139
N	1.11	40.619	3.804	140
CA	0.561	40.743	2.456	140
C	1.597	40.612	1.365	140
N	1.134	40.71	0.131	141
CA	1.971	40.538	-1.051	141
C	2.684	41.772	-1.564	141
N	2.449	42.943	-0.943	142
CA	3.088	44.208	-1.391	142
C	4.625	44.22	-1.316	142
N	5.21	43.845	-0.151	143
CA	6.685	43.791	-0.036	143
C	7.274	42.755	-0.995	143
N	6.669	41.549	-1.125	144
CA	7.116	40.612	-2.171	144
C	7.067	41.181	-3.589	144
N	5.974	41.904	-3.971	145
CA	5.839	42.496	-5.317	145
C	6.932	43.532	-5.562	145
N	7.192	44.418	-4.566	146
CA	8.243	45.445	-4.663	146
C	9.618	44.815	-4.79	146
N	9.859	43.731	-4.036	147
CA	11.117	42.982	-4.069	147
C	11.321	42.413	-5.497	147
N	10.256	41.833	-6.081	148
CA	10.277	41.297	-7.449	148
C	10.59	42.417	-8.455	148
N	9.945	43.604	-8.323	149
CA	10.192	44.733	-9.23	149
C	11.674	45.137	-9.203	149
N	12.205	45.36	-7.991	150
CA	13.6	45.76	-7.799	150
C	14.547	44.739	-8.447	150
N	14.327	43.429	-8.2	151
CA	15.158	42.361	-8.759	151
C	15.165	42.346	-10.295	151
N	13.974	42.395	-10.933	152
CA	13.854	42.384	-12.401	152
C	14.313	43.677	-13.058	152
N	14.12	44.845	-12.38	153
CA	14.52	46.152	-12.912	153
C	16.014	46.216	-13.242	153
N	16.828	45.445	-12.514	154
CA	18.278	45.353	-12.71	154
C	18.647	44.826	-14.117	154
N	17.717	44.076	-14.757	155
CA	17.884	43.495	-16.091	155
C	17.488	44.419	-17.234	155
N	16.868	45.577	-16.937	156
CA	16.456	46.52	-17.986	156
C	17.713	47.243	-18.515	156
N	17.983	47.229	-19.847	157
CA	19.166	47.953	-20.359	157
C	19.091	49.449	-20.056	157
N	20.16	49.983	-19.468	158
CA	20.271	51.394	-19.108	158
C	20.026	51.711	-17.644	158
N	19.526	50.726	-16.878	159
CA	19.2	50.889	-15.453	159
C	20.442	50.87	-14.56	159
N	21.344	49.904	-14.78	160
CA	22.578	49.795	-14.0	160
C	23.738	50.481	-14.712	160
N	24.881	50.051	-14.124	161
CA	25.43	49.84	-12.781	161
C	26.644	48.874	-12.603	161
N	27.196	48.181	-13.635	162
CA	28.283	48.581	-14.505	162
C	28.8	47.587	-15.528	162
N	28.202	46.404	-15.638	163
CA	28.321	45.562	-16.808	163
C	28.46	44.189	-16.155	163
N	29.103	43.314	-16.918	164
CA	29.07	43.19	-18.35	164
C	30.331	42.463	-18.84	164
N	31.387	41.874	-18.2	165
CA	32.717	42.201	-17.639	165
C	33.767	41.956	-18.745	165
N	35.028	42.214	-19.175	166
CA	36.427	42.186	-18.747	166
C	37.197	40.903	-18.404	166
N	36.948	39.58	-18.384	167
CA	36.367	38.981	-17.18	167
C	34.973	38.715	-16.592	167
N	33.76	38.94	-17.117	168
CA	33.532	37.915	-18.14	168
C	33.788	36.506	-17.607	168
N	33.386	35.371	-18.194	169
CA	32.404	34.386	-17.73	169
C	32.603	33.706	-16.376	169
N	32.029	32.499	-16.31	170
CA	30.606	32.498	-15.995	170
C	30.153	33.475	-14.883	170
N	31.062	34.268	-14.26	171
CA	31.086	34.474	-12.815	171
C	32.504	34.77	-12.223	171
N	32.822	34.437	-10.94	172
CA	32.694	34.292	-9.492	172
C	31.655	33.318	-8.959	172
N	30.934	32.725	-9.903	173
CA	29.482	32.839	-9.779	173
C	28.903	31.767	-8.855	173
N	27.817	32.118	-8.166	174
CA	27.144	31.25	-7.209	174
C	27.794	31.243	-5.836	174
N	28.807	32.112	-5.626	175
CA	29.541	32.208	-4.362	175
C	29.213	33.499	-3.64	175
N	29.379	33.525	-2.299	176
CA	29.157	34.764	-1.539	176
C	30.327	35.706	-1.831	176
N	30.096	37.014	-1.732	177
CA	31.107	38.038	-1.996	177
C	32.25	37.982	-0.96	177
N	33.437	38.493	-1.326	178
CA	34.599	38.514	-0.43	178
C	34.446	39.738	0.517	178
N	35.247	39.901	1.613	179
CA	35.176	41.172	2.377	179
C	35.731	42.344	1.547	179
N	35.163	43.543	1.743	180
CA	35.581	44.752	1.047	180
C	36.034	45.803	2.046	180
N	36.963	46.671	1.622	181
CA	37.512	47.717	2.5	181
C	37.627	49.021	1.768	181
N	37.392	50.132	2.481	182
CA	37.541	51.489	1.955	182
C	38.24	52.321	3.038	182
N	38.396	53.639	2.825	183
CA	39.049	54.502	3.826	183
C	38.253	54.422	5.154	183
N	38.91	54.589	6.31	184
CA	40.333	54.927	6.511	184
C	41.265	53.713	6.535	184
N	42.598	53.98	6.51	185
CA	43.612	52.921	6.593	185
C	43.511	52.215	7.948	185
N	43.158	52.974	9.016	186
CA	43.04	52.411	10.363	186
C	41.658	52.794	10.957	186
N	40.773	51.816	11.153	187
CA	39.427	52.084	11.694	187
C	39.344	51.397	13.034	187
N	39.257	52.195	14.129	188
CA	39.263	51.685	15.512	188
C	40.446	50.758	15.741	188
N	41.604	51.144	15.194	189
CA	42.824	50.353	15.328	189
C	42.933	49.146	14.417	189
N	41.906	48.872	13.584	190
CA	41.883	47.706	12.662	190
C	42.376	48.124	11.271	190
N	43.32	47.372	10.728	191
CA	43.952	47.691	9.451	191
C	43.366	46.871	8.289	191
N	43.6	47.345	7.08	192
CA	43.166	46.701	5.827	192
C	44.17	45.574	5.534	192
N	43.734	44.36	5.114	193
CA	44.701	43.318	4.725	193
C	45.76	43.873	3.745	193
N	47.07	43.702	4.05	194
CA	48.121	44.3	3.201	194
C	48.062	43.97	1.706	194
N	47.606	42.759	1.334	195
CA	47.502	42.376	-0.091	195
C	46.68	43.41	-0.907	195
N	45.651	44.025	-0.285	196
CA	44.788	44.988	-0.983	196
C	45.463	46.298	-1.302	196
N	46.575	46.597	-0.611	197
CA	47.39	47.793	-0.828	197
C	48.645	47.452	-1.677	197
N	48.808	46.201	-2.092	198
CA	50.032	45.77	-2.78	198
C	50.194	46.208	-4.247	198
N	49.092	46.49	-4.929	199
CA	49.124	46.787	-6.356	199
C	49.365	45.533	-7.196	199
N	49.323	44.326	-6.566	200
CA	49.531	43.04	-7.281	200
C	48.17	42.488	-7.628	200
N	47.686	42.738	-8.861	201
CA	46.319	42.344	-9.228	201
C	45.974	40.871	-9.063	201
N	46.851	39.965	-9.539	202
CA	46.562	38.519	-9.416	202
C	46.546	38.061	-7.951	202
N	47.452	38.574	-7.125	203
CA	47.43	38.215	-5.694	203
C	46.119	38.672	-5.055	203
N	45.651	39.869	-5.419	204
CA	44.378	40.406	-4.89	204
C	43.223	39.542	-5.371	204
N	43.184	39.211	-6.679	205
CA	42.093	38.39	-7.22	205
C	42.068	37.037	-6.485	205
N	43.234	36.39	-6.322	206
CA	43.329	35.068	-5.648	206
C	42.97	35.128	-4.171	206
N	43.342	36.227	-3.473	207
CA	42.96	36.417	-2.06	207
C	41.427	36.577	-1.934	207
N	40.807	37.427	-2.777	208
CA	39.359	37.63	-2.764	208
C	38.623	36.33	-3.116	208
N	39.122	35.599	-4.111	209
CA	38.489	34.334	-4.514	209
C	38.528	33.297	-3.364	209
N	39.677	33.177	-2.687	210
CA	39.857	32.294	-1.544	210
C	38.899	32.683	-0.395	210
N	38.769	34.0	-0.11	211
CA	37.874	34.513	0.932	211
C	36.417	34.205	0.565	211
N	36.052	34.396	-0.714	212
CA	34.696	34.118	-1.205	212
C	34.353	32.619	-1.02	212
N	35.298	31.73	-1.372	213
CA	35.134	30.268	-1.23	213
C	34.979	29.877	0.258	213
N	35.869	30.386	1.131	214
CA	35.828	30.169	2.588	214
C	34.502	30.659	3.205	214
N	34.064	31.906	2.882	215
CA	32.8	32.457	3.406	215
C	31.585	31.627	2.934	215
N	31.584	31.17	1.655	216
CA	30.488	30.349	1.11	216
C	30.438	29.024	1.9	216
N	31.602	28.369	2.069	217
CA	31.75	27.112	2.799	217
C	31.278	27.186	4.258	217
N	31.68	28.229	5.003	218
CA	31.312	28.394	6.406	218
C	29.863	28.838	6.648	218
N	29.329	29.751	5.814	219
CA	27.997	30.333	6.02	219
C	26.876	29.66	5.258	219
N	27.135	29.299	3.986	220
CA	26.13	28.716	3.1	220
C	26.689	27.486	2.341	220
N	27.165	26.418	3.045	221
CA	27.738	25.251	2.33	221
C	26.877	24.577	1.261	221
N	25.526	24.679	1.349	222
CA	24.595	24.115	0.347	222
C	24.86	24.696	-1.042	222
N	25.251	25.994	-1.105	223
CA	25.572	26.694	-2.351	223
C	26.726	26.02	-3.116	223
N	27.594	25.255	-2.417	224
CA	28.718	24.524	-3.01	224
C	28.319	23.137	-3.553	224
N	27.23	22.535	-3.016	225
CA	26.761	21.196	-3.408	225
C	26.503	21.078	-4.912	225
N	25.691	21.99	-5.446	226
CA	25.365	22.048	-6.866	226
C	26.179	23.114	-7.564	226
N	27.526	22.978	-7.497	227
CA	28.478	23.924	-8.075	227
C	29.745	23.256	-8.622	227
N	29.993	23.435	-9.931	228
CA	31.202	22.945	-10.582	228
C	32.263	24.023	-10.367	228
N	33.405	23.645	-9.785	229
CA	34.489	24.578	-9.497	229
C	35.67	24.364	-10.422	229
N	36.415	25.443	-10.711	230
CA	37.634	25.369	-11.521	230
C	38.715	24.728	-10.638	230
N	39.822	24.288	-11.252	231
CA	40.978	23.706	-10.57	231
C	41.546	24.689	-9.541	231
N	41.623	25.988	-9.916	232
CA	42.084	27.058	-9.026	232
C	41.143	27.19	-7.827	232
N	39.807	27.217	-8.059	233
CA	38.783	27.329	-7.0	233
C	38.829	26.141	-6.073	233
N	38.987	24.916	-6.64	234
CA	39.127	23.681	-5.857	234
C	40.375	23.757	-4.983	234
N	41.504	24.191	-5.559	235
CA	42.779	24.347	-4.854	235
C	42.687	25.42	-3.748	235
N	42.09	26.598	-4.064	236
CA	41.936	27.675	-3.071	236
C	40.983	27.291	-1.927	236
N	39.871	26.576	-2.237	237
CA	38.901	26.105	-1.233	237
C	39.554	25.126	-0.247	237
N	40.36	24.166	-0.757	238
CA	41.075	23.185	0.076	238
C	42.038	23.889	1.031	238
N	42.72	24.942	0.541	239
CA	43.697	25.755	1.274	239
C	43.073	26.473	2.472	239
N	41.891	27.088	2.272	240
CA	41.142	27.808	3.303	240
C	40.63	26.838	4.377	240
N	40.197	25.629	3.951	241
CA	39.692	24.552	4.812	241
C	40.8	24.009	5.713	241
N	42.013	23.817	5.144	242
CA	43.208	23.334	5.839	242
C	43.676	24.349	6.89	242
N	43.621	25.655	6.556	243
CA	44.006	26.757	7.444	243
C	42.983	26.959	8.556	243
N	41.723	26.532	8.326	244
CA	40.637	26.638	9.303	244
C	40.82	25.668	10.49	244
N	41.772	24.714	10.369	245
CA	42.109	23.723	11.391	245
C	43.488	24.016	11.977	245
N	44.224	23.25	12.84	246
CA	44.443	23.201	14.315	246
C	45.678	22.57	14.935	246
