ATOM	X	Y	Z	RESIDUE
N	-0.867	26.739	13.278	1
CA	-1.109	26.162	11.888	1
C	-0.893	24.698	11.803	1
N	0.019	23.572	11.592	2
CA	0.825	22.878	10.593	2
C	0.868	22.381	9.273	2
N	1.233	21.099	9.46	3
CA	2.388	20.81	8.503	3
C	2.197	19.314	8.127	3
N	2.411	18.98	6.853	4
CA	2.402	17.541	6.539	4
C	3.52	17.215	5.539	4
N	3.935	15.955	5.563	5
CA	5.033	15.508	4.717	5
C	4.761	14.073	4.212	5
N	5.718	13.441	3.547	6
CA	5.638	12.057	3.182	6
C	6.567	11.144	3.956	6
N	7.25	11.717	4.989	7
CA	8.322	10.955	5.644	7
C	8.515	11.497	7.062	7
N	8.45	10.549	7.985	8
CA	8.656	10.906	9.422	8
C	7.382	11.234	10.191	8
N	7.451	11.929	11.335	9
CA	6.265	12.057	12.216	9
C	5.104	12.744	11.556	9
N	5.31	13.56	10.487	10
CA	4.184	14.235	9.884	10
C	3.753	13.5	8.547	10
N	4.257	12.268	8.415	11
CA	3.989	11.443	7.221	11
C	2.569	10.842	7.214	11
N	2.333	10.016	6.174	12
CA	0.91	9.795	5.861	12
C	0.111	8.992	6.903	12
N	0.775	8.166	7.746	13
CA	-0.026	7.476	8.788	13
C	-0.48	8.449	9.891	13
N	0.07	9.66	9.865	14
CA	-0.313	10.727	10.864	14
C	-1.124	11.8	10.256	14
N	-1.442	11.789	8.939	15
CA	-2.231	12.898	8.361	15
C	-3.58	13.0	9.048	15
N	-4.188	11.883	9.427	16
CA	-5.564	11.909	10.056	16
C	-5.555	12.734	11.329	16
N	-4.405	12.917	12.002	17
CA	-4.4	13.782	13.214	17
C	-4.699	15.238	12.863	17
N	-4.1	15.816	11.84	18
CA	-4.452	17.208	11.516	18
C	-5.559	17.318	10.538	18
N	-5.884	16.236	9.745	19
CA	-6.852	16.341	8.632	19
C	-7.796	15.172	8.734	19
N	-8.901	15.309	9.424	20
CA	-9.657	14.137	9.704	20
C	-10.16	13.342	8.49	20
N	-10.392	14.002	7.366	21
CA	-10.873	13.236	6.214	21
C	-9.799	12.192	5.768	21
N	-8.516	12.383	6.104	22
CA	-7.498	11.364	5.731	22
C	-7.703	10.039	6.363	22
N	-8.498	9.959	7.483	23
CA	-8.908	8.693	8.053	23
C	-10.352	8.327	7.724	23
N	-10.983	9.047	6.828	24
CA	-12.345	8.793	6.51	24
C	-12.562	7.834	5.337	24
N	-13.754	7.988	4.772	25
CA	-14.123	7.118	3.711	25
C	-13.589	7.58	2.346	25
N	-13.761	6.69	1.347	26
CA	-13.546	7.033	-0.134	26
C	-12.078	7.512	-0.447	26
N	-11.136	7.014	0.303	27
CA	-9.759	7.547	0.105	27
C	-9.066	6.925	-1.147	27
N	-8.256	7.813	-1.738	28
CA	-7.396	7.497	-2.883	28
C	-5.948	7.65	-2.452	28
N	-4.972	7.067	-3.226	29
CA	-5.149	6.277	-4.46	29
C	-5.408	4.801	-4.091	29
N	-5.627	4.015	-5.141	30
CA	-6.029	2.568	-4.985	30
C	-5.23	1.769	-6.012	30
N	-5.198	0.435	-5.742	31
CA	-4.669	-0.534	-6.769	31
C	-5.859	-0.956	-7.655	31
N	-5.588	-0.796	-8.959	32
CA	-6.609	-1.114	-9.964	32
C	-6.357	-2.532	-10.387	32
N	-7.225	-3.484	-9.99	33
CA	-6.954	-4.88	-10.223	33
C	-8.314	-5.548	-10.539	33
N	-8.198	-6.759	-11.158	34
CA	-9.37	-7.389	-11.783	34
C	-10.581	-7.54	-10.878	34
N	-10.373	-7.885	-9.593	35
CA	-11.455	-8.208	-8.668	35
C	-12.374	-7.052	-8.39	35
N	-11.856	-5.875	-8.733	36
CA	-12.511	-4.731	-8.342	36
C	-12.925	-3.853	-9.541	36
N	-12.702	-4.385	-10.746	37
CA	-13.012	-3.675	-12.047	37
C	-14.325	-4.088	-12.657	37
N	-15.046	-3.171	-13.271	38
CA	-16.166	-3.66	-14.11	38
C	-16.276	-2.697	-15.322	38
N	-16.399	-3.323	-16.518	39
CA	-16.682	-2.527	-17.719	39
C	-18.064	-1.844	-17.669	39
N	-18.073	-0.525	-17.942	40
CA	-19.281	0.263	-18.09	40
C	-19.281	0.93	-19.457	40
N	-20.118	0.353	-20.329	41
CA	-20.177	0.784	-21.706	41
C	-20.752	2.17	-21.861	41
N	-21.372	2.739	-20.821	42
CA	-21.904	4.144	-20.925	42
C	-20.798	5.205	-20.635	42
N	-19.576	4.757	-20.361	43
CA	-18.434	5.736	-20.182	43
C	-17.915	6.206	-21.555	43
N	-18.14	7.469	-21.866	44
CA	-17.823	8.014	-23.188	44
C	-16.516	8.842	-23.118	44
N	-15.933	9.178	-24.24	45
CA	-14.683	9.948	-24.24	45
C	-14.931	11.306	-23.611	45
N	-14.007	11.726	-22.76	46
CA	-14.017	13.125	-22.371	46
C	-13.571	14.015	-23.569	46
N	-14.049	15.263	-23.573	47
CA	-13.407	16.202	-24.536	47
C	-12.639	17.259	-23.759	47
N	-11.487	17.547	-24.268	48
CA	-10.503	18.408	-23.609	48
C	-10.501	19.699	-24.359	48
N	-11.12	20.724	-23.753	49
CA	-11.304	22.018	-24.387	49
C	-10.455	23.089	-23.805	49
N	-9.859	23.882	-24.731	50
CA	-8.93	24.926	-24.303	50
C	-7.601	24.433	-23.722	50
N	-7.308	23.164	-24.034	51
CA	-6.045	22.596	-23.48	51
C	-4.808	23.098	-24.311	51
N	-5.047	23.573	-25.553	52
CA	-3.94	24.114	-26.42	52
C	-3.679	25.553	-25.969	52
N	-2.916	25.669	-24.914	53
CA	-2.749	26.945	-24.164	53
C	-1.96	27.941	-25.118	53
N	-2.327	29.216	-25.036	54
CA	-1.639	30.183	-25.899	54
C	-0.149	30.201	-25.637	54
N	0.588	30.122	-26.736	55
CA	2.034	30.272	-26.654	55
C	2.482	31.706	-26.31	55
N	1.544	32.674	-26.506	56
CA	1.811	34.048	-26.15	56
C	1.451	34.395	-24.758	56
N	0.992	33.439	-23.967	57
CA	0.656	33.567	-22.561	57
C	1.686	32.781	-21.682	57
N	1.889	33.179	-20.44	58
CA	2.788	32.412	-19.552	58
C	1.983	31.902	-18.422	58
N	2.408	30.711	-17.923	59
CA	1.735	30.094	-16.77	59
C	2.665	29.848	-15.669	59
N	2.237	30.053	-14.418	60
CA	3.14	30.051	-13.294	60
C	3.483	28.592	-12.845	60
N	4.736	28.24	-12.76	61
CA	5.223	27.001	-12.195	61
C	5.756	27.229	-10.808	61
N	5.33	26.495	-9.779	62
CA	5.756	26.772	-8.43	62
C	6.183	25.496	-7.72	62
N	7.254	25.564	-6.933	63
CA	7.588	24.544	-5.975	63
C	6.877	24.887	-4.706	63
N	5.869	24.161	-4.293	64
CA	5.093	24.542	-3.155	64
C	5.477	23.787	-1.873	64
N	6.614	23.066	-1.936	65
CA	7.032	22.331	-0.738	65
C	6.588	20.854	-0.72	65
N	5.58	20.542	-1.575	66
CA	5.017	19.191	-1.645	66
C	5.099	18.585	-3.059	66
N	5.06	19.415	-4.095	67
CA	5.24	18.978	-5.468	67
C	5.71	20.195	-6.343	67
N	5.774	19.979	-7.671	68
CA	5.956	21.106	-8.615	68
C	4.555	21.251	-9.282	68
N	3.993	22.458	-9.275	69
CA	2.662	22.695	-9.791	69
C	2.632	23.753	-10.897	69
N	1.873	23.519	-11.942	70
CA	1.692	24.504	-13.056	70
C	0.256	25.015	-12.95	70
N	0.077	26.343	-12.766	71
CA	-1.284	26.879	-12.773	71
C	-1.881	26.849	-14.166	71
N	-3.205	26.565	-14.194	72
CA	-3.874	26.389	-15.506	72
C	-5.061	27.416	-15.475	72
N	-5.511	27.789	-16.7	73
CA	-6.564	28.846	-16.796	73
C	-7.961	28.284	-16.763	73
N	-8.903	29.223	-16.474	74
CA	-10.295	28.81	-16.275	74
C	-10.966	28.376	-17.559	74
N	-10.458	28.814	-18.698	75
CA	-11.076	28.452	-19.958	75
C	-10.734	27.042	-20.423	75
N	-9.807	26.337	-19.686	76
CA	-9.536	24.994	-19.997	76
C	-10.565	24.103	-19.268	76
N	-11.142	23.134	-19.909	77
CA	-12.084	22.331	-19.119	77
C	-12.209	21.007	-19.761	77
N	-12.948	20.119	-19.096	78
CA	-13.377	18.888	-19.729	78
C	-14.913	18.912	-19.84	78
N	-15.367	18.352	-20.957	79
CA	-16.736	18.202	-21.27	79
C	-17.006	16.691	-21.33	79
N	-18.206	16.363	-20.913	80
CA	-18.696	14.98	-20.902	80
C	-19.311	14.466	-19.648	80
N	-18.983	15.082	-18.496	81
CA	-19.566	14.731	-17.195	81
C	-20.931	15.48	-17.072	81
N	-21.697	15.222	-16.02	82
CA	-23.018	15.929	-15.782	82
C	-22.899	17.46	-15.801	82
N	-21.761	17.938	-15.23	83
CA	-21.382	19.337	-15.224	83
C	-20.095	19.518	-15.969	83
N	-19.843	20.724	-16.432	84
CA	-18.525	21.151	-16.971	84
C	-17.587	21.298	-15.769	84
N	-16.335	20.762	-15.911	85
CA	-15.309	20.949	-14.915	85
C	-14.132	21.819	-15.507	85
N	-13.703	22.834	-14.805	86
CA	-12.68	23.771	-15.334	86
C	-11.338	23.489	-14.609	86
N	-10.264	23.601	-15.39	87
CA	-8.922	23.251	-14.788	87
C	-8.492	24.321	-13.813	87
N	-7.655	23.914	-12.86	88
CA	-7.077	24.842	-11.924	88
C	-5.547	24.708	-11.824	88
N	-4.992	23.469	-12.002	89
CA	-3.528	23.301	-11.88	89
C	-3.238	21.846	-12.267	89
N	-1.952	21.616	-12.598	90
CA	-1.438	20.2	-12.707	90
C	-0.238	20.119	-11.816	90
N	0.121	18.878	-11.428	91
CA	1.345	18.649	-10.635	91
C	1.668	17.151	-10.731	91
N	2.789	16.743	-10.092	92
CA	3.286	15.336	-10.231	92
C	3.601	14.706	-8.875	92
N	3.706	13.379	-8.927	93
CA	4.153	12.552	-7.762	93
C	5.198	11.552	-8.287	93
N	6.232	11.296	-7.505	94
CA	7.343	10.429	-7.97	94
C	8.051	9.833	-6.773	94
N	9.01	8.938	-7.094	95
CA	9.772	8.207	-6.085	95
C	11.145	8.755	-5.775	95
N	12.12	7.884	-6.024	96
CA	13.505	8.326	-5.798	96
C	14.462	7.428	-6.616	96
N	15.73	7.902	-6.783	97
CA	16.585	7.163	-7.74	97
C	16.916	5.756	-7.37	97
N	16.881	5.459	-6.09	98
CA	17.181	4.035	-5.659	98
C	15.944	3.098	-5.778	98
N	14.767	3.689	-5.946	99
CA	13.573	2.869	-6.141	99
C	12.604	3.754	-6.881	99
N	12.76	3.797	-8.221	100
CA	12.067	4.834	-9.059	100
C	10.664	4.425	-9.5	100
N	9.846	4.214	-8.468	101
CA	8.443	3.691	-8.581	101
C	7.621	4.55	-7.613	101
N	7.133	5.654	-8.115	102
CA	6.404	6.537	-7.27	102
C	5.12	7.07	-7.86	102
N	4.488	6.279	-8.735	103
CA	3.05	6.674	-8.997	103
C	2.17	6.512	-7.743	103
N	0.964	7.043	-7.807	104
CA	0.026	6.88	-6.706	104
C	-0.866	5.718	-6.951	104
N	-1.554	5.731	-8.084	105
CA	-2.313	4.526	-8.456	105
C	-1.341	3.416	-8.918	105
N	-1.749	2.169	-8.643	106
CA	-1.001	1.041	-9.209	106
C	-2.015	0.214	-10.035	106
N	-1.439	-0.565	-10.935	107
CA	-2.264	-1.44	-11.799	107
C	-1.821	-2.889	-11.606	107
N	-2.703	-3.75	-11.09	108
CA	-2.316	-5.188	-10.757	108
C	-1.02	-5.259	-9.961	108
N	-0.994	-4.333	-8.945	109
CA	0.137	-4.277	-7.977	109
C	1.379	-3.522	-8.48	109
N	1.447	-3.031	-9.651	110
CA	2.726	-2.467	-9.999	110
C	2.609	-0.997	-9.951	110
N	3.523	-0.419	-9.204	111
CA	3.731	0.976	-9.441	111
C	4.305	1.258	-10.826	111
N	4.05	2.483	-11.227	112
CA	4.76	3.147	-12.361	112
C	5.79	4.139	-11.795	112
N	6.555	4.729	-12.686	113
CA	7.645	5.561	-12.184	113
C	7.118	6.851	-11.503	113
N	6.045	7.412	-12.075	114
CA	5.554	8.708	-11.568	114
C	4.088	8.862	-12.024	114
N	3.444	9.99	-11.645	115
CA	2.011	10.185	-12.026	115
C	1.806	11.695	-12.131	115
N	1.102	12.05	-13.163	116
CA	0.654	13.438	-13.405	116
C	-0.844	13.535	-13.017	116
N	-1.205	14.591	-12.318	117
CA	-2.612	14.942	-12.013	117
C	-3.02	16.318	-12.604	117
N	-4.139	16.371	-13.332	118
CA	-4.652	17.648	-13.907	118
C	-5.991	17.872	-13.188	118
N	-5.935	18.826	-12.255	119
CA	-7.046	19.062	-11.329	119
C	-8.085	20.0	-11.933	119
N	-9.363	19.63	-11.786	120
CA	-10.477	20.472	-12.266	120
C	-11.555	20.51	-11.187	120
N	-12.432	21.544	-11.29	121
CA	-13.58	21.657	-10.313	121
C	-14.848	21.922	-11.119	121
N	-15.954	21.587	-10.465	122
CA	-17.299	21.815	-11.078	122
C	-17.688	23.3	-11.062	122
N	-17.428	23.925	-12.206	123
CA	-17.593	25.36	-12.302	123
C	-19.045	25.707	-12.715	123
N	-19.843	24.726	-13.128	124
CA	-21.271	25.089	-13.311	124
C	-21.917	25.281	-11.937	124
N	-21.586	24.537	-10.913	125
CA	-22.333	24.542	-9.642	125
C	-21.623	25.343	-8.599	125
N	-20.348	25.608	-8.728	126
CA	-19.577	26.279	-7.663	126
C	-18.68	27.4	-8.19	126
N	-18.476	28.443	-7.344	127
CA	-17.773	29.641	-7.817	127
C	-16.243	29.471	-7.907	127
N	-15.687	28.519	-7.184	128
CA	-14.277	28.334	-7.233	128
C	-13.988	26.867	-6.679	128
N	-12.729	26.494	-6.79	129
CA	-12.264	25.135	-6.404	129
C	-12.312	24.861	-4.893	129
N	-12.095	25.924	-4.075	130
CA	-12.253	25.799	-2.608	130
C	-13.681	25.425	-2.226	130
N	-14.669	26.096	-2.812	131
CA	-16.035	25.728	-2.502	131
C	-16.383	24.329	-2.992	131
N	-15.879	23.978	-4.206	132
CA	-16.214	22.737	-4.816	132
C	-15.593	21.587	-4.035	132
N	-14.515	21.884	-3.344	133
CA	-13.705	20.826	-2.739	133
C	-14.425	20.159	-1.562	133
N	-15.52	20.757	-1.031	134
CA	-16.319	20.14	-0.011	134
C	-17.649	19.581	-0.456	134
N	-17.883	19.417	-1.758	135
CA	-19.132	18.921	-2.263	135
C	-18.869	17.639	-3.002	135
N	-19.792	16.675	-2.931	136
CA	-19.627	15.385	-3.583	136
C	-19.484	15.706	-5.077	136
N	-18.621	14.934	-5.751	137
CA	-18.251	15.2	-7.193	137
C	-17.837	16.669	-7.482	137
N	-17.494	17.514	-6.461	138
CA	-17.013	18.865	-6.657	138
C	-15.724	19.028	-7.516	138
N	-14.879	17.967	-7.484	139
CA	-13.568	17.986	-8.188	139
C	-13.546	16.83	-9.161	139
N	-12.771	16.974	-10.261	140
CA	-12.52	15.877	-11.209	140
C	-11.023	16.001	-11.496	140
N	-10.312	14.871	-11.233	141
CA	-8.863	14.862	-11.499	141
C	-8.573	13.826	-12.575	141
N	-7.759	14.23	-13.549	142
CA	-7.262	13.3	-14.575	142
C	-5.881	12.782	-14.145	142
N	-5.675	11.467	-14.194	143
CA	-4.32	10.903	-13.8	143
C	-3.68	10.285	-15.007	143
N	-2.419	10.592	-15.264	144
CA	-1.581	9.942	-16.295	144
C	-0.434	9.202	-15.615	144
N	-0.43	7.886	-15.813	145
CA	0.695	7.022	-15.284	145
C	1.934	7.257	-16.131	145
N	3.127	7.358	-15.537	146
CA	4.321	7.678	-16.253	146
C	5.346	6.558	-16.035	146
N	5.929	6.08	-17.164	147
CA	6.942	5.043	-17.088	147
C	8.248	5.628	-17.684	147
N	9.385	5.048	-17.217	148
CA	10.657	5.43	-17.819	148
C	10.837	4.773	-19.196	148
N	11.261	5.531	-20.185	149
CA	11.613	4.933	-21.516	149
C	12.097	6.076	-22.404	149
N	11.242	6.442	-23.377	150
CA	11.617	7.458	-24.366	150
C	11.478	8.878	-23.739	150
N	12.384	9.733	-24.167	151
CA	12.282	11.181	-23.921	151
C	10.93	11.652	-24.395	151
N	10.353	12.638	-23.655	152
CA	9.034	13.208	-24.005	152
C	9.146	14.716	-24.184	152
N	9.131	15.216	-25.437	153
CA	9.296	16.656	-25.607	153
C	8.229	17.477	-24.872	153
N	7.003	16.957	-24.773	154
CA	5.927	17.775	-24.202	154
C	6.106	17.858	-22.661	154
N	6.447	16.713	-22.0	155
CA	6.736	16.824	-20.569	155
C	7.981	17.738	-20.334	155
N	8.931	17.814	-21.297	156
CA	10.111	18.659	-21.119	156
C	9.745	20.163	-21.068	156
N	8.564	20.48	-21.607	157
CA	8.158	21.922	-21.525	157
C	8.007	22.29	-20.055	157
N	7.721	21.316	-19.166	158
CA	7.702	21.565	-17.689	158
C	9.088	21.259	-17.11	158
N	9.638	20.051	-17.41	159
CA	10.879	19.61	-16.719	159
C	12.133	20.486	-17.009	159
N	12.137	21.123	-18.171	160
CA	13.314	22.004	-18.47	160
C	13.437	23.122	-17.48	160
N	12.372	23.394	-16.686	161
CA	12.416	24.494	-15.66	161
C	12.78	24.075	-14.277	161
N	12.946	22.739	-14.051	162
CA	13.132	22.206	-12.688	162
C	14.324	22.773	-11.929	162
N	15.479	22.942	-12.601	163
CA	16.68	23.459	-11.905	163
C	16.511	24.933	-11.58	163
N	15.366	25.567	-11.95	164
CA	15.126	26.916	-11.585	164
C	13.964	27.123	-10.628	164
N	13.381	25.993	-10.135	165
CA	12.396	26.063	-9.029	165
C	12.789	25.035	-7.947	165
N	14.085	24.971	-7.666	166
CA	14.642	23.912	-6.798	166
C	14.082	23.936	-5.359	166
N	13.667	25.157	-4.92	167
CA	13.362	25.323	-3.456	167
C	11.937	25.854	-3.232	167
N	11.383	25.5	-2.079	168
CA	10.029	25.907	-1.764	168
C	9.775	27.411	-1.993	168
N	8.654	27.776	-2.637	169
CA	8.344	29.144	-2.845	169
C	8.899	29.708	-4.143	169
N	9.835	28.992	-4.789	170
CA	10.349	29.513	-6.073	170
C	9.363	29.34	-7.217	170
N	9.418	30.136	-8.255	171
CA	8.455	30.186	-9.347	171
C	9.159	30.382	-10.643	171
N	8.64	29.857	-11.736	172
CA	9.085	30.123	-13.076	172
C	7.872	30.388	-13.929	172
N	8.092	30.828	-15.16	173
CA	7.034	31.092	-16.059	173
C	7.229	30.213	-17.164	173
N	6.171	29.494	-17.562	174
CA	6.151	28.571	-18.67	174
C	5.245	29.05	-19.826	174
N	5.796	29.3	-21.049	175
CA	4.924	29.65	-22.165	175
C	3.865	28.595	-22.421	175
N	2.684	28.987	-22.854	176
CA	1.704	27.997	-22.999	176
C	2.094	26.959	-24.055	176
N	1.618	25.715	-23.883	177
CA	1.827	24.65	-24.845	177
C	0.634	23.745	-24.736	177
N	0.526	22.768	-25.618	178
CA	-0.68	21.94	-25.682	178
C	-0.674	20.847	-24.559	178
N	-1.451	21.081	-23.538	179
CA	-1.535	20.179	-22.365	179
C	-2.08	18.793	-22.855	179
N	-2.845	18.724	-23.982	180
CA	-3.26	17.423	-24.461	180
C	-2.083	16.519	-24.83	180
N	-0.935	17.138	-25.128	181
CA	0.238	16.273	-25.475	181
C	0.835	15.576	-24.254	181
N	0.37	15.924	-23.032	182
CA	0.778	15.173	-21.844	182
C	-0.039	13.903	-21.626	182
N	-1.132	13.79	-22.372	183
CA	-2.028	12.621	-22.238	183
C	-1.524	11.45	-23.061	183
N	-1.899	10.248	-22.657	184
CA	-1.365	9.038	-23.304	184
C	-2.186	8.667	-24.587	184
N	-1.755	7.591	-25.237	185
CA	-2.573	7.088	-26.336	185
C	-3.97	6.547	-25.853	185
N	-4.99	6.686	-26.731	186
CA	-6.3	6.123	-26.491	186
C	-6.891	6.667	-25.162	186
N	-7.049	7.983	-25.129	187
CA	-7.621	8.598	-23.926	187
C	-9.109	8.171	-23.688	187
N	-9.762	7.561	-24.709	188
CA	-11.091	7.064	-24.441	188
C	-11.131	5.882	-23.504	188
N	-9.977	5.292	-23.3	189
CA	-9.826	4.107	-22.401	189
C	-9.286	4.601	-21.039	189
N	-10.142	4.392	-20.005	190
CA	-9.775	4.868	-18.656	190
C	-10.516	4.109	-17.573	190
N	-10.04	4.279	-16.339	191
CA	-10.682	3.807	-15.114	191
C	-11.353	4.929	-14.477	191
N	-12.534	4.762	-13.911	192
CA	-13.338	5.843	-13.358	192
C	-13.836	5.406	-11.977	192
N	-13.614	6.213	-10.932	193
CA	-14.223	5.911	-9.622	193
C	-14.325	7.125	-8.747	193
N	-15.11	7.024	-7.696	194
CA	-15.298	8.119	-6.752	194
C	-14.299	7.935	-5.637	194
N	-13.461	8.975	-5.399	195
CA	-12.451	8.892	-4.346	195
C	-12.184	10.237	-3.754	195
N	-10.899	10.467	-3.414	196
CA	-10.549	11.603	-2.539	196
C	-9.324	12.283	-3.092	196
N	-9.023	13.468	-2.555	197
CA	-7.693	14.046	-2.732	197
C	-6.64	13.095	-2.084	197
N	-5.507	12.888	-2.757	198
CA	-4.508	11.977	-2.199	198
C	-3.489	12.627	-1.268	198
N	-3.689	13.962	-1.134	199
CA	-2.974	14.774	-0.134	199
C	-3.956	15.298	0.92	199
N	-3.421	15.72	2.069	200
CA	-4.301	16.551	2.965	200
C	-4.888	17.723	2.188	200
N	-6.155	18.088	2.443	201
CA	-7.057	17.538	3.462	201
C	-7.826	16.252	3.151	201
N	-7.458	15.571	2.019	202
CA	-8.01	14.207	1.691	202
C	-9.525	14.215	1.487	202
N	-10.065	15.338	1.033	203
CA	-11.525	15.456	0.917	203
C	-12.068	14.334	0.031	203
N	-13.175	13.68	0.428	204
CA	-13.715	12.585	-0.418	204
C	-14.64	13.065	-1.526	204
N	-14.111	13.964	-2.36	205
CA	-15.006	14.762	-3.268	205
C	-14.503	14.702	-4.72	205
N	-13.563	13.747	-5.018	206
CA	-12.955	13.675	-6.359	206
C	-13.582	12.599	-7.211	206
N	-14.011	12.951	-8.423	207
CA	-14.311	11.932	-9.461	207
C	-12.993	11.663	-10.21	207
N	-12.406	10.478	-10.046	208
CA	-11.118	10.175	-10.665	208
C	-11.299	9.615	-12.079	208
N	-10.411	9.993	-12.986	209
CA	-10.279	9.323	-14.304	209
C	-8.83	9.021	-14.434	209
N	-8.447	7.757	-14.429	210
CA	-7.028	7.379	-14.568	210
C	-6.894	6.76	-15.957	210
N	-6.158	7.359	-16.829	211
CA	-6.068	6.754	-18.189	211
C	-5.412	5.384	-18.146	211
N	-5.896	4.482	-19.043	212
CA	-5.398	3.096	-19.094	212
C	-3.909	3.039	-19.448	212
N	-3.515	3.808	-20.431	213
CA	-2.119	3.664	-20.945	213
C	-1.158	4.664	-20.336	213
N	0.076	4.237	-20.048	214
CA	1.03	5.186	-19.478	214
C	1.668	5.987	-20.598	214
N	2.322	7.124	-20.235	215
CA	3.242	7.758	-21.169	215
C	4.686	7.426	-20.721	215
N	5.643	7.734	-21.586	216
CA	7.04	7.557	-21.263	216
C	7.77	8.914	-21.201	216
N	8.675	8.978	-20.219	217
CA	9.719	10.044	-20.161	217
C	11.077	9.42	-20.069	217
N	12.181	10.127	-20.45	218
CA	13.467	9.447	-20.446	218
C	14.026	9.199	-19.044	218
N	15.118	8.427	-19.026	219
CA	15.874	8.149	-17.809	219
C	16.298	9.467	-17.236	219
N	16.827	10.325	-18.102	220
CA	17.392	11.619	-17.639	220
C	16.273	12.546	-17.118	220
N	15.117	12.533	-17.788	221
CA	14.01	13.39	-17.306	221
C	13.535	12.907	-15.967	221
N	13.355	11.557	-15.779	222
CA	12.898	11.012	-14.452	222
C	13.928	11.348	-13.421	222
N	15.213	11.219	-13.715	223
CA	16.225	11.517	-12.647	223
C	16.213	13.028	-12.341	223
N	16.006	13.916	-13.341	224
CA	15.866	15.364	-12.989	224
C	14.684	15.566	-12.049	224
N	13.551	14.93	-12.326	225
CA	12.356	15.14	-11.521	225
C	12.65	14.65	-10.073	225
N	13.416	13.544	-9.915	226
CA	13.642	12.947	-8.587	226
C	14.779	13.641	-7.865	226
N	15.612	14.427	-8.561	227
CA	16.83	14.964	-7.821	227
C	16.897	16.481	-7.796	227
N	16.05	17.199	-8.543	228
CA	16.299	18.668	-8.667	228
C	15.683	19.358	-7.519	228
N	14.625	18.811	-6.884	229
CA	13.768	19.624	-6.025	229
C	13.927	19.304	-4.537	229
N	13.682	20.368	-3.752	230
CA	13.619	20.253	-2.259	230
C	12.263	20.779	-1.687	230
N	11.9	20.152	-0.572	231
CA	10.678	20.613	0.146	231
C	10.904	21.887	0.952	231
N	12.173	22.187	1.204	232
CA	12.574	23.331	2.071	232
C	12.965	24.533	1.256	232
N	12.899	25.709	1.962	233
CA	13.382	26.987	1.363	233
C	14.91	27.031	1.1	233
N	15.289	27.856	0.118	234
CA	16.704	28.005	-0.257	234
C	17.452	28.369	1.03	234
N	18.593	27.791	1.304	235
CA	19.291	28.363	2.482	235
C	18.715	28.006	3.845	235
N	17.594	27.272	3.874	236
CA	17.335	26.383	5.004	236
C	18.589	25.516	5.212	236
N	19.186	25.56	6.441	237
CA	20.479	24.87	6.609	237
C	20.422	23.32	6.603	237
N	19.21	22.764	6.667	238
CA	19.016	21.31	6.668	238
C	18.005	20.946	5.597	238
N	18.47	20.89	4.352	239
CA	17.503	20.629	3.293	239
C	16.748	19.27	3.471	239
N	15.519	19.228	2.939	240
CA	14.786	17.937	2.765	240
C	14.557	17.772	1.229	240
N	15.095	16.691	0.668	241
CA	14.858	16.368	-0.752	241
C	13.344	16.07	-0.984	241
N	12.827	16.604	-2.071	242
CA	11.448	16.249	-2.528	242
C	11.461	14.96	-3.351	242
N	11.335	13.876	-2.576	243
CA	11.296	12.525	-3.067	243
C	10.121	11.734	-2.44	243
N	9.731	10.669	-3.137	244
CA	8.704	9.748	-2.551	244
C	7.461	10.539	-2.142	244
N	7.042	11.471	-2.989	245
CA	5.843	12.34	-2.584	245
C	4.599	11.724	-3.216	245
N	4.357	10.472	-2.846	246
CA	3.158	9.719	-3.299	246
C	2.579	9.057	-2.058	246
N	1.276	8.84	-2.064	247
CA	0.62	8.183	-0.919	247
C	0.536	6.629	-1.231	247
N	0.681	5.8	-0.188	248
CA	0.391	4.342	-0.346	248
C	-1.06	4.15	-0.828	248
N	-1.258	3.051	-1.557	249
CA	-2.612	2.68	-1.916	249
C	-3.508	2.381	-0.676	249
N	-4.781	2.685	-0.799	250
CA	-5.765	2.54	0.251	250
C	-6.593	1.259	0.107	250
N	-7.166	0.809	1.235	251
CA	-8.211	-0.247	1.12	251
C	-9.263	0.2	0.142	251
N	-9.866	-0.787	-0.559	252
CA	-10.979	-0.462	-1.466	252
C	-11.822	-1.744	-1.506	252
N	-12.836	-1.749	-0.645	253
CA	-13.747	-2.932	-0.415	253
C	-15.182	-2.62	-0.551	253
N	-15.985	-3.605	-0.999	254
CA	-17.461	-3.443	-1.248	254
C	-17.768	-2.516	-2.413	254
N	-16.775	-2.261	-3.255	255
CA	-16.89	-1.21	-4.3	255
C	-16.236	-1.565	-5.589	255
N	-16.554	-0.746	-6.631	256
CA	-16.07	-0.975	-7.938	256
C	-15.486	0.323	-8.636	256
N	-14.464	-0.037	-9.349	257
CA	-13.895	0.875	-10.341	257
C	-14.496	0.548	-11.69	257
N	-14.963	1.563	-12.412	258
CA	-15.642	1.318	-13.761	258
C	-14.608	1.538	-14.819	258
N	-14.562	0.72	-15.838	259
CA	-13.615	0.875	-16.936	259
C	-14.354	1.209	-18.259	259
N	-13.781	1.991	-19.19	260
CA	-14.449	2.393	-20.439	260
C	-13.917	1.448	-21.513	260
N	-13.039	0.536	-21.157	261
CA	-12.464	-0.467	-21.998	261
C	-12.851	-1.847	-21.476	261
N	-12.791	-2.865	-22.345	262
CA	-13.292	-4.175	-21.832	262
C	-12.004	-5.023	-21.744	262
N	-12.07	-6.108	-20.968	263
CA	-10.874	-6.928	-20.72	263
C	-11.224	-8.428	-20.939	263
N	-18.676	0.693	23.973	1
CA	-17.394	0.064	23.482	1
C	-15.943	0.799	23.505	1
N	-15.268	0.735	22.354	2
CA	-14.175	1.671	22.016	2
C	-13.056	1.721	20.843	2
N	-12.719	0.964	19.691	3
CA	-11.458	0.167	19.686	3
C	-11.072	0.057	18.205	3
N	-9.77	-0.209	17.983	4
CA	-9.212	-0.165	16.629	4
C	-9.793	-1.295	15.771	4
N	-9.882	-0.998	14.46	5
CA	-10.427	-1.908	13.478	5
C	-9.63	-1.828	12.208	5
N	-9.997	-2.584	11.174	6
CA	-9.463	-2.392	9.765	6
C	-10.399	-1.714	8.769	6
N	-11.495	-1.148	9.292	7
CA	-12.467	-0.562	8.393	7
C	-13.181	0.52	9.124	7
N	-13.323	1.669	8.462	8
CA	-14.214	2.713	8.989	8
C	-13.405	3.695	9.858	8
N	-14.085	4.487	10.717	9
CA	-13.453	5.588	11.451	9
C	-12.198	5.222	12.222	9
N	-12.153	3.994	12.697	10
CA	-11.117	3.559	13.626	10
C	-10.118	2.633	12.907	10
N	-10.176	2.688	11.584	11
CA	-9.296	1.873	10.708	11
C	-7.857	2.401	10.623	11
N	-7.068	1.764	9.784	12
CA	-5.611	1.867	9.922	12
C	-5.041	3.264	9.739	12
N	-5.66	4.179	8.994	13
CA	-5.073	5.539	8.876	13
C	-5.265	6.306	10.224	13
N	-6.159	5.823	11.105	14
CA	-6.369	6.512	12.409	14
C	-5.66	5.839	13.555	14
N	-5.023	4.678	13.362	15
CA	-4.356	3.963	14.482	15
C	-3.295	4.874	15.158	15
N	-2.64	5.785	14.435	16
CA	-1.516	6.615	15.054	16
C	-2.13	7.547	16.09	16
N	-3.425	7.753	16.101	17
CA	-3.97	8.783	17.129	17
C	-3.74	8.173	18.516	17
N	-4.189	6.953	18.733	18
CA	-4.088	6.307	20.068	18
C	-2.845	5.511	20.234	18
N	-2.179	5.127	19.139	19
CA	-1.014	4.25	19.158	19
C	0.089	4.887	18.363	19
N	0.816	5.821	18.923	20
CA	1.779	6.653	18.161	20
C	2.782	5.858	17.348	20
N	3.16	4.632	17.774	21
CA	4.159	3.852	17.037	21
C	3.612	3.459	15.667	21
N	2.286	3.42	15.505	22
CA	1.747	3.127	14.178	22
C	2.112	4.22	13.189	22
N	2.427	5.471	13.562	23
CA	3.019	6.383	12.638	23
C	4.541	6.592	12.845	23
N	5.216	5.648	13.471	24
CA	6.621	5.807	13.74	24
C	7.502	5.049	12.82	24
N	8.673	4.71	13.241	25
CA	9.695	4.031	12.448	25
C	9.467	2.582	12.319	25
N	10.131	1.998	11.3	26
CA	10.261	0.543	11.099	26
C	8.926	-0.196	10.925	26
N	7.95	0.447	10.292	27
CA	6.579	-0.161	10.215	27
C	6.562	-1.307	9.21	27
N	5.731	-2.286	9.565	28
CA	5.501	-3.425	8.646	28
C	3.963	-3.476	8.426	28
N	3.511	-4.222	7.419	29
CA	4.265	-5.017	6.465	29
C	4.743	-4.19	5.263	29
N	5.509	-4.834	4.37	30
CA	6.123	-4.081	3.221	30
C	5.988	-4.956	1.986	30
N	6.212	-4.267	0.832	31
CA	6.338	-4.989	-0.454	31
C	7.752	-5.4	-0.666	31
N	7.918	-6.707	-0.893	32
CA	9.249	-7.287	-1.081	32
C	9.461	-7.261	-2.609	32
N	10.435	-6.395	-3.086	33
CA	10.633	-6.223	-4.498	33
C	12.149	-5.89	-4.696	33
N	12.587	-6.062	-5.958	34
CA	14.031	-6.24	-6.257	34
C	14.863	-5.03	-5.801	34
N	14.294	-3.79	-5.915	35
CA	15.089	-2.604	-5.646	35
C	15.588	-2.521	-4.207	35
N	14.874	-3.209	-3.269	36
CA	15.205	-3.11	-1.801	36
C	15.803	-4.437	-1.242	36
N	16.021	-5.391	-2.139	37
CA	16.545	-6.734	-1.702	37
C	18.079	-6.721	-1.784	37
N	18.727	-7.392	-0.84	38
CA	20.215	-7.622	-0.954	38
C	20.484	-9.044	-0.413	38
N	21.08	-9.897	-1.188	39
CA	21.558	-11.216	-0.719	39
C	22.599	-11.039	0.411	39
N	22.377	-11.817	1.496	40
CA	23.318	-11.881	2.623	40
C	23.707	-13.306	2.831	40
N	24.962	-13.644	2.406	41
CA	25.44	-15.024	2.448	41
C	25.655	-15.57	3.875	41
N	25.652	-14.669	4.879	42
CA	25.839	-15.136	6.281	42
C	24.489	-15.583	6.886	42
N	23.368	-15.379	6.197	43
CA	22.058	-15.83	6.783	43
C	21.961	-17.398	6.805	43
N	21.661	-18.031	7.93	44
CA	21.617	-19.541	7.895	44
C	20.189	-20.109	8.081	44
N	19.979	-21.36	7.769	45
CA	18.639	-21.81	7.971	45
C	18.22	-21.773	9.422	45
N	17.001	-21.299	9.674	46
CA	16.424	-21.601	11.002	46
C	16.14	-23.132	11.197	46
N	16.219	-23.491	12.495	47
CA	15.862	-24.795	12.989	47
C	14.697	-24.634	13.982	47
N	13.718	-25.517	13.779	48
CA	12.409	-25.45	14.499	48
C	12.386	-26.556	15.558	48
N	12.452	-26.117	16.833	49
CA	12.611	-27.121	17.974	49
C	11.283	-27.145	18.791	49
N	10.815	-28.333	19.061	50
CA	9.611	-28.404	19.884	50
C	8.338	-28.139	19.077	50
N	8.394	-28.005	17.76	51
CA	7.173	-27.719	16.934	51
C	6.201	-28.83	16.927	51
N	6.701	-30.068	17.149	52
CA	5.81	-31.269	17.062	52
C	5.081	-31.446	18.376	52
N	3.991	-30.675	18.597	53
CA	3.266	-30.717	19.892	53
C	2.55	-32.037	20.108	53
N	2.632	-32.515	21.367	54
CA	2.02	-33.817	21.668	54
C	0.528	-33.805	21.404	54
N	0.037	-34.868	20.765	55
CA	-1.442	-34.988	20.546	55
C	-2.181	-35.207	21.83	55
N	-1.491	-35.622	22.933	56
CA	-2.243	-35.75	24.218	56
C	-2.303	-34.439	24.959	56
N	-1.584	-33.376	24.516	57
CA	-1.799	-32.032	25.124	57
C	-2.753	-31.234	24.21	57
N	-3.208	-30.113	24.769	58
CA	-4.179	-29.25	24.052	58
C	-3.703	-27.832	24.194	58
N	-4.19	-26.997	23.212	59
CA	-3.689	-25.63	23.027	59
C	-4.895	-24.708	22.756	59
N	-4.85	-23.566	23.419	60
CA	-6.018	-22.63	23.412	60
C	-6.22	-21.867	22.09	60
N	-7.379	-22.009	21.446	61
CA	-7.701	-21.235	20.254	61
C	-8.673	-20.117	20.662	61
N	-8.39	-18.864	20.341	62
CA	-9.221	-17.747	20.821	62
C	-9.508	-16.784	19.648	62
N	-10.727	-16.339	19.516	63
CA	-11.076	-15.172	18.666	63
C	-10.833	-13.921	19.502	63
N	-9.813	-13.106	19.139	64
CA	-9.471	-11.979	19.963	64
C	-10.135	-10.644	19.447	64
N	-11.073	-10.816	18.512	65
CA	-11.717	-9.642	17.92	65
C	-10.997	-9.117	16.676	65
N	-9.781	-9.586	16.387	66
CA	-8.969	-9.064	15.245	66
C	-8.438	-10.16	14.366	66
N	-8.295	-11.375	14.925	67
CA	-7.846	-12.561	14.176	67
C	-8.28	-13.787	15.026	67
N	-7.977	-14.951	14.528	68
CA	-8.075	-16.113	15.386	68
C	-6.609	-16.521	15.761	68
N	-6.324	-16.718	17.075	69
CA	-4.981	-17.098	17.517	69
C	-4.972	-18.444	18.196	69
N	-3.898	-19.192	18.04	70
CA	-3.663	-20.408	18.779	70
C	-2.447	-20.163	19.695	70
N	-2.628	-20.361	21.0	71
CA	-1.511	-20.228	21.929	71
C	-0.546	-21.388	21.807	71
N	0.742	-21.012	21.952	72
CA	1.811	-22.034	21.72	72
C	2.684	-22.058	22.969	72
N	3.294	-23.253	23.231	73
CA	4.036	-23.367	24.514	73
C	5.468	-22.845	24.363	73
N	5.971	-22.29	25.487	74
CA	7.342	-21.681	25.418	74
C	8.43	-22.711	25.27	74
N	8.156	-24.015	25.335	75
CA	9.245	-24.949	25.054	75
C	9.491	-25.039	23.485	75
N	8.576	-24.5	22.626	76
CA	8.783	-24.479	21.199	76
C	9.694	-23.257	20.922	76
N	10.783	-23.49	20.168	77
CA	11.631	-22.355	19.871	77
C	12.352	-22.427	18.54	77
N	12.946	-21.246	18.203	78
CA	13.711	-21.079	16.954	78
C	15.221	-21.031	17.31	78
N	16.011	-21.83	16.548	79
CA	17.456	-21.656	16.604	79
C	17.92	-21.077	15.241	79
N	19.003	-20.313	15.275	80
CA	19.523	-19.683	14.078	80
C	19.497	-18.17	14.134	80
N	18.918	-17.613	15.179	81
CA	19.006	-16.187	15.43	81
C	20.063	-15.995	16.546	81
N	20.388	-14.757	16.805	82
CA	21.511	-14.603	17.743	82
C	21.081	-14.901	19.179	82
N	19.806	-14.561	19.536	83
CA	19.212	-15.017	20.847	83
C	18.291	-16.179	20.563	83
N	17.959	-16.918	21.625	84
CA	16.886	-17.888	21.566	84
C	15.543	-17.201	21.573	84
N	14.702	-17.59	20.563	85
CA	13.279	-17.036	20.64	85
C	12.317	-18.182	20.865	85
N	11.345	-18.04	21.782	86
CA	10.394	-19.126	22.101	86
C	8.984	-18.703	21.613	86
N	8.233	-19.727	21.241	87
CA	6.825	-19.491	20.721	87
C	5.94	-18.834	21.779	87
N	4.977	-17.986	21.314	88
CA	3.873	-17.536	22.138	88
C	2.506	-17.818	21.492	88
N	2.319	-17.592	20.196	89
CA	1.029	-17.813	19.512	89
C	1.228	-17.736	17.992	89
N	0.261	-18.317	17.288	90
CA	0.13	-18.107	15.847	90
C	-1.23	-17.574	15.542	90
N	-1.328	-16.845	14.411	91
CA	-2.663	-16.327	13.952	91
C	-2.539	-16.046	12.478	91
N	-3.651	-15.633	11.863	92
CA	-3.692	-15.4	10.399	92
C	-4.301	-14.05	10.047	92
N	-4.044	-13.691	8.777	93
CA	-4.634	-12.539	8.198	93
C	-5.195	-12.903	6.826	93
N	-6.329	-12.317	6.435	94
CA	-6.984	-12.697	5.14	94
C	-7.797	-11.545	4.599	94
N	-8.381	-11.768	3.372	95
CA	-9.153	-10.725	2.665	95
C	-10.653	-11.026	2.743	95
N	-11.278	-11.224	1.574	96
CA	-12.746	-11.396	1.645	96
C	-13.176	-12.127	0.364	96
N	-14.415	-12.721	0.365	97
CA	-14.723	-13.566	-0.77	97
C	-14.717	-12.88	-2.103	97
N	-15.047	-11.603	-2.139	98
CA	-15.031	-10.925	-3.493	98
C	-13.602	-10.474	-3.939	98
N	-12.614	-10.468	-3.0	99
CA	-11.249	-10.094	-3.337	99
C	-10.351	-10.863	-2.411	99
N	-10.15	-12.149	-2.716	100
CA	-9.501	-13.086	-1.756	100
C	-7.992	-13.004	-1.826	100
N	-7.484	-11.826	-1.472	101
CA	-6.065	-11.49	-1.563	101
C	-5.616	-10.625	-0.39	101
N	-5.561	-11.264	0.759	102
CA	-5.382	-10.562	2.058	102
C	-4.089	-10.904	2.876	102
N	-2.996	-11.267	2.166	103
CA	-1.738	-11.349	2.846	103
C	-1.361	-9.935	3.331	103
N	-0.43	-9.909	4.279	104
CA	0.109	-8.603	4.735	104
C	1.285	-8.179	3.87	104
N	2.317	-9.031	3.831	105
CA	3.45	-8.799	2.899	105
C	3.006	-9.105	1.462	105
N	3.58	-8.3	0.535	106
CA	3.369	-8.607	-0.914	106
C	4.748	-8.863	-1.505	106
N	4.727	-9.532	-2.674	107
CA	6.01	-9.858	-3.359	107
C	5.869	-9.322	-4.79	107
N	6.766	-8.381	-5.139	108
CA	6.714	-7.68	-6.475	108
C	5.3	-7.186	-6.713	108
N	4.71	-6.562	-5.686	109
CA	3.397	-5.93	-5.754	109
C	2.196	-6.846	-5.628	109
N	2.41	-8.159	-5.559	110
CA	1.313	-9.108	-5.53	110
C	0.983	-9.528	-4.082	110
N	-0.34	-9.493	-3.759	111
CA	-0.852	-10.094	-2.519	111
C	-0.946	-11.562	-2.745	111
N	-0.767	-12.272	-1.687	112
CA	-1.17	-13.668	-1.592	112
C	-2.582	-13.763	-0.954	112
N	-3.179	-14.984	-1.027	113
CA	-4.542	-15.121	-0.463	113
C	-4.63	-14.752	1.044	113
N	-3.642	-15.225	1.829	114
CA	-3.632	-14.993	3.275	114
C	-2.203	-15.124	3.755	114
N	-2.062	-14.946	5.08	115
CA	-0.702	-15.062	5.659	115
C	-0.84	-15.569	7.083	115
N	0.078	-16.521	7.444	116
CA	0.215	-17.047	8.809	116
C	1.39	-16.378	9.487	116
N	1.204	-16.006	10.731	117
CA	2.262	-15.449	11.61	117
C	2.501	-16.35	12.828	117
N	3.729	-16.859	12.972	118
CA	4.129	-17.6	14.167	118
C	5.0	-16.719	15.066	118
N	4.44	-16.239	16.175	119
CA	5.001	-15.224	16.958	119
C	5.912	-15.882	18.019	119
N	7.065	-15.236	18.263	120
CA	8.065	-15.677	19.268	120
C	8.578	-14.533	20.023	120
N	9.116	-14.806	21.251	121
CA	9.732	-13.654	21.986	121
C	11.158	-14.038	22.425	121
N	11.889	-12.988	22.748	122
CA	13.349	-13.197	23.154	122
C	13.356	-13.735	24.661	122
N	13.531	-15.055	24.734	123
CA	13.388	-15.731	26.065	123
C	14.755	-15.597	26.801	123
N	15.863	-15.282	26.092	124
CA	17.113	-14.96	26.804	124
C	17.081	-13.641	27.531	124
N	16.384	-12.589	27.024	125
CA	16.417	-11.258	27.602	125
C	15.192	-11.005	28.5	125
N	14.079	-11.711	28.151	126
CA	12.749	-11.363	28.748	126
C	11.957	-12.582	29.263	126
N	11.135	-12.315	30.329	127
CA	10.432	-13.412	30.964	127
C	9.241	-14.003	30.164	127
N	8.609	-13.142	29.346	128
CA	7.398	-13.537	28.63	128
C	7.192	-12.606	27.46	128
N	6.14	-13.006	26.695	129
CA	5.946	-12.252	25.472	129
C	5.397	-10.843	25.698	129
N	4.513	-10.669	26.685	130
CA	4.009	-9.355	26.898	130
C	5.152	-8.353	27.346	130
N	6.09	-8.852	28.188	131
CA	7.184	-7.98	28.656	131
C	8.156	-7.685	27.52	131
N	8.336	-8.677	26.717	132
CA	9.281	-8.586	25.456	132
C	8.755	-7.567	24.396	132
N	7.406	-7.504	24.31	133
CA	6.79	-6.837	23.152	133
C	7.207	-5.373	22.935	133
N	7.489	-4.575	23.95	134
CA	7.883	-3.195	23.729	134
C	9.338	-2.965	24.103	134
N	10.149	-4.058	23.988	135
CA	11.572	-3.871	24.338	135
C	12.446	-4.188	23.136	135
N	13.675	-3.715	23.254	136
CA	14.665	-3.893	22.169	136
C	14.87	-5.402	21.975	136
N	14.897	-5.845	20.744	137
CA	15.115	-7.167	20.417	137
C	14.061	-8.125	20.962	137
N	12.86	-7.551	21.178	138
CA	11.865	-8.4	21.873	138
C	11.218	-9.563	21.159	138
N	10.927	-9.382	19.812	139
CA	10.108	-10.33	19.158	139
C	10.683	-10.856	17.829	139
N	10.304	-12.053	17.394	140
CA	10.655	-12.616	16.107	140
C	9.404	-13.263	15.585	140
N	8.982	-12.88	14.354	141
CA	7.792	-13.509	13.766	141
C	8.139	-14.213	12.497	141
N	7.62	-15.403	12.279	142
CA	7.782	-16.123	11.061	142
C	6.499	-15.919	10.214	142
N	6.647	-15.519	8.941	143
CA	5.442	-15.335	8.047	143
C	5.443	-16.369	6.935	143
N	4.307	-17.023	6.766	144
CA	4.106	-17.933	5.671	144
C	3.022	-17.35	4.797	144
N	3.343	-17.184	3.479	145
CA	2.419	-16.733	2.457	145
C	1.532	-17.919	2.042	145
N	0.214	-17.671	1.889	146
CA	-0.743	-18.718	1.604	146
C	-1.46	-18.39	0.28	146
N	-1.446	-19.352	-0.643	147
CA	-2.225	-19.185	-1.893	147
C	-3.254	-20.337	-2.039	147
N	-4.227	-20.082	-2.913	148
CA	-5.303	-21.09	-3.148	148
C	-4.701	-22.191	-4.028	148
N	-4.904	-23.458	-3.602	149
CA	-4.47	-24.607	-4.376	149
C	-5.023	-25.895	-3.775	149
N	-4.122	-26.816	-3.497	150
CA	-4.588	-28.096	-2.99	150
C	-4.991	-27.979	-1.502	150
N	-5.899	-28.878	-1.111	151
CA	-6.335	-29.046	0.237	151
C	-5.181	-29.298	1.195	151
N	-5.159	-28.66	2.349	152
CA	-4.02	-28.781	3.231	152
C	-4.506	-29.352	4.583	152
N	-4.263	-30.64	4.812	153
CA	-4.734	-31.257	6.058	153
C	-4.201	-30.608	7.336	153
N	-2.979	-30.048	7.276	154
CA	-2.369	-29.534	8.459	154
C	-3.058	-28.219	8.836	154
N	-3.296	-27.314	7.846	155
CA	-4.085	-26.068	8.2	155
C	-5.497	-26.379	8.606	155
N	-6.051	-27.485	8.098	156
CA	-7.361	-27.933	8.645	156
C	-7.372	-28.315	10.131	156
N	-6.237	-28.674	10.734	157
CA	-6.217	-28.876	12.149	157
C	-6.568	-27.638	12.947	157
N	-6.409	-26.462	12.259	158
CA	-6.89	-25.209	12.903	158
C	-8.271	-24.971	12.362	158
N	-8.455	-25.0	11.042	159
CA	-9.748	-24.447	10.528	159
C	-10.943	-25.278	10.926	159
N	-10.736	-26.565	11.206	160
CA	-11.955	-27.375	11.47	160
C	-12.534	-26.971	12.863	160
N	-11.917	-26.085	13.66	161
CA	-12.45	-25.634	14.933	161
C	-13.052	-24.241	14.865	161
N	-13.099	-23.615	13.675	162
CA	-13.466	-22.189	13.586	162
C	-14.855	-21.918	14.084	162
N	-15.792	-22.896	13.853	163
CA	-17.201	-22.606	14.224	163
C	-17.39	-22.557	15.728	163
N	-16.387	-22.909	16.547	164
CA	-16.494	-22.786	17.978	164
C	-15.889	-21.507	18.541	164
N	-15.272	-20.667	17.668	165
CA	-14.705	-19.367	18.142	165
C	-15.272	-18.259	17.219	165
N	-16.552	-18.326	16.859	166
CA	-17.072	-17.369	15.869	166
C	-17.074	-15.952	16.344	166
N	-17.274	-15.713	17.647	167
CA	-17.383	-14.366	18.182	167
C	-16.232	-13.991	19.135	167
N	-16.013	-12.679	19.294	168
CA	-14.902	-12.168	20.158	168
C	-14.983	-12.741	21.554	168
N	-13.843	-13.213	22.044	169
CA	-13.785	-13.74	23.383	169
C	-14.048	-15.225	23.486	169
N	-14.604	-15.861	22.41	170
CA	-14.861	-17.285	22.487	170
C	-13.576	-18.144	22.338	170
N	-13.509	-19.304	22.959	171
CA	-12.246	-20.137	23.044	171
C	-12.599	-21.552	22.8	171
N	-11.657	-22.332	22.283	172
CA	-11.854	-23.782	22.129	172
C	-10.436	-24.375	22.301	172
N	-10.297	-25.615	22.682	173
CA	-8.988	-26.235	22.721	173
C	-8.762	-27.04	21.465	173
N	-7.504	-27.08	21.013	174
CA	-7.04	-27.824	19.831	174
C	-5.942	-28.84	20.332	174
N	-6.119	-30.141	20.014	175
CA	-5.052	-31.134	20.382	175
C	-3.763	-30.765	19.654	175
N	-2.676	-31.065	20.315	176
CA	-1.32	-30.814	19.721	176
C	-1.27	-31.491	18.355	176
N	-0.588	-30.767	17.421	177
CA	-0.181	-31.349	16.149	177
C	1.239	-30.73	15.785	177
N	1.724	-31.178	14.617	178
CA	3.102	-30.711	14.236	178
C	3.018	-29.313	13.502	178
N	3.457	-28.285	14.234	179
CA	3.317	-26.891	13.74	179
C	4.191	-26.786	12.469	179
N	5.308	-27.564	12.432	180
CA	6.215	-27.409	11.291	180
C	5.511	-27.829	9.988	180
N	4.408	-28.585	10.024	181
CA	3.623	-28.856	8.812	181
C	2.931	-27.631	8.161	181
N	2.859	-26.554	8.968	182
CA	2.263	-25.316	8.428	182
C	3.285	-24.513	7.591	182
N	4.568	-24.925	7.637	183
CA	5.63	-24.137	6.966	183
C	5.819	-24.712	5.562	183
N	6.33	-23.894	4.613	184
CA	6.498	-24.335	3.213	184
C	7.744	-25.161	3.07	184
N	7.916	-25.453	1.762	185
CA	9.194	-26.008	1.313	185
C	10.422	-25.022	1.345	185
N	11.595	-25.648	1.461	186
CA	12.821	-24.909	1.369	186
C	12.683	-23.731	2.326	186
N	12.329	-24.04	3.613	187
CA	12.37	-22.893	4.574	187
C	13.707	-22.105	4.588	187
N	14.795	-22.751	4.056	188
CA	16.083	-22.068	4.023	188
C	16.097	-20.757	3.254	188
N	15.146	-20.617	2.344	189
CA	15.092	-19.373	1.513	189
C	13.997	-18.441	1.996	189
N	14.481	-17.29	2.438	190
CA	13.611	-16.296	3.1	190
C	14.085	-14.904	2.933	190
N	13.149	-13.988	3.253	191
CA	13.475	-12.563	3.382	191
C	13.615	-12.175	4.867	191
N	14.523	-11.309	5.27	192
CA	14.723	-11.002	6.71	192
C	14.832	-9.492	6.808	192
N	14.123	-8.839	7.717	193
CA	14.269	-7.414	7.955	193
C	13.773	-6.989	9.354	193
N	14.204	-5.847	9.829	194
CA	13.749	-5.299	11.114	194
C	12.458	-4.473	10.815	194
N	11.391	-4.843	11.535	195
CA	10.101	-4.15	11.334	195
C	9.342	-4.047	12.639	195
N	8.031	-4.083	12.529	196
CA	7.097	-3.831	13.613	196
C	5.994	-4.85	13.677	196
N	5.302	-4.756	14.842	197
CA	3.934	-5.392	14.864	197
C	3.133	-4.683	13.751	197
N	2.269	-5.505	13.13	198
CA	1.433	-4.98	11.995	198
C	0.029	-4.539	12.436	198
N	-0.258	-4.61	13.748	199
CA	-1.482	-4.07	14.321	199
C	-1.105	-3.218	15.54	199
N	-2.0	-2.324	15.936	200
CA	-1.703	-1.59	17.203	200
C	-1.232	-2.625	18.318	200
N	-0.237	-2.276	19.141	201
CA	0.433	-0.97	19.211	201
C	1.544	-0.645	18.177	201
N	1.782	-1.523	17.219	202
CA	2.738	-1.242	16.12	202
C	4.187	-1.05	16.629	202
N	4.522	-1.706	17.752	203
CA	5.92	-1.501	18.333	203
C	6.949	-1.927	17.299	203
N	8.02	-1.12	17.164	204
CA	9.037	-1.509	16.144	204
C	10.057	-2.437	16.744	204
N	9.62	-3.61	17.211	205
CA	10.459	-4.533	17.977	205
C	10.48	-5.929	17.372	205
N	10.133	-6.073	16.054	206
CA	10.016	-7.382	15.488	206
C	11.106	-7.649	14.441	206
N	11.786	-8.787	14.596	207
CA	12.676	-9.297	13.549	207
C	11.776	-10.223	12.649	207
N	11.582	-9.823	11.374	208
CA	10.713	-10.596	10.49	208
C	11.444	-11.61	9.638	208
N	10.914	-12.795	9.488	209
CA	11.366	-13.757	8.538	209
C	10.192	-14.141	7.669	209
N	10.223	-13.837	6.361	210
CA	9.051	-14.142	5.523	210
C	9.598	-15.228	4.558	210
N	9.053	-16.425	4.641	211
CA	9.572	-17.469	3.762	211
C	9.306	-17.168	2.311	211
N	10.234	-17.585	1.407	212
CA	10.097	-17.286	-0.016	212
C	9.005	-18.027	-0.651	212
N	8.838	-19.307	-0.267	213
CA	7.839	-20.143	-0.926	213
C	6.535	-20.187	-0.184	213
N	5.404	-20.093	-0.94	214
CA	4.103	-20.144	-0.278	214
C	3.683	-21.583	0.002	214
N	2.638	-21.751	0.858	215
CA	1.867	-23.019	1.028	215
C	0.543	-22.828	0.334	215
N	-0.15	-23.912	0.14	216
CA	-1.492	-23.894	-0.531	216
C	-2.566	-24.432	0.411	216
N	-3.735	-23.761	0.412	217
CA	-4.938	-24.291	1.06	217
C	-5.999	-24.309	-0.061	217
N	-7.052	-25.161	0.164	218
CA	-7.997	-25.252	-0.936	218
C	-8.876	-23.993	-1.043	218
N	-9.599	-23.874	-2.154	219
CA	-10.609	-22.769	-2.233	219
C	-11.668	-22.9	-1.142	219
N	-12.07	-24.126	-0.796	220
CA	-13.064	-24.302	0.235	220
C	-12.504	-23.889	1.629	220
N	-11.24	-24.186	1.904	221
CA	-10.652	-23.833	3.214	221
C	-10.498	-22.3	3.266	221
N	-10.103	-21.679	2.181	222
CA	-9.933	-20.207	2.184	222
C	-11.297	-19.529	2.435	222
N	-12.36	-19.996	1.75	223
CA	-13.679	-19.434	1.937	223
C	-14.162	-19.62	3.375	223
N	-13.965	-20.81	3.918	224
CA	-14.315	-21.067	5.275	224
C	-13.668	-20.022	6.256	224
N	-12.325	-19.832	6.09	225
CA	-11.637	-18.85	6.955	225
C	-12.236	-17.481	6.754	225
N	-12.569	-17.063	5.526	226
CA	-13.084	-15.719	5.271	226
C	-14.481	-15.46	5.785	226
N	-15.198	-16.561	6.055	227
CA	-16.662	-16.43	6.389	227
C	-17.016	-16.856	7.807	227
N	-16.068	-17.451	8.535	228
CA	-16.441	-18.121	9.836	228
C	-16.553	-17.193	10.998	228
N	-15.806	-16.085	10.957	229
CA	-15.601	-15.312	12.172	229
C	-16.142	-13.895	12.189	229
N	-16.438	-13.388	13.375	230
CA	-16.847	-12.027	13.602	230
C	-15.912	-11.308	14.546	230
N	-15.777	-9.993	14.335	231
CA	-14.942	-9.205	15.299	231
C	-15.588	-8.902	16.599	231
N	-16.914	-9.043	16.674	232
CA	-17.686	-8.532	17.841	232
C	-18.063	-9.686	18.765	232
N	-18.45	-9.301	19.987	233
CA	-18.929	-10.223	20.961	233
C	-20.338	-10.689	20.597	233
N	-20.675	-11.872	21.14	234
CA	-22.074	-12.306	21.202	234
C	-22.728	-11.201	22.014	234
N	-23.93	-10.813	21.643	235
CA	-24.564	-9.577	22.234	235
C	-24.077	-8.18	21.786	235
N	-23.191	-8.064	20.817	236
CA	-22.973	-6.7	20.275	236
C	-24.183	-6.37	19.382	236
N	-24.795	-5.165	19.57	237
CA	-25.894	-4.737	18.694	237
C	-25.472	-4.452	17.206	237
N	-24.171	-4.278	16.934	238
CA	-23.762	-4.01	15.512	238
C	-22.641	-5.026	15.119	238
N	-23.027	-6.245	14.76	239
CA	-21.99	-7.266	14.501	239
C	-21.136	-6.831	13.369	239
N	-19.889	-7.351	13.304	240
CA	-18.962	-6.972	12.195	240
C	-18.242	-8.261	11.834	240
N	-18.292	-8.614	10.575	241
CA	-17.609	-9.831	10.054	241
C	-16.133	-9.582	10.066	241
N	-15.393	-10.661	10.403	242
CA	-13.935	-10.598	10.448	242
C	-13.368	-10.907	9.049	242
N	-13.157	-9.789	8.311	243
CA	-12.712	-9.85	6.914	243
C	-11.67	-8.698	6.716	243
N	-10.839	-8.855	5.687	244
CA	-9.829	-7.791	5.327	244
C	-9.024	-7.346	6.554	244
N	-8.611	-8.346	7.353	245
CA	-7.844	-8.049	8.584	245
C	-6.345	-8.062	8.331	245
N	-5.919	-7.247	7.4	246
CA	-4.497	-7.123	7.031	246
C	-4.246	-5.619	6.893	246
N	-2.991	-5.199	7.189	247
CA	-2.603	-3.818	7.039	247
C	-2.106	-3.587	5.589	247
N	-2.344	-2.382	5.04	248
CA	-1.674	-1.987	3.779	248
C	-0.162	-2.003	3.941	248
N	0.623	-2.225	2.884	249
CA	2.075	-2.132	2.978	249
C	2.539	-0.685	3.218	249
N	3.673	-0.618	3.895	250
CA	4.187	0.682	4.394	250
C	5.31	1.139	3.417	250
N	5.559	2.439	3.527	251
CA	6.793	2.945	2.89	251
C	8.012	2.242	3.458	251
N	9.079	2.117	2.629	252
CA	10.281	1.383	3.094	252
C	11.343	1.928	2.227	252
N	12.083	2.866	2.804	253
CA	12.725	3.883	2.01	253
C	14.246	3.952	1.834	253
N	15.019	4.214	2.878	254
CA	16.495	4.152	2.659	254
C	17.018	2.911	3.36	254
N	16.417	1.768	3.048	255
CA	16.55	0.504	3.779	255
C	16.513	-0.723	2.876	255
N	16.992	-1.868	3.401	256
CA	17.151	-3.063	2.701	256
C	16.45	-4.284	3.495	256
N	16.012	-5.16	2.646	257
CA	15.554	-6.473	3.061	257
C	16.656	-7.403	2.687	257
N	17.134	-8.253	3.579	258
CA	18.2	-9.242	3.257	258
C	17.606	-10.556	2.865	258
N	18.141	-11.212	1.865	259
CA	17.637	-12.504	1.436	259
C	18.698	-13.617	1.64	259
N	18.202	-14.835	1.867	260
CA	19.132	-15.981	2.09	260
C	19.254	-16.667	0.793	260
N	18.781	-16.068	-0.317	261
CA	18.873	-16.738	-1.669	261
C	19.317	-15.631	-2.639	261
N	20.14	-15.99	-3.633	262
CA	20.661	-14.971	-4.563	262
C	20.018	-15.047	-5.879	262
N	19.131	-16.031	-6.036	263
CA	18.453	-16.354	-7.286	263
C	17.419	-17.472	-7.053	263
N	31.629	28.598	56.49	1
CA	31.063	28.435	55.138	1
C	31.848	27.141	55.438	1
N	31.577	26.055	54.68	2
CA	31.759	26.359	53.218	2
C	31.915	25.233	52.18	2
N	32.452	24.915	50.929	3
CA	31.342	24.7	50.0	3
C	31.613	23.367	49.232	3
N	30.724	23.138	48.289	4
CA	30.67	21.794	47.663	4
C	31.78	21.639	46.601	4
N	32.221	20.389	46.51	5
CA	33.261	19.991	45.496	5
C	32.991	18.61	44.899	5
N	33.85	18.116	44.033	6
CA	33.718	16.767	43.46	6
C	34.664	15.762	44.062	6
N	35.409	16.218	45.115	7
CA	36.53	15.431	45.557	7
C	36.804	15.69	47.056	7
N	36.754	14.613	47.863	8
CA	37.067	14.829	49.304	8
C	35.8	14.976	50.142	8
N	35.918	15.442	51.399	9
CA	34.848	15.318	52.335	9
C	33.656	16.212	52.07	9
N	33.815	17.175	51.128	10
CA	32.718	18.001	50.59	10
C	32.216	17.568	49.151	10
N	32.633	16.319	48.809	11
CA	32.221	15.745	47.506	11
C	30.766	15.204	47.492	11
N	30.451	14.486	46.376	12
CA	29.018	14.327	46.071	12
C	28.175	13.516	47.036	12
N	28.821	12.633	47.817	13
CA	27.999	11.839	48.757	13
C	27.539	12.684	49.939	13
N	28.197	13.848	50.092	14
CA	27.871	14.879	51.126	14
C	27.08	16.04	50.628	14
N	26.742	16.13	49.339	15
CA	25.986	17.295	48.872	15
C	24.603	17.359	49.555	15
N	23.974	16.204	49.857	16
CA	22.604	16.256	50.457	16
C	22.695	16.946	51.894	16
N	23.887	17.011	52.541	17
CA	23.966	17.689	53.841	17
C	23.807	19.173	53.626	17
N	24.117	19.665	52.415	18
CA	24.1	21.117	52.169	18
C	22.967	21.585	51.266	18
N	22.359	20.63	50.53	19
CA	21.368	20.954	49.524	19
C	20.331	19.827	49.555	19
N	19.166	20.009	50.16	20
CA	18.273	18.898	50.336	20
C	17.859	18.146	49.051	20
N	17.68	18.846	47.918	21
CA	17.2	18.138	46.739	21
C	18.29	17.139	46.25	21
N	19.575	17.295	46.629	22
CA	20.558	16.32	46.138	22
C	20.378	14.944	46.665	22
N	19.616	14.775	47.764	23
CA	19.218	13.407	48.219	23
C	17.72	13.109	47.921	23
N	17.117	13.918	47.1	24
CA	15.702	13.796	46.75	24
C	15.482	13.021	45.456	24
N	14.29	13.213	44.858	25
CA	13.832	12.37	43.776	25
C	14.409	12.852	42.516	25
N	14.263	12.007	41.498	26
CA	14.409	12.423	40.075	26
C	15.845	12.902	39.8	26
N	16.824	12.339	40.504	27
CA	18.171	12.852	40.246	27
C	18.84	12.381	38.933	27
N	19.692	13.258	38.392	28
CA	20.524	13.003	37.201	28
C	21.99	13.13	37.59	28
N	22.903	12.602	36.776	29
CA	22.691	11.861	35.522	29
C	22.356	10.41	35.751	29
N	22.192	9.664	34.646	30
CA	21.863	8.261	34.677	30
C	22.62	7.515	33.582	30
N	22.62	6.167	33.749	31
CA	23.144	5.266	32.713	31
C	22.013	4.886	31.776	31
N	22.246	5.139	30.486	32
CA	21.189	4.833	29.485	32
C	21.433	3.443	28.978	32
N	20.58	2.452	29.314	33
CA	20.868	1.063	28.872	33
C	19.526	0.428	28.476	33
N	19.562	-0.679	27.701	34
CA	18.329	-1.171	27.033	34
C	17.124	-1.395	27.96	34
N	17.38	-1.983	29.129	35
CA	16.243	-2.479	29.966	35
C	15.28	-1.345	30.325	35
N	15.777	-0.083	30.326	36
CA	15.019	1.089	30.774	36
C	14.664	2.04	29.574	36
N	14.936	1.617	28.336	37
CA	14.609	2.463	27.162	37
C	13.221	2.028	26.653	37
N	12.455	3.045	26.221	38
CA	11.157	2.777	25.583	38
C	11.068	3.735	24.358	38
N	10.847	3.178	23.158	39
CA	10.676	4.025	21.964	39
C	9.363	4.846	22.118	39
N	9.376	6.145	21.723	40
CA	8.195	6.972	21.775	40
C	8.176	7.756	20.476	40
N	7.245	7.366	19.605	41
CA	7.133	8.082	18.33	41
C	6.662	9.514	18.429	41
N	6.133	9.943	19.58	42
CA	5.725	11.32	19.684	42
C	6.913	12.247	19.738	42
N	8.108	11.738	20.123	43
CA	9.329	12.587	20.284	43
C	9.821	13.124	18.95	43
N	9.419	14.346	18.626	44
CA	9.691	14.895	17.3	44
C	11.003	15.763	17.401	44
N	11.545	16.197	16.279	45
CA	12.751	17.017	16.346	45
C	12.566	18.318	17.045	45
N	13.545	18.683	17.854	46
CA	13.597	20.05	18.37	46
C	14.021	21.036	17.253	46
N	13.506	22.251	17.345	47
CA	14.03	23.319	16.5	47
C	14.83	24.307	17.327	47
N	16.042	24.564	16.872	48
CA	17.009	25.364	17.525	48
C	16.903	26.729	16.851	48
N	16.335	27.703	17.592	49
CA	16.056	29.033	17.037	49
C	16.915	30.07	17.658	49
N	17.534	30.9	16.807	50
CA	18.434	31.971	17.292	50
C	19.752	31.411	17.832	50
N	20.06	30.16	17.427	51
CA	21.423	29.56	17.8	51
C	22.578	30.144	17.001	51
N	22.289	30.741	15.826	52
CA	23.408	31.333	15.037	52
C	23.683	32.713	15.586	52
N	24.4	32.779	16.713	53
CA	24.695	34.036	17.455	53
C	25.481	35.009	16.537	53
N	25.104	36.272	16.64	54
CA	25.747	37.271	15.789	54
C	27.243	37.341	16.064	54
N	27.962	37.251	14.986	55
CA	29.47	37.313	15.005	55
C	29.89	38.728	15.41	55
N	28.914	39.664	15.332	56
CA	29.218	41.044	15.683	56
C	28.967	41.316	17.15	56
N	28.475	40.274	17.878	57
CA	28.195	40.39	19.293	57
C	29.295	39.572	20.01	57
N	29.443	39.855	21.298	58
CA	30.38	39.086	22.175	58
C	29.678	38.571	23.415	58
N	30.046	37.345	23.852	59
CA	29.295	36.62	24.921	59
C	30.307	36.305	26.004	59
N	29.922	36.365	27.265	60
CA	30.84	36.225	28.403	60
C	31.122	34.771	28.749	60
N	32.388	34.403	28.849	61
CA	32.883	33.077	29.229	61
C	33.425	33.266	30.647	61
N	32.992	32.478	31.61	62
CA	33.386	32.702	32.997	62
C	33.818	31.366	33.601	62
N	34.9	31.349	34.336	63
CA	35.24	30.257	35.241	63
C	34.501	30.531	36.552	63
N	33.54	29.656	36.884	64
CA	32.692	29.913	38.113	64
C	33.135	29.09	39.316	64
N	34.318	28.475	39.255	65
CA	34.904	27.637	40.294	65
C	34.373	26.15	40.259	65
N	33.387	25.848	39.308	66
CA	32.899	24.416	39.173	66
C	32.976	23.966	37.749	66
N	32.952	24.916	36.795	67
CA	32.961	24.586	35.377	67
C	33.437	25.851	34.639	67
N	33.441	25.747	33.318	68
CA	33.599	26.995	32.54	68
C	32.28	27.168	31.755	68
N	31.683	28.366	31.866	69
CA	30.313	28.588	31.299	69
C	30.345	29.76	30.277	69
N	29.563	29.67	29.219	70
CA	29.348	30.758	28.289	70
C	27.904	31.255	28.426	70
N	27.721	32.564	28.702	71
CA	26.399	33.078	28.77	71
C	25.756	33.181	27.404	71
N	24.49	32.806	27.309	72
CA	23.784	32.855	26.067	72
C	22.563	33.794	26.15	72
N	22.165	34.331	24.998	73
CA	21.109	35.416	25.033	73
C	19.74	34.838	25.05	73
N	18.852	35.613	25.673	74
CA	17.535	34.996	25.861	74
C	16.675	34.917	24.599	74
N	17.13	35.522	23.469	75
CA	16.44	35.337	22.225	75
C	16.751	33.96	21.54	75
N	17.782	33.185	21.997	76
CA	18.035	31.842	21.598	76
C	17.079	30.855	22.362	76
N	16.455	29.953	21.644	77
CA	15.452	29.094	22.287	77
C	15.24	27.789	21.573	77
N	14.71	26.83	22.299	78
CA	14.203	25.624	21.612	78
C	12.698	25.842	21.484	78
N	12.226	25.352	20.341	79
CA	10.872	25.224	19.884	79
C	10.595	23.727	19.708	79
N	9.396	23.358	20.04	80
CA	9.051	21.938	19.827	80
C	8.508	21.264	21.108	80
N	8.746	21.859	22.283	81
CA	8.181	21.342	23.544	81
C	6.85	22.105	23.844	81
N	6.224	21.754	24.996	82
CA	4.906	22.311	25.427	82
C	4.945	23.838	25.54	82
N	6.082	24.326	26.029	83
CA	6.381	25.697	26.271	83
C	7.643	25.995	25.439	83
N	7.888	27.292	25.24	84
CA	9.216	27.772	24.78	84
C	10.155	27.712	25.949	84
N	11.4	27.211	25.638	85
CA	12.516	27.267	26.596	85
C	13.622	28.162	26.037	85
N	13.98	29.193	26.779	86
CA	14.957	30.179	26.279	86
C	16.345	29.845	26.892	86
N	17.418	30.015	26.095	87
CA	18.749	29.668	26.594	87
C	19.204	30.626	27.641	87
N	20.028	30.122	28.594	88
CA	20.694	30.951	29.54	88
C	22.229	30.812	29.568	88
N	22.771	29.579	29.402	89
CA	24.227	29.383	29.427	89
C	24.505	27.977	28.891	89
N	25.756	27.753	28.481	90
CA	26.259	26.352	28.281	90
C	27.524	26.182	29.115	90
N	27.876	24.907	29.378	91
CA	29.061	24.627	30.153	91
C	29.421	23.153	29.911	91
N	30.572	22.724	30.458	92
CA	31.01	21.342	30.222	92
C	31.378	20.629	31.565	92
N	31.486	19.272	31.372	93
CA	31.956	18.39	32.49	93
C	33.045	17.439	31.863	93
N	34.068	17.123	32.672	94
CA	35.19	16.297	32.143	94
C	35.902	15.554	33.281	94
N	36.886	14.726	32.863	95
CA	37.601	13.831	33.761	95
C	38.985	14.397	34.103	95
N	40.017	13.61	33.751	96
CA	41.405	14.078	34.094	96
C	42.32	13.246	33.198	96
N	43.574	13.744	33.001	97
CA	44.402	13.022	32.014	97
C	44.69	11.511	32.361	97
N	44.68	11.163	33.656	98
CA	44.944	9.756	33.978	98
C	43.683	8.879	33.835	98
N	42.517	9.492	33.704	99
CA	41.296	8.659	33.453	99
C	40.347	9.592	32.705	99
N	40.564	9.739	31.386	100
CA	39.897	10.82	30.576	100
C	38.45	10.414	30.171	100
N	37.631	10.136	31.175	101
CA	36.287	9.596	30.947	101
C	35.382	10.32	31.915	101
N	34.954	11.5	31.572	102
CA	34.241	12.389	32.549	102
C	32.902	12.919	32.013	102
N	32.257	12.191	31.065	103
CA	30.841	12.574	30.831	103
C	30.026	12.336	32.143	103
N	28.852	12.927	32.162	104
CA	27.95	12.688	33.253	104
C	27.049	11.495	32.934	104
N	26.255	11.58	31.828	105
CA	25.488	10.423	31.393	105
C	26.435	9.405	30.804	105
N	26.053	8.137	30.948	106
CA	26.821	6.99	30.377	106
C	25.807	6.174	29.511	106
N	26.357	5.459	28.545	107
CA	25.512	4.652	27.589	107
C	26.013	3.183	27.7	107
N	25.142	2.303	28.165	108
CA	25.511	0.903	28.365	108
C	26.793	0.786	29.194	108
N	26.863	1.578	30.268	109
CA	27.949	1.539	31.219	109
C	29.171	2.347	30.754	109
N	29.231	2.818	29.521	110
CA	30.427	3.5	29.09	110
C	30.341	4.974	29.257	110
N	31.401	5.492	29.856	111
CA	31.574	6.907	30.057	111
C	32.254	7.474	28.841	111
N	31.732	8.534	28.297	112
CA	32.426	9.299	27.248	112
C	33.468	10.294	27.901	112
N	34.309	10.918	27.038	113
CA	35.365	11.725	27.569	113
C	34.843	12.95	28.294	113
N	33.764	13.551	27.816	114
CA	33.261	14.798	28.404	114
C	31.815	14.959	27.971	114
N	31.2	16.064	28.438	115
CA	29.772	16.313	28.121	115
C	29.551	17.809	28.113	115
N	28.777	18.238	27.098	116
CA	28.355	19.622	27.01	116
C	26.866	19.733	27.413	116
N	26.554	20.772	28.204	117
CA	25.153	21.064	28.555	117
C	24.72	22.461	28.128	117
N	23.606	22.489	27.394	118
CA	23.067	23.781	26.974	118
C	21.764	24.016	27.727	118
N	21.806	24.983	28.673	119
CA	20.746	25.125	29.674	119
C	19.693	26.181	29.176	119
N	18.425	25.769	29.298	120
CA	17.283	26.63	28.908	120
C	16.289	26.665	30.084	120
N	15.468	27.734	30.074	121
CA	14.433	27.821	31.091	121
C	13.06	28.108	30.435	121
N	12.004	27.766	31.159	122
CA	10.635	27.883	30.571	122
C	10.195	29.365	30.634	122
N	10.384	30.091	29.501	123
CA	10.18	31.532	29.545	123
C	8.679	31.84	29.29	123
N	7.878	30.851	28.879	124
CA	6.362	31.033	28.804	124
C	5.789	31.112	30.246	124
N	6.357	30.32	31.167	125
CA	5.808	30.283	32.551	125
C	6.566	31.233	33.466	125
N	7.873	31.518	33.243	126
CA	8.734	32.188	34.219	126
C	9.528	33.278	33.561	126
N	9.816	34.331	34.319	127
CA	10.568	35.48	33.777	127
C	12.072	35.311	33.561	127
N	12.776	34.431	34.284	128
CA	14.23	34.302	34.053	128
C	14.626	32.891	34.6	128
N	15.88	32.492	34.333	129
CA	16.338	31.127	34.734	129
C	16.351	30.915	36.258	129
N	16.763	31.985	36.972	130
CA	16.836	31.91	38.416	130
C	15.458	31.589	39.009	130
N	14.387	32.331	38.671	131
CA	13.049	31.924	39.223	131
C	12.458	30.599	38.646	131
N	12.857	30.252	37.409	132
CA	12.371	28.97	36.91	132
C	13.042	27.734	37.621	132
N	14.267	27.966	38.151	133
CA	15.174	26.821	38.425	133
C	14.615	25.892	39.448	133
N	13.831	26.425	40.409	134
CA	13.209	25.613	41.442	134
C	11.726	25.383	41.224	134
N	11.207	25.599	40.008	135
CA	9.805	25.498	39.775	135
C	9.451	24.464	38.724	135
N	8.213	24.029	38.825	136
CA	7.612	23.016	38.004	136
C	7.892	23.295	36.493	136
N	8.32	22.256	35.753	137
CA	8.664	22.456	34.314	137
C	9.619	23.589	34.047	137
N	10.486	23.89	34.99	138
CA	11.269	25.051	34.917	138
C	12.342	25.113	33.819	138
N	13.03	23.951	33.7	139
CA	14.294	23.895	32.931	139
C	14.296	22.776	31.894	139
N	15.063	23.032	30.825	140
CA	15.323	21.993	29.808	140
C	16.805	22.122	29.432	140
N	17.506	20.981	29.572	141
CA	18.924	20.932	29.238	141
C	19.142	19.999	28.063	141
N	19.924	20.462	27.118	142
CA	20.41	19.598	26.035	142
C	21.827	19.034	26.379	142
N	22.04	17.72	26.264	143
CA	23.365	17.172	26.583	143
C	23.985	16.607	25.292	143
N	25.243	16.992	25.045	144
CA	26.047	16.369	23.945	144
C	27.195	15.553	24.559	144
N	27.222	14.275	24.187	145
CA	28.324	13.411	24.659	145
C	29.563	13.719	23.797	145
N	30.752	13.814	24.4	146
CA	31.988	14.147	23.721	146
C	33.007	12.971	23.829	146
N	33.531	12.557	22.666	147
CA	34.546	11.487	22.64	147
C	35.864	12.076	22.096	147
N	37.025	11.482	22.464	148
CA	38.251	12.018	21.9	148
C	38.426	11.406	20.483	148
N	38.719	12.264	19.544	149
CA	38.889	11.792	18.135	149
C	39.402	12.987	17.303	149
N	38.583	13.39	16.325	150
CA	38.974	14.472	15.411	150
C	38.923	15.842	16.123	150
N	39.861	16.69	15.723	151
CA	39.858	18.139	16.108	151
C	38.487	18.688	15.669	151
N	37.948	19.573	16.56	152
CA	36.672	20.2	16.297	152
C	36.794	21.751	16.327	152
N	36.81	22.39	15.134	153
CA	37.001	23.845	15.11	153
C	35.919	24.621	15.863	153
N	34.68	24.096	15.827	154
CA	33.577	24.806	16.552	154
C	33.763	24.82	18.1	154
N	34.074	23.66	18.691	155
CA	34.425	23.645	20.135	155
C	35.625	24.492	20.38	155
N	36.575	24.636	19.416	156
CA	37.724	25.468	19.687	156
C	37.375	26.96	19.815	156
N	36.237	27.356	19.268	157
CA	35.911	28.779	19.424	157
C	35.729	29.074	20.942	157
N	35.309	28.026	21.714	158
CA	35.325	28.115	23.207	158
C	36.707	27.849	23.777	158
N	37.276	26.714	23.399	159
CA	38.498	26.242	24.079	159
C	39.736	27.142	23.872	159
N	39.687	27.879	22.775	160
CA	40.886	28.784	22.513	160
C	40.924	29.905	23.531	160
N	39.917	30.076	24.37	161
CA	39.965	31.085	25.416	161
C	40.248	30.59	26.813	161
N	40.485	29.255	26.937	162
CA	40.621	28.648	28.264	162
C	41.81	29.227	29.064	162
N	42.912	29.494	28.386	163
CA	44.091	30.077	29.061	163
C	43.88	31.481	29.577	163
N	42.734	32.073	29.359	164
CA	42.485	33.405	29.858	164
C	41.361	33.418	30.92	164
N	40.874	32.231	31.32	165
CA	39.888	32.081	32.383	165
C	40.345	30.956	33.305	165
N	41.653	30.872	33.557	166
CA	42.26	29.756	34.316	166
C	41.719	29.678	35.774	166
N	41.392	30.867	36.385	167
CA	41.066	30.857	37.835	167
C	39.625	31.372	38.06	167
N	39.084	30.938	39.213	168
CA	37.732	31.261	39.575	168
C	37.522	32.762	39.458	168
N	36.4	33.12	38.875	169
CA	35.975	34.515	38.754	169
C	36.464	35.213	37.491	169
N	37.46	34.585	36.817	170
CA	37.936	35.218	35.575	170
C	36.983	35.099	34.439	170
N	37.012	36.038	33.49	171
CA	36.048	36.207	32.417	171
C	36.752	36.542	31.124	171
N	36.213	36.086	30.017	172
CA	36.672	36.464	28.684	172
C	35.51	36.659	27.781	172
N	35.684	37.347	26.666	173
CA	34.681	37.49	25.658	173
C	34.892	36.524	24.509	173
N	33.776	35.886	24.039	174
CA	33.829	35.008	22.869	174
C	32.871	35.598	21.852	174
N	33.382	35.903	20.631	175
CA	32.489	36.325	19.567	175
C	31.382	35.368	19.269	175
N	30.218	35.846	18.811	176
CA	29.192	34.904	18.531	176
C	29.583	33.964	17.406	176
N	29.052	32.741	17.545	177
CA	29.136	31.741	16.486	177
C	27.868	30.879	16.529	177
N	27.697	29.941	15.586	178
CA	26.491	29.167	15.514	178
C	26.618	27.993	16.489	178
N	25.827	28.091	17.578	179
CA	25.882	27.047	18.615	179
C	25.418	25.677	18.029	179
N	24.659	25.643	16.938	180
CA	24.289	24.394	16.402	180
C	25.5	23.589	15.937	180
N	26.607	24.298	15.629	181
CA	27.835	23.577	15.301	181
C	28.358	22.696	16.451	181
N	27.851	22.924	17.671	182
CA	28.299	22.077	18.804	182
C	27.505	20.761	18.864	182
N	26.441	20.671	18.089	183
CA	25.529	19.507	18.234	183
C	26.049	18.424	17.298	183
N	25.693	17.177	17.598	184
CA	26.107	15.978	16.805	184
C	25.217	15.813	15.587	184
N	25.641	14.791	14.84	185
CA	24.809	14.336	13.73	185
C	23.467	13.789	14.191	185
N	22.447	13.967	13.371	186
CA	21.187	13.279	13.552	186
C	20.578	13.679	14.93	186
N	20.438	14.996	15.106	187
CA	19.845	15.503	16.352	187
C	18.44	15.05	16.546	187
N	17.779	14.517	15.509	188
CA	16.404	14.013	15.748	188
C	16.45	12.733	16.624	188
N	17.61	12.147	16.855	189
CA	17.727	10.898	17.612	189
C	18.263	11.266	18.969	189
N	17.406	11.075	19.973	190
CA	17.781	11.453	21.35	190
C	17.061	10.536	22.334	190
N	17.627	10.608	23.588	191
CA	16.984	10.138	24.807	191
C	16.296	11.284	25.509	191
N	15.112	11.024	26.078	192
CA	14.396	12.071	26.853	192
C	13.931	11.514	28.18	192
N	14.259	12.226	29.251	193
CA	13.655	11.836	30.535	193
C	13.537	13.014	31.484	193
N	12.73	12.856	32.549	194
CA	12.62	13.896	33.55	194
C	13.669	13.673	34.663	194
N	14.452	14.716	34.981	195
CA	15.46	14.548	36.014	195
C	15.769	15.877	36.672	195
N	17.058	16.053	36.97	196
CA	17.434	17.151	37.885	196
C	18.668	17.847	37.381	196
N	18.942	18.978	38.034	197
CA	20.32	19.599	37.901	197
C	21.326	18.556	38.454	197
N	22.471	18.435	37.777	198
CA	23.46	17.435	38.206	198
C	24.548	17.997	39.192	198
N	24.344	19.28	39.583	199
CA	25.174	19.886	40.621	199
C	24.213	20.531	41.65	199
N	24.781	20.743	42.863	200
CA	23.909	21.559	43.814	200
C	23.354	22.79	43.103	200
N	22.072	23.164	43.301	201
CA	21.177	22.596	44.318	201
C	20.389	21.363	43.908	201
N	20.683	20.73	42.734	202
CA	20.038	19.437	42.37	202
C	18.514	19.437	42.169	202
N	17.959	20.586	41.785	203
CA	16.51	20.677	41.705	203
C	15.938	19.69	40.689	203
N	14.885	18.977	41.049	204
CA	14.308	17.966	40.149	204
C	13.373	18.59	39.099	204
N	13.926	19.523	38.341	205
CA	13.038	20.426	37.526	205
C	13.472	20.435	36.063	205
N	14.366	19.466	35.741	206
CA	14.932	19.449	34.343	206
C	14.348	18.391	33.439	206
N	13.875	18.831	32.268	207
CA	13.532	17.944	31.14	207
C	14.866	17.728	30.394	207
N	15.416	16.51	30.469	208
CA	16.712	16.198	29.766	208
C	16.5	15.694	28.348	208
N	17.379	16.132	27.426	209
CA	17.398	15.587	26.051	209
C	18.883	15.315	25.84	209
N	19.22	14.007	25.752	210
CA	20.603	13.63	25.518	210
C	20.714	13.112	24.095	210
N	21.519	13.754	23.263	211
CA	21.532	13.246	21.868	211
C	22.158	11.901	21.782	211
N	21.672	11.11	20.819	212
CA	22.185	9.76	20.707	212
C	23.666	9.675	20.343	212
N	24.077	10.544	19.417	213
CA	25.436	10.454	18.829	213
C	26.352	11.436	19.502	213
N	27.596	11.015	19.772	214
CA	28.567	11.94	20.334	214
C	29.201	12.791	19.233	214
N	29.84	13.868	19.683	215
CA	30.794	14.67	18.867	215
C	32.219	14.281	19.239	215
N	33.188	14.658	18.391	216
CA	34.594	14.417	18.68	216
C	35.324	15.724	18.892	216
N	36.258	15.704	19.865	217
CA	37.254	16.761	19.946	217
C	38.679	16.025	19.961	217
N	39.714	16.811	19.683	218
CA	41.024	16.09	19.574	218
C	41.637	15.805	20.908	218
N	42.739	14.99	20.873	219
CA	43.435	14.736	22.117	219
C	43.93	15.989	22.725	219
N	44.405	16.958	21.932	220
CA	44.954	18.168	22.528	220
C	43.861	19.056	23.081	220
N	42.709	19.078	22.38	221
CA	41.573	19.868	22.917	221
C	41.14	19.286	24.255	221
N	41.001	17.961	24.338	222
CA	40.608	17.315	25.564	222
C	41.605	17.603	26.648	222
N	42.934	17.455	26.377	223
CA	43.914	17.659	27.432	223
C	43.878	19.156	27.844	223
N	43.657	20.109	26.886	224
CA	43.555	21.554	27.321	224
C	42.396	21.722	28.267	224
N	41.243	21.181	27.911	225
CA	40.041	21.3	28.834	225
C	40.338	20.727	30.242	225
N	41.086	19.577	30.269	226
CA	41.339	18.897	31.534	226
C	42.434	19.603	32.365	226
N	43.285	20.441	31.761	227
CA	44.489	20.922	32.492	227
C	44.556	22.432	32.561	227
N	43.669	23.141	31.869	228
CA	43.808	24.614	31.839	228
C	43.324	25.338	33.116	228
N	42.329	24.732	33.794	229
CA	41.531	25.455	34.762	229
C	41.664	24.998	36.176	229
N	41.489	25.978	37.072	230
CA	41.531	25.749	38.547	230
C	40.149	26.162	39.14	230
N	39.768	25.468	40.233	231
CA	38.553	25.796	40.95	231
C	38.674	27.027	41.812	231
N	39.916	27.327	42.092	232
CA	40.302	28.403	43.021	232
C	40.678	29.756	42.393	232
N	40.592	30.852	43.154	233
CA	41.08	32.154	42.733	233
C	42.58	32.168	42.521	233
N	43.011	33.122	41.695	234
CA	44.404	33.238	41.227	234
C	45.531	33.212	42.264	234
N	45.229	33.481	43.497	235
CA	46.337	33.415	44.462	235
C	45.982	32.551	45.702	235
N	45.204	31.498	45.507	236
CA	44.682	30.791	46.657	236
C	45.817	29.978	47.359	236
N	45.905	30.063	48.723	237
CA	46.922	29.256	49.462	237
C	46.802	27.731	49.228	237
N	45.6	27.291	48.791	238
CA	45.316	25.859	48.67	238
C	44.688	25.673	47.244	238
N	45.493	25.826	46.178	239
CA	44.868	25.63	44.782	239
C	44.259	24.252	44.515	239
N	43.18	24.221	43.68	240
CA	42.54	22.92	43.447	240
C	42.331	22.942	41.889	240
N	42.916	21.932	41.187	241
CA	42.693	21.791	39.719	241
C	41.229	21.454	39.43	241
N	40.68	22.071	38.383	242
CA	39.327	21.786	37.982	242
C	39.308	20.537	37.072	242
N	39.231	19.401	37.745	243
CA	39.197	18.059	37.106	243
C	38.023	17.218	37.69	243
N	37.614	16.19	36.899	244
CA	36.638	15.249	37.447	244
C	35.393	15.944	37.977	244
N	34.923	16.93	37.207	245
CA	33.73	17.723	37.645	245
C	32.49	17.129	36.998	245
N	32.256	15.845	37.284	246
CA	31.069	15.151	36.821	246
C	30.506	14.403	38.037	246
N	29.21	14.223	38.01	247
CA	28.559	13.394	39.086	247
C	28.451	11.93	38.68	247
N	28.603	11.001	39.619	248
CA	28.277	9.583	39.339	248
C	26.826	9.477	38.926	248
N	26.616	8.383	38.097	249
CA	25.194	8.085	37.72	249
C	24.306	7.629	38.922	249
N	23.013	7.986	38.866	250
CA	22.085	7.794	39.919	250
C	21.222	6.551	39.754	250
N	20.634	6.089	40.861	251
CA	19.639	5.03	40.728	251
C	18.507	5.507	39.805	251
N	17.877	4.52	39.079	252
CA	16.796	4.933	38.137	252
C	15.966	3.715	38.023	252
N	15.01	3.698	38.925	253
CA	14.084	2.491	39.128	253
C	12.685	2.922	39.022	253
N	11.887	2.025	38.408	254
CA	10.419	2.109	38.128	254
C	10.163	3.268	37.178	254
N	11.151	3.579	36.371	255
CA	11.029	4.692	35.397	255
C	11.658	4.281	34.122	255
N	11.397	5.11	33.112	256
CA	11.904	4.83	31.77	256
C	12.494	6.106	31.16	256
N	13.379	5.79	30.249	257
CA	13.915	6.825	29.363	257
C	13.2	6.55	27.992	257
N	12.699	7.666	27.424	258
CA	12.013	7.565	26.119	258
C	13.0	7.87	25.018	258
N	12.929	7.112	23.93	259
CA	13.838	7.366	22.847	259
C	13.045	7.75	21.534	259
N	13.666	8.574	20.703	260
CA	13.094	8.947	19.403	260
C	13.603	7.978	18.315	260
N	14.493	7.073	18.65	261
CA	14.996	6.031	17.731	261
C	14.655	4.672	18.33	261
N	14.66	3.593	17.53	262
CA	14.28	2.274	18.125	262
C	15.498	1.369	18.114	262
N	16.099	1.179	19.293	263
CA	17.4	0.507	19.454	263
C	17.201	-0.979	19.104	263
N	15.133	7.652	63.414	1
CA	14.801	6.371	64.077	1
C	15.355	5.165	63.269	1
N	16.083	5.368	62.086	2
CA	17.303	5.535	61.28	2
C	17.931	4.675	60.045	2
N	17.023	3.817	59.825	3
CA	16.052	3.98	58.685	3
C	16.699	4.19	57.297	3
N	17.982	3.81	57.124	4
CA	18.604	3.947	55.805	4
C	17.983	2.909	54.849	4
N	17.903	3.271	53.568	5
CA	17.357	2.446	52.496	5
C	18.17	2.553	51.215	5
N	17.761	1.86	50.141	6
CA	18.294	2.1	48.841	6
C	17.397	2.863	47.873	6
N	16.297	3.396	48.415	7
CA	15.351	4.039	47.542	7
C	14.593	5.126	48.214	7
N	14.658	6.303	47.586	8
CA	13.757	7.4	48.124	8
C	14.558	8.345	49.057	8
N	13.871	9.074	49.969	9
CA	14.488	10.098	50.821	9
C	15.635	9.679	51.745	9
N	15.678	8.399	52.094	10
CA	16.65	7.918	53.028	10
C	17.677	6.996	52.243	10
N	17.668	7.069	50.901	11
CA	18.619	6.277	50.102	11
C	20.039	6.804	50.081	11
N	20.87	6.306	49.178	12
CA	22.302	6.373	49.433	12
C	22.891	7.779	49.415	12
N	22.307	8.734	48.643	13
CA	22.893	10.085	48.698	13
C	22.688	10.693	50.049	13
N	21.849	10.164	50.907	14
CA	21.614	10.745	52.298	14
C	22.249	9.958	53.376	14
N	22.905	8.806	53.077	15
CA	23.544	7.998	54.128	15
C	24.552	8.836	54.934	15
N	25.289	9.775	54.291	16
CA	26.349	10.49	55.021	16
C	25.757	11.43	56.114	16
N	24.469	11.74	56.094	17
CA	23.945	12.628	57.178	17
C	24.138	11.954	58.507	17
N	23.766	10.675	58.675	18
CA	23.852	9.979	59.966	18
C	25.052	9.075	60.042	18
N	25.726	8.756	58.902	19
CA	26.841	7.799	58.854	19
C	27.977	8.5	58.074	19
N	28.733	9.429	58.691	20
CA	29.648	10.318	57.931	20
C	30.67	9.595	57.044	20
N	31.056	8.358	57.437	21
CA	32.034	7.65	56.648	21
C	31.501	7.384	55.226	21
N	30.165	7.392	55.098	22
CA	29.626	7.153	53.721	22
C	29.933	8.274	52.761	22
N	30.358	9.479	53.289	23
CA	30.885	10.546	52.38	23
C	32.397	10.75	52.586	23
N	33.052	9.728	53.152	24
CA	34.48	9.773	53.433	24
C	35.372	9.085	52.407	24
N	36.555	8.715	52.855	25
CA	37.574	8.138	52.007	25
C	37.316	6.641	51.709	25
N	37.983	6.183	50.648	26
CA	38.108	4.734	50.286	26
C	36.735	4.072	50.092	26
N	35.768	4.78	49.554	27
CA	34.434	4.109	49.461	27
C	34.394	3.112	48.32	27
N	33.555	2.081	48.586	28
CA	33.262	0.945	47.626	28
C	31.776	0.995	47.334	28
N	31.292	0.333	46.243	29
CA	32.007	-0.399	45.252	29
C	32.528	0.518	44.175	29
N	33.239	-0.06	43.214	30
CA	33.887	0.749	42.153	30
C	33.75	0.028	40.836	30
N	34.021	0.794	39.738	31
CA	34.089	0.161	38.393	31
C	35.522	-0.267	38.145	31
N	35.647	-1.559	37.876	32
CA	36.987	-2.167	37.631	32
C	37.239	-2.025	36.11	32
N	38.147	-1.099	35.734	33
CA	38.346	-0.715	34.394	33
C	39.855	-0.421	34.21	33
N	40.267	-0.494	32.935	34
CA	41.693	-0.575	32.606	34
C	42.524	0.595	33.153	34
N	41.998	1.853	33.22	35
CA	42.771	3.057	33.666	35
C	43.289	2.987	35.081	35
N	42.621	2.168	35.876	36
CA	42.901	2.053	37.311	36
C	43.503	0.7	37.779	36
N	43.732	-0.17	36.786	37
CA	44.265	-1.566	37.08	37
C	45.778	-1.578	36.974	37
N	46.372	-2.401	37.798	38
CA	47.877	-2.635	37.681	38
C	48.161	-4.073	38.092	38
N	48.846	-4.852	37.25	39
CA	49.273	-6.228	37.652	39
C	50.286	-6.086	38.775	39
N	50.08	-6.917	39.777	40
CA	50.973	-7.076	40.948	40
C	51.394	-8.532	41.08	40
N	52.649	-8.793	40.668	41
CA	53.144	-10.184	40.692	41
C	53.359	-10.855	42.051	41
N	53.252	-10.061	43.099	42
CA	53.443	-10.571	44.443	42
C	52.133	-11.143	45.026	42
N	51.007	-10.79	44.402	43
CA	49.656	-11.215	44.984	43
C	49.68	-12.752	44.853	43
N	49.255	-13.447	45.884	44
CA	49.304	-14.919	45.811	44
C	47.891	-15.504	46.046	44
N	47.68	-16.754	45.628	45
CA	46.319	-17.334	45.731	45
C	45.888	-17.443	47.169	45
N	44.638	-17.144	47.391	46
CA	44.043	-17.357	48.714	46
C	43.815	-18.886	48.918	46
N	43.991	-19.295	50.151	47
CA	43.559	-20.616	50.552	47
C	42.358	-20.53	51.521	47
N	41.356	-21.393	51.284	48
CA	40.11	-21.315	52.02	48
C	40.12	-22.482	53.014	48
N	39.991	-22.162	54.286	49
CA	40.172	-23.167	55.391	49
C	38.848	-23.268	56.15	49
N	38.381	-24.498	56.363	50
CA	37.182	-24.697	57.118	50
C	35.908	-24.221	56.453	50
N	35.993	-24.028	55.136	51
CA	34.795	-23.638	54.409	51
C	33.798	-24.786	54.283	51
N	34.263	-26.068	54.423	52
CA	33.338	-27.196	54.336	52
C	32.623	-27.394	55.662	52
N	31.577	-26.575	55.862	53
CA	30.895	-26.495	57.182	53
C	30.107	-27.812	57.43	53
N	30.261	-28.27	58.678	54
CA	29.677	-29.619	59.015	54
C	28.146	-29.555	58.735	54
N	27.655	-30.571	58.004	55
CA	26.23	-30.649	57.781	55
C	25.454	-30.982	59.074	55
N	26.144	-31.477	60.091	56
CA	25.473	-31.734	61.362	56
C	25.364	-30.544	62.257	56
N	25.992	-29.414	61.843	57
CA	25.825	-28.169	62.533	57
C	24.809	-27.279	61.776	57
N	24.381	-26.247	62.47	58
CA	23.369	-25.334	61.877	58
C	23.917	-23.894	61.919	58
N	23.405	-23.087	60.911	59
CA	23.871	-21.721	60.739	59
C	22.723	-20.794	60.478	59
N	22.731	-19.677	61.128	60
CA	21.513	-18.869	61.124	60
C	21.403	-18.027	59.836	60
N	20.321	-18.142	59.125	61
CA	19.911	-17.261	58.006	61
C	18.958	-16.194	58.507	61
N	19.25	-14.924	58.228	62
CA	18.443	-13.811	58.776	62
C	18.126	-12.791	57.632	62
N	16.911	-12.257	57.604	63
CA	16.632	-11.08	56.766	63
C	16.829	-9.896	57.693	63
N	17.896	-9.107	57.408	64
CA	18.217	-7.951	58.313	64
C	17.605	-6.632	57.877	64
N	16.638	-6.741	56.954	65
CA	16.018	-5.501	56.369	65
C	16.775	-4.862	55.218	65
N	17.984	-5.389	54.91	66
CA	18.825	-4.835	53.801	66
C	19.34	-5.908	52.852	66
N	19.492	-7.173	53.398	67
CA	19.869	-8.306	52.519	67
C	19.426	-9.603	53.226	67
N	19.782	-10.761	52.607	68
CA	19.618	-12.016	53.348	68
C	21.08	-12.401	53.751	68
N	21.287	-12.636	55.056	69
CA	22.635	-13.002	55.558	69
C	22.637	-14.367	56.194	69
N	23.757	-15.111	55.964	70
CA	23.976	-16.403	56.583	70
C	25.174	-16.248	57.534	70
N	24.959	-16.412	58.842	71
CA	26.081	-16.305	59.801	71
C	27.042	-17.453	59.535	71
N	28.345	-17.161	59.71	72
CA	29.407	-18.142	59.426	72
C	30.27	-18.224	60.695	72
N	30.931	-19.376	60.907	73
CA	31.724	-19.581	62.128	73
C	33.135	-19.0	62.004	73
N	33.713	-18.626	63.201	74
CA	35.058	-18.042	63.134	74
C	36.153	-19.1	62.898	74
N	35.794	-20.376	62.86	75
CA	36.745	-21.44	62.436	75
C	36.92	-21.551	60.937	75
N	36.203	-20.729	60.191	76
CA	36.39	-20.632	58.753	76
C	37.355	-19.488	58.514	76
N	38.443	-19.728	57.708	77
CA	39.522	-18.727	57.594	77
C	39.976	-18.582	56.154	77
N	40.61	-17.455	55.869	78
CA	41.384	-17.348	54.651	78
C	42.842	-17.135	55.044	78
N	43.689	-17.839	54.281	79
CA	45.148	-17.623	54.292	79
C	45.647	-17.026	52.976	79
N	46.701	-16.201	53.059	80
CA	47.199	-15.565	51.878	80
C	47.201	-14.027	51.992	80
N	46.61	-13.456	53.073	81
CA	46.808	-12.04	53.369	81
C	47.869	-11.884	54.46	81
N	48.265	-10.639	54.734	82
CA	49.347	-10.544	55.711	82
C	48.947	-10.942	57.096	82
N	47.636	-10.748	57.434	83
CA	47.1	-11.36	58.621	83
C	46.111	-12.486	58.281	83
N	45.817	-13.331	59.251	84
CA	44.775	-14.317	59.082	84
C	43.424	-13.617	59.36	84
N	42.465	-13.995	58.528	85
CA	41.093	-13.478	58.657	85
C	40.135	-14.611	58.875	85
N	39.087	-14.355	59.634	86
CA	38.129	-15.442	60.0	86
C	36.732	-14.954	59.569	86
N	35.888	-15.888	59.149	87
CA	34.569	-15.531	58.582	87
C	33.657	-15.05	59.681	87
N	32.715	-14.184	59.26	88
CA	31.557	-13.791	60.098	88
C	30.173	-13.991	59.455	88
N	30.051	-13.706	58.144	89
CA	28.708	-13.942	57.485	89
C	28.887	-13.804	56.01	89
N	27.903	-14.286	55.247	90
CA	27.826	-13.963	53.826	90
C	26.412	-13.417	53.548	90
N	26.318	-12.724	52.395	91
CA	25.021	-12.144	51.961	91
C	25.132	-11.754	50.53	91
N	24.038	-11.252	49.935	92
CA	24.052	-10.958	48.498	92
C	23.415	-9.541	48.242	92
N	23.672	-9.11	47.017	93
CA	23.082	-7.845	46.462	93
C	22.54	-8.159	45.059	93
N	21.369	-7.515	44.745	94
CA	20.738	-7.801	43.444	94
C	19.889	-6.612	43.009	94
N	19.343	-6.787	41.768	95
CA	18.607	-5.733	41.049	95
C	17.095	-5.933	41.218	95
N	16.448	-5.99	40.028	96
CA	15.001	-6.192	40.102	96
C	14.565	-6.845	38.779	96
N	13.296	-7.405	38.791	97
CA	12.984	-8.205	37.603	97
C	13.003	-7.502	36.254	97
N	12.721	-6.221	36.239	98
CA	12.812	-5.528	34.927	98
C	14.184	-5.065	34.548	98
N	15.108	-5.009	35.536	99
CA	16.482	-4.59	35.24	99
C	17.37	-5.454	36.123	99
N	17.6	-6.705	35.703	100
CA	18.234	-7.755	36.544	100
C	19.784	-7.671	36.483	100
N	20.239	-6.51	36.909	101
CA	21.717	-6.165	36.839	101
C	22.137	-5.392	38.082	101
N	22.209	-6.118	39.185	102
CA	22.336	-5.483	40.504	102
C	23.637	-5.93	41.275	102
N	24.697	-6.295	40.559	103
CA	25.974	-6.431	41.325	103
C	26.376	-5.023	41.807	103
N	27.283	-5.056	42.813	104
CA	27.852	-3.832	43.329	104
C	29.034	-3.37	42.51	104
N	30.054	-4.213	42.427	105
CA	31.129	-3.891	41.459	105
C	30.704	-4.078	40.025	105
N	31.326	-3.261	39.177	106
CA	31.125	-3.351	37.685	106
C	32.486	-3.635	37.049	106
N	32.504	-4.321	35.881	107
CA	33.754	-4.534	35.184	107
C	33.617	-3.903	33.789	107
N	34.535	-2.939	33.552	108
CA	34.478	-2.082	32.308	108
C	33.039	-1.546	32.051	108
N	32.424	-1.092	33.148	109
CA	31.151	-0.378	33.108	109
C	29.94	-1.319	33.219	109
N	30.172	-2.632	33.176	110
CA	29.03	-3.551	33.159	110
C	28.695	-4.132	34.534	110
N	27.393	-4.09	34.886	111
CA	26.921	-4.779	36.011	111
C	26.823	-6.229	35.697	111
N	26.956	-7.05	36.654	112
CA	26.513	-8.423	36.659	112
C	25.145	-8.546	37.315	112
N	24.505	-9.733	37.203	113
CA	23.166	-9.838	37.711	113
C	23.066	-9.64	39.194	113
N	24.073	-10.164	39.908	114
CA	24.031	-10.037	41.422	114
C	25.468	-10.232	41.926	114
N	25.65	-10.142	43.254	115
CA	26.993	-10.32	43.843	115
C	26.846	-10.944	45.222	115
N	27.726	-11.909	45.472	116
CA	27.85	-12.526	46.788	116
C	29.045	-11.893	47.552	116
N	28.856	-11.609	48.835	117
CA	30.004	-11.135	49.662	117
C	30.177	-12.123	50.851	117
N	31.429	-12.618	50.986	118
CA	31.808	-13.488	52.127	118
C	32.723	-12.612	53.023	118
N	32.151	-12.241	54.181	119
CA	32.758	-11.196	55.055	119
C	33.634	-11.894	56.104	119
N	34.856	-11.387	56.278	120
CA	35.81	-11.9	57.283	120
C	36.326	-10.689	58.079	120
N	36.853	-11.009	59.266	121
CA	37.489	-9.946	60.121	121
C	38.904	-10.456	60.475	121
N	39.761	-9.506	60.833	122
CA	41.164	-9.774	61.172	122
C	41.279	-10.379	62.614	122
N	41.39	-11.738	62.629	123
CA	41.356	-12.459	63.902	123
C	42.735	-12.489	64.501	123
N	43.753	-11.995	63.805	124
CA	45.09	-11.889	64.478	124
C	45.07	-10.598	65.28	124
N	44.351	-9.568	64.85	125
CA	44.366	-8.266	65.56	125
C	43.196	-8.102	66.495	125
N	42.013	-8.674	66.168	126
CA	40.775	-8.313	66.846	126
C	40.015	-9.57	67.263	126
N	39.253	-9.476	68.336	127
CA	38.58	-10.617	68.883	127
C	37.305	-11.053	68.188	127
N	36.704	-10.128	67.409	128
CA	35.37	-10.397	66.807	128
C	35.149	-9.325	65.716	128
N	34.131	-9.619	64.86	129
CA	33.902	-8.764	63.745	129
C	33.394	-7.39	64.165	129
N	32.571	-7.331	65.251	130
CA	32.059	-6.054	65.674	130
C	33.223	-5.121	66.09	130
N	34.154	-5.666	66.859	131
CA	35.335	-4.859	67.276	131
C	36.185	-4.513	66.068	131
N	36.328	-5.461	65.105	132
CA	37.213	-5.202	63.915	132
C	36.617	-4.169	62.953	132
N	35.263	-4.004	62.981	133
CA	34.526	-3.413	61.863	133
C	34.982	-2.011	61.5	133
N	35.271	-1.177	62.527	134
CA	35.705	0.231	62.321	134
C	37.206	0.461	62.676	134
N	38.023	-0.602	62.668	135
CA	39.45	-0.543	63.015	135
C	40.368	-0.747	61.854	135
N	41.551	-0.165	61.921	136
CA	42.583	-0.445	60.87	136
C	42.755	-1.916	60.598	136
N	42.78	-2.217	59.285	137
CA	42.992	-3.576	58.783	137
C	41.902	-4.53	59.274	137
N	40.704	-4.034	59.511	138
CA	39.793	-4.885	60.232	138
C	39.105	-5.935	59.447	138
N	38.826	-5.673	58.176	139
CA	37.963	-6.591	57.447	139
C	38.486	-6.995	56.116	139
N	38.025	-8.129	55.637	140
CA	38.369	-8.624	54.221	140
C	37.108	-9.266	53.682	140
N	36.644	-8.806	52.531	141
CA	35.442	-9.424	51.954	141
C	35.846	-10.023	50.574	141
N	35.292	-11.207	50.338	142
CA	35.479	-11.847	49.009	142
C	34.164	-11.525	48.282	142
N	34.285	-11.067	47.03	143
CA	33.116	-10.83	46.155	143
C	33.099	-11.77	44.981	143
N	31.938	-12.411	44.802	144
CA	31.754	-13.309	43.626	144
C	30.626	-12.644	42.776	144
N	30.999	-12.381	41.525	145
CA	30.065	-11.823	40.526	145
C	29.134	-12.927	40.046	145
N	27.826	-12.651	39.876	146
CA	26.903	-13.749	39.475	146
C	26.178	-13.304	38.19	146
N	26.098	-14.249	37.247	147
CA	25.395	-13.922	35.978	147
C	24.331	-14.999	35.714	147
N	23.226	-14.69	34.987	148
CA	22.204	-15.727	34.711	148
C	22.799	-16.716	33.667	148
N	22.644	-18.033	33.929	149
CA	23.07	-19.2	33.11	149
C	22.476	-20.466	33.602	149
N	23.296	-21.437	33.912	150
CA	22.729	-22.707	34.298	150
C	22.241	-22.725	35.761	150
N	21.312	-23.566	36.142	151
CA	20.909	-23.795	37.49	151
C	22.095	-24.142	38.368	151
N	22.2	-23.6	39.609	152
CA	23.375	-23.825	40.43	152
C	22.92	-24.444	41.751	152
N	23.067	-25.773	41.908	153
CA	22.555	-26.427	43.107	153
C	23.159	-25.871	44.399	153
N	24.441	-25.425	44.321	154
CA	25.047	-24.926	45.513	154
C	24.458	-23.574	46.016	154
N	24.165	-22.618	45.099	155
CA	23.439	-21.46	45.517	155
C	22.046	-21.792	46.028	155
N	21.411	-22.9	45.484	156
CA	20.092	-23.243	45.991	156
C	20.126	-23.667	47.463	156
N	21.317	-24.025	48.021	157
CA	21.392	-24.285	49.442	157
C	21.136	-23.106	50.3	157
N	21.197	-21.948	49.666	158
CA	20.775	-20.744	50.335	158
C	19.331	-20.44	49.854	158
N	19.092	-20.436	48.541	159
CA	17.817	-19.828	47.967	159
C	16.588	-20.687	48.335	159
N	16.811	-21.966	48.608	160
CA	15.627	-22.848	48.94	160
C	15.044	-22.529	50.276	160
N	15.672	-21.718	51.141	161
CA	15.068	-21.385	52.408	161
C	14.501	-19.96	52.434	161
N	14.619	-19.207	51.357	162
CA	14.164	-17.8	51.444	162
C	12.712	-17.602	51.865	162
N	11.813	-18.507	51.598	163
CA	10.389	-18.205	51.994	163
C	10.202	-18.265	53.505	163
N	11.245	-18.574	54.322	164
CA	11.107	-18.593	55.772	164
C	11.702	-17.35	56.366	164
N	12.274	-16.458	55.509	165
CA	12.905	-15.198	56.058	165
C	12.402	-14.006	55.209	165
N	11.128	-13.991	54.827	166
CA	10.637	-13.023	53.821	166
C	10.664	-11.619	54.427	166
N	10.423	-11.467	55.759	167
CA	10.353	-10.188	56.377	167
C	11.459	-9.853	57.355	167
N	11.722	-8.541	57.525	168
CA	12.773	-8.099	58.464	168
C	12.673	-8.729	59.808	168
N	13.798	-9.231	60.256	169
CA	13.842	-9.76	61.632	169
C	13.55	-11.296	61.633	169
N	12.978	-11.87	60.562	170
CA	12.731	-13.343	60.477	170
C	14.041	-14.112	60.277	170
N	14.197	-15.18	61.07	171
CA	15.451	-16.012	61.026	171
C	15.123	-17.485	60.853	171
N	16.024	-18.262	60.194	172
CA	15.877	-19.743	60.01	172
C	17.205	-20.445	60.04	172
N	17.424	-21.444	60.874	173
CA	18.706	-22.207	60.842	173
C	18.715	-23.075	59.665	173
N	19.876	-23.046	58.952	174
CA	20.314	-23.823	57.755	174
C	21.376	-24.9	58.198	174
N	21.362	-26.153	57.667	175
CA	22.537	-27.031	57.894	175
C	23.769	-26.474	57.161	175
N	24.919	-26.833	57.751	176
CA	26.172	-26.471	57.039	176
C	26.269	-27.141	55.681	176
N	26.978	-26.459	54.804	177
CA	27.337	-27.0	53.503	177
C	28.742	-26.38	53.104	177
N	29.283	-26.878	52.004	178
CA	30.648	-26.448	51.615	178
C	30.55	-25.063	50.91	178
N	30.919	-24.035	51.672	179
CA	30.877	-22.702	51.155	179
C	31.774	-22.511	49.936	179
N	32.846	-23.349	49.758	180
CA	33.699	-23.217	48.581	180
C	32.948	-23.494	47.3	180
N	31.806	-24.236	47.395	181
CA	31.029	-24.466	46.153	181
C	30.414	-23.167	45.565	181
N	30.397	-22.088	46.368	182
CA	29.884	-20.798	45.935	182
C	30.92	-20.003	45.131	182
N	32.162	-20.479	45.154	183
CA	33.277	-19.681	44.489	183
C	33.395	-20.062	43.024	183
N	33.915	-19.201	42.173	184
CA	34.075	-19.436	40.745	184
C	35.343	-20.194	40.428	184
N	35.462	-20.417	39.079	185
CA	36.681	-21.059	38.583	185
C	37.869	-20.115	38.741	185
N	39.059	-20.717	38.923	186
CA	40.314	-19.945	38.87	186
C	40.276	-18.83	39.919	186
N	40.006	-19.228	41.188	187
CA	40.036	-18.197	42.221	187
C	41.388	-17.44	42.385	187
N	42.501	-18.038	41.854	188
CA	43.773	-17.339	41.88	188
C	43.753	-16.022	41.11	188
N	42.815	-15.855	40.192	189
CA	42.742	-14.645	39.326	189
C	41.713	-13.702	40.02	189
N	42.144	-12.507	40.448	190
CA	41.23	-11.601	41.164	190
C	41.745	-10.138	41.028	190
N	40.833	-9.216	41.396	191
CA	41.167	-7.819	41.613	191
C	41.262	-7.557	43.11	191
N	42.228	-6.746	43.557	192
CA	42.386	-6.45	44.97	192
C	42.496	-4.947	45.181	192
N	41.747	-4.415	46.146	193
CA	41.982	-2.97	46.486	193
C	41.525	-2.679	47.924	193
N	41.95	-1.578	48.513	194
CA	41.525	-1.187	49.821	194
C	40.28	-0.291	49.594	194
N	39.197	-0.647	50.308	195
CA	37.979	0.135	50.205	195
C	37.173	0.048	51.48	195
N	35.836	0.003	51.364	196
CA	34.927	0.294	52.485	196
C	33.796	-0.729	52.576	196
N	33.115	-0.758	53.69	197
CA	31.759	-1.383	53.673	197
C	30.894	-0.637	52.636	197
N	30.039	-1.326	51.888	198
CA	29.211	-0.677	50.837	198
C	27.817	-0.284	51.335	198
N	27.598	-0.468	52.667	199
CA	26.39	0.043	53.264	199
C	26.782	0.838	54.543	199
N	25.892	1.662	55.086	200
CA	26.153	2.302	56.453	200
C	26.635	1.174	57.365	200
N	27.631	1.424	58.201	201
CA	28.282	2.735	58.403	201
C	29.406	3.093	57.403	201
N	29.655	2.265	56.386	202
CA	30.606	2.634	55.321	202
C	32.081	2.753	55.733	202
N	32.377	2.014	56.798	203
CA	33.756	2.218	57.385	203
C	34.818	1.886	56.347	203
N	35.891	2.606	56.234	204
CA	36.907	2.382	55.196	204
C	37.984	1.383	55.6	204
N	37.529	0.175	55.966	205
CA	38.358	-0.786	56.676	205
C	38.356	-2.137	55.972	205
N	37.94	-2.195	54.692	206
CA	37.833	-3.5	53.958	206
C	38.918	-3.676	52.962	206
N	39.654	-4.789	53.054	207
CA	40.497	-5.242	51.892	207
C	39.541	-6.112	50.974	207
N	39.265	-5.609	49.764	208
CA	38.411	-6.309	48.812	208
C	39.168	-7.254	47.933	208
N	38.583	-8.405	47.668	209
CA	39.088	-9.329	46.636	209
C	37.887	-9.663	45.781	209
N	37.884	-9.223	44.517	210
CA	36.797	-9.528	43.616	210
C	37.291	-10.587	42.59	210
N	36.705	-11.763	42.603	211
CA	37.213	-12.774	41.688	211
C	37.0	-12.36	40.231	211
N	37.967	-12.728	39.368	212
CA	37.861	-12.337	37.956	212
C	36.67	-13.01	37.252	212
N	36.399	-14.279	37.583	213
CA	35.332	-15.024	36.898	213
C	34.056	-15.053	37.695	213
N	32.912	-14.92	36.986	214
CA	31.63	-15.025	37.621	214
C	31.197	-16.511	37.781	214
N	30.197	-16.719	38.612	215
CA	29.408	-17.964	38.642	215
C	28.079	-17.726	37.924	215
N	27.417	-18.836	37.601	216
CA	26.078	-18.734	37.025	216
C	25.012	-19.278	37.935	216
N	23.821	-18.618	37.94	217
CA	22.546	-19.165	38.495	217
C	21.446	-19.087	37.433	217
N	20.395	-19.916	37.558	218
CA	19.457	-19.865	36.41	218
C	18.571	-18.634	36.452	218
N	17.863	-18.367	35.351	219
CA	16.848	-17.286	35.31	219
C	15.887	-17.459	36.469	219
N	15.433	-18.675	36.729	220
CA	14.48	-18.91	37.811	220
C	15.086	-18.578	39.202	220
N	16.357	-18.938	39.42	221
CA	16.896	-18.696	40.737	221
C	17.063	-17.157	40.932	221
N	17.472	-16.467	39.851	222
CA	17.709	-15.024	39.942	222
C	16.344	-14.387	40.262	222
N	15.273	-14.765	39.518	223
CA	13.969	-14.142	39.778	223
C	13.481	-14.51	41.164	223
N	13.742	-15.756	41.661	224
CA	13.319	-16.089	43.018	224
C	13.973	-15.123	44.039	224
N	15.322	-14.907	43.83	225
CA	16.019	-14.069	44.832	225
C	15.458	-12.615	44.794	225
N	15.191	-12.111	43.566	226
CA	14.663	-10.773	43.444	226
C	13.247	-10.585	43.929	226
N	12.502	-11.7	44.133	227
CA	11.072	-11.551	44.554	227
C	10.736	-12.116	45.91	227
N	11.689	-12.773	46.575	228
CA	11.372	-13.512	47.81	228
C	11.15	-12.589	48.999	228
N	11.9	-11.474	49.04	229
CA	12.12	-10.814	50.351	229
C	11.603	-9.361	50.393	229
N	11.32	-8.891	51.591	230
CA	10.864	-7.539	51.893	230
C	11.871	-6.917	52.906	230
N	12.033	-5.602	52.814	231
CA	12.859	-4.85	53.718	231
C	12.248	-4.552	55.088	231
N	10.947	-4.775	55.158	232
CA	10.114	-4.289	56.235	232
C	9.625	-5.452	57.148	232
N	9.282	-5.11	58.406	233
CA	8.75	-6.069	59.296	233
C	7.373	-6.545	58.868	233
N	6.994	-7.705	59.431	234
CA	5.771	-8.303	58.997	234
C	4.571	-7.463	59.485	234
N	4.717	-6.51	60.42	235
CA	3.617	-5.612	60.769	235
C	3.764	-4.177	60.285	235
N	4.55	-3.942	59.221	236
CA	4.777	-2.573	58.783	236
C	3.545	-2.242	57.885	236
N	2.88	-1.106	58.148	237
CA	1.801	-0.679	57.252	237
C	2.251	-0.245	55.857	237
N	3.566	-0.009	55.607	238
CA	4.034	0.412	54.268	238
C	5.169	-0.576	53.838	238
N	4.774	-1.788	53.412	239
CA	5.797	-2.804	52.953	239
C	6.638	-2.284	51.867	239
N	7.939	-2.688	51.895	240
CA	8.876	-2.33	50.811	240
C	9.567	-3.642	50.324	240
N	9.474	-3.986	49.05	241
CA	10.214	-5.138	48.478	241
C	11.69	-4.925	48.52	241
N	12.424	-6.029	48.82	242
CA	13.905	-5.99	48.893	242
C	14.411	-6.241	47.485	242
N	14.616	-5.112	46.733	243
CA	15.129	-4.991	45.372	243
C	16.149	-3.823	45.292	243
N	17.026	-3.952	44.309	244
CA	17.967	-2.865	44.056	244
C	18.773	-2.57	45.293	244
N	19.181	-3.617	46.039	245
CA	19.949	-3.429	47.271	245
C	21.441	-3.462	46.989	245
N	21.897	-2.606	46.089	246
CA	23.295	-2.427	45.759	246
C	23.526	-0.921	45.714	246
N	24.819	-0.566	46.036	247
CA	25.216	0.834	46.004	247
C	25.783	1.209	44.616	247
N	25.488	2.432	44.168	248
CA	26.137	2.971	42.946	248
C	27.64	2.955	43.102	248
N	28.376	2.76	41.99	249
CA	29.856	2.807	42.052	249
C	30.344	4.192	42.461	249
N	31.499	4.174	43.096	250
CA	32.065	5.41	43.662	250
C	33.198	5.98	42.728	250
N	33.482	7.308	42.907	251
CA	34.712	7.825	42.35	251
C	35.939	7.078	42.885	251
N	36.979	6.888	42.05	252
CA	38.185	6.184	42.424	252
C	39.223	6.839	41.608	252
N	39.836	7.836	42.233	253
CA	40.665	8.928	41.616	253
C	42.044	8.952	42.084	253
N	42.983	8.911	41.146	254
CA	44.409	8.623	41.481	254
C	44.589	7.28	42.162	254
N	43.522	6.562	42.458	255
CA	43.932	5.335	43.097	255
C	43.915	4.092	42.221	255
N	44.571	3.011	42.679	256
CA	44.803	1.801	41.903	256
C	44.168	0.531	42.572	256
N	43.787	-0.308	41.673	257
CA	43.284	-1.685	41.87	257
C	44.371	-2.616	41.32	257
N	44.697	-3.65	42.079	258
CA	45.814	-4.555	41.686	258
C	45.223	-5.853	41.217	258
N	45.751	-6.389	40.122	259
CA	45.277	-7.632	39.609	259
C	46.35	-8.775	39.792	259
N	45.877	-10.007	40.076	260
CA	46.796	-11.167	40.207	260
C	47.0	-11.812	38.901	260
N	46.449	-11.266	37.832	261
CA	46.627	-11.779	36.478	261
C	47.151	-10.668	35.572	261
N	48.127	-11.013	34.709	262
CA	48.636	-10.02	33.726	262
C	47.878	-10.024	32.432	262
N	47.073	-11.062	32.186	263
CA	46.27	-11.138	31.0	263
C	45.129	-12.124	31.202	263
