ATOM	X	Y	Z	RESIDUE
N	22.27	-6.442	-6.0	1
CA	21.215	-6.572	-7.032	1
C	20.608	-5.201	-7.237	1
N	20.298	-4.824	-8.474	2
CA	19.486	-3.638	-8.756	2
C	18.062	-3.808	-8.212	2
N	17.359	-2.694	-8.042	3
CA	15.936	-2.66	-7.705	3
C	15.106	-2.745	-8.993	3
N	14.054	-3.565	-8.987	4
CA	13.144	-3.722	-10.123	4
C	11.985	-2.722	-10.057	4
N	11.234	-2.554	-11.14	5
CA	9.949	-1.852	-11.047	5
C	8.905	-2.768	-10.41	5
N	8.004	-2.185	-9.62	6
CA	6.873	-2.881	-9.001	6
C	5.579	-2.378	-9.641	6
N	4.68	-3.309	-9.944	7
CA	3.335	-3.014	-10.436	7
C	2.475	-2.399	-9.323	7
N	1.729	-1.342	-9.649	8
CA	0.822	-0.66	-8.719	8
C	-0.458	-1.461	-8.507	8
N	-0.359	-2.527	-7.721	9
CA	-1.445	-3.47	-7.469	9
C	-1.591	-3.709	-5.952	9
N	-2.822	-3.663	-5.404	10
CA	-3.054	-3.828	-3.969	10
C	-2.606	-5.198	-3.442	10
N	-2.732	-6.262	-4.238	11
CA	-2.273	-7.603	-3.885	11
C	-0.75	-7.718	-3.862	11
N	-0.056	-7.04	-4.78	12
CA	1.414	-6.939	-4.78	12
C	1.902	-6.193	-3.539	12
N	1.328	-5.023	-3.251	13
CA	1.729	-4.202	-2.106	13
C	1.405	-4.894	-0.776	13
N	0.241	-5.538	-0.666	14
CA	-0.141	-6.307	0.527	14
C	0.835	-7.454	0.794	14
N	1.202	-8.236	-0.224	15
CA	2.163	-9.329	-0.041	15
C	3.582	-8.803	0.243	15
N	4.0	-7.69	-0.368	16
CA	5.272	-7.03	-0.053	16
C	5.348	-6.613	1.427	16
N	4.283	-6.009	1.959	17
CA	4.16	-5.642	3.38	17
C	4.279	-6.882	4.279	17
N	3.598	-7.977	3.93	18
CA	3.675	-9.241	4.671	18
C	5.075	-9.869	4.636	18
N	5.778	-9.792	3.503	19
CA	7.156	-10.28	3.381	19
C	8.146	-9.466	4.223	19
N	7.872	-8.176	4.437	20
CA	8.586	-7.335	5.407	20
C	8.159	-7.595	6.865	20
N	7.35	-8.635	7.108	21
CA	6.9	-9.113	8.423	21
C	5.956	-8.169	9.178	21
N	5.371	-7.201	8.479	22
CA	4.352	-6.306	9.032	22
C	3.027	-7.06	9.137	22
N	2.293	-6.857	10.234	23
CA	1.037	-7.565	10.52	23
C	-0.153	-6.621	10.589	23
N	-1.337	-7.172	10.324	24
CA	-2.604	-6.456	10.487	24
C	-2.838	-5.332	9.478	24
N	-2.093	-5.312	8.369	25
CA	-2.196	-4.299	7.309	25
C	-2.524	-4.963	5.975	25
N	-3.337	-4.291	5.166	26
CA	-3.504	-4.59	3.745	26
C	-3.554	-3.293	2.936	26
N	-3.507	-3.423	1.617	27
CA	-3.617	-2.305	0.684	27
C	-4.853	-2.498	-0.179	27
N	-5.611	-1.429	-0.394	28
CA	-6.778	-1.405	-1.281	28
C	-6.616	-0.326	-2.34	28
N	-7.168	-0.563	-3.523	29
CA	-7.231	0.454	-4.568	29
C	-8.448	1.362	-4.357	29
N	-8.24	2.669	-4.505	30
CA	-9.283	3.685	-4.449	30
C	-9.648	4.129	-5.867	30
N	-10.872	3.814	-6.292	31
CA	-11.422	4.26	-7.581	31
C	-12.093	5.634	-7.509	31
N	-12.465	6.069	-6.308	32
CA	-13.082	7.363	-6.062	32
C	-12.592	7.953	-4.745	32
N	-12.635	9.28	-4.692	33
CA	-12.214	10.101	-3.56	33
C	-13.417	10.643	-2.771	33
N	-14.612	10.087	-2.979	34
CA	-15.799	10.505	-2.242	34
C	-15.74	10.055	-0.774	34
N	-16.465	10.784	0.075	35
CA	-16.476	10.559	1.519	35
C	-16.9	9.143	1.907	35
N	-17.819	8.511	1.171	36
CA	-18.313	7.173	1.508	36
C	-17.232	6.124	1.242	36
N	-16.572	6.204	0.086	37
CA	-15.461	5.324	-0.284	37
C	-14.296	5.423	0.702	37
N	-13.929	6.642	1.106	38
CA	-12.882	6.874	2.106	38
C	-13.301	6.392	3.505	38
N	-14.552	6.635	3.904	39
CA	-15.07	6.246	5.215	39
C	-15.18	4.722	5.375	39
N	-15.576	4.011	4.317	40
CA	-15.664	2.547	4.294	40
C	-14.301	1.869	4.494	40
N	-13.21	2.577	4.185	41
CA	-11.852	2.078	4.331	41
C	-11.179	2.443	5.666	41
N	-11.882	3.01	6.647	42
CA	-11.246	3.294	7.942	42
C	-10.958	2.025	8.767	42
N	-9.921	2.039	9.625	43
CA	-8.88	3.069	9.713	43
C	-7.922	3.011	8.504	43
N	-7.589	4.185	7.954	44
CA	-6.603	4.361	6.873	44
C	-5.326	4.922	7.493	44
N	-4.198	4.244	7.299	45
CA	-2.892	4.639	7.84	45
C	-2.15	5.633	6.942	45
N	-2.443	5.604	5.645	46
CA	-1.866	6.506	4.661	46
C	-2.374	6.195	3.259	46
N	-2.185	7.141	2.345	47
CA	-2.478	6.966	0.925	47
C	-1.179	6.958	0.128	47
N	-1.083	6.082	-0.864	48
CA	0.006	6.038	-1.835	48
C	-0.559	6.475	-3.178	48
N	0.005	7.532	-3.748	49
CA	-0.414	8.069	-5.035	49
C	0.663	7.826	-6.089	49
N	0.26	7.202	-7.192	50
CA	1.071	6.982	-8.378	50
C	0.652	7.95	-9.481	50
N	1.631	8.64	-10.052	51
CA	1.433	9.548	-11.178	51
C	2.608	9.477	-12.155	51
N	2.387	9.928	-13.393	52
CA	3.46	10.066	-14.381	52
C	4.396	11.201	-13.969	52
N	5.672	10.888	-13.81	53
CA	6.7	11.856	-13.465	53
C	7.127	12.657	-14.698	53
N	7.197	13.983	-14.569	54
CA	7.617	14.878	-15.646	54
C	8.958	15.54	-15.316	54
N	9.982	15.233	-16.116	55
CA	11.308	15.815	-15.951	55
C	11.278	17.342	-16.151	55
N	11.718	18.09	-15.137	56
CA	11.78	19.555	-15.161	56
C	10.59	20.254	-14.504	56
N	9.576	19.509	-14.057	57
CA	8.539	20.064	-13.196	57
C	9.148	20.447	-11.841	57
N	9.189	21.752	-11.566	58
CA	9.615	22.278	-10.274	58
C	8.387	22.465	-9.405	58
N	8.239	21.569	-8.447	59
CA	7.354	21.803	-7.318	59
C	8.022	22.82	-6.392	59
N	7.478	24.031	-6.353	60
CA	8.021	25.139	-5.563	60
C	7.487	25.156	-4.123	60
N	6.642	24.184	-3.741	61
CA	6.158	24.069	-2.362	61
C	7.351	23.878	-1.414	61
N	7.408	24.621	-0.296	62
CA	8.532	24.543	0.625	62
C	8.601	23.16	1.279	62
N	9.786	22.556	1.25	63
CA	10.089	21.335	1.999	63
C	10.649	21.695	3.368	63
N	10.319	20.897	4.379	64
CA	10.913	21.048	5.705	64
C	12.327	20.47	5.652	64
N	13.323	21.323	5.875	65
CA	14.741	20.944	5.863	65
C	15.205	20.426	7.229	65
N	14.573	20.912	8.298	66
CA	14.874	20.49	9.658	66
C	14.25	19.126	9.97	66
N	14.884	18.385	10.878	67
CA	14.329	17.126	11.354	67
C	13.012	17.375	12.102	67
N	11.919	16.826	11.573	68
CA	10.619	16.813	12.249	68
C	10.604	15.682	13.279	68
N	10.262	16.013	14.524	69
CA	10.094	15.04	15.608	69
C	9.103	13.944	15.213	69
N	9.412	12.688	15.546	70
CA	8.593	11.494	15.274	70
C	8.273	11.181	13.799	70
N	8.686	12.015	12.84	71
CA	8.48	11.773	11.416	71
C	9.674	11.031	10.798	71
N	9.394	9.867	10.235	72
CA	10.298	9.129	9.376	72
C	10.137	9.601	7.926	72
N	11.15	10.289	7.406	73
CA	11.27	10.652	5.996	73
C	12.638	10.204	5.475	73
N	12.676	9.652	4.263	74
CA	13.884	9.136	3.635	74
C	13.919	9.525	2.156	74
N	15.073	9.99	1.678	75
CA	15.257	10.264	0.26	75
C	15.409	8.965	-0.534	75
N	14.957	9.006	-1.777	76
CA	15.2	7.957	-2.741	76
C	16.593	8.121	-3.345	76
N	17.548	7.338	-2.845	77
CA	18.953	7.384	-3.295	77
C	19.253	6.46	-4.487	77
N	18.242	5.752	-5.001	78
CA	18.363	4.731	-6.052	78
C	17.109	4.666	-6.932	78
N	17.26	4.249	-8.186	79
CA	16.13	4.102	-9.106	79
C	15.211	2.93	-8.72	79
N	13.935	3.034	-9.103	80
CA	12.883	2.018	-8.944	80
C	12.494	1.629	-7.5	80
N	13.02	2.294	-6.466	81
CA	12.669	2.0	-5.071	81
C	11.427	2.755	-4.551	81
N	10.859	3.671	-5.347	82
CA	9.759	4.569	-4.965	82
C	8.568	3.84	-4.327	82
N	8.121	2.716	-4.9	83
CA	6.994	1.939	-4.372	83
C	7.225	1.476	-2.921	83
N	8.39	0.883	-2.644	84
CA	8.731	0.419	-1.292	84
C	8.963	1.577	-0.34	84
N	9.587	2.663	-0.794	85
CA	9.761	3.837	0.055	85
C	8.425	4.477	0.435	85
N	7.462	4.553	-0.486	86
CA	6.116	5.042	-0.198	86
C	5.409	4.184	0.87	86
N	5.524	2.854	0.772	87
CA	5.025	1.925	1.797	87
C	5.709	2.184	3.147	87
N	7.045	2.223	3.18	88
CA	7.81	2.421	4.415	88
C	7.533	3.782	5.057	88
N	7.345	4.829	4.253	89
CA	6.983	6.16	4.72	89
C	5.646	6.162	5.475	89
N	4.711	5.277	5.123	90
CA	3.468	5.099	5.879	90
C	3.73	4.229	7.109	90
N	4.223	3.002	6.912	91
CA	4.374	2.012	7.985	91
C	5.24	2.51	9.148	91
N	6.379	3.142	8.854	92
CA	7.306	3.627	9.878	92
C	6.781	4.861	10.62	92
N	5.694	5.475	10.159	93
CA	5.023	6.606	10.797	93
C	3.671	6.238	11.426	93
N	3.244	4.973	11.353	94
CA	1.989	4.493	11.944	94
C	2.255	3.735	13.256	94
N	2.159	4.377	14.438	95
CA	2.488	3.749	15.724	95
C	1.557	2.589	16.112	95
N	0.351	2.528	15.546	96
CA	-0.617	1.448	15.786	96
C	-0.311	0.157	15.016	96
N	0.584	0.224	14.029	97
CA	0.907	-0.902	13.156	97
C	2.038	-1.73	13.766	97
N	1.843	-3.05	13.853	98
CA	2.932	-3.991	14.144	98
C	3.833	-4.117	12.907	98
N	4.892	-3.304	12.869	99
CA	5.878	-3.276	11.778	99
C	6.911	-4.412	11.856	99
N	6.85	-5.267	12.88	100
CA	7.797	-6.36	13.058	100
C	9.211	-5.92	13.485	100
N	10.095	-6.889	13.783	101
CA	11.398	-6.629	14.397	101
C	12.39	-5.93	13.459	101
N	12.426	-6.306	12.178	102
CA	13.384	-5.764	11.2	102
C	13.148	-4.274	10.927	102
N	11.896	-3.881	10.664	103
CA	11.553	-2.474	10.452	103
C	11.658	-1.656	11.743	103
N	11.353	-2.25	12.902	104
CA	11.585	-1.599	14.199	104
C	13.071	-1.314	14.426	104
N	13.944	-2.285	14.136	105
CA	15.39	-2.121	14.24	105
C	15.91	-1.06	13.262	105
N	15.425	-1.062	12.014	106
CA	15.76	-0.037	11.025	106
C	15.332	1.363	11.491	106
N	14.105	1.504	12.009	107
CA	13.564	2.78	12.501	107
C	14.383	3.327	13.668	107
N	14.752	2.478	14.626	108
CA	15.58	2.891	15.764	108
C	17.019	3.211	15.334	108
N	17.628	2.372	14.487	109
CA	18.993	2.572	13.985	109
C	19.158	3.901	13.24	109
N	18.139	4.3	12.482	110
CA	18.175	5.495	11.629	110
C	17.504	6.721	12.252	110
N	17.089	6.642	13.522	111
CA	16.309	7.674	14.221	111
C	16.898	9.085	14.109	111
N	18.219	9.202	14.242	112
CA	18.953	10.475	14.211	112
C	19.712	10.702	12.895	112
N	19.439	9.906	11.861	113
CA	20.092	10.075	10.568	113
C	19.4	11.172	9.748	113
N	20.155	11.915	8.919	114
CA	19.571	12.704	7.844	114
C	18.849	11.794	6.832	114
N	17.949	12.378	6.045	115
CA	17.013	11.653	5.178	115
C	17.687	10.874	4.044	115
N	18.831	11.335	3.55	116
CA	19.668	10.637	2.573	116
C	20.276	9.353	3.159	116
N	20.786	9.411	4.394	117
CA	21.315	8.242	5.097	117
C	20.212	7.263	5.519	117
N	19.001	7.745	5.839	118
CA	17.811	6.882	5.991	118
C	17.513	6.129	4.691	118
N	17.566	6.823	3.552	119
CA	17.422	6.229	2.221	119
C	18.478	5.162	1.926	119
N	19.737	5.442	2.269	120
CA	20.845	4.499	2.126	120
C	20.684	3.264	3.027	120
N	20.179	3.434	4.25	121
CA	19.899	2.324	5.158	121
C	18.796	1.397	4.617	121
N	17.728	1.953	4.028	122
CA	16.693	1.17	3.328	122
C	17.314	0.384	2.168	122
N	18.156	1.031	1.356	123
CA	18.81	0.378	0.222	123
C	19.699	-0.808	0.647	123
N	20.419	-0.655	1.76	124
CA	21.312	-1.68	2.3	124
C	20.586	-2.774	3.099	124
N	19.262	-2.693	3.248	125
CA	18.478	-3.752	3.874	125
C	18.243	-4.9	2.892	125
N	18.918	-6.025	3.131	126
CA	18.755	-7.234	2.323	126
C	17.33	-7.789	2.383	126
N	16.666	-7.699	3.539	127
CA	15.292	-8.174	3.723	127
C	14.297	-7.352	2.905	127
N	14.369	-6.019	2.985	128
CA	13.512	-5.116	2.203	128
C	13.779	-5.304	0.708	128
N	15.054	-5.327	0.303	129
CA	15.441	-5.483	-1.102	129
C	15.034	-6.845	-1.665	129
N	15.136	-7.917	-0.88	130
CA	14.677	-9.245	-1.28	130
C	13.151	-9.3	-1.424	130
N	12.406	-8.69	-0.497	131
CA	10.95	-8.619	-0.571	131
C	10.493	-7.843	-1.818	131
N	11.082	-6.664	-2.05	132
CA	10.847	-5.836	-3.233	132
C	11.132	-6.61	-4.53	132
N	12.336	-7.178	-4.654	133
CA	12.745	-7.913	-5.851	133
C	12.036	-9.267	-6.01	133
N	11.269	-9.737	-5.019	134
CA	10.479	-10.964	-5.166	134
C	9.377	-10.831	-6.221	134
N	9.031	-9.602	-6.622	135
CA	8.085	-9.287	-7.696	135
C	8.767	-8.917	-9.021	135
N	10.096	-9.04	-9.111	136
CA	10.809	-8.81	-10.359	136
C	10.342	-9.8	-11.434	136
N	10.134	-9.305	-12.659	137
CA	9.862	-10.18	-13.802	137
C	11.086	-11.062	-14.083	137
N	10.902	-12.369	-14.331	138
CA	11.984	-13.228	-14.796	138
C	12.433	-12.805	-16.202	138
N	13.54	-12.073	-16.299	139
CA	14.153	-11.704	-17.578	139
C	15.259	-12.716	-17.939	139
N	15.203	-13.388	-19.109	140
CA	16.272	-14.289	-19.549	140
C	17.563	-13.538	-19.905	140
N	17.443	-12.26	-20.272	141
CA	18.552	-11.356	-20.54	141
C	18.315	-10.092	-19.723	141
N	19.08	-9.892	-18.653	142
CA	19.131	-8.593	-17.976	142
C	20.116	-7.742	-18.777	142
N	19.7	-6.654	-19.449	143
CA	20.666	-5.728	-20.021	143
C	21.563	-5.205	-18.89	143
N	22.89	-5.291	-19.04	144
CA	23.847	-4.746	-18.055	144
C	23.653	-3.234	-17.85	144
N	23.138	-2.549	-18.871	145
CA	22.857	-1.121	-18.861	145
C	21.344	-0.881	-18.753	145
N	20.878	-0.469	-17.571	146
CA	19.619	0.268	-17.484	146
C	19.843	1.606	-18.193	146
N	19.3	1.765	-19.405	147
CA	19.29	3.071	-20.072	147
C	18.638	4.088	-19.139	147
N	19.28	5.244	-18.975	148
CA	18.636	6.383	-18.34	148
C	17.333	6.677	-19.092	148
N	16.24	6.849	-18.35	149
CA	14.958	7.178	-18.943	149
C	15.089	8.455	-19.79	149
N	14.62	8.379	-21.025	150
CA	14.478	9.5	-21.949	150
C	13.174	10.249	-21.668	150
N	12.99	11.437	-22.262	151
CA	11.734	12.203	-22.12	151
C	10.504	11.468	-22.669	151
N	10.722	10.501	-23.556	152
CA	9.67	9.687	-24.162	152
C	9.334	8.446	-23.317	152
N	10.137	8.136	-22.29	153
CA	9.865	7.016	-21.395	153
C	8.788	7.407	-20.37	153
N	7.73	6.598	-20.284	154
CA	6.672	6.731	-19.281	154
C	7.21	6.348	-17.886	154
N	7.922	7.274	-17.241	155
CA	8.396	7.113	-15.861	155
C	7.271	7.47	-14.899	155
N	6.968	6.562	-13.979	156
CA	5.971	6.763	-12.933	156
C	6.629	6.893	-11.566	156
N	6.016	7.689	-10.691	157
CA	6.527	7.949	-9.352	157
C	5.46	7.773	-8.274	157
N	5.872	7.178	-7.154	158
CA	5.036	6.942	-5.981	158
C	5.369	7.948	-4.884	158
N	4.331	8.537	-4.301	159
CA	4.422	9.392	-3.113	159
C	3.404	8.946	-2.071	159
N	3.605	9.363	-0.824	160
CA	2.7	9.03	0.275	160
C	2.089	10.265	0.918	160
N	0.84	10.143	1.351	161
CA	0.151	11.108	2.199	161
C	-0.171	10.476	3.55	161
N	0.159	11.169	4.64	162
CA	0.004	10.636	5.999	162
C	-0.181	11.749	7.047	162
N	-1.091	11.582	8.027	163
CA	-1.145	12.429	9.217	163
C	-0.115	11.982	10.269	163
N	0.727	12.9	10.752	164
CA	1.671	12.658	11.861	164
C	1.627	13.843	12.82	164
N	1.5	13.576	14.123	165
CA	1.486	14.585	15.196	165
C	0.576	15.808	14.922	165
N	-0.619	15.564	14.366	166
CA	-1.615	16.604	14.074	166
C	-1.309	17.46	12.839	166
N	-0.403	17.019	11.965	167
CA	-0.06	17.678	10.698	167
C	-0.171	16.671	9.557	167
N	-0.772	17.087	8.443	168
CA	-0.832	16.278	7.231	168
C	0.426	16.515	6.389	168
N	1.086	15.437	5.972	169
CA	2.304	15.492	5.17	169
C	2.141	14.807	3.816	169
N	2.774	15.391	2.8	170
CA	3.17	14.707	1.57	170
C	4.641	14.289	1.707	170
N	4.902	12.994	1.544	171
CA	6.219	12.378	1.631	171
C	6.615	11.858	0.247	171
N	7.556	12.557	-0.378	172
CA	8.098	12.241	-1.696	172
C	9.618	12.056	-1.584	172
N	10.105	10.841	-1.859	173
CA	11.53	10.511	-1.77	173
C	12.425	11.294	-2.742	173
N	11.867	11.908	-3.792	174
CA	12.6	12.748	-4.748	174
C	12.682	14.225	-4.325	174
N	12.051	14.613	-3.212	175
CA	12.15	15.963	-2.634	175
C	13.237	16.012	-1.573	175
N	13.769	17.202	-1.302	176
CA	14.764	17.421	-0.236	176
C	14.219	17.084	1.162	176
N	12.911	17.239	1.371	177
CA	12.26	17.029	2.659	177
C	10.75	16.828	2.524	177
N	10.056	16.521	3.631	178
CA	8.604	16.399	3.644	178
C	7.932	17.747	3.353	178
N	6.758	17.705	2.725	179
CA	5.921	18.884	2.474	179
C	4.766	18.86	3.474	179
N	4.63	19.92	4.27	180
CA	3.475	20.091	5.157	180
C	2.282	20.618	4.366	180
N	1.16	19.906	4.44	181
CA	-0.123	20.303	3.855	181
C	-1.003	21.074	4.852	181
N	-0.557	21.189	6.106	182
CA	-1.179	22.011	7.138	182
C	-1.63	21.23	8.378	182
N	-2.124	21.946	9.406	183
CA	-2.636	21.334	10.625	183
C	-3.852	20.459	10.326	183
N	-3.802	19.214	10.776	184
CA	-4.873	18.247	10.646	184
C	-5.381	17.855	12.043	184
N	-6.439	18.513	12.549	185
CA	-7.021	18.168	13.837	185
C	-7.735	16.814	13.746	185
N	-7.474	15.918	14.695	186
CA	-8.108	14.601	14.754	186
C	-7.132	13.495	15.138	186
N	-7.652	12.275	15.199	187
CA	-6.834	11.071	15.322	187
C	-6.174	10.728	13.97	187
N	-5.009	10.07	13.982	188
CA	-4.321	9.606	12.765	188
C	-5.182	8.625	11.952	188
N	-6.173	7.995	12.59	189
CA	-7.136	7.094	11.944	189
C	-8.487	7.743	11.598	189
N	-8.623	9.048	11.861	190
CA	-9.827	9.845	11.634	190
C	-10.168	10.069	10.157	190
N	-11.38	10.564	9.897	191
CA	-11.831	10.934	8.541	191
C	-11.323	12.328	8.136	191
N	-10.937	13.146	9.113	192
CA	-10.597	14.559	8.966	192
C	-9.407	14.759	8.021	192
N	-8.358	13.944	8.166	193
CA	-7.186	14.029	7.295	193
C	-7.481	13.545	5.873	193
N	-8.382	12.567	5.726	194
CA	-8.824	12.068	4.424	194
C	-9.617	13.144	3.672	194
N	-10.474	13.89	4.371	195
CA	-11.174	15.051	3.81	195
C	-10.211	16.19	3.454	195
N	-9.145	16.372	4.238	196
CA	-8.126	17.39	3.984	196
C	-7.241	17.054	2.773	196
N	-6.866	15.783	2.591	197
CA	-6.0	15.348	1.48	197
C	-6.76	15.193	0.161	197
N	-8.063	14.905	0.216	198
CA	-8.922	14.736	-0.955	198
C	-8.766	15.864	-2.001	198
N	-8.946	17.162	-1.668	199
CA	-8.79	18.242	-2.643	199
C	-7.353	18.372	-3.161	199
N	-6.338	18.032	-2.356	200
CA	-4.924	18.073	-2.775	200
C	-4.659	17.057	-3.889	200
N	-5.188	15.838	-3.747	201
CA	-5.053	14.789	-4.767	201
C	-5.877	15.143	-6.009	201
N	-7.102	15.654	-5.835	202
CA	-7.948	16.093	-6.951	202
C	-7.273	17.192	-7.772	202
N	-6.762	18.238	-7.121	203
CA	-6.049	19.325	-7.794	203
C	-4.842	18.788	-8.576	203
N	-4.096	17.84	-7.995	204
CA	-2.959	17.212	-8.672	204
C	-3.386	16.433	-9.913	204
N	-4.462	15.65	-9.846	205
CA	-5.008	14.926	-11.007	205
C	-5.475	15.919	-12.084	205
N	-6.182	16.981	-11.693	206
CA	-6.723	17.994	-12.604	206
C	-5.634	18.715	-13.403	206
N	-4.491	19.042	-12.779	207
CA	-3.342	19.684	-13.451	207
C	-2.847	18.921	-14.684	207
N	-2.981	17.595	-14.703	208
CA	-2.523	16.752	-15.812	208
C	-3.662	16.124	-16.619	208
N	-4.914	16.262	-16.176	209
CA	-6.092	15.595	-16.756	209
C	-6.282	15.815	-18.265	209
N	-5.711	16.89	-18.82	210
CA	-5.742	17.172	-20.258	210
C	-4.822	16.266	-21.091	210
N	-3.761	15.712	-20.501	211
CA	-2.727	14.944	-21.209	211
C	-2.462	13.562	-20.617	211
N	-2.841	13.331	-19.362	212
CA	-2.616	12.085	-18.65	212
C	-3.868	11.674	-17.878	212
N	-4.189	10.386	-17.955	213
CA	-5.301	9.757	-17.228	213
C	-4.822	8.6	-16.343	213
N	-3.542	8.222	-16.447	214
CA	-2.937	7.082	-15.755	214
C	-2.458	7.518	-14.375	214
N	-3.399	7.529	-13.442	215
CA	-3.151	7.663	-12.011	215
C	-3.612	6.403	-11.302	215
N	-3.01	6.129	-10.157	216
CA	-3.489	5.09	-9.267	216
C	-3.354	5.581	-7.826	216
N	-4.356	5.271	-7.012	217
CA	-4.39	5.633	-5.607	217
C	-4.629	4.367	-4.796	217
N	-3.741	4.112	-3.846	218
CA	-3.814	2.971	-2.951	218
C	-3.961	3.462	-1.513	218
N	-4.817	2.815	-0.735	219
CA	-4.976	3.059	0.688	219
C	-4.286	1.947	1.478	219
N	-3.347	2.314	2.35	220
CA	-2.774	1.395	3.339	220
C	-3.698	1.403	4.549	220
N	-4.317	0.265	4.839	221
CA	-5.432	0.157	5.783	221
C	-5.216	-0.985	6.769	221
N	-5.965	-0.964	7.872	222
CA	-6.059	-2.134	8.746	222
C	-6.682	-3.307	8.003	222
N	-6.168	-4.499	8.28	223
CA	-6.658	-5.722	7.678	223
C	-8.154	-5.93	8.0	223
N	-8.975	-6.027	6.957	224
CA	-10.431	-6.165	6.997	224
C	-10.861	-7.463	7.645	224
N	-10.156	-8.561	7.363	225
CA	-10.416	-9.838	8.023	225
C	-10.237	-9.709	9.533	225
N	-9.207	-9.003	9.996	226
CA	-8.988	-8.783	11.431	226
C	-10.117	-7.945	12.056	226
N	-10.608	-6.917	11.347	227
CA	-11.76	-6.102	11.776	227
C	-13.017	-6.971	11.905	227
N	-13.397	-7.685	10.845	228
CA	-14.616	-8.498	10.84	228
C	-14.522	-9.69	11.794	228
N	-13.324	-10.238	12.016	229
CA	-13.11	-11.292	13.018	229
C	-13.328	-10.768	14.438	229
N	-12.908	-9.535	14.733	230
CA	-13.17	-8.909	16.027	230
C	-14.666	-8.594	16.208	230
N	-15.317	-8.062	15.169	231
CA	-16.766	-7.81	15.131	231
C	-17.568	-9.101	15.355	231
N	-17.223	-10.177	14.642	232
CA	-17.853	-11.489	14.78	232
C	-17.759	-12.023	16.216	232
N	-16.582	-11.928	16.849	233
CA	-16.385	-12.365	18.242	233
C	-17.243	-11.568	19.221	233
N	-17.353	-10.26	19.016	234
CA	-18.162	-9.395	19.871	234
C	-19.661	-9.689	19.713	234
N	-20.143	-9.872	18.482	235
CA	-21.529	-10.268	18.219	235
C	-21.856	-11.654	18.796	235
N	-20.931	-12.615	18.703	236
CA	-21.082	-13.934	19.33	236
C	-21.206	-13.823	20.855	236
N	-20.356	-13.01	21.494	237
CA	-20.419	-12.734	22.937	237
C	-21.751	-12.093	23.337	237
N	-22.231	-11.117	22.567	238
CA	-23.527	-10.469	22.802	238
C	-24.686	-11.461	22.667	238
N	-24.653	-12.326	21.647	239
CA	-25.665	-13.368	21.451	239
C	-25.727	-14.342	22.627	239
N	-24.583	-14.77	23.16	240
CA	-24.53	-15.645	24.34	240
C	-25.155	-14.986	25.579	240
N	-24.898	-13.693	25.797	241
CA	-25.487	-12.932	26.905	241
C	-27.009	-12.8	26.77	241
N	-27.502	-12.485	25.57	242
CA	-28.938	-12.388	25.303	242
C	-29.647	-13.741	25.462	242
N	-29.021	-14.847	25.045	243
CA	-29.568	-16.195	25.249	243
C	-29.679	-16.558	26.737	243
N	-28.7	-16.169	27.558	244
CA	-28.784	-16.349	29.011	244
C	-29.925	-15.518	29.609	244
N	-30.072	-14.263	29.177	245
CA	-31.157	-13.387	29.616	245
C	-32.534	-13.948	29.231	245
N	-32.692	-14.432	27.994	246
CA	-33.927	-15.042	27.501	246
C	-34.357	-16.252	28.347	246
N	-33.405	-17.079	28.793	247
CA	-33.684	-18.233	29.656	247
C	-34.142	-17.846	31.074	247
N	-33.794	-16.646	31.545	248
CA	-34.187	-16.132	32.872	248
C	-35.422	-15.231	32.849	248
N	-35.899	-14.854	31.664	249
CA	-36.969	-13.882	31.499	249
C	-38.346	-14.511	31.781	249
N	-39.128	-13.881	32.665	250
CA	-40.456	-14.369	33.091	250
C	-41.587	-13.622	32.377	250
N	-41.355	-12.362	32.003	251
CA	-42.324	-11.542	31.282	251
C	-42.307	-11.885	29.785	251
N	-43.484	-12.176	29.221	252
CA	-43.636	-12.486	27.793	252
C	-43.205	-11.326	26.895	252
N	-43.511	-10.085	27.274	253
CA	-43.156	-8.901	26.488	253
C	-41.644	-8.682	26.462	253
N	-40.965	-8.911	27.589	254
CA	-39.503	-8.837	27.657	254
C	-38.859	-9.986	26.869	254
N	-39.402	-11.205	26.963	255
CA	-38.907	-12.356	26.212	255
C	-39.033	-12.152	24.69	255
N	-40.142	-11.581	24.211	256
CA	-40.327	-11.223	22.798	256
C	-39.306	-10.172	22.332	256
N	-39.059	-9.128	23.133	257
CA	-38.065	-8.1	22.821	257
C	-36.629	-8.66	22.775	257
N	-36.252	-9.512	23.736	258
CA	-34.935	-10.173	23.752	258
C	-34.776	-11.108	22.55	258
N	-35.819	-11.854	22.172	259
CA	-35.785	-12.71	20.984	259
C	-35.61	-11.909	19.682	259
N	-36.214	-10.72	19.575	260
CA	-35.997	-9.824	18.438	260
C	-34.53	-9.361	18.347	260
N	-33.913	-8.998	19.48	261
CA	-32.487	-8.647	19.54	261
C	-31.576	-9.834	19.192	261
N	-31.897	-11.051	19.649	262
CA	-31.146	-12.265	19.282	262
C	-31.177	-12.488	17.765	262
N	-32.323	-12.256	17.117	263
CA	-32.458	-12.381	15.669	263
C	-31.636	-11.316	14.92	263
N	-31.653	-10.064	15.385	264
CA	-30.844	-8.97	14.828	264
C	-29.338	-9.259	14.941	264
N	-28.867	-9.65	16.131	265
CA	-27.469	-10.062	16.345	265
C	-27.126	-11.288	15.492	265
N	-28.066	-12.223	15.319	266
CA	-27.923	-13.371	14.425	266
C	-27.654	-12.966	12.973	266
N	-28.41	-11.998	12.447	267
CA	-28.177	-11.431	11.111	267
C	-26.822	-10.724	11.016	267
N	-26.398	-10.026	12.076	268
CA	-25.069	-9.416	12.15	268
C	-23.932	-10.444	12.096	268
N	-24.076	-11.579	12.792	269
CA	-23.097	-12.682	12.784	269
C	-22.943	-13.269	11.378	269
N	-24.054	-13.482	10.67	270
CA	-24.052	-13.979	9.289	270
C	-23.351	-12.979	8.363	270
N	-23.731	-11.699	8.425	271
CA	-23.108	-10.648	7.624	271
C	-21.598	-10.491	7.896	271
N	-21.159	-10.583	9.156	272
CA	-19.739	-10.541	9.506	272
C	-18.987	-11.78	8.988	272
N	-19.603	-12.962	9.075	273
CA	-19.042	-14.214	8.548	273
C	-18.874	-14.161	7.029	273
N	-19.878	-13.662	6.308	274
CA	-19.825	-13.498	4.853	274
C	-18.711	-12.535	4.433	274
N	-18.551	-11.411	5.146	275
CA	-17.45	-10.465	4.906	275
C	-16.074	-11.097	5.115	275
N	-15.913	-11.958	6.122	276
CA	-14.662	-12.702	6.336	276
C	-14.372	-13.619	5.146	276
N	-15.37	-14.369	4.667	277
CA	-15.211	-15.269	3.512	277
C	-14.839	-14.48	2.254	277
N	-15.509	-13.353	1.989	278
CA	-15.183	-12.479	0.853	278
C	-13.732	-11.975	0.904	278
N	-13.247	-11.578	2.085	279
CA	-11.848	-11.184	2.262	279
C	-10.891	-12.363	2.038	279
N	-11.185	-13.554	2.562	280
CA	-10.355	-14.743	2.336	280
C	-10.249	-15.103	0.848	280
N	-11.364	-15.075	0.116	281
CA	-11.384	-15.304	-1.328	281
C	-10.55	-14.268	-2.088	281
N	-10.633	-12.99	-1.701	282
CA	-9.818	-11.915	-2.284	282
C	-8.326	-12.178	-2.082	282
N	-7.906	-12.513	-0.861	283
CA	-6.509	-12.85	-0.567	283
C	-6.028	-14.091	-1.333	283
N	-6.888	-15.095	-1.535	284
CA	-6.551	-16.26	-2.363	284
C	-6.37	-15.893	-3.842	284
N	-7.213	-15.002	-4.382	285
CA	-7.072	-14.482	-5.753	285
C	-5.767	-13.703	-5.915	285
N	-5.46	-12.775	-5.006	286
CA	-4.198	-12.024	-5.021	286
C	-2.977	-12.933	-4.933	286
N	-2.985	-13.919	-4.027	287
CA	-1.903	-14.909	-3.932	287
C	-1.717	-15.665	-5.247	287
N	-2.812	-16.107	-5.862	288
CA	-2.772	-16.829	-7.142	288
C	-2.184	-15.954	-8.247	288
N	-2.573	-14.682	-8.301	289
CA	-2.065	-13.745	-9.299	289
C	-0.59	-13.397	-9.067	289
N	-0.168	-13.213	-7.817	290
CA	1.238	-12.993	-7.486	290
C	2.11	-14.211	-7.821	290
N	1.608	-15.438	-7.642	291
CA	2.298	-16.647	-8.119	291
C	2.482	-16.6	-9.64	291
N	1.465	-16.172	-10.401	292
CA	1.574	-16.014	-11.862	292
C	2.594	-14.94	-12.23	292
N	2.56	-13.771	-11.582	293
CA	3.516	-12.668	-11.809	293
C	4.972	-13.097	-11.609	293
N	5.226	-13.924	-10.593	294
CA	6.565	-14.419	-10.229	294
C	6.999	-15.648	-11.029	294
N	6.075	-16.31	-11.727	295
CA	6.374	-17.55	-12.425	295
C	7.245	-17.3	-13.661	295
N	8.354	-18.033	-13.764	296
CA	9.202	-17.99	-14.946	296
C	8.592	-18.827	-16.079	296
N	7.89	-18.167	-17.001	297
CA	7.287	-18.806	-18.176	297
C	8.287	-19.128	-19.303	297
N	9.553	-18.7	-19.216	298
CA	10.554	-18.906	-20.277	298
C	10.73	-20.392	-20.645	298
N	10.878	-21.34	-19.695	299
CA	10.988	-22.76	-20.028	299
C	9.759	-23.302	-20.766	299
N	8.556	-22.85	-20.398	300
CA	7.329	-23.221	-21.101	300
C	7.351	-22.705	-22.544	300
N	7.694	-21.429	-22.751	301
CA	7.76	-20.819	-24.081	301
C	8.761	-21.54	-24.993	301
N	9.958	-21.863	-24.496	302
CA	10.955	-22.607	-25.273	302
C	10.46	-23.995	-25.684	302
N	9.873	-24.745	-24.749	303
CA	9.329	-26.068	-25.052	303
C	8.146	-25.986	-26.025	303
N	7.278	-24.988	-25.869	304
CA	6.154	-24.761	-26.77	304
C	6.623	-24.456	-28.2	304
N	7.607	-23.564	-28.359	305
CA	8.206	-23.253	-29.661	305
C	8.878	-24.477	-30.295	305
N	9.575	-25.291	-29.495	306
CA	10.192	-26.539	-29.957	306
C	9.147	-27.514	-30.51	306
N	8.044	-27.728	-29.792	307
CA	6.946	-28.594	-30.241	307
C	6.272	-28.073	-31.52	307
N	6.072	-26.757	-31.639	308
CA	5.544	-26.152	-32.866	308
C	6.491	-26.345	-34.056	308
N	7.806	-26.296	-33.829	309
CA	8.799	-26.561	-34.864	309
C	8.762	-28.031	-35.311	309
N	8.703	-28.973	-34.366	310
CA	8.592	-30.416	-34.63	310
C	7.325	-30.758	-35.429	310
N	6.193	-30.12	-35.103	311
CA	4.928	-30.264	-35.845	311
C	4.872	-29.467	-37.155	311
N	5.953	-28.778	-37.549	312
CA	6.026	-27.889	-38.729	312
C	4.99	-26.748	-38.725	312
N	4.467	-26.385	-37.555	313
CA	3.478	-25.316	-37.373	313
C	4.128	-23.953	-37.091	313
N	5.387	-23.926	-36.637	314
CA	6.065	-22.683	-36.254	314
C	6.307	-21.72	-37.431	314
N	6.851	-22.202	-38.56	315
CA	7.154	-21.349	-39.729	315
C	5.906	-20.636	-40.287	315
N	4.772	-21.329	-40.537	316
CA	3.535	-20.669	-40.964	316
C	3.059	-19.568	-40.007	316
N	3.198	-19.779	-38.693	317
CA	2.818	-18.786	-37.684	317
C	3.72	-17.546	-37.73	317
N	5.036	-17.727	-37.891	318
CA	5.99	-16.614	-38.03	318
C	5.693	-15.795	-39.291	318
N	5.417	-16.45	-40.42	319
CA	5.075	-15.764	-41.672	319
C	3.769	-14.975	-41.554	319
N	2.744	-15.562	-40.922	320
CA	1.481	-14.873	-40.639	320
C	1.699	-13.64	-39.757	320
N	2.482	-13.766	-38.685	321
CA	2.79	-12.652	-37.788	321
C	3.569	-11.53	-38.497	321
N	4.509	-11.877	-39.389	322
CA	5.233	-10.892	-40.21	322
C	4.296	-10.102	-41.126	322
N	3.348	-10.772	-41.797	323
CA	2.341	-10.114	-42.653	323
C	1.438	-9.166	-41.86	323
N	0.942	-9.614	-40.707	324
CA	0.115	-8.777	-39.831	324
C	0.872	-7.541	-39.339	324
N	2.154	-7.693	-38.975	325
CA	2.982	-6.554	-38.566	325
C	3.133	-5.532	-39.696	325
N	3.364	-5.974	-40.936	326
CA	3.453	-5.06	-42.089	326
C	2.134	-4.353	-42.402	326
N	0.988	-5.02	-42.229	327
CA	-0.345	-4.424	-42.434	327
C	-0.71	-3.413	-41.336	327
N	-0.284	-3.638	-40.088	328
CA	-0.518	-2.689	-38.985	328
C	0.359	-1.432	-39.035	328
N	1.405	-1.429	-39.867	329
CA	2.327	-0.294	-40.026	329
C	1.994	0.603	-41.226	329
N	0.948	0.274	-41.991	330
CA	0.389	1.085	-43.089	330
C	-0.909	1.738	-42.665	330
