ATOM	X	Y	Z	RESIDUE
N	38.358	4.833	80.806	1
CA	36.894	4.618	80.651	1
C	36.622	3.802	79.393	1
N	35.752	2.8	79.503	2
CA	35.388	1.951	78.371	2
C	34.766	2.776	77.257	2
N	33.914	3.742	77.623	3
CA	33.206	4.576	76.66	3
C	34.107	5.475	75.85	3
N	35.304	5.7	76.367	4
CA	36.297	6.553	75.74	4
C	37.202	5.772	74.769	4
N	37.089	4.451	74.77	5
CA	37.946	3.611	73.928	5
C	37.387	3.318	72.536	5
N	38.254	3.428	71.535	6
CA	37.925	3.102	70.148	6
C	36.589	3.696	69.652	6
N	36.358	4.963	69.979	7
CA	35.143	5.686	69.612	7
C	34.975	5.876	68.104	7
N	33.757	5.678	67.59	8
CA	33.589	5.878	66.149	8
C	33.436	7.393	65.861	8
N	33.283	7.769	64.581	9
CA	33.134	9.2	64.275	9
C	32.021	9.988	64.977	9
N	30.898	9.349	65.308	10
CA	29.793	10.062	65.979	10
C	29.559	9.534	67.399	10
N	29.496	10.444	68.348	11
CA	29.307	10.096	69.744	11
C	28.19	10.983	70.261	11
N	27.175	10.332	70.812	12
CA	26.002	11.008	71.342	12
C	25.824	10.7	72.818	12
N	25.506	11.728	73.599	13
CA	25.246	11.548	75.019	13
C	23.766	11.86	75.239	13
N	23.104	10.941	75.917	14
CA	21.71	11.112	76.251	14
C	21.458	10.914	77.764	14
N	20.367	11.482	78.244	15
CA	20.056	11.404	79.653	15
C	19.323	12.671	80.056	15
N	18.623	12.609	81.182	16
CA	17.825	13.737	81.656	16
C	18.61	15.027	81.931	16
N	17.867	16.137	82.011	17
CA	18.455	17.44	82.266	17
C	19.331	17.461	83.509	17
N	20.536	17.991	83.371	18
CA	21.419	18.035	84.514	18
C	22.278	16.814	84.843	18
N	22.08	15.644	84.222	19
CA	22.929	14.495	84.597	19
C	24.413	14.64	84.252	19
N	24.765	15.615	83.414	20
CA	26.162	15.825	83.061	20
C	26.535	15.56	81.617	20
N	25.555	15.557	80.712	21
CA	25.844	15.287	79.305	21
C	26.917	16.223	78.742	21
N	26.646	17.519	78.769	22
CA	27.573	18.515	78.277	22
C	28.943	18.434	78.965	22
N	28.964	18.34	80.288	23
CA	30.219	18.235	81.042	23
C	31.018	17.044	80.504	23
N	30.377	15.874	80.438	24
CA	31.049	14.679	79.945	24
C	31.503	14.798	78.47	24
N	30.728	15.545	77.684	25
CA	31.018	15.758	76.27	25
C	32.241	16.627	76.098	25
N	32.315	17.675	76.906	26
CA	33.435	18.592	76.815	26
C	34.717	17.877	77.212	26
N	34.672	17.232	78.364	27
CA	35.819	16.503	78.882	27
C	36.266	15.437	77.896	27
N	35.305	14.773	77.271	28
CA	35.65	13.742	76.315	28
C	36.366	14.41	75.165	28
N	35.734	15.432	74.629	29
CA	36.318	16.148	73.521	29
C	37.786	16.561	73.794	29
N	38.07	17.062	74.992	30
CA	39.427	17.489	75.333	30
C	40.36	16.284	75.264	30
N	39.959	15.224	75.944	31
CA	40.72	13.992	75.984	31
C	41.105	13.527	74.584	31
N	40.168	13.634	73.656	32
CA	40.394	13.196	72.303	32
C	41.329	14.12	71.551	32
N	41.119	15.414	71.713	33
CA	41.961	16.395	71.046	33
C	43.417	16.212	71.508	33
N	43.584	15.909	72.793	34
CA	44.912	15.715	73.349	34
C	45.598	14.424	72.923	34
N	44.866	13.508	72.297	35
CA	45.469	12.271	71.791	35
C	45.756	12.53	70.301	35
N	45.771	13.812	69.949	36
CA	46.047	14.21	68.581	36
C	44.906	14.054	67.603	36
N	43.682	13.962	68.122	37
CA	42.489	13.789	67.301	37
C	41.882	15.129	66.939	37
N	41.227	15.164	65.783	38
CA	40.554	16.356	65.307	38
C	39.122	16.185	65.816	38
N	38.702	17.044	66.738	39
CA	37.363	16.887	67.271	39
C	36.367	18.014	67.005	39
N	35.118	17.64	66.749	40
CA	34.071	18.657	66.568	40
C	33.07	18.411	67.714	40
N	32.883	19.424	68.545	41
CA	31.953	19.304	69.657	41
C	30.735	20.116	69.296	41
N	29.612	19.427	69.179	42
CA	28.386	20.102	68.843	42
C	27.552	20.382	70.092	42
N	27.375	21.666	70.402	43
CA	26.546	22.068	71.526	43
C	25.074	22.084	71.044	43
N	24.201	21.361	71.728	44
CA	22.829	21.301	71.257	44
C	21.78	21.852	72.193	44
N	22.193	22.379	73.345	45
CA	21.258	22.889	74.363	45
C	20.626	24.241	74.076	45
N	19.396	24.461	74.595	46
CA	18.626	25.696	74.429	46
C	19.31	26.99	74.876	46
N	20.041	26.952	75.979	47
CA	20.741	28.156	76.438	47
C	22.185	27.729	76.559	47
N	22.735	27.291	75.426	48
CA	24.095	26.797	75.348	48
C	24.99	27.569	76.282	48
N	25.748	26.833	77.1	49
CA	26.678	27.412	78.063	49
C	28.094	26.894	77.807	49
N	28.258	26.203	76.687	50
CA	29.543	25.622	76.302	50
C	30.651	26.658	76.032	50
N	30.278	27.801	75.463	51
CA	31.279	28.813	75.21	51
C	31.928	29.128	76.54	51
N	31.079	29.304	77.542	52
CA	31.533	29.628	78.877	52
C	32.581	28.643	79.415	52
N	32.313	27.344	79.303	53
CA	33.249	26.337	79.805	53
C	34.617	26.393	79.119	53
N	34.685	27.023	77.953	54
CA	35.95	27.143	77.236	54
C	36.391	28.606	77.181	54
N	35.676	29.444	77.921	55
CA	35.968	30.861	77.996	55
C	36.087	31.54	76.647	55
N	35.102	31.322	75.785	56
CA	35.108	31.965	74.483	56
C	33.721	31.886	73.863	56
N	33.465	32.704	72.847	57
CA	32.16	32.681	72.204	57
C	32.15	31.669	71.064	57
N	31.025	30.978	70.915	58
CA	30.848	29.99	69.858	58
C	29.536	30.34	69.147	58
N	29.358	29.888	67.909	59
CA	28.13	30.231	67.213	59
C	27.642	29.132	66.319	59
N	26.82	29.489	65.336	60
CA	26.265	28.517	64.393	60
C	27.238	28.242	63.26	60
N	28.464	28.671	63.502	61
CA	29.575	28.543	62.59	61
C	30.612	27.724	63.336	61
N	31.315	26.844	62.63	62
CA	32.343	26.034	63.263	62
C	33.547	26.902	63.52	62
N	33.926	26.991	64.791	63
CA	35.057	27.792	65.226	63
C	35.965	26.94	66.08	63
N	37.267	27.053	65.854	64
CA	38.238	26.287	66.621	64
C	38.274	26.82	68.035	64
N	38.586	25.97	68.998	65
CA	38.627	26.442	70.366	65
C	40.068	26.67	70.771	65
N	40.391	27.94	70.957	66
CA	41.722	28.398	71.297	66
C	42.527	27.568	72.279	66
N	41.997	27.432	73.493	67
CA	42.655	26.699	74.579	67
C	42.828	25.186	74.392	67
N	42.216	24.635	73.35	68
CA	42.304	23.206	73.1	68
C	42.619	22.885	71.626	68
N	43.907	22.979	71.228	69
CA	44.235	22.673	69.83	69
C	43.708	21.289	69.469	69
N	43.089	21.19	68.291	70
CA	42.495	19.94	67.836	70
C	40.968	19.907	67.972	70
N	40.45	20.78	68.825	71
CA	39.033	20.869	69.08	71
C	38.401	22.133	68.533	71
N	37.302	21.934	67.805	72
CA	36.496	22.998	67.219	72
C	35.066	22.829	67.775	72
N	34.25	23.864	67.659	73
CA	32.904	23.79	68.198	73
C	31.814	24.349	67.281	73
N	30.584	23.935	67.554	74
CA	29.427	24.349	66.783	74
C	28.205	24.323	67.668	74
N	27.501	25.442	67.65	75
CA	26.287	25.622	68.411	75
C	25.062	25.513	67.495	75
N	24.146	24.624	67.851	76
CA	22.914	24.485	67.097	76
C	21.788	24.837	68.054	76
N	21.304	26.068	67.972	77
CA	20.234	26.566	68.837	77
C	18.936	25.835	68.498	77
N	18.394	25.063	69.447	78
CA	17.154	24.342	69.162	78
C	15.914	25.265	69.139	78
N	15.896	26.278	69.998	79
CA	14.759	27.185	70.021	79
C	14.713	27.88	68.697	79
N	15.871	28.367	68.275	80
CA	15.972	29.054	67.004	80
C	15.603	28.121	65.839	80
N	16.022	26.87	65.904	81
CA	15.719	25.965	64.812	81
C	14.223	25.728	64.714	81
N	13.588	25.637	65.871	82
CA	12.159	25.41	65.925	82
C	11.46	26.659	65.399	82
N	11.914	27.821	65.858	83
CA	11.327	29.078	65.437	83
C	11.333	29.194	63.924	83
N	12.423	28.756	63.293	84
CA	12.556	28.815	61.837	84
C	11.766	27.724	61.164	84
N	11.695	26.579	61.826	85
CA	10.927	25.45	61.309	85
C	9.475	25.929	61.22	85
N	9.077	26.659	62.25	86
CA	7.736	27.19	62.37	86
C	7.459	28.269	61.304	86
N	8.391	29.204	61.16	87
CA	8.267	30.287	60.192	87
C	8.119	29.823	58.754	87
N	8.789	28.738	58.397	88
CA	8.715	28.243	57.026	88
C	7.331	27.713	56.728	88
N	6.643	27.249	57.765	89
CA	5.308	26.686	57.582	89
C	4.206	27.707	57.618	89
N	4.342	28.633	58.55	90
CA	3.345	29.651	58.761	90
C	3.431	30.919	57.919	90
N	4.634	31.424	57.646	91
CA	4.747	32.664	56.863	91
C	3.97	32.652	55.565	91
N	3.986	31.532	54.84	92
CA	3.261	31.444	53.576	92
C	1.757	31.697	53.68	92
N	1.191	31.431	54.845	93
CA	-0.233	31.6	55.027	93
C	-0.599	32.797	55.863	93
N	0.383	33.564	56.312	94
CA	0.068	34.777	57.058	94
C	-0.639	35.704	56.048	94
N	-1.718	36.328	56.483	95
CA	-2.44	37.222	55.605	95
C	-3.151	36.512	54.477	95
N	-3.229	35.197	54.565	96
CA	-3.9	34.402	53.553	96
C	-5.089	33.796	54.272	96
N	-4.809	32.916	55.228	97
CA	-5.865	32.306	56.02	97
C	-6.146	33.294	57.121	97
N	-7.312	33.179	57.775	98
CA	-7.624	34.113	58.865	98
C	-6.7	33.968	60.078	98
N	-6.519	35.07	60.8	99
CA	-5.636	35.123	61.952	99
C	-5.815	34.037	62.979	99
N	-7.062	33.702	63.294	100
CA	-7.266	32.685	64.31	100
C	-6.861	31.308	63.799	100
N	-6.993	31.09	62.494	101
CA	-6.623	29.815	61.873	101
C	-5.096	29.659	61.844	101
N	-4.395	30.694	61.404	102
CA	-2.939	30.701	61.345	102
C	-2.42	30.537	62.78	102
N	-2.934	31.364	63.672	103
CA	-2.552	31.339	65.073	103
C	-2.701	29.914	65.657	103
N	-3.687	29.176	65.164	104
CA	-3.917	27.813	65.643	104
C	-2.867	26.852	65.101	104
N	-2.491	27.062	63.853	105
CA	-1.468	26.258	63.228	105
C	-0.132	26.579	63.925	105
N	0.065	27.839	64.247	106
CA	1.296	28.214	64.9	106
C	1.419	27.495	66.25	106
N	0.329	27.441	67.017	107
CA	0.354	26.778	68.325	107
C	0.65	25.276	68.19	107
N	0.261	24.676	67.08	108
CA	0.561	23.262	66.869	108
C	2.05	23.061	66.601	108
N	2.762	24.123	66.239	109
CA	4.195	24.03	65.968	109
C	5.014	24.665	67.091	109
N	4.423	24.708	68.274	110
CA	5.054	25.326	69.436	110
C	5.355	24.39	70.603	110
N	5.162	23.076	70.427	111
CA	5.43	22.13	71.504	111
C	6.815	21.497	71.414	111
N	7.16	20.743	72.452	112
CA	8.43	20.017	72.547	112
C	8.612	19.096	71.332	112
N	7.526	18.492	70.873	113
CA	7.619	17.618	69.704	113
C	8.175	18.328	68.494	113
N	7.7	19.543	68.221	114
CA	8.226	20.302	67.09	114
C	9.726	20.565	67.329	114
N	10.084	21.017	68.526	115
CA	11.484	21.285	68.827	115
C	12.322	20.055	68.525	115
N	11.859	18.893	68.992	116
CA	12.549	17.615	68.778	116
C	12.763	17.321	67.261	116
N	11.712	17.478	66.449	117
CA	11.8	17.237	65.019	117
C	12.761	18.25	64.389	117
N	12.714	19.493	64.857	118
CA	13.598	20.518	64.314	118
C	15.059	20.115	64.626	118
N	15.304	19.709	65.859	119
CA	16.623	19.284	66.231	119
C	17.082	18.167	65.291	119
N	16.208	17.211	65.031	120
CA	16.57	16.1	64.184	120
C	16.936	16.523	62.771	120
N	16.271	17.56	62.279	121
CA	16.544	18.097	60.953	121
C	17.993	18.628	60.989	121
N	18.41	19.19	62.121	122
CA	19.788	19.687	62.278	122
C	20.814	18.537	62.387	122
N	20.503	17.518	63.186	123
CA	21.39	16.369	63.328	123
C	21.578	15.75	61.933	123
N	20.466	15.538	61.245	124
CA	20.46	14.959	59.912	124
C	21.478	15.597	58.957	124
N	21.499	16.931	58.901	125
CA	22.45	17.616	58.053	125
C	23.876	17.235	58.471	125
N	24.161	17.272	59.766	126
CA	25.491	16.915	60.225	126
C	25.846	15.46	59.9	126
N	24.934	14.543	60.19	127
CA	25.158	13.132	59.944	127
C	25.287	12.716	58.477	127
N	24.927	13.619	57.571	128
CA	24.95	13.335	56.15	128
C	26.033	14.112	55.409	128
N	26.686	15.03	56.106	129
CA	27.733	15.784	55.471	129
C	29.0	14.937	55.571	129
N	29.318	14.265	54.469	130
CA	30.459	13.372	54.395	130
C	31.777	14.069	54.622	130
N	31.896	15.274	54.07	131
CA	33.128	16.046	54.146	131
C	33.569	16.34	55.55	131
N	32.61	16.444	56.451	132
CA	32.939	16.716	57.833	132
C	33.872	15.642	58.349	132
N	33.638	14.393	57.945	133
CA	34.474	13.277	58.411	133
C	35.797	13.251	57.692	133
N	35.974	14.254	56.859	134
CA	37.19	14.448	56.106	134
C	38.048	15.425	56.925	134
N	37.365	16.216	57.75	135
CA	38.027	17.207	58.58	135
C	38.127	16.785	60.04	135
N	37.175	15.982	60.504	136
CA	37.192	15.538	61.894	136
C	37.273	14.023	62.097	136
N	37.88	13.619	63.213	137
CA	37.987	12.196	63.558	137
C	36.733	11.843	64.331	137
N	36.249	12.812	65.102	138
CA	35.054	12.621	65.905	138
C	34.16	13.827	65.982	138
N	32.86	13.561	65.989	139
CA	31.863	14.611	66.133	139
C	31.045	14.194	67.353	139
N	31.027	15.042	68.366	140
CA	30.354	14.744	69.616	140
C	29.147	15.637	69.854	140
N	28.038	15.026	70.256	141
CA	26.782	15.744	70.505	141
C	26.403	15.629	71.97	141
N	25.96	16.725	72.571	142
CA	25.623	16.607	73.969	142
C	24.161	16.299	74.252	142
N	23.446	15.833	73.232	143
CA	22.077	15.388	73.397	143
C	21.946	14.404	72.286	143
N	20.851	13.657	72.359	144
CA	20.531	12.649	71.365	144
C	19.042	12.661	71.049	144
N	18.692	12.203	69.85	145
CA	17.271	12.169	69.5	145
C	16.638	11.022	70.285	145
N	15.321	11.075	70.446	146
CA	14.592	10.037	71.185	146
C	14.11	8.922	70.251	146
N	13.699	7.797	70.828	147
CA	13.206	6.687	70.024	147
C	11.97	7.111	69.243	147
N	11.121	7.897	69.897	148
CA	9.891	8.395	69.294	148
C	10.159	9.245	68.049	148
N	11.115	10.163	68.145	149
CA	11.45	11.003	66.999	149
C	11.987	10.138	65.854	149
N	12.873	9.208	66.159	150
CA	13.423	8.351	65.12	150
C	12.348	7.461	64.471	150
N	11.487	6.837	65.281	151
CA	10.444	5.997	64.704	151
C	9.565	6.85	63.781	151
N	9.181	8.05	64.227	152
CA	8.36	8.922	63.399	152
C	8.965	9.104	62.036	152
N	10.256	9.382	62.006	153
CA	10.903	9.598	60.729	153
C	11.099	8.348	59.875	153
N	11.005	7.165	60.476	154
CA	11.183	5.944	59.696	154
C	9.879	5.329	59.206	154
N	8.768	6.009	59.482	155
CA	7.447	5.536	59.066	155
C	7.033	5.983	57.67	155
N	6.717	5.017	56.823	156
CA	6.305	5.35	55.462	156
C	5.122	6.338	55.464	156
N	4.244	6.218	56.45	157
CA	3.119	7.125	56.517	157
C	3.522	8.568	56.77	157
N	4.732	8.792	57.261	158
CA	5.15	10.166	57.502	158
C	5.285	10.926	56.186	158
N	5.352	10.212	55.065	159
CA	5.505	10.882	53.773	159
C	4.195	10.897	52.981	159
N	3.58	9.728	52.898	160
CA	2.318	9.543	52.194	160
C	1.134	9.54	53.166	160
N	0.865	10.656	53.836	161
CA	-0.252	10.678	54.786	161
C	-0.795	12.041	55.191	161
N	-2.096	12.204	54.972	162
CA	-2.786	13.431	55.311	162
C	-3.876	13.1	56.299	162
N	-3.579	13.416	57.55	163
CA	-4.47	13.168	58.662	163
C	-5.414	14.342	58.852	163
N	-6.694	14.113	58.54	164
CA	-7.744	15.128	58.666	164
C	-7.221	16.235	59.564	164
N	-6.899	17.389	58.973	165
CA	-6.349	18.546	59.702	165
C	-6.734	18.567	61.179	165
N	-5.875	17.958	61.995	166
CA	-6.062	17.837	63.44	166
C	-7.065	18.834	64.038	166
N	-8.362	18.453	63.981	167
CA	-9.603	19.108	64.421	167
C	-9.667	19.326	65.919	167
N	-9.677	18.225	66.66	168
CA	-9.697	18.286	68.112	168
C	-8.28	18.74	68.447	168
N	-7.356	18.425	67.538	169
CA	-5.969	18.828	67.681	169
C	-5.155	18.161	68.768	169
N	-5.362	16.869	68.984	170
CA	-4.582	16.173	69.991	170
C	-3.213	15.961	69.359	170
N	-3.051	16.499	68.153	171
CA	-1.85	16.277	67.367	171
C	-0.608	17.15	67.397	171
N	0.52	16.453	67.279	172
CA	1.852	17.03	67.187	172
C	2.458	16.554	65.861	172
N	1.623	16.188	64.895	173
CA	2.158	15.768	63.599	173
C	2.373	16.986	62.733	173
N	1.853	18.121	63.19	174
CA	2.007	19.348	62.435	174
C	3.45	19.591	62.012	174
N	4.417	19.32	62.907	175
CA	5.836	19.523	62.603	175
C	6.335	18.843	61.328	175
N	5.783	17.668	61.016	176
CA	6.229	16.895	59.866	176
C	6.167	17.705	58.595	176
N	5.11	18.474	58.439	177
CA	4.974	19.292	57.255	177
C	6.276	20.113	56.982	177
N	7.021	20.427	58.036	178
CA	8.217	21.244	57.887	178
C	9.54	20.604	57.503	178
N	9.538	19.297	57.274	179
CA	10.756	18.594	56.912	179
C	11.427	19.176	55.684	179
N	12.535	19.856	55.945	180
CA	13.321	20.512	54.92	180
C	13.93	19.59	53.825	180
N	14.54	18.483	54.248	181
CA	15.205	17.536	53.345	181
C	14.375	16.411	52.736	181
N	15.012	15.736	51.776	182
CA	14.475	14.598	51.037	182
C	14.407	13.346	51.899	182
N	13.298	12.625	51.792	183
CA	13.076	11.428	52.582	183
C	14.317	10.575	52.76	183
N	15.123	10.528	51.707	184
CA	16.345	9.75	51.665	184
C	17.443	10.187	52.66	184
N	17.621	11.49	52.872	185
CA	18.627	11.956	53.821	185
C	18.317	11.568	55.273	185
N	17.034	11.565	55.653	186
CA	16.656	11.199	57.026	186
C	16.903	9.708	57.199	186
N	16.559	8.967	56.145	187
CA	16.733	7.524	56.107	187
C	18.207	7.222	56.347	187
N	19.058	7.958	55.644	188
CA	20.495	7.813	55.751	188
C	20.929	8.13	57.193	188
N	20.56	9.309	57.691	189
CA	20.877	9.704	59.074	189
C	20.513	8.547	60.039	189
N	19.332	7.954	59.845	190
CA	18.915	6.852	60.699	190
C	19.854	5.648	60.535	190
N	20.251	5.307	59.313	191
CA	21.214	4.22	59.16	191
C	22.53	4.561	59.913	191
N	22.968	5.807	59.788	192
CA	24.187	6.264	60.408	192
C	24.038	6.085	61.927	192
N	22.878	6.399	62.465	193
CA	22.682	6.22	63.908	193
C	22.644	4.751	64.3	193
N	22.139	3.907	63.417	194
CA	22.038	2.485	63.711	194
C	23.306	1.706	63.426	194
N	24.238	2.312	62.697	195
CA	25.49	1.664	62.33	195
C	26.482	1.762	63.472	195
N	26.814	0.628	64.12	196
CA	27.777	0.715	65.232	196
C	29.161	1.175	64.804	196
N	29.491	1.004	63.534	197
CA	30.794	1.432	63.071	197
C	30.827	2.956	62.941	197
N	29.654	3.582	62.87	198
CA	29.588	5.043	62.786	198
C	29.174	5.829	64.031	198
N	28.257	5.259	64.795	199
CA	27.701	5.92	65.962	199
C	27.779	5.138	67.266	199
N	28.139	5.851	68.331	200
CA	28.192	5.283	69.659	200
C	27.293	6.152	70.498	200
N	26.425	5.5	71.267	201
CA	25.488	6.189	72.12	201
C	25.836	6.015	73.593	201
N	26.001	7.123	74.306	202
CA	26.297	7.061	75.732	202
C	25.102	7.437	76.61	202
N	24.642	6.474	77.401	203
CA	23.518	6.679	78.334	203
C	24.117	7.2	79.638	203
N	23.814	8.447	79.985	204
CA	24.345	9.036	81.204	204
C	23.286	8.916	82.286	204
N	23.674	8.496	83.49	205
CA	22.717	8.346	84.595	205
C	23.332	8.648	85.944	205
N	22.511	8.597	86.987	206
CA	22.95	8.816	88.36	206
C	22.644	7.555	89.15	206
N	23.364	7.314	90.242	207
CA	23.139	6.108	91.043	207
C	21.919	6.276	91.954	207
N	20.754	6.396	91.337	208
CA	19.509	6.605	92.027	208
C	18.56	5.64	91.332	208
N	17.873	4.822	92.115	209
CA	16.956	3.794	91.611	209
C	15.978	4.262	90.523	209
N	15.402	5.436	90.731	210
CA	14.441	5.989	89.796	210
C	15.04	6.269	88.424	210
N	16.048	7.13	88.389	211
CA	16.718	7.487	87.149	211
C	17.142	6.232	86.402	211
N	17.837	5.342	87.101	212
CA	18.314	4.11	86.498	212
C	17.196	3.388	85.726	212
N	15.979	3.414	86.263	213
CA	14.863	2.761	85.581	213
C	14.464	3.528	84.338	213
N	14.579	4.852	84.392	214
CA	14.206	5.624	83.232	214
C	15.237	5.352	82.136	214
N	16.514	5.324	82.502	215
CA	17.56	5.072	81.521	215
C	17.401	3.676	80.887	215
N	16.98	2.707	81.698	216
CA	16.791	1.339	81.232	216
C	15.829	1.327	80.075	216
N	14.676	1.945	80.296	217
CA	13.611	2.078	79.306	217
C	14.114	2.792	78.06	217
N	15.001	3.777	78.255	218
CA	15.552	4.555	77.134	218
C	16.439	3.637	76.31	218
N	17.163	2.789	77.033	219
CA	18.032	1.823	76.427	219
C	17.227	0.828	75.574	219
N	16.094	0.35	76.091	220
CA	15.306	-0.609	75.323	220
C	14.681	0.035	74.108	220
N	14.19	1.255	74.253	221
CA	13.587	1.9	73.098	221
C	14.594	2.042	71.958	221
N	15.792	2.484	72.295	222
CA	16.826	2.713	71.308	222
C	17.422	1.446	70.694	222
N	17.56	0.389	71.477	223
CA	18.102	-0.836	70.918	223
C	17.095	-1.408	69.923	223
N	15.815	-1.3	70.264	224
CA	14.723	-1.807	69.424	224
C	14.7	-1.132	68.055	224
N	15.313	0.037	67.964	225
CA	15.351	0.791	66.716	225
C	16.614	0.524	65.933	225
N	17.589	-0.12	66.558	226
CA	18.834	-0.403	65.865	226
C	20.084	0.217	66.487	226
N	19.914	1.113	67.458	227
CA	21.075	1.693	68.126	227
C	21.461	0.69	69.166	227
N	22.442	-0.136	68.839	228
CA	22.858	-1.17	69.751	228
C	24.269	-0.976	70.22	228
N	24.882	0.127	69.817	229
CA	26.226	0.392	70.299	229
C	26.029	1.357	71.475	229
N	25.752	0.797	72.646	230
CA	25.462	1.635	73.81	230
C	26.339	1.399	75.02	230
N	26.679	2.501	75.682	231
CA	27.509	2.505	76.876	231
C	26.805	3.309	77.958	231
N	26.872	2.819	79.184	232
CA	26.252	3.488	80.31	232
C	27.324	4.149	81.144	232
N	27.102	5.406	81.51	233
CA	28.049	6.139	82.323	233
C	27.296	6.698	83.545	233
N	27.61	6.148	84.715	234
CA	27.015	6.567	85.964	234
C	27.874	7.7	86.5	234
N	27.31	8.896	86.5	235
CA	27.975	10.111	86.927	235
C	27.61	10.573	88.358	235
N	28.431	11.465	88.907	236
CA	28.177	12.034	90.226	236
C	28.269	11.165	91.468	236
N	28.716	9.933	91.264	237
CA	28.887	8.948	92.311	237
C	29.695	9.481	93.501	237
N	29.205	9.196	94.696	238
CA	29.857	9.645	95.921	238
C	31.014	8.701	96.323	238
N	32.248	9.21	96.346	239
CA	33.396	8.384	96.72	239
C	33.268	7.881	98.154	239
N	33.444	6.576	98.353	240
CA	33.333	5.952	99.675	240
C	34.098	6.673	100.79	240
N	35.335	7.05	100.503	241
CA	36.166	7.745	101.474	241
C	35.32	8.741	102.281	241
N	34.445	9.445	101.574	242
CA	33.565	10.456	102.152	242
C	32.498	9.943	103.132	242
N	32.216	8.644	103.103	243
CA	31.217	8.065	103.996	243
C	31.782	7.974	105.399	243
N	32.994	8.489	105.562	244
CA	33.681	8.471	106.843	244
C	33.294	9.633	107.747	244
N	32.663	9.312	108.868	245
CA	32.283	10.33	109.826	245
C	31.177	11.276	109.358	245
N	30.025	10.712	109.003	246
CA	28.871	11.503	108.585	246
C	27.649	10.658	108.285	246
N	26.591	10.922	109.026	247
CA	25.372	10.176	108.861	247
C	24.837	10.296	107.445	247
N	24.762	11.528	106.945	248
CA	24.226	11.766	105.607	248
C	25.049	11.153	104.476	248
N	26.324	11.534	104.394	249
CA	27.238	11.045	103.363	249
C	27.378	9.521	103.359	249
N	27.452	8.934	104.553	250
CA	27.568	7.493	104.686	250
C	26.263	6.857	104.216	250
N	25.147	7.5	104.526	251
CA	23.848	6.977	104.126	251
C	23.654	7.075	102.614	251
N	24.088	8.181	102.026	252
CA	23.963	8.341	100.579	252
C	24.853	7.298	99.935	252
N	26.123	7.293	100.331	253
CA	27.073	6.325	99.795	253
C	26.465	4.94	99.863	253
N	25.689	4.714	100.912	254
CA	25.048	3.432	101.138	254
C	23.946	3.135	100.128	254
N	23.118	4.122	99.84	255
CA	22.025	3.922	98.901	255
C	22.539	3.762	97.46	255
N	23.551	4.55	97.096	256
CA	24.117	4.459	95.752	256
C	24.677	3.052	95.597	256
N	25.464	2.632	96.581	257
CA	26.076	1.304	96.592	257
C	25.059	0.206	96.298	257
N	23.96	0.197	97.046	258
CA	22.961	-0.816	96.814	258
C	22.667	-0.782	95.333	258
N	22.147	0.358	94.88	259
CA	21.785	0.573	93.47	259
C	22.875	0.191	92.467	259
N	24.13	0.443	92.813	260
CA	25.234	0.118	91.917	260
C	25.299	-1.394	91.743	260
N	24.921	-2.132	92.789	261
CA	24.932	-3.603	92.748	261
C	23.607	-4.177	92.241	261
N	22.544	-3.385	92.3	262
CA	21.256	-3.858	91.828	262
C	20.767	-3.036	90.642	262
N	21.679	-2.806	89.699	263
CA	21.366	-2.063	88.489	263
C	20.232	-2.79	87.814	263
N	19.297	-2.043	87.216	264
CA	18.18	-2.703	86.544	264
C	18.7	-3.694	85.517	264
N	18.092	-4.868	85.518	265
CA	18.462	-5.955	84.627	265
C	18.895	-5.566	83.216	265
N	18.102	-4.739	82.542	266
CA	18.399	-4.349	81.162	266
C	19.701	-3.587	80.945	266
N	20.285	-3.053	82.007	267
CA	21.527	-2.305	81.877	267
C	22.751	-3.101	82.339	267
N	22.511	-4.268	82.906	268
CA	23.604	-5.045	83.433	268
C	24.568	-5.537	82.384	268
N	24.082	-5.727	81.165	269
CA	24.972	-6.199	80.126	269
C	25.772	-5.093	79.457	269
N	25.44	-3.834	79.724	270
CA	26.151	-2.728	79.1	270
C	27.447	-2.297	79.721	270
N	28.395	-1.882	78.875	271
CA	29.661	-1.427	79.428	271
C	29.306	-0.211	80.265	271
N	29.684	-0.283	81.543	272
CA	29.424	0.734	82.571	272
C	30.704	1.353	83.152	272
N	30.733	2.668	83.284	273
CA	31.874	3.363	83.852	273
C	31.217	4.246	84.908	273
N	31.978	4.735	85.887	274
CA	31.412	5.65	86.853	274
C	32.318	6.871	86.971	274
N	31.716	8.042	87.119	275
CA	32.473	9.267	87.289	275
C	32.094	9.775	88.682	275
N	33.105	10.215	89.411	276
CA	32.921	10.67	90.771	276
C	32.396	12.077	90.84	276
N	31.598	12.336	91.864	277
CA	31.059	13.663	92.096	277
C	32.227	14.611	92.394	277
N	32.295	15.709	91.665	278
CA	33.353	16.679	91.851	278
C	32.906	17.78	92.825	278
N	33.855	18.387	93.535	279
CA	33.536	19.441	94.503	279
C	33.055	20.775	93.911	279
N	33.583	21.149	92.759	280
CA	33.17	22.397	92.14	280
C	32.65	22.136	90.748	280
N	31.625	22.879	90.356	281
CA	31.092	22.719	89.016	281
C	32.217	23.117	88.066	281
N	32.636	22.175	87.227	282
CA	33.725	22.396	86.291	282
C	33.59	23.641	85.443	282
N	34.601	24.491	85.484	283
CA	34.528	25.696	84.7	283
C	35.599	25.78	83.622	283
N	36.67	25.003	83.766	284
CA	37.722	25.039	82.759	284
C	38.235	23.669	82.357	284
N	39.298	23.64	81.559	285
CA	39.86	22.381	81.083	285
C	40.405	21.498	82.177	285
N	41.064	22.11	83.148	286
CA	41.636	21.369	84.258	286
C	40.511	20.641	84.97	286
N	39.473	21.413	85.279	287
CA	38.302	20.911	85.971	287
C	37.613	19.818	85.166	287
N	37.346	20.089	83.89	288
CA	36.68	19.101	83.036	288
C	37.442	17.814	82.962	288
N	38.759	17.91	82.838	289
CA	39.593	16.723	82.716	289
C	39.644	15.879	83.974	289
N	39.431	16.525	85.113	290
CA	39.449	15.861	86.412	290
C	38.288	14.881	86.529	290
N	37.244	15.164	85.769	291
CA	36.019	14.375	85.74	291
C	36.252	12.935	85.293	291
N	37.211	12.715	84.4	292
CA	37.456	11.361	83.917	292
C	38.38	10.561	84.791	292
N	38.724	11.103	85.954	293
CA	39.603	10.425	86.907	293
C	39.028	9.083	87.39	293
N	39.926	8.132	87.658	294
CA	39.565	6.796	88.13	294
C	39.618	6.717	89.655	294
N	40.171	7.758	90.272	295
CA	40.288	7.827	91.726	295
C	39.938	9.244	92.185	295
N	39.22	9.368	93.322	296
CA	38.784	10.647	93.906	296
C	39.825	11.775	93.962	296
N	39.375	13.011	94.432	297
CA	39.569	13.859	95.662	297
C	38.903	13.622	97.033	297
N	38.114	12.589	96.716	298
CA	37.209	11.948	97.631	298
C	36.027	12.837	97.972	298
N	36.175	13.932	97.235	299
CA	37.086	14.876	97.866	299
C	36.363	15.724	98.86	299
N	36.984	16.08	99.975	300
CA	36.44	17.111	100.828	300
C	37.44	18.197	101.188	300
N	37.18	19.342	101.763	301
CA	38.389	19.683	102.466	301
C	38.872	21.048	102.875	301
N	38.228	22.221	102.726	302
CA	37.027	22.599	101.936	302
C	36.935	24.137	101.979	302
N	35.805	24.832	101.698	303
CA	35.762	25.296	100.341	303
C	34.697	26.235	99.967	303
N	33.913	26.309	101.1	304
CA	33.551	26.884	102.398	304
C	32.259	27.672	102.179	304
N	31.581	28.493	103.017	305
CA	30.142	28.127	103.07	305
C	28.914	28.861	103.704	305
N	27.936	27.922	103.64	306
CA	26.828	27.337	104.439	306
C	26.23	26.282	103.439	306
N	25.554	25.192	103.881	307
CA	25.71	24.911	105.289	307
C	25.098	25.5	106.555	307
N	24.2	26.411	106.301	308
CA	24.109	27.81	106.057	308
C	24.814	28.443	104.84	308
N	23.972	29.417	104.761	309
CA	22.588	28.962	104.688	309
C	21.684	29.968	104.018	309
N	21.091	29.586	102.879	310
CA	20.189	30.462	102.128	310
C	18.93	30.772	102.933	310
N	18.45	32.009	102.843	311
CA	17.245	32.389	103.566	311
C	15.98	32.116	102.746	311
N	15.558	30.857	102.772	312
CA	14.377	30.417	102.052	312
C	13.52	29.586	102.979	312
N	12.226	29.891	103.039	313
CA	11.29	29.178	103.897	313
C	11.201	27.704	103.587	313
N	10.691	26.97	104.562	314
CA	10.522	25.538	104.462	314
C	9.279	25.26	103.635	314
N	9.11	23.993	103.261	315
CA	7.95	23.577	102.491	315
C	6.731	23.846	103.373	315
N	6.931	23.722	104.679	316
CA	5.87	23.983	105.658	316
C	5.301	25.37	105.47	316
N	6.194	26.33	105.226	317
CA	5.757	27.706	105.004	317
C	4.816	27.792	103.781	317
N	5.151	27.088	102.701	318
CA	4.298	27.145	101.519	318
C	2.96	26.488	101.813	318
N	2.982	25.364	102.517	319
CA	1.716	24.714	102.843	319
C	0.943	25.691	103.74	319
N	1.657	26.308	104.677	320
CA	1.034	27.282	105.557	320
C	0.131	28.212	104.698	320
N	0.721	28.933	103.726	321
CA	-0.051	29.879	102.884	321
C	-1.068	29.228	101.984	321
N	-0.817	27.995	101.568	322
CA	-1.807	27.335	100.727	322
C	-3.052	27.041	101.579	322
N	-2.825	26.783	102.866	323
CA	-3.887	26.45	103.811	323
C	-4.901	27.572	103.988	323
N	-4.389	28.802	103.946	324
CA	-5.198	29.994	104.114	324
C	-6.627	29.927	103.589	324
N	-6.907	29.472	102.364	325
CA	-8.33	29.474	102.013	325
C	-9.162	28.187	102.109	325
N	-8.713	27.247	102.932	326
CA	-9.443	25.998	103.163	326
C	-9.775	25.08	102.034	326
N	-9.458	25.471	100.811	327
CA	-9.745	24.608	99.673	327
C	-8.97	25.054	98.443	327
N	-9.082	24.285	97.359	328
CA	-8.375	24.619	96.126	328
C	-7.603	23.51	95.422	328
N	-7.229	23.802	94.19	329
CA	-6.496	22.878	93.346	329
C	-5.018	23.229	93.41	329
N	-4.213	22.281	93.893	330
CA	-2.772	22.451	94.002	330
C	-2.179	21.492	92.978	330
N	-1.493	22.045	91.983	331
CA	-0.912	21.237	90.938	331
C	0.588	21.304	90.925	331
N	1.233	20.154	91.087	332
CA	2.697	20.104	91.055	332
C	3.216	19.841	89.638	332
N	4.132	20.697	89.191	333
CA	4.67	20.584	87.839	333
C	6.181	20.621	87.849	333
N	6.778	20.111	86.768	334
CA	8.229	20.089	86.689	334
C	8.675	18.903	85.84	334
N	9.967	18.854	85.505	335
CA	10.473	17.783	84.674	335
C	10.375	16.445	85.396	335
N	10.666	15.36	84.688	336
CA	10.588	14.071	85.342	336
C	11.664	13.887	86.384	336
N	11.297	13.178	87.461	337
CA	12.223	12.877	88.543	337
C	12.67	13.985	89.47	337
N	12.066	15.169	89.382	338
CA	12.49	16.25	90.257	338
C	11.835	16.125	91.628	338
N	10.784	15.325	91.729	339
CA	10.147	15.155	93.011	339
C	8.706	15.603	93.129	339
N	7.974	15.666	92.016	340
CA	6.583	16.093	92.074	340
C	5.692	15.155	92.904	340
N	5.81	13.857	92.688	341
CA	4.983	12.918	93.439	341
C	5.331	12.963	94.938	341
N	6.596	13.207	95.231	342
CA	7.034	13.257	96.602	342
C	6.501	14.533	97.226	342
N	6.633	15.659	96.522	343
CA	6.157	16.915	97.07	343
C	4.653	16.86	97.213	343
N	3.983	16.333	96.207	344
CA	2.543	16.275	96.277	344
C	2.105	15.509	97.521	344
N	2.784	14.393	97.81	345
CA	2.434	13.575	98.972	345
C	2.653	14.318	100.266	345
N	3.793	15.008	100.367	346
CA	4.139	15.78	101.577	346
C	3.124	16.893	101.844	346
N	2.772	17.607	100.794	347
CA	1.827	18.695	100.912	347
C	0.488	18.165	101.36	347
N	0.096	17.021	100.829	348
CA	-1.176	16.439	101.168	348
C	-1.186	15.953	102.603	348
N	-0.04	15.501	103.08	349
CA	0.025	14.968	104.42	349
C	-0.068	16.089	105.43	349
N	0.664	17.169	105.175	350
CA	0.625	18.302	106.07	350
C	-0.774	18.899	106.204	350
N	-1.43	19.157	105.077	351
CA	-2.78	19.705	105.095	351
C	-3.665	18.801	105.968	351
N	-3.703	17.518	105.61	352
CA	-4.484	16.511	106.331	352
C	-4.2	16.569	107.828	352
N	-2.925	16.525	108.184	353
CA	-2.531	16.555	109.578	353
C	-2.955	17.84	110.27	353
N	-3.35	18.847	109.504	354
CA	-3.787	20.066	110.14	354
C	-5.301	20.216	110.03	354
N	-5.99	19.089	109.878	355
CA	-7.446	19.097	109.847	355
C	-8.186	19.447	108.581	355
N	-7.47	19.558	107.469	356
CA	-8.124	19.899	106.213	356
C	-8.546	18.687	105.417	356
N	-9.46	18.889	104.492	357
CA	-9.901	17.781	103.674	357
C	-9.013	17.742	102.433	357
N	-8.304	16.641	102.23	358
CA	-7.418	16.551	101.086	358
C	-7.65	15.299	100.292	358
N	-7.641	15.465	98.978	359
CA	-7.779	14.362	98.054	359
C	-6.535	14.471	97.162	359
N	-5.589	13.56	97.378	360
CA	-4.344	13.502	96.631	360
C	-4.493	12.545	95.441	360
N	-4.154	13.002	94.24	361
CA	-4.237	12.119	93.073	361
C	-2.84	11.844	92.535	361
N	-2.611	10.633	92.051	362
CA	-1.314	10.321	91.497	362
C	-1.376	9.38	90.308	362
N	-0.354	9.499	89.473	363
CA	-0.203	8.714	88.268	363
C	0.861	7.657	88.505	363
N	1.305	7.528	89.75	364
CA	2.331	6.552	90.094	364
C	1.85	5.59	91.176	364
N	1.941	4.277	90.919	365
CA	1.494	3.303	91.925	365
C	2.509	3.056	93.05	365
N	2.434	3.867	94.105	366
CA	3.334	3.735	95.253	366
C	3.035	4.771	96.346	366
N	2.484	4.311	97.469	367
CA	2.158	5.186	98.594	367
C	1.586	4.391	99.766	367
N	2.275	4.466	100.899	368
CA	1.892	3.769	102.122	368
C	0.385	3.709	102.418	368
N	-0.209	4.852	102.759	369
CA	-1.626	4.947	103.111	369
C	-1.936	4.197	104.403	369
N	-2.972	4.346	103.556	370
CA	-4.382	4.698	103.487	370
C	-5.09	3.556	104.163	370
N	-4.175	2.677	104.55	371
CA	-4.362	1.973	105.778	371
C	-5.662	1.453	105.231	371
N	-6.296	0.594	105.998	372
CA	-6.778	-0.588	105.353	372
C	-8.266	-0.463	105.044	372
N	-8.668	0.688	105.588	373
CA	-8.88	0.391	107.018	373
C	-9.199	1.7	107.756	373
N	-9.888	1.907	108.948	374
CA	-9.928	1.651	110.393	374
C	-8.727	2.424	110.899	374
N	-8.048	3.072	109.915	375
CA	-8.48	4.105	108.997	375
C	-9.5	4.077	107.835	375
N	-9.636	5.388	107.615	376
CA	-8.666	6.279	108.249	376
C	-9.534	7.517	108.187	376
N	-10.72	7.436	107.59	377
CA	-11.411	8.522	106.939	377
C	-11.011	9.94	107.405	377
N	-9.949	9.919	108.199	378
CA	-8.524	10.21	108.069	378
C	-8.331	11.457	107.198	378
N	-9.449	12.013	106.732	379
CA	-9.501	13.193	105.861	379
C	-8.338	13.404	104.873	379
N	-7.932	12.296	104.258	380
CA	-6.916	12.254	103.21	380
C	-7.239	11.004	102.429	380
N	-7.861	11.193	101.278	381
CA	-8.178	10.081	100.421	381
C	-7.215	10.159	99.231	381
N	-6.777	9.0	98.767	382
CA	-5.838	8.94	97.664	382
C	-6.392	8.214	96.459	382
N	-6.293	8.85	95.303	383
CA	-6.734	8.231	94.073	383
C	-5.478	8.085	93.228	383
N	-5.175	6.859	92.822	384
CA	-4.006	6.619	91.977	384
C	-4.6	6.194	90.669	384
N	-4.144	6.764	89.569	385
CA	-4.676	6.308	88.302	385
C	-3.536	5.617	87.606	385
N	-3.894	4.743	86.684	386
CA	-2.92	3.993	85.939	386
C	-2.677	4.676	84.59	386
N	-1.494	5.274	84.429	387
CA	-1.129	5.976	83.195	387
C	-1.336	5.145	81.949	387
N	-0.905	3.889	82.026	388
CA	-1.02	2.949	80.92	388
C	-2.467	2.709	80.508	388
N	-3.372	2.494	81.464	389
CA	-4.739	2.245	81.036	389
C	-5.454	3.499	80.532	389
N	-5.095	4.655	81.069	390
CA	-5.684	5.908	80.627	390
C	-5.141	6.262	79.254	390
N	-3.863	5.996	79.044	391
CA	-3.272	6.309	77.769	391
C	-3.975	5.493	76.721	391
N	-4.15	4.2	76.983	392
CA	-4.837	3.338	76.03	392
C	-6.3	3.719	75.75	392
N	-7.01	4.274	76.733	393
CA	-8.392	4.683	76.477	393
C	-8.371	5.852	75.503	393
N	-7.54	6.834	75.841	394
CA	-7.366	8.051	75.07	394
C	-6.904	7.702	73.663	394
N	-5.935	6.798	73.564	395
CA	-5.435	6.369	72.269	395
C	-6.551	5.72	71.457	395
N	-7.36	4.897	72.106	396
CA	-8.459	4.211	71.436	396
C	-9.406	5.262	70.871	396
N	-9.712	6.238	71.713	397
CA	-10.616	7.312	71.345	397
C	-10.163	8.087	70.129	397
N	-8.926	8.563	70.173	398
CA	-8.386	9.353	69.079	398
C	-8.201	8.517	67.829	398
N	-8.265	7.197	67.962	399
CA	-8.098	6.343	66.795	399
C	-9.394	6.167	66.031	399
N	-10.51	5.998	66.739	400
CA	-11.774	5.816	66.036	400
C	-12.269	7.131	65.475	400
N	-11.802	8.201	66.085	401
CA	-12.158	9.571	65.777	401
C	-11.398	10.226	64.613	401
N	-10.072	10.111	64.608	402
CA	-9.243	10.7	63.548	402
C	-8.723	9.648	62.562	402
N	-8.694	8.401	63.008	403
CA	-8.162	7.344	62.184	403
C	-9.001	6.793	61.065	403
N	-10.273	7.134	61.013	404
CA	-11.063	6.575	59.925	404
C	-10.615	7.172	58.604	404
N	-10.708	6.38	57.544	405
CA	-10.31	6.828	56.214	405
C	-8.799	6.838	56.024	405
N	-8.056	6.584	57.088	406
CA	-6.609	6.543	56.968	406
C	-6.218	5.131	56.557	406
N	-5.281	4.973	55.621	407
CA	-4.854	3.613	55.275	407
C	-3.985	3.024	56.426	407
N	-3.481	1.801	56.291	408
CA	-2.688	1.235	57.381	408
C	-1.449	2.05	57.753	408
N	-0.696	2.492	56.755	409
CA	0.485	3.314	56.983	409
C	0.105	4.629	57.657	409
N	-1.087	5.131	57.39	410
CA	-1.489	6.373	58.023	410
C	-1.833	6.164	59.487	410
N	-2.457	5.027	59.781	411
CA	-2.852	4.688	61.144	411
C	-1.62	4.485	62.038	411
N	-0.569	3.891	61.485	412
CA	0.637	3.665	62.261	412
C	1.297	5.005	62.59	412
N	1.206	5.966	61.668	413
CA	1.78	7.284	61.895	413
C	1.032	7.94	63.051	413
N	-0.283	7.81	63.0	414
CA	-1.143	8.354	64.04	414
C	-0.851	7.619	65.359	414
N	-0.648	6.302	65.297	415
CA	-0.379	5.57	66.538	415
C	0.948	5.997	67.097	415
N	1.871	6.377	66.241	416
CA	3.149	6.8	66.762	416
C	2.986	8.2	67.347	416
N	2.104	9.005	66.762	417
CA	1.856	10.348	67.283	417
C	1.305	10.144	68.702	417
N	0.501	9.092	68.885	418
CA	-0.089	8.811	70.198	418
C	0.885	8.14	71.149	418
N	2.163	8.254	70.816	419
CA	3.232	7.702	71.622	419
C	4.135	8.875	72.027	419
N	3.673	10.1	71.753	420
CA	4.417	11.316	72.115	420
C	4.356	11.382	73.629	420
N	5.362	11.981	74.271	421
CA	5.33	12.072	75.734	421
C	4.035	12.738	76.218	421
N	3.539	13.714	75.466	422
CA	2.326	14.438	75.868	422
C	1.028	13.629	75.79	422
N	1.05	12.526	75.055	423
CA	-0.132	11.684	74.925	423
C	-0.533	11.231	76.323	423
N	0.421	10.683	77.053	424
CA	0.165	10.244	78.399	424
C	-0.2	11.432	79.312	424
N	0.476	12.575	79.126	425
CA	0.205	13.732	79.976	425
C	-1.227	14.216	79.749	425
N	-1.746	14.016	78.553	426
CA	-3.101	14.449	78.288	426
C	-4.118	13.493	78.861	426
N	-3.86	12.201	78.701	427
CA	-4.792	11.181	79.165	427
C	-4.925	11.129	80.698	427
N	-3.813	11.345	81.394	428
CA	-3.792	11.34	82.856	428
C	-4.499	12.593	83.347	428
N	-4.281	13.696	82.644	429
CA	-4.921	14.933	83.023	429
C	-6.413	14.717	82.81	429
N	-6.762	14.058	81.72	430
CA	-8.153	13.756	81.411	430
C	-8.788	13.094	82.626	430
N	-8.196	11.988	83.055	431
CA	-8.71	11.245	84.186	431
C	-8.779	12.095	85.471	431
N	-7.695	12.79	85.813	432
CA	-7.638	13.649	87.002	432
C	-8.818	14.604	87.018	432
N	-9.328	14.917	85.838	433
CA	-10.412	15.866	85.714	433
C	-11.704	15.46	86.384	433
N	-11.855	14.174	86.67	434
CA	-13.07	13.721	87.338	434
C	-13.139	14.341	88.741	434
N	-12.005	14.32	89.444	435
CA	-11.915	14.834	90.8	435
C	-11.502	16.289	90.907	435
N	-11.106	16.908	89.805	436
CA	-10.703	18.308	89.866	436
C	-11.91	19.151	90.262	436
N	-13.079	18.519	90.28	437
CA	-14.321	19.197	90.65	437
C	-14.415	19.481	92.156	437
N	-13.722	18.666	92.945	438
CA	-13.717	18.755	94.398	438
C	-12.858	19.87	94.972	438
N	-12.133	20.59	94.118	439
CA	-11.282	21.674	94.586	439
C	-12.135	22.844	95.102	439
N	-13.45	22.728	94.956	440
CA	-14.327	23.779	95.431	440
C	-14.749	23.55	96.872	440
N	-14.748	22.287	97.291	441
CA	-15.139	21.911	98.647	441
C	-13.946	21.496	99.523	441
N	-12.832	21.111	98.891	442
CA	-11.644	20.66	99.617	442
C	-10.366	20.886	98.851	442
N	-9.268	20.296	99.319	443
CA	-8.0	20.424	98.608	443
C	-7.829	19.216	97.703	443
N	-7.357	19.482	96.5	444
CA	-7.094	18.437	95.534	444
C	-5.646	18.698	95.164	444
N	-4.792	17.713	95.402	445
CA	-3.381	17.877	95.092	445
C	-3.024	16.929	93.972	445
N	-2.447	17.477	92.905	446
CA	-2.06	16.676	91.753	446
C	-0.565	16.671	91.598	446
N	0.011	15.51	91.257	447
CA	1.471	15.408	91.118	447
C	2.039	15.559	89.716	447
N	1.186	15.914	88.761	448
CA	1.619	16.141	87.398	448
C	0.573	16.952	86.637	448
N	0.973	17.49	85.488	449
CA	0.122	18.341	84.664	449
C	0.689	18.501	83.256	449
N	-0.174	18.813	82.276	450
CA	0.3	18.992	80.905	450
C	1.01	20.33	80.795	450
N	1.736	20.511	79.689	451
CA	2.434	21.761	79.412	451
C	1.418	22.856	79.036	451
N	1.888	24.1	79.058	452
CA	1.023	25.197	78.681	452
C	0.679	24.994	77.224	452
N	1.651	24.503	76.451	453
CA	1.403	24.263	75.041	453
C	0.265	23.287	74.861	453
N	0.267	22.193	75.621	454
CA	-0.788	21.18	75.532	454
C	-2.14	21.72	76.025	454
N	-2.118	22.452	77.129	455
CA	-3.352	23.019	77.649	455
C	-4.008	23.894	76.571	455
N	-3.236	24.802	75.971	456
CA	-3.762	25.669	74.914	456
C	-4.339	24.815	73.791	456
N	-3.632	23.747	73.451	457
CA	-4.057	22.866	72.377	457
C	-5.382	22.194	72.761	457
N	-5.47	21.671	73.985	458
CA	-6.694	21.013	74.462	458
C	-7.861	21.992	74.507	458
N	-7.595	23.207	74.993	459
CA	-8.592	24.271	75.104	459
C	-9.16	24.675	73.733	459
N	-8.39	24.47	72.671	460
CA	-8.837	24.824	71.332	460
C	-10.182	24.17	71.04	460
N	-10.386	22.996	71.614	461
CA	-11.626	22.261	71.413	461
C	-12.725	22.748	72.362	461
N	-13.627	21.769	72.264	462
CA	-14.187	21.78	73.584	462
C	-15.191	20.776	74.14	462
N	-15.684	19.74	73.454	463
CA	-16.71	19.583	72.411	463
C	-18.199	19.827	71.978	463
N	-19.39	20.397	72.299	464
CA	-20.397	19.798	73.206	464
C	-21.923	20.016	73.542	464
N	-22.912	20.864	73.109	465
CA	-24.348	20.711	72.643	465
C	-25.658	20.629	73.486	465
N	-26.759	20.055	72.877	466
CA	-28.03	20.72	72.412	466
C	-29.097	21.507	73.159	466
N	-30.296	21.343	72.557	467
CA	-31.309	22.353	72.268	467
C	-32.592	21.529	71.989	467
N	-32.753	20.144	71.888	468
CA	-33.64	19.213	71.111	468
C	-35.143	18.863	71.216	468
N	-35.861	19.411	72.175	469
CA	-36.175	20.731	72.629	469
C	-36.729	20.132	73.91	469
N	-36.691	18.722	73.852	470
CA	-37.244	17.87	74.949	470
C	-36.322	17.878	76.195	470
N	-35.258	18.578	75.863	471
CA	-35.071	19.157	74.567	471
C	-34.054	20.079	75.269	471
N	-33.848	19.99	76.59	472
CA	-34.418	19.153	77.651	472
C	-34.146	19.858	78.988	472
N	-33.358	20.897	78.719	473
CA	-32.149	20.845	79.529	473
C	-31.622	19.452	79.154	473
N	-30.383	19.368	79.573	474
CA	-29.812	18.834	80.785	474
C	-29.355	20.227	81.225	474
N	-29.535	21.314	80.381	475
CA	-28.288	21.889	79.833	475
C	-27.87	23.132	79.059	475
N	-26.641	22.631	78.87	476
CA	-25.963	21.678	79.764	476
C	-24.567	21.787	79.175	476
N	-23.431	21.546	79.869	477
CA	-22.164	20.911	79.477	477
C	-20.931	21.089	80.405	477
N	-19.638	20.762	80.067	478
CA	-18.358	21.237	79.421	478
C	-17.242	20.198	79.66	478
N	-16.012	20.235	79.073	479
CA	-14.886	20.303	79.987	479
C	-13.363	20.527	79.792	479
N	-12.395	20.705	78.851	480
CA	-11.186	21.098	79.577	480
C	-11.371	22.441	80.302	480
N	-11.252	22.423	81.646	481
CA	-11.387	23.548	82.592	481
C	-10.294	24.614	82.538	481
N	-10.04	25.164	81.356	482
CA	-8.991	26.163	81.216	482
C	-9.11	27.354	82.172	482
N	-10.239	28.055	82.153	483
CA	-10.425	29.208	83.039	483
C	-10.181	28.861	84.504	483
N	-10.581	27.653	84.884	484
CA	-10.375	27.17	86.24	484
C	-8.883	27.154	86.55	484
N	-8.098	26.556	85.656	485
CA	-6.643	26.469	85.837	485
C	-6.009	27.852	85.899	485
N	-6.554	28.763	85.101	486
CA	-6.068	30.138	85.019	486
C	-6.374	31.002	86.258	486
N	-7.479	30.7	86.933	487
CA	-7.907	31.428	88.133	487
C	-6.952	31.237	89.318	487
N	-6.246	32.303	89.722	488
CA	-5.28	32.341	90.827	488
C	-5.807	31.766	92.144	488
N	-7.105	31.91	92.372	489
CA	-7.707	31.41	93.599	489
C	-7.874	29.907	93.512	489
N	-8.896	29.485	92.779	490
CA	-9.192	28.077	92.629	490
C	-7.993	27.188	92.397	490
N	-6.956	27.716	91.753	491
CA	-5.762	26.921	91.426	491
C	-4.389	27.549	91.69	491
N	-3.511	26.81	92.354	492
CA	-2.14	27.238	92.62	492
C	-1.238	26.154	92.037	492
N	-0.477	26.517	91.019	493
CA	0.445	25.61	90.351	493
C	1.787	25.776	91.008	493
N	2.41	24.658	91.373	494
CA	3.742	24.688	91.987	494
C	4.748	24.005	91.056	494
N	5.869	24.665	90.834	495
CA	6.908	24.143	89.977	495
C	7.996	23.543	90.851	495
N	8.33	22.288	90.588	496
CA	9.344	21.58	91.361	496
C	10.618	21.489	90.559	496
N	11.733	21.824	91.188	497
CA	13.005	21.792	90.512	497
C	14.127	21.481	91.512	497
N	15.348	21.459	91.0	498
CA	16.515	21.14	91.783	498
C	17.393	22.369	91.805	498
N	18.281	22.494	92.809	499
CA	19.156	23.673	92.872	499
C	20.313	23.564	91.897	499
N	19.985	23.245	90.649	500
CA	20.986	23.07	89.6	500
C	20.723	23.913	88.337	500
N	21.795	24.247	87.629	501
CA	21.685	25.071	86.426	501
C	20.656	24.653	85.369	501
N	20.827	23.463	84.797	502
CA	19.917	22.973	83.761	502
C	18.506	22.781	84.329	502
N	18.4	22.149	85.511	503
CA	17.069	21.966	86.076	503
C	16.28	23.269	86.241	503
N	16.948	24.331	86.666	504
CA	16.29	25.627	86.856	504
C	15.864	26.229	85.504	504
N	16.757	26.177	84.52	505
CA	16.449	26.677	83.182	505
C	15.236	25.918	82.605	505
N	15.224	24.598	82.75	506
CA	14.101	23.822	82.226	506
C	12.82	24.185	82.971	506
N	12.935	24.485	84.259	507
CA	11.756	24.865	85.021	507
C	11.283	26.241	84.543	507
N	12.214	27.168	84.317	508
CA	11.848	28.506	83.859	508
C	11.113	28.412	82.521	508
N	11.585	27.521	81.646	509
CA	10.954	27.318	80.342	509
C	9.555	26.708	80.484	509
N	9.405	25.796	81.432	510
CA	8.127	25.179	81.7	510
C	7.194	26.304	82.197	510
N	7.72	27.206	83.022	511
CA	6.929	28.324	83.51	511
C	6.565	29.313	82.369	511
N	7.529	29.667	81.515	512
CA	7.259	30.588	80.404	512
C	6.126	30.045	79.55	512
N	6.159	28.745	79.293	513
CA	5.132	28.144	78.468	513
C	3.773	28.232	79.15	513
N	3.739	27.967	80.446	514
CA	2.483	28.013	81.168	514
C	1.95	29.434	81.127	514
N	2.836	30.403	81.323	515
CA	2.423	31.804	81.29	515
C	1.729	32.156	79.966	515
N	2.172	31.569	78.843	516
CA	1.524	31.813	77.533	516
C	0.077	31.296	77.549	516
N	-0.166	30.264	78.356	517
CA	-1.48	29.66	78.471	517
C	-2.324	30.394	79.506	517
N	-1.808	31.531	79.968	518
CA	-2.505	32.331	80.956	518
C	-2.439	31.764	82.372	518
N	-1.404	30.974	82.656	519
CA	-1.283	30.364	83.981	519
C	0.0	30.781	84.64	519
N	-0.107	31.399	85.807	520
CA	1.073	31.84	86.529	520
C	1.43	30.947	87.722	520
N	2.587	30.275	87.661	521
CA	2.927	29.42	88.795	521
C	2.877	30.259	90.064	521
N	2.224	29.715	91.085	522
CA	2.05	30.382	92.367	522
C	3.338	30.311	93.186	522
N	4.106	29.247	92.989	523
CA	5.349	29.123	93.713	523
C	6.233	28.022	93.187	523
N	7.493	28.091	93.569	524
CA	8.472	27.126	93.146	524
C	8.988	26.41	94.386	524
N	9.224	25.111	94.238	525
CA	9.781	24.32	95.307	525
C	11.128	23.784	94.82	525
N	12.201	24.15	95.514	526
CA	13.531	23.666	95.148	526
C	13.812	22.42	95.989	526
N	13.67	21.248	95.378	527
CA	13.877	19.994	96.081	527
C	15.319	19.49	96.056	527
N	15.579	18.432	96.825	528
CA	16.915	17.831	96.965	528
C	18.012	18.835	97.272	528
N	17.814	19.681	98.275	529
CA	18.864	20.623	98.588	529
C	19.754	20.08	99.683	529
N	21.04	20.361	99.524	530
CA	22.068	19.966	100.452	530
C	22.388	21.13	101.374	530
N	22.219	22.357	100.889	531
CA	22.559	23.5	101.717	531
C	21.592	23.704	102.883	531
N	20.602	22.827	102.992	532
CA	19.593	22.916	104.041	532
C	19.595	21.593	104.816	532
N	20.628	20.791	104.571	533
CA	20.764	19.482	105.209	533
C	21.956	19.43	106.154	533
N	21.871	18.529	107.126	534
CA	22.91	18.366	108.146	534
C	24.054	17.42	107.746	534
N	25.213	17.979	107.437	535
CA	26.332	17.14	107.055	535
C	27.669	17.857	107.187	535
N	28.667	17.109	107.638	536
CA	29.999	17.639	107.844	536
C	30.946	17.138	106.774	536
N	30.411	16.353	105.833	537
CA	31.212	15.826	104.735	537
C	31.81	17.024	104.041	537
N	33.14	17.098	103.957	538
CA	33.657	18.287	103.275	538
C	33.147	18.464	101.843	538
N	33.07	17.358	101.096	539
CA	32.606	17.38	99.708	539
C	31.151	17.821	99.623	539
N	30.294	17.286	100.481	540
CA	28.892	17.678	100.456	540
C	28.693	19.17	100.751	540
N	29.462	19.713	101.692	541
CA	29.359	21.129	102.047	541
C	29.767	21.936	100.84	541
N	30.718	21.4	100.087	542
CA	31.198	22.075	98.898	542
C	30.139	22.069	97.774	542
N	29.371	20.988	97.658	543
CA	28.313	20.924	96.646	543
C	27.215	21.901	97.066	543
N	26.892	21.885	98.357	544
CA	25.868	22.747	98.932	544
C	26.145	24.224	98.646	544
N	27.426	24.601	98.625	545
CA	27.817	25.976	98.35	545
C	27.63	26.248	96.861	545
N	27.836	25.21	96.056	546
CA	27.663	25.309	94.614	546
C	26.19	25.639	94.259	546
N	25.254	25.24	95.12	547
CA	23.823	25.485	94.918	547
C	23.39	26.941	95.136	547
N	24.206	27.699	95.867	548
CA	23.886	29.078	96.22	548
C	23.46	29.961	95.067	548
N	24.235	29.982	93.982	549
CA	23.842	30.832	92.851	549
C	22.489	30.438	92.249	549
N	22.236	29.13	92.167	550
CA	21.001	28.615	91.59	550
C	19.793	28.964	92.435	550
N	19.917	28.755	93.737	551
CA	18.824	29.06	94.639	551
C	18.572	30.564	94.586	551
N	19.635	31.335	94.383	552
CA	19.508	32.779	94.282	552
C	18.706	33.209	93.038	552
N	19.057	32.699	91.855	553
CA	18.338	33.084	90.632	553
C	16.863	32.697	90.666	553
N	16.516	31.655	91.413	554
CA	15.118	31.269	91.507	554
C	14.376	32.296	92.331	554
N	14.986	32.686	93.444	555
CA	14.38	33.654	94.353	555
C	14.158	35.05	93.748	555
N	15.089	35.534	92.925	556
CA	14.948	36.876	92.358	556
C	14.537	37.01	90.904	556
N	14.628	35.928	90.155	557
CA	14.315	35.998	88.741	557
C	13.209	35.075	88.229	557
N	12.865	34.039	88.99	558
CA	11.873	33.091	88.509	558
C	10.623	32.908	89.341	558
N	10.772	32.978	90.657	559
CA	9.628	32.735	91.5	559
C	9.32	33.779	92.559	559
N	8.036	33.892	92.897	560
CA	7.59	34.845	93.923	560
C	7.667	34.192	95.302	560
N	7.169	32.956	95.373	561
CA	7.149	32.144	96.582	561
C	8.013	30.914	96.329	561
N	9.04	30.741	97.159	562
CA	9.984	29.634	97.027	562
C	10.183	28.826	98.31	562
N	10.385	27.524	98.135	563
CA	10.585	26.623	99.248	563
C	11.814	25.771	99.032	563
N	12.486	25.47	100.142	564
CA	13.68	24.654	100.144	564
C	13.389	23.346	100.839	564
N	13.891	22.277	100.245	565
CA	13.706	20.954	100.773	565
C	15.078	20.311	100.737	565
N	15.437	19.657	101.827	566
CA	16.742	19.011	101.906	566
C	16.76	17.641	101.22	566
N	17.952	17.189	100.861	567
CA	18.112	15.846	100.315	567
C	17.962	14.991	101.573	567
N	17.009	14.067	101.591	568
CA	16.806	13.24	102.777	568
C	17.676	12.017	102.957	568
N	18.462	11.659	101.945	569
CA	19.274	10.448	102.041	569
C	18.191	9.377	102.052	569
N	18.54	8.128	101.767	570
CA	17.522	7.078	101.735	570
C	16.396	7.583	100.825	570
N	15.243	6.934	100.857	571
CA	14.132	7.383	100.03	571
C	12.968	7.747	100.945	571
N	12.237	8.819	100.615	572
CA	11.105	9.218	101.451	572
C	9.866	8.377	101.159	572
N	9.997	7.079	101.405	573
CA	8.942	6.094	101.187	573
C	7.752	6.169	102.16	573
N	7.999	6.507	103.42	574
CA	6.894	6.572	104.367	574
C	6.604	7.864	105.125	574
N	5.329	8.034	105.485	575
CA	4.833	9.184	106.242	575
C	5.875	9.85	107.142	575
N	6.61	9.053	107.908	576
CA	7.616	9.638	108.779	576
C	8.502	10.537	107.948	576
N	9.215	9.918	107.012	577
CA	10.137	10.614	106.119	577
C	9.456	11.768	105.38	577
N	8.255	11.488	104.897	578
CA	7.448	12.446	104.173	578
C	7.131	13.638	105.086	578
N	7.073	13.404	106.399	579
CA	6.804	14.492	107.341	579
C	8.059	15.322	107.621	579
N	9.231	14.709	107.433	580
CA	10.519	15.384	107.656	580
C	10.897	16.379	106.567	580
N	10.418	16.156	105.344	581
CA	10.753	17.041	104.235	581
C	10.18	18.419	104.44	581
N	8.994	18.477	105.027	582
CA	8.316	19.751	105.238	582
C	8.991	20.747	106.18	582
N	9.618	20.251	107.255	583
CA	10.235	21.129	108.246	583
C	9.113	21.62	109.164	583
N	9.318	22.66	109.971	584
CA	8.241	23.097	110.87	584
C	7.581	24.447	110.652	584
N	6.701	24.787	111.591	585
CA	5.896	26.018	111.565	585
C	6.516	27.357	111.971	585
N	5.648	28.375	111.998	586
CA	5.976	29.766	112.316	586
C	7.265	30.21	111.653	586
N	7.868	31.192	112.412	587
CA	8.15	31.441	113.868	587
C	7.623	31.983	115.264	587
N	6.635	32.579	115.98	588
CA	6.045	31.698	117.006	588
C	4.946	32.095	117.996	588
N	4.912	30.99	118.84	589
CA	5.668	30.683	120.083	589
C	5.193	32.048	120.581	589
