ATOM	X	Y	Z	RESIDUE
N	-32.885	-24.59	-42.683	1
CA	-31.932	-23.827	-43.513	1
C	-30.904	-23.187	-42.577	1
N	-29.745	-23.765	-42.271	2
CA	-29.156	-25.054	-42.67	2
C	-28.314	-25.591	-41.5	2
N	-28.089	-26.903	-41.444	3
CA	-27.26	-27.568	-40.431	3
C	-26.306	-28.505	-41.157	3
N	-25.021	-28.474	-40.804	4
CA	-24.028	-29.432	-41.293	4
C	-23.252	-30.052	-40.126	4
N	-22.881	-31.318	-40.317	5
CA	-22.358	-32.234	-39.303	5
C	-20.833	-32.382	-39.379	5
N	-20.244	-32.896	-38.297	6
CA	-18.92	-33.526	-38.305	6
C	-19.046	-35.03	-38.631	6
N	-18.104	-35.635	-39.377	7
CA	-17.931	-37.086	-39.452	7
C	-16.752	-37.595	-38.591	7
N	-16.741	-38.903	-38.322	8
CA	-15.699	-39.641	-37.592	8
C	-15.314	-40.94	-38.346	8
N	-14.5	-41.809	-37.718	9
CA	-13.883	-43.048	-38.26	9
C	-12.689	-42.777	-39.217	9
N	-11.696	-43.66	-39.421	10
CA	-11.606	-45.136	-39.309	10
C	-10.242	-45.56	-38.702	10
N	-10.182	-46.734	-38.061	11
CA	-8.959	-47.43	-37.613	11
C	-8.834	-48.787	-38.354	11
N	-7.623	-49.245	-38.714	12
CA	-7.399	-50.543	-39.406	12
C	-6.086	-51.221	-39.002	12
N	-6.085	-52.557	-38.953	13
CA	-4.971	-53.427	-38.537	13
C	-4.722	-54.584	-39.527	13
N	-3.471	-55.071	-39.621	14
CA	-3.025	-56.363	-40.205	14
C	-1.471	-56.436	-40.221	14
N	-0.773	-57.575	-40.376	15
CA	-0.776	-58.879	-39.66	15
C	0.506	-59.66	-40.068	15
N	1.149	-60.313	-39.091	16
CA	2.123	-61.436	-39.088	16
C	3.101	-61.779	-40.241	16
N	4.34	-62.145	-39.834	17
CA	5.039	-63.368	-40.311	17
C	6.193	-63.866	-39.396	17
N	5.962	-65.041	-38.78	18
CA	6.819	-66.244	-38.512	18
C	8.324	-66.212	-38.91	18
N	9.272	-66.975	-38.328	19
CA	9.335	-68.0	-37.247	19
C	10.828	-68.313	-36.93	19
N	11.152	-68.911	-35.771	20
CA	12.469	-69.532	-35.505	20
C	12.672	-69.91	-34.029	20
N	12.897	-71.196	-33.73	21
CA	12.913	-71.789	-32.373	21
C	14.3	-72.381	-32.074	21
N	14.755	-72.306	-30.818	22
CA	15.471	-73.399	-30.14	22
C	15.42	-73.213	-28.613	22
N	15.382	-74.335	-27.897	23
CA	14.988	-74.455	-26.485	23
C	16.189	-74.721	-25.544	23
N	15.878	-74.824	-24.247	24
CA	16.647	-75.45	-23.158	24
C	17.983	-74.834	-22.689	24
N	17.947	-74.203	-21.504	25
CA	18.381	-74.87	-20.257	25
C	18.033	-74.043	-19.0	25
N	17.457	-74.702	-17.992	26
CA	17.227	-74.152	-16.649	26
C	18.512	-74.214	-15.8	26
N	18.856	-73.149	-15.056	27
CA	19.141	-73.233	-13.602	27
C	19.453	-71.866	-12.937	27
N	18.541	-71.442	-12.058	28
CA	18.776	-70.776	-10.764	28
C	20.067	-69.962	-10.498	28
N	20.09	-68.666	-10.848	29
CA	20.83	-67.646	-10.07	29
C	20.038	-66.333	-9.928	29
N	19.874	-65.835	-8.69	30
CA	19.257	-64.522	-8.396	30
C	20.267	-63.379	-8.61	30
N	20.002	-62.392	-9.487	31
CA	20.777	-61.155	-9.528	31
C	20.535	-60.298	-8.278	31
N	21.561	-59.548	-7.872	32
CA	21.569	-58.728	-6.653	32
C	21.209	-57.269	-6.955	32
N	20.598	-56.624	-5.959	33
CA	20.754	-55.215	-5.551	33
C	21.339	-54.21	-6.57	33
N	20.566	-53.161	-6.88	34
CA	21.137	-51.822	-7.087	34
C	20.622	-51.026	-8.283	34
N	19.481	-50.348	-8.132	35
CA	19.19	-49.133	-8.908	35
C	18.901	-47.967	-7.954	35
N	19.529	-46.825	-8.238	36
CA	19.792	-45.789	-7.245	36
C	18.63	-44.829	-7.012	36
N	18.124	-44.791	-5.78	37
CA	17.395	-43.629	-5.284	37
C	18.418	-42.634	-4.713	37
N	18.806	-41.615	-5.491	38
CA	19.741	-40.591	-5.007	38
C	19.211	-39.928	-3.718	38
N	20.045	-39.771	-2.671	39
CA	19.606	-39.211	-1.401	39
C	19.292	-37.715	-1.539	39
N	18.001	-37.421	-1.717	40
CA	17.424	-36.074	-1.786	40
C	17.993	-35.182	-0.672	40
N	18.623	-34.07	-1.062	41
CA	19.245	-33.117	-0.139	41
C	18.257	-32.631	0.927	41
N	18.72	-32.406	2.169	42
CA	17.902	-31.853	3.276	42
C	17.098	-30.599	2.869	42
N	17.597	-29.785	1.921	43
CA	16.863	-28.638	1.34	43
C	15.74	-29.059	0.382	43
N	15.996	-30.008	-0.518	44
CA	14.992	-30.565	-1.433	44
C	13.897	-31.314	-0.653	44
N	14.262	-32.107	0.362	45
CA	13.315	-32.807	1.239	45
C	12.386	-31.818	1.961	45
N	12.931	-30.753	2.575	46
CA	12.119	-29.675	3.179	46
C	11.216	-28.96	2.16	46
N	11.636	-28.828	0.894	47
CA	10.819	-28.242	-0.186	47
C	9.66	-29.168	-0.579	47
N	9.92	-30.466	-0.742	48
CA	8.911	-31.489	-1.042	48
C	7.888	-31.642	0.091	48
N	8.326	-31.671	1.356	49
CA	7.423	-31.704	2.521	49
C	6.515	-30.466	2.533	49
N	7.07	-29.259	2.341	50
CA	6.266	-28.025	2.247	50
C	5.288	-28.039	1.07	50
N	5.647	-28.67	-0.049	51
CA	4.763	-28.805	-1.204	51
C	3.618	-29.791	-0.929	51
N	3.907	-30.981	-0.379	52
CA	2.888	-31.951	0.065	52
C	1.924	-31.331	1.08	52
N	2.441	-30.697	2.135	53
CA	1.623	-29.973	3.12	53
C	0.77	-28.861	2.486	53
N	1.277	-28.155	1.469	54
CA	0.486	-27.159	0.742	54
C	-0.622	-27.805	-0.099	54
N	-0.364	-28.964	-0.693	55
CA	-1.319	-29.74	-1.484	55
C	-2.41	-30.361	-0.605	55
N	-2.061	-30.971	0.525	56
CA	-2.992	-31.44	1.563	56
C	-3.864	-30.285	2.093	56
N	-3.242	-29.168	2.494	57
CA	-3.97	-27.963	2.907	57
C	-4.755	-27.3	1.762	57
N	-4.619	-27.717	0.494	58
CA	-5.351	-27.109	-0.632	58
C	-6.849	-27.345	-0.479	58
N	-7.263	-28.572	-0.165	59
CA	-8.687	-28.883	-0.028	59
C	-9.257	-28.333	1.284	59
N	-8.525	-28.397	2.406	60
CA	-8.946	-27.751	3.661	60
C	-9.147	-26.231	3.49	60
N	-8.244	-25.543	2.771	61
CA	-8.409	-24.114	2.433	61
C	-9.598	-23.872	1.5	61
N	-9.892	-24.793	0.579	62
CA	-11.05	-24.724	-0.33	62
C	-12.363	-24.957	0.423	62
N	-12.387	-25.869	1.395	63
CA	-13.498	-26.089	2.323	63
C	-13.726	-24.865	3.218	63
N	-12.726	-24.38	3.973	64
CA	-12.859	-23.154	4.797	64
C	-13.286	-21.923	3.981	64
N	-12.849	-21.8	2.717	65
CA	-13.329	-20.748	1.793	65
C	-14.773	-20.963	1.33	65
N	-15.197	-22.203	1.051	66
CA	-16.606	-22.543	0.773	66
C	-17.482	-22.268	1.997	66
N	-16.992	-22.561	3.193	67
CA	-17.674	-22.357	4.468	67
C	-17.806	-20.869	4.818	67
N	-16.723	-20.068	4.805	68
CA	-16.808	-18.596	4.981	68
C	-17.717	-17.951	3.917	68
N	-17.785	-18.506	2.694	69
CA	-18.766	-18.105	1.659	69
C	-20.2	-18.548	1.966	69
N	-20.421	-19.755	2.502	70
CA	-21.741	-20.221	2.963	70
C	-22.222	-19.367	4.134	70
N	-21.373	-19.105	5.134	71
CA	-21.672	-18.241	6.286	71
C	-22.033	-16.823	5.841	71
N	-21.174	-16.155	5.05	72
CA	-21.497	-14.849	4.43	72
C	-22.681	-14.887	3.442	72
N	-23.164	-16.056	2.991	73
CA	-24.423	-16.186	2.224	73
C	-25.63	-16.341	3.155	73
N	-25.489	-17.086	4.248	74
CA	-26.549	-17.344	5.22	74
C	-26.828	-16.093	6.065	74
N	-25.78	-15.402	6.531	75
CA	-25.845	-14.047	7.111	75
C	-26.624	-13.082	6.185	75
N	-26.423	-13.176	4.86	76
CA	-27.169	-12.389	3.857	76
C	-28.594	-12.872	3.588	76
N	-28.944	-14.12	3.9	77
CA	-30.322	-14.614	3.791	77
C	-31.124	-14.263	5.045	77
N	-30.528	-14.35	6.237	78
CA	-31.172	-13.934	7.486	78
C	-31.413	-12.413	7.566	78
N	-30.648	-11.606	6.821	79
CA	-30.863	-10.157	6.666	79
C	-31.866	-9.779	5.554	79
N	-32.471	-10.745	4.857	80
CA	-33.478	-10.475	3.826	80
C	-34.869	-10.741	4.397	80
N	-35.642	-9.672	4.581	81
CA	-37.09	-9.754	4.79	81
C	-37.756	-10.562	3.65	81
N	-38.781	-11.401	3.91	82
CA	-39.284	-12.358	2.913	82
C	-40.011	-11.751	1.697	82
N	-40.314	-10.45	1.713	83
CA	-41.264	-9.806	0.799	83
C	-40.585	-9.01	-0.332	83
N	-39.856	-9.683	-1.23	84
CA	-39.38	-9.055	-2.473	84
C	-39.461	-10.004	-3.67	84
N	-40.381	-9.7	-4.587	85
CA	-40.662	-10.503	-5.775	85
C	-39.474	-10.588	-6.744	85
N	-38.908	-11.794	-6.845	86
CA	-38.691	-12.552	-8.09	86
C	-37.801	-11.999	-9.216	86
N	-37.89	-10.716	-9.566	87
CA	-37.343	-10.165	-10.809	87
C	-36.128	-9.248	-10.647	87
N	-35.819	-8.775	-9.434	88
CA	-34.66	-7.91	-9.214	88
C	-33.374	-8.66	-8.83	88
N	-32.652	-9.117	-9.867	89
CA	-31.195	-9.352	-9.776	89
C	-30.384	-8.051	-9.714	89
N	-31.025	-6.875	-9.792	90
CA	-30.431	-5.645	-9.254	90
C	-30.099	-5.94	-7.793	90
N	-28.815	-5.862	-7.416	91
CA	-28.411	-6.04	-6.011	91
C	-29.315	-5.152	-5.169	91
N	-29.965	-5.718	-4.149	92
CA	-30.68	-4.938	-3.134	92
C	-29.756	-3.8	-2.726	92
N	-30.141	-2.58	-3.116	93
CA	-29.507	-1.36	-2.644	93
C	-29.889	-1.292	-1.178	93
N	-29.018	-1.84	-0.329	94
CA	-28.989	-1.43	1.069	94
C	-28.853	0.086	1.083	94
N	-29.429	0.717	2.088	95
CA	-29.12	2.108	2.352	95
C	-27.674	2.152	2.868	95
N	-26.745	2.577	2.007	96
CA	-25.301	2.493	2.259	96
C	-24.796	3.881	2.611	96
N	-24.593	4.099	3.908	97
CA	-23.975	5.313	4.445	97
C	-22.494	5.309	4.071	97
N	-22.131	6.157	3.111	98
CA	-20.749	6.331	2.675	98
C	-19.947	7.085	3.738	98
N	-18.69	6.689	3.92	99
CA	-17.727	7.456	4.706	99
C	-17.315	8.707	3.925	99
N	-17.103	9.823	4.623	100
CA	-16.526	11.038	4.02	100
C	-15.024	10.905	3.76	100
N	-14.378	9.879	4.333	101
CA	-12.948	9.628	4.202	101
C	-12.564	9.487	2.729	101
N	-11.559	10.259	2.314	102
CA	-10.991	10.198	0.965	102
C	-9.825	9.215	0.974	102
N	-9.88	8.177	0.14	103
CA	-8.824	7.165	0.046	103
C	-8.267	7.136	-1.375	103
N	-7.0	7.51	-1.506	104
CA	-6.35	7.831	-2.774	104
C	-5.309	6.761	-3.09	104
N	-5.338	6.192	-4.295	105
CA	-4.206	5.433	-4.839	105
C	-3.428	6.361	-5.773	105
N	-2.213	6.73	-5.369	106
CA	-1.316	7.548	-6.184	106
C	-0.584	6.687	-7.22	106
N	-0.913	6.857	-8.501	107
CA	-0.297	6.107	-9.596	107
C	0.92	6.811	-10.233	107
N	1.515	7.818	-9.575	108
CA	2.67	8.583	-10.093	108
C	3.907	7.716	-10.41	108
N	3.992	6.527	-9.807	109
CA	5.105	5.582	-9.928	109
C	5.075	4.665	-11.167	109
N	4.209	4.901	-12.163	110
CA	4.064	4.038	-13.359	110
C	5.409	3.695	-14.032	110
N	6.297	4.687	-14.123	111
CA	7.626	4.585	-14.726	111
C	8.618	3.694	-13.947	111
N	8.361	3.404	-12.665	112
CA	9.189	2.519	-11.828	112
C	8.787	1.038	-11.932	112
N	7.715	0.719	-12.666	113
CA	7.183	-0.638	-12.782	113
C	7.315	-1.184	-14.202	113
N	7.84	-2.404	-14.308	114
CA	7.732	-3.195	-15.539	114
C	6.276	-3.611	-15.784	114
N	5.892	-3.849	-17.042	115
CA	4.522	-4.234	-17.429	115
C	3.941	-5.426	-16.627	115
N	4.792	-6.359	-16.177	116
CA	4.402	-7.493	-15.314	116
C	3.908	-7.051	-13.932	116
N	4.434	-5.953	-13.407	117
CA	4.063	-5.364	-12.124	117
C	2.917	-4.355	-12.272	117
N	2.862	-3.591	-13.371	118
CA	1.665	-2.827	-13.78	118
C	0.418	-3.727	-13.836	118
N	0.527	-4.922	-14.436	119
CA	-0.564	-5.917	-14.466	119
C	-0.97	-6.419	-13.073	119
N	-0.06	-6.418	-12.09	120
CA	-0.389	-6.727	-10.685	120
C	-1.052	-5.537	-9.998	120
N	-0.598	-4.309	-10.251	121
CA	-1.202	-3.09	-9.714	121
C	-2.645	-2.925	-10.203	121
N	-2.903	-3.065	-11.51	122
CA	-4.264	-3.058	-12.065	122
C	-5.162	-4.086	-11.345	122
N	-4.676	-5.316	-11.14	123
CA	-5.419	-6.346	-10.396	123
C	-5.659	-5.994	-8.918	123
N	-4.757	-5.245	-8.282	124
CA	-4.954	-4.728	-6.922	124
C	-5.996	-3.601	-6.904	124
N	-5.975	-2.683	-7.872	125
CA	-6.987	-1.625	-8.041	125
C	-8.384	-2.226	-8.272	125
N	-8.506	-3.239	-9.14	126
CA	-9.748	-4.006	-9.319	126
C	-10.233	-4.653	-8.009	126
N	-9.313	-5.098	-7.137	127
CA	-9.647	-5.638	-5.809	127
C	-10.16	-4.535	-4.879	127
N	-9.476	-3.391	-4.79	128
CA	-9.931	-2.22	-4.026	128
C	-11.348	-1.809	-4.449	128
N	-11.576	-1.663	-5.757	129
CA	-12.876	-1.297	-6.317	129
C	-13.985	-2.319	-6.018	129
N	-13.662	-3.612	-6.112	130
CA	-14.618	-4.681	-5.853	130
C	-15.051	-4.753	-4.383	130
N	-14.162	-4.422	-3.441	131
CA	-14.473	-4.417	-2.01	131
C	-15.048	-3.076	-1.528	131
N	-14.656	-1.912	-2.079	132
CA	-15.304	-0.627	-1.748	132
C	-16.817	-0.691	-2.018	132
N	-17.216	-1.222	-3.186	133
CA	-18.63	-1.479	-3.552	133
C	-19.331	-2.598	-2.757	133
N	-18.718	-3.084	-1.68	134
CA	-19.231	-4.135	-0.788	134
C	-19.062	-3.803	0.694	134
N	-18.293	-2.769	1.029	135
CA	-18.087	-2.295	2.388	135
C	-19.4	-1.791	2.995	135
N	-19.499	-1.824	4.325	136
CA	-20.588	-1.164	5.042	136
C	-20.511	0.364	4.888	136
N	-19.289	0.905	4.936	137
CA	-18.979	2.324	4.766	137
C	-17.984	2.528	3.612	137
N	-18.448	2.585	2.347	138
CA	-17.579	2.87	1.214	138
C	-16.928	4.245	1.354	138
N	-15.64	4.317	1.038	139
CA	-14.847	5.554	1.058	139
C	-14.947	6.29	-0.273	139
N	-14.665	7.593	-0.253	140
CA	-14.495	8.397	-1.463	140
C	-13.185	7.967	-2.141	140
N	-13.274	7.022	-3.078	141
CA	-12.112	6.362	-3.674	141
C	-11.564	7.181	-4.852	141
N	-10.3	7.597	-4.775	142
CA	-9.577	8.275	-5.851	142
C	-8.461	7.402	-6.435	142
N	-8.212	7.581	-7.729	143
CA	-7.07	7.041	-8.458	143
C	-6.453	8.212	-9.231	143
N	-5.391	8.793	-8.675	144
CA	-4.731	10.009	-9.181	144
C	-3.483	9.664	-9.979	144
N	-2.959	10.629	-10.735	145
CA	-1.802	10.427	-11.615	145
C	-2.074	9.345	-12.684	145
N	-3.336	9.179	-13.11	146
CA	-3.765	8.078	-13.977	146
C	-3.307	8.257	-15.432	146
N	-2.211	7.59	-15.791	147
CA	-1.651	7.615	-17.138	147
C	-0.782	6.396	-17.446	147
N	0.229	6.603	-18.293	148
CA	1.315	5.646	-18.512	148
C	0.891	4.258	-19.01	148
N	1.615	3.241	-18.549	149
CA	1.358	1.831	-18.826	149
C	0.074	1.338	-18.147	149
N	-0.234	1.822	-16.938	150
CA	-1.426	1.447	-16.18	150
C	-2.698	1.774	-16.96	150
N	-2.828	3.014	-17.453	151
CA	-3.985	3.432	-18.251	151
C	-4.132	2.581	-19.513	151
N	-3.054	2.38	-20.286	152
CA	-3.077	1.525	-21.494	152
C	-3.545	0.101	-21.172	152
N	-3.001	-0.489	-20.11	153
CA	-3.365	-1.829	-19.658	153
C	-4.821	-1.915	-19.141	153
N	-5.39	-0.827	-18.611	154
CA	-6.815	-0.724	-18.262	154
C	-7.701	-0.554	-19.507	154
N	-7.331	0.318	-20.449	155
CA	-8.029	0.51	-21.733	155
C	-8.1	-0.79	-22.563	155
N	-7.051	-1.615	-22.525	156
CA	-7.006	-2.908	-23.216	156
C	-7.856	-3.99	-22.527	156
N	-7.69	-4.164	-21.208	157
CA	-8.141	-5.363	-20.483	157
C	-9.406	-5.153	-19.631	157
N	-9.768	-3.909	-19.31	158
CA	-10.96	-3.559	-18.528	158
C	-11.601	-2.277	-19.079	158
N	-12.017	-2.317	-20.352	159
CA	-12.712	-1.223	-21.07	159
C	-13.902	-0.62	-20.308	159
N	-14.435	-1.338	-19.318	160
CA	-15.489	-0.869	-18.428	160
C	-15.026	0.104	-17.339	160
N	-13.722	0.37	-17.179	161
CA	-13.182	1.251	-16.132	161
C	-13.775	2.665	-16.177	161
N	-14.039	3.195	-17.377	162
CA	-14.699	4.501	-17.581	162
C	-16.139	4.551	-17.048	162
N	-16.763	3.387	-16.838	163
CA	-18.124	3.226	-16.321	163
C	-18.148	2.782	-14.845	163
N	-16.998	2.766	-14.163	164
CA	-16.945	2.465	-12.737	164
C	-17.608	3.598	-11.942	164
N	-18.693	3.265	-11.238	165
CA	-19.367	4.157	-10.281	165
C	-18.609	4.202	-8.963	165
N	-18.728	5.311	-8.238	166
CA	-18.211	5.485	-6.873	166
C	-16.666	5.399	-6.805	166
N	-16.01	5.978	-7.822	167
CA	-14.556	6.169	-7.923	167
C	-14.232	7.429	-8.749	167
N	-13.196	8.167	-8.353	168
CA	-12.68	9.348	-9.043	168
C	-11.337	9.026	-9.708	168
N	-11.363	8.725	-11.006	169
CA	-10.161	8.409	-11.788	169
C	-9.685	9.688	-12.486	169
N	-8.452	10.112	-12.196	170
CA	-7.942	11.46	-12.472	170
C	-6.501	11.432	-13.007	170
N	-6.192	12.081	-14.149	171
CA	-4.816	12.194	-14.641	171
C	-3.942	13.119	-13.779	171
N	-4.541	14.075	-13.066	172
CA	-3.86	15.047	-12.206	172
C	-3.257	14.374	-10.958	172
N	-2.166	14.932	-10.432	173
CA	-1.532	14.47	-9.198	173
C	-2.397	14.83	-7.978	173
N	-2.322	14.047	-6.894	174
CA	-3.184	14.265	-5.72	174
C	-2.996	15.649	-5.068	174
N	-1.817	16.267	-5.218	175
CA	-1.523	17.622	-4.722	175
C	-2.262	18.74	-5.464	175
N	-2.744	18.485	-6.683	176
CA	-3.526	19.444	-7.48	176
C	-5.021	19.392	-7.121	176
N	-5.462	18.275	-6.533	177
CA	-6.871	17.952	-6.297	177
C	-7.297	18.116	-4.832	177
N	-6.355	17.994	-3.894	178
CA	-6.615	17.916	-2.455	178
C	-5.727	18.918	-1.719	178
N	-6.305	19.625	-0.744	179
CA	-5.563	20.561	0.101	179
C	-4.434	19.866	0.867	179
N	-3.281	20.534	0.957	180
CA	-2.082	20.041	1.656	180
C	-2.349	19.604	3.108	180
N	-3.173	20.365	3.828	181
CA	-3.561	20.133	5.232	181
C	-4.455	18.897	5.458	181
N	-5.089	18.382	4.401	182
CA	-5.96	17.204	4.46	182
C	-5.229	15.89	4.174	182
N	-4.032	15.954	3.588	183
CA	-3.302	14.787	3.101	183
C	-2.53	14.077	4.219	183
N	-2.706	12.755	4.303	184
CA	-1.92	11.841	5.142	184
C	-1.406	10.689	4.268	184
N	-0.108	10.659	3.971	185
CA	0.495	9.578	3.192	185
C	0.714	8.327	4.058	185
N	0.079	7.215	3.687	186
CA	0.246	5.917	4.335	186
C	1.525	5.24	3.831	186
N	2.533	5.161	4.696	187
CA	3.851	4.608	4.364	187
C	4.452	3.848	5.542	187
N	5.023	2.673	5.27	188
CA	5.579	1.771	6.29	188
C	6.822	2.307	6.993	188
N	7.503	3.271	6.377	189
CA	8.765	3.833	6.859	189
C	8.557	5.124	7.685	189
N	7.31	5.601	7.828	190
CA	6.982	6.773	8.654	190
C	7.15	6.479	10.152	190
N	7.807	7.351	10.943	191
CA	7.896	7.19	12.397	191
C	6.535	7.349	13.098	191
N	5.619	8.129	12.516	192
CA	4.297	8.39	13.086	192
C	3.397	7.15	12.976	192
N	2.787	6.727	14.087	193
CA	1.829	5.613	14.132	193
C	0.399	6.145	13.99	193
N	-0.352	5.628	13.017	194
CA	-1.773	5.927	12.852	194
C	-2.583	5.255	13.972	194
N	-3.258	6.047	14.812	195
CA	-4.079	5.539	15.929	195
C	-5.549	5.375	15.559	195
N	-6.107	6.344	14.845	196
CA	-7.509	6.389	14.418	196
C	-7.594	6.971	13.0	196
N	-8.76	6.843	12.362	197
CA	-9.049	7.475	11.076	197
C	-9.922	8.714	11.271	197
N	-9.429	9.864	10.815	198
CA	-10.223	11.082	10.67	198
C	-10.925	11.037	9.308	198
N	-12.247	10.873	9.317	199
CA	-13.054	10.797	8.094	199
C	-13.152	12.135	7.343	199
N	-12.612	13.219	7.9	200
CA	-12.42	14.489	7.195	200
C	-11.199	14.452	6.268	200
N	-10.227	13.559	6.507	201
CA	-8.913	13.558	5.841	201
C	-8.869	12.746	4.547	201
N	-7.76	12.923	3.836	202
CA	-7.422	12.243	2.601	202
C	-6.172	11.375	2.795	202
N	-6.369	10.063	2.848	203
CA	-5.298	9.091	3.031	203
C	-4.751	8.632	1.677	203
N	-3.432	8.708	1.485	204
CA	-2.767	8.345	0.22	204
C	-2.043	7.01	0.354	204
N	-2.291	6.089	-0.573	205
CA	-1.602	4.806	-0.714	205
C	-0.761	4.869	-1.991	205
N	0.54	4.585	-1.891	206
CA	1.402	4.511	-3.073	206
C	1.0	3.362	-3.998	206
N	0.6	3.685	-5.226	207
CA	0.279	2.748	-6.3	207
C	1.535	2.133	-6.91	207
N	2.287	1.376	-6.108	208
CA	3.583	0.806	-6.474	208
C	3.632	-0.703	-6.193	208
N	4.18	-1.468	-7.141	209
CA	4.465	-2.903	-6.997	209
C	5.914	-3.169	-7.411	209
N	6.837	-2.996	-6.47	210
CA	8.29	-3.033	-6.7	210
C	9.013	-4.185	-5.968	210
N	8.272	-5.018	-5.227	211
CA	8.802	-6.057	-4.321	211
C	9.692	-5.504	-3.188	211
N	9.475	-4.237	-2.807	212
CA	10.258	-3.467	-1.84	212
C	11.733	-3.36	-2.286	212
N	11.919	-2.801	-3.478	213
CA	13.195	-2.365	-4.034	213
C	13.476	-0.908	-3.625	213
N	12.48	-0.029	-3.766	214
CA	12.529	1.399	-3.452	214
C	12.083	1.666	-2.001	214
N	12.871	1.183	-1.031	215
CA	12.606	1.391	0.408	215
C	12.488	2.884	0.735	215
N	11.501	3.27	1.545	216
CA	11.324	4.658	1.974	216
C	10.931	5.655	0.877	216
N	10.67	5.233	-0.37	217
CA	10.363	6.148	-1.482	217
C	9.146	7.038	-1.194	217
N	8.028	6.424	-0.806	218
CA	6.78	7.133	-0.485	218
C	6.887	7.97	0.786	218
N	7.731	7.552	1.735	219
CA	8.038	8.334	2.931	219
C	8.825	9.592	2.57	219
N	9.945	9.435	1.851	220
CA	10.758	10.547	1.359	220
C	9.907	11.543	0.571	220
N	9.123	11.079	-0.401	221
CA	8.276	11.952	-1.218	221
C	7.244	12.73	-0.378	221
N	6.624	12.095	0.623	222
CA	5.698	12.773	1.529	222
C	6.4	13.841	2.391	222
N	7.594	13.536	2.911	223
CA	8.422	14.483	3.666	223
C	8.934	15.638	2.795	223
N	9.397	15.364	1.571	224
CA	9.89	16.361	0.607	224
C	8.772	17.341	0.189	224
N	7.53	16.862	0.02	225
CA	6.362	17.735	-0.176	225
C	5.863	18.4	1.119	225
N	6.334	17.972	2.292	226
CA	5.895	18.46	3.6	226
C	4.416	18.189	3.893	226
N	3.889	17.039	3.465	227
CA	2.555	16.547	3.852	227
C	2.668	15.589	5.039	227
N	1.587	15.438	5.807	228
CA	1.576	14.476	6.905	228
C	1.747	13.048	6.365	228
N	2.367	12.181	7.157	229
CA	2.552	10.767	6.835	229
C	2.421	9.905	8.093	229
N	1.96	8.664	7.93	230
CA	1.794	7.704	9.021	230
C	1.978	6.251	8.551	230
N	2.453	5.374	9.442	231
CA	2.39	3.922	9.257	231
C	1.152	3.346	9.958	231
N	0.613	2.245	9.431	232
CA	-0.432	1.472	10.112	232
C	0.106	0.879	11.435	232
N	-0.717	0.734	12.495	233
CA	-0.295	0.293	13.836	233
C	0.017	-1.217	13.95	233
N	0.621	-1.801	12.912	234
CA	0.935	-3.229	12.785	234
C	1.788	-3.773	13.94	234
N	2.678	-2.947	14.502	235
CA	3.593	-3.355	15.572	235
C	2.893	-3.789	16.86	235
N	1.704	-3.248	17.135	236
CA	0.983	-3.493	18.384	236
C	0.211	-4.82	18.362	236
N	-0.152	-5.319	17.175	237
CA	-1.113	-6.422	17.015	237
C	-0.598	-7.599	16.167	237
N	0.508	-7.424	15.426	238
CA	0.938	-8.364	14.376	238
C	2.445	-8.645	14.442	238
N	2.837	-9.753	15.089	239
CA	4.236	-10.231	15.135	239
C	4.719	-10.813	13.792	239
N	4.936	-9.961	12.791	240
CA	5.432	-10.4	11.481	240
C	6.935	-10.717	11.495	240
N	7.291	-11.975	11.213	241
CA	8.662	-12.36	10.825	241
C	9.045	-11.854	9.413	241
N	8.089	-11.292	8.665	242
CA	8.293	-10.7	7.339	242
C	8.308	-9.172	7.392	242
N	8.822	-8.532	6.331	243
CA	8.768	-7.071	6.138	243
C	7.356	-6.522	6.417	243
N	7.278	-5.379	7.112	244
CA	6.015	-4.693	7.452	244
C	5.253	-4.158	6.227	244
N	5.905	-4.077	5.065	245
CA	5.307	-3.594	3.812	245
C	4.163	-4.502	3.34	245
N	3.023	-3.873	3.066	246
CA	1.796	-4.502	2.585	246
C	1.608	-4.24	1.081	246
N	0.62	-4.896	0.471	247
CA	0.229	-4.595	-0.911	247
C	-0.875	-3.528	-0.911	247
N	-1.033	-2.786	-2.011	248
CA	-2.002	-1.681	-2.155	248
C	-3.406	-2.121	-1.734	248
N	-3.861	-3.28	-2.224	249
CA	-5.177	-3.811	-1.866	249
C	-5.296	-4.203	-0.386	249
N	-4.225	-4.683	0.258	250
CA	-4.29	-5.03	1.68	250
C	-4.422	-3.771	2.54	250
N	-3.692	-2.693	2.221	251
CA	-3.841	-1.398	2.913	251
C	-5.263	-0.868	2.726	251
N	-5.773	-0.878	1.492	252
CA	-7.13	-0.425	1.182	252
C	-8.209	-1.241	1.917	252
N	-8.121	-2.574	1.869	253
CA	-9.058	-3.475	2.549	253
C	-8.989	-3.331	4.085	253
N	-7.811	-3.068	4.671	254
CA	-7.659	-2.778	6.112	254
C	-8.375	-1.479	6.507	254
N	-8.276	-0.418	5.696	255
CA	-8.961	0.858	5.966	255
C	-10.486	0.671	5.955	255
N	-11.019	-0.098	4.997	256
CA	-12.448	-0.433	4.956	256
C	-12.896	-1.245	6.179	256
N	-12.151	-2.294	6.54	257
CA	-12.505	-3.154	7.676	257
C	-12.422	-2.368	8.998	257
N	-11.439	-1.471	9.165	258
CA	-11.351	-0.595	10.341	258
C	-12.487	0.442	10.414	258
N	-12.99	0.964	9.288	259
CA	-14.176	1.835	9.308	259
C	-15.439	1.091	9.782	259
N	-15.529	-0.219	9.516	260
CA	-16.625	-1.111	9.93	260
C	-16.487	-1.593	11.389	260
N	-15.288	-1.986	11.842	261
CA	-15.072	-2.56	13.189	261
C	-14.61	-1.558	14.246	261
N	-13.944	-0.471	13.83	262
CA	-13.13	0.442	14.663	262
C	-12.047	-0.256	15.503	262
N	-11.689	-1.487	15.134	263
CA	-10.631	-2.288	15.75	263
C	-9.553	-2.65	14.715	263
N	-8.337	-2.142	14.938	264
CA	-7.17	-2.433	14.106	264
C	-6.774	-3.906	14.147	264
N	-6.936	-4.572	15.291	265
CA	-6.592	-5.976	15.448	265
C	-7.465	-6.822	14.522	265
N	-8.793	-6.754	14.651	266
CA	-9.703	-7.478	13.754	266
C	-9.474	-7.107	12.277	266
N	-9.263	-5.822	11.957	267
CA	-8.955	-5.389	10.591	267
C	-7.699	-6.079	10.017	267
N	-6.626	-6.196	10.806	268
CA	-5.43	-6.932	10.4	268
C	-5.678	-8.443	10.29	268
N	-6.402	-9.061	11.227	269
CA	-6.645	-10.51	11.228	269
C	-7.609	-10.982	10.133	269
N	-8.587	-10.163	9.744	270
CA	-9.524	-10.51	8.67	270
C	-8.928	-10.313	7.268	270
N	-8.031	-9.334	7.071	271
CA	-7.437	-9.022	5.756	271
C	-6.069	-9.68	5.514	271
N	-5.164	-9.707	6.5	272
CA	-3.808	-10.211	6.274	272
C	-3.796	-11.744	6.132	272
N	-3.118	-12.305	5.111	273
CA	-2.962	-13.749	5.014	273
C	-2.213	-14.294	6.237	273
N	-2.813	-15.245	6.965	274
CA	-2.245	-15.893	8.169	274
C	-0.768	-16.328	8.026	274
N	-0.305	-16.615	6.8	275
CA	1.1	-16.943	6.498	275
C	2.107	-15.793	6.64	275
N	1.677	-14.552	6.895	276
CA	2.572	-13.456	7.313	276
C	2.975	-13.528	8.797	276
N	2.462	-14.504	9.555	277
CA	2.778	-14.655	10.978	277
C	1.972	-13.72	11.876	277
N	0.796	-13.271	11.426	278
CA	-0.137	-12.566	12.294	278
C	-0.538	-13.489	13.458	278
N	-0.018	-13.181	14.643	279
CA	-0.348	-13.782	15.937	279
C	-0.617	-12.605	16.875	279
N	-1.733	-12.597	17.633	280
CA	-2.028	-11.517	18.567	280
C	-0.901	-11.386	19.585	280
N	-0.482	-10.156	19.867	281
CA	0.643	-9.868	20.769	281
C	0.422	-10.479	22.154	281
N	-0.817	-10.448	22.646	282
CA	-1.225	-10.972	23.956	282
C	-0.894	-12.465	24.132	282
N	-0.975	-13.255	23.051	283
CA	-0.689	-14.702	23.081	283
C	0.797	-15.046	22.987	283
N	1.668	-14.063	22.756	284
CA	3.109	-14.293	22.686	284
C	3.775	-14.327	24.074	284
N	3.194	-13.661	25.08	285
CA	3.737	-13.631	26.442	285
C	3.465	-14.93	27.216	285
N	2.263	-15.504	27.105	286
CA	1.886	-16.748	27.808	286
C	2.749	-17.953	27.389	286
N	3.18	-17.998	26.122	287
CA	4.035	-19.072	25.596	287
C	5.513	-18.99	26.006	287
N	5.937	-17.924	26.695	288
CA	7.327	-17.72	27.118	288
C	7.535	-17.856	28.639	288
N	6.454	-17.908	29.422	289
CA	6.485	-17.902	30.891	289
C	6.222	-19.265	31.545	289
N	5.833	-20.292	30.78	290
CA	5.427	-21.598	31.325	290
C	6.512	-22.693	31.367	290
N	7.726	-22.425	30.878	291
CA	8.775	-23.446	30.665	291
C	9.87	-23.465	31.763	291
N	9.625	-22.855	32.937	292
CA	10.673	-22.62	33.953	292
C	10.248	-22.747	35.44	292
N	9.08	-23.323	35.764	293
CA	8.644	-23.529	37.162	293
C	7.872	-24.846	37.37	293
N	8.577	-25.952	37.649	294
CA	7.944	-27.2	38.13	294
C	8.87	-28.17	38.893	294
N	9.856	-27.677	39.66	295
CA	10.596	-28.514	40.632	295
C	10.943	-27.72	41.896	295
N	10.256	-27.989	43.023	296
CA	10.811	-28.003	44.401	296
C	9.75	-28.235	45.491	296
N	10.225	-28.894	46.556	297
CA	9.672	-29.1	47.91	297
C	8.875	-30.389	48.157	297
N	9.571	-31.406	48.679	298
CA	9.303	-31.968	50.017	298
C	10.651	-32.265	50.718	298
N	10.63	-32.411	52.045	299
CA	11.794	-32.323	52.946	299
C	12.423	-33.69	53.291	299
N	13.69	-33.713	53.749	300
CA	14.218	-34.889	54.466	300
C	15.739	-35.121	54.497	300
N	16.445	-34.461	55.426	301
CA	17.444	-35.115	56.3	301
C	18.881	-35.451	55.825	301
N	19.847	-34.89	56.574	302
CA	21.16	-35.463	56.967	302
C	22.386	-35.367	56.022	302
N	23.155	-34.296	56.268	303
CA	24.58	-34.265	56.679	303
C	25.784	-34.562	55.746	303
N	26.782	-33.672	55.926	304
CA	28.234	-33.768	55.656	304
C	28.752	-33.764	54.203	304
N	29.889	-33.13	53.872	305
CA	30.73	-32.093	54.53	305
C	31.781	-31.586	53.497	305
N	32.342	-30.367	53.654	306
CA	33.492	-29.806	52.88	306
C	33.252	-29.598	51.351	306
N	33.888	-28.721	50.559	307
CA	34.773	-27.537	50.696	307
C	34.97	-26.929	49.275	307
N	35.438	-25.701	48.996	308
CA	35.569	-24.406	49.705	308
C	35.861	-23.313	48.632	308
N	35.242	-22.116	48.729	309
CA	35.745	-20.796	48.227	309
C	36.047	-20.614	46.69	309
N	36.098	-19.428	46.051	310
CA	35.894	-18.032	46.473	310
C	35.372	-17.109	45.321	310
N	34.605	-16.098	45.733	311
CA	34.377	-14.723	45.238	311
C	34.688	-14.166	43.806	311
N	33.646	-13.481	43.29	312
CA	33.613	-12.077	42.784	312
C	34.061	-11.622	41.37	312
N	33.018	-11.226	40.607	313
CA	32.687	-9.842	40.145	313
C	33.476	-9.164	39.001	313
N	32.769	-8.197	38.39	314
CA	33.229	-7.138	37.471	314
C	33.653	-7.599	36.057	314
N	33.589	-6.769	35.011	315
CA	32.585	-5.753	34.636	315
C	32.683	-5.534	33.106	315
N	31.86	-4.642	32.556	316
CA	31.887	-4.202	31.156	316
C	33.27	-3.671	30.726	316
N	33.756	-4.042	29.532	317
CA	34.155	-3.046	28.516	317
C	34.334	-3.649	27.103	317
N	34.082	-2.845	26.056	318
CA	34.822	-2.839	24.773	318
C	34.247	-1.793	23.788	318
N	34.981	-0.699	23.507	319
CA	34.701	0.238	22.418	319
C	35.878	0.337	21.423	319
N	35.613	0.38	20.113	320
CA	36.55	0.778	19.035	320
C	35.746	0.84	17.71	320
N	35.997	1.707	16.723	321
CA	36.931	2.838	16.597	321
C	36.439	3.752	15.446	321
N	36.521	5.08	15.582	322
CA	36.319	6.029	14.468	322
C	37.666	6.47	13.878	322
N	37.703	6.741	12.566	323
CA	38.796	7.489	11.926	323
C	38.251	8.643	11.091	323
N	38.635	9.856	11.48	324
CA	38.629	11.046	10.631	324
C	40.047	11.279	10.105	324
N	40.164	11.804	8.887	325
CA	41.362	12.505	8.414	325
C	40.964	13.902	7.918	325
N	41.856	14.88	8.115	326
CA	41.562	16.317	7.996	326
C	42.049	16.958	6.693	326
N	41.271	17.96	6.287	327
CA	41.625	19.265	5.699	327
C	43.058	19.52	5.187	327
N	43.141	20.183	4.025	328
CA	43.867	21.458	3.956	328
C	43.341	22.382	2.838	328
N	43.347	23.689	3.113	329
CA	42.86	24.767	2.24	329
C	43.841	25.133	1.112	329
N	43.331	25.769	0.047	330
CA	43.918	27.016	-0.504	330
C	42.966	27.699	-1.496	330
N	42.761	29.01	-1.344	331
CA	41.977	29.843	-2.269	331
C	42.867	30.493	-3.346	331
N	42.317	30.76	-4.537	332
CA	42.637	31.976	-5.317	332
C	41.656	32.22	-6.48	332
N	40.788	33.206	-6.255	333
CA	40.262	34.257	-7.154	333
C	40.653	34.235	-8.65	333
N	39.68	34.462	-9.557	334
CA	39.558	35.666	-10.44	334
C	38.422	35.516	-11.489	334
N	37.356	36.295	-11.264	335
CA	36.499	37.078	-12.179	335
C	35.978	36.6	-13.566	335
N	34.656	36.817	-13.695	336
CA	33.917	37.449	-14.818	336
C	33.273	36.608	-15.938	336
N	31.957	36.837	-16.067	337
CA	31.016	36.432	-17.125	337
C	31.089	37.388	-18.353	337
N	30.201	37.26	-19.364	338
CA	30.001	36.12	-20.268	338
C	30.031	36.581	-21.749	338
N	29.819	35.666	-22.703	339
CA	29.272	36.041	-24.012	339
C	28.369	34.958	-24.612	339
