ATOM	X	Y	Z	RESIDUE
N	32.341	-0.253	8.019	1
CA	31.232	0.328	8.766	1
C	30.46	-0.763	9.502	1
N	29.597	-0.361	10.429	2
CA	28.886	-1.315	11.273	2
C	27.847	-2.108	10.507	2
N	27.568	-3.305	11.015	3
CA	26.559	-4.171	10.433	3
C	26.251	-5.344	11.342	3
N	25.946	-6.485	10.747	4
CA	25.573	-7.65	11.539	4
C	26.425	-8.871	11.218	4
N	27.531	-8.646	10.516	5
CA	28.433	-9.731	10.166	5
C	29.438	-10.074	11.251	5
N	30.277	-11.064	10.963	6
CA	31.294	-11.52	11.905	6
C	32.26	-10.405	12.305	6
N	32.603	-9.552	11.35	7
CA	33.657	-8.573	11.585	7
C	33.156	-7.175	11.93	7
N	31.848	-6.954	11.803	8
CA	31.295	-5.635	12.093	8
C	29.998	-5.672	12.901	8
N	29.7	-6.825	13.497	9
CA	28.436	-7.037	14.191	9
C	28.375	-6.408	15.57	9
N	27.296	-6.69	16.311	10
CA	27.029	-6.039	17.6	10
C	28.186	-6.048	18.606	10
N	29.024	-7.086	18.6	11
CA	30.13	-7.151	19.555	11
C	31.245	-6.158	19.222	11
N	31.17	-5.555	18.04	12
CA	32.168	-4.589	17.589	12
C	31.704	-3.148	17.737	12
N	30.397	-2.951	17.904	13
CA	29.84	-1.602	17.85	13
C	30.436	-0.613	18.847	13
N	30.84	-1.107	20.015	14
CA	31.311	-0.246	21.097	14
C	32.56	0.537	20.715	14
N	33.306	0.047	19.729	15
CA	34.536	0.728	19.322	15
C	34.256	2.076	18.651	15
N	33.202	2.146	17.84	16
CA	32.788	3.412	17.242	16
C	31.734	4.129	18.081	16
N	30.958	3.356	18.837	17
CA	29.871	3.897	19.646	17
C	29.98	3.392	21.075	17
N	30.841	4.034	21.886	18
CA	31.102	3.56	23.251	18
C	29.859	3.455	24.139	18
N	28.794	4.176	23.796	19
CA	27.541	4.094	24.547	19
C	26.928	2.692	24.437	19
N	27.457	1.874	23.524	20
CA	27.028	0.472	23.401	20
C	27.1	-0.261	24.736	20
N	27.995	0.187	25.618	21
CA	28.15	-0.433	26.932	21
C	27.554	0.45	28.022	21
N	26.553	1.249	27.653	22
CA	25.956	2.217	28.56	22
C	24.987	1.655	29.581	22
N	24.346	2.559	30.32	23
CA	23.48	2.179	31.426	23
C	22.035	1.887	31.045	23
N	21.62	2.256	29.836	24
CA	20.236	1.979	29.428	24
C	20.143	1.537	27.97	24
N	20.885	0.484	27.656	25
CA	20.918	-0.059	26.303	25
C	19.777	-1.027	26.004	25
N	19.409	-1.083	24.726	26
CA	18.342	-1.952	24.242	26
C	18.852	-2.813	23.096	26
N	18.208	-3.959	22.856	27
CA	17.043	-4.507	23.556	27
C	17.434	-5.161	24.879	27
N	16.433	-5.675	25.592	28
CA	16.662	-6.469	26.804	28
C	15.777	-7.708	26.804	28
N	16.116	-8.676	27.648	29
CA	15.211	-9.775	27.922	29
C	14.146	-9.282	28.894	29
N	12.886	-9.579	28.583	30
CA	11.775	-9.247	29.46	30
C	11.453	-10.48	30.293	30
N	11.868	-10.451	31.556	31
CA	11.561	-11.532	32.477	31
C	10.169	-11.268	33.036	31
N	9.193	-12.058	32.599	32
CA	7.786	-11.751	32.846	32
C	7.444	-11.88	34.316	32
N	8.211	-12.69	35.034	33
CA	7.927	-12.876	36.45	33
C	8.514	-11.763	37.333	33
N	9.496	-11.04	36.796	34
CA	10.186	-9.958	37.499	34
C	9.581	-8.586	37.135	34
N	8.953	-8.505	35.969	35
CA	8.271	-7.275	35.575	35
C	7.155	-7.0	36.572	35
N	7.03	-5.754	37.008	36
CA	5.995	-5.443	37.98	36
C	4.806	-4.719	37.359	36
N	3.615	-5.228	37.643	37
CA	2.39	-4.54	37.267	37
C	2.355	-3.15	37.909	37
N	2.065	-2.135	37.098	38
CA	1.958	-0.764	37.575	38
C	0.551	-0.285	37.242	38
N	-0.364	-0.332	38.23	39
CA	-1.775	0.003	37.984	39
C	-1.984	1.486	37.691	39
N	-0.925	2.281	37.825	40
CA	-0.99	3.708	37.519	40
C	-0.684	3.961	36.039	40
N	-0.165	2.941	35.359	41
CA	0.062	3.027	33.918	41
C	-1.259	3.187	33.168	41
N	-1.296	4.148	32.252	42
CA	-2.502	4.434	31.482	42
C	-2.601	3.526	30.266	42
N	-3.819	3.369	29.72	43
CA	-3.925	2.629	28.463	43
C	-3.164	3.375	27.38	43
N	-2.595	2.626	26.447	44
CA	-1.924	3.218	25.299	44
C	-2.956	3.855	24.391	44
N	-2.594	4.984	23.795	45
CA	-3.439	5.624	22.797	45
C	-2.698	5.638	21.471	45
N	-3.161	4.817	20.533	46
CA	-2.578	4.758	19.202	46
C	-3.578	5.383	18.24	46
N	-3.235	6.542	17.687	47
CA	-4.126	7.222	16.758	47
C	-3.479	7.29	15.391	47
N	-3.7	6.249	14.595	48
CA	-3.084	6.127	13.28	48
C	-4.066	6.357	12.125	48
N	-5.265	6.849	12.42	49
CA	-6.288	6.97	11.379	49
C	-5.936	7.966	10.261	49
N	-5.149	8.99	10.583	50
CA	-4.749	9.971	9.571	50
C	-3.315	9.787	9.079	50
N	-2.748	8.609	9.323	51
CA	-1.367	8.337	8.937	51
C	-1.144	8.517	7.437	51
N	-0.056	9.192	7.086	52
CA	0.285	9.375	5.682	52
C	1.675	8.82	5.403	52
N	1.699	7.603	4.87	53
CA	2.974	6.987	4.508	53
C	3.507	7.619	3.225	53
N	4.827	7.696	3.101	54
CA	5.431	8.324	1.929	54
C	6.139	7.342	1.011	54
N	6.997	6.519	1.592	55
CA	7.863	5.69	0.781	55
C	8.531	4.627	1.613	55
N	9.205	3.721	0.924	56
CA	9.888	2.624	1.58	56
C	11.33	2.591	1.077	56
N	12.281	2.405	1.991	57
CA	13.696	2.479	1.644	57
C	14.479	1.313	2.232	57
N	15.288	0.651	1.406	58
CA	16.282	-0.293	1.906	58
C	17.519	0.508	2.286	58
N	17.848	0.542	3.575	59
CA	18.964	1.371	4.03	59
C	20.247	0.588	4.272	59
N	20.253	-0.685	3.876	60
CA	21.434	-1.509	4.049	60
C	21.482	-2.278	5.357	60
N	20.507	-2.019	6.231	61
CA	20.427	-2.692	7.529	61
C	19.03	-3.26	7.769	61
N	18.026	-2.546	7.269	62
CA	16.637	-2.986	7.302	62
C	15.905	-2.219	6.203	62
N	14.579	-2.279	6.186	63
CA	13.825	-1.349	5.34	63
C	12.892	-0.476	6.178	63
N	12.839	0.814	5.854	64
CA	11.993	1.736	6.597	64
C	10.816	2.173	5.751	64
N	9.617	2.092	6.315	65
CA	8.462	2.748	5.715	65
C	8.346	4.085	6.434	65
N	8.497	5.18	5.694	66
CA	8.537	6.509	6.305	66
C	7.216	7.224	6.146	66
N	6.942	8.119	7.096	67
CA	5.675	8.849	7.142	67
C	5.895	10.353	7.158	67
N	4.872	11.098	6.751	68
CA	4.883	12.549	6.917	68
C	4.604	12.868	8.38	68
N	5.59	13.46	9.047	69
CA	5.476	13.78	10.461	69
C	5.522	15.291	10.675	69
N	5.071	16.047	9.679	70
CA	5.091	17.508	9.769	70
C	3.797	18.054	10.366	70
N	2.928	17.148	10.812	71
CA	1.681	17.486	11.497	71
C	1.323	16.32	12.388	71
N	0.443	16.546	13.366	72
CA	-0.049	15.46	14.21	72
C	-1.048	14.624	13.418	72
N	-0.552	13.641	12.67	73
CA	-1.423	12.78	11.865	73
C	-1.498	11.356	12.406	73
N	-0.341	10.807	12.761	74
CA	-0.268	9.481	13.373	74
C	0.508	9.624	14.68	74
N	-0.182	9.505	15.811	75
CA	0.462	9.784	17.091	75
C	0.258	8.711	18.137	75
N	1.252	8.6	19.005	76
CA	1.19	7.708	20.147	76
C	1.161	8.589	21.394	76
N	0.231	8.289	22.296	77
CA	0.053	9.024	23.544	77
C	-0.295	8.038	24.643	77
N	-0.349	8.53	25.878	78
CA	-0.794	7.721	26.997	78
C	0.239	6.687	27.365	78
N	-0.202	5.591	27.972	79
CA	0.739	4.61	28.47	79
C	1.664	5.262	29.475	79
N	2.977	5.025	29.339	80
CA	3.943	5.645	30.245	80
C	4.321	7.05	29.791	80
N	3.758	7.494	28.674	81
CA	4.237	8.717	28.04	81
C	3.563	9.989	28.53	81
N	4.349	11.059	28.59	82
CA	3.806	12.396	28.772	82
C	3.892	13.107	27.429	82
N	2.795	13.716	27.003	83
CA	2.79	14.412	25.735	83
C	2.524	13.515	24.542	83
N	2.899	14.016	23.373	84
CA	2.483	13.437	22.113	84
C	3.703	13.039	21.32	84
N	3.693	11.81	20.809	85
CA	4.799	11.316	20.007	85
C	4.302	11.001	18.602	85
N	5.011	11.516	17.607	86
CA	4.589	11.437	16.211	86
C	5.286	10.293	15.496	86
N	4.518	9.472	14.78	87
CA	5.1	8.375	13.997	87
C	5.918	8.907	12.833	87
N	7.172	8.467	12.745	88
CA	8.05	8.869	11.648	88
C	8.383	7.715	10.693	88
N	8.556	6.51	11.231	89
CA	8.865	5.36	10.387	89
C	8.61	4.062	11.131	89
N	8.407	2.982	10.379	90
CA	8.519	1.647	10.961	90
C	9.456	0.76	10.154	90
N	9.989	-0.253	10.827	91
CA	10.869	-1.222	10.211	91
C	10.801	-2.487	11.034	91
N	11.49	-3.512	10.553	92
CA	11.521	-4.798	11.231	92
C	12.958	-5.258	11.435	92
N	13.129	-6.209	12.355	93
CA	14.347	-7.002	12.489	93
C	13.924	-8.457	12.387	93
N	14.688	-9.281	11.686	94
CA	14.255	-10.665	11.495	94
C	15.425	-11.624	11.392	94
N	15.125	-12.92	11.435	95
CA	16.162	-13.936	11.459	95
C	16.381	-14.649	10.139	95
N	17.386	-15.514	10.12	96
CA	17.595	-16.401	8.98	96
C	16.748	-17.665	9.136	96
N	16.191	-17.85	10.335	97
CA	15.417	-19.03	10.711	97
C	14.253	-18.546	11.57	97
N	13.139	-19.278	11.584	98
CA	11.965	-18.859	12.368	98
C	12.253	-18.821	13.878	98
N	13.273	-19.558	14.32	99
CA	13.614	-19.62	15.735	99
C	14.357	-18.422	16.316	99
N	14.633	-17.421	15.484	100
CA	15.343	-16.228	15.95	100
C	14.99	-15.045	15.064	100
N	15.322	-13.843	15.522	101
CA	15.051	-12.662	14.722	101
C	14.623	-11.477	15.549	101
N	13.943	-11.723	16.667	102
CA	13.547	-10.589	17.497	102
C	14.741	-10.046	18.28	102
N	14.625	-8.788	18.675	103
CA	15.646	-8.127	19.483	103
C	15.304	-8.279	20.96	103
N	14.127	-7.811	21.364	104
CA	13.645	-8.167	22.697	104
C	13.345	-9.647	22.744	104
N	13.495	-10.218	23.93	105
CA	13.101	-11.6	24.165	105
C	12.161	-11.63	25.366	105
N	11.372	-12.693	25.468	106
CA	10.399	-12.82	26.551	106
C	10.724	-14.11	27.281	106
N	11.219	-13.993	28.511	107
CA	11.71	-15.161	29.26	107
C	12.691	-15.969	28.416	107
N	13.593	-15.224	27.777	108
CA	14.633	-15.73	26.869	108
C	14.126	-16.265	25.52	108
N	12.81	-16.282	25.321	109
CA	12.234	-16.724	24.051	109
C	12.472	-15.704	22.944	109
N	12.988	-16.171	21.809	110
CA	13.138	-15.318	20.624	110
C	11.99	-15.529	19.645	110
N	11.443	-14.428	19.145	111
CA	10.436	-14.506	18.101	111
C	11.086	-14.449	16.722	111
N	10.312	-14.745	15.675	112
CA	10.848	-14.783	14.311	112
C	11.258	-13.394	13.801	112
N	10.63	-12.358	14.34	113
CA	10.915	-10.993	13.915	113
C	10.32	-10.03	14.922	113
N	10.658	-8.758	14.776	114
CA	10.121	-7.743	15.651	114
C	9.906	-6.486	14.831	114
N	8.713	-5.914	14.961	115
CA	8.346	-4.659	14.308	115
C	8.584	-3.486	15.261	115
N	9.208	-2.428	14.748	116
CA	9.444	-1.205	15.51	116
C	8.764	-0.03	14.841	116
N	7.775	0.536	15.535	117
CA	7.136	1.777	15.112	117
C	7.764	2.923	15.898	117
N	8.487	3.782	15.185	118
CA	9.328	4.801	15.821	118
C	8.616	6.146	15.877	118
N	8.512	6.73	17.08	119
CA	7.825	8.016	17.281	119
C	8.722	9.013	18.01	119
N	8.587	10.307	17.71	120
CA	9.38	11.317	18.417	120
C	8.496	12.314	19.153	120
N	9.012	12.785	20.285	121
CA	8.304	13.691	21.185	121
C	8.173	15.086	20.567	121
N	6.937	15.521	20.339	122
CA	6.704	16.755	19.588	122
C	7.217	18.013	20.288	122
N	7.489	17.929	21.588	123
CA	7.979	19.105	22.306	123
C	9.418	19.448	21.907	123
N	10.058	18.55	21.159	124
CA	11.433	18.764	20.711	124
C	11.52	19.196	19.247	124
N	10.371	19.335	18.592	125
CA	10.332	20.005	17.297	125
C	10.656	19.164	16.078	125
N	11.686	18.329	16.171	126
CA	11.928	17.339	15.124	126
C	12.687	16.136	15.657	126
N	12.811	15.117	14.816	127
CA	13.439	13.867	15.202	127
C	14.893	14.055	15.618	127
N	15.629	14.857	14.85	128
CA	17.035	15.085	15.136	128
C	17.286	15.675	16.509	128
N	16.416	16.585	16.943	129
CA	16.527	17.126	18.294	129
C	16.091	16.108	19.34	129
N	15.043	15.358	19.016	130
CA	14.454	14.418	19.956	130
C	15.439	13.342	20.398	130
N	16.238	12.827	19.466	131
CA	17.173	11.746	19.817	131
C	18.28	12.162	20.774	131
N	18.423	13.469	20.985	132
CA	19.405	13.987	21.931	132
C	18.826	14.104	23.346	132
N	17.585	13.659	23.524	133
CA	16.885	13.832	24.802	133
C	16.52	12.489	25.421	133
N	16.577	12.391	26.76	134
CA	16.304	11.095	27.391	134
C	14.863	10.634	27.198	134
N	13.936	11.561	26.968	135
CA	12.552	11.184	26.662	135
C	12.169	11.582	25.238	135
N	13.103	11.444	24.305	136
CA	12.887	11.97	22.972	136
C	12.057	11.085	22.065	136
N	12.2	9.768	22.225	137
CA	11.535	8.822	21.341	137
C	10.651	7.859	22.114	137
N	9.635	7.35	21.429	138
CA	8.887	6.207	21.915	138
C	8.862	5.204	20.776	138
N	9.35	3.993	21.031	139
CA	9.292	2.953	20.02	139
C	8.334	1.879	20.495	139
N	7.337	1.612	19.658	140
CA	6.362	0.566	19.91	140
C	6.873	-0.7	19.24	140
N	7.14	-1.71	20.062	141
CA	7.72	-2.955	19.593	141
C	6.672	-4.051	19.586	141
N	6.596	-4.779	18.479	142
CA	5.581	-5.814	18.312	142
C	6.252	-7.085	17.791	142
N	6.065	-8.198	18.488	143
CA	6.689	-9.454	18.061	143
C	5.939	-10.087	16.902	143
N	6.679	-10.755	16.016	144
CA	6.071	-11.529	14.932	144
C	6.385	-13.001	15.149	144
N	5.354	-13.844	15.109	145
CA	5.56	-15.29	15.052	145
C	5.064	-15.797	13.711	145
N	5.584	-16.948	13.288	146
CA	5.179	-17.544	12.019	146
C	3.962	-18.44	12.217	146
N	2.906	-18.156	11.458	147
CA	1.669	-18.917	11.531	147
C	0.76	-18.51	10.391	147
N	-0.413	-17.982	10.731	148
CA	-1.312	-17.456	9.709	148
C	-0.742	-16.158	9.15	148
N	-1.097	-15.847	7.905	149
CA	-0.652	-14.609	7.273	149
C	-1.277	-13.396	7.947	149
N	-0.565	-12.273	7.891	150
CA	-1.087	-10.988	8.333	150
C	-1.461	-10.186	7.091	150
N	-2.768	-10.058	6.818	151
CA	-3.206	-9.428	5.571	151
C	-2.681	-8.003	5.469	151
N	-2.65	-7.292	6.592	152
CA	-2.184	-5.915	6.602	152
C	-0.701	-5.734	6.316	152
N	0.057	-6.831	6.331	153
CA	1.49	-6.785	6.017	153
C	1.761	-6.996	4.533	153
N	0.773	-7.514	3.805	154
CA	1.036	-7.986	2.448	154
C	1.504	-6.895	1.483	154
N	0.968	-5.681	1.615	155
CA	1.383	-4.607	0.719	155
C	2.861	-4.264	0.895	155
N	3.363	-4.447	2.116	156
CA	4.786	-4.272	2.392	156
C	5.597	-5.371	1.712	156
N	5.212	-6.628	1.882	157
CA	6.026	-7.69	1.297	157
C	6.0	-7.675	-0.237	157
N	4.907	-7.203	-0.831	158
CA	4.841	-7.167	-2.292	158
C	5.69	-6.076	-2.947	158
N	6.104	-5.074	-2.173	159
CA	6.934	-3.997	-2.725	159
C	8.433	-4.289	-2.554	159
N	8.761	-5.315	-1.771	160
CA	10.161	-5.604	-1.457	160
C	11.043	-5.944	-2.666	160
N	10.448	-6.483	-3.725	161
CA	11.208	-6.799	-4.932	161
C	11.732	-5.529	-5.599	161
N	11.09	-4.403	-5.306	162
CA	11.487	-3.13	-5.904	162
C	12.56	-2.41	-5.084	162
N	12.845	-2.916	-3.881	163
CA	13.897	-2.342	-3.039	163
C	14.876	-3.402	-2.53	163
N	15.297	-4.291	-3.422	164
CA	16.095	-5.44	-3.002	164
C	17.432	-5.049	-2.378	164
N	18.054	-3.992	-2.896	165
CA	19.409	-3.637	-2.494	165
C	19.505	-2.284	-1.796	165
N	20.588	-2.124	-1.04	166
CA	20.873	-0.904	-0.276	166
C	20.765	0.357	-1.125	166
N	20.014	1.344	-0.642	167
CA	19.884	2.604	-1.362	167
C	18.663	2.707	-2.259	167
N	18.005	1.578	-2.526	168
CA	16.776	1.599	-3.32	168
C	15.556	2.042	-2.51	168
N	14.766	2.94	-3.089	169
CA	13.523	3.389	-2.475	169
C	12.384	3.277	-3.478	169
N	11.162	3.231	-2.962	170
CA	9.976	3.193	-3.801	170
C	8.868	4.012	-3.149	170
N	8.008	4.616	-3.959	171
CA	6.842	5.298	-3.412	171
C	6.004	4.284	-2.64	171
N	5.485	4.696	-1.487	172
CA	4.703	3.795	-0.659	172
C	3.649	4.608	0.071	172
N	2.663	5.07	-0.689	173
CA	1.612	5.914	-0.146	173
C	0.404	5.112	0.301	173
N	-0.381	5.72	1.188	174
CA	-1.665	5.188	1.631	174
C	-1.595	3.852	2.355	174
N	-0.463	3.571	2.985	175
CA	-0.373	2.355	3.778	175
C	-0.881	2.633	5.177	175
N	-1.729	1.745	5.684	176
CA	-2.339	1.917	6.997	176
C	-1.648	1.043	8.037	176
N	-0.85	1.654	8.934	177
CA	-0.112	0.831	9.908	177
C	-1.007	0.155	10.955	177
N	-2.278	0.545	11.026	178
CA	-3.202	-0.105	11.955	178
C	-3.346	-1.594	11.649	178
N	-3.072	-1.966	10.4	179
CA	-3.177	-3.348	9.969	179
C	-2.038	-4.221	10.456	179
N	-1.101	-3.631	11.201	180
CA	0.032	-4.377	11.752	180
C	-0.101	-4.628	13.255	180
N	-1.167	-4.107	13.87	181
CA	-1.338	-4.196	15.323	181
C	-2.066	-5.467	15.73	181
N	-1.689	-6.03	16.881	182
CA	-2.441	-7.168	17.419	182
C	-3.743	-6.68	18.071	182
N	-4.58	-7.593	18.558	183
CA	-5.832	-7.212	19.225	183
C	-5.604	-6.381	20.48	183
N	-4.735	-6.882	21.351	184
CA	-4.537	-6.279	22.666	184
C	-3.409	-5.268	22.643	184
N	-3.557	-4.195	23.416	185
CA	-2.475	-3.23	23.585	185
C	-1.806	-3.335	24.966	185
N	-1.944	-4.486	25.632	186
CA	-1.216	-4.727	26.878	186
C	0.274	-4.677	26.551	186
N	1.052	-4.031	27.414	187
CA	2.457	-3.812	27.102	187
C	3.367	-3.916	28.317	187
N	4.663	-4.047	28.035	188
CA	5.725	-3.825	29.013	188
C	6.421	-2.54	28.619	188
N	6.987	-1.837	29.592	189
CA	7.695	-0.608	29.27	189
C	8.95	-0.435	30.122	189
N	10.006	0.099	29.515	190
CA	11.237	0.395	30.231	190
C	12.001	1.478	29.471	190
N	12.917	2.185	30.156	191
CA	13.744	3.177	29.455	191
C	14.939	2.528	28.783	191
N	15.16	2.842	27.508	192
CA	16.268	2.239	26.792	192
C	16.871	3.098	25.702	192
N	17.271	2.449	24.615	193
CA	18.059	3.102	23.57	193
C	17.632	2.686	22.17	193
N	18.18	3.357	21.164	194
CA	18.135	2.821	19.807	194
C	18.902	1.509	19.82	194
N	18.452	0.539	19.031	195
CA	19.142	-0.753	18.995	195
C	20.155	-0.863	17.858	195
N	20.312	0.214	17.093	196
CA	21.368	0.31	16.088	196
C	22.155	1.574	16.361	196
N	23.407	1.641	15.877	197
CA	24.148	2.898	16.003	197
C	23.321	4.066	15.485	197
N	23.398	5.219	16.157	198
CA	24.313	5.605	17.245	198
C	23.949	5.123	18.662	198
N	22.949	4.247	18.799	199
CA	22.64	3.612	20.09	199
C	22.262	4.602	21.196	199
N	21.707	5.747	20.793	200
CA	21.404	6.833	21.728	200
C	20.356	6.428	22.769	200
N	20.572	6.863	24.004	201
CA	19.72	6.479	25.122	201
C	18.56	7.454	25.287	201
N	17.647	7.391	24.319	202
CA	16.604	8.399	24.151	202
C	15.219	7.775	24.002	202
N	15.12	6.468	24.225	203
CA	13.887	5.745	23.894	203
C	13.1	5.281	25.117	203
N	11.811	5.61	25.155	204
CA	10.879	4.899	26.018	204
C	10.347	3.716	25.217	204
N	10.724	2.512	25.631	205
CA	10.293	1.31	24.93	205
C	8.939	0.854	25.428	205
N	8.055	0.562	24.484	206
CA	6.743	0.013	24.8	206
C	6.607	-1.242	23.953	206
N	6.673	-2.401	24.603	207
CA	6.688	-3.676	23.886	207
C	5.385	-4.409	24.157	207
N	4.637	-4.696	23.093	208
CA	3.336	-5.336	23.245	208
C	3.476	-6.802	23.639	208
N	2.599	-7.236	24.541	209
CA	2.545	-8.618	25.0	209
C	2.118	-9.598	23.897	209
N	1.14	-9.196	23.09	210
CA	0.574	-10.081	22.081	210
C	1.327	-9.97	20.768	210
N	1.907	-11.081	20.301	211
CA	2.542	-11.034	18.982	211
C	1.508	-11.032	17.86	211
N	1.925	-10.584	16.685	212
CA	1.124	-10.803	15.489	212
C	1.661	-12.043	14.78	212
N	0.795	-12.732	14.047	213
CA	1.211	-13.873	13.243	213
C	1.386	-13.445	11.792	213
N	2.486	-13.875	11.179	214
CA	2.72	-13.662	9.756	214
C	2.989	-15.028	9.147	214
N	2.802	-15.171	7.843	215
CA	2.998	-16.48	7.228	215
C	4.458	-16.772	6.91	215
N	4.744	-18.054	6.71	216
CA	6.086	-18.46	6.344	216
C	6.507	-17.78	5.046	216
N	5.578	-17.649	4.094	217
CA	5.852	-16.967	2.829	217
C	6.171	-15.489	3.015	217
N	5.464	-14.842	3.937	218
CA	5.721	-13.437	4.224	218
C	7.133	-13.195	4.774	218
N	7.549	-13.969	5.771	219
CA	8.879	-13.741	6.338	219
C	9.973	-14.205	5.357	219
N	9.668	-15.216	4.543	220
CA	10.608	-15.666	3.521	220
C	10.967	-14.529	2.571	220
N	9.987	-13.682	2.27	221
CA	10.243	-12.54	1.404	221
C	11.147	-11.482	2.034	221
N	11.052	-11.288	3.355	222
CA	11.996	-10.42	4.058	222
C	13.422	-10.917	3.809	222
N	13.604	-12.233	3.874	223
CA	14.929	-12.851	3.793	223
C	15.547	-12.829	2.399	223
N	14.798	-12.365	1.4	224
CA	15.334	-12.278	0.047	224
C	15.933	-10.906	-0.221	224
N	15.755	-9.992	0.728	225
CA	16.389	-8.68	0.621	225
C	17.909	-8.793	0.748	225
N	18.609	-7.736	0.348	226
CA	20.074	-7.709	0.365	226
C	20.606	-6.598	1.265	226
N	21.687	-6.872	2.0	227
CA	22.395	-5.834	2.76	227
C	23.168	-4.929	1.81	227
N	23.66	-5.528	0.731	228
CA	24.546	-4.856	-0.224	228
C	23.812	-3.979	-1.228	228
N	24.565	-3.104	-1.892	229
CA	24.026	-2.324	-2.995	229
C	24.059	-3.129	-4.282	229
N	23.305	-2.681	-5.28	230
CA	23.308	-3.31	-6.597	230
C	24.722	-3.297	-7.185	230
N	25.161	-4.434	-7.718	231
CA	26.483	-4.515	-8.313	231
C	27.566	-4.877	-7.317	231
N	27.165	-5.074	-6.062	232
CA	28.069	-5.549	-5.022	232
C	27.747	-7.012	-4.768	232
N	28.695	-7.761	-4.182	233
CA	28.459	-9.178	-3.884	233
C	27.218	-9.363	-3.017	233
N	26.35	-10.29	-3.403	234
CA	25.082	-10.47	-2.7	234
C	25.232	-11.037	-1.289	234
N	24.661	-10.33	-0.319	235
CA	24.626	-10.795	1.061	235
C	23.188	-10.667	1.531	235
N	22.555	-11.788	1.86	236
CA	21.142	-11.747	2.241	236
C	20.942	-10.96	3.535	236
N	19.937	-10.083	3.529	237
CA	19.569	-9.314	4.713	237
C	18.777	-10.229	5.649	237
N	19.503	-10.898	6.543	238
CA	18.907	-11.759	7.568	238
C	19.706	-11.566	8.85	238
N	19.084	-11.877	9.983	239
CA	19.719	-11.729	11.293	239
C	20.22	-10.317	11.567	239
N	19.372	-9.347	11.251	240
CA	19.693	-7.951	11.502	240
C	19.152	-7.497	12.855	240
N	19.425	-8.303	13.882	241
CA	18.961	-8.039	15.244	241
C	20.143	-7.94	16.192	241
N	20.033	-7.026	17.152	242
CA	20.984	-6.926	18.25	242
C	20.48	-7.818	19.366	242
N	21.378	-8.569	20.021	243
CA	20.93	-9.437	21.114	243
C	20.654	-8.65	22.385	243
N	20.011	-9.304	23.346	244
CA	19.663	-8.679	24.617	244
C	20.889	-8.14	25.36	244
N	20.731	-6.944	25.926	245
CA	21.787	-6.237	26.64	245
C	21.494	-6.238	28.136	245
N	22.521	-5.984	28.972	246
CA	22.274	-6.057	30.417	246
C	21.23	-5.042	30.892	246
N	20.315	-5.493	31.745	247
CA	19.247	-4.63	32.232	247
C	19.79	-3.553	33.17	247
N	20.843	-3.897	33.91	248
CA	21.47	-2.961	34.846	248
C	20.456	-2.369	35.827	248
N	20.498	-1.06	36.05	249
CA	19.623	-0.44	37.047	249
C	18.285	-0.003	36.459	249
N	17.519	-0.963	35.946	250
CA	16.206	-0.666	35.375	250
C	15.146	-1.669	35.802	250
N	13.912	-1.181	35.905	251
CA	12.75	-2.016	36.175	251
C	11.863	-2.01	34.945	251
N	11.497	-3.193	34.473	252
CA	10.478	-3.294	33.436	252
C	9.11	-3.285	34.122	252
N	8.231	-2.393	33.672	253
CA	6.874	-2.303	34.207	253
C	5.881	-2.94	33.245	253
N	4.85	-3.579	33.794	254
CA	3.784	-4.165	32.984	254
C	2.473	-3.412	33.172	254
N	1.709	-3.293	32.088	255
CA	0.443	-2.569	32.1	255
C	-0.7	-3.474	32.507	255
N	-0.385	-4.75	32.703	256
CA	-1.389	-5.79	32.905	256
C	-0.962	-6.758	33.997	256
N	-1.944	-7.451	34.572	257
CA	-1.674	-8.549	35.493	257
C	-1.721	-9.856	34.715	257
