ATOM	X	Y	Z	RESIDUE
N	-48.934	50.248	-11.709	1
CA	-48.123	49.584	-12.747	1
C	-46.896	50.43	-12.989	1
N	-45.734	49.935	-12.588	2
CA	-44.44	50.245	-13.208	2
C	-43.514	49.115	-12.782	2
N	-43.424	48.113	-13.651	3
CA	-42.449	47.033	-13.576	3
C	-41.049	47.647	-13.684	3
N	-40.205	47.431	-12.677	4
CA	-38.767	47.638	-12.806	4
C	-38.139	46.288	-13.138	4
N	-37.95	46.051	-14.431	5
CA	-37.083	44.997	-14.951	5
C	-35.634	45.388	-14.672	5
N	-34.99	44.726	-13.713	6
CA	-33.55	44.836	-13.497	6
C	-32.813	43.955	-14.507	6
N	-32.004	44.601	-15.343	7
CA	-31.156	43.975	-16.352	7
C	-30.162	42.993	-15.718	7
N	-30.091	41.791	-16.291	8
CA	-29.108	40.782	-15.942	8
C	-27.711	41.241	-16.391	8
N	-26.871	41.617	-15.429	9
CA	-25.456	41.922	-15.649	9
C	-24.748	40.692	-16.217	9
N	-24.396	40.74	-17.502	10
CA	-23.537	39.746	-18.151	10
C	-22.174	39.785	-17.462	10
N	-21.895	38.774	-16.636	11
CA	-20.594	38.587	-15.988	11
C	-19.561	38.355	-17.083	11
N	-18.769	39.39	-17.34	12
CA	-17.706	39.387	-18.325	12
C	-16.56	38.507	-17.796	12
N	-16.628	37.2	-18.064	13
CA	-15.554	36.257	-17.763	13
C	-14.357	36.563	-18.671	13
N	-13.504	37.497	-18.245	14
CA	-12.191	37.686	-18.859	14
C	-11.44	36.344	-18.849	14
N	-10.918	35.867	-19.994	15
CA	-10.241	34.582	-20.058	15
C	-8.981	34.614	-19.19	15
N	-8.947	33.741	-18.182	16
CA	-7.819	33.63	-17.268	16
C	-6.513	33.357	-18.041	16
N	-5.387	34.008	-17.687	17
CA	-4.127	33.813	-18.386	17
C	-3.698	32.338	-18.334	17
N	-3.624	31.729	-19.512	18
CA	-2.979	30.438	-19.734	18
C	-1.495	30.659	-19.955	18
N	-0.634	29.904	-19.255	19
CA	0.745	29.705	-19.724	19
C	0.606	29.188	-21.159	19
N	1.087	29.912	-22.184	20
CA	1.044	29.406	-23.538	20
C	1.756	28.061	-23.501	20
N	1.082	26.984	-23.92	21
CA	1.842	25.811	-24.343	21
C	2.764	26.368	-25.414	21
N	4.075	26.394	-25.172	22
CA	5.044	26.654	-26.232	22
C	4.778	25.541	-27.241	22
N	3.922	25.817	-28.228	23
CA	3.749	24.974	-29.393	23
C	5.07	25.153	-30.108	23
N	6.035	24.29	-29.792	24
CA	7.238	24.181	-30.603	24
C	6.729	23.84	-31.991	24
N	6.829	24.798	-32.898	25
CA	6.479	24.582	-34.288	25
C	7.29	23.392	-34.801	25
N	6.693	22.622	-35.714	26
CA	7.428	21.517	-36.325	26
C	8.617	22.134	-37.065	26
N	9.835	21.589	-36.908	27
CA	10.987	22.143	-37.59	27
C	10.762	22.205	-39.098	27
N	11.224	23.275	-39.734	28
CA	11.164	23.399	-41.196	28
C	12.085	22.357	-41.856	28
N	11.881	21.999	-43.14	29
CA	12.793	21.097	-43.848	29
C	14.258	21.563	-43.82	29
N	14.49	22.874	-43.914	30
CA	15.82	23.488	-43.832	30
C	16.445	23.299	-42.445	30
N	15.688	23.54	-41.368	31
CA	16.142	23.291	-39.992	31
C	16.45	21.806	-39.735	31
N	15.709	20.89	-40.368	32
CA	15.973	19.447	-40.271	32
C	17.308	19.108	-40.936	32
N	17.575	19.667	-42.115	33
CA	18.812	19.419	-42.852	33
C	20.022	20.053	-42.155	33
N	19.871	21.266	-41.63	34
CA	20.881	21.917	-40.8	34
C	21.213	21.072	-39.556	34
N	20.195	20.541	-38.86	35
CA	20.397	19.612	-37.732	35
C	21.112	18.328	-38.134	35
N	20.877	17.809	-39.343	36
CA	21.585	16.624	-39.855	36
C	23.058	16.925	-40.09	36
N	23.376	18.083	-40.675	37
CA	24.755	18.55	-40.871	37
C	25.47	18.734	-39.532	37
N	24.903	19.499	-38.595	38
CA	25.474	19.693	-37.248	38
C	25.736	18.376	-36.508	38
N	24.846	17.392	-36.658	39
CA	25.009	16.066	-36.051	39
C	26.155	15.252	-36.665	39
N	26.521	15.503	-37.923	40
CA	27.699	14.886	-38.543	40
C	29.001	15.558	-38.092	40
N	28.969	16.864	-37.792	41
CA	30.108	17.6	-37.225	41
C	30.329	17.344	-35.72	41
N	29.419	16.641	-35.04	42
CA	29.528	16.348	-33.609	42
C	30.71	15.397	-33.33	42
N	31.819	15.955	-32.835	43
CA	33.01	15.196	-32.434	43
C	32.733	14.486	-31.111	43
N	32.875	13.161	-31.103	44
CA	32.769	12.353	-29.883	44
C	34.132	12.362	-29.19	44
N	34.231	12.806	-27.924	45
CA	35.494	12.793	-27.192	45
C	36.102	11.39	-27.084	45
N	37.432	11.317	-27.031	46
CA	38.16	10.059	-26.848	46
C	37.716	9.335	-25.563	46
N	37.6	8.005	-25.633	47
CA	37.136	7.161	-24.524	47
C	35.612	7.059	-24.352	47
N	34.809	7.881	-25.039	48
CA	33.346	7.785	-24.998	48
C	32.775	7.102	-26.246	48
N	31.858	6.145	-26.067	49
CA	30.985	5.725	-27.173	49
C	29.982	6.833	-27.523	49
N	29.528	6.897	-28.787	50
CA	28.447	7.812	-29.236	50
C	27.214	7.799	-28.322	50
N	26.874	6.641	-27.744	51
CA	25.72	6.483	-26.846	51
C	26.001	7.04	-25.449	51
N	27.212	6.855	-24.918	52
CA	27.622	7.447	-23.64	52
C	27.708	8.969	-23.748	52
N	28.312	9.499	-24.815	53
CA	28.394	10.945	-25.035	53
C	27.011	11.61	-25.075	53
N	26.04	11.0	-25.767	54
CA	24.643	11.475	-25.762	54
C	23.974	11.425	-24.391	54
N	24.324	10.448	-23.547	55
CA	23.827	10.394	-22.163	55
C	24.419	11.539	-21.347	55
N	25.705	11.833	-21.521	56
CA	26.372	12.922	-20.805	56
C	25.875	14.293	-21.269	56
N	25.78	14.55	-22.579	57
CA	25.161	15.772	-23.113	57
C	23.729	15.97	-22.606	57
N	22.949	14.888	-22.475	58
CA	21.595	14.965	-21.911	58
C	21.615	15.322	-20.423	58
N	22.591	14.815	-19.67	59
CA	22.79	15.116	-18.249	59
C	23.274	16.555	-18.05	59
N	24.213	17.028	-18.864	60
CA	24.699	18.408	-18.859	60
C	23.585	19.382	-19.243	60
N	22.877	19.134	-20.353	61
CA	21.698	19.927	-20.728	61
C	20.652	19.966	-19.615	61
N	20.432	18.857	-18.903	62
CA	19.538	18.833	-17.743	62
C	20.055	19.698	-16.59	62
N	21.367	19.735	-16.345	63
CA	21.981	20.614	-15.346	63
C	21.855	22.09	-15.743	63
N	22.166	22.432	-16.994	64
CA	22.106	23.805	-17.512	64
C	20.668	24.34	-17.497	64
N	19.714	23.523	-17.956	65
CA	18.286	23.89	-17.984	65
C	17.576	23.677	-16.648	65
N	18.273	23.194	-15.608	66
CA	17.669	22.892	-14.301	66
C	17.036	24.132	-13.68	66
N	17.715	25.279	-13.744	67
CA	17.235	26.526	-13.137	67
C	15.988	27.051	-13.85	67
N	16.041	27.164	-15.178	68
CA	14.892	27.551	-16.006	68
C	13.702	26.6	-15.784	68
N	13.955	25.287	-15.735	69
CA	12.925	24.298	-15.43	69
C	12.296	24.531	-14.048	69
N	13.101	24.801	-13.015	70
CA	12.617	25.083	-11.661	70
C	11.783	26.372	-11.601	70
N	12.159	27.415	-12.339	71
CA	11.409	28.672	-12.443	71
C	10.056	28.471	-13.126	71
N	10.034	27.783	-14.272	72
CA	8.794	27.415	-14.973	72
C	7.891	26.562	-14.075	72
N	8.447	25.604	-13.318	73
CA	7.659	24.825	-12.353	73
C	7.13	25.689	-11.199	73
N	7.922	26.643	-10.693	74
CA	7.518	27.567	-9.622	74
C	6.373	28.463	-10.081	74
N	6.47	29.033	-11.276	75
CA	5.413	29.844	-11.873	75
C	4.149	29.016	-12.132	75
N	4.291	27.809	-12.695	76
CA	3.174	26.875	-12.888	76
C	2.479	26.532	-11.57	76
N	3.237	26.317	-10.49	77
CA	2.695	26.074	-9.143	77
C	2.011	27.32	-8.571	77
N	2.559	28.522	-8.793	78
CA	1.946	29.806	-8.399	78
C	0.603	30.015	-9.097	78
N	0.553	29.854	-10.418	79
CA	-0.679	29.978	-11.202	79
C	-1.704	28.898	-10.831	79
N	-1.269	27.661	-10.569	80
CA	-2.159	26.613	-10.068	80
C	-2.761	26.961	-8.692	80
N	-1.984	27.581	-7.79	81
CA	-2.477	28.082	-6.493	81
C	-3.455	29.241	-6.658	81
N	-3.167	30.191	-7.548	82
CA	-4.065	31.308	-7.841	82
C	-5.407	30.805	-8.386	82
N	-5.381	29.892	-9.365	83
CA	-6.587	29.236	-9.898	83
C	-7.351	28.459	-8.836	83
N	-6.646	27.741	-7.951	84
CA	-7.283	27.036	-6.83	84
C	-7.98	28.029	-5.897	84
N	-7.346	29.165	-5.591	85
CA	-7.903	30.215	-4.727	85
C	-9.11	30.906	-5.361	85
N	-9.061	31.219	-6.653	86
CA	-10.194	31.793	-7.398	86
C	-11.361	30.804	-7.453	86
N	-11.116	29.545	-7.848	87
CA	-12.148	28.492	-7.836	87
C	-12.77	28.26	-6.463	87
N	-12.001	28.412	-5.384	88
CA	-12.504	28.207	-4.025	88
C	-13.426	29.344	-3.563	88
N	-13.332	30.544	-4.152	89
CA	-14.278	31.635	-3.868	89
C	-15.662	31.375	-4.467	89
N	-15.718	30.639	-5.577	90
CA	-16.954	30.355	-6.32	90
C	-17.633	29.042	-5.889	90
N	-17.065	28.313	-4.922	91
CA	-17.613	27.04	-4.459	91
C	-18.353	27.227	-3.14	91
N	-19.599	26.756	-3.133	92
CA	-20.42	26.55	-1.944	92
C	-19.63	25.78	-0.865	92
N	-19.887	26.085	0.411	93
CA	-19.124	25.617	1.582	93
C	-19.042	24.082	1.7	93
N	-19.845	23.361	0.913	94
CA	-19.972	21.909	0.908	94
C	-18.94	21.149	0.034	94
N	-17.874	21.793	-0.468	95
CA	-16.738	21.091	-1.109	95
C	-15.83	20.422	-0.046	95
N	-16.366	19.431	0.681	96
CA	-15.634	18.609	1.665	96
C	-14.373	17.947	1.076	96
N	-14.307	17.785	-0.251	97
CA	-13.234	17.096	-0.975	97
C	-11.851	17.772	-0.884	97
N	-11.717	18.948	-0.249	98
CA	-10.465	19.735	-0.293	98
C	-9.891	20.205	1.032	98
N	-10.592	20.051	2.156	99
CA	-9.998	20.368	3.461	99
C	-8.926	19.317	3.756	99
N	-7.715	19.772	4.09	100
CA	-6.68	18.873	4.584	100
C	-7.25	18.182	5.826	100
N	-7.366	16.854	5.785	101
CA	-7.932	16.096	6.894	101
C	-7.091	16.378	8.148	101
N	-7.692	16.817	9.265	102
CA	-6.937	17.063	10.485	102
C	-6.308	15.755	10.981	102
N	-5.162	15.852	11.654	103
CA	-4.588	14.716	12.384	103
C	-5.407	14.562	13.675	103
N	-6.013	13.394	13.952	104
CA	-6.742	13.171	15.196	104
C	-5.826	13.359	16.412	104
N	-6.308	14.044	17.454	105
CA	-5.555	14.211	18.71	105
C	-5.358	12.884	19.448	105
N	-6.327	11.971	19.319	106
CA	-6.284	10.601	19.83	106
C	-6.947	9.664	18.827	106
N	-6.342	8.499	18.608	107
CA	-6.901	7.452	17.753	107
C	-7.724	6.442	18.569	107
N	-8.829	5.962	17.996	108
CA	-9.71	4.94	18.584	108
C	-9.063	3.557	18.43	108
N	-9.13	2.702	19.452	109
CA	-8.577	1.341	19.373	109
C	-9.298	0.498	18.316	109
N	-8.54	-0.259	17.526	110
CA	-9.045	-1.292	16.603	110
C	-9.071	-2.682	17.244	110
N	-8.974	-2.771	18.576	111
CA	-8.865	-4.036	19.313	111
C	-7.678	-4.89	18.836	111
N	-6.488	-4.279	18.843	112
CA	-5.215	-4.92	18.498	112
C	-5.135	-5.437	17.048	112
N	-5.812	-4.765	16.113	113
CA	-5.564	-4.984	14.686	113
C	-4.318	-4.217	14.269	113
N	-3.404	-4.887	13.573	114
CA	-2.179	-4.273	13.057	114
C	-1.903	-4.674	11.611	114
N	-0.978	-3.967	10.963	115
CA	-0.603	-4.217	9.572	115
C	0.903	-4.394	9.449	115
N	1.331	-5.445	8.755	116
CA	2.718	-5.625	8.32	116
C	2.82	-5.272	6.835	116
N	3.829	-4.49	6.457	117
CA	4.231	-4.322	5.059	117
C	5.485	-5.166	4.832	117
N	5.318	-6.253	4.084	118
CA	6.367	-7.22	3.762	118
C	7.221	-6.708	2.593	118
N	8.369	-6.084	2.88	119
CA	9.255	-5.497	1.863	119
C	10.363	-6.44	1.37	119
N	10.229	-7.743	1.598	120
CA	11.245	-8.761	1.31	120
C	11.327	-9.158	-0.177	120
N	11.204	-8.167	-1.055	121
CA	11.125	-8.337	-2.503	121
C	12.062	-7.378	-3.242	121
N	13.076	-6.847	-2.545	122
CA	14.013	-5.849	-3.072	122
C	14.574	-6.3	-4.432	122
N	15.153	-7.503	-4.506	123
CA	15.793	-8.068	-5.711	123
C	14.86	-8.19	-6.932	123
N	13.541	-8.223	-6.715	124
CA	12.532	-8.344	-7.775	124
C	12.11	-6.984	-8.368	124
N	12.578	-5.876	-7.789	125
CA	12.213	-4.518	-8.188	125
C	13.359	-3.772	-8.871	125
N	13.017	-3.012	-9.911	126
CA	13.937	-2.05	-10.509	126
C	14.072	-0.789	-9.643	126
N	15.122	0.003	-9.861	127
CA	15.39	1.223	-9.078	127
C	14.197	2.198	-9.009	127
N	13.485	2.378	-10.128	128
CA	12.287	3.24	-10.182	128
C	11.115	2.688	-9.364	128
N	11.092	1.383	-9.155	129
CA	10.068	0.679	-8.396	129
C	10.378	0.718	-6.905	129
N	11.652	0.62	-6.508	130
CA	12.104	0.941	-5.142	130
C	11.72	2.381	-4.77	130
N	11.966	3.345	-5.668	131
CA	11.519	4.742	-5.498	131
C	9.997	4.842	-5.338	131
N	9.244	4.004	-6.049	132
CA	7.782	3.991	-5.973	132
C	7.297	3.373	-4.662	132
N	7.901	2.27	-4.215	133
CA	7.613	1.63	-2.934	133
C	7.905	2.575	-1.765	133
N	9.039	3.287	-1.786	134
CA	9.369	4.252	-0.729	134
C	8.305	5.346	-0.597	134
N	7.798	5.833	-1.734	135
CA	6.721	6.82	-1.755	135
C	5.381	6.225	-1.295	135
N	5.12	4.945	-1.574	136
CA	3.925	4.257	-1.086	136
C	3.963	4.055	0.431	136
N	5.097	3.666	1.023	137
CA	5.247	3.582	2.489	137
C	5.034	4.957	3.135	137
N	5.582	6.028	2.541	138
CA	5.302	7.404	2.983	138
C	3.807	7.74	2.926	138
N	3.102	7.287	1.89	139
CA	1.655	7.454	1.789	139
C	0.905	6.63	2.853	139
N	1.325	5.389	3.145	140
CA	0.784	4.594	4.256	140
C	0.952	5.32	5.593	140
N	2.145	5.855	5.87	141
CA	2.398	6.644	7.075	141
C	1.47	7.862	7.163	141
N	1.303	8.599	6.061	142
CA	0.357	9.715	6.013	142
C	-1.071	9.251	6.32	142
N	-1.538	8.165	5.698	143
CA	-2.861	7.601	5.959	143
C	-3.017	7.179	7.431	143
N	-2.003	6.535	8.018	144
CA	-1.986	6.125	9.427	144
C	-2.148	7.32	10.366	144
N	-1.457	8.431	10.078	145
CA	-1.511	9.66	10.883	145
C	-2.862	10.358	10.814	145
N	-3.561	10.238	9.692	146
CA	-4.882	10.832	9.499	146
C	-6.033	9.881	9.837	146
N	-5.746	8.597	10.064	147
CA	-6.749	7.605	10.415	147
C	-7.338	7.904	11.799	147
N	-8.666	7.985	11.91	148
CA	-9.355	8.123	13.21	148
C	-9.075	6.933	14.134	148
N	-8.777	5.769	13.559	149
CA	-8.508	4.527	14.273	149
C	-7.013	4.197	14.338	149
N	-6.593	3.605	15.456	150
CA	-5.23	3.152	15.713	150
C	-4.991	1.871	14.921	150
N	-4.346	1.996	13.767	151
CA	-3.984	0.871	12.905	151
C	-2.46	0.857	12.687	151
N	-1.676	0.263	13.603	152
CA	-0.217	0.282	13.534	152
C	0.336	-0.345	12.251	152
N	1.475	0.167	11.781	153
CA	2.219	-0.366	10.636	153
C	3.585	-0.865	11.106	153
N	3.948	-2.09	10.753	154
CA	5.315	-2.592	10.861	154
C	5.889	-2.848	9.465	154
N	7.016	-2.22	9.137	155
CA	7.741	-2.432	7.879	155
C	8.828	-3.485	8.116	155
N	8.679	-4.677	7.534	156
CA	9.653	-5.783	7.647	156
C	10.575	-5.838	6.436	156
N	11.74	-6.477	6.57	157
CA	12.807	-6.451	5.554	157
C	13.171	-5.021	5.124	157
N	13.179	-4.075	6.071	158
CA	13.613	-2.699	5.839	158
C	15.145	-2.627	5.779	158
N	15.698	-3.093	4.665	159
CA	17.131	-3.206	4.418	159
C	17.447	-2.836	2.948	159
N	18.668	-3.137	2.482	160
CA	19.102	-3.007	1.074	160
C	18.753	-1.643	0.438	160
N	18.254	-1.625	-0.807	161
CA	18.002	-0.394	-1.577	161
C	16.844	0.406	-0.997	161
N	15.859	-0.252	-0.38	162
CA	14.766	0.439	0.304	162
C	15.283	1.311	1.459	162
N	16.111	0.759	2.354	163
CA	16.699	1.516	3.473	163
C	17.61	2.642	2.98	163
N	18.502	2.357	2.026	164
CA	19.388	3.364	1.417	164
C	18.602	4.547	0.826	164
N	17.484	4.264	0.147	165
CA	16.583	5.273	-0.42	165
C	15.95	6.144	0.668	165
N	15.506	5.549	1.774	166
CA	14.955	6.288	2.911	166
C	16.009	7.187	3.552	166
N	17.195	6.661	3.834	167
CA	18.295	7.429	4.425	167
C	18.726	8.597	3.529	167
N	18.791	8.386	2.212	168
CA	19.226	9.42	1.28	168
C	18.175	10.515	1.019	168
N	16.874	10.21	1.125	169
CA	15.813	11.047	0.526	169
C	14.593	11.282	1.427	169
N	14.471	10.538	2.523	170
CA	13.436	10.649	3.552	170
C	14.08	10.535	4.944	170
N	15.221	11.197	5.173	171
CA	16.018	11.085	6.408	171
C	15.24	11.427	7.691	171
N	14.128	12.15	7.565	172
CA	13.208	12.477	8.648	172
C	12.315	11.299	9.079	172
N	12.412	10.122	8.443	173
CA	11.619	8.942	8.816	173
C	11.86	8.458	10.247	173
N	13.062	8.664	10.787	174
CA	13.367	8.394	12.194	174
C	12.584	9.292	13.166	174
N	12.094	10.441	12.688	175
CA	11.276	11.385	13.45	175
C	9.775	11.135	13.252	175
N	9.399	10.119	12.469	176
CA	8.0	9.785	12.257	176
C	7.364	9.335	13.571	176
N	6.229	9.95	13.887	177
CA	5.518	9.755	15.145	177
C	4.365	8.771	14.974	177
N	3.91	8.205	16.085	178
CA	2.752	7.322	16.116	178
C	3.159	5.861	16.018	178
N	2.291	5.048	15.426	179
CA	2.364	3.595	15.539	179
C	3.009	2.951	14.303	179
N	4.13	3.506	13.831	180
CA	4.923	2.915	12.748	180
C	6.262	2.403	13.285	180
N	6.663	1.201	12.883	181
CA	7.967	0.613	13.202	181
C	8.66	0.09	11.943	181
N	9.992	0.084	11.964	182
CA	10.84	-0.431	10.892	182
C	11.775	-1.486	11.474	182
N	11.93	-2.608	10.781	183
CA	12.825	-3.695	11.18	183
C	13.482	-4.311	9.953	183
N	14.744	-4.686	10.103	184
CA	15.527	-5.42	9.116	184
C	15.123	-6.897	9.012	184
N	14.529	-7.464	10.073	185
CA	13.997	-8.833	10.114	185
C	12.895	-9.029	9.08	185
N	12.953	-10.154	8.381	186
CA	11.931	-10.566	7.423	186
C	10.676	-11.115	8.1	186
N	9.566	-11.145	7.355	187
CA	8.344	-11.828	7.791	187
C	8.605	-13.315	8.097	187
N	9.461	-13.965	7.306	188
CA	9.865	-15.363	7.501	188
C	10.551	-15.562	8.85	188
N	11.461	-14.667	9.242	189
CA	12.127	-14.706	10.554	189
C	11.157	-14.487	11.718	189
N	10.145	-13.633	11.543	190
CA	9.102	-13.439	12.553	190
C	8.241	-14.687	12.742	190
N	7.928	-15.411	11.67	191
CA	7.055	-16.591	11.742	191
C	7.818	-17.844	12.171	191
N	9.013	-18.061	11.623	192
CA	9.772	-19.31	11.815	192
C	10.803	-19.23	12.938	192
N	11.218	-18.021	13.331	193
CA	12.346	-17.802	14.241	193
C	13.716	-18.12	13.634	193
N	13.767	-18.685	12.424	194
CA	15.009	-19.005	11.743	194
C	15.583	-17.739	11.088	194
N	16.875	-17.418	11.291	195
CA	17.522	-16.331	10.566	195
C	17.51	-16.624	9.06	195
N	17.356	-15.586	8.234	196
CA	17.44	-15.728	6.781	196
C	18.797	-16.349	6.389	196
N	18.774	-17.494	5.693	197
CA	19.965	-18.266	5.278	197
C	20.906	-17.522	4.307	197
N	20.552	-16.317	3.864	198
CA	21.286	-15.546	2.854	198
C	22.24	-14.491	3.433	198
N	22.465	-14.454	4.75	199
CA	23.606	-13.739	5.343	199
C	24.926	-14.492	5.093	199
N	25.287	-14.645	3.813	200
CA	26.619	-15.06	3.343	200
C	27.444	-13.873	2.841	200
N	27.219	-12.691	3.4	201
CA	28.201	-11.621	3.295	201
C	29.265	-11.847	4.374	201
N	30.398	-12.382	3.911	202
CA	31.665	-12.421	4.622	202
C	32.089	-10.984	4.949	202
N	31.717	-10.471	6.115	203
CA	32.502	-9.416	6.739	203
C	32.75	-9.784	8.197	203
N	34.028	-10.008	8.489	204
CA	34.488	-10.392	9.806	204
C	34.223	-9.271	10.799	204
N	33.93	-9.672	12.034	205
CA	33.865	-8.824	13.22	205
C	32.551	-8.052	13.434	205
N	31.615	-8.671	14.157	206
CA	31.09	-8.059	15.384	206
C	30.324	-9.09	16.21	206
N	30.623	-9.133	17.508	207
CA	29.884	-9.863	18.532	207
C	28.403	-9.448	18.517	207
N	27.573	-10.165	17.763	208
CA	26.126	-10.078	17.908	208
C	25.747	-10.854	19.161	208
N	25.454	-10.122	20.234	209
CA	24.716	-10.655	21.367	209
C	23.401	-11.232	20.83	209
N	23.346	-12.556	20.685	210
CA	22.127	-13.326	20.44	210
C	21.171	-13.071	21.593	210
N	20.323	-12.062	21.435	211
CA	19.128	-11.921	22.25	211
C	18.209	-13.069	21.849	211
N	18.299	-14.177	22.587	212
CA	17.368	-15.305	22.525	212
C	15.99	-14.892	23.082	212
N	15.404	-13.805	22.574	213
CA	13.975	-13.545	22.724	213
C	13.296	-14.203	21.537	213
N	12.68	-15.347	21.812	214
CA	11.803	-16.114	20.925	214
C	10.536	-15.314	20.605	214
N	10.691	-14.142	19.989	215
CA	9.6	-13.28	19.529	215
C	9.084	-13.788	18.177	215
N	8.735	-15.073	18.118	216
CA	8.034	-15.635	16.966	216
C	6.551	-15.312	17.077	216
N	5.937	-14.879	15.981	217
CA	4.498	-14.61	15.914	217
C	3.751	-15.868	15.463	217
N	2.639	-16.191	16.128	218
CA	1.767	-17.287	15.706	218
C	1.046	-16.913	14.399	218
N	0.97	-17.848	13.453	219
CA	0.302	-17.667	12.158	219
C	-1.224	-17.686	12.243	219
N	-1.809	-18.134	13.362	220
CA	-3.262	-18.31	13.528	220
C	-4.088	-17.045	13.222	220
N	-3.558	-15.877	13.603	221
CA	-4.182	-14.558	13.462	221
C	-3.492	-13.699	12.385	221
N	-2.668	-14.313	11.527	222
CA	-2.048	-13.647	10.384	222
C	-2.866	-13.888	9.12	222
N	-3.125	-12.814	8.375	223
CA	-3.798	-12.884	7.074	223
C	-3.002	-12.092	6.047	223
N	-2.45	-12.771	5.046	224
CA	-1.784	-12.124	3.922	224
C	-2.816	-11.679	2.886	224
N	-2.93	-10.364	2.704	225
CA	-3.81	-9.754	1.721	225
C	-3.176	-9.83	0.328	225
N	-3.745	-10.652	-0.55	226
CA	-3.259	-10.859	-1.921	226
C	-4.416	-10.973	-2.904	226
N	-4.226	-10.503	-4.138	227
CA	-5.223	-10.637	-5.202	227
C	-5.237	-12.039	-5.847	227
N	-4.243	-12.879	-5.546	228
CA	-4.048	-14.21	-6.136	228
C	-4.814	-15.328	-5.39	228
N	-5.913	-14.995	-4.708	229
CA	-6.809	-15.958	-4.046	229
C	-8.273	-15.623	-4.333	229
N	-9.145	-16.628	-4.276	230
CA	-10.601	-16.453	-4.353	230
C	-11.256	-16.233	-2.985	230
N	-10.517	-16.471	-1.902	231
CA	-10.976	-16.226	-0.536	231
C	-11.091	-14.72	-0.289	231
N	-12.307	-14.207	-0.129	232
CA	-12.538	-12.784	0.124	232
C	-12.573	-12.474	1.616	232
N	-11.849	-11.429	2.022	233
CA	-11.98	-10.894	3.372	233
C	-13.322	-10.176	3.514	233
N	-14.083	-10.532	4.544	234
CA	-15.392	-9.929	4.825	234
C	-15.3	-8.873	5.917	234
N	-14.5	-9.113	6.96	235
CA	-14.286	-8.197	8.086	235
C	-12.83	-8.208	8.537	235
N	-12.4	-7.116	9.172	236
CA	-11.141	-7.077	9.91	236
C	-11.405	-7.49	11.362	236
N	-10.978	-8.698	11.712	237
CA	-11.168	-9.296	13.033	237
C	-10.206	-8.722	14.091	237
N	-10.648	-8.527	15.35	238
CA	-9.777	-8.173	16.473	238
C	-8.587	-9.125	16.645	238
N	-7.484	-8.624	17.207	239
CA	-6.238	-9.371	17.443	239
C	-5.588	-9.983	16.188	239
N	-6.008	-9.572	14.989	240
CA	-5.405	-10.02	13.739	240
C	-4.356	-9.046	13.221	240
N	-3.346	-9.606	12.565	241
CA	-2.357	-8.837	11.816	241
C	-2.511	-9.123	10.332	241
N	-2.766	-8.069	9.564	242
CA	-2.93	-8.149	8.118	242
C	-1.61	-7.828	7.433	242
N	-1.175	-8.677	6.514	243
CA	0.084	-8.492	5.795	243
C	-0.221	-7.967	4.396	243
N	0.493	-6.924	3.985	244
CA	0.425	-6.336	2.651	244
C	1.791	-6.508	1.993	244
N	1.809	-6.994	0.752	245
CA	3.031	-7.041	-0.044	245
C	3.591	-5.637	-0.288	245
N	4.805	-5.39	0.189	246
CA	5.598	-4.202	-0.094	246
C	6.359	-4.354	-1.406	246
N	5.645	-4.535	-2.521	247
CA	6.245	-4.749	-3.843	247
C	5.611	-3.86	-4.915	247
N	6.448	-3.355	-5.824	248
CA	6.017	-2.648	-7.032	248
C	6.608	-3.335	-8.248	248
N	5.815	-4.171	-8.899	249
CA	6.294	-4.986	-10.014	249
C	5.379	-4.929	-11.243	249
N	4.282	-4.168	-11.179	250
CA	3.244	-4.145	-12.224	250
C	2.662	-5.542	-12.504	250
N	2.604	-6.402	-11.487	251
CA	2.131	-7.78	-11.565	251
C	2.947	-8.657	-12.536	251
N	4.274	-8.491	-12.537	252
CA	5.208	-9.381	-13.243	252
C	5.35	-10.716	-12.515	252
N	5.322	-10.701	-11.185	253
CA	5.5	-11.863	-10.32	253
C	4.146	-12.307	-9.759	253
N	3.387	-13.049	-10.572	254
CA	2.096	-13.615	-10.15	254
C	2.284	-14.584	-8.984	254
N	1.309	-14.635	-8.078	255
CA	1.282	-15.536	-6.921	255
C	2.44	-15.345	-5.931	255
N	3.273	-14.306	-6.06	256
CA	4.447	-14.114	-5.201	256
C	4.077	-14.07	-3.71	256
N	3.176	-13.158	-3.343	257
CA	2.697	-13.017	-1.97	257
C	1.864	-14.226	-1.518	257
N	1.098	-14.832	-2.433	258
CA	0.298	-16.024	-2.141	258
C	1.186	-17.219	-1.781	258
N	2.207	-17.49	-2.594	259
CA	3.141	-18.591	-2.391	259
C	3.925	-18.406	-1.093	259
N	4.435	-17.192	-0.831	260
CA	5.11	-16.877	0.436	260
C	4.195	-17.113	1.64	260
N	2.933	-16.688	1.564	261
CA	1.97	-16.932	2.633	261
C	1.703	-18.431	2.848	261
N	1.536	-19.211	1.77	262
CA	1.325	-20.665	1.851	262
C	2.529	-21.4	2.436	262
N	3.743	-21.032	2.036	263
CA	4.987	-21.594	2.576	263
C	5.117	-21.348	4.086	263
N	4.732	-20.155	4.547	264
CA	4.759	-19.781	5.963	264
C	3.537	-20.264	6.764	264
N	2.574	-20.96	6.15	265
CA	1.346	-21.389	6.832	265
C	0.427	-20.234	7.26	265
N	0.477	-19.104	6.552	266
CA	-0.336	-17.907	6.799	266
C	-1.633	-17.987	5.979	266
N	-2.769	-17.604	6.579	267
CA	-4.055	-17.511	5.865	267
C	-3.972	-16.443	4.776	267
N	-4.685	-16.628	3.672	268
CA	-4.687	-15.673	2.556	268
C	-6.091	-15.153	2.33	268
N	-6.224	-13.875	2.004	269
CA	-7.503	-13.324	1.578	269
C	-7.292	-12.201	0.561	269
N	-8.241	-12.003	-0.348	270
CA	-8.303	-10.841	-1.234	270
C	-9.316	-9.832	-0.715	270
N	-9.113	-8.562	-1.051	271
CA	-10.116	-7.523	-0.821	271
C	-11.376	-7.802	-1.669	271
N	-12.601	-7.581	-1.15	272
CA	-13.856	-7.877	-1.852	272
C	-14.199	-6.825	-2.928	272
N	-13.224	-6.434	-3.753	273
CA	-13.327	-5.326	-4.717	273
C	-14.439	-5.571	-5.745	273
N	-14.493	-6.782	-6.311	274
CA	-15.403	-7.116	-7.411	274
C	-16.886	-7.075	-7.036	274
N	-17.22	-7.174	-5.741	275
CA	-18.604	-7.085	-5.246	275
C	-19.178	-5.672	-5.315	275
N	-18.322	-4.659	-5.2	276
CA	-18.751	-3.27	-5.023	276
C	-18.346	-2.37	-6.191	276
N	-17.25	-2.691	-6.889	277
CA	-16.714	-1.856	-7.967	277
C	-16.41	-2.687	-9.211	277
N	-17.077	-2.339	-10.312	278
CA	-16.651	-2.721	-11.658	278
C	-15.383	-1.947	-12.045	278
N	-14.22	-2.564	-11.829	279
CA	-12.942	-2.014	-12.274	279
C	-12.681	-2.32	-13.747	279
N	-12.287	-1.302	-14.515	280
CA	-11.721	-1.523	-15.842	280
C	-10.247	-1.963	-15.692	280
N	-9.968	-3.265	-15.806	281
CA	-8.611	-3.829	-15.791	281
C	-8.245	-4.619	-14.528	281
N	-6.967	-4.564	-14.121	282
CA	-6.414	-5.432	-13.061	282
C	-6.921	-5.029	-11.669	282
N	-7.333	-6.018	-10.874	283
CA	-7.746	-5.866	-9.468	283
C	-6.578	-5.726	-8.471	283
N	-5.33	-5.707	-8.95	284
CA	-4.149	-5.512	-8.098	284
C	-4.043	-4.038	-7.698	284
N	-4.123	-3.774	-6.396	285
CA	-3.929	-2.451	-5.81	285
C	-2.478	-2.257	-5.367	285
N	-2.06	-0.995	-5.294	286
CA	-0.749	-0.621	-4.749	286
C	-0.792	-0.672	-3.22	286
N	0.342	-0.951	-2.572	287
CA	0.481	-1.112	-1.113	287
C	-0.21	0.01	-0.334	287
N	-0.032	1.264	-0.765	288
CA	-0.631	2.424	-0.095	288
C	-2.154	2.456	-0.143	288
N	-2.764	2.071	-1.269	289
CA	-4.223	2.023	-1.367	289
C	-4.797	0.882	-0.533	289
N	-4.107	-0.262	-0.444	290
CA	-4.554	-1.366	0.419	290
C	-4.59	-0.896	1.868	290
N	-3.514	-0.281	2.366	291
CA	-3.491	0.234	3.736	291
C	-4.552	1.322	3.977	291
N	-4.688	2.283	3.057	292
CA	-5.705	3.335	3.16	292
C	-7.131	2.761	3.17	292
N	-7.394	1.69	2.412	293
CA	-8.671	0.974	2.457	293
C	-8.938	0.356	3.825	293
N	-7.926	-0.21	4.49	294
CA	-8.088	-0.725	5.853	294
C	-8.436	0.407	6.829	294
N	-7.789	1.574	6.708	295
CA	-8.159	2.759	7.489	295
C	-9.617	3.167	7.234	295
N	-10.013	3.29	5.959	296
CA	-11.379	3.683	5.596	296
C	-12.416	2.63	5.967	296
N	-12.072	1.351	6.018	297
CA	-12.98	0.315	6.503	297
C	-13.392	0.57	7.96	297
N	-12.43	0.861	8.845	298
CA	-12.729	1.217	10.239	298
C	-13.487	2.547	10.364	298
N	-13.127	3.559	9.571	299
CA	-13.797	4.872	9.589	299
C	-15.228	4.869	9.034	299
N	-15.671	3.769	8.424	300
CA	-17.02	3.619	7.875	300
C	-17.713	2.376	8.447	300
N	-17.473	2.08	9.729	301
CA	-18.171	1.037	10.496	301
C	-18.158	-0.354	9.834	301
N	-17.081	-0.651	9.11	302
CA	-16.88	-1.919	8.429	302
C	-17.522	-2.039	7.045	302
N	-17.973	-0.932	6.45	303
CA	-18.491	-0.918	5.085	303
C	-17.372	-0.812	4.034	303
N	-17.147	-1.92	3.328	304
CA	-16.206	-1.982	2.216	304
C	-16.607	-1.081	1.046	304
N	-17.895	-0.952	0.711	305
CA	-18.335	-0.171	-0.454	305
C	-17.956	1.305	-0.296	305
N	-18.294	1.898	0.85	306
CA	-17.923	3.28	1.168	306
C	-16.409	3.455	1.257	306
N	-15.688	2.507	1.868	307
CA	-14.229	2.561	1.933	307
C	-13.603	2.576	0.53	307
N	-14.082	1.707	-0.358	308
CA	-13.629	1.647	-1.735	308
C	-13.922	2.932	-2.516	308
N	-15.121	3.5	-2.381	309
CA	-15.503	4.758	-3.031	309
C	-14.673	5.963	-2.548	309
N	-14.186	5.939	-1.299	310
CA	-13.322	6.993	-0.739	310
C	-11.868	6.902	-1.214	310
N	-11.319	5.693	-1.367	311
CA	-9.889	5.496	-1.694	311
C	-9.638	5.375	-3.194	311
N	-10.516	4.684	-3.921	312
CA	-10.266	4.375	-5.322	312
C	-10.67	5.553	-6.216	312
N	-9.814	5.957	-7.172	313
CA	-10.112	7.095	-8.028	313
C	-11.352	6.822	-8.9	313
N	-12.178	7.845	-9.212	314
CA	-13.424	7.683	-9.974	314
C	-13.262	6.947	-11.308	314
N	-12.093	7.059	-11.96	315
CA	-11.8	6.353	-13.224	315
C	-11.831	4.825	-13.111	315
N	-11.719	4.277	-11.9	316
CA	-11.8	2.836	-11.64	316
C	-13.217	2.368	-11.31	316
N	-14.181	3.275	-11.169	317
CA	-15.563	2.969	-10.808	317
C	-16.405	3.198	-12.063	317
N	-16.913	2.14	-12.705	318
CA	-18.002	2.339	-13.672	318
C	-19.229	2.836	-12.908	318
N	-19.866	3.898	-13.398	319
CA	-21.248	4.188	-13.019	319
C	-22.09	2.98	-13.422	319
N	-22.832	2.371	-12.485	320
CA	-23.884	1.404	-12.834	320
C	-24.712	2.035	-13.954	320
N	-24.723	1.426	-15.137	321
CA	-25.7	1.801	-16.154	321
C	-27.083	1.584	-15.535	321
N	-28.009	2.559	-15.609	322
CA	-29.36	2.344	-15.111	322
C	-29.919	1.093	-15.797	322
N	-30.415	0.158	-14.981	323
CA	-31.043	-1.085	-15.445	323
C	-32.295	-0.814	-16.26	323
