ATOM	X	Y	Z	RESIDUE
N	10.293	5.277	9.098	1
CA	9.73	4.092	9.851	1
C	9.296	2.951	8.974	1
N	9.781	1.769	9.29	2
CA	9.478	0.592	8.464	2
C	8.91	-0.472	9.373	2
N	8.037	-0.076	10.19	3
CA	7.41	-1.06	11.097	3
C	6.442	-1.891	10.389	3
N	6.244	-3.081	10.88	4
CA	5.178	-4.008	10.345	4
C	4.932	-5.127	11.315	4
N	4.64	-6.289	10.751	5
CA	4.294	-7.45	11.555	5
C	5.152	-8.665	11.402	5
N	6.205	-8.498	10.688	6
CA	7.147	-9.599	10.384	6
C	8.13	-9.903	11.513	6
N	9.006	-10.95	11.371	7
CA	10.077	-11.236	12.379	7
C	11.052	-10.073	12.512	7
N	11.283	-9.346	11.42	8
CA	12.268	-8.336	11.533	8
C	11.792	-6.989	11.843	8
N	10.487	-6.728	11.778	9
CA	10.009	-5.381	11.938	9
C	8.669	-5.351	12.794	9
N	8.373	-6.464	13.432	10
CA	7.106	-6.637	14.162	10
C	7.147	-6.076	15.577	10
N	6.118	-6.381	16.335	11
CA	5.934	-5.815	17.624	11
C	7.059	-5.864	18.591	11
N	7.865	-6.92	18.576	12
CA	9.043	-6.953	19.47	12
C	10.116	-5.953	19.135	12
N	10.065	-5.344	17.939	13
CA	11.059	-4.344	17.548	13
C	10.603	-2.919	17.725	13
N	9.277	-2.735	17.912	14
CA	8.75	-1.382	17.867	14
C	9.354	-0.411	18.823	14
N	9.728	-0.92	20.003	15
CA	10.224	-0.088	21.014	15
C	11.478	0.752	20.683	15
N	12.222	0.256	19.726	16
CA	13.473	0.997	19.431	16
C	13.168	2.319	18.751	16
N	12.223	2.382	17.803	17
CA	11.768	3.704	17.305	17
C	10.708	4.401	18.125	17
N	9.966	3.612	18.922	18
CA	8.846	4.144	19.632	18
C	8.878	3.669	21.066	18
N	9.703	4.294	21.915	19
CA	9.939	3.789	23.249	19
C	8.7	3.662	24.161	19
N	7.644	4.391	23.818	20
CA	6.333	4.295	24.543	20
C	5.746	2.893	24.378	20
N	6.3	2.094	23.464	21
CA	5.914	0.747	23.35	21
C	5.963	-0.005	24.686	21
N	6.896	0.368	25.57	22
CA	7.03	-0.195	26.923	22
C	6.427	0.686	27.985	22
N	5.411	1.485	27.686	23
CA	4.859	2.456	28.616	23
C	3.857	1.814	29.573	23
N	3.189	2.693	30.282	24
CA	2.329	2.282	31.344	24
C	0.911	2.077	30.997	24
N	0.519	2.401	29.779	25
CA	-0.906	2.213	29.407	25
C	-0.974	1.725	27.954	25
N	-0.252	0.641	27.643	26
CA	-0.257	0.108	26.292	26
C	-1.429	-0.835	26.083	26
N	-1.772	-0.936	24.786	27
CA	-2.831	-1.804	24.341	27
C	-2.347	-2.652	23.188	27
N	-2.999	-3.761	22.901	28
CA	-4.143	-4.32	23.63	28
C	-3.751	-4.962	24.961	28
N	-4.726	-5.553	25.639	29
CA	-4.554	-6.243	26.884	29
C	-5.463	-7.483	26.852	29
N	-5.095	-8.45	27.715	30
CA	-6.028	-9.52	28.048	30
C	-7.094	-8.999	28.976	30
N	-8.339	-9.344	28.691	31
CA	-9.485	-8.984	29.562	31
C	-9.792	-10.226	30.372	31
N	-9.45	-10.158	31.645	32
CA	-9.768	-11.261	32.552	32
C	-11.185	-11.019	33.096	32
N	-12.129	-11.874	32.681	33
CA	-13.553	-11.592	32.968	33
C	-13.873	-11.759	34.429	33
N	-12.987	-12.447	35.161	34
CA	-13.215	-12.621	36.588	34
C	-12.626	-11.56	37.473	34
N	-11.798	-10.708	36.912	35
CA	-11.182	-9.622	37.585	35
C	-11.836	-8.254	37.215	35
N	-12.427	-8.161	36.045	36
CA	-13.085	-6.925	35.626	36
C	-14.262	-6.687	36.523	36
N	-14.458	-5.482	36.938	37
CA	-15.543	-5.212	37.88	37
C	-16.657	-4.426	37.265	37
N	-17.877	-4.854	37.565	38
CA	-19.041	-4.119	37.146	38
C	-18.983	-2.745	37.8	38
N	-19.225	-1.722	37.05	39
CA	-19.181	-0.352	37.486	39
C	-20.58	0.251	37.256	39
N	-21.403	0.264	38.303	40
CA	-22.771	0.758	38.161	40
C	-22.876	2.158	37.771	40
N	-21.85	2.961	37.908	41
CA	-21.988	4.365	37.5	41
C	-21.627	4.653	35.996	41
N	-21.173	3.666	35.296	42
CA	-20.981	3.88	33.819	42
C	-22.363	4.357	33.273	42
N	-22.41	5.466	32.529	43
CA	-23.672	5.969	31.896	43
C	-23.964	5.06	30.713	43
N	-25.184	5.076	30.227	44
CA	-25.459	4.154	29.041	44
C	-24.56	4.525	27.716	44
N	-24.148	3.565	26.943	45
CA	-23.385	3.856	25.679	45
C	-24.309	4.306	24.551	45
N	-23.93	5.334	23.83	46
CA	-24.706	5.909	22.759	46
C	-23.94	5.878	21.465	46
N	-24.324	5.048	20.554	47
CA	-23.747	4.883	19.211	47
C	-24.725	5.544	18.234	47
N	-24.384	6.673	17.674	48
CA	-25.312	7.448	16.853	48
C	-24.722	7.567	15.459	48
N	-24.948	6.517	14.648	49
CA	-24.386	6.354	13.346	49
C	-25.369	6.618	12.167	49
N	-26.59	7.089	12.475	50
CA	-27.598	7.314	11.427	50
C	-27.134	8.269	10.325	50
N	-26.343	9.303	10.614	51
CA	-25.913	10.233	9.568	51
C	-24.47	10.013	9.05	51
N	-23.93	8.836	9.332	52
CA	-22.541	8.559	8.912	52
C	-22.385	8.763	7.422	52
N	-21.256	9.324	7.037	53
CA	-20.91	9.482	5.635	53
C	-19.561	8.832	5.367	53
N	-19.572	7.632	4.84	54
CA	-18.33	6.94	4.483	54
C	-17.852	7.584	3.168	54
N	-16.563	7.616	2.952	55
CA	-16.001	8.218	1.736	55
C	-15.161	7.262	0.921	55
N	-14.243	6.5	1.55	56
CA	-13.154	5.892	0.825	56
C	-12.678	4.703	1.618	56
N	-12.069	3.737	0.949	57
CA	-11.413	2.615	1.582	57
C	-9.974	2.641	1.051	57
N	-9.007	2.43	1.983	58
CA	-7.588	2.629	1.678	58
C	-6.826	1.387	2.226	58
N	-6.013	0.76	1.402	59
CA	-5.005	-0.218	1.95	59
C	-3.781	0.603	2.297	59
N	-3.449	0.719	3.564	60
CA	-2.292	1.538	3.994	60
C	-1.024	0.686	4.273	60
N	-0.989	-0.58	3.868	61
CA	0.121	-1.436	4.118	61
C	0.103	-2.153	5.459	61
N	-0.831	-1.793	6.321	62
CA	-0.978	-2.352	7.665	62
C	-2.351	-3.01	7.87	62
N	-3.351	-2.406	7.315	63
CA	-4.74	-2.862	7.345	63
C	-5.465	-2.145	6.198	63
N	-6.782	-2.287	6.118	64
CA	-7.575	-1.396	5.271	64
C	-8.481	-0.559	6.11	64
N	-8.515	0.726	5.799	65
CA	-9.29	1.685	6.545	65
C	-10.499	2.139	5.705	65
N	-11.698	2.06	6.311	66
CA	-12.924	2.747	5.782	66
C	-12.993	4.089	6.455	66
N	-12.857	5.117	5.642	67
CA	-12.736	6.472	6.164	67
C	-14.067	7.189	6.065	67
N	-14.342	8.102	7.009	68
CA	-15.629	8.825	7.051	68
C	-15.323	10.338	6.978	68
N	-16.372	11.051	6.619	69
CA	-16.392	12.531	6.772	69
C	-16.606	12.879	8.171	69
N	-15.576	13.419	8.787	70
CA	-15.595	13.83	10.18	70
C	-15.487	15.372	10.327	70
N	-15.915	16.076	9.293	71
CA	-15.947	17.55	9.333	71
C	-17.123	18.151	10.124	71
N	-18.036	17.304	10.563	72
CA	-19.217	17.64	11.407	72
C	-19.586	16.439	12.219	72
N	-20.468	16.632	13.206	73
CA	-20.941	15.549	14.09	73
C	-21.942	14.601	13.417	73
N	-21.509	13.872	12.489	74
CA	-22.405	12.985	11.703	74
C	-22.581	11.583	12.271	74
N	-21.546	11.05	12.775	75
CA	-21.5	9.72	13.345	75
C	-20.674	9.803	14.598	75
N	-21.279	9.689	15.752	76
CA	-20.638	9.941	16.992	76
C	-20.882	8.832	18.03	76
N	-19.937	8.723	18.973	77
CA	-20.013	7.907	20.141	77
C	-20.027	8.837	21.337	77
N	-20.91	8.568	22.257	78
CA	-21.082	9.284	23.507	78
C	-21.483	8.339	24.597	78
N	-21.465	8.796	25.846	79
CA	-21.887	8.017	26.996	79
C	-20.928	6.946	27.338	79
N	-21.411	5.957	28.084	80
CA	-20.528	4.973	28.65	80
C	-19.514	5.667	29.556	80
N	-18.197	5.403	29.384	81
CA	-17.182	6.092	30.21	81
C	-16.833	7.469	29.739	81
N	-17.382	7.887	28.586	82
CA	-16.926	9.056	27.884	82
C	-17.586	10.365	28.408	82
N	-16.784	11.404	28.457	83
CA	-17.223	12.785	28.649	83
C	-17.155	13.438	27.271	83
N	-18.281	13.997	26.852	84
CA	-18.377	14.646	25.625	84
C	-18.591	13.724	24.418	84
N	-18.277	14.269	23.257	85
CA	-18.638	13.8	21.972	85
C	-17.42	13.378	21.159	85
N	-17.428	12.137	20.663	86
CA	-16.369	11.565	19.888	86
C	-16.83	11.259	18.496	86
N	-16.144	11.753	17.522	87
CA	-16.511	11.642	16.118	87
C	-15.858	10.467	15.392	87
N	-16.633	9.662	14.67	88
CA	-16.099	8.587	13.902	88
C	-15.224	9.147	12.796	88
N	-13.989	8.662	12.696	89
CA	-13.059	8.976	11.593	89
C	-12.753	7.826	10.655	89
N	-12.631	6.596	11.189	90
CA	-12.352	5.511	10.33	90
C	-12.635	4.235	11.119	90
N	-12.832	3.11	10.406	91
CA	-12.778	1.792	10.996	91
C	-11.814	0.917	10.192	91
N	-11.304	-0.132	10.902	92
CA	-10.43	-1.115	10.241	92
C	-10.486	-2.369	11.057	92
N	-9.825	-3.403	10.611	93
CA	-9.721	-4.639	11.279	93
C	-8.278	-5.112	11.492	93
N	-8.119	-6.065	12.429	94
CA	-6.946	-6.862	12.584	94
C	-7.367	-8.309	12.493	94
N	-6.564	-9.169	11.841	95
CA	-6.982	-10.529	11.601	95
C	-5.797	-11.45	11.523	95
N	-6.127	-12.732	11.488	96
CA	-5.142	-13.78	11.536	96
C	-4.873	-14.481	10.229	96
N	-3.85	-15.343	10.261	97
CA	-3.661	-16.341	9.154	97
C	-4.543	-17.558	9.264	97
N	-5.076	-17.814	10.451	98
CA	-5.928	-18.937	10.772	98
C	-7.025	-18.413	11.679	98
N	-8.127	-19.134	11.785	99
CA	-9.269	-18.64	12.545	99
C	-9.021	-18.582	14.046	99
N	-8.015	-19.301	14.542	100
CA	-7.68	-19.287	15.977	100
C	-6.832	-18.123	16.498	100
N	-6.61	-17.128	15.628	101
CA	-5.892	-15.967	16.065	101
C	-6.227	-14.806	15.144	101
N	-5.874	-13.584	15.6	102
CA	-6.214	-12.371	14.818	102
C	-6.572	-11.248	15.662	102
N	-7.319	-11.491	16.766	103
CA	-7.702	-10.335	17.584	103
C	-6.521	-9.802	18.374	103
N	-6.641	-8.542	18.735	104
CA	-5.595	-7.831	19.555	104
C	-5.902	-8.003	21.012	104
N	-7.103	-7.576	21.457	105
CA	-7.595	-7.921	22.783	105
C	-7.887	-9.403	22.815	105
N	-7.778	-9.975	24.011	106
CA	-8.129	-11.362	24.29	106
C	-9.116	-11.385	25.471	106
N	-9.866	-12.446	25.577	107
CA	-10.86	-12.636	26.645	107
C	-10.477	-13.883	27.371	107
N	-10.058	-13.751	28.631	108
CA	-9.56	-14.91	29.329	108
C	-8.574	-15.738	28.44	108
N	-7.64	-15.021	27.809	109
CA	-6.623	-15.477	26.922	109
C	-7.139	-16.024	25.599	109
N	-8.446	-16.057	25.357	110
CA	-9.033	-16.469	24.094	110
C	-8.712	-15.399	23.025	110
N	-8.213	-15.846	21.912	111
CA	-8.07	-15.044	20.665	111
C	-9.189	-15.314	19.723	111
N	-9.781	-14.275	19.203	112
CA	-10.815	-14.345	18.147	112
C	-10.137	-14.271	16.783	112
N	-10.918	-14.549	15.775	113
CA	-10.418	-14.548	14.407	113
C	-9.99	-13.184	13.919	113
N	-10.679	-12.199	14.391	114
CA	-10.389	-10.824	13.995	114
C	-10.979	-9.885	15.045	114
N	-10.671	-8.597	14.853	115
CA	-11.161	-7.505	15.746	115
C	-11.291	-6.236	14.892	115
N	-12.474	-5.681	14.999	116
CA	-12.908	-4.403	14.363	116
C	-12.693	-3.286	15.328	116
N	-12.047	-2.214	14.839	117
CA	-11.807	-0.987	15.546	117
C	-12.455	0.203	14.844	117
N	-13.483	0.748	15.51	118
CA	-14.158	1.956	15.061	118
C	-13.508	3.132	15.889	118
N	-12.741	3.95	15.165	119
CA	-11.908	4.987	15.805	119
C	-12.64	6.317	15.794	119
N	-12.718	6.898	17.021	120
CA	-13.411	8.205	17.146	120
C	-12.487	9.197	17.908	120
N	-12.621	10.468	17.58	121
CA	-11.852	11.468	18.317	121
C	-12.695	12.5	19.017	121
N	-12.163	12.974	20.165	122
CA	-12.87	13.907	21.058	122
C	-12.948	15.291	20.441	122
N	-14.174	15.748	20.148	123
CA	-14.375	16.986	19.443	123
C	-13.88	18.252	20.161	123
N	-13.685	18.09	21.502	124
CA	-13.147	19.237	22.168	124
C	-11.697	19.563	21.788	124
N	-10.985	18.694	21.132	125
CA	-9.644	18.949	20.632	125
C	-9.581	19.377	19.167	125
N	-10.731	19.48	18.494	126
CA	-10.765	20.165	17.215	126
C	-10.375	19.362	15.98	126
N	-9.273	18.582	16.096	127
CA	-8.917	17.695	14.977	127
C	-8.245	16.411	15.523	127
N	-8.159	15.395	14.699	128
CA	-7.556	14.161	15.135	128
C	-6.112	14.226	15.561	128
N	-5.325	15.048	14.837	129
CA	-3.941	15.182	15.15	129
C	-3.719	15.774	16.56	129
N	-4.567	16.754	16.979	130
CA	-4.478	17.264	18.297	130
C	-4.959	16.25	19.333	130
N	-6.025	15.541	18.986	131
CA	-6.636	14.622	19.933	131
C	-5.688	13.522	20.313	131
N	-4.861	13.009	19.366	132
CA	-3.979	11.87	19.741	132
C	-2.848	12.332	20.7	132
N	-2.704	13.65	20.938	133
CA	-1.72	14.111	21.923	133
C	-2.297	14.23	23.319	133
N	-3.595	13.815	23.525	134
CA	-4.233	13.974	24.789	134
C	-4.644	12.63	25.389	134
N	-4.671	12.482	26.74	135
CA	-4.966	11.203	27.325	135
C	-6.397	10.73	27.11	135
N	-7.268	11.668	26.837	136
CA	-8.671	11.382	26.549	136
C	-9.058	11.788	25.134	136
N	-8.08	11.668	24.208	137
CA	-8.316	12.155	22.875	137
C	-9.189	11.282	21.979	137
N	-8.973	9.955	22.142	138
CA	-9.701	8.993	21.315	138
C	-10.557	8.032	22.063	138
N	-11.617	7.511	21.376	139
CA	-12.413	6.376	21.909	139
C	-12.45	5.388	20.77	139
N	-11.918	4.164	21.041	140
CA	-11.914	3.111	20.071	140
C	-12.941	2.033	20.503	140
N	-13.954	1.802	19.669	141
CA	-14.915	0.747	19.904	141
C	-14.39	-0.475	19.272	141
N	-14.156	-1.5	20.036	142
CA	-13.571	-2.78	19.593	142
C	-14.624	-3.848	19.576	142
N	-14.713	-4.621	18.49	143
CA	-15.738	-5.65	18.314	143
C	-15.017	-6.884	17.831	143
N	-15.167	-8.014	18.512	144
CA	-14.571	-9.299	18.105	144
C	-15.33	-9.907	16.982	144
N	-14.601	-10.584	16.103	145
CA	-15.186	-11.384	15.036	145
C	-14.828	-12.87	15.273	145
N	-15.882	-13.72	15.213	146
CA	-15.746	-15.158	15.192	146
C	-16.242	-15.657	13.878	146
N	-15.762	-16.826	13.496	147
CA	-16.165	-17.446	12.223	147
C	-17.348	-18.353	12.422	147
N	-18.393	-18.047	11.714	148
CA	-19.625	-18.839	11.771	148
C	-20.491	-18.469	10.574	148
N	-21.675	-17.922	10.86	149
CA	-22.556	-17.388	9.813	149
C	-22.004	-16.081	9.243	149
N	-22.294	-15.826	7.996	150
CA	-21.938	-14.613	7.341	150
C	-22.58	-13.362	7.983	150
N	-21.829	-12.241	8.006	151
CA	-22.378	-10.941	8.469	151
C	-22.768	-10.202	7.187	151
N	-24.086	-10.001	6.983	152
CA	-24.49	-9.378	5.716	152
C	-23.96	-7.984	5.536	152
N	-23.899	-7.231	6.601	153
CA	-23.403	-5.894	6.569	153
C	-21.951	-5.696	6.325	153
N	-21.23	-6.769	6.343	154
CA	-19.814	-6.757	5.958	154
C	-19.537	-6.965	4.52	154
N	-20.475	-7.601	3.789	155
CA	-20.169	-8.072	2.457	155
C	-19.776	-6.939	1.531	155
N	-20.368	-5.733	1.647	156
CA	-19.923	-4.61	0.758	156
C	-18.391	-4.328	0.909	156
N	-17.934	-4.416	2.172	157
CA	-16.492	-4.318	2.416	157
C	-15.723	-5.418	1.744	157
N	-16.121	-6.645	1.964	158
CA	-15.384	-7.793	1.411	158
C	-15.307	-7.703	-0.137	158
N	-16.374	-7.245	-0.771	159
CA	-16.371	-7.2	-2.243	159
C	-15.524	-6.127	-2.856	159
N	-15.129	-5.087	-2.129	160
CA	-14.298	-4.056	-2.675	160
C	-12.776	-4.371	-2.48	160
N	-12.443	-5.401	-1.707	161
CA	-11.089	-5.679	-1.34	161
C	-10.223	-6.016	-2.574	161
N	-10.818	-6.667	-3.573	162
CA	-10.064	-7.0	-4.8	162
C	-9.489	-5.713	-5.486	162
N	-10.159	-4.576	-5.298	163
CA	-9.758	-3.31	-5.88	163
C	-8.728	-2.515	-5.091	163
N	-8.37	-3.007	-3.867	164
CA	-7.355	-2.376	-3.058	164
C	-6.343	-3.416	-2.53	164
N	-5.897	-4.283	-3.428	165
CA	-5.101	-5.386	-2.953	165
C	-3.795	-4.989	-2.293	165
N	-3.167	-3.944	-2.816	166
CA	-1.805	-3.608	-2.429	166
C	-1.74	-2.259	-1.732	166
N	-0.663	-2.073	-0.968	167
CA	-0.39	-0.858	-0.274	167
C	-0.478	0.4	-1.12	167
N	-1.24	1.392	-0.663	168
CA	-1.404	2.655	-1.344	168
C	-2.59	2.753	-2.232	168
N	-3.229	1.612	-2.479	169
CA	-4.465	1.609	-3.3	169
C	-5.69	2.049	-2.456	169
N	-6.541	2.84	-3.066	170
CA	-7.782	3.261	-2.455	170
C	-8.928	3.132	-3.508	170
N	-10.132	3.143	-2.972	171
CA	-11.358	3.07	-3.793	171
C	-12.439	3.946	-3.17	171
N	-13.323	4.506	-4.008	172
CA	-14.425	5.268	-3.467	172
C	-15.273	4.264	-2.645	172
N	-15.806	4.699	-1.504	173
CA	-16.576	3.784	-0.611	173
C	-17.642	4.573	0.078	173
N	-18.603	5.077	-0.687	174
CA	-19.681	5.923	-0.175	174
C	-20.814	5.046	0.251	174
N	-21.693	5.681	1.072	175
CA	-22.959	5.062	1.496	175
C	-22.866	3.771	2.239	175
N	-21.755	3.526	2.934	176
CA	-21.609	2.278	3.746	176
C	-22.15	2.59	5.152	176
N	-22.998	1.728	5.667	177
CA	-23.644	1.933	6.963	177
C	-22.96	1.121	8.039	177
N	-22.146	1.774	8.889	178
CA	-21.446	0.982	9.915	178
C	-22.298	0.304	10.983	178
N	-23.583	0.675	11.015	179
CA	-24.493	-0.006	11.944	179
C	-24.603	-1.467	11.657	179
N	-24.42	-1.861	10.397	180
CA	-24.408	-3.251	10.021	180
C	-23.295	-4.136	10.538	180
N	-22.33	-3.507	11.226	181
CA	-21.197	-4.267	11.762	181
C	-21.312	-4.481	13.282	181
N	-22.396	-3.986	13.91	182
CA	-22.5	-4.033	15.37	182
C	-23.216	-5.383	15.729	182
N	-22.939	-5.903	16.926	183
CA	-23.724	-7.037	17.492	183
C	-25.051	-6.46	18.053	183
N	-25.873	-7.345	18.631	184
CA	-27.1	-6.922	19.214	184
C	-26.907	-6.124	20.5	184
N	-26.037	-6.634	21.376	185
CA	-25.812	-6.024	22.691	185
C	-24.692	-5.027	22.651	185
N	-24.855	-3.964	23.387	186
CA	-23.757	-3.018	23.612	186
C	-23.052	-3.146	24.973	186
N	-23.228	-4.271	25.673	187
CA	-22.478	-4.582	26.894	187
C	-20.944	-4.493	26.538	187
N	-20.145	-3.884	27.448	188
CA	-18.747	-3.67	27.133	188
C	-17.871	-3.745	28.35	188
N	-16.56	-3.839	28.075	189
CA	-15.536	-3.596	29.029	189
C	-14.824	-2.291	28.632	189
N	-14.288	-1.552	29.597	190
CA	-13.568	-0.336	29.248	190
C	-12.313	-0.197	30.124	190
N	-11.235	0.39	29.531	191
CA	-10.03	0.644	30.237	191
C	-9.215	1.703	29.472	191
N	-8.279	2.443	30.101	192
CA	-7.491	3.42	29.455	192
C	-6.264	2.769	28.755	192
N	-6.043	3.045	27.474	193
CA	-4.93	2.428	26.789	193
C	-4.354	3.3	25.692	193
N	-3.96	2.62	24.621	194
CA	-3.14	3.221	23.574	194
C	-3.625	2.836	22.18	194
N	-3.033	3.459	21.158	195
CA	-3.01	2.941	19.816	195
C	-2.234	1.609	19.868	195
N	-2.651	0.641	19.063	196
CA	-2.039	-0.694	18.981	196
C	-1.027	-0.804	17.903	196
N	-0.71	0.292	17.209	197
CA	0.364	0.342	16.188	197
C	1.12	1.587	16.494	197
N	2.373	1.65	16.021	198
CA	3.046	2.969	15.991	198
C	2.123	4.067	15.513	198
N	2.117	5.22	16.119	199
CA	3.069	5.659	17.151	199
C	2.766	5.291	18.588	199
N	1.808	4.394	18.775	200
CA	1.587	3.82	20.098	200
C	1.164	4.762	21.241	200
N	0.557	5.874	20.788	201
CA	0.2	6.932	21.682	201
C	-0.82	6.583	22.713	201
N	-0.629	7.015	23.915	202
CA	-1.447	6.668	25.088	202
C	-2.597	7.645	25.259	202
N	-3.481	7.545	24.289	203
CA	-4.534	8.551	24.058	203
C	-5.965	7.967	23.949	203
N	-6.126	6.675	24.232	204
CA	-7.344	5.961	23.945	204
C	-8.123	5.529	25.156	204
N	-9.432	5.814	25.207	205
CA	-10.4	5.1	25.991	205
C	-10.927	3.941	25.202	205
N	-10.564	2.716	25.613	206
CA	-11.029	1.51	24.959	206
C	-12.389	1.101	25.432	206
N	-13.256	0.778	24.492	207
CA	-14.587	0.28	24.785	207
C	-14.688	-1.032	23.949	207
N	-14.607	-2.186	24.611	208
CA	-14.608	-3.483	23.945	208
C	-15.912	-4.203	24.137	208
N	-16.658	-4.485	23.08	209
CA	-17.978	-5.131	23.281	209
C	-17.771	-6.561	23.67	209
N	-18.637	-7.013	24.569	210
CA	-18.646	-8.434	25.003	210
C	-19.126	-9.387	23.961	210
N	-20.113	-8.986	23.179	211
CA	-20.692	-9.894	22.217	211
C	-19.942	-9.786	20.872	211
N	-19.31	-10.867	20.439	212
CA	-18.73	-10.91	19.077	212
C	-19.736	-10.888	17.974	212
N	-19.314	-10.413	16.805	213
CA	-20.115	-10.632	15.62	213
C	-19.628	-11.891	14.941	213
N	-20.51	-12.546	14.162	214
CA	-20.12	-13.71	13.389	214
C	-19.909	-13.327	11.927	214
N	-18.798	-13.769	11.36	215
CA	-18.565	-13.577	9.893	215
C	-18.317	-14.982	9.305	215
N	-18.446	-15.116	7.981	216
CA	-18.251	-16.43	7.402	216
C	-16.784	-16.692	7.109	216
N	-16.425	-17.966	7.031	217
CA	-15.065	-18.294	6.66	217
C	-14.685	-17.66	5.35	217
N	-15.629	-17.637	4.396	218
CA	-15.405	-16.986	3.081	218
C	-15.087	-15.486	3.245	218
N	-15.827	-14.78	4.118	219
CA	-15.531	-13.37	4.394	219
C	-14.088	-13.133	4.889	219
N	-13.705	-13.885	5.913	220
CA	-12.362	-13.638	6.491	220
C	-11.306	-14.115	5.501	220
N	-11.57	-15.184	4.717	221
CA	-10.638	-15.581	3.7	221
C	-10.313	-14.478	2.723	221
N	-11.261	-13.616	2.408	222
CA	-11.062	-12.532	1.531	222
C	-10.167	-11.442	2.167	222
N	-10.25	-11.285	3.461	223
CA	-9.353	-10.365	4.131	223
C	-7.901	-10.832	3.945	223
N	-7.721	-12.142	3.96	224
CA	-6.4	-12.709	3.918	224
C	-5.76	-12.742	2.545	224
N	-6.456	-12.314	1.55	225
CA	-5.945	-12.15	0.207	225
C	-5.344	-10.79	-0.072	225
N	-5.556	-9.878	0.861	226
CA	-4.863	-8.583	0.762	226
C	-3.372	-8.747	0.843	226
N	-2.675	-7.631	0.482	227
CA	-1.256	-7.608	0.51	227
C	-0.701	-6.498	1.386	227
N	0.353	-6.748	2.123	228
CA	1.092	-5.731	2.832	228
C	1.974	-4.91	1.841	228
N	2.527	-5.578	0.826	229
CA	3.299	-4.936	-0.18	229
C	2.51	-4.029	-1.129	229
N	3.315	-3.121	-1.759	230
CA	2.802	-2.425	-2.872	230
C	2.768	-3.183	-4.214	230
N	2.052	-2.588	-5.189	231
CA	1.992	-3.2	-6.515	231
C	3.357	-3.398	-7.149	231
N	3.514	-4.597	-7.751	232
CA	4.724	-5.012	-8.384	232
C	5.851	-5.372	-7.489	232
N	5.601	-5.502	-6.176	233
CA	6.616	-5.955	-5.203	233
C	6.304	-7.37	-4.839	233
N	7.255	-8.052	-4.225	234
CA	7.012	-9.418	-3.786	234
C	5.784	-9.538	-2.885	234
N	4.965	-10.549	-3.178	235
CA	3.748	-10.7	-2.492	235
C	3.924	-11.18	-1.044	235
N	3.37	-10.402	-0.107	236
CA	3.406	-10.751	1.288	236
C	1.938	-10.655	1.723	236
N	1.294	-11.734	2.049	237
CA	-0.128	-11.651	2.355	237
C	-0.324	-10.866	3.641	237
N	-1.37	-10.023	3.597	238
CA	-1.776	-9.25	4.841	238
C	-2.601	-10.156	5.733	238
N	-1.83	-10.784	6.628	239
CA	-2.289	-11.649	7.666	239
C	-1.508	-11.392	8.969	239
N	-2.126	-11.686	10.113	240
CA	-1.48	-11.59	11.406	240
C	-0.937	-10.177	11.649	240
N	-1.838	-9.236	11.335	241
CA	-1.622	-7.812	11.564	241
C	-2.13	-7.337	12.92	241
N	-1.824	-8.051	13.978	242
CA	-2.255	-7.825	15.341	242
C	-1.062	-7.751	16.287	242
N	-1.174	-6.881	17.264	243
CA	-0.216	-6.796	18.356	243
C	-0.687	-7.671	19.519	243
N	0.171	-8.52	20.093	244
CA	-0.234	-9.254	21.255	244
C	-0.52	-8.384	22.528	244
N	-1.192	-9.057	23.453	245
CA	-1.467	-8.469	24.711	245
C	-0.235	-7.906	25.453	245
N	-0.401	-6.707	26.013	246
CA	0.598	-5.962	26.738	246
C	0.315	-5.997	28.226	246
N	1.321	-5.654	29.05	247
CA	1.095	-5.667	30.501	247
C	0.007	-4.676	30.938	247
N	-0.88	-5.151	31.83	248
CA	-1.937	-4.27	32.338	248
C	-1.434	-3.217	33.258	248
N	-0.357	-3.511	34.002	249
CA	0.209	-2.496	34.903	249
C	-0.815	-1.997	35.895	249
N	-0.87	-0.71	36.096	250
CA	-1.695	-0.185	37.113	250
C	-3.022	0.19	36.496	250
N	-3.724	-0.807	35.886	251
CA	-5.023	-0.432	35.375	251
C	-6.117	-1.368	35.779	251
N	-7.35	-0.848	35.775	252
CA	-8.511	-1.635	36.074	252
C	-9.415	-1.643	34.829	252
N	-9.864	-2.832	34.478	253
CA	-10.859	-3.0	33.42	253
C	-12.253	-3.042	34.093	253
N	-13.116	-2.152	33.643	254
CA	-14.504	-2.026	34.165	254
C	-15.471	-2.654	33.223	254
N	-16.496	-3.328	33.744	255
CA	-17.592	-3.903	33.002	255
C	-18.86	-3.043	33.11	255
N	-19.6	-2.931	32.001	256
CA	-20.858	-2.191	32.0	256
C	-22.05	-3.052	32.458	256
N	-21.783	-4.33	32.681	257
CA	-22.801	-5.317	32.895	257
C	-22.464	-6.161	34.102	257
N	-23.514	-6.83	34.6	258
CA	-23.411	-7.681	35.841	258
C	-23.202	-9.084	35.328	258
