ATOM	X	Y	Z	RESIDUE
N	-1.682	-16.981	-19.124	1
CA	-1.058	-15.909	-19.927	1
C	-0.604	-14.839	-18.953	1
N	0.666	-14.43	-18.965	2
CA	1.117	-13.327	-18.11	2
C	0.532	-12.031	-18.666	2
N	-0.497	-11.493	-18.016	3
CA	-1.063	-10.204	-18.401	3
C	0.005	-9.127	-18.193	3
N	0.437	-8.503	-19.286	4
CA	1.498	-7.507	-19.271	4
C	0.883	-6.121	-19.068	4
N	1.13	-5.523	-17.907	5
CA	0.69	-4.175	-17.563	5
C	1.889	-3.338	-17.116	5
N	1.758	-2.022	-17.211	6
CA	2.764	-1.061	-16.776	6
C	2.158	0.331	-16.665	6
N	2.993	1.354	-16.835	7
CA	2.598	2.771	-16.819	7
C	2.918	3.491	-18.138	7
N	3.362	2.748	-19.155	8
CA	3.672	3.29	-20.47	8
C	2.426	3.505	-21.331	8
N	2.61	4.181	-22.466	9
CA	1.534	4.57	-23.399	9
C	0.641	3.418	-23.891	9
N	1.14	2.182	-23.915	10
CA	0.439	1.037	-24.518	10
C	-0.017	-0.023	-23.511	10
N	0.47	0.045	-22.273	11
CA	0.163	-0.896	-21.193	11
C	-0.24	-0.185	-19.882	11
N	-0.469	1.132	-19.944	12
CA	-0.785	2.017	-18.827	12
C	-2.204	1.887	-18.26	12
N	-2.52	2.662	-17.203	13
CA	-3.805	2.636	-16.506	13
C	-5.051	2.715	-17.393	13
N	-5.041	3.491	-18.485	14
CA	-6.188	3.548	-19.404	14
C	-6.47	2.218	-20.122	14
N	-5.524	1.279	-20.126	15
CA	-5.615	0.002	-20.828	15
C	-5.838	-1.199	-19.914	15
N	-5.596	-1.081	-18.605	16
CA	-5.696	-2.212	-17.672	16
C	-7.064	-2.901	-17.69	16
N	-8.142	-2.163	-17.969	17
CA	-9.497	-2.714	-18.054	17
C	-9.703	-3.777	-19.144	17
N	-8.79	-3.883	-20.117	18
CA	-8.849	-4.89	-21.186	18
C	-8.579	-6.295	-20.645	18
N	-7.594	-6.415	-19.759	19
CA	-7.192	-7.675	-19.122	19
C	-7.812	-7.854	-17.732	19
N	-8.096	-6.742	-17.055	20
CA	-8.647	-6.697	-15.707	20
C	-9.95	-5.885	-15.716	20
N	-11.096	-6.451	-16.15	21
CA	-12.358	-5.709	-16.278	21
C	-12.795	-4.97	-15.004	21
N	-12.415	-5.489	-13.828	22
CA	-12.638	-4.853	-12.521	22
C	-11.985	-3.466	-12.394	22
N	-11.065	-3.086	-13.288	23
CA	-10.545	-1.722	-13.393	23
C	-11.642	-0.655	-13.581	23
N	-12.844	-1.044	-14.039	24
CA	-14.045	-0.19	-14.144	24
C	-15.071	-0.426	-13.019	24
N	-14.677	-1.148	-11.971	25
CA	-15.501	-1.533	-10.826	25
C	-16.036	-0.357	-10.006	25
N	-16.871	-0.658	-9.017	26
CA	-17.656	0.331	-8.267	26
C	-16.873	1.024	-7.144	26
N	-15.748	0.445	-6.723	27
CA	-14.931	0.931	-5.607	27
C	-13.438	0.905	-5.929	27
N	-13.076	1.314	-7.14	28
CA	-11.678	1.44	-7.553	28
C	-10.941	2.579	-6.828	28
N	-9.637	2.399	-6.647	29
CA	-8.698	3.342	-6.026	29
C	-7.553	3.691	-6.991	29
N	-6.844	4.82	-6.809	30
CA	-7.051	5.847	-5.78	30
C	-8.29	6.704	-6.067	30
N	-8.622	7.618	-5.159	31
CA	-9.653	8.65	-5.36	31
C	-9.091	10.028	-5.028	31
N	-9.786	11.066	-5.477	32
CA	-9.576	12.404	-4.94	32
C	-10.348	12.563	-3.627	32
N	-9.651	13.013	-2.592	33
CA	-10.204	13.359	-1.29	33
C	-10.591	14.833	-1.345	33
N	-11.864	15.084	-1.62	34
CA	-12.451	16.417	-1.532	34
C	-12.787	16.726	-0.068	34
N	-12.045	17.66	0.52	35
CA	-12.173	18.021	1.937	35
C	-13.496	18.709	2.257	35
N	-14.188	19.265	1.259	36
CA	-15.503	19.878	1.439	36
C	-16.634	18.848	1.542	36
N	-16.434	17.635	1.019	37
CA	-17.447	16.564	1.024	37
C	-17.09	15.387	1.928	37
N	-15.819	15.25	2.317	38
CA	-15.394	14.331	3.363	38
C	-16.15	14.621	4.669	38
N	-16.751	13.587	5.263	39
CA	-17.584	13.75	6.459	39
C	-16.833	13.343	7.708	39
N	-16.732	14.255	8.67	40
CA	-16.33	13.886	10.02	40
C	-17.281	12.816	10.573	40
N	-16.725	11.681	10.99	41
CA	-17.466	10.595	11.624	41
C	-16.928	10.39	13.051	41
N	-17.643	10.858	14.092	42
CA	-17.186	10.753	15.477	42
C	-17.146	9.312	16.009	42
N	-17.691	8.33	15.278	43
CA	-17.596	6.913	15.655	43
C	-16.255	6.276	15.278	43
N	-15.476	6.931	14.409	44
CA	-14.142	6.484	14.034	44
C	-13.201	6.535	15.239	44
N	-12.613	5.381	15.558	45
CA	-11.668	5.237	16.667	45
C	-10.286	5.786	16.277	45
N	-9.396	6.04	17.245	46
CA	-7.976	6.201	16.956	46
C	-7.393	4.948	16.283	46
N	-6.384	5.136	15.431	47
CA	-5.594	4.036	14.877	47
C	-4.639	3.493	15.941	47
N	-4.467	2.176	15.964	48
CA	-3.473	1.491	16.785	48
C	-2.481	0.805	15.856	48
N	-1.276	1.371	15.794	49
CA	-0.182	0.911	14.938	49
C	0.898	0.299	15.828	49
N	1.072	-1.02	15.763	50
CA	2.036	-1.764	16.583	50
C	3.048	-2.448	15.677	50
N	4.183	-1.787	15.443	51
CA	5.274	-2.294	14.599	51
C	6.594	-2.477	15.36	51
N	6.574	-2.409	16.688	52
CA	7.762	-2.545	17.536	52
C	8.472	-3.899	17.383	52
N	7.751	-4.939	16.951	53
CA	8.3	-6.269	16.668	53
C	8.351	-6.589	15.164	53
N	8.187	-5.585	14.294	54
CA	8.244	-5.782	12.851	54
C	9.589	-6.385	12.436	54
N	9.528	-7.493	11.701	55
CA	10.715	-8.183	11.195	55
C	10.758	-7.997	9.688	55
N	11.545	-7.027	9.225	56
CA	11.783	-6.831	7.797	56
C	12.657	-7.964	7.246	56
N	12.34	-8.435	6.042	57
CA	12.976	-9.599	5.424	57
C	13.903	-9.173	4.288	57
N	13.312	-8.624	3.227	58
CA	14.013	-8.241	2.004	58
C	13.396	-7.003	1.382	58
N	14.196	-6.336	0.567	59
CA	13.76	-5.287	-0.345	59
C	13.945	-5.79	-1.775	59
N	12.981	-5.535	-2.653	60
CA	13.06	-5.955	-4.05	60
C	12.466	-4.926	-4.998	60
N	12.969	-4.902	-6.228	61
CA	12.344	-4.223	-7.353	61
C	11.532	-5.248	-8.156	61
N	10.207	-5.101	-8.172	62
CA	9.312	-6.018	-8.887	62
C	9.021	-5.584	-10.339	62
N	9.62	-4.482	-10.798	63
CA	9.393	-3.897	-12.118	63
C	8.165	-2.995	-12.213	63
N	7.554	-2.628	-11.086	64
CA	6.432	-1.682	-10.999	64
C	6.599	-0.698	-9.831	64
N	7.22	-1.165	-8.752	65
CA	7.691	-0.409	-7.603	65
C	8.856	-1.186	-6.962	65
N	9.466	-0.612	-5.927	66
CA	10.181	-1.425	-4.95	66
C	9.297	-1.682	-3.73	66
N	9.456	-2.859	-3.129	67
CA	8.715	-3.273	-1.944	67
C	9.692	-3.723	-0.854	67
N	9.376	-3.425	0.406	68
CA	9.992	-4.062	1.579	68
C	8.988	-5.038	2.17	68
N	9.379	-6.301	2.3	69
CA	8.542	-7.381	2.838	69
C	8.835	-7.628	4.325	69
N	7.807	-8.014	5.081	70
CA	7.878	-8.309	6.514	70
C	7.407	-9.736	6.814	70
N	7.894	-10.309	7.916	71
CA	7.344	-11.541	8.494	71
C	5.92	-11.29	9.012	71
N	4.94	-11.9	8.353	72
CA	3.518	-11.851	8.69	72
C	2.989	-13.201	9.221	72
N	3.887	-14.108	9.628	73
CA	3.515	-15.411	10.2	73
C	2.808	-15.29	11.556	73
N	3.053	-14.196	12.28	74
CA	2.528	-13.91	13.617	74
C	2.095	-12.442	13.745	74
N	1.357	-12.117	14.809	75
CA	0.848	-10.765	15.104	75
C	1.948	-9.821	15.655	75
N	3.14	-9.809	15.042	76
CA	4.291	-8.983	15.464	76
C	4.226	-7.537	14.958	76
N	3.672	-7.341	13.764	77
CA	3.483	-6.034	13.147	77
C	2.039	-5.919	12.675	77
N	1.23	-5.141	13.389	78
CA	-0.218	-5.115	13.184	78
C	-0.803	-3.711	13.196	78
N	-1.894	-3.573	12.452	79
CA	-2.783	-2.425	12.44	79
C	-4.141	-2.84	13.018	79
N	-4.649	-2.046	13.96	80
CA	-5.955	-2.221	14.611	80
C	-6.644	-0.869	14.789	80
N	-7.905	-0.908	15.209	81
CA	-8.672	0.298	15.498	81
C	-9.063	1.049	14.229	81
N	-9.31	2.345	14.368	82
CA	-9.898	3.144	13.303	82
C	-11.202	2.565	12.737	82
N	-11.315	2.389	11.406	83
CA	-12.48	1.787	10.757	83
C	-12.427	0.251	10.72	83
N	-11.35	-0.36	11.224	84
CA	-11.086	-1.782	11.055	84
C	-11.82	-2.616	12.1	84
N	-12.326	-3.758	11.645	85
CA	-12.775	-4.842	12.507	85
C	-11.734	-5.97	12.511	85
N	-11.124	-6.194	13.675	86
CA	-10.099	-7.213	13.888	86
C	-8.652	-6.718	13.789	86
N	-7.755	-7.672	13.543	87
CA	-6.302	-7.476	13.48	87
C	-5.829	-7.634	12.045	87
N	-5.018	-6.691	11.569	88
CA	-4.435	-6.756	10.235	88
C	-2.912	-6.814	10.327	88
N	-2.276	-7.834	9.744	89
CA	-0.81	-7.994	9.764	89
C	-0.156	-7.238	8.626	89
N	0.9	-6.484	8.926	90
CA	1.758	-5.839	7.932	90
C	2.494	-6.922	7.14	90
N	2.339	-6.918	5.818	91
CA	3.021	-7.864	4.92	91
C	4.11	-7.175	4.095	91
N	3.883	-5.925	3.687	92
CA	4.86	-5.133	2.945	92
C	4.555	-3.638	3.017	92
N	5.537	-2.813	2.66	93
CA	5.254	-1.477	2.144	93
C	5.902	-1.243	0.778	93
N	5.351	-0.289	0.034	94
CA	5.872	0.186	-1.248	94
C	5.531	1.662	-1.459	94
N	6.1	2.255	-2.507	95
CA	5.872	3.652	-2.862	95
C	5.381	3.797	-4.302	95
N	4.623	4.862	-4.532	96
CA	4.332	5.432	-5.842	96
C	4.927	6.836	-5.9	96
N	5.571	7.205	-7.001	97
CA	6.226	8.498	-7.167	97
C	6.181	8.951	-8.62	97
N	6.328	10.254	-8.827	98
CA	6.38	10.817	-10.166	98
C	7.765	11.286	-10.558	98
N	7.855	11.72	-11.806	99
CA	9.066	12.285	-12.403	99
C	9.473	13.642	-11.809	99
N	8.569	14.338	-11.105	100
CA	8.782	15.679	-10.539	100
C	8.298	15.769	-9.083	100
N	8.848	16.701	-8.304	101
CA	8.573	16.837	-6.859	101
C	7.133	17.276	-6.522	101
N	6.376	17.765	-7.508	102
CA	4.978	18.183	-7.348	102
C	3.938	17.158	-7.809	102
N	4.354	15.979	-8.283	103
CA	3.443	14.963	-8.811	103
C	3.977	13.563	-8.511	103
N	3.142	12.671	-7.99	104
CA	3.568	11.296	-7.736	104
C	2.678	10.512	-6.794	104
N	1.924	11.197	-5.933	105
CA	0.861	10.537	-5.182	105
C	-0.241	10.007	-6.1	105
N	-0.832	8.897	-5.674	106
CA	-1.967	8.258	-6.326	106
C	-3.254	8.967	-5.901	106
N	-3.48	9.075	-4.591	107
CA	-4.51	9.941	-4.042	107
C	-4.153	11.409	-4.256	107
N	-5.199	12.221	-4.302	108
CA	-5.099	13.676	-4.261	108
C	-5.959	14.214	-3.135	108
N	-5.6	15.383	-2.612	109
CA	-6.425	16.133	-1.656	109
C	-6.792	17.45	-2.317	109
N	-8.084	17.698	-2.517	110
CA	-8.597	18.843	-3.279	110
C	-7.88	19.004	-4.636	110
N	-7.733	17.89	-5.367	111
CA	-7.005	17.766	-6.646	111
C	-5.5	18.041	-6.591	111
N	-4.914	18.272	-5.415	112
CA	-3.467	18.468	-5.262	112
C	-2.762	17.134	-5.065	112
N	-1.647	16.971	-5.774	113
CA	-0.728	15.839	-5.641	113
C	0.416	16.168	-4.685	113
N	1.024	15.108	-4.175	114
CA	2.289	15.114	-3.448	114
C	3.389	14.458	-4.296	114
N	4.644	14.54	-3.846	115
CA	5.806	14.025	-4.577	115
C	5.781	12.498	-4.724	115
N	5.261	11.821	-3.702	116
CA	5.1	10.38	-3.658	116
C	3.995	10.001	-2.657	116
N	3.631	8.728	-2.641	117
CA	2.72	8.129	-1.672	117
C	3.251	6.765	-1.233	117
N	3.315	6.56	0.079	118
CA	3.698	5.313	0.728	118
C	2.444	4.515	1.061	118
N	2.453	3.229	0.735	119
CA	1.424	2.276	1.127	119
C	2.008	1.219	2.055	119
N	1.566	1.192	3.314	120
CA	1.786	0.051	4.205	120
C	0.595	-0.901	4.09	120
N	0.833	-2.084	3.531	121
CA	-0.209	-3.056	3.196	121
C	-0.343	-4.078	4.308	121
N	-1.576	-4.254	4.769	122
CA	-1.926	-5.22	5.792	122
C	-3.055	-6.133	5.334	122
N	-3.133	-7.339	5.893	123
CA	-4.216	-8.288	5.619	123
C	-4.917	-8.759	6.891	123
N	-6.229	-8.976	6.8	124
CA	-7.08	-9.336	7.929	124
C	-6.85	-10.789	8.358	124
N	-6.367	-10.988	9.584	125
CA	-5.998	-12.318	10.087	125
C	-7.18	-13.271	10.217	125
N	-8.42	-12.759	10.241	126
CA	-9.63	-13.594	10.313	126
C	-9.798	-14.543	9.121	126
N	-9.134	-14.266	7.997	127
CA	-9.196	-15.096	6.79	127
C	-8.111	-16.178	6.72	127
N	-7.219	-16.244	7.712	128
CA	-6.219	-17.302	7.871	128
C	-4.963	-17.153	7.009	128
N	-5.071	-16.603	5.799	129
CA	-3.923	-16.271	4.95	129
C	-4.222	-15.102	3.995	129
N	-3.16	-14.473	3.48	130
CA	-3.244	-13.349	2.544	130
C	-4.047	-13.687	1.275	130
N	-3.87	-14.893	0.722	131
CA	-4.519	-15.332	-0.518	131
C	-6.039	-15.46	-0.398	131
N	-6.539	-15.837	0.782	132
CA	-7.971	-15.79	1.111	132
C	-8.433	-14.38	1.441	132
N	-7.613	-13.595	2.139	133
CA	-7.96	-12.23	2.512	133
C	-8.256	-11.366	1.278	133
N	-7.412	-11.387	0.24	134
CA	-7.616	-10.576	-0.985	134
C	-8.911	-10.879	-1.755	134
N	-9.6	-11.976	-1.436	135
CA	-10.896	-12.33	-2.027	135
C	-12.081	-11.696	-1.283	135
N	-11.822	-10.96	-0.203	136
CA	-12.832	-10.438	0.711	136
C	-12.869	-8.907	0.663	136
N	-14.046	-8.275	0.802	137
CA	-14.194	-6.825	0.643	137
C	-13.439	-5.992	1.693	137
N	-13.141	-6.571	2.855	138
CA	-12.329	-6.029	3.954	138
C	-11.066	-6.884	4.187	138
N	-10.612	-7.567	3.139	139
CA	-9.444	-8.43	3.172	139
C	-8.169	-7.715	3.569	139
N	-8.014	-6.488	3.079	140
CA	-6.824	-5.679	3.254	140
C	-7.143	-4.357	3.949	140
N	-6.16	-3.858	4.687	141
CA	-6.108	-2.482	5.154	141
C	-4.82	-1.849	4.629	141
N	-4.933	-0.705	3.958	142
CA	-3.764	0.023	3.45	142
C	-3.69	1.372	4.133	142
N	-2.565	1.603	4.805	143
CA	-2.244	2.885	5.406	143
C	-1.452	3.705	4.379	143
N	-2.104	4.724	3.823	144
CA	-1.563	5.628	2.81	144
C	-0.956	6.871	3.452	144
N	0.284	7.207	3.097	145
CA	1.013	8.355	3.65	145
C	1.593	9.177	2.506	145
N	1.22	10.45	2.438	146
CA	1.776	11.376	1.459	146
C	3.222	11.76	1.795	146
N	4.064	11.908	0.771	147
CA	5.436	12.405	0.897	147
C	5.534	13.801	0.28	147
N	5.897	14.791	1.092	148
CA	6.12	16.174	0.659	148
C	7.612	16.49	0.67	148
N	8.099	17.179	-0.362	149
CA	9.492	17.644	-0.382	149
C	9.729	18.721	0.682	149
N	10.79	18.533	1.462	150
CA	11.208	19.363	2.587	150
C	12.525	18.852	3.183	150
N	12.601	18.751	4.51	151
CA	13.725	18.106	5.198	151
C	13.742	16.592	4.959	151
N	14.941	16.002	4.955	152
CA	15.126	14.557	4.843	152
C	14.413	13.803	5.977	152
N	13.812	12.644	5.67	153
CA	13.254	11.72	6.672	153
C	14.336	10.728	7.106	153
N	14.832	10.763	8.356	154
CA	15.865	9.824	8.799	154
C	15.41	8.359	8.74	154
N	14.144	8.083	9.079	155
CA	13.573	6.731	9.032	155
C	13.5	6.115	7.629	155
N	13.646	6.921	6.572	156
CA	13.69	6.454	5.186	156
C	15.122	6.171	4.7	156
N	16.151	6.664	5.398	157
CA	17.516	6.684	4.867	157
C	18.053	5.282	4.567	157
N	17.79	4.318	5.454	158
CA	18.204	2.926	5.25	158
C	17.616	2.303	3.978	158
N	16.381	2.657	3.61	159
CA	15.783	2.224	2.334	159
C	16.572	2.833	1.182	159
N	16.772	4.155	1.22	160
CA	17.479	4.925	0.184	160
C	18.892	4.393	-0.066	160
N	19.615	4.028	0.992	161
CA	20.991	3.522	0.919	161
C	21.099	2.167	0.196	161
N	20.016	1.382	0.154	162
CA	19.993	0.046	-0.464	162
C	19.474	0.075	-1.907	162
N	18.81	1.148	-2.355	163
CA	18.143	1.189	-3.669	163
C	19.073	0.909	-4.857	163
N	20.341	1.324	-4.787	164
CA	21.308	1.083	-5.867	164
C	21.567	-0.431	-6.082	164
N	21.391	-1.27	-5.048	165
CA	21.539	-2.737	-5.133	165
C	20.36	-3.449	-5.811	165
N	19.207	-2.781	-5.902	166
CA	17.982	-3.301	-6.521	166
C	17.549	-2.458	-7.725	166
N	18.517	-1.861	-8.437	167
CA	18.247	-0.903	-9.52	167
C	17.257	-1.439	-10.557	167
N	17.378	-2.699	-10.968	168
CA	16.583	-3.299	-12.051	168
C	15.542	-4.299	-11.559	168
N	14.506	-4.517	-12.374	169
CA	13.447	-5.498	-12.12	169
C	14.019	-6.88	-11.817	169
N	13.466	-7.516	-10.79	170
CA	13.843	-8.85	-10.334	170
C	15.021	-8.865	-9.36	170
N	15.738	-7.747	-9.177	171
CA	16.771	-7.649	-8.143	171
C	16.138	-7.534	-6.759	171
N	16.77	-8.192	-5.797	172
CA	16.424	-8.136	-4.381	172
C	17.682	-8.122	-3.523	172
N	17.573	-7.573	-2.32	173
CA	18.611	-7.6	-1.301	173
C	18.001	-7.933	0.066	173
N	18.787	-8.574	0.93	174
CA	18.406	-8.767	2.328	174
C	18.214	-7.404	2.998	174
N	17.122	-7.259	3.742	175
CA	16.736	-5.988	4.343	175
C	16.155	-6.224	5.73	175
N	17.038	-6.49	6.684	176
CA	16.689	-6.807	8.074	176
C	16.803	-5.582	8.977	176
N	16.252	-5.638	10.194	177
CA	16.364	-4.581	11.212	177
C	15.885	-3.2	10.72	177
N	14.747	-3.145	10.032	178
CA	14.097	-1.894	9.648	178
C	12.851	-1.652	10.501	178
N	12.761	-0.469	11.109	179
CA	11.61	-0.054	11.909	179
C	10.667	0.834	11.074	179
N	9.508	0.317	10.622	180
CA	8.584	1.08	9.79	180
C	7.881	2.218	10.542	180
N	7.982	2.309	11.879	181
CA	7.485	3.484	12.625	181
C	8.216	4.758	12.213	181
N	9.469	4.633	11.766	182
CA	10.25	5.739	11.212	182
C	9.657	6.356	9.941	182
N	8.637	5.737	9.338	183
CA	7.922	6.238	8.161	183
C	6.568	6.882	8.496	183
N	6.156	6.894	9.765	184
CA	4.899	7.512	10.179	184
C	5.07	9.035	10.387	184
N	4.018	9.834	10.137	185
CA	3.92	11.216	10.611	185
C	3.65	11.268	12.125	185
N	3.622	12.474	12.697	186
CA	3.318	12.665	14.122	186
C	1.825	12.461	14.41	186
N	0.949	13.063	13.601	187
CA	-0.496	12.864	13.669	187
C	-0.939	11.662	12.848	187
N	-1.784	10.836	13.46	188
CA	-2.461	9.728	12.795	188
C	-3.907	10.071	12.421	188
N	-4.269	11.355	12.322	189
CA	-5.547	11.777	11.738	189
C	-5.677	11.26	10.303	189
N	-6.853	10.753	9.936	190
CA	-7.02	10.02	8.686	190
C	-8.378	10.233	8.023	190
N	-8.383	10.023	6.711	191
CA	-9.575	9.707	5.938	191
C	-9.686	8.201	5.716	191
N	-10.906	7.696	5.551	192
CA	-11.141	6.288	5.221	192
C	-12.302	6.085	4.257	192
N	-12.166	5.076	3.394	193
CA	-13.186	4.646	2.445	193
C	-12.919	3.201	1.955	193
N	-13.949	2.457	1.503	194
CA	-13.759	1.168	0.84	194
C	-13.248	1.36	-0.596	194
N	-12.163	0.677	-0.938	195
CA	-11.473	0.827	-2.213	195
C	-10.932	-0.478	-2.79	195
N	-9.92	-0.343	-3.643	196
CA	-9.232	-1.444	-4.314	196
C	-7.718	-1.355	-4.151	196
N	-7.016	-2.393	-4.605	197
CA	-5.62	-2.258	-5.018	197
C	-5.522	-1.24	-6.164	197
N	-4.438	-0.472	-6.204	198
CA	-4.168	0.518	-7.261	198
C	-3.343	-0.047	-8.411	198
N	-2.922	-1.306	-8.297	199
CA	-2.243	-2.077	-9.336	199
C	-3.041	-3.34	-9.673	199
N	-2.969	-3.842	-10.918	200
CA	-3.511	-5.147	-11.281	200
C	-3.134	-6.256	-10.288	200
N	-4.107	-7.08	-9.839	201
CA	-5.438	-7.289	-10.427	201
C	-6.561	-6.343	-9.953	201
N	-6.248	-5.224	-9.282	202
CA	-7.204	-4.154	-8.935	202
C	-8.384	-4.622	-8.065	202
N	-8.15	-5.649	-7.244	203
CA	-9.177	-6.274	-6.416	203
C	-9.772	-5.273	-5.431	203
N	-11.096	-5.264	-5.358	204
CA	-11.911	-4.4	-4.505	204
C	-11.991	-4.933	-3.062	204
N	-10.821	-5.137	-2.453	205
CA	-10.629	-5.799	-1.157	205
C	-9.988	-4.901	-0.086	205
N	-9.806	-3.608	-0.376	206
CA	-9.027	-2.694	0.471	206
C	-9.937	-1.771	1.274	206
N	-9.71	-1.687	2.581	207
CA	-10.117	-0.55	3.415	207
C	-8.97	0.454	3.445	207
N	-9.158	1.614	2.817	208
CA	-8.139	2.661	2.79	208
C	-8.156	3.482	4.07	208
N	-6.966	3.82	4.556	209
CA	-6.721	4.722	5.68	209
C	-5.633	5.694	5.22	209
N	-6.028	6.858	4.708	210
CA	-5.096	7.861	4.168	210
C	-4.833	8.9	5.247	210
N	-3.593	8.988	5.727	211
CA	-3.236	9.949	6.765	211
C	-3.265	11.38	6.219	211
N	-3.805	12.288	7.032	212
CA	-3.911	13.718	6.737	212
C	-2.543	14.384	6.672	212
N	-1.665	14.031	7.605	213
CA	-0.34	14.625	7.711	213
C	0.65	13.915	6.769	213
N	1.263	14.631	5.805	214
CA	2.338	14.074	4.997	214
C	3.625	13.954	5.819	214
N	4.483	12.992	5.485	215
CA	5.875	13.025	5.946	215
C	6.715	13.933	5.041	215
N	7.681	14.631	5.637	216
CA	8.692	15.384	4.892	216
C	9.808	14.455	4.423	216
N	10.226	14.576	3.164	217
CA	11.388	13.889	2.569	217
C	12.229	14.888	1.78	217
N	13.535	14.661	1.631	218
CA	14.353	15.561	0.805	218
C	14.217	15.235	-0.682	218
N	14.501	16.217	-1.542	219
CA	14.493	16.004	-2.996	219
C	15.516	14.931	-3.401	219
N	16.66	14.844	-2.712	220
CA	17.682	13.814	-2.942	220
C	17.183	12.402	-2.613	220
N	16.391	12.245	-1.544	221
CA	15.786	10.955	-1.193	221
C	14.801	10.5	-2.279	221
N	13.94	11.396	-2.776	222
CA	12.995	11.069	-3.863	222
C	13.731	10.829	-5.186	222
N	14.807	11.571	-5.462	223
CA	15.629	11.376	-6.657	223
C	16.236	9.968	-6.715	223
N	16.56	9.364	-5.567	224
CA	17.032	7.975	-5.51	224
C	15.963	6.972	-5.953	224
N	14.676	7.251	-5.734	225
CA	13.586	6.394	-6.224	225
C	13.528	6.425	-7.754	225
N	13.652	7.627	-8.33	226
CA	13.615	7.881	-9.783	226
C	14.788	7.273	-10.565	226
N	15.805	6.739	-9.877	227
CA	16.964	6.051	-10.478	227
C	16.779	4.538	-10.607	227
N	15.695	3.99	-10.059	228
CA	15.301	2.606	-10.296	228
C	14.791	2.437	-11.728	228
N	14.711	1.192	-12.18	229
CA	14.289	0.81	-13.52	229
C	13.058	-0.101	-13.474	229
N	12.098	0.125	-14.376	230
CA	10.981	-0.796	-14.625	230
C	11.454	-2.118	-15.242	230
N	12.556	-2.077	-15.984	231
CA	13.063	-3.173	-16.793	231
C	14.2	-3.957	-16.102	231
N	14.491	-5.147	-16.625	232
CA	15.477	-6.083	-16.084	232
C	16.929	-5.693	-16.373	232
N	17.867	-6.368	-15.706	233
CA	19.295	-6.216	-16.006	233
C	19.608	-6.688	-17.436	233
N	20.354	-5.878	-18.193	234
CA	20.676	-6.145	-19.6	234
C	19.623	-5.665	-20.609	234
N	18.456	-5.203	-20.156	235
CA	17.438	-4.58	-21.009	235
C	17.681	-3.055	-21.152	235
N	17.169	-2.392	-22.214	236
CA	17.326	-0.943	-22.402	236
C	16.723	-0.139	-21.246	236
N	17.496	0.764	-20.63	237
CA	17.079	1.509	-19.43	237
C	15.709	2.183	-19.599	237
N	14.779	1.819	-18.72	238
CA	13.482	2.46	-18.567	238
C	13.335	2.879	-17.104	238
N	13.604	4.159	-16.823	239
CA	13.532	4.691	-15.465	239
C	12.126	4.498	-14.891	239
N	12.075	3.997	-13.663	240
CA	10.862	3.849	-12.883	240
C	10.438	5.229	-12.388	240
N	9.678	5.934	-13.215	241
CA	9.035	7.207	-12.892	241
C	7.571	7.148	-13.295	241
N	6.753	7.948	-12.617	242
CA	5.315	8.036	-12.867	242
C	4.59	6.686	-12.727	242
N	4.997	5.894	-11.73	243
CA	4.382	4.611	-11.401	243
C	3.091	4.767	-10.578	243
N	2.272	5.775	-10.872	244
CA	1.034	6.088	-10.157	244
C	-0.185	5.962	-11.076	244
N	-1.29	5.45	-10.538	245
CA	-2.594	5.386	-11.195	245
C	-3.338	6.718	-11.005	245
N	-4.016	7.253	-12.036	246
CA	-4.896	8.41	-11.872	246
C	-6.047	8.153	-10.887	246
N	-6.57	9.218	-10.272	247
CA	-7.774	9.158	-9.443	247
C	-8.963	8.565	-10.215	247
N	-9.647	7.615	-9.587	248
CA	-10.818	6.931	-10.117	248
C	-12.105	7.601	-9.612	248
N	-13.243	7.427	-10.307	249
CA	-14.514	7.981	-9.856	249
C	-14.895	7.503	-8.447	249
N	-15.312	8.432	-7.581	250
CA	-15.772	8.094	-6.23	250
C	-17.065	7.257	-6.256	250
N	-17.922	7.489	-7.263	251
CA	-19.249	6.869	-7.419	251
C	-20.097	7.089	-6.156	251
N	-20.766	6.056	-5.645	252
CA	-21.672	6.155	-4.493	252
C	-20.962	6.049	-3.129	252
N	-19.623	6.06	-3.097	253
CA	-18.853	5.949	-1.852	253
C	-18.804	7.282	-1.115	253
N	-18.651	7.206	0.202	254
CA	-18.427	8.36	1.064	254
C	-17.07	8.234	1.741	254
N	-16.294	9.312	1.693	255
CA	-15.053	9.43	2.45	255
C	-15.405	9.949	3.842	255
N	-14.961	9.227	4.868	256
CA	-15.102	9.623	6.272	256
C	-13.781	10.185	6.785	256
N	-13.828	11.139	7.705	257
CA	-12.665	11.737	8.355	257
C	-12.712	11.498	9.871	257
N	-11.562	11.21	10.485	258
CA	-11.418	11.079	11.946	258
C	-11.346	12.425	12.677	258
N	-11.308	13.522	11.925	259
CA	-11.119	14.887	12.396	259
C	-12.171	15.818	11.787	259
N	-12.337	16.983	12.413	260
CA	-13.217	18.056	11.943	260
C	-12.5	18.999	10.988	260
