ATOM	X	Y	Z	RESIDUE
N	-4.504	11.113	-66.932	1
CA	-5.416	9.978	-67.194	1
C	-6.147	9.638	-65.903	1
N	-7.374	9.157	-66.052	2
CA	-8.476	9.01	-65.091	2
C	-8.202	8.366	-63.72	2
N	-8.856	8.957	-62.71	3
CA	-9.633	8.396	-61.585	3
C	-9.495	6.918	-61.156	3
N	-9.408	6.738	-59.828	4
CA	-9.739	5.518	-59.068	4
C	-8.566	5.098	-58.171	4
N	-8.662	4.911	-56.855	5
CA	-9.788	4.509	-56.018	5
C	-9.504	4.866	-54.547	5
N	-10.568	5.193	-53.803	6
CA	-10.565	5.372	-52.345	6
C	-10.267	4.03	-51.666	6
N	-9.019	3.799	-51.272	7
CA	-8.689	2.808	-50.252	7
C	-8.995	3.399	-48.88	7
N	-9.956	2.816	-48.157	8
CA	-10.166	3.076	-46.728	8
C	-8.829	2.857	-46.014	8
N	-8.2	3.938	-45.555	9
CA	-7.119	3.872	-44.58	9
C	-7.701	3.161	-43.359	9
N	-7.265	1.914	-43.154	10
CA	-7.422	1.217	-41.882	10
C	-6.835	2.135	-40.823	10
N	-7.598	2.376	-39.765	11
CA	-7.136	3.041	-38.557	11
C	-5.813	2.402	-38.121	11
N	-4.71	3.078	-38.43	12
CA	-3.401	2.797	-37.861	12
C	-3.498	3.219	-36.41	12
N	-3.774	2.245	-35.545	13
CA	-3.721	2.391	-34.098	13
C	-2.334	2.9	-33.714	13
N	-2.262	4.203	-33.452	14
CA	-1.136	4.864	-32.814	14
C	-0.846	4.174	-31.472	14
N	0.445	4.035	-31.184	15
CA	1.071	3.476	-29.982	15
C	0.211	3.535	-28.707	15
N	-0.389	2.403	-28.339	16
CA	-1.217	2.22	-27.134	16
C	-0.69	1.039	-26.309	16
N	0.553	1.142	-25.83	17
CA	1.141	0.163	-24.896	17
C	0.5	0.218	-23.497	17
N	-0.097	1.352	-23.11	18
CA	-0.815	1.484	-21.839	18
C	-2.261	0.943	-21.897	18
N	-3.006	1.206	-22.979	19
CA	-4.391	0.72	-23.137	19
C	-4.463	-0.789	-23.413	19
N	-3.516	-1.349	-24.178	20
CA	-3.426	-2.806	-24.379	20
C	-3.173	-3.559	-23.066	20
N	-2.374	-2.996	-22.155	21
CA	-2.134	-3.574	-20.83	21
C	-3.334	-3.462	-19.875	21
N	-4.146	-2.403	-19.974	22
CA	-5.363	-2.285	-19.161	22
C	-6.474	-3.229	-19.633	22
N	-6.694	-3.34	-20.948	23
CA	-7.65	-4.304	-21.499	23
C	-7.204	-5.746	-21.208	23
N	-5.909	-6.063	-21.352	24
CA	-5.406	-7.413	-21.059	24
C	-5.579	-7.82	-19.591	24
N	-5.41	-6.904	-18.623	25
CA	-5.637	-7.21	-17.197	25
C	-7.102	-7.502	-16.893	25
N	-8.032	-6.719	-17.448	26
CA	-9.471	-6.943	-17.247	26
C	-9.914	-8.268	-17.866	26
N	-9.404	-8.582	-19.052	27
CA	-9.682	-9.837	-19.748	27
C	-9.107	-11.043	-18.991	27
N	-7.879	-10.94	-18.455	28
CA	-7.27	-11.967	-17.583	28
C	-8.095	-12.223	-16.318	28
N	-8.578	-11.162	-15.67	29
CA	-9.442	-11.259	-14.486	29
C	-10.761	-11.971	-14.828	29
N	-11.422	-11.59	-15.921	30
CA	-12.678	-12.221	-16.341	30
C	-12.489	-13.692	-16.736	30
N	-11.372	-14.006	-17.39	31
CA	-10.967	-15.364	-17.719	31
C	-10.772	-16.222	-16.455	31
N	-10.131	-15.679	-15.415	32
CA	-9.926	-16.382	-14.147	32
C	-11.236	-16.591	-13.369	32
N	-12.106	-15.575	-13.275	33
CA	-13.446	-15.741	-12.688	33
C	-14.268	-16.814	-13.406	33
N	-14.137	-16.889	-14.732	34
CA	-14.8	-17.903	-15.551	34
C	-14.279	-19.305	-15.223	34
N	-12.953	-19.485	-15.156	35
CA	-12.32	-20.75	-14.775	35
C	-12.75	-21.211	-13.373	35
N	-12.694	-20.313	-12.385	36
CA	-13.075	-20.616	-11.003	36
C	-14.551	-21.046	-10.896	36
N	-15.441	-20.362	-11.626	37
CA	-16.868	-20.67	-11.641	37
C	-17.169	-22.019	-12.319	37
N	-16.413	-22.387	-13.357	38
CA	-16.553	-23.666	-14.06	38
C	-16.097	-24.843	-13.189	38
N	-14.907	-24.736	-12.582	39
CA	-14.359	-25.722	-11.635	39
C	-15.352	-25.982	-10.496	39
N	-15.946	-24.919	-9.935	40
CA	-16.914	-25.064	-8.85	40
C	-18.196	-25.768	-9.306	40
N	-18.747	-25.351	-10.447	41
CA	-19.988	-25.905	-10.966	41
C	-19.849	-27.401	-11.285	41
N	-18.705	-27.822	-11.826	42
CA	-18.453	-29.226	-12.146	42
C	-18.229	-30.08	-10.89	42
N	-17.535	-29.56	-9.869	43
CA	-17.398	-30.235	-8.569	43
C	-18.756	-30.47	-7.878	43
N	-19.683	-29.524	-7.997	44
CA	-21.031	-29.71	-7.459	44
C	-21.83	-30.726	-8.268	44
N	-21.737	-30.658	-9.597	45
CA	-22.353	-31.653	-10.465	45
C	-21.79	-33.049	-10.21	45
N	-20.5	-33.207	-9.905	46
CA	-19.932	-34.502	-9.521	46
C	-20.497	-34.993	-8.19	46
N	-20.669	-34.098	-7.208	47
CA	-21.304	-34.426	-5.928	47
C	-22.771	-34.859	-6.061	47
N	-23.526	-34.25	-6.983	48
CA	-24.944	-34.576	-7.241	48
C	-25.11	-35.795	-8.16	48
N	-24.261	-35.945	-9.182	49
CA	-24.365	-37.007	-10.199	49
C	-23.606	-38.291	-9.856	49
N	-22.685	-38.247	-8.888	50
CA	-21.791	-39.357	-8.548	50
C	-20.671	-39.617	-9.567	50
N	-20.495	-38.762	-10.587	51
CA	-19.38	-38.858	-11.549	51
C	-18.045	-38.484	-10.893	51
N	-16.936	-39.052	-11.374	52
CA	-15.583	-38.659	-10.955	52
C	-15.244	-37.254	-11.461	52
N	-14.825	-36.371	-10.558	53
CA	-14.362	-35.017	-10.864	53
C	-12.885	-35.037	-11.276	53
N	-12.567	-34.68	-12.522	54
CA	-11.189	-34.645	-13.036	54
C	-10.679	-33.201	-13.124	54
N	-9.993	-32.756	-12.07	55
CA	-9.467	-31.39	-11.968	55
C	-8.412	-31.08	-13.046	55
N	-7.663	-32.089	-13.507	56
CA	-6.51	-31.882	-14.392	56
C	-6.903	-31.4	-15.793	56
N	-8.038	-31.868	-16.332	57
CA	-8.549	-31.443	-17.649	57
C	-9.035	-29.995	-17.674	57
N	-9.598	-29.516	-16.568	58
CA	-10.209	-28.185	-16.465	58
C	-9.192	-27.039	-16.459	58
N	-7.961	-27.292	-16.007	59
CA	-6.892	-26.277	-15.978	59
C	-6.135	-26.206	-17.32	59
N	-6.221	-27.252	-18.157	60
CA	-5.508	-27.357	-19.441	60
C	-6.172	-26.582	-20.588	60
N	-7.506	-26.529	-20.626	61
CA	-8.224	-25.799	-21.672	61
C	-8.23	-24.288	-21.359	61
N	-7.968	-23.399	-22.341	62
CA	-8.084	-21.963	-22.123	62
C	-9.509	-21.627	-21.653	62
N	-9.665	-20.77	-20.623	63
CA	-10.953	-20.494	-20.0	63
C	-11.964	-20.042	-21.049	63
N	-12.972	-20.879	-21.307	64
CA	-14.115	-20.473	-22.121	64
C	-14.89	-19.452	-21.302	64
N	-15.13	-18.264	-21.86	65
CA	-15.956	-17.238	-21.219	65
C	-17.311	-17.844	-20.837	65
N	-17.515	-18.031	-19.537	66
CA	-18.752	-18.583	-18.999	66
C	-19.815	-17.478	-19.02	66
N	-21.088	-17.836	-19.212	67
CA	-22.208	-16.888	-19.115	67
C	-22.181	-16.107	-17.793	67
N	-22.421	-14.792	-17.833	68
CA	-22.456	-13.914	-16.646	68
C	-23.316	-14.47	-15.501	68
N	-24.441	-15.119	-15.821	69
CA	-25.341	-15.736	-14.84	69
C	-24.652	-16.771	-13.933	69
N	-23.753	-17.601	-14.481	70
CA	-23.001	-18.596	-13.697	70
C	-21.963	-17.923	-12.797	70
N	-21.298	-16.866	-13.274	71
CA	-20.369	-16.077	-12.453	71
C	-21.099	-15.389	-11.29	71
N	-22.278	-14.808	-11.535	72
CA	-23.102	-14.21	-10.473	72
C	-23.575	-15.256	-9.464	72
N	-23.981	-16.445	-9.921	73
CA	-24.373	-17.542	-9.038	73
C	-23.203	-18.021	-8.16	73
N	-22.011	-18.168	-8.744	74
CA	-20.768	-18.501	-8.044	74
C	-20.443	-17.489	-6.933	74
N	-20.414	-16.196	-7.273	75
CA	-20.143	-15.123	-6.314	75
C	-21.203	-15.069	-5.21	75
N	-22.483	-15.159	-5.582	76
CA	-23.594	-15.191	-4.63	76
C	-23.451	-16.358	-3.655	76
N	-23.088	-17.556	-4.125	77
CA	-22.939	-18.745	-3.275	77
C	-21.791	-18.629	-2.271	77
N	-20.663	-18.056	-2.687	78
CA	-19.51	-17.797	-1.812	78
C	-19.834	-16.757	-0.722	78
N	-20.669	-15.771	-1.048	79
CA	-21.039	-14.688	-0.137	79
C	-22.248	-15.038	0.745	79
N	-23.186	-15.844	0.236	80
CA	-24.534	-16.079	0.783	80
C	-24.871	-17.574	0.874	80
N	-23.92	-18.388	1.339	81
CA	-24.065	-19.85	1.401	81
C	-25.119	-20.379	2.388	81
N	-25.625	-19.549	3.313	82
CA	-26.682	-19.929	4.267	82
C	-26.283	-20.982	5.313	82
N	-24.987	-21.277	5.441	83
CA	-24.431	-22.258	6.371	83
C	-23.272	-21.65	7.172	83
N	-23.131	-22.081	8.426	84
CA	-22.033	-21.693	9.32	84
C	-21.292	-22.912	9.892	84
N	-20.095	-22.67	10.424	85
CA	-19.312	-23.621	11.207	85
C	-19.915	-23.789	12.618	85
N	-19.875	-24.995	13.214	86
CA	-20.597	-25.293	14.456	86
C	-19.931	-24.794	15.748	86
N	-18.716	-24.233	15.695	87
CA	-17.98	-23.818	16.902	87
C	-18.568	-22.575	17.595	87
N	-19.48	-21.867	16.931	88
CA	-20.256	-20.759	17.478	88
C	-21.68	-20.769	16.928	88
N	-22.487	-19.791	17.323	89
CA	-23.809	-19.557	16.742	89
C	-23.932	-18.129	16.219	89
N	-24.9	-17.883	15.345	90
CA	-25.068	-16.597	14.68	90
C	-26.501	-16.095	14.826	90
N	-26.648	-14.798	15.081	91
CA	-27.912	-14.066	15.037	91
C	-27.798	-12.951	13.996	91
N	-28.827	-12.732	13.194	92
CA	-28.971	-11.573	12.328	92
C	-30.154	-10.749	12.828	92
N	-29.954	-9.45	13.026	93
CA	-30.936	-8.529	13.596	93
C	-31.188	-7.332	12.678	93
N	-32.4	-6.794	12.726	94
CA	-32.726	-5.492	12.148	94
C	-32.194	-4.373	13.062	94
N	-31.421	-3.429	12.517	95
CA	-30.706	-2.405	13.304	95
C	-31.649	-1.443	14.052	95
N	-32.816	-1.132	13.48	96
CA	-33.785	-0.177	14.039	96
C	-34.614	-0.746	15.194	96
N	-34.998	-2.022	15.113	97
CA	-35.9	-2.672	16.079	97
C	-35.2	-3.692	16.973	97
N	-33.953	-4.054	16.656	98
CA	-33.181	-5.123	17.296	98
C	-33.841	-6.516	17.228	98
N	-34.832	-6.683	16.341	99
CA	-35.53	-7.953	16.122	99
C	-34.686	-8.899	15.29	99
N	-34.708	-10.174	15.653	100
CA	-34.013	-11.233	14.926	100
C	-34.699	-11.467	13.574	100
N	-33.947	-11.306	12.49	101
CA	-34.344	-11.61	11.106	101
C	-33.713	-12.911	10.594	101
N	-32.74	-13.463	11.319	102
CA	-32.18	-14.783	11.056	102
C	-31.35	-15.3	12.222	102
N	-31.19	-16.611	12.326	103
CA	-30.408	-17.253	13.377	103
C	-29.879	-18.612	12.906	103
N	-28.811	-19.116	13.517	104
CA	-28.322	-20.471	13.249	104
C	-29.038	-21.516	14.102	104
N	-29.28	-22.7	13.543	105
CA	-30.045	-23.773	14.204	105
C	-29.471	-24.178	15.583	105
N	-28.146	-24.11	15.747	106
CA	-27.466	-24.402	17.012	106
C	-27.585	-23.296	18.088	106
N	-28.245	-22.16	17.812	107
CA	-28.516	-21.118	18.812	107
C	-29.251	-21.68	20.034	107
N	-30.214	-22.588	19.834	108
CA	-30.991	-23.171	20.931	108
C	-30.111	-23.932	21.925	108
N	-29.175	-24.729	21.412	109
CA	-28.258	-25.525	22.22	109
C	-27.209	-24.643	22.914	109
N	-26.57	-23.729	22.17	110
CA	-25.474	-22.904	22.691	110
C	-25.956	-21.87	23.713	110
N	-27.088	-21.212	23.451	111
CA	-27.676	-20.246	24.379	111
C	-28.504	-20.919	25.482	111
N	-28.8	-22.221	25.383	112
CA	-29.582	-22.977	26.367	112
C	-31.054	-22.571	26.408	112
N	-31.67	-22.467	25.231	113
CA	-33.077	-22.108	25.028	113
C	-33.992	-23.342	24.902	113
N	-33.441	-24.559	24.974	114
CA	-34.189	-25.824	24.849	114
C	-35.36	-25.945	25.845	114
N	-35.239	-25.362	27.048	115
CA	-36.295	-25.399	28.08	115
C	-37.509	-24.507	27.785	115
N	-37.446	-23.606	26.8	116
CA	-38.594	-22.776	26.397	116
C	-39.493	-23.455	25.34	116
N	-39.131	-24.659	24.872	117
CA	-39.793	-25.364	23.758	117
C	-41.115	-26.05	24.162	117
N	-41.41	-26.241	25.457	118
CA	-42.659	-26.906	25.899	118
C	-43.953	-26.138	25.547	118
N	-43.833	-24.953	24.949	119
CA	-44.937	-24.296	24.255	119
C	-44.965	-24.765	22.798	119
N	-45.89	-25.666	22.436	120
CA	-46.161	-26.151	21.055	120
C	-46.399	-25.059	19.979	120
N	-46.252	-23.778	20.31	121
CA	-46.487	-22.62	19.449	121
C	-45.25	-21.731	19.213	121
N	-44.098	-21.978	19.856	122
CA	-42.893	-21.157	19.647	122
C	-42.075	-21.667	18.444	122
N	-42.572	-21.424	17.228	123
CA	-41.844	-21.721	15.987	123
C	-40.767	-20.65	15.713	123
N	-39.641	-20.711	16.432	124
CA	-38.401	-20.003	16.07	124
C	-38.082	-18.718	16.846	124
N	-36.9	-18.153	16.564	125
CA	-36.404	-16.902	17.159	125
C	-36.716	-15.658	16.31	125
N	-37.275	-15.819	15.107	126
CA	-37.566	-14.698	14.2	126
C	-38.584	-13.745	14.841	126
N	-38.303	-12.443	14.786	127
CA	-39.131	-11.38	15.359	127
C	-38.912	-11.125	16.855	127
N	-38.179	-11.995	17.559	128
CA	-37.815	-11.795	18.969	128
C	-36.758	-10.695	19.075	128
N	-36.858	-9.842	20.094	129
CA	-35.803	-8.882	20.432	129
C	-34.559	-9.631	20.934	129
N	-33.447	-9.513	20.207	130
CA	-32.216	-10.228	20.524	130
C	-31.626	-9.853	21.894	130
N	-31.89	-8.651	22.427	131
CA	-31.406	-8.253	23.763	131
C	-31.98	-9.138	24.874	131
N	-33.144	-9.754	24.639	132
CA	-33.804	-10.644	25.602	132
C	-33.085	-11.98	25.784	132
N	-32.219	-12.365	24.841	133
CA	-31.42	-13.589	24.916	133
C	-30.218	-13.453	25.863	133
N	-29.854	-12.222	26.226	134
CA	-28.691	-11.914	27.052	134
C	-29.087	-11.286	28.394	134
N	-28.124	-11.2	29.31	135
CA	-28.298	-10.413	30.537	135
C	-28.546	-8.938	30.187	135
N	-29.31	-8.186	31.004	136
CA	-29.588	-6.771	30.744	136
C	-28.356	-5.902	30.409	136
N	-27.212	-5.985	31.13	137
CA	-26.026	-5.204	30.768	137
C	-25.435	-5.622	29.417	137
N	-25.402	-6.922	29.112	138
CA	-24.925	-7.415	27.817	138
C	-25.823	-6.97	26.662	138
N	-27.147	-6.989	26.85	139
CA	-28.102	-6.463	25.872	139
C	-27.896	-4.969	25.601	139
N	-27.664	-4.171	26.648	140
CA	-27.363	-2.746	26.508	140
C	-26.034	-2.492	25.77	140
N	-24.987	-3.276	26.05	141
CA	-23.705	-3.177	25.338	141
C	-23.832	-3.523	23.853	141
N	-24.6	-4.564	23.512	142
CA	-24.881	-4.919	22.119	142
C	-25.639	-3.804	21.391	142
N	-26.672	-3.234	22.019	143
CA	-27.438	-2.13	21.445	143
C	-26.57	-0.875	21.243	143
N	-25.723	-0.534	22.227	144
CA	-24.765	0.579	22.123	144
C	-23.82	0.385	20.939	144
N	-23.276	-0.816	20.77	145
CA	-22.348	-1.074	19.684	145
C	-23.034	-1.118	18.323	145
N	-24.213	-1.736	18.211	146
CA	-24.994	-1.726	16.977	146
C	-25.343	-0.298	16.522	146
N	-25.516	0.65	17.449	147
CA	-25.704	2.066	17.128	147
C	-24.408	2.805	16.714	147
N	-23.223	2.219	16.926	148
CA	-21.938	2.834	16.565	148
C	-21.711	2.801	15.06	148
N	-21.259	3.909	14.464	149
CA	-20.962	3.967	13.023	149
C	-19.89	2.955	12.606	149
N	-18.847	2.774	13.414	150
CA	-17.798	1.774	13.179	150
C	-17.898	0.633	14.192	150
N	-18.76	-0.347	13.893	151
CA	-18.982	-1.521	14.754	151
C	-17.706	-2.36	14.896	151
N	-16.936	-2.523	13.815	152
CA	-15.791	-3.441	13.776	152
C	-14.717	-3.123	14.819	152
N	-14.56	-1.845	15.184	153
CA	-13.573	-1.375	16.164	153
C	-13.99	-1.651	17.619	153
N	-15.261	-1.996	17.851	154
CA	-15.794	-2.382	19.161	154
C	-15.781	-3.901	19.377	154
N	-15.407	-4.678	18.357	155
CA	-15.335	-6.125	18.471	155
C	-14.066	-6.566	19.227	155
N	-14.149	-7.622	20.055	156
CA	-15.363	-8.348	20.419	156
C	-16.101	-7.666	21.581	156
N	-17.424	-7.809	21.617	157
CA	-18.25	-7.38	22.749	157
C	-18.511	-8.57	23.649	157
N	-18.389	-8.366	24.952	158
CA	-18.654	-9.43	25.899	158
C	-20.137	-9.54	26.237	158
N	-20.7	-10.734	26.05	159
CA	-22.1	-10.999	26.377	159
C	-22.288	-12.283	27.168	159
N	-23.275	-12.273	28.059	160
CA	-23.671	-13.433	28.85	160
C	-25.059	-13.893	28.43	160
N	-25.189	-15.175	28.09	161
CA	-26.488	-15.769	27.798	161
C	-27.389	-15.705	29.039	161
N	-28.646	-15.287	28.87	162
CA	-29.569	-15.063	29.992	162
C	-29.837	-16.334	30.8	162
N	-30.092	-17.45	30.122	163
CA	-30.531	-18.711	30.746	163
C	-29.377	-19.504	31.352	163
N	-28.238	-19.575	30.659	164
CA	-27.088	-20.396	31.076	164
C	-25.994	-19.609	31.785	164
N	-26.015	-18.271	31.716	165
CA	-24.937	-17.385	32.183	165
C	-23.562	-17.716	31.577	165
N	-23.532	-18.446	30.454	166
CA	-22.292	-18.734	29.736	166
C	-21.804	-17.473	29.012	166
N	-20.495	-17.177	29.06	167
CA	-19.921	-16.032	28.372	167
C	-19.662	-16.331	26.889	167
N	-19.877	-15.325	26.046	168
CA	-19.598	-15.353	24.612	168
C	-18.86	-14.085	24.184	168
N	-17.976	-14.23	23.2	169
CA	-17.558	-13.117	22.359	169
C	-18.655	-12.876	21.327	169
N	-19.229	-11.679	21.321	170
CA	-20.11	-11.208	20.269	170
C	-19.295	-10.38	19.272	170
N	-19.209	-10.866	18.038	171
CA	-18.548	-10.202	16.921	171
C	-19.642	-9.686	15.995	171
N	-19.765	-8.368	15.895	172
CA	-20.828	-7.717	15.145	172
C	-20.301	-7.219	13.798	172
N	-21.094	-7.362	12.742	173
CA	-20.796	-6.785	11.429	173
C	-22.077	-6.389	10.697	173
N	-22.011	-5.299	9.924	174
CA	-23.15	-4.812	9.134	174
C	-23.26	-5.549	7.808	174
N	-24.496	-5.837	7.422	175
CA	-24.88	-6.423	6.138	175
C	-25.969	-5.566	5.475	175
N	-26.386	-5.941	4.267	176
CA	-27.364	-5.212	3.447	176
C	-28.76	-5.068	4.076	176
N	-29.103	-5.922	5.042	177
CA	-30.432	-5.97	5.676	177
C	-30.413	-5.73	7.19	177
N	-29.244	-5.498	7.797	178
CA	-29.125	-5.34	9.248	178
C	-27.731	-5.649	9.792	178
N	-27.668	-6.211	11.0	179
CA	-26.419	-6.555	11.7	179
C	-26.381	-8.049	11.988	179
N	-25.263	-8.695	11.681	180
CA	-24.988	-10.078	12.078	180
C	-24.112	-10.07	13.326	180
N	-24.454	-10.929	14.278	181
CA	-23.803	-11.14	15.563	181
C	-23.327	-12.592	15.593	181
N	-22.031	-12.798	15.392	182
CA	-21.391	-14.094	15.59	182
C	-21.042	-14.257	17.075	182
N	-21.508	-15.344	17.681	183
CA	-21.334	-15.667	19.092	183
C	-20.384	-16.85	19.227	183
N	-19.189	-16.57	19.729	184
CA	-18.167	-17.577	19.988	184
C	-18.076	-17.855	21.494	184
N	-18.166	-19.12	21.944	185
CA	-18.039	-19.452	23.359	185
C	-16.702	-18.969	23.941	185
N	-16.758	-18.215	25.04	186
CA	-15.575	-17.769	25.772	186
C	-15.305	-18.687	26.978	186
N	-14.033	-18.875	27.354	187
CA	-13.666	-19.64	28.561	187
C	-13.58	-18.698	29.757	187
N	-14.157	-19.073	30.903	188
CA	-14.041	-18.329	32.178	188
C	-12.61	-18.225	32.734	188
N	-11.659	-18.989	32.195	189
CA	-10.24	-18.934	32.558	189
C	-9.384	-18.131	31.575	189
N	-9.961	-17.59	30.498	190
CA	-9.187	-16.873	29.487	190
C	-8.661	-15.556	30.093	190
N	-7.339	-15.312	30.177	191
CA	-6.82	-14.006	30.592	191
C	-7.42	-12.866	29.751	191
N	-7.844	-13.183	28.517	192
CA	-8.581	-12.327	27.591	192
C	-10.003	-11.911	28.04	192
N	-10.475	-12.317	29.227	193
CA	-11.802	-11.965	29.764	193
C	-11.934	-10.504	30.205	193
N	-10.831	-9.829	30.53	194
CA	-10.847	-8.407	30.886	194
C	-10.382	-7.546	29.709	194
N	-10.726	-6.251	29.72	195
CA	-10.147	-5.258	28.801	195
C	-8.604	-5.353	28.793	195
N	-8.009	-5.667	29.951	196
CA	-6.575	-5.891	30.1	196
C	-6.058	-7.099	29.3	196
N	-6.867	-8.136	29.078	197
CA	-6.481	-9.317	28.305	197
C	-6.527	-9.127	26.78	197
N	-7.461	-8.312	26.274	198
CA	-7.432	-7.853	24.879	198
C	-6.176	-7.003	24.621	198
N	-5.886	-6.087	25.547	199
CA	-4.668	-5.27	25.537	199
C	-3.416	-6.132	25.694	199
N	-3.454	-7.204	26.486	200
CA	-2.348	-8.155	26.604	200
C	-2.064	-8.865	25.275	200
N	-3.104	-9.276	24.545	201
CA	-2.951	-9.881	23.214	201
C	-2.321	-8.889	22.228	201
N	-2.713	-7.613	22.293	202
CA	-2.101	-6.543	21.499	202
C	-0.661	-6.233	21.929	202
N	-0.339	-6.267	23.228	203
CA	1.039	-6.14	23.74	203
C	1.941	-7.252	23.198	203
N	1.432	-8.484	23.098	204
CA	2.161	-9.586	22.461	204
C	2.407	-9.311	20.972	204
N	1.4	-8.816	20.245	205
CA	1.577	-8.391	18.857	205
C	2.614	-7.264	18.736	205
N	2.622	-6.287	19.644	206
CA	3.573	-5.161	19.624	206
C	4.995	-5.622	19.874	206
N	5.203	-6.587	20.773	207
CA	6.519	-7.206	20.95	207
C	7.006	-7.866	19.655	207
N	6.122	-8.572	18.949	208
CA	6.429	-9.147	17.642	208
C	6.711	-8.056	16.589	208
N	5.951	-6.956	16.586	209
CA	6.161	-5.806	15.69	209
C	7.51	-5.136	15.957	209
N	7.863	-4.878	17.218	210
CA	9.168	-4.314	17.576	210
C	10.311	-5.233	17.138	210
N	10.133	-6.563	17.216	211
CA	11.104	-7.527	16.674	211
C	11.237	-7.375	15.156	211
N	10.125	-7.309	14.417	212
CA	10.124	-7.118	12.958	212
C	10.796	-5.8	12.54	212
N	10.507	-4.7	13.239	213
CA	11.081	-3.376	12.962	213
C	12.567	-3.264	13.337	213
N	13.059	-4.119	14.241	214
CA	14.471	-4.141	14.657	214
C	15.389	-4.932	13.724	214
N	14.826	-5.646	12.745	215
CA	15.613	-6.404	11.78	215
C	16.425	-5.447	10.894	215
N	17.624	-5.855	10.443	216
CA	18.319	-5.109	9.406	216
C	17.43	-5.057	8.157	216
N	17.351	-3.887	7.521	217
CA	16.682	-3.764	6.226	217
C	17.371	-4.615	5.153	217
N	16.735	-4.722	3.984	218
CA	17.17	-5.426	2.757	218
C	16.743	-6.899	2.631	218
N	16.514	-7.622	3.733	219
CA	16.174	-9.052	3.68	219
C	14.68	-9.329	3.933	219
N	13.908	-9.364	2.84	220
CA	12.489	-9.762	2.859	220
C	12.322	-11.207	3.367	220
N	13.298	-12.089	3.126	221
CA	13.282	-13.473	3.599	221
C	13.328	-13.539	5.123	221
N	14.281	-12.834	5.738	222
CA	14.4	-12.73	7.198	222
C	13.148	-12.119	7.849	222
N	12.538	-11.124	7.195	223
CA	11.275	-10.532	7.636	223
C	10.133	-11.569	7.61	223
N	10.04	-12.368	6.54	224
CA	9.052	-13.442	6.404	224
C	9.265	-14.567	7.435	224
N	10.507	-14.982	7.675	225
CA	10.826	-16.013	8.67	225
C	10.459	-15.554	10.084	225
N	10.772	-14.299	10.408	226
CA	10.456	-13.725	11.718	226
C	8.949	-13.659	11.962	226
N	8.147	-13.26	10.966	227
CA	6.69	-13.173	11.156	227
C	6.056	-14.552	11.337	227
N	6.565	-15.552	10.623	228
CA	6.1	-16.935	10.695	228
C	6.383	-17.536	12.076	228
N	7.564	-17.278	12.644	229
CA	7.897	-17.648	14.024	229
C	6.964	-16.998	15.054	229
N	6.713	-15.691	14.939	230
CA	5.875	-14.967	15.899	230
C	4.413	-15.422	15.832	230
N	3.864	-15.629	14.631	231
CA	2.503	-16.163	14.482	231
C	2.408	-17.599	14.998	231
N	3.423	-18.442	14.784	232
CA	3.417	-19.792	15.348	232
C	3.409	-19.754	16.882	232
N	4.197	-18.873	17.512	233
CA	4.19	-18.691	18.976	233
C	2.835	-18.204	19.498	233
N	2.178	-17.287	18.784	234
CA	0.874	-16.735	19.178	234
C	-0.273	-17.74	19.019	234
N	-0.256	-18.531	17.946	235
CA	-1.405	-19.359	17.546	235
C	-1.234	-20.843	17.876	235
N	0.006	-21.326	17.984	236
CA	0.365	-22.725	18.23	236
C	-0.055	-23.697	17.121	236
N	-0.165	-23.231	15.874	237
CA	-0.43	-24.096	14.718	237
C	0.775	-24.989	14.384	237
N	0.52	-26.132	13.731	238
CA	1.585	-27.109	13.445	238
C	2.498	-26.614	12.324	238
N	1.925	-25.927	11.333	239
CA	2.62	-25.291	10.216	239
C	2.126	-23.857	10.085	239
N	3.038	-22.912	9.903	240
CA	2.745	-21.526	9.531	240
C	3.633	-21.164	8.349	240
N	3.068	-20.539	7.322	241
CA	3.788	-20.232	6.091	241
C	3.339	-18.911	5.473	241
N	4.256	-18.232	4.787	242
CA	3.956	-17.061	3.956	242
C	3.804	-17.519	2.516	242
N	2.631	-17.257	1.955	243
CA	2.255	-17.554	0.585	243
C	2.191	-16.25	-0.219	243
N	3.125	-16.036	-1.143	244
CA	3.232	-14.834	-1.981	244
C	2.482	-15.033	-3.296	244
N	1.698	-14.045	-3.731	245
CA	1.118	-14.022	-5.078	245
C	2.066	-13.341	-6.071	245
N	2.305	-13.994	-7.202	246
CA	3.046	-13.449	-8.338	246
C	2.123	-12.66	-9.282	246
N	2.678	-12.055	-10.333	247
CA	1.922	-11.171	-11.238	247
C	0.885	-11.89	-12.106	247
N	1.153	-13.147	-12.43	248
CA	0.271	-14.094	-13.113	248
C	-0.664	-14.829	-12.137	248
N	-0.802	-14.311	-10.914	249
CA	-1.711	-14.789	-9.881	249
C	-1.405	-16.197	-9.323	249
N	-0.398	-16.934	-9.799	250
CA	0.069	-18.125	-9.078	250
C	0.716	-17.706	-7.748	250
N	0.936	-18.647	-6.834	251
CA	1.627	-18.303	-5.6	251
C	2.636	-19.312	-5.105	251
N	3.495	-18.824	-4.225	252
CA	4.726	-19.463	-3.778	252
C	4.81	-19.416	-2.259	252
N	5.235	-20.516	-1.645	253
CA	5.58	-20.522	-0.223	253
C	7.001	-19.989	-0.04	253
N	7.122	-18.721	0.349	254
CA	8.418	-18.027	0.495	254
C	9.063	-18.227	1.868	254
N	8.271	-18.567	2.886	255
CA	8.75	-18.86	4.241	255
C	7.821	-19.866	4.918	255
N	8.376	-20.74	5.756	256
CA	7.639	-21.782	6.469	256
C	8.32	-22.14	7.797	256
N	7.523	-22.243	8.861	257
CA	7.863	-22.965	10.087	257
C	6.871	-24.103	10.277	257
N	7.359	-25.256	10.723	258
CA	6.518	-26.436	10.912	258
C	7.033	-27.342	12.016	258
N	6.148	-28.201	12.509	259
CA	6.494	-29.364	13.325	259
C	7.37	-30.324	12.509	259
N	8.345	-30.951	13.157	260
CA	9.432	-31.69	12.498	260
C	9.0	-32.93	11.705	260
N	7.831	-33.497	11.997	261
CA	7.236	-34.657	11.321	261
C	6.493	-34.308	10.021	261
N	6.279	-33.021	9.734	262
CA	5.551	-32.577	8.549	262
C	6.49	-32.323	7.364	262
N	6.026	-32.686	6.168	263
CA	6.737	-32.425	4.913	263
C	6.92	-30.913	4.665	263
N	8.089	-30.455	4.187	264
CA	8.32	-29.045	3.884	264
C	7.508	-28.579	2.676	264
N	6.849	-27.425	2.805	265
CA	6.242	-26.717	1.674	265
C	7.067	-25.532	1.169	265
N	8.182	-25.214	1.828	266
CA	9.06	-24.113	1.445	266
C	9.535	-24.199	-0.018	266
N	9.37	-23.092	-0.741	267
CA	9.726	-22.929	-2.146	267
C	8.768	-23.61	-3.119	267
N	7.664	-24.209	-2.65	268
CA	6.669	-24.824	-3.525	268
C	5.75	-23.763	-4.131	268
N	5.573	-23.828	-5.447	269
CA	4.604	-23.011	-6.17	269
C	3.294	-23.77	-6.429	269
N	2.197	-23.015	-6.466	270
CA	0.821	-23.475	-6.618	270
C	0.084	-22.591	-7.641	270
N	-0.753	-23.17	-8.516	271
CA	-1.471	-22.433	-9.553	271
C	-2.523	-21.468	-8.997	271
N	-2.889	-20.474	-9.812	272
CA	-3.825	-19.42	-9.426	272
C	-5.22	-19.938	-9.016	272
N	-5.662	-21.065	-9.583	273
CA	-6.967	-21.694	-9.316	273
C	-7.088	-22.273	-7.902	273
N	-5.97	-22.577	-7.229	274
CA	-5.984	-23.141	-5.87	274
C	-6.481	-22.114	-4.833	274
N	-6.286	-20.817	-5.106	275
CA	-6.911	-19.714	-4.366	275
C	-7.75	-18.894	-5.352	275
N	-9.052	-19.212	-5.482	276
CA	-9.935	-18.548	-6.43	276
C	-9.949	-17.03	-6.264	276
N	-10.157	-16.309	-7.356	277
CA	-10.146	-14.854	-7.385	277
C	-11.214	-14.24	-6.469	277
N	-12.387	-14.873	-6.363	278
CA	-13.417	-14.477	-5.402	278
C	-12.916	-14.565	-3.95	278
N	-12.124	-15.588	-3.613	279
CA	-11.5	-15.718	-2.292	279
C	-10.466	-14.618	-2.056	279
N	-9.644	-14.276	-3.057	280
CA	-8.688	-13.151	-2.97	280
C	-9.397	-11.822	-2.736	280
N	-10.495	-11.58	-3.453	281
CA	-11.321	-10.389	-3.267	281
C	-11.89	-10.32	-1.845	281
N	-12.373	-11.447	-1.319	282
CA	-12.847	-11.526	0.059	282
C	-11.734	-11.288	1.08	282
N	-10.516	-11.792	0.86	283
CA	-9.378	-11.547	1.756	283
C	-8.961	-10.073	1.814	283
N	-9.228	-9.293	0.757	284
CA	-9.046	-7.834	0.796	284
C	-10.061	-7.138	1.71	284
N	-11.277	-7.679	1.829	285
CA	-12.342	-7.129	2.677	285
C	-12.242	-7.633	4.119	285
N	-12.18	-8.952	4.287	286
CA	-12.036	-9.628	5.564	286
C	-10.656	-10.289	5.628	286
N	-9.761	-9.67	6.398	287
CA	-8.336	-10.007	6.425	287
C	-8.028	-11.29	7.183	287
N	-8.976	-11.873	7.923	288
CA	-8.751	-13.092	8.713	288
C	-9.861	-14.11	8.471	288
N	-9.483	-15.359	8.19	289
CA	-10.413	-16.482	8.02	289
C	-9.928	-17.671	8.837	289
N	-10.799	-18.231	9.673	290
CA	-10.515	-19.448	10.438	290
C	-11.463	-20.575	10.029	290
N	-10.908	-21.769	9.877	291
CA	-11.606	-23.041	9.727	291
C	-11.157	-23.909	10.897	291
N	-12.061	-24.208	11.827	292
CA	-11.696	-24.991	13.012	292
C	-11.536	-26.476	12.716	292
N	-12.398	-27.0	11.851	293
CA	-12.452	-28.407	11.48	293
C	-13.144	-28.527	10.117	293
N	-12.407	-28.984	9.104	294
CA	-12.933	-29.182	7.755	294
C	-13.926	-30.352	7.638	294
N	-13.987	-31.248	8.628	295
CA	-14.93	-32.37	8.683	295
C	-16.179	-32.069	9.519	295
N	-16.237	-30.905	10.168	296
CA	-17.35	-30.55	11.029	296
C	-18.668	-30.437	10.25	296
N	-19.753	-30.945	10.847	297
CA	-21.09	-30.874	10.252	297
C	-21.548	-29.406	10.152	297
N	-21.899	-28.907	8.953	298
CA	-22.418	-27.553	8.783	298
C	-23.714	-27.309	9.558	298
N	-23.901	-26.08	10.04	299
CA	-25.138	-25.638	10.698	299
C	-25.914	-24.724	9.761	299
N	-27.22	-24.969	9.635	300
CA	-28.107	-24.177	8.782	300
C	-28.459	-22.841	9.431	300
N	-28.465	-21.781	8.626	301
CA	-29.035	-20.481	8.992	301
C	-30.508	-20.461	8.591	301
N	-31.374	-20.191	9.56	302
CA	-32.813	-20.009	9.395	302
C	-33.059	-18.503	9.35	302
N	-33.682	-18.009	8.286	303
CA	-33.901	-16.58	8.065	303
C	-35.377	-16.287	7.787	303
N	-35.79	-15.033	7.971	304
CA	-37.146	-14.573	7.664	304
C	-37.482	-14.787	6.184	304
N	-38.71	-15.228	5.906	305
CA	-39.24	-15.388	4.542	305
C	-39.381	-14.045	3.803	305
N	-39.375	-12.925	4.533	306
CA	-39.422	-11.568	3.971	306
C	-38.13	-11.188	3.222	306
N	-37.025	-11.888	3.496	307
CA	-35.737	-11.626	2.868	307
C	-35.698	-12.213	1.452	307
N	-35.518	-11.342	0.451	308
CA	-35.483	-11.717	-0.981	308
C	-34.325	-12.639	-1.367	308
N	-33.253	-12.633	-0.585	309
CA	-32.035	-13.393	-0.844	309
C	-31.439	-13.907	0.471	309
N	-30.589	-14.949	0.439	310
CA	-29.948	-15.443	1.648	310
C	-29.041	-14.385	2.288	310
N	-28.896	-14.42	3.612	311
CA	-28.057	-13.471	4.355	311
C	-26.604	-13.464	3.844	311
N	-26.007	-12.272	3.76	312
CA	-24.598	-12.106	3.409	312
C	-23.705	-12.478	4.598	312
N	-22.823	-13.463	4.422	313
CA	-21.93	-13.981	5.467	313
C	-20.458	-13.643	5.216	313
N	-20.167	-12.705	4.314	314
CA	-18.796	-12.342	3.908	314
C	-17.899	-11.989	5.098	314
N	-18.423	-11.182	6.021	315
CA	-17.713	-10.72	7.214	315
C	-17.903	-11.641	8.429	315
N	-18.716	-12.699	8.31	316
CA	-18.958	-13.611	9.427	316
C	-17.735	-14.47	9.719	316
N	-17.331	-14.51	10.991	317
CA	-16.237	-15.374	11.464	317
C	-16.625	-16.85	11.405	317
N	-17.932	-17.132	11.416	318
CA	-18.515	-18.468	11.4	318
C	-18.842	-18.962	9.988	318
N	-18.64	-18.161	8.933	319
CA	-18.963	-18.562	7.553	319
C	-18.335	-19.913	7.188	319
N	-19.159	-20.843	6.696	320
CA	-18.713	-22.178	6.292	320
C	-17.702	-22.118	5.121	320
N	-16.618	-22.916	5.138	321
CA	-15.794	-23.135	3.949	321
C	-16.577	-23.857	2.842	321
N	-16.202	-23.626	1.583	322
CA	-16.823	-24.332	0.462	322
C	-16.402	-25.811	0.438	322
N	-17.286	-26.704	-0.024	323
CA	-17.06	-28.158	-0.004	323
C	-15.82	-28.622	-0.783	323
N	-15.517	-27.956	-1.899	324
CA	-14.299	-28.223	-2.665	324
C	-13.04	-27.907	-1.833	324
N	-13.031	-26.783	-1.113	325
CA	-11.909	-26.375	-0.273	325
C	-11.73	-27.296	0.941	325
N	-12.817	-27.76	1.57	326
CA	-12.715	-28.75	2.658	326
C	-12.117	-30.07	2.179	326
N	-12.462	-30.518	0.965	327
CA	-11.865	-31.722	0.383	327
C	-10.381	-31.516	0.054	327
N	-10.023	-30.344	-0.475	328
CA	-8.637	-29.968	-0.745	328
C	-7.789	-29.973	0.537	328
N	-8.284	-29.354	1.616	329
CA	-7.635	-29.355	2.933	329
C	-7.438	-30.771	3.49	329
N	-8.485	-31.602	3.441	330
CA	-8.419	-32.99	3.889	330
C	-7.379	-33.798	3.094	330
N	-7.313	-33.601	1.772	331
CA	-6.327	-34.251	0.904	331
C	-4.886	-33.775	1.166	331
N	-4.707	-32.56	1.69	332
CA	-3.416	-32.037	2.154	332
C	-3.045	-32.481	3.58	332
N	-3.904	-33.239	4.27	333
CA	-3.697	-33.633	5.668	333
C	-3.857	-32.488	6.677	333
N	-4.55	-31.406	6.304	334
CA	-4.784	-30.239	7.166	334
C	-6.252	-30.189	7.592	334
N	-6.527	-30.242	8.899	335
CA	-7.898	-30.269	9.444	335
C	-8.376	-28.868	9.83	335
N	-7.516	-28.089	10.49	336
CA	-7.793	-26.699	10.841	336
C	-6.898	-25.746	10.045	336
N	-7.423	-24.56	9.739	337
CA	-6.705	-23.513	9.017	337
C	-7.004	-22.126	9.584	337
N	-5.978	-21.292	9.721	338
CA	-6.112	-19.86	9.984	338
C	-5.344	-19.116	8.897	338
N	-6.033	-18.262	8.153	339
CA	-5.464	-17.511	7.036	339
C	-5.592	-16.029	7.317	339
N	-4.51	-15.29	7.092	340
CA	-4.481	-13.842	7.225	340
C	-3.947	-13.171	5.963	340
N	-4.582	-12.08	5.553	341
CA	-4.232	-11.348	4.349	341
C	-3.027	-10.431	4.579	341
N	-2.014	-10.55	3.721	342
CA	-0.882	-9.624	3.672	342
C	-1.213	-8.576	2.612	342
N	-1.692	-7.424	3.073	343
CA	-2.092	-6.307	2.213	343
C	-1.007	-5.244	2.237	343
N	-0.616	-4.796	1.05	344
CA	0.357	-3.726	0.848	344
C	-0.354	-2.558	0.17	344
N	-0.328	-1.391	0.81	345
CA	-0.919	-0.172	0.271	345
C	0.126	0.566	-0.574	345
N	0.033	0.422	-1.899	346
CA	0.849	1.195	-2.835	346
C	0.293	2.605	-3.066	346
N	0.975	3.401	-3.905	347
CA	0.563	4.781	-4.249	347
C	-0.844	4.884	-4.865	347
N	-1.246	3.911	-5.692	348
CA	-2.482	3.989	-6.49	348
C	-3.593	3.023	-6.05	348
N	-3.267	1.926	-5.355	349
CA	-4.248	0.922	-4.94	349
C	-3.714	-0.011	-3.843	349
N	-4.643	-0.618	-3.102	350
CA	-4.355	-1.69	-2.148	350
C	-4.186	-3.026	-2.887	350
N	-3.014	-3.651	-2.734	351
CA	-2.679	-4.942	-3.353	351
C	-2.651	-6.029	-2.284	351
N	-3.254	-7.177	-2.591	352
CA	-3.05	-8.395	-1.81	352
C	-1.71	-8.982	-2.261	352
N	-0.659	-8.8	-1.464	353
CA	0.682	-9.298	-1.784	353
C	0.779	-10.808	-1.561	353
N	0.077	-11.307	-0.546	354
CA	0.119	-12.708	-0.164	354
C	-0.858	-13.036	0.954	354
N	-0.745	-14.252	1.469	355
CA	-1.46	-14.752	2.633	355
C	-0.46	-15.363	3.611	355
N	-0.664	-15.149	4.904	356
CA	-0.046	-15.967	5.935	356
C	-1.022	-17.091	6.291	356
N	-0.606	-18.334	6.073	357
CA	-1.451	-19.525	6.183	357
C	-0.937	-20.406	7.311	357
N	-1.807	-20.729	8.259	358
CA	-1.528	-21.641	9.356	358
C	-2.331	-22.929	9.159	358
N	-1.685	-24.096	9.164	359
CA	-2.332	-25.411	9.084	359
C	-2.09	-26.237	10.351	359
N	-3.114	-26.972	10.777	360
CA	-3.041	-27.878	11.921	360
C	-3.593	-29.252	11.548	360
N	-2.958	-30.294	12.076	361
CA	-3.303	-31.701	11.81	361
C	-4.521	-32.196	12.594	361
N	-5.071	-31.373	13.491	362
CA	-6.258	-31.672	14.3	362
C	-7.194	-30.457	14.384	362
N	-8.453	-30.618	14.839	363
CA	-9.343	-29.489	15.073	363
C	-8.728	-28.462	16.025	363
N	-8.741	-27.185	15.638	364
CA	-8.129	-26.113	16.431	364
C	-8.965	-24.846	16.414	364
N	-9.148	-24.274	17.597	365
CA	-9.824	-22.999	17.794	365
C	-8.838	-21.969	18.347	365
N	-8.838	-20.773	17.758	366
CA	-8.106	-19.6	18.253	366
C	-9.127	-18.548	18.653	366
N	-9.003	-18.02	19.872	367
CA	-9.928	-17.011	20.385	367
C	-9.894	-15.736	19.538	367
N	-11.017	-15.017	19.487	368
CA	-11.11	-13.772	18.725	368
C	-10.035	-12.731	19.105	368
N	-9.72	-12.47	20.394	369
CA	-8.671	-11.51	20.756	369
C	-7.285	-11.864	20.197	369
N	-6.926	-13.153	20.172	370
CA	-5.66	-13.61	19.577	370
C	-5.691	-13.455	18.057	370
N	-6.823	-13.747	17.4	371
CA	-6.98	-13.503	15.954	371
C	-6.863	-12.022	15.605	371
N	-7.461	-11.143	16.406	372
CA	-7.358	-9.694	16.236	372
C	-5.922	-9.189	16.445	372
N	-5.2	-9.74	17.426	373
CA	-3.78	-9.453	17.62	373
C	-2.92	-9.912	16.429	373
N	-3.209	-11.087	15.861	374
CA	-2.521	-11.56	14.662	374
C	-2.867	-10.694	13.441	374
N	-4.12	-10.25	13.296	375
CA	-4.499	-9.284	12.261	375
C	-3.68	-8.0	12.39	375
N	-3.598	-7.436	13.595	376
CA	-2.814	-6.235	13.856	376
C	-1.327	-6.429	13.517	376
N	-0.744	-7.573	13.891	377
CA	0.61	-7.956	13.484	377
C	0.751	-8.017	11.953	377
N	-0.247	-8.531	11.226	378
CA	-0.222	-8.596	9.756	378
C	-0.324	-7.23	9.094	378
N	-1.07	-6.302	9.69	379
CA	-1.122	-4.919	9.22	379
C	0.248	-4.247	9.358	379
N	0.887	-4.402	10.519	380
CA	2.227	-3.879	10.765	380
C	3.289	-4.542	9.872	380
N	3.201	-5.861	9.682	381
CA	4.049	-6.597	8.748	381
C	3.879	-6.091	7.312	381
N	2.648	-5.826	6.861	382
CA	2.385	-5.261	5.534	382
C	3.031	-3.886	5.324	382
N	3.041	-3.036	6.358	383
CA	3.729	-1.739	6.333	383
C	5.253	-1.897	6.246	383
N	5.842	-2.768	7.073	384
CA	7.284	-3.038	7.036	384
C	7.696	-3.647	5.692	384
N	6.94	-4.633	5.207	385
CA	7.176	-5.286	3.925	385
C	7.157	-4.283	2.769	385
N	6.222	-3.331	2.782	386
CA	6.183	-2.28	1.771	386
C	7.449	-1.425	1.781	386
N	7.905	-1.029	2.97	387
CA	9.139	-0.267	3.129	387
C	10.341	-1.052	2.589	387
N	10.471	-2.34	2.92	388
CA	11.555	-3.191	2.405	388
C	11.509	-3.352	0.88	388
N	10.32	-3.544	0.295	389
CA	10.155	-3.618	-1.166	389
C	10.599	-2.306	-1.827	389
N	10.257	-1.156	-1.238	390
CA	10.69	0.143	-1.754	390
C	12.202	0.331	-1.649	390
N	12.803	-0.011	-0.508	391
CA	14.249	0.071	-0.308	391
C	14.99	-0.824	-1.309	391
N	14.549	-2.074	-1.475	392
CA	15.11	-3.001	-2.455	392
C	14.98	-2.472	-3.896	392
N	13.834	-1.874	-4.246	393
CA	13.621	-1.246	-5.556	393
C	14.559	-0.058	-5.783	393
N	14.724	0.819	-4.787	394
CA	15.631	1.97	-4.865	394
C	17.094	1.533	-5.006	394
N	17.498	0.474	-4.304	395
CA	18.85	-0.076	-4.411	395
C	19.1	-0.735	-5.767	395
N	18.131	-1.497	-6.282	396
CA	18.198	-2.069	-7.622	396
C	18.328	-0.97	-8.687	396
N	17.538	0.1	-8.588	397
CA	17.623	1.26	-9.48	397
C	18.989	1.956	-9.387	397
N	19.502	2.193	-8.172	398
CA	20.845	2.757	-7.965	398
C	21.941	1.872	-8.567	398
N	21.824	0.544	-8.439	399
CA	22.749	-0.414	-9.063	399
C	22.684	-0.311	-10.584	399
N	21.482	-0.323	-11.162	400
CA	21.263	-0.188	-12.608	400
C	21.878	1.119	-13.116	400
N	21.615	2.25	-12.453	401
CA	22.174	3.554	-12.822	401
C	23.706	3.578	-12.735	401
N	24.291	2.984	-11.686	402
CA	25.752	2.883	-11.534	402
C	26.374	2.036	-12.645	402
N	25.794	0.87	-12.94	403
CA	26.237	0.011	-14.046	403
C	26.099	0.747	-15.372	403
N	24.948	1.366	-15.638	404
CA	24.707	2.141	-16.851	404
C	25.753	3.247	-17.024	404
N	26.04	4.022	-15.973	405
CA	27.039	5.104	-16.01	405
C	28.425	4.567	-16.37	405
N	28.808	3.419	-15.805	406
CA	30.083	2.768	-16.096	406
C	30.143	2.226	-17.535	406
N	29.069	1.597	-18.028	407
CA	28.982	1.146	-19.424	407
C	29.025	2.325	-20.411	407
N	28.431	3.468	-20.058	408
CA	28.489	4.689	-20.862	408
C	29.901	5.287	-20.912	408
N	30.613	5.359	-19.782	409
CA	32.015	5.806	-19.758	409
C	32.913	4.871	-20.589	409
N	32.671	3.556	-20.545	410
CA	33.37	2.586	-21.398	410
C	33.077	2.801	-22.888	410
N	31.817	3.048	-23.257	411
CA	31.398	3.351	-24.632	411
C	32.025	4.625	-25.202	411
N	32.253	5.631	-24.357	412
CA	32.906	6.877	-24.759	412
C	34.424	6.707	-24.938	412
N	35.031	5.717	-24.27	413
CA	36.482	5.457	-24.295	413
C	36.905	4.379	-25.291	413
N	36.048	3.398	-25.559	414
CA	36.374	2.17	-26.289	414
C	35.325	1.855	-27.372	414
N	35.696	1.042	-28.365	415
CA	34.757	0.562	-29.384	415
C	33.584	-0.212	-28.728	415
N	32.401	-0.341	-29.371	416
CA	31.21	-1.038	-28.833	416
C	31.459	-2.47	-28.312	416
N	32.588	-3.076	-28.684	417
CA	33.093	-4.351	-28.173	417
C	33.422	-4.329	-26.669	417
N	33.773	-3.166	-26.109	418
CA	34.144	-3.009	-24.701	418
C	33.033	-3.45	-23.746	418
N	31.769	-3.178	-24.088	419
CA	30.603	-3.521	-23.25	419
C	30.339	-5.036	-23.17	419
N	30.859	-5.802	-24.131	420
CA	30.672	-7.258	-24.211	420
C	31.861	-7.987	-23.581	420
N	33.082	-7.489	-23.797	421
CA	34.308	-8.177	-23.38	421
C	34.799	-7.812	-21.971	421
N	34.362	-6.687	-21.404	422
CA	34.811	-6.22	-20.09	422
C	33.744	-6.456	-19.009	422
N	34.166	-6.385	-17.744	423
CA	33.295	-6.457	-16.568	423
C	33.282	-5.101	-15.842	423
N	32.114	-4.488	-15.589	424
CA	30.778	-5.009	-15.867	424
C	30.454	-5.047	-17.363	424
N	29.676	-6.053	-17.745	425
CA	29.209	-6.284	-19.111	425
C	27.752	-5.844	-19.281	425
N	27.224	-5.912	-20.507	426
CA	25.78	-5.743	-20.764	426
C	24.884	-6.703	-19.96	426
N	25.398	-7.852	-19.499	427
CA	24.64	-8.775	-18.643	427
C	24.518	-8.28	-17.197	427
N	25.384	-7.369	-16.746	428
CA	25.318	-6.82	-15.385	428
C	24.283	-5.692	-15.255	428
N	23.766	-5.206	-16.391	429
CA	22.737	-4.169	-16.46	429
C	21.352	-4.704	-16.076	429
N	21.024	-5.928	-16.498	430
CA	19.707	-6.561	-16.316	430
C	19.878	-8.02	-15.918	430
N	18.95	-8.592	-15.144	431
CA	19.049	-10.013	-14.781	431
C	18.709	-10.873	-15.999	431
N	19.711	-11.472	-16.631	432
CA	19.548	-12.341	-17.797	432
C	20.489	-13.551	-17.742	432
N	20.133	-14.615	-18.464	433
CA	20.967	-15.817	-18.601	433
C	22.008	-15.682	-19.716	433
N	21.775	-14.765	-20.655	434
CA	22.715	-14.436	-21.711	434
C	22.373	-13.141	-22.434	434
N	23.332	-12.64	-23.201	435
CA	23.198	-11.446	-24.019	435
C	23.977	-11.596	-25.331	435
N	23.555	-10.894	-26.381	436
CA	24.243	-10.905	-27.666	436
C	24.31	-9.516	-28.305	436
N	25.436	-9.222	-28.953	437
CA	25.604	-8.075	-29.843	437
C	25.664	-8.587	-31.282	437
N	24.819	-8.046	-32.153	438
CA	24.897	-8.243	-33.597	438
C	25.369	-6.943	-34.243	438
N	26.563	-6.948	-34.838	439
CA	27.186	-5.764	-35.435	439
C	27.908	-6.138	-36.737	439
N	27.568	-5.454	-37.836	440
CA	28.127	-5.662	-39.186	440
C	28.241	-7.137	-39.641	440
N	27.265	-7.979	-39.28	441
CA	27.223	-9.398	-39.666	441
C	27.959	-10.356	-38.722	441
N	28.69	-9.828	-37.74	442
CA	29.324	-10.586	-36.666	442
C	28.404	-10.641	-35.435	442
N	28.401	-11.781	-34.743	443
CA	27.682	-11.975	-33.484	443
C	28.672	-12.206	-32.341	443
N	28.513	-11.471	-31.244	444
CA	29.191	-11.753	-29.981	444
C	28.165	-12.262	-28.984	444
N	28.415	-13.446	-28.435	445
CA	27.488	-14.177	-27.58	445
C	28.061	-14.278	-26.163	445
N	27.248	-13.967	-25.156	446
CA	27.588	-14.05	-23.736	446
C	26.551	-14.897	-23.002	446
N	26.991	-15.899	-22.243	447
CA	26.087	-16.759	-21.472	447
C	25.203	-17.66	-22.346	447
N	23.963	-17.885	-21.91	448
CA	22.977	-18.74	-22.59	448
C	22.277	-17.956	-23.694	448
N	22.657	-18.216	-24.941	449
CA	22.161	-17.492	-26.118	449
C	21.763	-18.465	-27.23	449
N	20.888	-18.051	-28.165	450
CA	20.7	-18.766	-29.421	450
C	22.011	-18.869	-30.207	450
N	22.096	-19.844	-31.11	451
CA	23.234	-19.935	-32.038	451
C	23.326	-18.689	-32.923	451
N	24.513	-18.388	-33.456	452
CA	24.721	-17.232	-34.342	452
C	23.712	-17.176	-35.508	452
N	23.389	-18.327	-36.107	453
CA	22.396	-18.426	-37.176	453
C	20.977	-18.071	-36.697	453
N	20.608	-18.482	-35.481	454
CA	19.313	-18.153	-34.881	454
C	19.232	-16.68	-34.462	454
N	20.321	-16.073	-33.974	455
CA	20.35	-14.626	-33.675	455
C	20.124	-13.804	-34.948	455
N	20.723	-14.222	-36.071	456
CA	20.499	-13.609	-37.39	456
C	19.037	-13.739	-37.838	456
N	18.446	-14.928	-37.711	457
CA	17.027	-15.179	-38.028	457
C	16.072	-14.314	-37.177	457
N	16.349	-14.173	-35.876	458
CA	15.574	-13.303	-34.976	458
C	15.693	-11.829	-35.391	458
N	16.89	-11.358	-35.757	459
CA	17.088	-9.984	-36.219	459
C	16.298	-9.694	-37.511	459
N	16.257	-10.647	-38.448	460
CA	15.447	-10.556	-39.669	460
C	13.943	-10.532	-39.36	460
N	13.476	-11.399	-38.456	461
CA	12.084	-11.423	-37.995	461
C	11.659	-10.112	-37.31	461
N	12.527	-9.516	-36.486	462
CA	12.262	-8.216	-35.859	462
C	12.126	-7.101	-36.899	462
N	12.934	-7.124	-37.96	463
CA	12.831	-6.154	-39.049	463
C	11.545	-6.336	-39.868	463
N	11.098	-7.575	-40.102	464
CA	9.896	-7.854	-40.898	464
C	8.59	-7.601	-40.142	464
N	8.516	-7.999	-38.868	465
CA	7.273	-7.997	-38.089	465
C	7.175	-6.82	-37.108	465
N	8.314	-6.258	-36.693	466
CA	8.409	-5.183	-35.7	466
C	9.236	-3.985	-36.208	466
N	9.268	-3.765	-37.53	467
CA	10.109	-2.759	-38.19	467
C	9.929	-1.314	-37.695	467
N	8.758	-0.954	-37.169	468
CA	8.49	0.388	-36.63	468
C	8.958	0.563	-35.171	468
N	9.328	-0.519	-34.476	469
CA	9.707	-0.469	-33.06	469
C	11.209	-0.274	-32.851	469
N	11.6	0.486	-31.83	470
CA	13.003	0.601	-31.395	470
C	13.476	-0.624	-30.607	470
N	12.571	-1.489	-30.159	471
CA	12.897	-2.704	-29.421	471
C	11.676	-3.588	-29.186	471
N	11.893	-4.797	-28.687	472
CA	10.84	-5.734	-28.318	472
C	11.236	-6.409	-27.01	472
N	10.292	-6.507	-26.083	473
CA	10.434	-7.284	-24.853	473
C	9.332	-8.331	-24.813	473
N	9.708	-9.577	-24.555	474
CA	8.786	-10.705	-24.45	474
C	9.32	-11.727	-23.453	474
N	8.416	-12.335	-22.697	475
CA	8.651	-13.48	-21.817	475
C	8.508	-14.823	-22.557	475
N	7.919	-14.825	-23.757	476
CA	7.76	-16.015	-24.589	476
C	7.86	-15.684	-26.074	476
N	8.969	-16.085	-26.693	477
CA	9.152	-16.015	-28.146	477
C	8.063	-16.784	-28.916	477
N	7.512	-17.849	-28.325	478
CA	6.402	-18.597	-28.908	478
C	5.116	-17.752	-28.947	478
N	4.736	-17.123	-27.827	479
CA	3.551	-16.25	-27.759	479
C	3.735	-14.961	-28.581	479
N	4.974	-14.471	-28.713	480
CA	5.311	-13.339	-29.577	480
C	5.182	-13.657	-31.082	480
N	5.026	-14.933	-31.455	481
CA	4.84	-15.365	-32.84	481
C	6.137	-15.545	-33.633	481
N	7.276	-15.78	-32.969	482
CA	8.527	-16.128	-33.648	482
C	8.463	-17.578	-34.183	482
N	8.542	-17.812	-35.511	483
CA	8.369	-19.149	-36.097	483
C	9.403	-20.18	-35.622	483
N	10.622	-19.729	-35.311	484
CA	11.72	-20.573	-34.844	484
C	11.684	-20.908	-33.348	484
N	10.678	-20.456	-32.586	485
CA	10.655	-20.576	-31.123	485
C	10.791	-22.029	-30.631	485
N	10.139	-22.984	-31.302	486
CA	10.214	-24.403	-30.941	486
C	11.633	-24.999	-31.068	486
N	12.497	-24.413	-31.906	487
CA	13.88	-24.874	-32.106	487
C	14.861	-24.374	-31.041	487
N	14.496	-23.325	-30.294	488
CA	15.314	-22.76	-29.215	488
C	15.233	-23.589	-27.922	488
N	14.153	-24.363	-27.758	489
CA	13.898	-25.183	-26.574	489
C	13.762	-24.365	-25.283	489
N	13.918	-25.035	-24.14	490
CA	13.731	-24.438	-22.804	490
C	14.892	-23.5	-22.387	490
N	15.953	-23.417	-23.197	491
CA	17.13	-22.601	-22.903	491
C	16.903	-21.104	-23.166	491
N	16.035	-20.75	-24.123	492
CA	15.746	-19.359	-24.503	492
C	14.245	-19.199	-24.734	492
N	13.553	-18.637	-23.745	493
CA	12.115	-18.37	-23.811	493
C	11.83	-16.869	-23.893	493
N	12.487	-16.084	-23.035	494
CA	12.338	-14.635	-22.974	494
C	13.422	-13.902	-23.741	494
N	13.051	-12.767	-24.325	495
CA	13.949	-11.907	-25.081	495
C	13.63	-10.43	-24.838	495
N	14.663	-9.627	-24.606	496
CA	14.609	-8.174	-24.704	496
C	15.597	-7.706	-25.772	496
N	15.192	-6.763	-26.622	497
CA	16.018	-6.308	-27.749	497
C	16.049	-4.799	-27.859	497
N	17.228	-4.243	-28.12	498
CA	17.418	-2.843	-28.473	498
C	17.993	-2.724	-29.891	498
N	17.249	-2.069	-30.789	499
CA	17.669	-1.812	-32.173	499
C	18.44	-0.499	-32.273	499
N	19.751	-0.571	-32.454	500
CA	20.596	0.62	-32.588	500
C	20.326	1.278	-33.952	500
N	20.5	0.512	-35.035	501
CA	20.163	0.871	-36.418	501
C	19.588	-0.361	-37.162	501
N	19.377	-0.288	-38.481	502
CA	18.827	-1.413	-39.262	502
C	19.748	-2.639	-39.359	502
N	21.027	-2.516	-38.984	503
CA	22.034	-3.586	-39.052	503
C	22.55	-4.037	-37.682	503
N	22.332	-3.256	-36.624	504
CA	22.961	-3.419	-35.315	504
C	21.909	-3.602	-34.223	504
N	22.033	-4.694	-33.476	505
CA	21.079	-5.086	-32.443	505
C	21.795	-5.545	-31.178	505
N	21.204	-5.208	-30.037	506
CA	21.526	-5.782	-28.737	506
C	20.38	-6.681	-28.289	506
N	20.727	-7.839	-27.742	507
CA	19.795	-8.842	-27.251	507
C	20.137	-9.238	-25.819	507
N	19.106	-9.472	-25.017	508
CA	19.175	-10.147	-23.727	508
C	18.195	-11.314	-23.737	508
N	18.606	-12.444	-23.172	509
CA	17.855	-13.692	-23.188	509
C	17.642	-14.23	-21.776	509
N	16.468	-14.822	-21.558	510
CA	16.121	-15.546	-20.333	510
C	15.651	-16.954	-20.662	510
N	16.102	-17.897	-19.854	511
CA	15.726	-19.3	-19.909	511
C	14.346	-19.544	-19.295	511
N	13.86	-20.773	-19.447	512
CA	12.566	-21.206	-18.939	512
C	12.462	-21.145	-17.407	512
N	11.345	-20.621	-16.889	513
CA	11.113	-20.448	-15.442	513
C	11.17	-21.756	-14.637	513
N	10.787	-22.917	-15.193	514
CA	10.761	-24.156	-14.397	514
C	12.153	-24.705	-14.052	514
N	13.227	-24.178	-14.653	515
CA	14.593	-24.524	-14.249	515
C	14.921	-24.025	-12.832	515
N	14.285	-22.941	-12.38	516
CA	14.529	-22.327	-11.063	516
C	13.48	-22.705	-10.002	516
N	12.259	-23.05	-10.42	517
CA	11.102	-23.159	-9.52	517
C	10.858	-24.586	-9.005	517
N	10.738	-24.749	-7.677	518
CA	10.315	-26.009	-7.038	518
C	8.782	-26.069	-6.977	518
N	8.185	-27.142	-7.483	519
CA	6.725	-27.31	-7.517	519
C	6.259	-28.375	-6.529	519
N	5.118	-28.146	-5.873	520
CA	4.671	-28.971	-4.744	520
C	4.294	-30.421	-5.032	520
N	4.285	-30.834	-6.3	521
CA	3.99	-32.206	-6.72	521
C	5.205	-33.078	-7.059	521
N	6.43	-32.539	-7.1	522
CA	7.542	-33.19	-7.81	522
C	8.225	-34.383	-7.096	522
N	8.006	-34.608	-5.791	523
CA	8.865	-35.493	-4.967	523
C	8.312	-36.886	-4.619	523
N	7.325	-37.417	-5.339	524
CA	6.834	-38.782	-5.086	524
C	7.273	-39.812	-6.133	524
N	7.426	-41.057	-5.669	525
CA	7.92	-42.195	-6.441	525
C	6.998	-42.439	-7.655	525
N	7.523	-42.736	-8.859	526
CA	6.727	-42.906	-10.087	526
C	5.649	-44.012	-10.048	526
N	5.587	-44.815	-8.981	527
CA	4.579	-45.864	-8.778	527
C	3.313	-45.377	-8.046	527
N	3.341	-44.191	-7.425	528
CA	2.16	-43.573	-6.819	528
C	1.226	-43.082	-7.939	528
N	0.302	-43.938	-8.398	529
CA	-0.755	-43.526	-9.334	529
C	-1.58	-42.408	-8.699	529
N	-1.482	-41.207	-9.257	530
CA	-2.387	-40.116	-8.924	530
C	-3.818	-40.51	-9.325	530
N	-4.715	-40.638	-8.343	531
CA	-6.157	-40.62	-8.595	531
C	-6.499	-39.24	-9.183	531
N	-6.517	-39.106	-10.513	532
CA	-6.954	-37.876	-11.198	532
C	-8.381	-37.437	-10.827	532
N	-9.139	-38.312	-10.151	533
CA	-10.463	-38.039	-9.594	533
C	-10.49	-37.268	-8.263	533
N	-9.339	-36.978	-7.633	534
CA	-9.275	-36.28	-6.336	534
C	-8.608	-34.921	-6.489	534
N	-9.3	-33.87	-6.044	535
CA	-8.76	-32.511	-5.987	535
C	-7.59	-32.451	-4.997	535
N	-6.382	-32.655	-5.503	536
CA	-5.134	-32.585	-4.762	536
C	-4.242	-31.493	-5.395	536
N	-3.279	-30.927	-4.649	537
CA	-2.288	-30.007	-5.221	537
C	-1.455	-30.606	-6.382	537
N	-1.526	-31.928	-6.618	538
CA	-0.788	-32.647	-7.677	538
C	-1.493	-32.615	-9.041	538
N	-2.823	-32.605	-9.064	539
CA	-3.631	-32.576	-10.293	539
C	-3.554	-31.203	-10.954	539
N	-3.422	-30.16	-10.13	540
CA	-3.212	-28.777	-10.549	540
C	-1.806	-28.552	-11.143	540
N	-0.813	-29.34	-10.709	541
CA	0.585	-29.278	-11.155	541
C	0.807	-29.658	-12.627	541
N	0.237	-30.776	-13.111	542
CA	0.451	-31.217	-14.506	542
C	-0.045	-30.172	-15.507	542
N	-1.166	-29.532	-15.191	543
CA	-1.756	-28.512	-16.038	543
C	-0.971	-27.192	-16.021	543
N	-0.427	-26.784	-14.868	544
CA	0.344	-25.541	-14.787	544
C	1.735	-25.645	-15.424	544
N	2.417	-26.792	-15.291	545
CA	3.685	-27.018	-15.996	545
C	3.544	-26.821	-17.51	545
N	2.38	-27.146	-18.077	546
CA	2.101	-26.988	-19.505	546
C	1.937	-25.511	-19.904	546
N	1.329	-24.68	-19.045	547
CA	1.193	-23.222	-19.257	547
C	2.542	-22.5	-19.167	547
N	3.425	-22.937	-18.264	548
CA	4.719	-22.271	-18.042	548
C	5.788	-22.739	-19.019	548
N	5.657	-23.918	-19.654	549
CA	6.711	-24.642	-20.408	549
C	7.522	-23.819	-21.427	549
N	7.038	-22.663	-21.871	550
CA	7.737	-21.812	-22.845	550
C	7.775	-20.334	-22.452	550
N	7.786	-20.042	-21.145	551
CA	7.854	-18.681	-20.593	551
C	9.072	-18.49	-19.693	551
N	9.684	-17.316	-19.77	552
CA	10.687	-16.845	-18.818	552
C	10.057	-15.987	-17.723	552
N	10.877	-15.542	-16.765	553
CA	10.488	-14.441	-15.885	553
C	10.199	-13.159	-16.7	553
N	9.14	-12.397	-16.361	554
CA	8.821	-11.117	-16.994	554
C	9.938	-10.08	-16.846	554
N	10.152	-9.26	-17.876	555
CA	11.116	-8.152	-17.844	555
C	10.595	-7.001	-16.985	555
N	11.395	-6.56	-16.017	556
CA	11.001	-5.499	-15.093	556
C	11.105	-4.119	-15.758	556
N	10.229	-3.18	-15.393	557
CA	10.208	-1.831	-16.0	557
C	11.558	-1.094	-15.889	557
N	12.27	-1.106	-14.741	558
CA	13.6	-0.501	-14.649	558
C	14.629	-1.145	-15.587	558
N	14.531	-2.457	-15.836	559
CA	15.405	-3.166	-16.781	559
C	15.135	-2.703	-18.218	559
N	13.859	-2.568	-18.595	560
CA	13.451	-2.054	-19.911	560
C	13.935	-0.609	-20.102	560
N	13.772	0.243	-19.087	561
CA	14.229	1.634	-19.122	561
C	15.756	1.733	-19.248	561
N	16.501	0.857	-18.571	562
CA	17.955	0.789	-18.674	562
C	18.411	0.368	-20.078	562
N	17.764	-0.654	-20.655	563
CA	18.003	-1.111	-22.031	563
C	17.74	0.022	-23.03	563
N	16.618	0.732	-22.887	564
CA	16.264	1.832	-23.782	564
C	17.202	3.037	-23.633	564
N	17.629	3.343	-22.409	565
CA	18.581	4.427	-22.17	565
C	19.953	4.106	-22.77	565
N	20.437	2.866	-22.615	566
CA	21.667	2.401	-23.262	566
C	21.549	2.464	-24.794	566
N	20.392	2.091	-25.345	567
CA	20.117	2.175	-26.778	567
C	20.255	3.602	-27.328	567
N	19.695	4.603	-26.64	568
CA	19.776	6.004	-27.063	568
C	21.226	6.494	-27.077	568
N	21.984	6.184	-26.025	569
CA	23.387	6.595	-25.879	569
C	24.263	5.961	-26.965	569
N	24.053	4.673	-27.25	570
CA	24.772	3.969	-28.315	570
C	24.399	4.521	-29.697	570
N	23.121	4.84	-29.936	571
CA	22.704	5.433	-31.213	571
C	23.391	6.781	-31.449	571
N	23.518	7.601	-30.411	572
CA	24.174	8.911	-30.479	572
C	25.672	8.765	-30.799	572
N	26.378	7.863	-30.102	573
CA	27.805	7.622	-30.36	573
C	28.085	7.085	-31.773	573
N	27.18	6.284	-32.347	574
CA	27.312	5.825	-33.734	574
C	27.005	6.907	-34.778	574
N	26.092	7.847	-34.506	575
CA	25.837	8.975	-35.416	575
C	27.058	9.9	-35.53	575
N	27.807	10.088	-34.441	576
CA	29.077	10.826	-34.466	576
C	30.177	10.092	-35.256	576
N	30.143	8.757	-35.273	577
CA	31.143	7.949	-35.986	577
C	30.863	7.872	-37.495	577
N	29.598	7.791	-37.933	578
CA	29.25	7.801	-39.37	578
C	29.555	9.149	-40.05	578
N	29.537	10.257	-39.3	579
CA	29.953	11.567	-39.81	579
C	31.478	11.714	-39.961	579
N	32.263	10.776	-39.426	580
CA	33.725	10.838	-39.458	580
C	34.283	9.604	-40.166	580
N	34.35	9.672	-41.501	581
CA	34.926	8.62	-42.349	581
C	36.328	8.153	-41.907	581
N	36.776	6.971	-42.372	582
CA	37.797	6.167	-41.712	582
C	39.176	6.813	-41.849	582
N	39.562	7.622	-40.864	583
CA	40.957	8.001	-40.659	583
C	41.55	7.033	-39.656	583
N	42.261	6.056	-40.207	584
CA	43.248	5.208	-39.546	584
C	43.905	5.956	-38.386	584
N	43.707	5.458	-37.159	585
CA	44.341	5.954	-35.939	585
C	45.864	5.798	-36.047	585
N	46.529	6.759	-36.673	586
CA	47.963	6.952	-36.504	586
C	48.155	7.72	-35.203	586
N	48.533	6.981	-34.158	587
CA	49.098	7.485	-32.908	587
C	50.32	8.368	-33.229	587
N	50.101	9.654	-33.506	588
CA	51.176	10.647	-33.57	588
C	51.187	11.387	-32.244	588
N	52.126	10.936	-31.415	589
CA	52.793	11.63	-30.316	589
C	52.409	13.115	-30.187	589
N	51.473	13.409	-29.28	590
CA	51.335	14.742	-28.69	590
C	52.41	14.904	-27.618	590
N	53.56	15.419	-28.035	591
CA	54.461	16.171	-27.169	591
C	53.885	17.574	-26.94	591
N	53.82	17.959	-25.668	592
CA	53.876	19.322	-25.129	592
C	52.83	20.354	-25.576	592
N	51.676	20.35	-24.896	593
CA	51.003	21.568	-24.378	593
C	50.024	21.171	-23.262	593
N	50.548	20.759	-22.105	594
CA	49.764	20.533	-20.89	594
C	49.697	21.831	-20.068	594
N	48.867	22.779	-20.503	595
CA	48.523	23.968	-19.695	595
C	47.035	24.323	-19.729	595
N	46.226	23.73	-20.618	596
CA	44.775	23.984	-20.666	596
C	43.945	23.246	-19.605	596
N	44.401	22.084	-19.122	597
CA	43.637	21.282	-18.15	597
C	43.701	21.791	-16.703	597
N	44.701	22.612	-16.362	598
CA	44.876	23.131	-14.998	598
C	43.906	24.29	-14.698	598
N	43.56	25.091	-15.712	599
CA	42.635	26.224	-15.573	599
C	41.172	25.76	-15.447	599
N	40.779	24.689	-16.143	600
CA	39.436	24.103	-16.007	600
C	39.238	23.431	-14.64	600
N	40.221	22.643	-14.181	601
CA	40.191	22.028	-12.849	601
C	40.214	23.078	-11.733	601
N	40.994	24.152	-11.891	602
CA	41.018	25.238	-10.908	602
C	39.707	26.025	-10.888	602
N	39.05	26.24	-12.035	603
CA	37.734	26.888	-12.096	603
C	36.633	26.05	-11.442	603
N	36.599	24.733	-11.683	604
CA	35.637	23.831	-11.023	604
C	35.901	23.778	-9.52	604
N	37.171	23.708	-9.111	605
CA	37.544	23.746	-7.702	605
C	37.124	25.067	-7.032	605
N	37.284	26.215	-7.704	606
CA	36.875	27.525	-7.182	606
C	35.356	27.634	-7.0	606
N	34.57	27.14	-7.96	607
CA	33.107	27.101	-7.838	607
C	32.653	26.123	-6.745	607
N	33.305	24.963	-6.597	608
CA	33.024	24.043	-5.487	608
C	33.336	24.669	-4.123	608
N	34.483	25.343	-3.98	609
CA	34.836	26.078	-2.753	609
C	33.791	27.152	-2.463	609
N	33.365	27.908	-3.48	610
CA	32.329	28.936	-3.339	610
C	30.98	28.354	-2.911	610
N	30.559	27.214	-3.461	611
CA	29.323	26.531	-3.052	611
C	29.392	26.041	-1.601	611
N	30.55	25.544	-1.16	612
CA	30.761	25.104	0.226	612
C	30.767	26.302	1.188	612
N	31.444	27.399	0.831	613
CA	31.499	28.622	1.645	613
C	30.147	29.334	1.751	613
N	29.347	29.322	0.681	614
CA	28.016	29.956	0.649	614
C	26.886	29.047	1.13	614
N	27.173	27.781	1.449	615
CA	26.17	26.855	1.95	615
C	25.549	27.373	3.258	615
N	24.217	27.367	3.332	616
CA	23.444	27.791	4.515	616
C	23.453	26.762	5.651	616
N	24.27	25.717	5.523	617
CA	24.458	24.639	6.496	617
C	25.923	24.598	6.938	617
N	26.222	24.278	8.205	618
CA	27.595	24.124	8.673	618
C	28.302	22.967	7.961	618
N	29.44	23.266	7.335	619
CA	30.313	22.292	6.674	619
C	31.731	22.475	7.208	619
N	32.32	21.396	7.715	620
CA	33.694	21.389	8.21	620
C	34.376	20.051	7.932	620
N	35.681	20.08	7.683	621
CA	36.477	18.915	7.31	621
C	37.682	18.729	8.218	621
N	38.105	17.476	8.376	622
CA	39.352	17.105	9.051	622
C	40.202	16.18	8.193	622
N	41.512	16.22	8.408	623
CA	42.468	15.273	7.839	623
C	42.535	13.946	8.628	623
N	43.426	13.039	8.208	624
CA	43.708	11.769	8.897	624
C	44.146	11.935	10.367	624
N	44.695	13.094	10.744	625
CA	45.11	13.417	12.109	625
C	43.985	13.98	12.985	625
N	42.784	14.19	12.432	626
CA	41.684	14.868	13.12	626
C	41.893	16.382	13.248	626
N	42.748	16.955	12.396	627
CA	43.044	18.387	12.327	627
C	42.161	19.038	11.272	627
N	41.629	20.219	11.578	628
CA	40.676	20.921	10.715	628
C	41.359	21.415	9.439	628
N	40.82	20.994	8.293	629
CA	41.256	21.385	6.95	629
C	40.125	21.976	6.083	629
N	38.903	22.07	6.612	630
CA	37.778	22.738	5.963	630
C	36.873	23.391	7.001	630
N	36.47	24.639	6.766	631
CA	35.652	25.421	7.696	631
C	34.854	26.476	6.926	631
N	33.543	26.282	6.765	632
CA	32.712	27.21	5.996	632
C	32.171	28.39	6.825	632
N	31.559	29.363	6.147	633
CA	31.021	30.573	6.785	633
C	29.957	30.247	7.832	633
N	29.105	29.24	7.586	634
CA	28.018	28.918	8.515	634
C	28.507	28.328	9.837	634
N	29.509	27.445	9.816	635
CA	30.099	26.938	11.063	635
C	30.908	28.028	11.785	635
N	31.517	28.961	11.046	636
CA	32.197	30.115	11.629	636
C	31.224	31.047	12.371	636
N	30.037	31.3	11.809	637
CA	28.95	32.013	12.497	637
C	28.493	31.279	13.764	637
N	28.266	29.963	13.673	638
CA	27.719	29.158	14.773	638
C	28.69	28.948	15.934	638
N	29.995	28.943	15.671	639
CA	31.022	28.74	16.705	639
C	31.683	30.041	17.142	639
N	31.549	31.116	16.364	640
CA	32.306	32.354	16.535	640
C	33.785	32.257	16.133	640
N	34.27	31.093	15.673	641
CA	35.645	30.907	15.197	641
C	35.73	31.149	13.693	641
N	36.496	32.164	13.3	642
CA	36.789	32.417	11.891	642
C	37.646	31.292	11.296	642
N	37.51	31.041	9.99	643
CA	38.245	29.972	9.306	643
C	39.766	30.068	9.532	643
N	40.349	31.271	9.485	644
CA	41.78	31.492	9.753	644
C	42.241	31.054	11.149	644
N	41.336	31.022	12.129	645
CA	41.624	30.625	13.51	645
C	41.281	29.161	13.795	645
N	40.359	28.575	13.03	646
CA	39.932	27.186	13.171	646
C	40.867	26.217	12.432	646
N	41.373	26.622	11.266	647
CA	42.254	25.803	10.435	647
C	43.532	25.421	11.196	647
N	43.873	24.129	11.198	648
CA	45.04	23.602	11.916	648
C	44.806	23.229	13.388	648
N	43.619	23.485	13.955	649
CA	43.262	23.034	15.312	649
C	42.748	21.6	15.328	649
N	42.882	20.932	16.473	650
CA	42.274	19.615	16.679	650
C	40.769	19.749	16.924	650
N	39.944	19.23	16.008	651
CA	38.481	19.326	16.111	651
C	37.957	18.702	17.414	651
N	38.478	17.524	17.758	652
CA	38.038	16.742	18.92	652
C	38.475	17.369	20.242	652
N	39.724	17.832	20.332	653
CA	40.295	18.258	21.61	653
C	40.0	19.73	21.928	653
N	39.902	20.586	20.908	654
CA	39.794	22.034	21.104	654
C	38.36	22.544	20.918	654
N	37.646	22.074	19.888	655
CA	36.357	22.646	19.46	655
C	35.146	21.923	20.063	655
N	35.159	20.591	20.08	656
CA	34.03	19.799	20.581	656
C	33.921	19.902	22.11	656
N	32.684	19.95	22.609	657
CA	32.394	19.982	24.039	657
C	32.66	18.613	24.687	657
N	33.105	18.607	25.949	658
CA	33.545	17.401	26.659	658
C	32.52	16.248	26.612	658
N	31.229	16.552	26.779	659
CA	30.124	15.579	26.726	659
C	30.021	14.794	25.405	659
N	30.404	15.397	24.274	660
CA	30.291	14.779	22.943	660
C	31.617	14.212	22.432	660
N	32.721	14.398	23.164	661
CA	34.052	13.977	22.728	661
C	34.149	12.468	22.465	661
N	33.592	11.623	23.335	662
CA	33.71	10.164	23.195	662
C	32.871	9.632	22.025	662
N	31.619	10.089	21.916	663
CA	30.718	9.773	20.796	663
C	31.33	10.202	19.463	663
N	31.924	11.396	19.419	664
CA	32.527	11.908	18.198	664
C	33.847	11.223	17.844	664
N	34.707	10.879	18.815	665
CA	35.914	10.067	18.554	665
C	35.567	8.731	17.904	665
N	34.492	8.094	18.369	666
CA	33.987	6.842	17.801	666
C	33.454	7.026	16.373	666
N	32.744	8.127	16.126	667
CA	32.226	8.499	14.798	667
C	33.362	8.788	13.814	667
N	34.343	9.591	14.233	668
CA	35.499	9.956	13.421	668
C	36.352	8.729	13.071	668
N	36.573	7.809	14.018	669
CA	37.362	6.6	13.758	669
C	36.678	5.641	12.78	669
N	35.344	5.508	12.834	670
CA	34.559	4.763	11.834	670
C	34.623	5.416	10.456	670
N	34.431	6.732	10.381	671
CA	34.493	7.47	9.12	671
C	35.881	7.389	8.459	671
N	36.96	7.407	9.249	672
CA	38.334	7.183	8.776	672
C	38.612	5.731	8.339	672
N	37.751	4.778	8.702	673
CA	37.757	3.399	8.194	673
C	36.821	3.215	6.984	673
N	36.217	4.299	6.479	674
CA	35.282	4.279	5.353	674
C	33.83	3.971	5.73	674
N	33.501	3.929	7.026	675
CA	32.139	3.732	7.529	675
C	31.506	5.084	7.874	675
N	30.601	5.547	7.017	676
CA	29.91	6.831	7.162	676
C	28.756	6.739	8.168	676
N	28.719	7.669	9.122	677
CA	27.63	7.798	10.091	677
C	26.712	8.965	9.724	677
N	25.415	8.799	9.991	678
CA	24.398	9.833	9.774	678
C	23.736	10.233	11.083	678
N	23.302	11.486	11.147	679
CA	22.541	12.071	12.247	679
C	23.218	11.972	13.627	679
N	24.523	12.231	13.699	680
CA	25.261	12.228	14.968	680
C	25.046	13.556	15.693	680
N	24.459	13.517	16.891	681
CA	24.312	14.7	17.75	681
C	25.656	15.11	18.372	681
N	26.015	16.384	18.219	682
CA	27.246	16.986	18.714	682
C	26.98	18.284	19.458	682
N	27.621	18.415	20.617	683
CA	27.79	19.682	21.321	683
C	29.115	20.319	20.909	683
N	29.058	21.524	20.354	684
CA	30.236	22.314	19.98	684
C	30.327	23.555	20.867	684
N	31.542	23.907	21.301	685
CA	31.788	25.114	22.099	685
C	31.618	26.369	21.244	685
N	31.018	27.399	21.823	686
CA	30.968	28.73	21.228	686
C	32.126	29.593	21.769	686
N	32.831	30.31	20.892	687
CA	34.04	31.092	21.201	687
C	33.845	32.613	21.058	687
N	32.656	33.07	20.653	688
CA	32.348	34.495	20.512	688
C	32.26	35.253	21.847	688
N	32.305	36.59	21.777	689
CA	32.226	37.512	22.929	689
C	30.868	37.501	23.662	689
N	29.85	36.851	23.096	690
CA	28.491	36.847	23.628	690
C	28.329	35.74	24.684	690
N	28.337	36.115	25.968	691
CA	28.273	35.181	27.107	691
C	26.93	34.429	27.241	691
N	25.951	34.654	26.356	692
CA	24.629	34.018	26.446	692
C	24.537	32.638	25.772	692
N	25.418	32.312	24.821	693
CA	25.464	31.006	24.152	693
C	26.8	30.323	24.448	693
N	26.805	29.374	25.385	694
CA	28.019	28.635	25.774	694
C	28.287	27.431	24.839	694
N	27.224	26.849	24.26	695
CA	27.266	25.621	23.446	695
C	26.241	25.684	22.305	695
N	26.627	25.197	21.124	696
CA	25.746	24.939	19.985	696
C	25.503	23.428	19.815	696
N	24.285	23.049	19.427	697
CA	23.895	21.664	19.159	697
C	23.765	21.427	17.658	697
N	24.483	20.431	17.151	698
CA	24.513	20.076	15.738	698
C	24.147	18.611	15.545	698
N	23.352	18.319	14.523	699
CA	23.206	16.964	13.98	699
C	24.074	16.882	12.737	699
N	25.08	16.007	12.717	700
CA	26.035	15.921	11.603	700
C	26.012	14.576	10.892	700
N	26.276	14.62	9.591	701
CA	26.587	13.46	8.766	701
C	28.088	13.449	8.476	701
N	28.746	12.317	8.714	702
CA	30.165	12.118	8.453	702
C	30.355	11.453	7.083	702
N	30.981	12.16	6.147	703
CA	31.305	11.679	4.807	703
C	32.813	11.427	4.7	703
N	33.221	10.231	4.278	704
CA	34.644	9.91	4.117	704
C	35.201	10.62	2.881	704
N	36.168	11.516	3.074	705
CA	36.861	12.198	1.978	705
C	37.925	11.273	1.388	705
N	37.839	11.0	0.082	706
CA	38.787	10.161	-0.668	706
C	39.5	10.971	-1.748	706
N	40.734	10.602	-2.065	707
CA	41.466	11.158	-3.203	707
C	41.151	10.437	-4.53	707
N	41.814	10.857	-5.61	708
CA	41.658	10.282	-6.951	708
C	42.103	8.812	-7.068	708
N	42.816	8.283	-6.069	709
CA	43.214	6.871	-5.975	709
C	42.296	6.052	-5.068	709
N	41.173	6.641	-4.639	710
CA	40.212	6.082	-3.682	710
C	40.777	5.902	-2.254	710
N	41.935	6.503	-1.95	711
CA	42.522	6.482	-0.616	711
C	41.847	7.518	0.293	711
N	41.564	7.129	1.537	712
CA	40.944	8.007	2.535	712
C	41.95	9.089	2.941	712
N	41.586	10.357	2.751	713
CA	42.412	11.527	3.111	713
C	41.866	12.299	4.311	713
N	40.613	12.052	4.692	714
CA	39.97	12.76	5.789	714
C	38.476	12.485	5.886	714
N	37.773	13.344	6.615	715
CA	36.32	13.264	6.813	715
C	35.717	14.656	6.676	715
N	34.652	14.777	5.89	716
CA	33.851	15.985	5.747	716
C	32.533	15.821	6.511	716
N	32.194	16.795	7.345	717
CA	30.968	16.826	8.125	717
C	30.015	17.865	7.551	717
N	28.773	17.451	7.309	718
CA	27.666	18.35	6.963	718
C	26.674	18.319	8.112	718
N	26.437	19.47	8.731	719
CA	25.606	19.594	9.921	719
C	24.303	20.352	9.705	719
N	23.39	20.196	10.656	720
CA	22.213	21.033	10.846	720
C	22.217	21.567	12.281	720
N	22.035	22.878	12.443	721
CA	21.898	23.51	13.758	721
C	20.528	23.176	14.36	721
N	20.538	22.49	15.503	722
CA	19.35	22.124	16.286	722
C	19.344	22.82	17.656	722
N	20.172	23.853	17.853	723
CA	20.333	24.538	19.146	723
C	19.006	25.072	19.671	723
N	18.203	25.711	18.815	724
CA	16.911	26.263	19.225	724
C	15.942	25.159	19.684	724
N	15.891	24.052	18.943	725
CA	15.032	22.903	19.239	725
C	15.462	22.212	20.535	725
N	16.774	22.043	20.741	726
CA	17.318	21.432	21.954	726
C	17.132	22.314	23.18	726
N	17.317	23.632	23.078	727
CA	17.049	24.559	24.195	727
C	15.572	24.525	24.599	727
N	14.651	24.4	23.639	728
CA	13.217	24.229	23.929	728
C	12.949	22.868	24.577	728
N	13.558	21.796	24.063	729
CA	13.443	20.45	24.623	729
C	14.014	20.368	26.047	729
N	15.188	20.94	26.298	730
CA	15.846	20.943	27.604	730
C	15.073	21.804	28.604	730
N	14.546	22.975	28.203	731
CA	13.614	23.748	29.05	731
C	12.372	22.934	29.415	731
N	11.897	22.087	28.503	732
CA	10.761	21.204	28.744	732
C	11.116	20.044	29.691	732
N	12.295	19.427	29.537	733
CA	12.807	18.378	30.439	733
C	13.09	18.955	31.836	733
N	13.652	20.16	31.939	734
CA	13.98	20.785	33.226	734
C	12.731	21.202	34.031	734
N	11.571	21.322	33.373	735
CA	10.261	21.552	33.994	735
C	9.609	20.269	34.561	735
N	10.333	19.142	34.623	736
CA	9.88	17.841	35.158	736
C	9.391	17.833	36.624	736
N	9.441	18.955	37.346	737
CA	9.008	19.03	38.744	737
C	7.491	19.052	38.987	737
N	6.663	19.568	38.067	738
CA	5.244	19.866	38.366	738
C	4.273	19.563	37.2	738
N	4.245	18.308	36.734	739
CA	3.374	17.855	35.63	739
C	1.869	18.152	35.814	739
N	1.347	18.173	37.054	740
CA	-0.063	18.537	37.317	740
C	-0.375	19.982	36.912	740
N	0.587	20.896	37.055	741
CA	0.419	22.294	36.673	741
C	0.395	22.47	35.146	741
N	1.132	21.646	34.389	742
CA	1.197	21.714	32.918	742
C	-0.123	21.247	32.281	742
N	-0.713	20.136	32.741	743
CA	-1.97	19.62	32.155	743
C	-3.146	20.581	32.393	743
N	-3.175	21.243	33.555	744
CA	-4.23	22.194	33.926	744
C	-3.951	23.631	33.478	744
N	-2.721	23.936	33.065	745
CA	-2.369	25.273	32.615	745
C	-3.059	25.57	31.286	745
N	-3.816	26.666	31.279	746
CA	-4.507	27.197	30.104	746
C	-3.549	27.886	29.118	746
N	-2.235	27.848	29.373	747
CA	-1.246	28.5	28.521	747
C	-1.303	27.94	27.091	747
N	-1.445	28.796	26.062	748
CA	-1.434	28.369	24.664	748
C	-0.077	27.803	24.215	748
N	0.988	28.001	25.002	749
CA	2.323	27.444	24.75	749
C	2.415	25.939	25.031	749
N	1.446	25.368	25.75	750
CA	1.466	23.947	26.089	750
C	0.917	23.167	24.895	750
N	1.701	22.235	24.322	751
CA	1.259	21.473	23.168	751
C	0.018	20.63	23.513	751
N	-0.81	20.273	22.52	752
CA	-1.886	19.313	22.717	752
C	-1.334	17.985	23.262	752
N	-1.85	17.563	24.419	753
CA	-1.414	16.365	25.143	753
C	-2.644	15.571	25.565	753
N	-2.579	14.262	25.357	754
CA	-3.49	13.305	25.972	754
C	-2.7	12.163	26.613	754
N	-3.33	11.397	27.5	755
CA	-2.695	10.221	28.105	755
C	-3.589	9.0	28.052	755
N	-2.953	7.838	28.032	756
CA	-3.586	6.538	28.156	756
C	-3.368	5.945	29.546	756
N	-4.294	5.083	29.958	757
CA	-4.084	4.117	31.031	757
C	-3.446	2.81	30.504	757
N	-3.229	1.836	31.391	758
CA	-2.706	0.509	31.038	758
C	-3.569	-0.261	30.022	758
N	-4.845	0.118	29.878	759
CA	-5.824	-0.491	28.984	759
C	-6.023	0.294	27.674	759
N	-5.181	1.296	27.395	760
CA	-5.3	2.189	26.242	760
C	-6.56	3.085	26.235	760
N	-7.225	3.267	27.377	761
CA	-8.304	4.237	27.54	761
C	-7.746	5.625	27.859	761
N	-8.427	6.672	27.399	762
CA	-8.016	8.05	27.632	762
C	-8.143	8.421	29.115	762
N	-7.012	8.656	29.781	763
CA	-6.956	9.086	31.182	763
C	-6.776	10.591	31.36	763
N	-6.205	11.292	30.377	764
CA	-6.113	12.759	30.386	764
C	-6.298	13.328	28.987	764
N	-6.891	14.517	28.931	765
CA	-7.137	15.291	27.721	765
C	-7.003	16.77	28.081	765
N	-5.936	17.432	27.625	766
CA	-5.651	18.806	28.043	766
C	-6.487	19.849	27.272	766
N	-6.51	21.095	27.757	767
CA	-7.278	22.178	27.128	767
C	-6.825	22.494	25.685	767
N	-5.554	22.239	25.352	768
CA	-5.058	22.367	23.984	768
C	-5.65	21.291	23.057	768
N	-5.868	20.067	23.549	769
CA	-6.602	19.028	22.824	769
C	-8.076	19.37	22.631	769
N	-8.734	19.978	23.621	770
CA	-10.116	20.449	23.451	770
C	-10.222	21.5	22.34	770
N	-9.27	22.443	22.286	771
CA	-9.182	23.454	21.22	771
C	-8.877	22.843	19.856	771
N	-7.937	21.899	19.8	772
CA	-7.509	21.277	18.549	772
C	-8.594	20.369	17.96	772
N	-9.282	19.587	18.792	773
CA	-10.231	18.563	18.319	773
C	-11.692	19.011	18.333	773
N	-12.039	20.024	19.133	774
CA	-13.421	20.437	19.395	774
C	-14.194	19.532	20.37	774
N	-13.55	18.511	20.948	775
CA	-14.154	17.583	21.912	775
C	-13.72	17.9	23.34	775
N	-14.687	17.977	24.263	776
CA	-14.417	18.275	25.676	776
C	-13.874	17.055	26.412	776
N	-13.077	17.288	27.455	777
CA	-12.494	16.271	28.341	777
C	-13.543	15.285	28.856	777
N	-14.667	15.77	29.375	778
CA	-15.731	14.911	29.922	778
C	-16.375	13.993	28.869	778
N	-16.282	14.353	27.584	779
CA	-16.792	13.53	26.492	779
C	-15.815	12.412	26.116	779
N	-14.509	12.547	26.349	780
CA	-13.492	11.599	25.845	780
C	-12.87	10.719	26.926	780
N	-12.848	11.166	28.182	781
CA	-12.229	10.417	29.281	781
C	-12.894	9.043	29.462	781
N	-12.067	8.017	29.676	782
CA	-12.484	6.626	29.864	782
C	-12.824	5.869	28.576	782
N	-12.815	6.534	27.414	783
CA	-13.014	5.895	26.105	783
C	-11.713	5.341	25.544	783
N	-11.815	4.293	24.732	784
CA	-10.662	3.658	24.1	784
C	-10.014	4.606	23.078	784
N	-8.691	4.765	23.15	785
CA	-7.967	5.655	22.244	785
C	-8.036	5.154	20.79	785
N	-7.619	3.914	20.458	786
CA	-7.943	3.316	19.168	786
C	-9.452	3.072	19.044	786
N	-10.054	3.473	17.928	787
CA	-11.432	3.098	17.6	787
C	-12.517	4.034	18.13	787
N	-12.667	4.19	19.451	788
CA	-13.661	5.134	19.987	788
C	-13.204	6.578	19.73	788
N	-12.064	7.003	20.288	789
CA	-11.545	8.367	20.088	789
C	-10.972	8.513	18.678	789
N	-9.848	7.863	18.377	790
CA	-9.185	7.926	17.072	790
C	-9.747	6.875	16.109	790
N	-11.033	7.027	15.805	791
CA	-11.795	6.187	14.884	791
C	-13.221	6.708	14.714	791
N	-13.901	7.041	15.82	792
CA	-15.259	7.604	15.796	792
C	-15.278	9.123	15.995	792
N	-14.696	9.635	17.091	793
CA	-14.672	11.077	17.409	793
C	-13.704	11.855	16.509	793
N	-12.445	11.421	16.468	794
CA	-11.361	11.986	15.671	794
C	-10.976	10.987	14.572	794
N	-11.601	11.079	13.395	795
CA	-11.394	10.077	12.333	795
C	-9.99	10.159	11.756	795
N	-9.391	9.019	11.434	796
CA	-8.079	8.957	10.785	796
C	-8.222	8.881	9.256	796
N	-7.184	9.302	8.516	797
CA	-7.142	9.259	7.034	797
C	-7.292	7.84	6.461	797
N	-6.886	6.812	7.207	798
CA	-6.98	5.418	6.781	798
C	-6.432	4.432	7.812	798
N	-6.491	3.141	7.469	799
CA	-6.083	2.044	8.353	799
C	-4.602	2.126	8.747	799
N	-3.713	2.545	7.844	800
CA	-2.269	2.614	8.121	800
C	-1.942	3.622	9.229	800
N	-2.66	4.752	9.271	801
CA	-2.533	5.739	10.353	801
C	-2.986	5.148	11.687	801
N	-4.067	4.359	11.689	802
CA	-4.539	3.659	12.885	802
C	-3.524	2.611	13.35	802
N	-2.994	1.796	12.435	803
CA	-1.977	0.782	12.739	803
C	-0.729	1.433	13.337	803
N	-0.201	2.495	12.72	804
CA	0.959	3.227	13.238	804
C	0.693	3.844	14.617	804
N	-0.488	4.433	14.822	805
CA	-0.895	4.955	16.125	805
C	-0.991	3.858	17.189	805
N	-1.57	2.703	16.86	806
CA	-1.641	1.566	17.778	806
C	-0.243	1.053	18.141	806
N	0.674	0.933	17.171	807
CA	2.068	0.534	17.434	807
C	2.702	1.508	18.428	807
N	2.595	2.81	18.156	808
CA	3.123	3.87	19.011	808
C	2.55	3.798	20.434	808
N	1.223	3.707	20.537	809
CA	0.485	3.69	21.793	809
C	0.898	2.506	22.67	809
N	0.893	1.291	22.12	810
CA	1.227	0.103	22.9	810
C	2.728	-0.032	23.18	810
N	3.621	0.533	22.35	811
CA	5.05	0.669	22.701	811
C	5.213	1.574	23.92	811
N	4.532	2.722	23.93	812
CA	4.496	3.633	25.076	812
C	3.954	2.972	26.35	812
N	2.825	2.252	26.264	813
CA	2.244	1.497	27.399	813
C	3.174	0.358	27.86	813
N	4.001	-0.189	26.966	814
CA	4.995	-1.222	27.294	814
C	6.318	-0.647	27.82	814
N	6.423	0.677	27.978	815
CA	7.6	1.35	28.531	815
C	8.743	1.571	27.537	815
N	8.5	1.377	26.238	816
CA	9.472	1.66	25.182	816
C	9.32	3.105	24.707	816
N	10.443	3.797	24.528	817
CA	10.448	5.119	23.909	817
C	10.108	4.986	22.42	817
N	9.396	5.98	21.897	818
CA	8.907	5.963	20.526	818
C	9.387	7.177	19.75	818
N	9.697	6.95	18.479	819
CA	10.025	8.024	17.557	819
C	8.778	8.835	17.203	819
N	9.018	10.072	16.781	820
CA	7.992	10.993	16.315	820
C	7.415	10.491	14.988	820
N	6.119	10.177	14.948	821
CA	5.448	9.719	13.718	821
C	4.43	10.75	13.212	821
N	4.222	10.878	11.888	822
CA	3.116	11.663	11.349	822
C	1.769	11.086	11.798	822
N	0.881	11.944	12.285	823
CA	-0.441	11.567	12.761	823
C	-1.449	12.652	12.418	823
N	-2.44	12.3	11.608	824
CA	-3.462	13.247	11.197	824
C	-4.858	12.683	11.361	824
N	-5.765	13.548	11.797	825
CA	-7.14	13.207	12.126	825
C	-8.091	14.35	11.774	825
N	-9.374	14.03	11.653	826
CA	-10.438	15.007	11.476	826
C	-10.962	15.469	12.833	826
N	-11.129	16.774	12.999	827
CA	-11.744	17.373	14.18	827
C	-13.278	17.184	14.189	827
N	-13.951	17.767	15.187	828
CA	-15.417	17.762	15.295	828
C	-16.129	18.45	14.119	828
N	-15.5	19.43	13.471	829
CA	-16.049	20.162	12.325	829
C	-15.769	19.464	10.979	829
N	-14.956	18.403	10.976	830
CA	-14.52	17.696	9.775	830
C	-13.313	18.336	9.083	830
N	-12.623	19.265	9.74	831
CA	-11.345	19.809	9.298	831
C	-10.228	18.796	9.556	831
N	-9.326	18.644	8.587	832
CA	-8.222	17.704	8.698	832
C	-6.999	18.366	9.329	832
N	-6.521	17.794	10.428	833
CA	-5.41	18.318	11.214	833
C	-4.195	17.421	11.01	833
N	-3.08	18.013	10.576	834
CA	-1.786	17.336	10.475	834
C	-0.924	17.637	11.693	834
N	-0.516	16.573	12.37	835
CA	0.363	16.651	13.528	835
C	1.461	15.607	13.417	835
N	2.453	15.741	14.275	836
CA	3.299	14.638	14.671	836
C	2.939	14.212	16.082	836
N	2.966	12.911	16.336	837
CA	2.707	12.34	17.651	837
C	3.953	11.629	18.177	837
N	4.21	11.802	19.468	838
CA	5.225	11.057	20.219	838
C	4.564	10.442	21.446	838
N	4.825	9.163	21.734	839
CA	4.351	8.502	22.949	839
C	5.502	8.24	23.932	839
N	5.336	8.688	25.175	840
CA	6.296	8.524	26.265	840
C	5.675	7.719	27.41	840
N	6.475	6.899	28.092	841
CA	6.017	6.072	29.221	841
C	5.527	6.921	30.402	841
N	4.445	6.489	31.058	842
CA	3.911	7.105	32.282	842
C	4.077	6.135	33.444	842
N	4.836	6.542	34.457	843
CA	5.203	5.706	35.604	843
C	4.71	6.378	36.896	843
N	4.235	5.592	37.86	844
CA	3.955	6.042	39.229	844
C	5.256	6.222	40.044	844
N	5.172	6.911	41.181	845
CA	6.226	7.048	42.203	845
C	6.845	5.714	42.639	845
N	6.079	4.618	42.583	846
CA	6.548	3.26	42.87	846
C	7.243	2.539	41.707	846
N	7.426	3.18	40.547	847
CA	8.02	2.552	39.359	847
C	7.043	1.723	38.511	847
N	5.754	1.7	38.863	848
CA	4.732	0.946	38.135	848
C	4.261	1.711	36.891	848
N	4.136	1.018	35.758	849
CA	3.607	1.59	34.516	849
C	2.118	1.909	34.66	849
N	1.742	3.185	34.57	850
CA	0.345	3.638	34.586	850
C	-0.27	3.721	33.18	850
N	0.561	3.835	32.139	851
CA	0.138	4.02	30.747	851
C	1.164	4.821	29.944	851
N	0.718	5.699	29.041	852
CA	1.613	6.58	28.282	852
C	1.053	7.995	28.076	852
N	1.942	8.97	27.903	853
CA	1.615	10.318	27.447	853
C	1.836	10.435	25.948	853
N	0.877	11.024	25.247	854
CA	0.962	11.317	23.829	854
C	1.022	12.828	23.622	854
N	2.092	13.277	22.977	855
CA	2.345	14.674	22.656	855
C	2.065	14.89	21.183	855
N	1.22	15.865	20.866	856
CA	0.935	16.259	19.497	856
C	1.638	17.576	19.205	856
N	2.543	17.55	18.239	857
CA	3.088	18.755	17.644	857
C	2.289	19.052	16.386	857
N	1.545	20.153	16.397	858
CA	0.87	20.64	15.197	858
C	1.952	20.905	14.153	858
N	1.776	20.356	12.95	859
CA	2.57	20.796	11.808	859
C	2.064	22.191	11.507	859
N	2.692	23.194	12.113	860
CA	2.491	24.559	11.67	860
C	2.958	24.575	10.211	860
N	2.09	24.842	9.215	861
CA	2.616	25.343	7.958	861
C	3.439	26.57	8.346	861
N	4.686	26.611	7.887	862
CA	5.682	27.609	8.265	862
C	5.017	28.981	8.462	862
N	5.127	29.543	9.67	863
CA	4.242	30.597	10.194	863
C	4.514	31.985	9.573	863
N	5.035	32.002	8.347	864
CA	5.191	33.166	7.485	864
C	4.047	33.34	6.469	864
N	2.89	32.693	6.641	865
CA	1.695	33.011	5.845	865
C	0.458	33.21	6.735	865
N	-0.169	34.405	6.718	866
CA	-1.378	34.66	7.478	866
C	-2.563	33.918	6.855	866
N	-3.33	33.308	7.747	867
CA	-4.605	32.626	7.563	867
C	-5.58	33.308	6.59	867
N	-5.831	32.672	5.442	868
CA	-7.152	32.601	4.803	868
C	-7.428	31.172	4.284	868
N	-8.496	30.612	4.845	869
CA	-9.408	29.545	4.418	869
C	-9.063	28.594	3.229	869
N	-8.937	27.296	3.583	870
CA	-9.43	26.075	2.888	870
C	-8.498	25.195	1.992	870
N	-8.234	23.972	2.519	871
CA	-8.236	22.62	1.869	871
C	-6.964	22.063	1.16	871
N	-6.81	20.713	1.096	872
CA	-5.557	20.019	1.408	872
C	-4.673	19.778	0.178	872
N	-3.565	20.516	0.056	873
CA	-2.506	20.229	-0.933	873
C	-1.118	19.988	-0.343	873
N	-0.933	19.945	0.979	874
CA	0.401	19.865	1.608	874
C	1.307	18.7	1.164	874
N	0.756	17.583	0.66	875
CA	1.552	16.482	0.07	875
C	1.611	16.503	-1.457	875
N	0.575	17.011	-2.117	876
CA	0.571	17.196	-3.573	876
C	1.53	18.322	-3.964	876
N	1.544	19.443	-3.237	877
CA	2.427	20.578	-3.511	877
C	3.906	20.224	-3.355	877
N	4.292	19.409	-2.363	878
CA	5.696	18.989	-2.163	878
C	6.146	18.018	-3.268	878
N	5.236	17.168	-3.755	879
CA	5.506	16.231	-4.857	879
C	5.617	16.972	-6.19	879
N	4.632	17.826	-6.486	880
CA	4.623	18.733	-7.637	880
C	5.867	19.634	-7.618	880
N	6.314	20.108	-6.447	881
CA	7.538	20.919	-6.321	881
C	8.81	20.16	-6.7	881
N	8.929	18.869	-6.35	882
CA	10.106	18.062	-6.723	882
C	10.126	17.733	-8.212	882
N	8.977	17.376	-8.78	883
CA	8.847	17.122	-10.218	883
C	9.092	18.402	-11.023	883
N	8.554	19.538	-10.57	884
CA	8.819	20.849	-11.155	884
C	10.31	21.196	-11.07	884
N	10.954	21.003	-9.914	885
CA	12.392	21.233	-9.761	885
C	13.228	20.359	-10.713	885
N	12.847	19.089	-10.903	886
CA	13.487	18.2	-11.875	886
C	13.304	18.698	-13.316	886
N	12.076	19.039	-13.726	887
CA	11.788	19.56	-15.074	887
C	12.573	20.853	-15.329	887
N	12.604	21.77	-14.361	888
CA	13.358	23.022	-14.449	888
C	14.868	22.779	-14.561	888
N	15.401	21.803	-13.82	889
CA	16.801	21.401	-13.931	889
C	17.113	20.803	-15.31	889
N	16.243	19.94	-15.838	890
CA	16.399	19.369	-17.178	890
C	16.245	20.423	-18.283	890
N	15.436	21.475	-18.094	891
CA	15.333	22.612	-19.025	891
C	16.562	23.534	-18.99	891
N	17.205	23.696	-17.826	892
CA	18.394	24.552	-17.669	892
C	19.605	24.026	-18.452	892
N	19.742	22.702	-18.597	893
CA	20.851	22.055	-19.326	893
C	20.92	22.446	-20.817	893
N	19.887	22.214	-21.656	894
CA	19.919	22.606	-23.064	894
C	19.981	24.127	-23.231	894
N	19.327	24.895	-22.35	895
CA	19.409	26.358	-22.355	895
C	20.85	26.856	-22.168	895
N	21.609	26.258	-21.243	896
CA	23.029	26.567	-21.064	896
C	23.863	26.242	-22.316	896
N	23.53	25.173	-23.048	897
CA	24.174	24.831	-24.323	897
C	23.898	25.859	-25.428	897
N	22.645	26.317	-25.546	898
CA	22.251	27.396	-26.469	898
C	23.003	28.687	-26.116	898
N	23.034	29.055	-24.829	899
CA	23.759	30.223	-24.31	899
C	25.251	30.185	-24.614	899
N	25.89	29.039	-24.387	900
CA	27.311	28.857	-24.675	900
C	27.601	29.084	-26.162	900
N	26.796	28.475	-27.034	901
CA	26.931	28.615	-28.491	901
C	26.697	30.06	-28.949	901
N	25.707	30.751	-28.367	902
CA	25.419	32.175	-28.607	902
C	26.612	33.066	-28.242	902
N	27.179	32.891	-27.04	903
CA	28.376	33.62	-26.575	903
C	29.606	33.361	-27.444	903
N	29.765	32.143	-27.967	904
CA	30.816	31.859	-28.946	904
C	30.605	32.656	-30.239	904
N	29.363	32.77	-30.726	905
CA	29.05	33.524	-31.943	905
C	29.271	35.036	-31.772	905
N	28.975	35.603	-30.6	906
CA	29.262	37.015	-30.276	906
C	30.756	37.363	-30.379	906
N	31.64	36.392	-30.125	907
CA	33.091	36.552	-30.257	907
C	33.595	36.395	-31.705	907
N	32.701	36.166	-32.67	908
CA	33.036	36.084	-34.098	908
C	32.71	37.386	-34.832	908
N	33.189	37.522	-36.071	909
CA	32.835	38.653	-36.923	909
C	31.367	38.545	-37.376	909
N	30.467	39.202	-36.644	910
CA	29.032	39.281	-36.949	910
C	28.674	40.632	-37.574	910
N	27.759	40.628	-38.544	911
CA	27.165	41.854	-39.103	911
C	26.201	42.519	-38.113	911
N	25.885	43.804	-38.301	912
CA	24.93	44.529	-37.439	912
C	23.555	43.836	-37.35	912
N	23.044	43.284	-38.459	913
CA	21.788	42.519	-38.446	913
C	21.911	41.213	-37.639	913
N	23.036	40.497	-37.765	914
CA	23.281	39.275	-36.987	914
C	23.443	39.579	-35.501	914
N	24.066	40.711	-35.173	915
CA	24.178	41.196	-33.804	915
C	22.8	41.465	-33.201	915
N	21.897	42.116	-33.937	916
CA	20.516	42.308	-33.483	916
C	19.783	40.974	-33.233	916
N	19.999	39.951	-34.071	917
CA	19.442	38.612	-33.828	917
C	20.024	37.956	-32.568	917
N	21.324	38.129	-32.318	918
CA	21.989	37.639	-31.11	918
C	21.503	38.351	-29.843	918
N	21.271	39.662	-29.913	919
CA	20.722	40.471	-28.819	919
C	19.267	40.069	-28.513	919
N	18.462	39.818	-29.553	920
CA	17.087	39.298	-29.413	920
C	17.085	37.908	-28.766	920
N	18.034	37.053	-29.164	921
CA	18.223	35.735	-28.56	921
C	18.665	35.83	-27.097	921
N	19.531	36.787	-26.733	922
CA	19.932	37.038	-25.336	922
C	18.722	37.393	-24.477	922
N	17.88	38.294	-24.981	923
CA	16.7	38.757	-24.271	923
C	15.721	37.604	-23.986	923
N	15.503	36.702	-24.95	924
CA	14.661	35.517	-24.753	924
C	15.294	34.514	-23.774	924
N	16.61	34.317	-23.848	925
CA	17.354	33.434	-22.948	925
C	17.295	33.919	-21.488	925
N	17.504	35.223	-21.255	926
CA	17.36	35.857	-19.933	926
C	15.943	35.734	-19.384	926
N	14.931	35.839	-20.247	927
CA	13.54	35.613	-19.855	927
C	13.314	34.178	-19.369	927
N	13.827	33.166	-20.078	928
CA	13.702	31.765	-19.647	928
C	14.406	31.551	-18.302	928
N	15.619	32.086	-18.131	929
CA	16.358	31.966	-16.871	929
C	15.604	32.594	-15.699	929
N	15.033	33.787	-15.879	930
CA	14.219	34.414	-14.844	930
C	13.001	33.548	-14.488	930
N	12.256	33.048	-15.482	931
CA	11.102	32.162	-15.241	931
C	11.508	30.907	-14.45	931
N	12.672	30.323	-14.756	932
CA	13.202	29.152	-14.044	932
C	13.617	29.5	-12.605	932
N	14.166	30.69	-12.365	933
CA	14.643	31.11	-11.042	933
C	13.498	31.575	-10.119	933
N	12.393	32.086	-10.67	934
CA	11.25	32.647	-9.928	934
C	10.227	31.639	-9.393	934
N	10.609	30.373	-9.242	935
CA	9.695	29.293	-8.827	935
C	9.019	29.465	-7.458	935
N	9.364	30.495	-6.684	936
CA	8.616	30.872	-5.489	936
C	7.299	31.565	-5.878	936
N	6.299	30.804	-6.342	937
CA	4.946	31.319	-6.623	937
C	4.348	32.103	-5.428	937
N	4.783	31.787	-4.2	938
CA	4.397	32.493	-2.974	938
C	4.795	33.973	-2.949	938
N	5.952	34.354	-3.507	939
CA	6.453	35.739	-3.421	939
C	5.634	36.736	-4.254	939
N	5.019	36.272	-5.35	940
CA	4.15	37.093	-6.206	940
C	2.793	37.338	-5.526	940
N	2.269	36.344	-4.801	941
CA	1.013	36.469	-4.058	941
C	1.176	37.269	-2.751	941
N	2.296	37.113	-2.038	942
CA	2.577	37.78	-0.75	942
C	3.161	39.192	-0.874	942
N	3.416	39.662	-2.095	943
CA	3.901	41.021	-2.325	943
C	5.388	41.237	-2.034	943
N	6.177	40.168	-1.93	944
CA	7.641	40.179	-1.752	944
C	8.421	40.097	-3.071	944
N	7.785	40.356	-4.222	945
CA	8.475	40.41	-5.516	945
C	9.504	41.558	-5.541	945
N	10.789	41.21	-5.498	946
CA	11.893	42.155	-5.636	946
C	12.12	42.458	-7.126	946
N	11.943	43.719	-7.528	947
CA	12.173	44.166	-8.907	947
C	13.664	44.437	-9.134	947
N	14.223	43.918	-10.229	948
CA	15.601	44.202	-10.622	948
C	15.642	45.465	-11.492	948
N	16.044	46.592	-10.907	949
CA	16.0	47.896	-11.573	949
C	17.27	48.148	-12.397	949
N	17.161	48.065	-13.721	950
CA	18.257	48.287	-14.666	950
C	17.914	49.32	-15.753	950
N	18.942	49.817	-16.447	951
CA	18.762	50.662	-17.631	951
C	18.625	49.767	-18.863	951
N	17.552	49.95	-19.629	952
CA	17.31	49.182	-20.846	952
C	16.685	50.037	-21.95	952
N	16.814	49.572	-23.192	953
CA	16.216	50.201	-24.376	953
C	14.917	49.48	-24.711	953
N	13.819	50.225	-24.873	954
CA	12.502	49.628	-25.126	954
C	12.465	48.795	-26.419	954
N	13.211	49.202	-27.452	955
CA	13.35	48.457	-28.706	955
C	13.743	46.988	-28.513	955
N	14.649	46.689	-27.576	956
CA	15.117	45.319	-27.334	956
C	13.996	44.409	-26.808	956
N	13.119	44.944	-25.949	957
CA	11.944	44.211	-25.457	957
C	10.982	43.933	-26.613	957
N	10.755	44.923	-27.48	958
CA	9.837	44.797	-28.612	958
C	10.309	43.742	-29.614	958
N	11.599	43.738	-29.943	959
CA	12.194	42.726	-30.816	959
C	12.05	41.322	-30.2	959
N	12.301	41.189	-28.891	960
CA	12.16	39.927	-28.167	960
C	10.718	39.397	-28.183	960
N	9.724	40.192	-27.771	961
CA	8.327	39.724	-27.709	961
C	7.757	39.414	-29.099	961
N	8.133	40.186	-30.127	962
CA	7.689	39.939	-31.506	962
C	8.308	38.649	-32.043	962
N	9.577	38.371	-31.721	963
CA	10.247	37.136	-32.144	963
C	9.563	35.874	-31.598	963
N	9.068	35.917	-30.355	964
CA	8.432	34.781	-29.674	964
C	7.101	34.36	-30.314	964
N	6.358	35.298	-30.909	965
CA	5.073	35.003	-31.573	965
C	5.185	34.839	-33.09	965
N	6.345	35.144	-33.678	966
CA	6.531	35.182	-35.132	966
C	6.274	33.827	-35.806	966
N	6.679	32.725	-35.166	967
CA	6.413	31.371	-35.671	967
C	4.91	31.075	-35.708	967
N	4.193	31.385	-34.624	968
CA	2.748	31.169	-34.519	968
C	1.953	32.035	-35.515	968
N	2.392	33.277	-35.745	969
CA	1.82	34.18	-36.759	969
C	1.955	33.577	-38.163	969
N	3.126	33.011	-38.494	970
CA	3.372	32.354	-39.788	970
C	2.538	31.089	-39.956	970
N	2.474	30.238	-38.935	971
CA	1.67	29.006	-38.954	971
C	0.181	29.288	-39.187	971
N	-0.344	30.352	-38.569	972
CA	-1.746	30.764	-38.715	972
C	-2.018	31.672	-39.92	972
N	-0.999	32.022	-40.712	973
CA	-1.084	32.988	-41.816	973
C	-1.747	34.319	-41.401	973
N	-1.313	34.884	-40.272	974
CA	-1.81	36.162	-39.754	974
C	-0.951	37.333	-40.249	974
N	-1.557	38.512	-40.387	975
CA	-0.832	39.751	-40.688	975
C	-0.468	40.485	-39.394	975
N	0.804	40.853	-39.229	976
CA	1.277	41.66	-38.104	976
C	1.492	43.108	-38.554	976
N	0.765	44.032	-37.94	977
CA	0.941	45.471	-38.086	977
C	1.602	46.028	-36.826	977
N	2.526	46.975	-36.969	978
CA	3.091	47.675	-35.82	978
C	3.213	49.181	-36.083	978
N	2.668	49.993	-35.182	979
CA	2.74	51.455	-35.209	979
C	3.5	51.922	-33.963	979
N	4.826	51.981	-34.088	980
CA	5.74	52.291	-32.986	980
C	6.695	53.393	-33.463	980
N	6.575	54.633	-32.952	981
CA	7.498	55.721	-33.27	981
C	8.956	55.34	-32.973	981
N	9.89	55.656	-33.873	982
CA	11.31	55.306	-33.684	982
C	11.925	56.001	-32.458	982
N	11.438	57.2	-32.127	983
CA	11.758	57.911	-30.883	983
C	11.457	57.062	-29.642	983
N	10.391	56.252	-29.689	984
CA	9.978	55.377	-28.591	984
C	10.839	54.118	-28.529	984
N	11.218	53.545	-29.677	985
CA	12.12	52.38	-29.713	985
C	13.478	52.696	-29.088	985
N	13.97	53.918	-29.29	986
CA	15.258	54.39	-28.772	986
C	15.19	54.948	-27.339	986
N	14.027	54.917	-26.672	987
CA	13.907	55.368	-25.282	987
C	14.723	54.468	-24.348	987
N	15.685	55.074	-23.65	988
CA	16.345	54.474	-22.489	988
C	15.477	54.661	-21.245	988
N	14.983	53.543	-20.729	989
CA	14.102	53.452	-19.575	989
C	14.864	52.869	-18.385	989
N	14.382	53.154	-17.179	990
CA	14.932	52.604	-15.944	990
C	13.854	51.812	-15.199	990
N	14.023	50.491	-15.12	991
CA	13.036	49.552	-14.581	991
C	13.471	48.093	-14.731	991
N	12.541	47.159	-14.554	992
CA	12.808	45.727	-14.726	992
C	12.517	45.282	-16.168	992
N	13.582	45.122	-16.965	993
CA	13.49	44.753	-18.38	993
C	12.821	43.385	-18.554	993
N	13.27	42.391	-17.782	994
CA	12.874	40.992	-17.958	994
C	11.411	40.807	-17.561	994
N	10.972	41.412	-16.452	995
CA	9.565	41.355	-16.034	995
C	8.638	42.021	-17.032	995
N	9.014	43.194	-17.541	996
CA	8.22	43.879	-18.557	996
C	8.119	43.035	-19.837	996
N	9.205	42.368	-20.233	997
CA	9.219	41.454	-21.373	997
C	8.293	40.246	-21.167	997
N	8.337	39.588	-19.998	998
CA	7.42	38.484	-19.639	998
C	5.97	38.931	-19.795	998
N	5.614	40.039	-19.145	999
CA	4.248	40.567	-19.144	999
C	3.753	40.862	-20.56	999
N	4.537	41.592	-21.357	1000
CA	4.149	41.94	-22.725	1000
C	4.083	40.705	-23.636	1000
N	4.957	39.713	-23.428	1001
CA	4.943	38.463	-24.194	1001
C	3.679	37.638	-23.941	1001
N	3.219	37.533	-22.689	1002
CA	2.009	36.781	-22.331	1002
C	0.749	37.396	-22.954	1002
N	0.628	38.73	-22.902	1003
CA	-0.487	39.437	-23.535	1003
C	-0.466	39.263	-25.056	1003
N	0.697	39.427	-25.695	1004
CA	0.828	39.287	-27.144	1004
C	0.546	37.85	-27.61	1004
N	1.045	36.845	-26.886	1005
CA	0.793	35.435	-27.178	1005
C	-0.7	35.102	-27.091	1005
N	-1.412	35.642	-26.099	1006
CA	-2.857	35.456	-25.968	1006
C	-3.642	36.109	-27.114	1006
N	-3.221	37.296	-27.56	1007
CA	-3.796	37.994	-28.723	1007
C	-3.626	37.156	-29.995	1007
N	-2.415	36.667	-30.276	1008
CA	-2.12	35.842	-31.465	1008
C	-2.822	34.477	-31.394	1008
N	-2.88	33.866	-30.21	1009
CA	-3.534	32.569	-29.997	1009
C	-5.038	32.609	-30.282	1009
N	-5.711	33.721	-29.977	1010
CA	-7.16	33.882	-30.162	1010
C	-7.556	34.683	-31.409	1010
N	-6.592	35.049	-32.251	1011
CA	-6.886	35.636	-33.558	1011
C	-7.373	34.545	-34.513	1011
N	-8.541	34.756	-35.125	1012
CA	-9.124	33.808	-36.073	1012
C	-8.276	33.698	-37.355	1012
N	-8.111	32.481	-37.88	1013
CA	-7.465	32.209	-39.169	1013
C	-8.451	31.558	-40.149	1013
N	-8.262	31.715	-41.473	1014
CA	-7.29	32.578	-42.16	1014
C	-7.759	34.047	-42.275	1014
N	-6.833	34.962	-42.597	1015
CA	-7.037	36.418	-42.784	1015
C	-7.21	37.261	-41.509	1015
N	-6.855	36.723	-40.345	1016
CA	-6.769	37.528	-39.136	1016
C	-5.556	38.457	-39.147	1016
N	-5.663	39.561	-38.422	1017
CA	-4.57	40.497	-38.213	1017
C	-4.365	40.788	-36.732	1017
N	-3.12	41.107	-36.395	1018
CA	-2.654	41.533	-35.077	1018
C	-1.953	42.875	-35.249	1018
N	-2.26	43.845	-34.399	1019
CA	-1.694	45.194	-34.43	1019
C	-1.049	45.521	-33.08	1019
N	0.21	45.962	-33.099	1020
CA	0.931	46.467	-31.926	1020
C	1.135	47.97	-32.099	1020
N	0.472	48.779	-31.281	1021
CA	0.595	50.238	-31.3	1021
C	1.142	50.743	-29.976	1021
N	2.129	51.635	-30.024	1022
CA	2.678	52.275	-28.823	1022
C	2.601	53.784	-28.988	1022
N	1.885	54.438	-28.079	1023
CA	1.733	55.894	-28.068	1023
C	2.191	56.485	-26.734	1023
N	2.845	57.658	-26.732	1024
CA	3.145	58.362	-25.495	1024
C	1.841	58.929	-24.908	1024
N	1.62	58.724	-23.612	1025
CA	0.537	59.355	-22.859	1025
C	0.844	60.814	-22.504	1025
N	-0.121	61.492	-21.873	1026
CA	0.066	62.838	-21.318	1026
C	1.205	62.806	-20.283	1026
N	2.29	63.543	-20.525	1027
CA	3.348	63.77	-19.53	1027
C	2.762	64.498	-18.321	1027
N	2.831	63.876	-17.139	1028
CA	2.524	64.519	-15.86	1028
C	3.361	65.801	-15.723	1028
N	2.75	66.87	-15.206	1029
CA	3.383	68.188	-15.041	1029
C	4.55	68.2	-14.029	1029
N	4.859	67.067	-13.395	1030
CA	5.971	66.913	-12.463	1030
C	7.254	66.491	-13.2	1030
N	7.903	67.488	-13.805	1031
CA	9.32	67.497	-14.182	1031
C	9.911	66.226	-14.808	1031
N	9.671	65.974	-16.105	1032
CA	10.45	65.164	-17.08	1032
C	11.06	63.788	-16.682	1032
N	10.92	63.295	-15.451	1033
CA	11.558	62.059	-14.981	1033
C	10.772	60.806	-15.366	1033
N	9.454	60.898	-15.547	1034
CA	8.587	59.762	-15.865	1034
C	7.914	59.939	-17.227	1034
N	7.762	58.834	-17.955	1035
CA	6.97	58.753	-19.179	1035
C	5.808	57.802	-18.971	1035
N	4.651	58.225	-19.458	1036
CA	3.499	57.361	-19.591	1036
C	3.511	56.756	-20.998	1036
N	3.55	55.433	-21.105	1037
CA	3.507	54.696	-22.365	1037
C	2.215	53.891	-22.426	1037
N	1.517	53.963	-23.558	1038
CA	0.325	53.156	-23.816	1038
C	0.633	52.12	-24.877	1038
N	0.596	50.848	-24.506	1039
CA	0.706	49.723	-25.426	1039
C	-0.699	49.228	-25.761	1039
N	-1.024	49.188	-27.045	1040
CA	-2.257	48.619	-27.572	1040
C	-1.907	47.392	-28.4	1040
N	-2.374	46.222	-27.972	1041
CA	-2.243	44.967	-28.717	1041
C	-3.628	44.548	-29.195	1041
N	-3.945	44.869	-30.446	1042
CA	-5.245	44.627	-31.05	1042
C	-5.232	43.404	-31.964	1042
N	-6.387	42.765	-32.11	1043
CA	-6.595	41.724	-33.101	1043
C	-8.003	41.731	-33.682	1043
N	-8.115	41.147	-34.871	1044
CA	-9.394	40.786	-35.473	1044
C	-10.022	39.567	-34.789	1044
N	-11.351	39.548	-34.68	1045
CA	-12.122	38.399	-34.195	1045
C	-13.038	38.735	-33.019	1045
N	-13.64	37.7	-32.422	1046
CA	-14.61	37.827	-31.317	1046
C	-13.972	38.127	-29.946	1046
N	-12.646	38.259	-29.903	1047
CA	-11.884	38.463	-28.68	1047
C	-11.479	37.165	-27.981	1047
N	-10.771	37.316	-26.866	1048
CA	-10.335	36.226	-25.99	1048
C	-11.563	35.645	-25.27	1048
N	-11.707	34.311	-25.152	1049
CA	-12.816	33.651	-24.464	1049
C	-13.11	34.224	-23.07	1049
N	-14.392	34.278	-22.694	1050
CA	-14.823	34.913	-21.439	1050
C	-14.326	34.201	-20.183	1050
N	-14.105	32.885	-20.228	1051
CA	-13.514	32.123	-19.124	1051
C	-12.047	32.514	-18.872	1051
N	-11.25	32.71	-19.929	1052
CA	-9.853	33.169	-19.81	1052
C	-9.79	34.584	-19.221	1052
N	-10.683	35.483	-19.662	1053
CA	-10.783	36.833	-19.093	1053
C	-11.292	36.816	-17.647	1053
N	-12.271	35.965	-17.333	1054
CA	-12.748	35.778	-15.965	1054
C	-11.598	35.34	-15.054	1054
N	-10.796	34.363	-15.474	1055
CA	-9.62	33.924	-14.724	1055
C	-8.603	35.071	-14.557	1055
N	-8.303	35.826	-15.621	1056
CA	-7.419	37.0	-15.553	1056
C	-7.88	38.051	-14.519	1056
N	-9.187	38.339	-14.431	1057
CA	-9.72	39.401	-13.568	1057
C	-10.1	38.929	-12.154	1057
N	-10.712	37.75	-12.021	1058
CA	-11.398	37.237	-10.82	1058
C	-10.851	35.886	-10.302	1058
N	-9.855	35.273	-10.956	1059
CA	-9.427	33.878	-10.741	1059
C	-8.792	33.487	-9.394	1059
N	-8.974	34.238	-8.305	1060
CA	-8.275	34.009	-7.03	1060
C	-8.406	32.599	-6.424	1060
N	-9.524	31.889	-6.648	1061
CA	-9.835	30.658	-5.899	1061
C	-9.951	29.372	-6.743	1061
N	-10.269	29.453	-8.041	1062
CA	-10.403	28.293	-8.94	1062
C	-10.128	28.709	-10.39	1062
N	-8.968	28.311	-10.913	1063
CA	-8.576	28.547	-12.304	1063
C	-9.235	27.52	-13.22	1063
N	-9.841	27.981	-14.31	1064
CA	-10.428	27.103	-15.329	1064
C	-9.479	26.851	-16.493	1064
N	-8.559	27.78	-16.784	1065
CA	-7.58	27.626	-17.868	1065
C	-6.156	28.027	-17.47	1065
N	-5.163	27.42	-18.133	1066
CA	-3.747	27.75	-17.931	1066
C	-3.412	29.156	-18.451	1066
N	-4.059	29.603	-19.533	1067
CA	-3.843	30.945	-20.084	1067
C	-4.35	32.039	-19.135	1067
N	-5.474	31.786	-18.453	1068
CA	-6.052	32.698	-17.47	1068
C	-5.138	32.93	-16.266	1068
N	-4.498	31.863	-15.769	1069
CA	-3.477	31.95	-14.721	1069
C	-2.28	32.796	-15.178	1069
N	-1.779	32.558	-16.396	1070
CA	-0.689	33.344	-16.98	1070
C	-1.009	34.84	-16.979	1070
N	-2.132	35.233	-17.59	1071
CA	-2.561	36.636	-17.671	1071
C	-2.798	37.288	-16.301	1071
N	-3.293	36.533	-15.319	1072
CA	-3.431	37.026	-13.951	1072
C	-2.07	37.347	-13.321	1072
N	-1.088	36.455	-13.481	1073
CA	0.275	36.667	-12.992	1073
C	0.924	37.859	-13.702	1073
N	0.775	37.973	-15.027	1074
CA	1.261	39.128	-15.791	1074
C	0.618	40.433	-15.303	1074
N	-0.684	40.432	-14.974	1075
CA	-1.382	41.596	-14.393	1075
C	-0.826	41.98	-13.02	1075
N	-0.531	41.003	-12.157	1076
CA	0.083	41.247	-10.841	1076
C	1.477	41.847	-10.99	1076
N	2.312	41.283	-11.86	1077
CA	3.645	41.822	-12.157	1077
C	3.525	43.247	-12.712	1077
N	2.64	43.473	-13.686	1078
CA	2.403	44.789	-14.28	1078
C	2.01	45.837	-13.229	1078
N	1.135	45.482	-12.28	1079
CA	0.741	46.383	-11.188	1079
C	1.903	46.789	-10.274	1079
N	2.948	45.955	-10.167	1080
CA	4.161	46.257	-9.389	1080
C	5.133	47.164	-10.135	1080
N	5.122	47.141	-11.466	1081
CA	5.927	48.029	-12.324	1081
C	5.119	49.295	-12.681	1081
N	4.17	49.705	-11.829	1082
CA	3.321	50.891	-12.041	1082
C	2.56	50.888	-13.376	1082
N	2.086	49.714	-13.796	1083
CA	1.26	49.55	-14.983	1083
C	-0.158	49.07	-14.678	1083
N	-1.064	49.316	-15.614	1084
CA	-2.44	48.844	-15.583	1084
C	-2.825	48.269	-16.945	1084
N	-3.671	47.239	-16.957	1085
CA	-4.152	46.603	-18.188	1085
C	-5.67	46.56	-18.207	1085
N	-6.232	46.868	-19.367	1086
CA	-7.647	46.741	-19.673	1086
C	-7.813	45.924	-20.949	1086
N	-8.916	45.187	-21.049	1087
CA	-9.293	44.499	-22.276	1087
C	-10.58	45.106	-22.819	1087
N	-10.527	45.621	-24.044	1088
CA	-11.654	46.293	-24.694	1088
C	-12.109	45.458	-25.885	1088
N	-13.412	45.164	-25.935	1089
CA	-14.059	44.49	-27.066	1089
C	-14.87	45.505	-27.87	1089
N	-14.433	45.818	-29.085	1090
CA	-15.214	46.583	-30.064	1090
C	-15.805	45.64	-31.124	1090
N	-16.771	46.12	-31.917	1091
CA	-17.463	45.287	-32.915	1091
C	-16.526	44.665	-33.967	1091
N	-15.437	45.355	-34.331	1092
CA	-14.523	44.926	-35.4	1092
C	-13.121	44.537	-34.913	1092
N	-12.752	44.917	-33.688	1093
CA	-11.434	44.645	-33.114	1093
C	-11.534	44.501	-31.605	1093
N	-10.725	43.621	-31.043	1094
CA	-10.552	43.521	-29.601	1094
C	-9.093	43.812	-29.271	1094
N	-8.819	44.473	-28.15	1095
CA	-7.453	44.857	-27.815	1095
C	-7.185	44.9	-26.316	1095
N	-5.955	44.549	-25.942	1096
CA	-5.405	44.927	-24.647	1096
C	-4.878	46.352	-24.724	1096
N	-5.225	47.162	-23.73	1097
CA	-4.642	48.471	-23.486	1097
C	-3.841	48.399	-22.188	1097
N	-2.523	48.519	-22.298	1098
CA	-1.587	48.518	-21.177	1098
C	-1.047	49.937	-21.02	1098
N	-1.406	50.585	-19.921	1099
CA	-0.866	51.875	-19.506	1099
C	0.316	51.614	-18.561	1099
N	1.499	52.146	-18.865	1100
CA	2.721	51.947	-18.083	1100
C	3.355	53.292	-17.736	1100
N	3.583	53.537	-16.448	1101
CA	4.394	54.659	-15.981	1101
C	5.803	54.178	-15.631	1101
N	6.804	54.666	-16.362	1102
CA	8.193	54.241	-16.185	1102
C	9.143	55.432	-16.231	1102
N	10.239	55.336	-15.481	1103
CA	11.217	56.412	-15.368	1103
C	12.065	56.505	-16.64	1103
N	12.185	57.707	-17.21	1104
CA	13.192	58.026	-18.229	1104
C	14.56	58.191	-17.575	1104
N	15.618	57.874	-18.316	1105
CA	16.981	58.242	-17.926	1105
C	17.084	59.752	-17.642	1105
N	17.665	60.137	-16.496	1106
CA	18.145	61.515	-16.289	1106
C	19.294	61.778	-17.256	1106
N	19.141	62.737	-18.166	1107
CA	20.31	63.361	-18.78	1107
C	21.191	63.881	-17.638	1107
N	22.365	63.269	-17.434	1108
CA	23.4	63.882	-16.603	1108
C	23.642	65.255	-17.223	1108
N	23.244	66.338	-16.542	1109
CA	23.815	67.662	-16.809	1109
C	25.323	67.445	-16.802	1109
N	25.965	67.527	-17.973	1110
CA	27.418	67.656	-18.064	1110
C	27.751	68.866	-17.2	1110
N	28.22	68.631	-15.978	1111
CA	28.857	69.66	-15.179	1111
C	30.113	70.064	-15.954	1111
N	29.981	71.069	-16.816	1112
CA	31.064	71.762	-17.519	1112
C	31.952	72.584	-16.553	1112
N	32.054	72.176	-15.285	1113
CA	32.782	72.891	-14.236	1113
C	33.826	72.043	-13.501	1113
N	34.41	71.035	-14.156	1114
CA	35.558	70.322	-13.581	1114
C	36.797	70.189	-14.488	1114
N	36.803	70.693	-15.73	1115
CA	38.004	70.597	-16.593	1115
C	38.681	71.932	-16.941	1115
N	38.193	73.077	-16.45	1116
CA	38.868	74.375	-16.67	1116
C	39.782	74.831	-15.528	1116
N	40.114	73.974	-14.552	1117
CA	41.096	74.308	-13.499	1117
C	42.404	73.508	-13.56	1117
N	42.716	72.849	-14.681	1118
CA	44.03	72.209	-14.891	1118
C	44.81	72.749	-16.103	1118
N	44.404	73.888	-16.677	1119
CA	45.154	74.564	-17.752	1119
C	45.384	76.068	-17.498	1119
N	45.625	76.432	-16.238	1120
CA	46.39	77.626	-15.838	1120
C	47.485	77.19	-14.883	1120
