ATOM	X	Y	Z	RESIDUE
N	84.525	73.791	-0.191	1
CA	83.979	73.589	-1.537	1
C	83.019	72.471	-1.258	1
N	82.204	73.159	-0.45	2
CA	81.761	73.024	0.924	2
C	81.073	71.689	1.114	2
N	80.145	71.566	2.062	3
CA	80.158	71.274	3.477	3
C	78.796	71.022	4.166	3
N	77.515	71.165	3.621	4
CA	76.237	71.077	4.385	4
C	75.579	69.708	4.668	4
N	75.199	69.218	5.9	5
CA	74.37	68.009	6.236	5
C	72.956	67.819	6.939	5
N	72.063	68.695	7.485	6
CA	71.93	68.976	8.919	6
C	70.46	69.113	9.305	6
N	70.134	68.829	10.562	7
CA	68.739	68.728	10.994	7
C	68.337	69.74	12.066	7
N	67.398	70.619	11.718	8
CA	66.882	71.625	12.642	8
C	65.358	71.661	12.653	8
N	64.805	72.568	13.454	9
CA	63.36	72.707	13.599	9
C	62.688	73.227	12.331	9
N	63.457	73.882	11.468	10
CA	62.926	74.313	10.182	10
C	62.919	73.12	9.245	10
N	63.757	72.14	9.568	11
CA	64.039	71.04	8.659	11
C	63.467	69.699	9.107	11
N	62.809	69.663	10.259	12
CA	62.234	68.4	10.705	12
C	60.946	68.061	9.949	12
N	60.241	69.08	9.466	13
CA	59.026	68.834	8.693	13
C	59.272	67.949	7.467	13
N	60.424	68.123	6.822	14
CA	60.697	67.472	5.536	14
C	61.901	66.535	5.526	14
N	62.061	65.735	6.569	15
CA	63.224	64.864	6.679	15
C	62.969	63.44	6.184	15
N	63.875	62.916	5.341	16
CA	63.77	61.582	4.74	16
C	64.26	60.52	5.699	16
N	63.397	60.114	6.62	17
CA	63.755	59.094	7.59	17
C	63.677	57.697	6.983	17
N	63.257	57.621	5.721	18
CA	63.157	56.332	5.047	18
C	64.452	55.915	4.345	18
N	65.318	56.879	4.058	19
CA	66.583	56.591	3.383	19
C	67.767	57.249	4.071	19
N	67.951	56.971	5.369	20
CA	68.992	57.629	6.169	20
C	70.411	57.279	5.723	20
N	70.618	56.052	5.258	21
CA	71.951	55.588	4.922	21
C	72.734	55.133	6.143	21
N	72.014	54.775	7.203	22
CA	72.621	54.246	8.419	22
C	71.592	53.515	9.277	22
N	72.027	52.458	9.956	23
CA	71.169	51.745	10.901	23
C	71.555	52.035	12.35	23
N	71.046	51.201	13.248	24
CA	71.438	51.22	14.646	24
C	72.436	50.098	14.871	24
N	73.142	50.126	16.011	25
CA	74.279	49.207	16.151	25
C	73.981	47.853	16.817	25
N	72.742	47.592	17.226	26
CA	72.442	46.313	17.871	26
C	72.178	45.218	16.843	26
N	72.532	45.512	15.596	27
CA	72.435	44.567	14.501	27
C	73.369	45.02	13.397	27
N	73.289	44.35	12.252	28
CA	74.042	44.755	11.076	28
C	73.157	44.599	9.875	28
N	73.546	45.233	8.783	29
CA	72.743	45.152	7.578	29
C	73.605	44.836	6.384	29
N	73.08	43.983	5.519	30
CA	73.69	43.759	4.231	30
C	72.575	43.858	3.209	30
N	72.808	44.671	2.188	31
CA	71.872	44.806	1.093	31
C	72.441	44.039	-0.075	31
N	71.597	43.306	-0.782	32
CA	72.083	42.561	-1.927	32
C	71.124	42.822	-3.068	32
N	71.584	42.656	-4.308	33
CA	70.682	42.81	-5.447	33
C	70.032	41.495	-5.857	33
N	69.211	41.539	-6.9	34
CA	68.358	40.399	-7.236	34
C	69.09	39.078	-7.513	34
N	70.402	39.145	-7.709	35
CA	71.23	37.955	-7.916	35
C	72.138	37.69	-6.706	35
N	71.806	38.307	-5.579	36
CA	72.551	38.107	-4.35	36
C	73.893	38.808	-4.215	36
N	74.327	39.537	-5.238	37
CA	75.607	40.242	-5.13	37
C	75.51	41.351	-4.098	37
N	76.507	41.454	-3.225	38
CA	76.463	42.484	-2.194	38
C	76.526	43.871	-2.831	38
N	75.592	44.746	-2.463	39
CA	75.572	46.109	-2.986	39
C	76.044	47.066	-1.905	39
N	75.832	46.685	-0.649	40
CA	76.271	47.504	0.477	40
C	76.096	46.799	1.823	40
N	76.822	47.274	2.821	41
CA	76.801	46.668	4.143	41
C	76.907	47.752	5.211	41
N	76.291	47.525	6.369	42
CA	76.545	48.398	7.506	42
C	78.056	48.411	7.749	42
N	78.549	49.363	8.532	43
CA	80.0	49.505	8.72	43
C	80.545	48.777	9.954	43
N	79.671	48.045	10.634	44
CA	80.067	47.26	11.797	44
C	80.004	45.776	11.511	44
N	79.759	45.438	10.252	45
CA	79.754	44.044	9.844	45
C	81.011	43.333	10.339	45
N	82.183	43.903	10.058	46
CA	83.43	43.325	10.544	46
C	83.416	43.203	12.071	46
N	82.899	44.226	12.748	47
CA	82.848	44.235	14.214	47
C	81.852	43.234	14.814	47
N	80.715	43.049	14.151	48
CA	79.696	42.102	14.608	48
C	79.936	40.669	14.135	48
N	80.442	40.528	12.914	49
CA	80.673	39.221	12.307	49
C	82.051	39.189	11.638	49
N	82.458	38.024	11.143	50
CA	83.805	37.857	10.616	50
C	84.124	38.528	9.289	50
N	83.133	38.589	8.407	51
CA	83.337	38.987	7.014	51
C	83.587	40.478	6.819	51
N	84.104	40.829	5.65	52
CA	84.06	42.212	5.204	52
C	83.252	42.271	3.915	52
N	81.946	42.473	4.074	53
CA	81.01	42.517	2.958	53
C	81.407	43.624	2.01	53
N	81.935	43.231	0.861	54
CA	82.422	44.197	-0.099	54
C	81.585	44.135	-1.358	54
N	81.048	45.286	-1.774	55
CA	80.256	45.392	-3.004	55
C	80.908	44.599	-4.134	55
N	80.155	43.699	-4.757	56
CA	80.698	42.795	-5.755	56
C	80.704	41.357	-5.264	56
N	81.109	41.163	-4.016	57
CA	81.128	39.849	-3.38	57
C	79.765	39.158	-3.384	57
N	79.776	37.824	-3.31	58
CA	78.57	37.037	-3.008	58
C	78.802	36.274	-1.704	58
N	77.823	36.283	-0.8	59
CA	77.994	35.603	0.487	59
C	78.299	34.117	0.317	59
N	79.111	33.576	1.228	60
CA	79.484	32.161	1.199	60
C	79.243	31.475	2.542	60
N	78.974	30.169	2.503	61
CA	78.707	29.399	3.721	61
C	79.718	29.705	4.822	61
N	80.958	29.963	4.425	62
CA	82.032	30.201	5.385	62
C	82.018	31.62	5.963	62
N	80.945	32.358	5.704	63
CA	80.804	33.723	6.205	63
C	79.564	33.829	7.07	63
N	78.503	33.167	6.62	64
CA	77.161	33.482	7.075	64
C	76.364	32.235	7.46	64
N	76.958	31.065	7.25	65
CA	76.281	29.819	7.537	65
C	75.485	29.371	6.335	65
N	75.035	28.117	6.348	66
CA	74.227	27.52	5.282	66
C	72.776	27.895	5.476	66
N	72.407	28.111	6.73	67
CA	71.034	28.408	7.08	67
C	70.615	29.731	6.455	67
N	71.521	30.702	6.475	68
CA	71.255	31.991	5.86	68
C	71.212	31.86	4.341	68
N	72.263	31.298	3.749	69
CA	72.27	31.045	2.307	69
C	71.023	30.302	1.839	69
N	70.715	29.181	2.483	70
CA	69.474	28.472	2.201	70
C	68.319	29.462	2.224	70
N	68.248	30.251	3.292	71
CA	67.167	31.211	3.455	71
C	67.15	32.184	2.304	71
N	68.296	32.818	2.094	72
CA	68.445	33.832	1.065	72
C	68.078	33.268	-0.302	72
N	68.354	31.988	-0.515	73
CA	68.001	31.355	-1.782	73
C	66.488	31.295	-1.961	73
N	65.778	30.84	-0.93	74
CA	64.325	30.805	-0.992	74
C	63.853	32.164	-1.465	74
N	64.649	33.19	-1.182	75
CA	64.249	34.558	-1.456	75
C	64.465	34.941	-2.903	75
N	65.666	34.646	-3.398	76
CA	66.072	34.991	-4.76	76
C	65.301	34.231	-5.846	76
N	64.675	33.116	-5.475	77
CA	63.933	32.302	-6.434	77
C	62.427	32.361	-6.18	77
N	62.053	32.635	-4.937	78
CA	60.667	32.914	-4.614	78
C	60.197	34.041	-5.512	78
N	58.894	34.292	-5.537	79
CA	58.364	35.249	-6.5	79
C	57.948	36.62	-5.933	79
N	56.997	36.645	-5.006	80
CA	56.473	37.91	-4.511	80
C	57.392	38.651	-3.555	80
N	56.828	39.558	-2.738	81
CA	57.589	40.143	-1.629	81
C	58.229	39.039	-0.801	81
N	59.428	39.271	-0.291	82
CA	60.099	38.248	0.499	82
C	60.184	38.679	1.941	82
N	59.83	37.766	2.835	83
CA	60.018	37.978	4.258	83
C	60.334	36.633	4.879	83
N	61.326	36.6	5.761	84
CA	61.695	35.346	6.399	84
C	62.821	35.548	7.396	84
N	63.032	34.561	8.256	85
CA	64.209	34.572	9.107	85
C	64.697	33.164	9.429	85
N	65.811	33.109	10.151	86
CA	66.436	31.857	10.533	86
C	67.309	32.146	11.737	86
N	67.379	31.194	12.657	87
CA	68.153	31.37	13.873	87
C	69.453	30.618	13.701	87
N	70.498	31.348	13.339	88
CA	71.762	30.736	12.971	88
C	72.85	31.154	13.95	88
N	73.818	30.268	14.169	89
CA	75.02	30.638	14.905	89
C	76.048	31.214	13.945	89
N	76.371	32.49	14.13	90
CA	77.561	33.035	13.489	90
C	78.598	33.379	14.541	90
N	79.852	33.176	14.158	91
CA	80.9	32.799	15.083	91
C	80.919	33.329	16.5	91
N	80.851	34.647	16.65	92
CA	80.886	35.256	17.969	92
C	79.582	34.97	18.723	92
N	78.453	35.217	18.061	93
CA	77.16	35.119	18.73	93
C	76.07	34.335	17.993	93
N	74.964	34.09	18.686	94
CA	73.801	33.484	18.049	94
C	72.893	34.579	17.484	94
N	72.329	34.348	16.302	95
CA	71.712	35.445	15.565	95
C	70.288	35.209	15.104	95
N	69.529	36.299	15.083	96
CA	68.29	36.382	14.332	96
C	68.576	37.137	13.037	96
N	68.676	36.41	11.929	97
CA	68.918	37.039	10.633	97
C	67.582	37.291	9.959	97
N	67.22	38.56	9.809	98
CA	65.9	38.923	9.29	98
C	65.937	39.603	7.921	98
N	65.455	38.886	6.921	99
CA	65.531	39.366	5.557	99
C	64.22	39.885	5.028	99
N	64.318	40.687	3.972	100
CA	63.159	41.079	3.182	100
C	63.644	41.697	1.908	100
N	62.741	41.794	0.938	101
CA	63.027	42.521	-0.283	101
C	62.127	43.745	-0.333	101
N	62.703	44.873	-0.725	102
CA	61.929	46.077	-0.99	102
C	62.491	46.764	-2.217	102
N	61.611	47.413	-2.973	103
CA	61.976	47.852	-4.304	103
C	62.656	46.668	-4.972	103
N	63.884	46.865	-5.428	104
CA	64.579	45.77	-6.089	104
C	65.849	45.431	-5.333	104
N	65.702	45.333	-4.022	105
CA	66.828	45.115	-3.122	105
C	66.461	44.137	-2.002	105
N	67.39	43.246	-1.667	106
CA	67.169	42.282	-0.593	106
C	67.959	42.698	0.625	106
N	67.286	42.922	1.742	107
CA	68.015	43.28	2.948	107
C	68.182	42.067	3.847	107
N	69.349	41.955	4.47	108
CA	69.616	40.901	5.446	108
C	70.075	41.534	6.737	108
N	69.146	41.808	7.645	109
CA	69.504	42.399	8.931	109
C	69.848	41.314	9.938	109
N	71.03	41.436	10.541	110
CA	71.533	40.461	11.498	110
C	71.426	41.016	12.907	110
N	70.347	40.7	13.616	111
CA	70.188	41.212	14.975	111
C	70.572	40.153	16.021	111
N	71.022	40.595	17.192	112
CA	71.638	39.679	18.164	112
C	70.667	38.921	19.057	112
N	70.841	37.603	19.096	113
CA	69.999	36.76	19.922	113
C	70.598	36.485	21.301	113
N	69.7	36.465	22.285	114
CA	69.98	36.118	23.674	114
C	69.005	34.991	24.05	114
N	69.552	33.844	24.451	115
CA	68.812	32.571	24.495	115
C	67.578	32.52	25.419	115
N	66.694	31.534	25.232	116
CA	66.785	30.505	24.194	116
C	65.647	30.641	23.197	116
N	65.488	29.609	22.373	117
CA	64.423	29.552	21.378	117
C	63.042	29.671	22.0	117
N	62.315	30.7	21.593	118
CA	60.897	30.778	21.879	118
C	60.242	29.598	21.19	118
N	59.704	28.68	21.983	119
CA	58.926	27.591	21.429	119
C	57.852	28.237	20.587	119
N	57.456	27.565	19.518	120
CA	56.313	27.997	18.729	120
C	55.122	28.195	19.651	120
N	55.006	27.281	20.604	121
CA	53.912	27.267	21.554	121
C	53.985	28.487	22.463	121
N	55.15	28.715	23.073	122
CA	55.369	29.889	23.914	122
C	54.995	31.135	23.115	122
N	55.353	31.132	21.832	123
CA	55.021	32.236	20.95	123
C	53.509	32.363	20.736	123
N	52.821	31.236	20.572	124
CA	51.384	31.278	20.321	124
C	50.585	31.818	21.511	124
N	51.018	31.543	22.743	125
CA	50.273	32.106	23.869	125
C	50.753	33.48	24.351	125
N	51.875	33.964	23.832	126
CA	52.139	35.39	23.98	126
C	51.136	36.158	23.14	126
N	51.029	35.779	21.876	127
CA	50.013	36.329	21.013	127
C	48.651	36.204	21.681	127
N	48.203	34.97	21.909	128
CA	46.847	34.712	22.403	128
C	46.538	35.412	23.73	128
N	47.565	35.605	24.549	129
CA	47.403	36.249	25.85	129
C	46.992	37.702	25.7	129
N	47.657	38.405	24.796	130
CA	47.407	39.825	24.615	130
C	46.132	40.042	23.798	130
N	46.023	39.354	22.664	131
CA	44.8	39.392	21.864	131
C	43.591	39.225	22.777	131
N	43.655	38.228	23.643	132
CA	42.559	37.955	24.55	132
C	42.127	39.216	25.294	132
N	43.095	40.062	25.622	133
CA	42.821	41.297	26.354	133
C	42.104	42.313	25.469	133
N	42.134	42.077	24.162	134
CA	41.518	42.997	23.218	134
C	40.049	42.691	22.928	134
N	39.553	41.56	23.403	135
CA	38.207	41.152	23.022	135
C	37.264	40.956	24.203	135
N	37.65	41.494	25.359	136
CA	36.805	41.448	26.548	136
C	35.8	42.6	26.589	136
N	36.062	43.645	25.809	137
CA	35.344	44.906	25.963	137
C	34.701	45.414	24.67	137
N	33.661	46.235	24.814	138
CA	32.998	46.883	23.679	138
C	33.37	48.364	23.563	138
N	33.493	49.025	24.706	139
CA	33.925	50.415	24.752	139
C	35.339	50.506	24.19	139
N	35.625	51.559	23.427	140
CA	36.972	51.753	22.88	140
C	37.992	52.182	23.945	140
N	37.53	52.892	24.97	141
CA	38.411	53.379	26.028	141
C	38.876	52.252	26.936	141
N	37.932	51.422	27.364	142
CA	38.246	50.28	28.21	142
C	39.237	49.388	27.483	142
N	38.992	49.178	26.188	143
CA	39.864	48.361	25.347	143
C	41.306	48.84	25.425	143
N	41.54	50.102	25.066	144
CA	42.879	50.689	25.14	144
C	43.468	50.559	26.536	144
N	42.637	50.843	27.538	145
CA	43.08	50.876	28.923	145
C	43.605	49.525	29.382	145
N	42.946	48.457	28.957	146
CA	43.354	47.115	29.358	146
C	44.632	46.642	28.677	146
N	44.708	46.808	27.359	147
CA	45.91	46.403	26.636	147
C	47.124	47.181	27.137	147
N	46.986	48.497	27.291	148
CA	48.068	49.298	27.854	148
C	48.645	48.609	29.088	148
N	47.768	48.186	29.994	149
CA	48.183	47.477	31.204	149
C	48.957	46.186	30.918	149
N	48.335	45.266	30.185	150
CA	48.89	43.925	29.998	150
C	50.171	43.935	29.166	150
N	50.295	44.898	28.254	151
CA	51.529	45.059	27.482	151
C	52.723	45.213	28.418	151
N	52.545	46.045	29.436	152
CA	53.601	46.31	30.402	152
C	53.976	45.053	31.176	152
N	52.971	44.285	31.576	153
CA	53.217	43.022	32.267	153
C	54.073	42.083	31.426	153
N	53.81	42.074	30.128	154
CA	54.5	41.162	29.241	154
C	55.912	41.644	28.914	154
N	56.036	42.895	28.479	155
CA	57.314	43.438	28.041	155
C	58.2	43.827	29.221	155
N	57.569	44.302	30.285	156
CA	58.307	44.843	31.408	156
C	58.698	46.293	31.195	156
N	58.377	46.852	30.028	157
CA	58.679	48.259	29.735	157
C	58.324	49.147	30.923	157
N	59.188	50.112	31.223	158
CA	58.978	50.97	32.383	158
C	57.751	51.839	32.202	158
N	57.386	52.068	30.951	159
CA	56.182	52.828	30.66	159
C	55.516	52.376	29.368	159
N	54.234	52.053	29.443	160
CA	53.471	51.742	28.247	160
C	52.379	52.799	28.109	160
N	52.177	53.302	26.899	161
CA	51.235	54.397	26.681	161
C	50.31	54.137	25.506	161
N	49.158	54.798	25.501	162
CA	48.247	54.724	24.358	162
C	47.887	56.121	23.878	162
N	48.06	56.366	22.578	163
CA	47.774	57.682	22.02	163
C	46.622	57.587	21.038	163
N	45.75	58.584	21.061	164
CA	44.697	58.713	20.055	164
C	45.057	59.86	19.124	164
N	44.634	59.772	17.87	165
CA	44.888	60.839	16.902	165
C	43.587	61.374	16.35	165
N	43.438	62.689	16.416	166
CA	42.201	63.328	16.005	166
C	42.285	63.84	14.565	166
N	41.135	63.989	13.911	167
CA	41.092	64.259	12.472	167
C	42.111	65.305	12.021	167
N	42.338	66.288	12.884	168
CA	43.296	67.36	12.633	168
C	44.742	66.903	12.821	168
N	44.939	65.585	12.792	169
CA	46.249	64.938	12.947	169
C	47.021	65.216	14.264	169
N	46.33	65.618	15.332	170
CA	46.983	65.826	16.629	170
C	46.899	64.593	17.549	170
N	47.396	64.708	18.781	171
CA	47.523	63.535	19.642	171
C	47.271	63.648	21.141	171
N	46.556	62.671	21.689	172
CA	46.214	62.662	23.107	172
C	46.568	61.341	23.797	172
N	47.033	61.405	25.044	173
CA	47.373	60.191	25.799	173
C	46.178	59.714	26.622	173
N	45.566	58.616	26.198	174
CA	44.319	58.17	26.798	174
C	44.408	56.879	27.619	174
N	45.625	56.441	27.916	175
CA	45.816	55.23	28.705	175
C	47.268	55.114	29.153	175
N	47.496	54.522	30.326	176
CA	48.853	54.446	30.862	176
C	49.069	53.396	31.97	176
N	50.293	52.878	32.026	177
CA	50.725	51.934	33.05	177
C	52.223	52.158	33.201	177
N	52.659	52.564	34.392	178
CA	54.009	53.098	34.564	178
C	54.698	52.719	35.871	178
N	55.967	53.093	35.944	179
CA	56.712	53.092	37.187	179
C	56.361	54.419	37.869	179
N	55.921	54.37	39.124	180
CA	55.36	55.555	39.782	180
C	56.396	56.622	40.098	180
N	57.665	56.241	40.039	181
CA	58.747	57.193	40.236	181
C	58.66	58.272	39.174	181
N	57.885	57.969	38.128	182
CA	57.83	58.743	36.89	182
C	56.538	59.541	36.765	182
N	56.642	60.756	36.234	183
CA	55.475	61.614	36.06	183
C	54.426	60.967	35.162	183
N	53.164	61.275	35.438	184
CA	52.049	60.748	34.658	184
C	51.774	61.628	33.446	184
N	51.249	61.025	32.385	185
CA	51.085	61.733	31.121	185
C	49.635	61.857	30.694	185
N	48.78	61.037	31.295	186
CA	47.382	60.984	30.907	186
C	46.853	62.394	30.645	186
N	46.104	62.563	29.559	187
CA	45.526	63.858	29.232	187
C	46.371	64.787	28.371	187
N	47.676	64.543	28.32	188
CA	48.589	65.362	27.515	188
C	48.182	65.46	26.03	188
N	48.519	66.583	25.389	189
CA	48.19	66.817	23.979	189
C	49.351	67.39	23.161	189
N	49.654	66.74	22.027	190
CA	50.7	67.195	21.109	190
C	50.193	67.452	19.685	190
N	50.887	68.333	18.942	191
CA	50.477	68.707	17.581	191
C	50.841	67.684	16.519	191
N	50.241	67.85	15.34	192
CA	50.546	67.048	14.165	192
C	52.026	67.155	13.85	192
N	52.58	68.342	14.071	193
CA	53.962	68.631	13.701	193
C	55.017	67.796	14.44	193
N	54.612	67.085	15.487	194
CA	55.53	66.225	16.237	194
C	55.804	64.906	15.543	194
N	54.873	64.485	14.7	195
CA	55.083	63.283	13.914	195
C	54.909	63.631	12.442	195
N	56.027	63.981	11.787	196
CA	56.063	64.411	10.388	196
C	55.435	63.355	9.501	196
N	54.974	63.77	8.328	197
CA	54.258	62.887	7.42	197
C	54.984	61.558	7.174	197
N	56.314	61.574	7.183	198
CA	57.064	60.347	6.902	198
C	57.134	59.374	8.076	198
N	57.247	59.897	9.288	199
CA	57.076	59.062	10.468	199
C	55.704	58.394	10.409	199
N	54.665	59.217	10.33	200
CA	53.288	58.752	10.207	200
C	53.124	57.723	9.071	200
N	53.334	58.15	7.83	201
CA	53.212	57.231	6.701	201
C	53.977	55.943	6.965	201
N	54.973	56.007	7.84	202
CA	55.737	54.813	8.203	202
C	55.093	53.961	9.305	202
N	54.591	54.604	10.346	203
CA	53.948	53.87	11.429	203
C	52.772	53.067	10.885	203
N	52.243	53.502	9.749	204
CA	51.173	52.786	9.087	204
C	51.754	51.544	8.414	204
N	52.889	51.715	7.735	205
CA	53.532	50.63	6.991	205
C	54.099	49.553	7.907	205
N	54.788	49.981	8.967	206
CA	55.338	49.043	9.94	206
C	54.616	49.007	11.284	206
N	53.92	47.894	11.559	207
CA	53.2	47.744	12.823	207
C	54.084	48.206	13.954	207
N	55.323	47.738	13.929	208
CA	56.198	47.879	15.075	208
C	57.497	48.63	14.815	208
N	57.876	49.482	15.767	209
CA	59.22	50.045	15.772	209
C	59.939	49.68	17.066	209
N	61.26	49.557	16.989	210
CA	62.078	49.351	18.176	210
C	63.274	50.283	18.122	210
N	63.418	51.101	19.16	211
CA	64.643	51.864	19.376	211
C	65.283	51.324	20.65	211
N	66.548	50.924	20.578	212
CA	67.163	50.238	21.717	212
C	68.008	51.123	22.649	212
N	68.741	52.079	22.085	213
CA	69.489	53.066	22.863	213
C	69.331	54.383	22.13	213
N	68.826	55.407	22.811	214
CA	68.504	56.658	22.125	214
C	69.731	57.533	21.915	214
N	70.715	57.384	22.793	215
CA	71.991	58.063	22.615	215
C	72.962	57.153	21.873	215
N	72.425	56.063	21.327	216
CA	73.193	55.203	20.451	216
C	73.876	56.145	19.497	216
N	75.128	55.864	19.176	217
CA	75.758	56.581	18.086	217
C	75.766	55.676	16.854	217
N	75.074	56.124	15.792	218
CA	74.685	55.375	14.586	218
C	75.79	54.591	13.872	218
N	75.368	53.848	12.853	219
CA	76.259	53.043	12.032	219
C	75.835	53.18	10.575	219
N	76.755	53.613	9.719	220
CA	76.416	53.942	8.334	220
C	76.48	52.738	7.399	220
N	75.664	52.752	6.348	221
CA	75.865	51.811	5.248	221
C	76.558	52.512	4.081	221
N	77.641	51.914	3.602	222
CA	78.275	52.374	2.38	222
C	78.097	51.291	1.339	222
N	77.931	51.694	0.078	223
CA	77.827	53.11	-0.27	223
C	76.483	53.663	0.189	223
N	76.434	54.96	0.449	224
CA	75.187	55.588	0.846	224
C	74.188	55.541	-0.303	224
N	74.682	55.199	-1.492	225
CA	73.878	55.282	-2.709	225
C	73.992	54.024	-3.587	225
N	72.834	53.469	-3.947	226
CA	72.746	52.191	-4.653	226
C	73.03	52.322	-6.144	226
N	74.18	51.806	-6.564	227
CA	74.725	51.936	-7.916	227
C	73.71	51.564	-8.988	227
N	72.869	50.574	-8.712	228
CA	71.948	50.07	-9.719	228
C	70.902	51.102	-10.07	228
N	70.604	51.966	-9.116	229
CA	69.418	52.788	-9.22	229
C	69.757	54.265	-9.132	229
N	70.948	54.565	-8.623	230
CA	71.415	55.942	-8.497	230
C	70.733	56.696	-7.369	230
N	69.788	56.026	-6.711	231
CA	69.124	56.555	-5.521	231
C	69.616	55.832	-4.268	231
N	69.425	56.442	-3.102	232
CA	69.808	55.809	-1.839	232
C	68.858	54.657	-1.498	232
N	69.244	53.84	-0.523	233
CA	68.45	52.672	-0.159	233
C	67.235	53.021	0.685	233
N	66.092	52.434	0.333	234
CA	64.85	52.655	1.062	234
C	64.666	51.627	2.174	234
N	65.059	52.018	3.38	235
CA	65.044	51.15	4.554	235
C	63.685	51.16	5.236	235
N	62.642	51.448	4.458	236
CA	61.321	51.635	5.036	236
C	60.928	50.428	5.849	236
N	61.184	49.25	5.3	237
CA	60.758	48.027	5.95	237
C	61.862	47.456	6.787	237
N	62.912	48.249	6.946	238
CA	64.068	47.805	7.697	238
C	63.847	47.922	9.19	238
N	64.17	46.84	9.889	239
CA	63.947	46.718	11.323	239
C	64.879	47.628	12.097	239
N	66.156	47.569	11.719	240
CA	67.222	48.323	12.362	240
C	67.352	49.746	11.822	240
N	66.529	50.106	10.837	241
CA	66.579	51.449	10.256	241
C	66.838	52.47	11.349	241
N	67.733	53.415	11.087	242
CA	68.125	54.355	12.129	242
C	67.044	55.389	12.384	242
N	67.044	55.9	13.61	243
CA	66.097	56.902	14.064	243
C	66.621	58.302	13.763	243
N	65.709	59.229	13.485	244
CA	66.092	60.622	13.291	244
C	66.739	61.152	14.558	244
N	67.671	62.11	14.405	245
CA	68.351	62.778	15.519	245
C	67.4	63.657	16.328	245
N	66.528	64.39	15.642	246
CA	65.575	65.279	16.304	246
C	64.754	64.551	17.365	246
N	64.167	63.419	16.99	247
CA	63.401	62.612	17.93	247
C	64.298	62.023	19.009	247
N	65.604	62.011	18.767	248
CA	66.547	61.528	19.771	248
C	66.856	62.593	20.817	248
N	67.104	63.814	20.357	249
CA	67.224	64.953	21.253	249
C	65.962	65.031	22.118	249
N	64.829	64.642	21.541	250
CA	63.533	64.731	22.219	250
C	63.374	63.713	23.344	250
N	63.58	62.435	23.033	251
CA	63.482	61.379	24.036	251
C	64.511	61.552	25.147	251
N	65.657	62.15	24.827	252
CA	66.665	62.413	25.851	252
C	66.237	63.56	26.774	252
N	65.617	64.589	26.207	253
CA	65.047	65.653	27.026	253
C	63.964	65.102	27.95	253
N	63.365	63.994	27.535	254
CA	62.362	63.314	28.342	254
C	62.994	62.353	29.333	254
N	64.302	62.146	29.203	255
CA	64.991	61.145	29.995	255
C	64.494	59.743	29.701	255
N	64.606	59.338	28.436	256
CA	64.255	57.987	27.998	256
C	65.357	57.416	27.11	256
N	65.668	56.139	27.306	257
CA	66.778	55.522	26.592	257
C	66.369	54.435	25.595	257
N	65.106	54.01	25.632	258
CA	64.618	52.979	24.713	258
C	63.156	53.216	24.345	258
N	62.724	52.622	23.237	259
CA	61.431	52.944	22.647	259
C	60.888	51.735	21.917	259
N	59.603	51.774	21.594	260
CA	58.941	50.635	20.992	260
C	57.509	51.033	20.687	260
N	57.068	50.811	19.456	261
CA	55.73	51.253	19.086	261
C	54.901	50.229	18.329	261
N	53.795	49.822	18.945	262
CA	52.741	49.101	18.24	262
C	51.854	50.128	17.545	262
N	51.461	49.856	16.308	263
CA	50.567	50.757	15.591	263
C	49.114	50.316	15.685	263
N	48.204	51.286	15.619	264
CA	46.766	51.027	15.446	264
C	46.286	51.786	14.223	264
N	45.824	51.072	13.203	265
CA	45.492	51.694	11.928	265
C	44.038	51.511	11.496	265
N	43.352	52.611	11.189	266
CA	41.995	52.519	10.648	266
C	41.796	53.407	9.413	266
N	40.849	53.033	8.555	267
CA	40.823	53.584	7.216	267
C	42.239	53.304	6.771	267
N	42.807	54.153	5.937	268
CA	44.196	53.956	5.574	268
C	45.074	54.775	6.493	268
N	44.57	55.058	7.693	269
CA	45.173	56.076	8.55	269
C	45.527	55.634	9.98	269
N	46.591	56.225	10.518	270
CA	47.047	55.953	11.875	270
C	46.099	56.577	12.905	270
N	45.325	55.727	13.57	271
CA	44.23	56.148	14.438	271
C	44.69	56.231	15.875	271
N	45.841	55.627	16.14	272
CA	46.405	55.601	17.475	272
C	47.635	54.723	17.513	272
N	48.372	54.759	18.61	273
CA	49.516	53.875	18.724	273
C	50.035	53.765	20.141	273
N	50.303	52.535	20.546	274
CA	50.969	52.275	21.8	274
C	52.443	52.576	21.62	274
N	52.967	53.391	22.521	275
CA	54.375	53.721	22.53	275
C	54.931	53.287	23.875	275
N	55.839	52.315	23.862	276
CA	56.451	51.841	25.094	276
C	57.787	52.512	25.377	276
N	57.952	52.973	26.613	277
CA	59.22	53.541	27.044	277
C	59.873	52.744	28.163	277
N	61.197	52.731	28.147	278
CA	61.978	52.159	29.242	278
C	63.083	53.143	29.58	278
N	63.403	53.267	30.862	279
CA	64.307	54.33	31.299	279
C	65.78	53.924	31.276	279
N	66.031	52.674	30.908	280
CA	67.365	52.196	30.573	280
C	67.203	51.502	29.233	280
N	68.312	51.205	28.534	281
CA	68.203	50.559	27.218	281
C	67.425	49.234	27.261	281
N	66.771	48.867	26.159	282
CA	65.937	47.663	26.118	282
C	65.748	47.084	24.697	282
N	65.871	45.763	24.571	283
CA	65.689	45.067	23.295	283
C	64.604	43.993	23.381	283
N	63.558	44.104	22.566	284
CA	62.57	43.032	22.488	284
C	62.918	42.122	21.307	284
N	63.149	40.824	21.574	285
CA	63.656	39.9	20.553	285
C	62.671	39.717	19.405	285
N	63.2	39.618	18.189	286
CA	62.393	39.505	16.975	286
C	61.104	38.699	17.181	286
N	61.234	37.423	17.595	287
CA	60.053	36.565	17.712	287
C	58.946	37.248	18.485	287
N	59.304	37.906	19.581	288
CA	58.321	38.572	20.42	288
C	57.733	39.815	19.757	288
N	58.567	40.576	19.057	289
CA	58.055	41.652	18.23	289
C	56.977	41.073	17.318	289
N	57.324	40.023	16.573	290
CA	56.345	39.376	15.697	290
C	55.015	39.025	16.378	290
N	55.043	38.664	17.661	291
CA	53.793	38.444	18.388	291
C	52.995	39.709	18.243	291
N	53.565	40.775	18.785	292
CA	52.945	42.089	18.795	292
C	52.697	42.641	17.399	292
N	53.342	42.062	16.392	293
CA	53.061	42.491	15.034	293
C	51.654	42.065	14.692	293
N	51.391	40.775	14.857	294
CA	50.06	40.253	14.605	294
C	49.019	40.784	15.59	294
N	49.425	41.111	16.812	295
CA	48.502	41.786	17.72	295
C	48.019	43.067	17.066	295
N	48.959	43.812	16.486	296
CA	48.632	45.081	15.839	296
C	47.63	44.904	14.698	296
N	47.732	43.795	13.974	297
CA	46.744	43.509	12.934	297
C	45.384	43.286	13.58	297
N	45.372	42.467	14.625	298
CA	44.147	42.147	15.345	298
C	43.514	43.365	16.023	298
N	44.298	44.096	16.793	299
CA	43.773	45.278	17.46	299
C	43.182	46.306	16.493	299
N	43.849	46.518	15.366	300
CA	43.384	47.498	14.384	300
C	41.991	47.199	13.834	300
N	41.752	45.97	13.39	301
CA	40.425	45.584	12.944	301
C	39.408	45.798	14.064	301
N	39.651	45.156	15.201	302
CA	38.761	45.271	16.343	302
C	38.294	46.726	16.529	302
N	39.235	47.673	16.56	303
CA	38.898	49.086	16.764	303
C	38.114	49.679	15.598	303
N	38.424	49.241	14.386	304
CA	37.715	49.766	13.235	304
C	36.233	49.486	13.385	304
N	35.873	48.225	13.619	305
CA	34.45	47.884	13.686	305
C	33.757	48.551	14.874	305
N	34.461	48.585	15.991	306
CA	33.984	49.234	17.198	306
C	33.651	50.705	16.942	306
N	34.555	51.374	16.238	307
CA	34.449	52.801	15.966	307
C	33.48	53.122	14.835	307
N	33.245	52.178	13.93	308
CA	32.275	52.425	12.874	308
C	30.883	52.202	13.437	308
N	30.743	51.175	14.267	309
CA	29.485	50.951	14.952	309
C	29.096	52.16	15.782	309
N	30.039	52.628	16.6	310
CA	29.838	53.803	17.434	310
C	29.356	54.99	16.611	310
N	30.16	55.369	15.625	311
CA	29.869	56.524	14.782	311
C	28.552	56.383	14.038	311
N	28.348	55.236	13.403	312
CA	27.085	54.964	12.736	312
C	25.894	55.259	13.644	312
N	26.046	54.967	14.928	313
CA	24.976	55.178	15.891	313
C	24.691	56.656	16.046	313
N	25.7	57.415	16.457	314
CA	25.509	58.842	16.681	314
C	24.931	59.452	15.419	314
N	25.405	58.946	14.287	315
CA	24.983	59.422	12.982	315
C	23.498	59.176	12.763	315
N	23.022	58.049	13.275	316
CA	21.611	57.689	13.201	316
C	20.722	58.469	14.175	316
N	21.141	58.601	15.429	317
CA	20.318	59.309	16.404	317
C	20.243	60.755	15.957	317
N	21.335	61.223	15.351	318
CA	21.409	62.571	14.795	318
C	20.454	62.773	13.609	318
N	20.526	61.906	12.597	319
CA	19.549	61.977	11.505	319
C	18.122	61.712	11.964	319
N	17.934	60.742	12.848	320
CA	16.593	60.461	13.345	320
C	16.033	61.684	14.053	320
N	16.908	62.484	14.667	321
CA	16.457	63.723	15.282	321
C	15.899	64.694	14.262	321
N	16.724	65.052	13.285	322
CA	16.328	66.014	12.265	322
C	14.96	65.646	11.705	322
N	14.845	64.413	11.213	323
CA	13.623	63.949	10.575	323
C	12.466	64.096	11.546	323
N	12.694	63.696	12.789	324
CA	11.694	63.888	13.829	324
C	11.209	65.334	13.802	324
N	12.156	66.255	13.662	325
CA	11.884	67.688	13.749	325
C	11.152	68.235	12.513	325
N	11.52	67.746	11.335	326
CA	10.823	68.125	10.109	326
C	9.38	67.601	10.113	326
N	9.19	66.322	10.435	327
CA	7.839	65.772	10.538	327
C	7.022	66.543	11.577	327
N	7.707	67.106	12.568	328
CA	7.044	67.881	13.613	328
C	6.736	69.302	13.156	328
N	7.305	69.723	12.029	329
CA	7.045	71.059	11.486	329
C	6.267	71.017	10.163	329
N	6.599	70.056	9.306	330
CA	5.825	69.775	8.098	330
C	4.382	69.446	8.481	330
N	4.194	69.091	9.748	331
CA	2.874	68.78	10.276	331
C	2.467	69.772	11.359	331
N	3.37	70.681	11.715	332
CA	3.054	71.655	12.759	332
C	3.013	73.093	12.277	332
N	2.108	73.858	12.873	333
CA	2.074	75.287	12.664	333
C	2.795	75.933	13.839	333
N	2.93	77.254	13.79	334
CA	3.889	77.975	14.62	334
C	5.286	77.392	14.409	334
N	5.802	77.55	13.194	335
CA	7.118	77.041	12.845	335
C	8.168	77.544	13.813	335
N	7.91	78.708	14.392	336
CA	8.828	79.279	15.359	336
C	8.739	78.51	16.671	336
N	7.516	78.282	17.14	337
CA	7.289	77.587	18.396	337
C	7.577	76.099	18.325	337
N	7.405	75.519	17.139	338
CA	7.694	74.107	16.92	338
C	9.203	73.874	16.89	338
N	9.936	74.802	16.28	339
CA	11.393	74.746	16.293	339
C	11.915	74.851	17.72	339
N	11.018	75.196	18.644	340
CA	11.408	75.948	19.837	340
C	11.355	75.32	21.24	340
N	10.509	74.325	21.509	341
CA	10.527	73.804	22.875	341
C	11.924	73.241	23.066	341
N	12.842	74.076	23.605	342
CA	14.281	74.143	23.285	342
C	14.882	72.763	23.164	342
N	14.159	71.845	23.779	343
CA	14.499	70.452	23.916	343
C	14.217	69.7	22.615	343
N	13.235	70.187	21.859	344
CA	12.977	69.723	20.501	344
C	13.763	70.623	19.557	344
N	14.433	71.61	20.146	345
CA	14.985	72.732	19.411	345
C	16.134	72.473	18.454	345
N	16.508	73.529	17.736	346
CA	17.677	73.54	16.866	346
C	18.952	73.084	17.581	346
N	19.261	73.701	18.722	347
CA	20.497	73.409	19.455	347
C	20.603	71.94	19.856	347
N	19.506	71.21	19.689	348
CA	19.488	69.782	19.964	348
C	19.903	68.947	18.75	348
N	20.224	69.611	17.644	349
CA	20.585	68.915	16.409	349
C	22.096	68.889	16.173	349
N	22.762	70.017	16.417	350
CA	24.218	70.095	16.286	350
C	24.881	70.445	17.624	350
N	26.022	69.798	17.926	351
CA	26.706	70.063	19.196	351
C	27.141	71.524	19.27	351
N	26.5	72.315	20.12	352
CA	26.884	73.713	20.267	352
C	26.805	74.151	21.731	352
N	27.022	75.442	21.98	353
CA	26.924	76.008	23.326	353
C	25.732	76.955	23.371	353
N	25.439	77.544	22.216	354
CA	24.285	78.407	22.035	354
C	23.884	78.404	20.573	354
N	22.613	78.681	20.299	355
CA	22.108	78.713	18.929	355
C	21.056	79.814	18.746	355
N	20.49	79.917	17.54	356
CA	19.628	81.057	17.199	356
C	18.712	80.824	15.985	356
N	17.418	81.083	16.169	357
CA	16.415	80.902	15.116	357
C	15.799	82.231	14.672	357
N	16.235	82.746	13.525	358
CA	15.724	84.023	13.021	358
C	14.825	83.866	11.796	358
N	13.649	84.484	11.845	359
CA	12.753	84.527	10.691	359
C	11.697	85.614	10.858	359
N	11.469	86.37	9.788	360
CA	10.604	87.532	9.845	360
C	11.307	88.648	10.59	360
N	10.688	89.115	11.669	361
CA	11.284	90.123	12.524	361
C	11.324	89.613	13.95	361
N	11.42	88.294	14.088	362
CA	11.389	87.644	15.391	362
C	12.663	86.834	15.607	362
N	13.215	86.916	16.813	363
CA	14.407	86.161	17.18	363
C	14.201	85.518	18.548	363
N	15.049	84.549	18.882	364
CA	15.131	84.045	20.249	364
C	16.526	83.48	20.521	364
N	17.231	84.081	21.479	365
CA	18.599	83.669	21.799	365
C	18.649	82.559	22.847	365
N	18.578	81.322	22.366	366
CA	18.619	80.145	23.22	366
C	20.01	79.899	23.804	366
N	20.038	79.398	25.035	367
CA	21.29	79.087	25.71	367
C	22.195	80.315	25.772	367
N	21.75	81.372	24.983	368
CA	22.13	82.83	24.838	368
C	21.942	83.971	23.736	368
N	21.329	83.912	22.446	369
CA	21.441	84.743	21.134	369
C	20.964	86.042	20.342	369
N	20.06	86.932	20.815	370
CA	20.695	87.842	21.654	370
C	20.571	88.901	20.614	370
N	19.776	88.391	19.661	371
CA	18.994	89.213	18.744	371
C	19.839	90.295	18.091	371
N	20.697	90.929	18.885	372
CA	21.503	92.055	18.415	372
C	22.628	91.618	17.476	372
N	23.315	90.538	17.838	373
CA	24.371	89.988	16.995	373
C	23.849	89.561	15.632	373
N	22.552	89.287	15.569	374
CA	21.914	88.822	14.343	374
C	21.89	89.886	13.247	374
N	21.757	91.148	13.648	375
CA	21.76	92.257	12.711	375
C	23.17	92.659	12.316	375
N	24.154	92.05	12.975	376
CA	25.567	92.293	12.685	376
C	26.172	91.183	11.823	376
N	25.661	89.966	11.998	377
CA	26.093	88.808	11.215	377
C	25.444	88.789	9.832	377
N	24.181	89.199	9.781	378
CA	23.487	89.379	8.514	378
C	24.122	90.566	7.787	378
N	24.779	91.437	8.556	379
CA	25.462	92.619	8.024	379
C	26.903	92.328	7.596	379
N	27.346	91.103	7.839	380
CA	28.653	90.666	7.377	380
C	28.469	89.688	6.224	380
N	27.234	89.223	6.074	381
CA	26.818	88.499	4.887	381
C	26.109	89.482	3.966	381
N	26.531	90.741	4.041	382
CA	26.016	91.786	3.17	382
C	26.768	91.763	1.853	382
N	28.033	91.358	1.909	383
CA	28.876	91.321	0.72	383
C	28.818	89.967	0.023	383
N	28.023	89.057	0.574	384
CA	27.759	87.782	-0.079	384
C	26.26	87.512	0.016	384
N	25.454	88.376	-0.622	385
CA	23.991	88.444	-0.484	385
C	23.249	87.211	-1.005	385
N	23.983	86.221	-1.509	386
CA	23.357	85.005	-2.028	386
C	23.927	83.725	-1.423	386
N	24.631	83.863	-0.303	387
CA	25.061	82.699	0.457	387
C	23.86	82.13	1.204	387
N	23.657	80.824	1.087	388
CA	22.601	80.158	1.834	388
C	23.193	79.422	3.036	388
N	24.52	79.343	3.069	389
CA	25.245	78.708	4.165	389
C	26.408	79.601	4.595	389
N	26.913	79.386	5.807	390
CA	28.096	80.098	6.288	390
C	28.774	79.322	7.408	390
N	30.099	79.254	7.367	391
CA	30.845	78.479	8.351	391
C	32.183	79.129	8.667	391
N	32.467	79.338	9.949	392
CA	33.758	79.899	10.34	392
C	34.104	79.686	11.809	392
N	35.304	80.132	12.158	393
CA	35.876	79.954	13.476	393
C	37.003	80.969	13.61	393
N	37.423	81.23	14.845	394
CA	38.477	82.206	15.158	394
C	38.018	83.668	15.183	394
N	36.726	83.882	14.954	395
CA	36.127	85.219	14.992	395
C	36.865	86.161	15.941	395
N	36.669	87.47	16.397	396
CA	37.484	88.742	16.303	396
C	37.419	89.808	15.102	396
N	38.306	90.833	14.727	397
CA	38.432	92.225	15.227	397
C	39.284	93.533	14.988	397
N	40.298	94.073	14.181	398
CA	40.91	95.384	14.312	398
C	40.032	96.542	14.748	398
N	38.792	96.089	15.097	399
CA	38.333	97.268	15.78	399
C	38.522	98.054	14.469	399
N	38.603	99.367	14.642	400
CA	37.405	99.858	15.282	400
C	37.844	101.112	15.981	400
N	36.966	101.644	16.842	401
CA	36.915	101.207	18.237	401
C	36.203	99.925	18.614	401
N	35.547	99.215	17.687	402
CA	34.874	98.129	18.352	402
C	33.789	98.679	19.26	402
N	33.524	97.925	20.313	403
CA	32.855	96.723	20.766	403
C	32.989	95.208	20.74	403
N	33.669	94.141	20.345	404
CA	34.825	93.347	20.756	404
C	34.757	92.156	19.887	404
N	33.788	92.292	18.976	405
CA	32.866	91.274	18.583	405
C	33.478	90.088	17.845	405
N	32.425	89.403	17.586	406
CA	31.478	89.406	18.686	406
C	32.0	88.679	19.91	406
N	31.166	87.813	20.478	407
CA	31.537	87.065	21.672	407
C	31.574	85.558	21.415	407
N	31.632	85.164	20.148	408
CA	31.818	83.755	19.799	408
C	32.522	83.559	18.463	408
N	33.417	82.582	18.438	409
CA	34.342	82.381	17.336	409
C	33.851	81.293	16.402	409
N	33.124	80.329	16.954	410
CA	32.517	79.286	16.152	410
C	31.15	79.734	15.687	410
N	30.971	79.829	14.372	411
CA	29.697	80.272	13.812	411
C	29.305	79.483	12.562	411
N	28.082	78.959	12.561	412
CA	27.541	78.24	11.413	412
C	26.147	78.789	11.115	412
N	25.911	79.189	9.866	413
CA	24.662	79.861	9.495	413
C	23.962	79.261	8.265	413
N	22.662	78.997	8.386	414
CA	21.847	78.535	7.258	414
C	20.709	79.514	6.937	414
N	20.32	79.566	5.664	415
CA	19.265	80.468	5.207	415
C	18.061	79.726	4.627	415
N	16.866	80.199	4.96	416
CA	15.643	79.684	4.36	416
C	14.613	80.803	4.227	416
N	14.404	82.07	4.351	417
CA	15.177	82.305	3.199	417
C	14.341	81.34	2.201	417
N	13.187	80.548	2.337	418
CA	11.651	80.783	2.584	418
C	11.948	81.246	1.129	418
N	10.822	81.626	0.513	419
CA	9.401	81.565	0.829	419
C	9.121	82.456	2.017	419
N	10.294	83.01	2.317	420
CA	10.439	83.909	3.413	420
C	11.856	84.0	3.927	420
N	11.695	84.285	5.217	421
CA	12.177	85.207	6.212	421
C	13.55	85.071	6.8	421
N	14.382	84.055	6.453	422
CA	14.767	83.561	7.762	422
C	16.082	82.803	7.763	422
N	16.719	82.752	8.931	423
CA	18.027	82.122	9.092	423
C	18.07	81.17	10.285	423
N	19.227	80.541	10.487	424
CA	19.497	79.731	11.675	424
C	20.991	79.759	11.972	424
N	21.345	79.798	13.253	425
CA	22.748	79.901	13.65	425
C	23.095	78.999	14.833	425
N	24.304	78.448	14.815	426
CA	24.803	77.649	15.925	426
C	26.169	78.181	16.339	426
N	26.447	78.172	17.638	427
CA	27.664	78.8	18.14	427
C	28.529	77.886	18.995	427
N	29.842	78.044	18.88	428
CA	30.778	77.368	19.767	428
C	31.866	78.344	20.187	428
N	31.987	78.559	21.49	429
CA	33.068	79.364	22.027	429
C	34.328	78.513	22.139	429
N	35.348	79.025	22.821	430
CA	36.613	78.301	22.914	430
C	37.24	78.319	24.294	430
N	36.55	77.758	25.274	431
CA	37.19	77.525	26.555	431
C	37.536	76.048	26.627	431
N	37.51	75.402	25.463	432
CA	37.943	74.02	25.331	432
C	39.183	73.825	26.188	432
N	39.198	72.742	26.958	433
CA	40.295	72.449	27.875	433
C	40.134	73.201	29.191	433
N	41.186	72.883	29.952	434
CA	41.842	74.218	30.156	434
C	43.136	74.836	30.721	434
N	44.137	74.156	31.321	435
CA	45.503	74.607	31.679	435
C	46.451	75.151	30.577	435
N	47.763	74.771	30.771	436
CA	48.597	74.285	31.919	436
C	49.349	74.648	33.251	436
N	49.685	75.674	34.091	437
CA	50.871	76.337	33.608	437
C	52.314	75.898	33.671	437
N	52.53	76.293	32.396	438
CA	53.624	77.071	31.845	438
C	55.105	77.089	31.367	438
N	56.169	76.242	31.202	439
CA	57.436	76.925	31.461	439
C	57.802	76.983	32.95	439
N	56.88	76.255	33.567	440
CA	56.996	75.05	34.421	440
C	57.357	73.573	34.064	440
N	57.685	72.871	32.917	441
CA	57.708	73.07	31.454	441
C	59.189	73.34	31.68	441
N	59.476	73.245	32.959	442
CA	60.638	72.772	33.687	442
C	60.674	73.797	34.819	442
N	61.875	73.562	35.32	443
CA	62.937	74.527	35.277	443
C	64.35	74.335	35.797	443
N	64.934	73.24	36.344	444
CA	66.189	72.924	35.659	444
C	65.38	72.847	34.355	444
N	65.519	72.948	33.022	445
CA	66.56	72.599	32.134	445
C	66.131	71.144	32.177	445
N	67.017	70.485	31.516	446
CA	67.236	71.282	30.357	446
C	68.45	70.58	29.809	446
N	68.695	69.461	30.492	447
CA	69.374	68.506	31.312	447
C	70.459	68.062	30.375	447
N	70.293	68.788	29.232	448
CA	69.086	69.35	28.655	448
C	69.1	69.346	27.138	448
N	68.19	70.118	26.528	449
CA	67.955	70.201	25.081	449
C	68.946	71.094	24.337	449
N	68.755	71.203	23.027	450
CA	69.497	72.152	22.202	450
C	68.495	73.004	21.429	450
N	67.346	72.408	21.12	451
CA	66.216	73.124	20.557	451
C	65.163	73.352	21.629	451
N	64.289	74.348	21.42	452
CA	63.264	74.806	22.373	452
C	62.064	73.866	22.614	452
N	61.305	73.544	21.568	453
CA	59.988	72.916	21.734	453
C	60.002	71.416	22.021	453
N	61.152	70.769	21.876	454
CA	61.215	69.317	22.046	454
C	61.132	68.896	23.515	454
N	59.97	69.097	24.122	455
CA	59.737	68.702	25.506	455
C	58.261	68.348	25.663	455
N	57.941	67.398	26.552	456
CA	56.524	67.086	26.76	456
C	55.652	68.332	26.972	456
N	55.953	69.138	27.989	457
CA	55.157	70.336	28.292	457
C	55.403	71.471	27.295	457
N	56.519	71.398	26.579	458
CA	56.86	72.404	25.589	458
C	56.205	72.15	24.243	458
N	55.605	70.972	24.097	459
CA	54.808	70.651	22.919	459
C	53.353	70.991	23.21	459
N	52.944	70.74	24.45	460
CA	51.61	71.087	24.917	460
C	51.422	72.6	24.875	460
N	52.477	73.337	25.206	461
CA	52.432	74.793	25.134	461
C	52.291	75.276	23.687	461
N	53.014	74.634	22.774	462
CA	52.943	74.969	21.354	462
C	51.557	74.658	20.803	462
N	50.93	73.641	21.382	463
CA	49.587	73.228	21.012	463
C	48.6	74.355	21.286	463
N	48.576	74.81	22.536	464
CA	47.625	75.824	22.98	464
C	47.439	76.94	21.959	464
N	48.534	77.377	21.344	465
CA	48.464	78.467	20.38	465
C	47.578	78.125	19.193	465
N	47.724	76.907	18.686	466
CA	46.914	76.46	17.564	466
C	45.426	76.42	17.935	466
N	45.124	76.445	19.232	467
CA	43.747	76.239	19.688	467
C	43.105	77.391	20.464	467
N	43.884	78.407	20.815	468
CA	43.352	79.493	21.636	468
C	42.322	80.346	20.902	468
N	42.381	80.316	19.577	469
CA	41.444	81.06	18.762	469
C	40.638	80.153	17.854	469
N	40.496	78.891	18.246	470
CA	39.745	77.928	17.446	470
C	38.734	77.152	18.292	470
N	37.471	77.189	17.879	471
CA	36.421	76.418	18.533	471
C	36.481	74.995	18.009	471
N	35.788	74.068	18.664	472
CA	35.69	72.726	18.111	472
C	35.179	72.88	16.687	472
N	35.972	72.421	15.711	473
CA	35.651	72.638	14.297	473
C	34.39	71.898	13.87	473
N	33.833	72.306	12.737	474
CA	32.527	71.833	12.31	474
C	32.624	70.569	11.459	474
N	32.398	69.422	12.095	475
CA	32.562	68.124	11.448	475
C	31.908	68.095	10.079	475
N	32.377	67.185	9.232	476
CA	31.711	66.906	7.97	476
C	30.212	66.84	8.239	476
N	29.873	66.161	9.333	477
CA	28.496	65.896	9.73	477
C	27.706	67.163	10.023	477
N	28.327	68.08	10.756	478
CA	27.672	69.326	11.127	478
C	27.3	70.145	9.893	478
N	28.167	70.128	8.884	479
CA	27.857	70.781	7.616	479
C	26.706	70.091	6.882	479
N	26.611	68.772	7.036	480
CA	25.536	67.991	6.422	480
C	24.205	68.216	7.139	480
N	24.259	68.232	8.466	481
CA	23.068	68.439	9.273	481
C	22.468	69.814	9.001	481
N	23.24	70.869	9.248	482
CA	22.785	72.219	8.936	482
C	22.262	72.272	7.507	482
N	22.867	71.466	6.639	483
CA	22.51	71.461	5.227	483
C	21.18	70.75	4.987	483
N	21.07	69.505	5.439	484
CA	19.814	68.785	5.302	484
C	18.682	69.564	5.975	484
N	18.991	70.207	7.095	485
CA	17.99	70.964	7.839	485
C	17.459	72.088	6.968	485
N	18.371	72.946	6.518	486
CA	18.018	74.088	5.681	486
C	17.091	73.689	4.538	486
N	17.408	72.573	3.886	487
CA	16.555	72.012	2.841	487
C	15.189	71.623	3.391	487
N	15.19	70.94	4.533	488
CA	13.965	70.459	5.162	488
C	12.988	71.588	5.442	488
N	13.532	72.721	5.855	489
CA	12.712	73.864	6.205	489
C	12.382	74.662	4.943	489
N	13.049	74.296	3.855	490
CA	12.79	74.874	2.545	490
C	11.614	74.159	1.881	490
N	10.966	73.272	2.632	491
CA	9.795	72.542	2.149	491
C	8.523	73.171	2.677	491
N	8.654	73.906	3.773	492
CA	7.49	74.378	4.507	492
C	6.83	75.586	3.834	492
N	5.518	75.485	3.645	493
CA	4.769	76.454	2.856	493
C	3.745	77.213	3.703	493
N	3.103	76.5	4.63	494
CA	2.102	77.07	5.539	494
C	1.174	75.97	6.053	494
N	-0.26	76.516	6.388	495
CA	-1.624	77.582	6.396	495
C	-3.135	78.025	5.657	495
N	-4.064	79.236	5.414	496
CA	-5.609	79.644	4.905	496
C	-6.813	80.903	4.66	496
N	-8.323	81.293	4.436	497
CA	-9.602	81.994	3.574	497
C	-11.358	82.177	3.688	497
N	-12.504	83.032	3.098	498
CA	-14.071	83.362	2.613	498
C	-15.674	83.51	3.15	498
N	-16.997	84.101	2.662	499
CA	-18.075	85.285	2.447	499
C	-19.772	85.431	2.35	499
N	-20.839	86.478	2.442	500
CA	-21.944	87.671	2.213	500
C	-23.593	87.929	1.924	500
N	-24.334	88.993	1.24	501
CA	-25.7	89.723	0.988	501
C	-27.227	89.458	0.436	501
N	-28.321	90.247	-0.128	502
CA	-29.128	91.573	-0.256	502
C	-30.666	91.673	-0.774	502
N	-31.562	92.766	-1.067	503
CA	-32.741	93.572	-0.498	503
C	-34.045	93.919	-1.343	503
N	-35.271	94.412	-0.904	504
CA	-36.411	94.881	-1.773	504
C	-37.778	94.638	-1.03	504
N	-39.056	94.65	-1.507	505
CA	-40.149	95.58	-1.822	505
C	-41.187	94.737	-2.577	505
N	31.221	-16.778	28.01	1
CA	29.841	-17.158	28.315	1
C	28.691	-16.184	27.938	1
N	29.029	-14.854	28.007	2
CA	29.605	-13.882	27.038	2
C	29.396	-12.485	27.711	2
N	29.835	-11.206	27.501	3
CA	30.467	-10.291	26.56	3
C	30.021	-8.947	27.201	3
N	30.255	-7.69	26.734	4
CA	30.572	-6.602	27.695	4
C	30.993	-5.111	27.55	4
N	31.142	-4.209	26.513	5
CA	30.494	-2.853	26.435	5
C	30.484	-1.602	25.426	5
N	31.219	-1.82	24.306	6
CA	31.031	-1.786	22.849	6
C	30.139	-0.62	22.432	6
N	30.387	-0.068	21.248	7
CA	29.719	1.16	20.821	7
C	28.657	0.944	19.738	7
N	27.401	1.183	20.1	8
CA	26.285	1.069	19.168	8
C	25.566	2.405	19.009	8
N	24.496	2.404	18.216	9
CA	23.699	3.61	17.988	9
C	22.848	3.946	19.206	9
N	22.712	2.98	20.11	10
CA	22.078	3.22	21.398	10
C	23.109	3.853	22.32	10
N	24.364	3.456	22.12	11
CA	25.48	3.895	22.95	11
C	26.262	5.072	22.392	11
N	25.689	5.793	21.433	12
CA	26.418	6.915	20.857	12
C	26.412	8.143	21.782	12
N	25.243	8.503	22.304	13
CA	25.123	9.743	23.088	13
C	25.827	9.782	24.455	13
N	26.096	8.618	25.038	14
CA	26.687	8.55	26.383	14
C	28.177	8.224	26.376	14
N	28.699	7.903	25.202	15
CA	30.094	7.516	25.067	15
C	31.073	8.581	25.577	15
N	32.01	8.179	26.454	16
CA	33.0	9.099	27.014	16
C	34.183	9.155	26.07	16
N	34.176	10.103	25.139	17
CA	35.24	10.188	24.149	17
C	36.442	10.952	24.68	17
N	36.36	11.397	25.93	18
CA	37.462	12.147	26.528	18
C	38.441	11.24	27.253	18
N	38.071	9.975	27.41	19
CA	38.822	9.096	28.291	19
C	38.969	7.679	27.729	19
N	39.275	7.584	26.424	20
CA	39.255	6.346	25.631	20
C	40.331	5.359	26.058	20
N	41.436	5.873	26.578	21
CA	42.574	5.031	26.881	21
C	43.255	4.563	25.61	21
N	43.425	5.483	24.665	22
CA	44.151	5.194	23.432	22
C	44.35	6.451	22.597	22
N	45.198	6.353	21.584	23
CA	45.515	7.486	20.73	23
C	45.622	7.075	19.272	23
N	45.879	8.052	18.409	24
CA	46.113	7.772	17.002	24
C	47.578	7.408	16.82	24
N	47.877	6.609	15.777	25
CA	49.21	6.007	15.674	25
C	50.253	6.895	14.994	25
N	49.867	8.089	14.546	26
CA	50.803	8.933	13.804	26
C	51.692	9.691	14.772	26
N	51.702	9.219	16.022	27
CA	52.505	9.78	17.096	27
C	52.464	8.858	18.304	27
N	53.183	9.213	19.368	28
CA	53.144	8.424	20.602	28
C	52.916	9.293	21.827	28
N	52.395	8.681	22.881	29
CA	52.04	9.42	24.081	29
C	52.715	8.846	25.308	29
N	53.19	9.743	26.169	30
CA	53.717	9.358	27.466	30
C	53.085	10.25	28.508	30
N	52.543	9.64	29.555	31
CA	51.966	10.386	30.655	31
C	52.944	10.276	31.806	31
N	52.917	11.245	32.714	32
CA	53.823	11.24	33.856	32
C	53.139	11.925	35.014	32
N	53.376	11.441	36.226	33
CA	52.859	12.143	37.39	33
C	53.662	13.428	37.614	33
N	53.29	14.206	38.628	34
CA	53.829	15.558	38.777	34
C	55.317	15.639	39.133	34
N	55.988	14.491	39.178	35
CA	57.396	14.439	39.566	35
C	58.273	13.839	38.467	35
N	57.664	13.563	37.321	36
CA	58.38	12.994	36.196	36
C	58.23	11.5	36.002	36
N	57.914	10.778	37.075	37
CA	57.803	9.321	36.982	37
C	56.784	8.923	35.932	37
N	57.169	8.008	35.045	38
CA	56.278	7.565	33.987	38
C	55.085	6.814	34.575	38
N	53.873	7.225	34.205	39
CA	52.663	6.582	34.723	39
C	52.069	5.641	33.689	39
N	52.166	6.038	32.426	40
CA	51.677	5.212	31.335	40
C	52.264	5.709	30.025	40
N	52.162	4.886	28.991	41
CA	52.62	5.285	27.672	41
C	51.904	4.492	26.591	41
N	51.869	5.032	25.38	42
CA	51.239	4.327	24.277	42
C	51.994	3.03	24.03	42
N	51.328	2.05	23.431	43
CA	51.949	0.754	23.16	43
C	52.815	0.786	21.9	43
N	52.987	1.976	21.335	44
CA	53.79	2.127	20.131	44
C	55.056	2.951	20.336	44
N	55.378	3.271	21.589	45
CA	56.617	3.999	21.878	45
C	57.826	3.266	21.322	45
N	58.105	2.084	21.858	46
CA	59.227	1.294	21.362	46
C	59.319	1.355	19.834	46
N	58.227	0.99	19.16	47
CA	58.178	0.993	17.692	47
C	58.621	2.338	17.123	47
N	57.974	3.4	17.583	48
CA	58.244	4.745	17.092	48
C	59.608	5.293	17.531	48
N	59.977	5.053	18.789	49
CA	61.035	5.834	19.44	49
C	62.267	5.071	19.957	49
N	62.106	3.798	20.31	50
CA	63.217	3.016	20.834	50
C	63.482	3.199	22.321	50
N	62.406	3.368	23.08	51
CA	62.436	3.338	24.538	51
C	61.413	2.263	24.889	51
N	61.381	1.821	26.134	52
CA	60.222	1.08	26.614	52
C	59.71	1.768	27.865	52
N	59.15	2.958	27.669	53
CA	58.619	3.756	28.762	53
C	57.814	2.874	29.685	53
N	58.32	2.673	30.893	54
CA	57.676	1.748	31.805	54
C	57.353	2.429	33.119	54
N	56.114	2.248	33.601	55
CA	55.662	2.827	34.873	55
C	56.745	2.668	35.94	55
N	57.069	3.75	36.639	56
CA	58.148	3.737	37.61	56
C	59.399	4.42	37.093	56
N	59.657	4.263	35.802	57
CA	60.825	4.855	35.166	57
C	60.79	6.37	35.258	57
N	61.952	6.998	35.111	58
CA	62.02	8.421	34.776	58
C	62.724	8.523	33.426	58
N	62.298	9.449	32.571	59
CA	62.938	9.579	31.264	59
C	64.376	10.048	31.451	59
N	65.265	9.622	30.555	60
CA	66.661	10.057	30.621	60
C	67.19	10.512	29.266	60
N	68.172	11.411	29.297	61
CA	68.697	12.03	28.084	61
C	68.901	11.016	26.975	61
N	69.349	9.825	27.344	62
CA	69.751	8.838	26.351	62
C	68.601	8.261	25.518	62
N	67.362	8.622	25.837	63
CA	66.232	8.12	25.054	63
C	65.376	9.227	24.47	63
N	65.427	10.397	25.09	64
CA	64.459	11.435	24.779	64
C	65.126	12.743	24.332	64
N	66.445	12.802	24.47	65
CA	67.194	13.997	24.141	65
C	67.152	14.961	25.305	65
N	68.115	15.885	25.358	66
CA	68.17	16.86	26.451	66
C	67.095	17.917	26.268	66
N	66.761	18.172	25.01	67
CA	65.819	19.219	24.654	67
C	64.464	18.966	25.301	67
N	63.98	17.735	25.178	68
CA	62.751	17.338	25.85	68
C	62.889	17.552	27.355	68
N	63.783	16.792	27.981	69
CA	63.99	16.877	29.429	69
C	64.071	18.31	29.947	69
N	64.705	19.192	29.179	70
CA	64.797	20.602	29.552	70
C	63.413	21.221	29.564	70
N	62.657	20.936	28.511	71
CA	61.26	21.319	28.437	71
C	60.532	20.772	29.646	71
N	60.404	19.449	29.69	72
CA	59.679	18.77	30.764	72
C	59.999	19.322	32.148	72
N	61.258	19.675	32.373	73
CA	61.662	20.204	33.674	73
C	61.012	21.555	33.941	73
N	61.038	22.434	32.942	74
CA	60.437	23.745	33.115	74
C	58.954	23.558	33.39	74
N	58.44	22.381	33.053	75
CA	57.051	22.067	33.307	75
C	56.824	21.634	34.739	75
N	57.62	20.655	35.173	76
CA	57.548	20.114	36.53	76
C	57.725	21.201	37.593	76
N	58.65	22.127	37.338	77
CA	58.966	23.203	38.277	77
C	58.182	24.467	37.953	77
N	57.181	24.339	37.091	78
CA	56.327	25.464	36.777	78
C	55.193	25.529	37.775	78
N	54.374	26.568	37.678	79
CA	53.252	26.718	38.593	79
C	51.896	26.473	37.931	79
N	51.639	27.126	36.804	80
CA	50.315	27.065	36.212	80
C	50.108	25.966	35.195	80
N	48.961	26.009	34.501	81
CA	48.728	25.141	33.347	81
C	49.966	25.149	32.467	81
N	50.574	23.989	32.286	82
CA	51.761	23.888	31.456	82
C	51.376	23.565	30.034	82
N	51.918	24.337	29.103	83
CA	51.778	24.033	27.694	83
C	53.074	24.421	27.022	83
N	53.575	23.559	26.149	84
CA	54.825	23.861	25.467	84
C	55.236	22.744	24.546	84
N	56.306	22.97	23.794	85
CA	56.774	21.989	22.825	85
C	58.161	22.331	22.315	85
N	58.763	21.361	21.637	86
CA	60.152	21.445	21.219	86
C	60.395	20.513	20.049	86
N	61.266	20.934	19.143	87
CA	61.496	20.194	17.914	87
C	62.789	19.409	18.017	87
N	62.749	18.321	18.77	88
CA	63.929	17.501	18.97	88
C	64.065	16.474	17.846	88
N	65.26	15.906	17.713	89
CA	65.438	14.716	16.894	89
C	65.657	13.554	17.841	89
N	64.924	12.471	17.632	90
CA	65.211	11.245	18.352	90
C	65.789	10.268	17.333	90
N	66.126	9.063	17.77	91
CA	66.938	8.156	16.98	91
C	66.633	8.041	15.497	91
N	65.389	7.701	15.18	92
CA	65.01	7.404	13.801	92
C	64.496	8.621	13.038	92
N	63.739	9.465	13.728	93
CA	63.027	10.546	13.068	93
C	63.192	11.865	13.813	93
N	62.894	12.963	13.126	94
CA	62.823	14.264	13.772	94
C	61.403	14.483	14.307	94
N	61.277	15.155	15.445	95
CA	60.011	15.146	16.165	95
C	59.499	16.505	16.615	95
N	58.173	16.633	16.599	96
CA	57.445	17.666	17.329	96
C	56.96	17.064	18.648	96
N	57.564	17.467	19.761	97
CA	57.203	16.903	21.055	97
C	56.312	17.867	21.843	97
N	55.015	17.584	21.855	98
CA	54.037	18.5	22.426	98
C	53.589	18.037	23.815	98
N	53.69	18.925	24.793	99
CA	53.37	18.56	26.158	99
C	52.404	19.518	26.815	99
N	51.627	19.0	27.762	100
CA	50.748	19.831	28.567	100
C	50.488	19.092	29.839	100
N	49.971	19.82	30.829	101
CA	49.519	19.223	32.074	101
C	48.01	19.37	32.153	101
N	47.32	18.292	32.528	102
CA	45.878	18.346	32.759	102
C	45.49	17.418	33.902	102
N	44.518	17.862	34.692	103
CA	44.332	17.316	36.019	103
C	45.715	17.347	36.644	103
N	46.213	16.213	37.105	104
CA	47.507	16.256	37.779	104
C	48.479	15.319	37.103	104
N	48.664	15.551	35.811	105
CA	49.362	14.619	34.947	105
C	50.063	15.385	33.835	105
N	51.216	14.896	33.392	106
CA	51.937	15.568	32.316	106
C	51.913	14.675	31.109	106
N	51.338	15.176	30.032	107
CA	51.271	14.402	28.816	107
C	52.399	14.904	27.927	107
N	53.176	13.971	27.394	108
CA	54.206	14.265	26.401	108
C	53.866	13.538	25.133	108
N	53.377	14.268	24.139	109
CA	52.991	13.64	22.885	109
C	54.055	13.85	21.828	109
N	54.474	12.755	21.206	110
CA	55.507	12.773	20.17	110
C	54.877	12.559	18.813	110
N	54.893	13.603	18.004	111
CA	54.271	13.581	16.697	111
C	55.369	13.728	15.642	111
N	55.392	12.84	14.649	112
CA	56.484	12.832	13.667	112
C	56.52	14.093	12.822	112
N	57.665	14.77	12.837	113
CA	57.878	15.929	11.983	113
C	58.362	15.478	10.606	113
N	57.768	16.039	9.553	114
CA	58.091	15.655	8.175	114
C	58.252	16.87	7.259	114
N	58.912	17.91	7.752	115
CA	59.118	19.108	6.946	115
C	60.469	19.755	7.229	115
N	60.634	20.977	6.735	116
CA	61.695	21.854	7.196	116
C	61.068	22.671	8.323	116
N	61.88	23.354	9.12	117
CA	61.323	24.192	10.17	117
C	60.542	25.35	9.563	117
N	59.43	25.683	10.208	118
CA	58.683	26.885	9.888	118
C	59.346	28.037	10.626	118
N	59.838	29.016	9.874	119
CA	60.39	30.22	10.469	119
C	59.308	30.862	11.314	119
N	59.701	31.487	12.417	120
CA	58.744	32.28	13.184	120
C	58.049	33.271	12.254	120
N	58.737	33.643	11.184	121
CA	58.188	34.599	10.244	121
C	57.119	33.954	9.372	121
N	57.461	32.839	8.729	122
CA	56.501	32.127	7.891	122
C	55.226	31.832	8.671	122
N	55.405	31.304	9.875	123
CA	54.298	31.07	10.789	123
C	53.416	32.32	10.856	123
N	54.013	33.451	11.216	124
CA	53.251	34.687	11.365	124
C	52.475	35.073	10.103	124
N	53.016	34.784	8.921	125
CA	52.288	35.15	7.708	125
C	51.13	34.202	7.401	125
N	51.247	32.938	7.799	126
CA	50.075	32.07	7.769	126
C	48.998	32.671	8.659	126
N	49.346	32.89	9.924	127
CA	48.438	33.536	10.855	127
C	47.804	34.775	10.24	127
N	48.638	35.67	9.72	128
CA	48.155	36.971	9.262	128
C	47.366	36.9	7.96	128
N	47.773	36.005	7.067	129
CA	47.07	35.795	5.805	129
C	45.617	35.472	6.091	129
N	45.406	34.461	6.92	130
CA	44.075	33.954	7.209	130
C	43.263	34.967	8.022	130
N	43.901	35.583	9.007	131
CA	43.211	36.56	9.828	131
C	42.661	37.68	8.94	131
N	43.486	38.154	8.024	132
CA	43.079	39.192	7.095	132
C	41.732	38.877	6.456	132
N	41.442	37.591	6.274	133
CA	40.184	37.158	5.671	133
C	39.012	37.433	6.582	133
N	39.181	37.117	7.859	134
CA	38.117	37.307	8.832	134
C	37.732	38.776	9.003	134
N	38.593	39.676	8.556	135
CA	38.41	41.081	8.878	135
C	37.981	41.959	7.704	135
N	37.808	41.348	6.533	136
CA	37.372	42.079	5.346	136
C	35.885	42.414	5.41	136
N	35.099	41.499	5.976	137
CA	33.64	41.559	5.876	137
C	32.925	41.935	7.17	137
N	31.843	42.699	7.042	138
CA	30.975	43.024	8.177	138
C	29.693	42.203	8.198	138
N	29.538	41.332	7.208	139
CA	28.431	40.393	7.165	139
C	28.945	39.046	7.644	139
N	28.175	38.368	8.484	140
CA	28.591	37.064	9.007	140
C	28.712	35.96	7.937	140
N	27.914	36.035	6.874	141
CA	27.961	35.01	5.823	141
C	29.081	35.252	4.815	141
N	29.317	36.508	4.455	142
CA	30.45	36.84	3.601	142
C	31.702	36.334	4.287	142
N	31.764	36.577	5.596	143
CA	32.853	36.116	6.447	143
C	33.122	34.635	6.224	143
N	32.21	33.78	6.68	144
CA	32.356	32.336	6.49	144
C	32.719	31.963	5.054	144
N	31.964	32.475	4.085	145
CA	32.206	32.158	2.675	145
C	33.653	32.401	2.239	145
N	34.198	33.546	2.632	146
CA	35.564	33.913	2.266	146
C	36.622	33.067	2.951	146
N	36.638	33.066	4.28	147
CA	37.613	32.259	5.013	147
C	37.516	30.797	4.601	147
N	36.289	30.277	4.53	148
CA	36.062	28.911	4.05	148
C	36.868	28.628	2.78	148
N	36.95	29.623	1.895	149
CA	37.733	29.503	0.666	149
C	39.229	29.582	0.927	149
N	39.654	30.662	1.573	150
CA	41.072	30.921	1.812	150
C	41.734	29.838	2.659	150
N	40.922	29.032	3.338	151
CA	41.434	27.923	4.133	151
C	41.907	26.774	3.25	151
N	41.12	26.453	2.228	152
CA	41.456	25.373	1.31	152
C	42.743	25.691	0.552	152
N	42.868	26.928	0.076	153
CA	44.098	27.376	-0.58	153
C	45.303	27.141	0.316	153
N	45.115	27.383	1.607	154
CA	46.197	27.219	2.562	154
C	46.495	25.743	2.824	154
N	45.529	25.024	3.392	155
CA	45.698	23.614	3.753	155
C	45.838	22.68	2.542	155
N	44.992	22.883	1.54	156
CA	44.928	21.973	0.413	156
C	43.949	20.837	0.657	156
N	43.357	20.779	1.85	157
CA	42.258	19.846	2.109	157
C	41.349	19.891	0.896	157
N	40.77	18.764	0.49	158
CA	39.949	18.808	-0.725	158
C	38.457	19.083	-0.501	158
N	38.033	19.12	0.757	159
CA	36.716	19.66	1.088	159
C	36.739	20.394	2.418	159
N	36.459	21.693	2.396	160
CA	36.338	22.446	3.645	160
C	34.98	23.131	3.749	160
N	34.273	22.842	4.835	161
CA	32.911	23.316	5.032	161
C	32.854	24.281	6.204	161
N	31.729	24.978	6.329	162
CA	31.415	25.769	7.511	162
C	30.039	25.353	8.029	162
N	29.905	25.23	9.34	163
CA	28.638	24.827	9.938	163
C	28.16	25.886	10.913	163
N	26.871	26.188	10.866	164
CA	26.241	27.006	11.903	164
C	25.392	26.093	12.772	164
N	25.044	26.551	13.971	165
CA	24.31	25.711	14.915	165
C	23.068	26.398	15.465	165
N	21.892	25.976	15.012	166
CA	20.644	26.545	15.525	166
C	20.529	26.401	17.046	166
N	19.568	27.098	17.638	167
CA	19.402	27.084	19.088	167
C	19.137	25.677	19.648	167
N	18.547	24.805	18.833	168
CA	18.317	23.413	19.233	168
C	19.576	22.563	19.048	168
N	20.716	23.238	18.9	169
CA	22.012	22.592	18.684	169
C	22.073	21.712	17.427	169
N	21.144	21.935	16.501	170
CA	21.182	21.25	15.212	170
C	22.197	21.935	14.303	170
N	22.418	21.389	13.112	171
CA	23.451	21.92	12.237	171
C	22.989	22.316	10.845	171
N	23.814	23.089	10.144	172
CA	23.564	23.424	8.744	172
C	24.806	23.932	8.02	172
N	25.159	23.292	6.911	173
CA	26.337	23.695	6.148	173
C	26.083	24.962	5.345	173
N	26.519	26.092	5.883	174
CA	26.22	27.372	5.267	174
C	27.34	27.905	4.366	174
N	28.395	27.123	4.185	175
CA	29.432	27.496	3.23	175
C	30.33	26.315	2.896	175
N	30.892	26.325	1.692	176
CA	31.667	25.185	1.216	176
C	32.701	25.572	0.149	176
N	33.681	24.694	-0.047	177
CA	34.675	24.817	-1.106	177
C	35.299	23.437	-1.283	177
N	35.174	22.86	-2.477	178
CA	35.537	21.456	-2.658	178
C	36.216	21.156	-3.99	178
N	36.69	19.92	-4.105	179
CA	37.157	19.368	-5.366	179
C	35.922	18.898	-6.129	179
N	35.761	19.386	-7.355	180
CA	34.515	19.225	-8.104	180
C	34.035	17.79	-8.224	180
N	34.975	16.857	-8.192	181
CA	34.668	15.443	-8.36	181
C	33.641	14.993	-7.329	181
N	33.55	15.753	-6.236	182
CA	32.802	15.361	-5.045	182
C	31.479	16.116	-4.929	182
N	30.451	15.442	-4.417	183
CA	29.117	16.03	-4.297	183
C	29.103	17.281	-3.415	183
N	28.235	18.234	-3.749	184
CA	28.144	19.485	-2.993	184
C	27.241	19.335	-1.772	184
N	27.478	20.166	-0.762	185
CA	26.863	19.961	0.546	185
C	26.032	21.134	1.071	185
N	26.191	22.303	0.46	186
CA	25.509	23.501	0.931	186
C	24.062	23.191	1.33	186
N	23.537	23.923	2.306	187
CA	22.144	23.795	2.707	187
C	21.811	22.555	3.514	187
N	22.677	21.551	3.437	188
CA	22.539	20.322	4.219	188
C	22.23	20.589	5.696	188
N	21.485	19.681	6.324	189
CA	21.122	19.813	7.732	189
C	21.214	18.498	8.511	189
N	21.821	18.562	9.693	190
CA	21.895	17.408	10.588	190
C	21.304	17.696	11.971	190
N	21.061	16.642	12.761	191
CA	20.471	16.821	14.091	191
C	21.512	17.158	15.149	191
N	21.046	17.517	16.343	192
CA	21.933	17.674	17.486	192
C	22.617	16.34	17.766	192
N	21.851	15.256	17.663	193
CA	22.352	13.91	17.959	193
C	23.624	13.537	17.201	193
N	23.857	14.19	16.069	194
CA	25.034	13.898	15.257	194
C	26.327	14.336	15.924	194
N	26.216	15.238	16.893	195
CA	27.37	15.635	17.704	195
C	27.021	15.611	19.193	195
N	27.384	14.517	19.879	196
CA	27.015	14.331	21.286	196
C	27.621	15.402	22.176	196
N	26.933	15.722	23.266	197
CA	27.344	16.813	24.146	197
C	28.812	16.739	24.592	197
N	29.423	15.558	24.491	198
CA	30.825	15.408	24.878	198
C	31.785	15.84	23.766	198
N	31.478	15.478	22.529	199
CA	32.26	15.953	21.394	199
C	32.114	17.466	21.29	199
N	30.931	17.958	21.653	200
CA	30.628	19.383	21.613	200
C	31.281	20.094	22.791	200
N	31.139	19.525	23.978	201
CA	31.879	20.042	25.106	201
C	33.316	20.221	24.639	201
N	33.845	19.196	23.979	202
CA	35.245	19.192	23.572	202
C	35.597	20.272	22.552	202
N	34.882	20.312	21.433	203
CA	35.215	21.27	20.378	203
C	35.27	22.685	20.942	203
N	34.573	22.9	22.052	204
CA	34.621	24.182	22.727	204
C	35.956	24.333	23.469	204
N	36.419	23.246	24.088	205
CA	37.671	23.236	24.852	205
C	38.882	23.34	23.941	205
N	38.83	22.609	22.83	206
CA	39.95	22.532	21.905	206
C	39.635	23.188	20.572	206
N	40.294	24.315	20.286	207
CA	40.066	25.006	19.019	207
C	40.045	24.005	17.889	207
N	41.041	23.133	17.903	208
CA	41.385	22.349	16.731	208
C	41.483	20.843	16.965	208
N	40.776	20.071	16.154	209
CA	40.957	18.625	16.137	209
C	41.558	18.226	14.812	209
N	42.416	17.22	14.84	210
CA	43.001	16.698	13.617	210
C	42.896	15.183	13.613	210
N	42.124	14.647	12.671	211
CA	42.099	13.203	12.435	211
C	42.988	12.854	11.238	211
N	44.007	12.04	11.486	212
CA	45.062	11.807	10.501	212
C	44.738	10.692	9.505	212
N	44.105	9.632	9.995	213
CA	43.614	8.555	9.144	213
C	42.42	7.932	9.844	213
N	41.303	7.801	9.132	214
CA	40.066	7.34	9.755	214
C	40.04	5.831	9.993	214
N	40.498	5.055	9.015	215
CA	40.533	3.604	9.169	215
C	41.755	3.181	9.974	215
N	42.443	4.164	10.554	216
CA	43.526	3.898	11.486	216
C	43.018	2.843	12.45	216
N	43.878	1.903	12.819	217
CA	43.529	0.939	13.852	217
C	44.349	1.265	15.096	217
N	43.659	1.76	16.133	218
CA	44.108	2.492	17.329	218
C	45.287	1.898	18.099	218
N	45.938	2.753	18.879	219
CA	47.059	2.345	19.712	219
C	46.754	2.684	21.166	219
N	46.795	1.675	22.034	220
CA	46.353	1.831	23.42	220
C	47.446	2.372	24.338	220
N	47.034	2.947	25.467	221
CA	47.976	3.309	26.53	221
C	47.787	2.404	27.744	221
N	48.896	2.01	28.361	222
CA	48.86	1.151	29.533	222
C	49.63	1.765	30.696	222
N	49.089	1.632	31.917	223
CA	47.799	0.992	32.204	223
C	46.645	1.832	31.688	223
N	45.49	1.212	31.498	224
CA	44.325	1.948	31.032	224
C	43.916	2.964	32.084	224
N	44.4	2.754	33.301	225
CA	43.881	3.457	34.461	225
C	45.016	4.019	35.327	225
N	44.921	5.304	35.67	226
CA	45.977	5.989	36.417	226
C	45.955	5.68	37.903	226
N	46.936	4.898	38.345	227
CA	47.122	4.347	39.687	227
C	46.978	5.39	40.778	227
N	47.46	6.604	40.517	228
CA	47.448	7.677	41.509	228
C	46.043	8.069	41.886	228
N	45.127	7.813	40.97	229
CA	43.84	8.46	41.015	229
C	42.736	7.427	40.896	229
N	43.07	6.282	40.311	230
CA	42.12	5.182	40.186	230
C	41.051	5.479	39.128	230
N	41.261	6.567	38.389	231
CA	40.412	6.943	37.258	231
C	41.199	6.774	35.964	231
N	40.504	6.818	34.833	232
CA	41.169	6.763	33.545	232
C	41.799	8.132	33.245	232
N	42.754	8.16	32.318	233
CA	43.431	9.403	31.952	233
C	42.557	10.293	31.073	233
N	42.487	11.577	31.423	234
CA	41.736	12.547	30.626	234
C	42.582	13.155	29.5	234
N	42.239	12.797	28.268	235
CA	43.026	13.167	27.1	235
C	42.412	14.323	26.314	235
N	41.471	15.04	26.924	236
CA	41.042	16.282	26.311	236
C	42.33	17.067	26.355	236
N	42.495	18.0	25.428	237
CA	43.741	18.756	25.357	237
C	44.874	17.886	24.837	237
N	44.598	16.595	24.679	238
CA	45.557	15.709	24.047	238
C	45.292	15.708	22.571	238
N	46.345	15.977	21.814	239
CA	46.246	16.154	20.375	239
C	46.013	14.838	19.659	239
N	46.79	13.831	20.049	240
CA	46.717	12.497	19.464	240
C	45.607	11.644	20.056	240
N	44.664	12.256	20.754	241
CA	43.593	11.475	21.357	241
C	42.898	10.628	20.292	241
N	42.098	9.665	20.731	242
CA	41.482	8.714	19.813	242
C	40.05	9.079	19.422	242
N	39.749	8.905	18.139	243
CA	38.419	9.144	17.593	243
C	37.446	8.022	17.942	243
N	36.195	8.391	18.182	244
CA	35.158	7.397	18.387	244
C	35.041	6.549	17.131	244
N	34.777	5.246	17.302	245
CA	34.553	4.365	16.153	245
C	33.271	4.752	15.412	245
N	32.233	5.126	16.157	246
CA	30.973	5.537	15.548	246
C	31.192	6.626	14.501	246
N	31.975	7.643	14.851	247
CA	32.293	8.72	13.917	247
C	33.287	8.286	12.845	247
N	34.066	7.245	13.12	248
CA	34.982	6.716	12.112	248
C	34.198	5.988	11.023	248
N	33.297	5.102	11.44	249
CA	32.397	4.424	10.517	249
C	31.681	5.465	9.659	249
N	31.338	6.603	10.27	250
CA	30.616	7.665	9.576	250
C	31.435	8.31	8.457	250
N	32.63	8.789	8.786	251
CA	33.509	9.396	7.785	251
C	33.86	8.426	6.659	251
N	33.925	7.138	6.981	252
CA	34.177	6.124	5.96	252
C	32.948	5.912	5.062	252
N	31.768	5.814	5.669	253
CA	30.524	5.779	4.903	253
C	30.373	7.035	4.046	253
N	31.192	8.042	4.334	254
CA	31.222	9.268	3.541	254
C	32.349	9.229	2.517	254
N	33.214	8.23	2.63	255
CA	34.404	8.174	1.803	255
C	35.36	9.294	2.159	255
N	35.708	9.361	3.439	256
CA	36.632	10.366	3.949	256
C	37.681	9.687	4.821	256
N	38.946	10.021	4.593	257
CA	40.046	9.355	5.283	257
C	40.749	10.228	6.317	257
N	40.678	11.54	6.137	258
CA	41.343	12.464	7.051	258
C	40.374	13.534	7.54	258
N	40.84	14.414	8.428	259
CA	39.956	15.391	9.066	259
C	40.743	16.542	9.682	259
N	40.029	17.601	10.034	260
CA	40.546	18.676	10.881	260
C	39.45	19.701	11.038	260
N	39.23	20.156	12.267	261
CA	38.183	21.132	12.515	261
C	38.671	22.324	13.332	261
N	38.299	23.521	12.895	262
CA	38.564	24.749	13.648	262
C	37.278	25.228	14.335	262
N	37.29	25.361	15.655	263
CA	36.079	25.771	16.371	263
C	35.778	27.262	16.264	263
N	34.493	27.59	16.381	264
CA	34.01	28.965	16.516	264
C	33.114	29.018	17.745	264
N	33.501	29.817	18.738	265
CA	32.814	29.816	20.02	265
C	32.261	31.185	20.401	265
N	30.953	31.247	20.634	266
CA	30.309	32.446	21.172	266
C	29.468	32.069	22.4	266
N	29.367	32.985	23.358	267
CA	28.892	32.62	24.679	267
C	29.915	31.616	25.157	267
N	29.486	30.585	25.864	268
CA	30.396	29.508	26.197	268
C	30.038	28.365	25.283	268
N	29.477	28.714	24.127	269
CA	28.816	27.723	23.272	269
C	29.44	27.552	21.878	269
N	29.274	26.365	21.307	270
CA	29.751	26.088	19.963	270
C	28.795	26.706	18.947	270
N	29.249	27.764	18.283	271
CA	28.396	28.55	17.404	271
C	28.512	28.094	15.971	271
N	29.559	27.336	15.697	272
CA	29.818	26.844	14.364	272
C	31.24	26.349	14.328	272
N	31.633	25.721	13.235	273
CA	32.992	25.23	13.143	273
C	33.318	24.832	11.714	273
N	34.504	25.209	11.24	274
CA	34.953	24.75	9.937	274
C	35.441	23.328	10.09	274
N	34.978	22.465	9.2	275
CA	35.424	21.093	9.181	275
C	36.139	20.895	7.852	275
N	37.336	20.322	7.895	276
CA	38.072	20.017	6.676	276
C	38.103	18.518	6.433	276
N	37.895	18.12	5.182	277
CA	37.834	16.71	4.822	277
C	38.865	16.361	3.759	277
N	39.255	15.094	3.736	278
CA	40.171	14.615	2.719	278
C	39.882	13.164	2.354	278
N	39.849	12.901	1.053	279
CA	39.446	11.607	0.529	279
C	40.576	10.59	0.641	279
N	41.728	11.071	1.091	280
CA	42.88	10.232	1.387	280
C	43.482	10.73	2.695	280
N	44.424	9.973	3.28	281
CA	45.053	10.381	4.543	281
C	45.705	11.759	4.465	281
N	45.677	12.511	5.566	282
CA	46.26	13.859	5.615	282
C	46.706	14.299	7.028	282
N	47.639	15.246	7.091	283
CA	48.308	15.565	8.346	283
C	48.865	16.978	8.372	283
N	48.204	17.871	9.098	284
CA	48.728	19.215	9.285	284
C	49.687	19.209	10.473	284
N	50.864	19.834	10.309	285
CA	51.879	19.899	11.364	285
C	51.442	20.758	12.544	285
N	51.919	20.416	13.74	286
CA	51.615	21.177	14.955	286
C	51.632	22.681	14.7	286
N	52.797	23.217	14.3	287
CA	53.007	24.664	14.203	287
C	51.946	25.349	13.357	287
N	51.599	24.75	12.222	288
CA	50.507	25.264	11.403	288
C	49.167	25.183	12.137	288
N	48.868	24.018	12.707	289
CA	47.685	23.875	13.541	289
C	47.676	25.04	14.536	289
N	48.854	25.433	15.009	290
CA	48.95	26.5	15.998	290
C	48.72	27.888	15.417	290
N	48.761	28.003	14.091	291
CA	48.392	29.256	13.438	291
C	46.881	29.316	13.483	291
N	46.256	28.256	12.977	292
CA	44.804	28.122	12.995	292
C	44.223	28.173	14.41	292
N	44.975	27.708	15.404	293
CA	44.49	27.81	16.767	293
C	44.18	29.252	17.067	293
N	45.191	30.093	16.915	294
CA	45.008	31.506	17.176	294
C	43.998	32.154	16.228	294
N	44.03	31.763	14.96	295
CA	43.005	32.193	14.02	295
C	41.642	31.984	14.671	295
N	41.386	30.74	15.068	296
CA	40.131	30.385	15.73	296
C	39.77	31.36	16.857	296
N	40.749	31.703	17.688	297
CA	40.508	32.669	18.764	297
C	39.984	33.981	18.193	297
N	40.724	34.536	17.234	298
CA	40.345	35.791	16.592	298
C	38.989	35.713	15.916	298
N	38.843	34.696	15.087	299
CA	37.616	34.488	14.355	299
C	36.394	34.371	15.257	299
N	36.534	33.665	16.373	300
CA	35.42	33.519	17.308	300
C	34.95	34.862	17.827	300
N	35.895	35.715	18.207	301
CA	35.571	37.025	18.752	301
C	34.913	37.887	17.69	301
N	35.595	38.047	16.557	302
CA	35.07	38.837	15.454	302
C	33.604	38.47	15.177	302
N	33.296	37.172	15.198	303
CA	31.924	36.694	15.005	303
C	30.973	37.068	16.146	303
N	31.459	37.002	17.38	304
CA	30.618	37.261	18.538	304
C	30.148	38.697	18.545	304
N	31.027	39.612	18.162	305
CA	30.657	41.01	18.237	305
C	29.734	41.386	17.073	305
N	29.989	40.805	15.904	306
CA	29.11	40.979	14.742	306
C	27.68	40.54	15.027	306
N	27.538	39.435	15.748	307
CA	26.234	38.834	15.952	307
C	25.469	39.519	17.078	307
N	26.193	40.048	18.052	308
CA	25.507	40.753	19.12	308
C	25.038	42.104	18.588	308
N	25.793	42.652	17.642	309
CA	25.397	43.881	16.973	309
C	24.156	43.658	16.127	309
N	24.224	42.656	15.257	310
CA	23.103	42.28	14.414	310
C	21.845	42.098	15.258	310
N	21.95	41.256	16.281	311
CA	20.799	40.917	17.108	311
C	20.349	42.112	17.921	311
N	21.309	42.931	18.332	312
CA	20.982	44.125	19.095	312
C	20.144	45.065	18.238	312
N	20.243	44.885	16.925	313
CA	19.579	45.758	15.967	313
C	18.166	45.296	15.664	313
N	18.023	44.027	15.312	314
CA	16.696	43.453	15.112	314
C	15.868	43.755	16.342	314
N	16.483	43.546	17.502	315
CA	15.809	43.714	18.782	315
C	15.336	45.143	18.988	315
N	16.028	46.083	18.358	316
CA	15.643	47.485	18.441	316
C	14.529	47.815	17.457	316
N	14.691	47.454	16.187	317
CA	13.62	47.713	15.224	317
C	12.353	47.052	15.729	317
N	12.522	45.869	16.301	318
CA	11.408	45.156	16.903	318
C	10.723	45.957	18.019	318
N	11.483	46.353	19.038	319
CA	10.899	47.099	20.15	319
C	10.333	48.441	19.702	319
N	11.147	49.23	19.011	320
CA	10.666	50.48	18.437	320
C	9.319	50.297	17.747	320
N	9.072	49.104	17.202	321
CA	7.782	48.801	16.585	321
C	6.639	48.8	17.585	321
N	6.687	47.875	18.542	322
CA	5.714	47.83	19.637	322
C	5.392	49.224	20.129	322
N	6.438	49.934	20.548	323
CA	6.274	51.24	21.161	323
C	5.492	52.148	20.22	323
N	5.926	52.202	18.964	324
CA	5.154	52.877	17.93	324
C	3.692	52.452	18.028	324
N	3.458	51.143	17.966	325
CA	2.109	50.584	17.965	325
C	1.289	50.973	19.2	325
N	1.913	50.957	20.374	326
CA	1.2	51.317	21.6	326
C	0.743	52.78	21.576	326
N	1.637	53.68	21.17	327
CA	1.3	55.097	21.071	327
C	0.233	55.382	20.015	327
N	0.083	54.471	19.059	328
CA	-0.911	54.625	18.002	328
C	-2.261	54.152	18.505	328
N	-2.26	53.036	19.223	329
CA	-3.491	52.507	19.795	329
C	-3.991	53.395	20.94	329
N	-3.162	53.555	21.969	330
CA	-3.509	54.364	23.137	330
C	-3.957	55.787	22.784	330
N	-3.534	56.282	21.625	331
CA	-3.828	57.665	21.249	331
C	-4.846	57.809	20.112	331
N	-5.435	56.691	19.703	332
CA	-6.615	56.702	18.848	332
C	-7.742	56.026	19.611	332
N	-8.978	56.279	19.198	333
CA	-10.123	55.659	19.851	333
C	-10.444	54.342	19.169	333
N	-10.165	54.28	17.872	334
CA	-10.371	53.056	17.117	334
C	-9.163	52.151	17.306	334
N	-9.296	51.192	18.218	335
CA	-8.217	50.256	18.498	335
C	-8.214	49.143	17.478	335
N	-9.389	48.586	17.223	336
CA	-9.504	47.507	16.261	336
C	-8.87	47.934	14.942	336
N	-9.176	49.155	14.514	337
CA	-8.655	49.693	13.268	337
C	-7.176	50.023	13.321	337
N	-6.686	50.32	14.52	338
CA	-5.278	50.628	14.713	338
C	-4.469	49.35	14.931	338
N	-5.058	48.393	15.643	339
CA	-4.379	47.147	15.992	339
C	-4.357	46.121	14.868	339
N	-5.037	46.42	13.767	340
CA	-5.161	45.446	12.689	340
C	-4.864	46.017	11.305	340
N	-4.408	47.264	11.253	341
CA	-3.926	47.824	10.002	341
C	-2.683	47.031	9.625	341
N	-2.749	46.244	8.535	342
CA	-1.693	45.286	8.155	342
C	-0.278	45.87	8.197	342
N	-0.188	47.189	8.327	343
CA	1.083	47.896	8.354	343
C	1.402	48.323	9.782	343
N	0.419	48.929	10.44	344
CA	0.447	49.074	11.889	344
C	0.034	47.744	12.497	344
N	0.17	46.687	11.707	345
CA	-0.351	45.394	12.092	345
C	0.354	44.897	13.324	345
N	-0.358	44.132	14.138	346
CA	0.314	43.381	15.171	346
C	1.169	42.353	14.437	346
N	0.701	41.937	13.262	347
CA	1.427	40.984	12.426	347
C	2.842	41.461	12.097	347
N	3.074	42.762	12.259	348
CA	4.373	43.361	11.973	348
C	5.353	43.152	13.125	348
N	4.827	42.768	14.286	349
CA	5.638	42.67	15.498	349
C	6.367	41.328	15.636	349
N	5.628	40.223	15.562	350
CA	6.233	38.889	15.622	350
C	6.229	38.211	14.246	350
N	7.346	37.551	13.89	351
CA	7.488	36.919	12.571	351
C	6.605	35.684	12.437	351
N	5.542	35.796	11.65	352
CA	4.585	34.709	11.511	352
C	4.072	34.585	10.078	352
N	3.085	33.716	9.88	353
CA	2.463	33.529	8.574	353
C	1.048	34.089	8.592	353
N	0.479	34.196	9.792	354
CA	-0.866	34.714	9.983	354
C	-1.082	35.195	11.409	354
N	-2.057	36.082	11.595	355
CA	-2.347	36.653	12.911	355
C	-3.824	37.033	13.078	355
N	-4.203	37.43	14.293	356
CA	-5.619	37.582	14.643	356
C	-5.87	38.515	15.84	356
N	-6.785	39.467	15.658	357
CA	-7.193	40.395	16.713	357
C	-8.635	40.126	17.129	357
N	-8.854	39.897	18.422	358
CA	-10.184	39.562	18.924	358
C	-10.566	40.362	20.172	358
N	-11.631	41.151	20.076	359
CA	-12.179	41.824	21.256	359
C	-13.638	42.222	21.047	359
N	-14.48	41.889	22.02	360
CA	-15.912	42.06	21.871	360
C	-16.491	40.861	21.146	360
N	-17.231	41.119	20.073	361
CA	-17.746	40.05	19.239	361
C	-17.171	40.153	17.843	361
N	-16.075	40.895	17.722	362
CA	-15.518	41.236	16.418	362
C	-14.098	40.711	16.227	362
N	-13.888	39.974	15.14	363
CA	-12.588	39.385	14.835	363
C	-12.153	39.729	13.408	363
N	-10.893	39.443	13.076	364
CA	-10.385	39.658	11.719	364
C	-9.198	38.741	11.418	364
N	-9.378	37.812	10.479	365
CA	-8.318	36.865	10.127	365
C	-7.385	37.41	9.041	365
N	-6.312	38.069	9.475	366
CA	-5.311	38.619	8.567	366
C	-4.342	37.535	8.109	366
N	-3.787	37.715	6.914	367
CA	-2.913	36.716	6.317	367
C	-3.591	35.346	6.32	367
N	-4.791	35.271	6.777	368
CA	-4.756	34.557	8.014	368
C	-4.12	33.301	7.439	368
N	-4.454	32.24	8.092	369
CA	-5.821	32.437	8.421	369
C	-5.85	33.144	9.758	369
N	-6.753	33.919	10.349	370
CA	-8.056	33.404	10.594	370
C	-8.066	32.453	11.756	370
N	-9.03	31.595	11.574	371
CA	-10.15	32.014	12.408	371
C	-10.884	30.83	13.028	371
N	-10.844	29.691	12.348	372
CA	-11.507	28.492	12.84	372
C	-10.689	27.811	13.932	372
N	-9.388	27.67	13.697	373
CA	-8.5	27.1	14.701	373
C	-8.63	27.869	16.006	373
N	-9.125	29.098	15.907	374
CA	-9.302	29.955	17.071	374
C	-10.488	29.495	17.915	374
N	-11.521	28.986	17.251	375
CA	-12.703	28.496	17.937	375
C	-12.371	27.285	18.784	375
N	-11.479	26.444	18.267	376
CA	-11.011	25.269	18.996	376
C	-10.103	25.656	20.158	376
N	-9.203	26.601	19.903	377
CA	-8.183	26.985	20.877	377
C	-8.735	27.716	22.1	377
N	-9.668	28.638	21.882	378
CA	-10.34	29.298	22.993	378
C	-11.176	28.264	23.745	378
N	-11.266	27.069	23.166	379
CA	-11.986	25.953	23.767	379
C	-11.016	25.074	24.548	379
N	-9.752	25.078	24.132	380
CA	-8.701	24.359	24.846	380
C	-8.48	24.987	26.217	380
N	-8.259	26.298	26.226	381
CA	-8.01	27.025	27.464	381
C	-9.274	27.159	28.307	381
N	-10.307	26.407	27.942	382
CA	-11.532	26.354	28.727	382
C	-11.276	25.641	30.046	382
N	-10.301	24.742	30.04	383
CA	-9.927	24.022	31.246	383
C	-8.785	24.744	31.952	383
N	-8.425	25.907	31.417	384
CA	-7.437	26.782	32.034	384
C	-7.894	28.233	31.862	384
N	-8.974	28.608	32.568	385
CA	-9.689	29.878	32.388	385
C	-8.99	31.079	33.021	385
N	-7.761	30.894	33.491	386
CA	-7.002	31.997	34.062	386
C	-5.613	32.114	33.454	386
N	-5.484	31.688	32.203	387
CA	-4.262	31.923	31.447	387
C	-4.418	33.197	30.626	387
N	-3.371	34.013	30.62	388
CA	-3.363	35.24	29.838	388
C	-2.384	35.092	28.679	388
N	-1.739	33.93	28.612	389
CA	-0.712	33.657	27.608	389
C	-0.747	32.193	27.172	389
N	-0.441	31.935	25.902	390
CA	-0.43	30.572	25.368	390
C	0.602	30.419	24.249	390
N	1.233	29.252	24.172	391
CA	2.273	28.998	23.182	391
C	2.37	27.504	22.919	391
N	2.52	27.11	21.657	392
CA	2.616	25.68	21.364	392
C	3.048	25.26	19.961	392
N	3.531	24.026	19.913	393
CA	3.613	23.205	18.722	393
C	3.543	21.786	19.29	393
N	3.215	20.793	18.472	394
CA	3.125	20.928	17.03	394
C	1.695	20.911	16.503	394
N	0.733	21.037	17.41	395
CA	-0.685	21.045	17.052	395
C	-1.013	20.029	15.955	395
N	-2.204	19.432	16.164	396
CA	-2.891	18.468	15.313	396
C	-4.056	18.169	16.223	396
N	-5.214	17.485	16.077	397
CA	-5.591	16.792	17.274	397
C	-4.521	15.791	17.636	397
N	-5.012	14.789	18.321	398
CA	-5.673	13.816	17.583	398
C	-5.388	12.319	17.435	398
N	-5.955	12.177	16.246	399
CA	-6.363	11.2	15.252	399
C	-7.541	10.218	15.122	399
N	-8.487	10.171	16.057	400
CA	-9.867	10.133	15.608	400
C	-10.546	11.459	15.341	400
N	-11.514	11.472	14.421	401
CA	-11.767	12.624	13.589	401
C	-12.321	13.916	14.209	401
N	-12.684	14.233	15.487	402
CA	-11.765	14.03	16.606	402
C	-11.401	15.534	16.762	402
N	-12.039	16.457	15.989	403
CA	-11.979	16.8	14.595	403
C	-11.104	17.624	13.67	403
N	-10.042	18.407	13.946	404
CA	-9.741	18.526	12.539	404
C	-8.224	18.726	12.5	404
N	-7.667	18.622	13.708	405
CA	-6.494	19.418	13.963	405
C	-6.883	20.9	14.004	405
N	-5.919	21.799	13.972	406
CA	-6.357	22.416	12.732	406
C	-5.314	22.35	11.63	406
N	-5.123	23.46	10.919	407
CA	-4.19	23.486	9.791	407
C	-2.919	24.322	10.021	407
N	-2.793	24.919	11.206	408
CA	-1.566	25.617	11.61	408
C	-1.094	25.196	13.002	408
N	0.189	24.872	13.102	409
CA	0.723	24.186	14.269	409
C	1.299	25.143	15.294	409
N	1.895	26.222	14.808	410
CA	2.423	27.234	15.692	410
C	1.288	28.109	16.173	410
N	1.146	28.24	17.488	411
CA	0.09	29.079	18.052	411
C	0.527	29.792	19.336	411
N	0.418	31.12	19.325	412
CA	0.785	31.958	20.465	412
C	-0.359	32.939	20.747	412
N	-0.87	32.942	21.978	413
CA	-2.047	33.752	22.311	413
C	-1.877	34.612	23.564	413
N	-2.317	35.867	23.486	414
CA	-2.276	36.777	24.632	414
C	-3.652	37.379	24.935	414
N	-3.952	37.561	26.221	415
CA	-5.269	38.033	26.649	415
C	-5.266	39.464	27.183	415
N	-6.326	40.199	26.866	416
CA	-6.541	41.542	27.391	416
C	-8.043	41.822	27.483	416
N	-8.673	40.762	27.132	417
CA	-7.471	41.539	27.225	417
C	-7.673	42.195	28.663	417
N	-8.748	42.139	29.506	418
CA	-9.322	43.332	30.186	418
C	-10.795	43.189	30.545	418
N	-11.391	44.392	30.825	419
CA	-12.002	45.331	29.882	419
C	-13.068	44.249	29.681	419
N	-12.962	43.112	30.358	420
CA	-13.849	42.006	30.303	420
C	-14.001	40.923	29.175	420
N	-13.319	40.774	27.95	421
CA	-12.054	40.04	27.582	421
C	-11.128	39.636	26.344	421
N	-11.143	39.894	24.959	422
CA	-10.056	40.485	24.199	422
C	-8.822	39.606	24.097	422
N	-8.515	39.149	22.886	423
CA	-7.389	38.243	22.664	423
C	-6.577	38.616	21.426	423
N	-5.341	38.122	21.364	424
CA	-4.487	38.268	20.184	424
C	-3.783	36.946	19.89	424
N	-3.595	36.634	18.609	425
CA	-3.011	35.355	18.204	425
C	-1.982	35.501	17.079	425
N	-0.969	34.635	17.077	426
CA	0.028	34.603	16.005	426
C	0.312	33.159	15.565	426
N	0.337	32.93	14.253	427
CA	0.42	31.571	13.715	427
C	1.623	31.321	12.813	427
N	2.185	30.124	12.929	428
CA	3.219	29.675	12.016	428
C	2.94	28.244	11.587	428
N	2.587	28.08	10.32	429
CA	2.558	26.761	9.715	429
C	4.008	26.365	9.474	429
N	4.264	25.073	9.328	430
CA	5.634	24.609	9.168	430
C	5.879	23.977	7.804	430
N	5.893	24.797	6.76	431
CA	6.328	24.307	5.461	431
C	7.83	24.545	5.354	431
N	8.429	24.914	6.487	432
CA	9.869	25.13	6.586	432
C	10.622	24.098	5.747	432
N	11.449	24.591	4.824	433
CA	12.266	23.754	3.94	433
C	11.564	23.441	2.613	433
N	11.782	22.894	1.391	434
CA	11.318	21.469	1.597	434
C	11.967	20.485	0.605	434
N	12.004	19.126	0.826	435
CA	13.443	18.895	1.203	435
C	14.277	17.601	1.489	435
N	14.379	16.244	1.631	436
CA	15.1	15.235	2.46	436
C	16.529	14.629	2.361	436
N	16.942	14.189	3.571	437
CA	17.368	12.768	3.566	437
C	17.586	11.872	4.773	437
N	16.767	10.849	4.629	438
CA	15.983	10.169	5.674	438
C	16.291	9.048	6.707	438
N	17.449	8.321	6.887	439
CA	17.239	7.429	8.011	439
C	18.201	6.435	8.668	439
N	19.482	6.194	8.268	440
CA	19.899	5.651	6.967	440
C	21.314	5.503	6.305	440
N	21.494	4.352	5.646	441
CA	22.559	3.482	5.225	441
C	23.743	3.148	6.168	441
N	23.908	3.715	7.388	442
CA	25.009	3.74	8.389	442
C	26.01	4.272	7.336	442
N	25.698	4.422	6.023	443
CA	25.308	5.526	5.159	443
C	25.021	4.553	4.015	443
N	25.578	3.417	4.482	444
CA	26.518	2.694	3.613	444
C	27.56	3.735	3.064	444
N	28.815	3.331	2.673	445
CA	30.136	3.671	3.233	445
C	31.516	3.061	2.923	445
N	32.283	2.189	2.181	446
CA	32.795	0.948	2.833	446
C	32.737	-0.55	2.498	446
N	32.13	-0.952	1.342	447
CA	30.756	-0.454	1.004	447
C	30.555	0.894	0.217	447
N	29.381	1.143	0.761	448
CA	28.374	1.697	1.649	448
C	28.663	1.51	3.13	448
N	27.596	1.469	3.947	449
CA	27.554	1.52	5.416	449
C	27.684	0.188	6.189	449
N	27.54	0.292	7.512	450
CA	27.443	-0.863	8.415	450
C	26.428	-0.612	9.537	450
N	26.045	0.65	9.721	451
CA	24.977	1.017	10.637	451
C	23.847	1.702	9.881	451
N	22.643	1.733	10.475	452
CA	21.443	2.305	9.837	452
C	21.523	3.774	9.354	452
N	21.899	4.714	10.223	453
CA	21.73	6.152	9.95	453
C	22.96	6.915	9.435	453
N	24.14	6.549	9.923	454
CA	25.369	7.31	9.683	454
C	25.682	7.535	8.205	454
N	25.226	8.672	7.676	455
CA	25.463	9.094	6.288	455
C	24.989	10.547	6.128	455
N	25.559	11.287	5.16	456
CA	25.065	12.65	4.914	456
C	23.549	12.706	4.688	456
N	23.066	12.11	3.598	457
CA	21.638	12.142	3.273	457
C	20.814	11.285	4.238	457
N	21.497	10.519	5.084	458
CA	20.83	9.64	6.03	458
C	20.549	10.266	7.385	458
N	21.326	11.287	7.743	459
CA	21.097	12.043	8.972	459
C	20.047	13.114	8.72	459
N	20.027	13.611	7.488	460
CA	19.02	14.567	7.051	460
C	17.638	13.911	7.029	460
N	17.596	12.625	6.69	461
CA	16.348	11.866	6.686	461
C	15.78	11.669	8.091	461
N	16.666	11.504	9.071	462
CA	16.256	11.341	10.464	462
C	16.268	12.683	11.198	462
N	16.442	13.749	10.421	463
CA	16.335	15.123	10.899	463
C	14.901	15.577	10.663	463
N	14.433	15.349	9.437	464
CA	13.092	15.734	9.011	464
C	11.996	15.208	9.933	464
N	12.036	13.914	10.236	465
CA	10.93	13.282	10.95	465
C	10.694	13.876	12.337	465
N	11.651	14.65	12.832	466
CA	11.463	15.315	14.113	466
C	11.059	16.778	13.94	466
N	11.269	17.333	12.75	467
CA	10.898	18.725	12.51	467
C	9.556	18.894	11.813	467
N	9.027	17.831	11.218	468
CA	7.824	18.012	10.411	468
C	6.64	18.624	11.149	468
N	6.27	18.065	12.292	469
CA	5.213	18.671	13.078	469
C	5.597	20.033	13.645	469
N	6.887	20.363	13.615	470
CA	7.402	21.533	14.334	470
C	7.52	22.822	13.507	470
N	6.792	23.858	13.918	471
CA	6.909	25.176	13.3	471
C	8.156	25.873	13.819	471
N	8.677	26.828	13.052	472
CA	9.808	27.623	13.508	472
C	9.554	27.985	14.96	472
N	10.344	27.416	15.88	473
CA	10.045	27.599	17.301	473
C	10.014	29.061	17.727	473
N	9.163	29.324	18.71	474
CA	8.944	30.66	19.23	474
C	10.145	31.129	20.029	474
N	10.86	32.1	19.469	475
CA	12.095	32.591	20.06	475
C	11.878	33.044	21.492	475
N	12.973	33.147	22.233	476
CA	12.955	33.775	23.541	476
C	12.453	35.209	23.371	476
N	12.747	35.78	22.205	477
CA	12.395	37.161	21.888	477
C	10.913	37.32	21.602	477
N	10.334	36.288	20.997	478
CA	8.941	36.326	20.587	478
C	7.983	36.222	21.777	478
N	8.4	35.51	22.82	479
CA	7.622	35.417	24.053	479
C	7.695	36.713	24.868	479
N	8.712	37.525	24.588	480
CA	8.914	38.785	25.293	480
C	8.131	39.906	24.621	480
N	7.92	39.76	23.318	481
CA	7.211	40.76	22.527	481
C	5.703	40.665	22.756	481
N	5.15	39.463	22.617	482
CA	3.732	39.255	22.883	482
C	3.409	39.672	24.311	482
N	4.317	39.36	25.229	483
CA	4.107	39.668	26.637	483
C	4.088	41.179	26.847	483
N	5.128	41.858	26.38	484
CA	5.164	43.308	26.462	484
C	3.922	43.932	25.836	484
N	3.489	43.382	24.707	485
CA	2.345	43.918	23.977	485
C	1.086	43.838	24.83	485
N	0.725	42.617	25.214	486
CA	-0.419	42.365	26.09	486
C	-0.432	43.309	27.294	486
N	0.747	43.569	27.854	487
CA	0.887	44.505	28.964	487
C	0.624	45.937	28.522	487
N	1.175	46.297	27.367	488
CA	0.966	47.614	26.779	488
C	-0.515	47.859	26.572	488
N	-1.229	46.813	26.176	489
CA	-2.65	46.939	25.884	489
C	-3.491	46.759	27.151	489
N	-2.904	46.118	28.158	490
CA	-3.483	46.086	29.493	490
C	-3.711	47.529	29.915	490
N	-3.038	48.422	29.198	491
CA	-2.988	49.841	29.512	491
C	-4.217	50.642	29.082	491
N	-4.694	50.394	27.868	492
CA	-5.742	51.217	27.266	492
C	-7.078	51.193	28.019	492
N	-7.495	52.368	28.49	493
CA	-8.726	52.518	29.261	493
C	-9.859	53.042	28.383	493
N	-9.481	53.767	27.327	494
CA	-10.404	54.402	26.376	494
C	-10.025	55.874	26.188	494
N	-11.52	56.607	26.458	495
CA	-12.631	57.49	27.504	495
C	-14.273	58.228	27.532	495
N	-15.55	58.825	28.35	496
CA	-16.776	59.818	28.864	496
C	-18.247	60.71	28.813	496
N	-19.104	61.835	29.389	497
CA	-20.641	62.104	29.883	497
C	-21.781	63.363	29.921	497
N	-23.236	63.498	30.215	498
CA	-24.551	64.427	30.305	498
C	-25.279	65.728	31.014	498
N	-26.694	66.092	31.078	499
CA	-27.557	67.364	30.747	499
C	-28.996	68.164	30.637	499
N	-30.443	68.141	30.86	500
CA	-31.802	68.36	31.655	500
C	-32.809	69.65	31.903	500
N	-33.609	70.141	33.005	501
CA	-35.006	70.379	33.658	501
C	-35.91	71.331	32.795	501
N	-36.994	72.222	32.873	502
CA	-38.143	73.102	33.361	502
C	-39.413	73.336	34.27	502
N	-40.497	74.175	34.024	503
CA	-41.417	74.825	35.033	503
C	-42.659	75.816	35.202	503
N	-43.547	76.572	34.343	504
CA	-44.555	77.716	34.719	504
C	-45.802	78.014	35.708	504
N	-46.352	79.129	36.296	505
CA	-47.314	80.275	36.251	505
C	-47.055	81.53	35.296	505
