ATOM	X	Y	Z	RESIDUE
N	32.034	0.161	7.707	1
CA	31.388	0.616	8.934	1
C	30.547	-0.51	9.542	1
N	29.596	-0.145	10.391	2
CA	28.964	-1.111	11.271	2
C	27.974	-1.958	10.489	2
N	27.751	-3.155	10.979	3
CA	26.734	-4.022	10.421	3
C	26.413	-5.136	11.359	3
N	26.091	-6.286	10.782	4
CA	25.747	-7.474	11.549	4
C	26.639	-8.663	11.226	4
N	27.737	-8.445	10.516	5
CA	28.679	-9.505	10.237	5
C	29.607	-9.768	11.407	5
N	30.453	-10.784	11.229	6
CA	31.354	-11.186	12.304	6
C	32.42	-10.125	12.571	6
N	32.8	-9.356	11.56	7
CA	33.85	-8.375	11.756	7
C	33.326	-6.97	12.024	7
N	32.007	-6.746	11.92	8
CA	31.474	-5.411	12.149	8
C	30.17	-5.431	12.942	8
N	29.816	-6.561	13.548	9
CA	28.555	-6.729	14.223	9
C	28.526	-6.183	15.634	9
N	27.454	-6.524	16.365	10
CA	27.222	-5.935	17.693	10
C	28.394	-5.957	18.659	10
N	29.257	-6.977	18.635	11
CA	30.386	-7.011	19.569	11
C	31.469	-5.997	19.223	11
N	31.393	-5.38	18.047	12
CA	32.374	-4.399	17.602	12
C	31.906	-2.957	17.762	12
N	30.593	-2.739	17.898	13
CA	30.014	-1.396	17.817	13
C	30.599	-0.444	18.847	13
N	30.975	-0.949	20.025	14
CA	31.452	-0.08	21.098	14
C	32.707	0.694	20.714	14
N	33.485	0.209	19.75	15
CA	34.723	0.91	19.414	15
C	34.446	2.261	18.759	15
N	33.446	2.342	17.889	16
CA	33.039	3.629	17.347	16
C	31.96	4.308	18.165	16
N	31.18	3.552	18.948	17
CA	30.033	4.081	19.681	17
C	30.128	3.595	21.117	17
N	30.971	4.229	21.937	18
CA	31.208	3.719	23.295	18
C	29.952	3.613	24.142	18
N	28.896	4.353	23.808	19
CA	27.628	4.222	24.515	19
C	27.052	2.818	24.391	19
N	27.607	1.98	23.5	20
CA	27.146	0.601	23.394	20
C	27.269	-0.139	24.716	20
N	28.152	0.306	25.609	21
CA	28.305	-0.288	26.932	21
C	27.677	0.587	28.008	21
N	26.67	1.375	27.64	22
CA	26.077	2.346	28.529	22
C	25.095	1.744	29.509	22
N	24.432	2.645	30.229	23
CA	23.57	2.269	31.342	23
C	22.127	1.998	30.94	23
N	21.724	2.309	29.713	24
CA	20.333	2.112	29.305	24
C	20.265	1.657	27.846	24
N	20.999	0.592	27.536	25
CA	21.022	0.058	26.19	25
C	19.882	-0.926	25.939	25
N	19.493	-1.003	24.673	26
CA	18.438	-1.879	24.2	26
C	18.95	-2.776	23.087	26
N	18.294	-3.906	22.848	27
CA	17.138	-4.443	23.557	27
C	17.537	-5.084	24.871	27
N	16.541	-5.622	25.569	28
CA	16.726	-6.353	26.814	28
C	15.825	-7.572	26.801	28
N	16.179	-8.528	27.644	29
CA	15.265	-9.6	27.962	29
C	14.21	-9.084	28.928	29
N	12.964	-9.401	28.633	30
CA	11.838	-9.051	29.488	30
C	11.558	-10.289	30.327	30
N	11.956	-10.233	31.586	31
CA	11.648	-11.297	32.527	31
C	10.259	-11.021	33.09	31
N	9.289	-11.81	32.661	32
CA	7.897	-11.492	32.929	32
C	7.545	-11.626	34.394	32
N	8.296	-12.42	35.138	33
CA	8.037	-12.595	36.556	33
C	8.698	-11.522	37.414	33
N	9.641	-10.749	36.858	34
CA	10.297	-9.642	37.548	34
C	9.722	-8.274	37.175	34
N	9.048	-8.158	36.036	35
CA	8.434	-6.891	35.661	35
C	7.31	-6.592	36.635	35
N	7.205	-5.344	37.072	36
CA	6.149	-5.008	38.02	36
C	4.938	-4.399	37.329	36
N	3.763	-4.917	37.661	37
CA	2.526	-4.261	37.264	37
C	2.456	-2.888	37.913	37
N	2.19	-1.872	37.105	38
CA	2.128	-0.492	37.573	38
C	0.719	0.007	37.304	38
N	-0.159	0.037	38.312	39
CA	-1.548	0.451	38.065	39
C	-1.689	1.91	37.689	39
N	-0.64	2.719	37.85	40
CA	-0.684	4.115	37.436	40
C	-0.462	4.294	35.942	40
N	-0.003	3.266	35.237	41
CA	0.163	3.381	33.795	41
C	-1.2	3.46	33.13	41
N	-1.308	4.321	32.144	42
CA	-2.563	4.49	31.432	42
C	-2.596	3.601	30.201	42
N	-3.783	3.348	29.652	43
CA	-3.845	2.631	28.382	43
C	-3.106	3.422	27.322	43
N	-2.48	2.7	26.404	44
CA	-1.88	3.359	25.265	44
C	-2.977	3.992	24.431	44
N	-2.653	5.112	23.802	45
CA	-3.479	5.716	22.77	45
C	-2.682	5.693	21.471	45
N	-3.081	4.845	20.538	46
CA	-2.456	4.745	19.224	46
C	-3.462	5.319	18.24	46
N	-3.171	6.485	17.674	47
CA	-4.091	7.203	16.793	47
C	-3.449	7.281	15.415	47
N	-3.7	6.267	14.587	48
CA	-3.104	6.146	13.26	48
C	-4.096	6.353	12.113	48
N	-5.326	6.802	12.392	49
CA	-6.332	6.89	11.33	49
C	-5.952	7.894	10.236	49
N	-5.15	8.907	10.555	50
CA	-4.751	9.916	9.578	50
C	-3.31	9.741	9.097	50
N	-2.696	8.589	9.34	51
CA	-1.296	8.426	8.974	51
C	-1.111	8.581	7.471	51
N	-0.024	9.246	7.092	52
CA	0.324	9.466	5.692	52
C	1.671	8.818	5.409	52
N	1.664	7.624	4.837	53
CA	2.916	6.991	4.452	53
C	3.422	7.626	3.16	53
N	4.74	7.63	2.978	54
CA	5.337	8.237	1.793	54
C	6.152	7.276	0.95	54
N	7.015	6.484	1.57	55
CA	8.112	5.863	0.863	55
C	8.558	4.663	1.675	55
N	9.168	3.713	0.978	56
CA	9.834	2.578	1.601	56
C	11.272	2.549	1.094	56
N	12.225	2.365	2.013	57
CA	13.646	2.512	1.718	57
C	14.407	1.309	2.275	57
N	15.289	0.71	1.472	58
CA	16.282	-0.238	1.977	58
C	17.5	0.592	2.356	58
N	17.801	0.697	3.649	59
CA	18.917	1.54	4.085	59
C	20.184	0.742	4.343	59
N	20.21	-0.517	3.934	60
CA	21.352	-1.375	4.147	60
C	21.34	-2.117	5.465	60
N	20.393	-1.813	6.353	61
CA	20.28	-2.462	7.657	61
C	18.907	-3.069	7.864	61
N	17.886	-2.494	7.261	62
CA	16.501	-2.937	7.316	62
C	15.778	-2.26	6.152	62
N	14.46	-2.434	6.069	63
CA	13.633	-1.589	5.217	63
C	12.759	-0.709	6.1	63
N	12.704	0.579	5.78	64
CA	11.982	1.567	6.563	64
C	10.804	2.078	5.735	64
N	9.606	2.03	6.305	65
CA	8.442	2.728	5.764	65
C	8.348	4.082	6.461	65
N	8.461	5.152	5.677	66
CA	8.539	6.509	6.192	66
C	7.202	7.205	6.034	66
N	6.904	8.069	6.993	67
CA	5.661	8.817	7.065	67
C	5.911	10.322	7.027	67
N	4.889	11.052	6.588	68
CA	4.884	12.506	6.712	68
C	4.654	12.872	8.172	68
N	5.66	13.464	8.807	69
CA	5.58	13.847	10.209	69
C	5.62	15.366	10.392	69
N	5.209	16.124	9.367	70
CA	5.179	17.59	9.427	70
C	3.923	18.136	10.097	70
N	3.01	17.264	10.515	71
CA	1.814	17.624	11.267	71
C	1.489	16.449	12.17	71
N	0.611	16.676	13.157	72
CA	0.161	15.625	14.08	72
C	-0.907	14.784	13.387	72
N	-0.454	13.847	12.561	73
CA	-1.349	12.981	11.798	73
C	-1.491	11.597	12.412	73
N	-0.376	10.985	12.777	74
CA	-0.351	9.669	13.402	74
C	0.464	9.819	14.675	74
N	-0.168	9.62	15.818	75
CA	0.466	9.916	17.092	75
C	0.233	8.805	18.104	75
N	1.209	8.678	18.99	76
CA	1.179	7.803	20.138	76
C	1.166	8.684	21.38	76
N	0.263	8.397	22.301	77
CA	0.152	9.107	23.566	77
C	-0.247	8.124	24.654	77
N	-0.299	8.608	25.887	78
CA	-0.767	7.786	26.973	78
C	0.288	6.773	27.374	78
N	-0.158	5.701	28.012	79
CA	0.788	4.75	28.539	79
C	1.743	5.424	29.503	79
N	3.05	5.179	29.36	80
CA	4.025	5.835	30.227	80
C	4.406	7.224	29.757	80
N	3.848	7.68	28.644	81
CA	4.34	8.875	27.963	81
C	3.692	10.143	28.495	81
N	4.501	11.187	28.584	82
CA	4.029	12.541	28.805	82
C	4.062	13.245	27.458	82
N	2.925	13.752	27.023	83
CA	2.872	14.474	25.775	83
C	2.549	13.585	24.59	83
N	2.866	14.107	23.41	84
CA	2.452	13.537	22.14	84
C	3.684	13.181	21.341	84
N	3.707	11.969	20.803	85
CA	4.813	11.492	19.994	85
C	4.301	11.176	18.598	85
N	4.992	11.668	17.587	86
CA	4.555	11.589	16.203	86
C	5.267	10.45	15.482	86
N	4.486	9.637	14.77	87
CA	5.047	8.549	13.971	87
C	5.898	9.107	12.829	87
N	7.13	8.624	12.715	88
CA	8.02	9.004	11.632	88
C	8.332	7.835	10.701	88
N	8.495	6.62	11.226	89
CA	8.793	5.488	10.355	89
C	8.55	4.216	11.134	89
N	8.438	3.109	10.396	90
CA	8.559	1.786	10.995	90
C	9.502	0.912	10.185	90
N	10.02	-0.115	10.848	91
CA	10.892	-1.093	10.217	91
C	10.816	-2.369	11.042	91
N	11.487	-3.411	10.554	92
CA	11.541	-4.7	11.227	92
C	12.986	-5.153	11.409	92
N	13.149	-6.074	12.355	93
CA	14.34	-6.9	12.529	93
C	13.887	-8.346	12.417	93
N	14.687	-9.2	11.768	94
CA	14.262	-10.579	11.549	94
C	15.467	-11.514	11.45	94
N	15.165	-12.813	11.454	95
CA	16.165	-13.854	11.476	95
C	16.375	-14.524	10.128	95
N	17.411	-15.355	10.095	96
CA	17.613	-16.286	8.987	96
C	16.73	-17.526	9.106	96
N	16.164	-17.761	10.285	97
CA	15.362	-18.926	10.613	97
C	14.224	-18.445	11.502	97
N	13.106	-19.17	11.5	98
CA	11.939	-18.728	12.263	98
C	12.21	-18.694	13.764	98
N	13.19	-19.467	14.247	99
CA	13.494	-19.545	15.668	99
C	14.166	-18.317	16.269	99
N	14.541	-17.321	15.462	100
CA	15.263	-16.154	15.964	100
C	14.908	-14.97	15.083	100
N	15.259	-13.771	15.554	101
CA	15.029	-12.575	14.774	101
C	14.599	-11.378	15.584	101
N	13.934	-11.589	16.712	102
CA	13.541	-10.443	17.516	102
C	14.742	-9.916	18.275	102
N	14.619	-8.672	18.709	103
CA	15.651	-7.995	19.494	103
C	15.346	-8.149	20.976	103
N	14.179	-7.675	21.4	104
CA	13.683	-8.043	22.711	104
C	13.359	-9.52	22.753	104
N	13.474	-10.078	23.95	105
CA	13.096	-11.455	24.221	105
C	12.179	-11.446	25.424	105
N	11.396	-12.508	25.548	106
CA	10.42	-12.633	26.626	106
C	10.756	-13.93	27.348	106
N	11.236	-13.817	28.58	107
CA	11.738	-14.973	29.307	107
C	12.668	-15.799	28.417	107
N	13.557	-15.092	27.73	108
CA	14.593	-15.609	26.834	108
C	14.056	-16.106	25.482	108
N	12.749	-16.116	25.273	109
CA	12.193	-16.486	23.985	109
C	12.503	-15.432	22.918	109
N	13.07	-15.882	21.807	110
CA	13.281	-15.086	20.607	110
C	12.151	-15.365	19.622	110
N	11.476	-14.322	19.182	111
CA	10.476	-14.423	18.137	111
C	11.129	-14.358	16.752	111
N	10.332	-14.631	15.715	112
CA	10.846	-14.646	14.353	112
C	11.225	-13.262	13.853	112
N	10.587	-12.231	14.381	113
CA	10.889	-10.88	13.939	113
C	10.297	-9.917	14.953	113
N	10.646	-8.643	14.792	114
CA	10.141	-7.579	15.654	114
C	9.96	-6.313	14.828	114
N	8.775	-5.725	14.964	115
CA	8.38	-4.474	14.331	115
C	8.622	-3.322	15.296	115
N	9.271	-2.272	14.788	116
CA	9.531	-1.041	15.541	116
C	8.812	0.104	14.854	116
N	7.812	0.671	15.546	117
CA	7.115	1.881	15.111	117
C	7.728	3.036	15.894	117
N	8.414	3.914	15.182	118
CA	9.261	4.948	15.772	118
C	8.505	6.276	15.803	118
N	8.433	6.89	16.995	119
CA	7.764	8.167	17.196	119
C	8.676	9.128	17.95	119
N	8.554	10.419	17.647	120
CA	9.331	11.446	18.335	120
C	8.454	12.431	19.104	120
N	8.998	12.886	20.233	121
CA	8.29	13.78	21.148	121
C	8.164	15.173	20.537	121
N	6.928	15.613	20.303	122
CA	6.708	16.856	19.569	122
C	7.206	18.082	20.32	122
N	7.438	17.98	21.627	123
CA	7.931	19.139	22.356	123
C	9.3	19.581	21.866	123
N	10.049	18.718	21.195	124
CA	11.377	19.056	20.702	124
C	11.364	19.557	19.266	124
N	10.208	19.567	18.61	125
CA	10.05	20.257	17.33	125
C	10.403	19.463	16.086	125
N	11.439	18.633	16.157	126
CA	11.682	17.694	15.071	126
C	12.481	16.506	15.574	126
N	12.633	15.528	14.685	127
CA	13.247	14.268	15.061	127
C	14.693	14.465	15.475	127
N	15.429	15.305	14.734	128
CA	16.839	15.519	15.026	128
C	17.092	16.1	16.405	128
N	16.227	16.998	16.86	129
CA	16.337	17.504	18.222	129
C	15.893	16.455	19.235	129
N	14.849	15.7	18.903	130
CA	14.308	14.729	19.845	130
C	15.311	13.647	20.202	130
N	16.095	13.17	19.236	131
CA	17.029	12.084	19.533	131
C	18.135	12.493	20.492	131
N	18.284	13.787	20.752	132
CA	19.262	14.305	21.689	132
C	18.757	14.339	23.124	132
N	17.534	13.871	23.364	133
CA	16.917	14.005	24.674	133
C	16.548	12.648	25.254	133
N	16.609	12.506	26.584	134
CA	16.36	11.19	27.184	134
C	14.936	10.715	27.02	134
N	13.998	11.625	26.79	135
CA	12.609	11.3	26.505	135
C	12.225	11.707	25.088	135
N	13.172	11.627	24.151	136
CA	12.911	12.111	22.812	136
C	12.072	11.213	21.933	136
N	12.213	9.895	22.086	137
CA	11.536	8.934	21.234	137
C	10.685	7.98	22.05	137
N	9.633	7.475	21.41	138
CA	8.904	6.323	21.912	138
C	8.841	5.331	20.772	138
N	9.36	4.126	21.006	139
CA	9.299	3.066	20.017	139
C	8.334	2.01	20.515	139
N	7.326	1.728	19.69	140
CA	6.367	0.661	19.92	140
C	6.907	-0.591	19.238	140
N	7.214	-1.594	20.054	141
CA	7.774	-2.844	19.582	141
C	6.724	-3.939	19.6	141
N	6.62	-4.66	18.486	142
CA	5.616	-5.697	18.315	142
C	6.324	-6.943	17.804	142
N	6.124	-8.067	18.499	143
CA	6.73	-9.327	18.094	143
C	5.936	-9.959	16.96	143
N	6.662	-10.652	16.076	144
CA	6.078	-11.462	15.013	144
C	6.402	-12.928	15.253	144
N	5.379	-13.775	15.16	145
CA	5.563	-15.212	15.136	145
C	5.033	-15.734	13.816	145
N	5.533	-16.893	13.428	146
CA	5.144	-17.511	12.162	146
C	3.926	-18.406	12.376	146
N	2.867	-18.117	11.636	147
CA	1.654	-18.898	11.692	147
C	0.784	-18.484	10.529	147
N	-0.39	-17.946	10.823	148
CA	-1.247	-17.445	9.761	148
C	-0.697	-16.127	9.217	148
N	-1.041	-15.835	7.967	149
CA	-0.607	-14.593	7.35	149
C	-1.245	-13.393	8.037	149
N	-0.527	-12.269	8.006	150
CA	-1.049	-10.991	8.459	150
C	-1.512	-10.215	7.235	150
N	-2.819	-10.081	6.994	151
CA	-3.25	-9.441	5.738	151
C	-2.689	-8.045	5.554	151
N	-2.62	-7.27	6.634	152
CA	-2.166	-5.898	6.577	152
C	-0.694	-5.742	6.308	152
N	0.067	-6.82	6.373	153
CA	1.469	-6.786	6.016	153
C	1.725	-7.046	4.538	153
N	0.757	-7.599	3.806	154
CA	1.06	-8.086	2.474	154
C	1.494	-6.967	1.531	154
N	0.908	-5.774	1.65	155
CA	1.319	-4.684	0.765	155
C	2.797	-4.346	0.932	155
N	3.322	-4.494	2.149	156
CA	4.75	-4.309	2.392	156
C	5.54	-5.403	1.698	156
N	5.153	-6.657	1.935	157
CA	5.835	-7.8	1.34	157
C	5.913	-7.661	-0.171	157
N	4.835	-7.198	-0.801	158
CA	4.809	-7.228	-2.257	158
C	5.634	-6.141	-2.916	158
N	6.088	-5.13	-2.176	159
CA	6.942	-4.1	-2.755	159
C	8.427	-4.376	-2.526	159
N	8.773	-5.389	-1.729	160
CA	10.175	-5.601	-1.368	160
C	11.05	-5.932	-2.566	160
N	10.505	-6.601	-3.587	161
CA	11.271	-6.864	-4.805	161
C	11.781	-5.591	-5.463	161
N	11.145	-4.444	-5.216	162
CA	11.548	-3.202	-5.852	162
C	12.598	-2.44	-5.058	162
N	12.936	-2.899	-3.845	163
CA	13.967	-2.275	-3.016	163
C	14.942	-3.334	-2.508	163
N	15.38	-4.203	-3.412	164
CA	16.153	-5.358	-2.994	164
C	17.458	-4.955	-2.334	164
N	18.089	-3.895	-2.827	165
CA	19.448	-3.568	-2.44	165
C	19.525	-2.213	-1.754	165
N	20.614	-2.046	-1.016	166
CA	20.869	-0.849	-0.234	166
C	20.784	0.402	-1.089	166
N	20.037	1.391	-0.589	167
CA	19.875	2.679	-1.232	167
C	18.686	2.769	-2.16	167
N	18.004	1.668	-2.416	168
CA	16.813	1.714	-3.245	168
C	15.595	2.105	-2.432	168
N	14.745	2.928	-3.038	169
CA	13.482	3.314	-2.433	169
C	12.363	3.213	-3.461	169
N	11.139	3.217	-2.946	170
CA	9.952	3.167	-3.786	170
C	8.841	3.964	-3.129	170
N	8.001	4.565	-3.962	171
CA	6.823	5.221	-3.437	171
C	5.999	4.212	-2.649	171
N	5.449	4.656	-1.521	172
CA	4.674	3.763	-0.675	172
C	3.634	4.591	0.071	172
N	2.689	5.106	-0.691	173
CA	1.628	5.937	-0.148	173
C	0.414	5.091	0.242	173
N	-0.419	5.676	1.109	174
CA	-1.708	5.117	1.497	174
C	-1.59	3.788	2.226	174
N	-0.483	3.542	2.902	175
CA	-0.359	2.348	3.72	175
C	-0.859	2.635	5.125	175
N	-1.719	1.749	5.653	176
CA	-2.361	1.946	6.946	176
C	-1.681	1.079	8.001	176
N	-0.895	1.647	8.907	177
CA	-0.168	0.813	9.878	177
C	-1.069	0.176	10.921	177
N	-2.343	0.557	10.975	178
CA	-3.261	-0.104	11.899	178
C	-3.386	-1.584	11.6	178
N	-3.126	-1.989	10.363	179
CA	-3.179	-3.39	10.012	179
C	-2.004	-4.213	10.483	179
N	-1.057	-3.611	11.195	180
CA	0.075	-4.321	11.775	180
C	-0.064	-4.534	13.278	180
N	-1.145	-4.063	13.893	181
CA	-1.308	-4.112	15.342	181
C	-2.035	-5.383	15.775	181
N	-1.694	-5.935	16.93	182
CA	-2.471	-7.036	17.494	182
C	-3.745	-6.498	18.133	182
N	-4.571	-7.407	18.654	183
CA	-5.833	-6.996	19.262	183
C	-5.598	-6.211	20.537	183
N	-4.737	-6.729	21.409	184
CA	-4.504	-6.144	22.721	184
C	-3.352	-5.158	22.672	184
N	-3.497	-4.066	23.417	185
CA	-2.421	-3.097	23.613	185
C	-1.742	-3.223	24.979	185
N	-1.889	-4.354	25.667	186
CA	-1.141	-4.591	26.895	186
C	0.352	-4.537	26.567	186
N	1.157	-3.978	27.476	187
CA	2.552	-3.711	27.146	187
C	3.45	-3.775	28.374	187
N	4.743	-3.912	28.091	188
CA	5.819	-3.649	29.031	188
C	6.514	-2.366	28.599	188
N	7.098	-1.646	29.551	189
CA	7.812	-0.417	29.205	189
C	9.057	-0.264	30.072	189
N	10.098	0.325	29.482	190
CA	11.351	0.576	30.174	190
C	12.125	1.617	29.375	190
N	13.078	2.309	30.008	191
CA	13.885	3.311	29.311	191
C	15.088	2.666	28.655	191
N	15.339	2.972	27.4	192
CA	16.428	2.353	26.668	192
C	16.971	3.221	25.569	192
N	17.374	2.571	24.487	193
CA	18.195	3.188	23.456	193
C	17.745	2.759	22.063	193
N	18.317	3.392	21.035	194
CA	18.291	2.807	19.694	194
C	19.057	1.492	19.718	194
N	18.602	0.533	18.909	195
CA	19.239	-0.781	18.891	195
C	20.287	-0.927	17.804	195
N	20.588	0.126	17.05	196
CA	21.722	0.173	16.138	196
C	22.471	1.467	16.387	196
N	23.713	1.553	15.933	197
CA	24.415	2.831	15.973	197
C	23.534	3.919	15.39	197
N	23.522	5.113	15.984	198
CA	24.394	5.587	17.061	198
C	24.035	5.185	18.495	198
N	23.049	4.309	18.68	199
CA	22.802	3.694	19.992	199
C	22.408	4.705	21.071	199
N	21.841	5.826	20.648	200
CA	21.515	6.923	21.556	200
C	20.479	6.502	22.593	200
N	20.663	6.984	23.819	201
CA	19.839	6.6	24.955	201
C	18.673	7.569	25.128	201
N	17.765	7.506	24.149	202
CA	16.714	8.505	23.989	202
C	15.326	7.891	23.833	202
N	15.152	6.604	24.163	203
CA	13.933	5.857	23.837	203
C	13.18	5.426	25.095	203
N	11.887	5.742	25.142	204
CA	10.946	5.011	25.984	204
C	10.416	3.854	25.158	204
N	10.814	2.638	25.539	205
CA	10.359	1.428	24.866	205
C	9.0	1.011	25.391	205
N	8.115	0.67	24.46	206
CA	6.79	0.15	24.772	206
C	6.66	-1.11	23.938	206
N	6.694	-2.27	24.588	207
CA	6.732	-3.557	23.895	207
C	5.418	-4.278	24.171	207
N	4.649	-4.539	23.111	208
CA	3.366	-5.214	23.258	208
C	3.537	-6.681	23.634	208
N	2.679	-7.13	24.55	209
CA	2.702	-8.514	24.999	209
C	2.206	-9.462	23.921	209
N	1.216	-9.057	23.139	210
CA	0.617	-9.951	22.154	210
C	1.386	-9.868	20.839	210
N	1.968	-10.958	20.354	211
CA	2.579	-10.942	19.027	211
C	1.522	-10.888	17.943	211
N	1.944	-10.479	16.767	212
CA	1.163	-10.69	15.558	212
C	1.697	-11.93	14.863	212
N	0.807	-12.6	14.128	213
CA	1.159	-13.772	13.341	213
C	1.353	-13.363	11.893	213
N	2.458	-13.816	11.29	214
CA	2.733	-13.643	9.868	214
C	2.988	-15.028	9.287	214
N	2.843	-15.161	7.968	215
CA	3.045	-16.48	7.384	215
C	4.522	-16.738	7.078	215
N	4.862	-18.02	6.954	216
CA	6.216	-18.378	6.552	216
C	6.594	-17.686	5.249	216
N	5.655	-17.602	4.301	217
CA	5.949	-16.976	3.011	217
C	6.244	-15.485	3.174	217
N	5.521	-14.813	4.077	218
CA	5.759	-13.393	4.306	218
C	7.162	-13.148	4.845	218
N	7.564	-13.885	5.884	219
CA	8.897	-13.658	6.444	219
C	9.984	-14.161	5.495	219
N	9.712	-15.205	4.707	220
CA	10.679	-15.645	3.708	220
C	11.01	-14.528	2.735	220
N	10.031	-13.689	2.414	221
CA	10.288	-12.586	1.496	221
C	11.136	-11.489	2.138	221
N	11.018	-11.264	3.451	222
CA	11.953	-10.361	4.121	222
C	13.383	-10.816	3.87	222
N	13.609	-12.124	3.929	223
CA	14.934	-12.714	3.876	223
C	15.534	-12.715	2.482	223
N	14.809	-12.264	1.472	224
CA	15.359	-12.107	0.134	224
C	15.957	-10.728	-0.102	224
N	15.75	-9.788	0.805	225
CA	16.414	-8.507	0.692	225
C	17.92	-8.679	0.824	225
N	18.647	-7.623	0.459	226
CA	20.11	-7.618	0.479	226
C	20.641	-6.496	1.363	226
N	21.705	-6.778	2.114	227
CA	22.427	-5.724	2.826	227
C	23.254	-4.874	1.868	227
N	23.751	-5.484	0.804	228
CA	24.628	-4.837	-0.156	228
C	23.855	-3.958	-1.129	228
N	24.599	-3.082	-1.793	229
CA	24.054	-2.336	-2.903	229
C	24.096	-3.117	-4.208	229
N	23.362	-2.599	-5.184	230
CA	23.349	-3.174	-6.518	230
C	24.759	-3.206	-7.089	230
N	25.087	-4.307	-7.758	231
CA	26.409	-4.457	-8.336	231
C	27.486	-4.854	-7.361	231
N	27.128	-5.144	-6.117	232
CA	28.036	-5.67	-5.119	232
C	27.69	-7.123	-4.833	232
N	28.616	-7.878	-4.243	233
CA	28.324	-9.277	-3.911	233
C	27.103	-9.393	-3.01	233
N	26.268	-10.392	-3.289	234
CA	24.991	-10.513	-2.597	234
C	25.185	-11.076	-1.201	234
N	24.644	-10.356	-0.226	235
CA	24.668	-10.689	1.189	235
C	23.226	-10.569	1.657	235
N	22.577	-11.681	1.945	236
CA	21.167	-11.624	2.305	236
C	20.966	-10.862	3.608	236
N	19.946	-10.008	3.618	237
CA	19.56	-9.234	4.794	237
C	18.758	-10.147	5.71	237
N	19.491	-10.798	6.612	238
CA	18.944	-11.681	7.638	238
C	19.751	-11.481	8.92	238
N	19.128	-11.806	10.046	239
CA	19.763	-11.691	11.361	239
C	20.264	-10.27	11.612	239
N	19.419	-9.3	11.288	240
CA	19.689	-7.879	11.533	240
C	19.13	-7.45	12.877	240
N	19.503	-8.193	13.916	241
CA	19.043	-7.975	15.279	241
C	20.233	-7.906	16.224	241
N	20.128	-7.033	17.22	242
CA	21.085	-6.939	18.315	242
C	20.612	-7.824	19.459	242
N	21.489	-8.587	20.102	243
CA	21.048	-9.417	21.223	243
C	20.754	-8.572	22.456	243
N	20.12	-9.218	23.425	244
CA	19.761	-8.583	24.679	244
C	20.999	-8.04	25.374	244
N	20.849	-6.851	25.951	245
CA	21.893	-6.136	26.66	245
C	21.595	-6.098	28.156	245
N	22.596	-5.797	28.985	246
CA	22.385	-5.83	30.435	246
C	21.334	-4.816	30.869	246
N	20.432	-5.256	31.745	247
CA	19.374	-4.382	32.261	247
C	19.934	-3.295	33.168	247
N	20.996	-3.602	33.897	248
CA	21.625	-2.638	34.793	248
C	20.596	-2.075	35.763	248
N	20.627	-0.779	36.027	249
CA	19.759	-0.215	37.055	249
C	18.454	0.271	36.43	249
N	17.704	-0.685	35.874	250
CA	16.414	-0.381	35.278	250
C	15.343	-1.346	35.745	250
N	14.114	-0.853	35.733	251
CA	12.927	-1.617	36.051	251
C	12.043	-1.643	34.814	251
N	11.556	-2.819	34.466	252
CA	10.535	-2.986	33.444	252
C	9.178	-3.024	34.134	252
N	8.246	-2.215	33.638	253
CA	6.907	-2.116	34.197	253
C	5.928	-2.754	33.228	253
N	4.907	-3.407	33.762	254
CA	3.827	-3.984	32.968	254
C	2.544	-3.183	33.142	254
N	1.803	-3.041	32.053	255
CA	0.529	-2.345	32.073	255
C	-0.612	-3.243	32.515	255
N	-0.339	-4.519	32.752	256
CA	-1.367	-5.53	32.92	256
C	-0.964	-6.477	34.032	256
N	-1.979	-7.059	34.66	257
CA	-1.799	-8.102	35.653	257
C	-1.812	-9.44	34.936	257
