ATOM	X	Y	Z	RESIDUE
N	-20.412	-43.983	-18.305	1
CA	-20.337	-42.994	-19.37	1
C	-21.297	-41.829	-19.109	1
N	-20.898	-40.643	-19.561	2
CA	-21.598	-39.403	-19.237	2
C	-23.025	-39.312	-19.801	2
N	-23.294	-39.986	-20.916	3
CA	-24.613	-39.876	-21.534	3
C	-25.655	-40.575	-20.66	3
N	-25.193	-41.496	-19.81	4
CA	-26.064	-42.198	-18.861	4
C	-26.442	-41.389	-17.609	4
N	-25.884	-40.19	-17.471	5
CA	-26.209	-39.339	-16.337	5
C	-27.389	-38.448	-16.68	5
N	-28.545	-38.687	-16.067	6
CA	-29.706	-37.856	-16.375	6
C	-29.791	-36.653	-15.449	6
N	-29.789	-35.455	-16.018	7
CA	-30.153	-34.261	-15.267	7
C	-31.664	-34.125	-15.352	7
N	-32.338	-34.225	-14.209	8
CA	-33.799	-34.177	-14.174	8
C	-34.278	-32.881	-13.53	8
N	-34.984	-32.047	-14.287	9
CA	-35.539	-30.831	-13.704	9
C	-37.045	-30.976	-13.497	9
N	-37.487	-30.81	-12.256	10
CA	-38.906	-30.886	-11.946	10
C	-39.537	-29.491	-11.969	10
N	-40.482	-29.318	-12.894	11
CA	-41.361	-28.151	-12.959	11
C	-40.615	-26.817	-12.94	11
N	-39.819	-26.602	-13.979	12
CA	-39.026	-25.393	-14.079	12
C	-39.911	-24.21	-14.466	12
N	-39.706	-23.085	-13.789	13
CA	-40.631	-21.966	-13.842	13
C	-40.105	-20.826	-14.702	13
N	-38.792	-20.625	-14.709	14
CA	-38.198	-19.582	-15.54	14
C	-37.418	-20.231	-16.682	14
N	-37.692	-19.838	-17.92	15
CA	-36.805	-20.255	-18.995	15
C	-35.757	-19.167	-18.98	15
N	-34.554	-19.518	-19.397	16
CA	-33.403	-18.736	-19.009	16
C	-32.666	-19.658	-18.073	16
N	-33.407	-20.251	-17.142	17
CA	-32.824	-21.267	-16.292	17
C	-32.588	-22.524	-17.077	17
N	-33.438	-22.779	-18.062	18
CA	-33.297	-23.99	-18.852	18
C	-32.077	-23.876	-19.753	18
N	-31.881	-22.694	-20.325	19
CA	-30.709	-22.429	-21.138	19
C	-29.444	-22.556	-20.31	19
N	-29.437	-21.91	-19.147	20
CA	-28.298	-21.941	-18.233	20
C	-27.929	-23.34	-17.791	20
N	-28.939	-24.126	-17.427	21
CA	-28.723	-25.501	-17.009	21
C	-28.143	-26.299	-18.172	21
N	-28.688	-26.063	-19.361	22
CA	-28.209	-26.722	-20.569	22
C	-26.736	-26.394	-20.853	22
N	-26.364	-25.134	-20.67	23
CA	-24.979	-24.766	-20.89	23
C	-24.049	-25.391	-19.838	23
N	-24.483	-25.399	-18.577	24
CA	-23.716	-26.04	-17.51	24
C	-23.449	-27.529	-17.811	24
N	-24.508	-28.208	-18.238	25
CA	-24.38	-29.585	-18.665	25
C	-23.332	-29.722	-19.763	25
N	-23.518	-28.993	-20.865	26
CA	-22.638	-29.148	-22.022	26
C	-21.182	-28.914	-21.65	26
N	-20.912	-27.854	-20.893	27
CA	-19.533	-27.587	-20.51	27
C	-18.965	-28.689	-19.635	27
N	-19.809	-29.44	-18.927	28
CA	-19.224	-30.543	-18.159	28
C	-19.296	-31.887	-18.887	28
N	-19.823	-31.875	-20.104	29
CA	-19.871	-33.079	-20.906	29
C	-21.167	-33.85	-20.769	29
N	-22.157	-33.24	-20.128	30
CA	-23.457	-33.882	-19.959	30
C	-24.444	-33.427	-21.036	30
N	-25.318	-34.331	-21.467	31
CA	-26.254	-34.059	-22.565	31
C	-27.679	-34.57	-22.299	31
N	-27.799	-35.531	-21.392	32
CA	-29.062	-36.19	-21.098	32
C	-30.021	-35.39	-20.227	32
N	-30.784	-34.477	-20.82	33
CA	-31.692	-33.629	-20.057	33
C	-33.133	-34.149	-20.022	33
N	-33.685	-34.215	-18.813	34
CA	-35.071	-34.6	-18.62	34
C	-35.847	-33.495	-17.923	34
N	-36.98	-33.16	-18.51	35
CA	-37.862	-32.209	-17.903	35
C	-39.133	-32.914	-17.447	35
N	-39.418	-32.794	-16.152	36
CA	-40.686	-33.216	-15.58	36
C	-41.622	-32.009	-15.47	36
N	-42.615	-31.969	-16.354	37
CA	-43.609	-30.901	-16.371	37
C	-43.087	-29.483	-16.395	37
N	-42.234	-29.158	-17.369	38
CA	-41.747	-27.78	-17.414	38
C	-42.914	-26.805	-17.448	38
N	-42.91	-25.828	-16.547	39
CA	-43.971	-24.82	-16.498	39
C	-43.595	-23.672	-17.404	39
N	-42.918	-24.036	-18.489	40
CA	-42.353	-23.145	-19.496	40
C	-42.121	-24.005	-20.74	40
N	-42.047	-23.394	-21.914	41
CA	-41.697	-24.169	-23.099	41
C	-40.326	-23.747	-23.622	41
N	-39.327	-24.629	-23.458	42
CA	-37.949	-24.343	-23.871	42
C	-37.843	-24.097	-25.383	42
N	-37.308	-22.939	-25.765	43
CA	-37.311	-22.514	-27.166	43
C	-36.357	-23.284	-28.086	43
N	-35.12	-23.497	-27.626	44
CA	-34.09	-24.249	-28.362	44
C	-33.475	-23.475	-29.54	44
N	-34.303	-23.037	-30.485	45
CA	-33.801	-22.418	-31.713	45
C	-33.423	-20.941	-31.563	45
N	-33.351	-20.442	-30.332	46
CA	-32.978	-19.044	-30.124	46
C	-31.487	-18.856	-30.344	46
N	-31.146	-17.731	-30.966	47
CA	-29.758	-17.364	-31.198	47
C	-29.135	-16.953	-29.86	47
N	-29.987	-16.491	-28.945	48
CA	-29.557	-16.081	-27.614	48
C	-28.961	-17.258	-26.852	48
N	-29.502	-18.451	-27.101	49
CA	-29.022	-19.69	-26.486	49
C	-27.566	-19.949	-26.852	49
N	-26.758	-20.349	-25.876	50
CA	-25.338	-20.575	-26.129	50
C	-25.108	-21.775	-27.028	50
N	-23.846	-21.977	-27.387	51
CA	-23.451	-23.14	-28.167	51
C	-23.717	-24.39	-27.342	51
N	-24.044	-25.487	-28.01	52
CA	-24.296	-26.725	-27.298	52
C	-25.557	-26.771	-26.449	52
N	-26.014	-25.635	-25.939	53
CA	-27.219	-25.616	-25.117	53
C	-28.456	-25.984	-25.938	53
N	-28.471	-25.513	-27.178	54
CA	-29.631	-25.66	-28.041	54
C	-29.927	-27.124	-28.294	54
N	-28.883	-27.9	-28.561	55
CA	-29.052	-29.308	-28.887	55
C	-29.496	-30.116	-27.665	55
N	-28.939	-29.773	-26.498	56
CA	-29.284	-30.425	-25.237	56
C	-30.762	-30.209	-24.941	56
N	-31.239	-28.993	-25.178	57
CA	-32.651	-28.716	-24.967	57
C	-33.543	-29.402	-26.015	57
N	-33.18	-29.281	-27.285	58
CA	-33.942	-29.906	-28.349	58
C	-34.067	-31.415	-28.21	58
N	-33.045	-32.063	-27.658	59
CA	-33.091	-33.505	-27.446	59
C	-33.513	-33.909	-26.029	59
N	-34.118	-32.981	-25.29	60
CA	-34.595	-33.278	-23.944	60
C	-35.756	-34.266	-23.991	60
N	-35.91	-35.056	-22.929	61
CA	-37.123	-35.846	-22.775	61
C	-38.111	-35.078	-21.914	61
N	-39.317	-34.853	-22.423	62
CA	-40.338	-34.165	-21.634	62
C	-41.427	-35.132	-21.165	62
N	-41.524	-35.331	-19.853	63
CA	-42.505	-36.264	-19.306	63
C	-43.418	-35.617	-18.263	63
N	-44.493	-36.309	-17.904	64
CA	-45.499	-35.739	-17.014	64
C	-45.227	-36.043	-15.547	64
N	-44.535	-37.145	-15.27	65
CA	-44.295	-37.501	-13.877	65
C	-42.825	-37.767	-13.605	65
N	-42.438	-37.652	-12.34	66
CA	-41.063	-37.886	-11.942	66
C	-40.685	-39.332	-12.199	66
N	-41.626	-40.236	-11.924	67
CA	-41.39	-41.673	-12.063	67
C	-40.897	-42.036	-13.457	67
N	-41.456	-41.404	-14.489	68
CA	-40.968	-41.647	-15.848	68
C	-39.524	-41.184	-15.971	68
N	-39.187	-40.054	-15.352	69
CA	-37.821	-39.549	-15.409	69
C	-36.873	-40.52	-14.716	69
N	-37.391	-41.281	-13.749	70
CA	-36.561	-42.17	-12.948	70
C	-36.598	-43.593	-13.465	70
N	-37.351	-43.798	-14.542	71
CA	-37.585	-45.146	-15.048	71
C	-36.316	-45.737	-15.647	71
N	-35.911	-46.898	-15.148	72
CA	-34.76	-47.592	-15.686	72
C	-33.455	-47.211	-15.023	72
N	-33.536	-46.438	-13.941	73
CA	-32.341	-46.047	-13.206	73
C	-32.23	-46.815	-11.912	73
N	-31.072	-47.417	-11.713	74
CA	-30.75	-48.094	-10.476	74
C	-30.424	-47.071	-9.394	74
N	-29.896	-45.925	-9.811	75
CA	-29.404	-44.916	-8.884	75
C	-30.126	-43.6	-9.141	75
N	-30.772	-43.086	-8.103	76
CA	-31.46	-41.809	-8.148	76
C	-30.955	-40.961	-6.994	76
N	-30.49	-39.763	-7.305	77
CA	-29.993	-38.86	-6.286	77
C	-30.725	-37.541	-6.414	77
N	-31.263	-37.059	-5.301	78
CA	-31.95	-35.786	-5.283	78
C	-31.137	-34.724	-4.572	78
N	-31.412	-33.475	-4.927	79
CA	-30.708	-32.335	-4.375	79
C	-31.644	-31.48	-3.529	79
N	-31.125	-30.99	-2.414	80
CA	-31.865	-30.088	-1.566	80
C	-30.888	-29.337	-0.663	80
N	-31.079	-28.027	-0.531	81
CA	-30.215	-27.224	0.336	81
C	-30.221	-27.75	1.784	81
N	-31.367	-28.273	2.218	82
CA	-31.482	-28.937	3.51	82
C	-32.759	-29.762	3.557	82
N	-32.694	-30.943	4.166	83
CA	-33.879	-31.791	4.268	83
C	-33.915	-32.557	5.592	83
N	-34.25	-31.842	6.661	84
CA	-34.191	-32.4	8.012	84
C	-35.386	-33.304	8.335	84
N	-36.513	-33.063	7.673	85
CA	-37.724	-33.862	7.867	85
C	-37.515	-35.333	7.513	85
N	-36.574	-35.584	6.61	86
CA	-36.375	-36.917	6.065	86
C	-35.091	-37.543	6.542	86
N	-35.198	-38.798	6.991	87
CA	-34.092	-39.663	7.396	87
C	-33.4	-40.328	6.203	87
N	-33.326	-39.637	5.073	88
CA	-32.639	-40.201	3.916	88
C	-31.115	-40.0	4.045	88
N	-30.325	-40.94	3.507	89
CA	-28.867	-40.811	3.605	89
C	-28.301	-39.671	2.742	89
N	-27.244	-39.036	3.229	90
CA	-26.649	-37.92	2.507	90
C	-25.385	-38.29	1.725	90
N	-25.187	-37.602	0.606	91
CA	-23.899	-37.548	-0.068	91
C	-23.512	-36.082	-0.185	91
N	-22.226	-35.76	-0.07	92
CA	-21.759	-34.455	-0.539	92
C	-21.594	-34.539	-2.074	92
N	-21.425	-33.394	-2.754	93
CA	-21.306	-33.475	-4.22	93
C	-20.15	-34.344	-4.744	93
N	-19.026	-34.371	-4.041	94
CA	-17.9	-35.209	-4.442	94
C	-18.267	-36.708	-4.474	94
N	-18.818	-37.201	-3.366	95
CA	-19.303	-38.588	-3.272	95
C	-20.328	-38.897	-4.352	95
N	-21.241	-37.965	-4.556	96
CA	-22.226	-38.09	-5.598	96
C	-21.57	-38.271	-6.97	96
N	-20.524	-37.49	-7.23	97
CA	-19.786	-37.586	-8.471	97
C	-19.28	-39.004	-8.625	97
N	-18.549	-39.473	-7.624	98
CA	-17.97	-40.811	-7.69	98
C	-19.014	-41.886	-7.936	98
N	-20.008	-41.908	-7.062	99
CA	-21.033	-42.931	-7.096	99
C	-21.77	-42.923	-8.435	99
N	-22.11	-41.729	-8.908	100
CA	-22.815	-41.57	-10.18	100
C	-22.002	-42.056	-11.369	100
N	-20.721	-41.724	-11.398	101
CA	-19.89	-42.127	-12.508	101
C	-19.724	-43.649	-12.52	101
N	-19.46	-44.23	-11.354	102
CA	-19.351	-45.679	-11.266	102
C	-20.601	-46.335	-11.811	102
N	-21.763	-45.825	-11.438	103
CA	-22.985	-46.455	-11.905	103
C	-23.228	-46.205	-13.395	103
N	-22.945	-44.989	-13.847	104
CA	-23.297	-44.568	-15.196	104
C	-22.499	-45.341	-16.231	104
N	-21.447	-46.009	-15.766	105
CA	-20.692	-46.922	-16.603	105
C	-21.608	-47.95	-17.279	105
N	-22.634	-48.396	-16.558	106
CA	-23.474	-49.5	-17.013	106
C	-24.96	-49.196	-17.104	106
N	-25.437	-48.262	-16.284	107
CA	-26.87	-48.053	-16.073	107
C	-27.19	-46.565	-15.979	107
N	-28.335	-46.128	-16.542	108
CA	-28.721	-44.729	-16.346	108
C	-28.829	-44.367	-14.867	108
N	-28.503	-43.111	-14.589	109
CA	-28.475	-42.543	-13.262	109
C	-29.297	-41.268	-13.323	109
N	-30.136	-41.022	-12.325	110
CA	-30.867	-39.763	-12.315	110
C	-30.409	-38.822	-11.182	110
N	-30.071	-37.594	-11.552	111
CA	-29.774	-36.55	-10.584	111
C	-30.888	-35.522	-10.679	111
N	-31.651	-35.367	-9.598	112
CA	-32.894	-34.605	-9.64	112
C	-32.796	-33.243	-8.954	112
N	-33.387	-32.24	-9.602	113
CA	-33.358	-30.86	-9.141	113
C	-34.786	-30.309	-9.11	113
N	-35.022	-29.314	-8.263	114
CA	-36.381	-28.884	-8.012	114
C	-36.795	-27.551	-8.589	114
N	-38.03	-27.167	-8.28	115
CA	-38.554	-25.867	-8.652	115
C	-37.684	-24.79	-8.049	115
N	-37.507	-23.691	-8.766	116
CA	-36.888	-22.526	-8.161	116
C	-37.825	-22.039	-7.053	116
N	-37.239	-21.437	-6.019	117
CA	-37.938	-20.954	-4.816	117
C	-38.327	-22.045	-3.805	117
N	-39.008	-23.099	-4.248	118
CA	-39.572	-24.095	-3.326	118
C	-38.925	-25.484	-3.406	118
N	-38.106	-25.71	-4.424	119
CA	-37.392	-26.966	-4.547	119
C	-38.264	-28.174	-4.83	119
N	-37.862	-29.303	-4.269	120
CA	-38.608	-30.544	-4.38	120
C	-39.527	-30.746	-3.173	120
N	-40.69	-31.338	-3.418	121
CA	-41.575	-31.729	-2.33	121
C	-40.95	-32.893	-1.603	121
N	-41.406	-33.158	-0.388	122
CA	-40.852	-34.28	0.35	122
C	-41.251	-35.602	-0.269	122
N	-42.403	-35.635	-0.928	123
CA	-42.81	-36.819	-1.677	123
C	-41.812	-37.154	-2.796	123
N	-41.356	-36.128	-3.512	124
CA	-40.39	-36.303	-4.592	124
C	-38.984	-36.632	-4.057	124
N	-38.593	-36.003	-2.952	125
CA	-37.3	-36.302	-2.331	125
C	-37.238	-37.727	-1.779	125
N	-38.335	-38.18	-1.194	126
CA	-38.555	-39.588	-0.865	126
C	-38.42	-40.569	-2.028	126
N	-38.473	-40.079	-3.262	127
CA	-38.301	-41.007	-4.39	127
C	-36.84	-41.132	-4.784	127
N	-35.988	-40.328	-4.16	128
CA	-34.552	-40.38	-4.397	128
C	-33.852	-41.299	-3.385	128
N	-32.864	-42.077	-3.846	129
CA	-32.144	-43.014	-2.974	129
C	-31.197	-42.26	-2.037	129
N	-30.787	-41.06	-2.443	130
CA	-29.852	-40.246	-1.672	130
C	-30.178	-38.788	-1.866	130
N	-29.765	-37.984	-0.895	131
CA	-29.899	-36.546	-0.991	131
C	-28.524	-35.906	-0.966	131
N	-28.363	-34.869	-1.773	132
CA	-27.136	-34.101	-1.785	132
C	-27.435	-32.665	-1.401	132
N	-26.756	-32.211	-0.365	133
CA	-26.78	-30.811	-0.032	133
C	-25.414	-30.253	-0.364	133
N	-25.379	-29.251	-1.226	134
CA	-24.15	-28.508	-1.43	134
C	-23.904	-27.665	-0.186	134
N	-22.822	-27.94	0.531	135
CA	-22.51	-27.179	1.741	135
C	-22.429	-25.687	1.428	135
N	-23.269	-24.908	2.082	136
CA	-23.35	-23.495	1.792	136
C	-23.37	-22.652	3.059	136
N	-23.173	-21.356	2.861	137
CA	-23.485	-20.33	3.829	137
C	-24.808	-20.622	4.527	137
N	-24.761	-20.831	5.849	138
CA	-25.957	-21.16	6.638	138
C	-27.024	-20.074	6.548	138
N	-26.592	-18.832	6.35	139
CA	-27.499	-17.693	6.205	139
C	-28.131	-17.592	4.821	139
N	-27.45	-18.138	3.821	140
CA	-27.839	-17.975	2.419	140
C	-27.46	-19.247	1.678	140
N	-28.256	-20.302	1.828	141
CA	-27.794	-21.633	1.455	141
C	-28.44	-22.189	0.184	141
N	-29.403	-21.468	-0.378	142
CA	-30.009	-21.896	-1.634	142
C	-29.282	-21.332	-2.845	142
N	-28.685	-22.224	-3.624	143
CA	-28.115	-21.846	-4.9	143
C	-29.217	-21.652	-5.909	143
N	-28.914	-20.843	-6.903	144
CA	-29.701	-20.773	-8.11	144
C	-29.687	-22.15	-8.778	144
N	-30.828	-22.605	-9.294	145
CA	-30.951	-23.933	-9.937	145
C	-29.773	-24.309	-10.833	145
N	-29.478	-23.419	-11.779	146
CA	-28.441	-23.652	-12.765	146
C	-27.081	-23.762	-12.101	146
N	-26.874	-23.013	-11.021	147
CA	-25.601	-23.06	-10.304	147
C	-25.443	-24.372	-9.546	147
N	-26.545	-24.867	-8.996	148
CA	-26.519	-26.14	-8.316	148
C	-26.203	-27.265	-9.31	148
N	-26.817	-27.171	-10.496	149
CA	-26.551	-28.13	-11.559	149
C	-25.077	-28.044	-11.933	149
N	-24.585	-26.827	-12.153	150
CA	-23.171	-26.603	-12.435	150
C	-22.24	-27.276	-11.429	150
N	-22.525	-27.134	-10.132	151
CA	-21.665	-27.74	-9.104	151
C	-21.687	-29.267	-9.181	151
N	-22.892	-29.826	-9.173	152
CA	-23.066	-31.272	-9.278	152
C	-22.404	-31.87	-10.55	152
N	-22.599	-31.204	-11.686	153
CA	-22.03	-31.622	-12.974	153
C	-20.505	-31.511	-12.973	153
N	-19.969	-30.463	-12.362	154
CA	-18.527	-30.361	-12.154	154
C	-17.954	-31.536	-11.355	154
N	-18.606	-31.918	-10.257	155
CA	-18.087	-33.047	-9.477	155
C	-18.212	-34.333	-10.27	155
N	-19.264	-34.425	-11.084	156
CA	-19.464	-35.605	-11.917	156
C	-18.335	-35.721	-12.936	156
N	-18.032	-34.611	-13.599	157
CA	-16.961	-34.617	-14.577	157
C	-15.617	-34.917	-13.93	157
N	-15.362	-34.382	-12.739	158
CA	-14.117	-34.699	-12.042	158
C	-13.991	-36.196	-11.793	158
N	-15.064	-36.794	-11.278	159
CA	-15.081	-38.231	-11.004	159
C	-14.887	-39.063	-12.282	159
N	-15.435	-38.569	-13.387	160
CA	-15.318	-39.241	-14.673	160
C	-13.901	-39.141	-15.25	160
N	-13.334	-37.937	-15.209	161
CA	-11.982	-37.722	-15.687	161
C	-11.051	-38.662	-14.936	161
N	-11.283	-38.848	-13.635	162
CA	-10.466	-39.814	-12.894	162
C	-10.476	-41.211	-13.542	162
N	-11.583	-41.599	-14.168	163
CA	-11.662	-42.921	-14.792	163
C	-11.065	-43.008	-16.215	163
N	-10.557	-41.899	-16.774	164
CA	-10.006	-41.909	-18.144	164
C	-8.491	-42.099	-18.229	164
N	-7.202	-42.26	-17.946	165
CA	-6.613	-41.116	-18.662	165
C	-5.465	-40.913	-17.664	165
N	-5.178	-41.642	-16.565	166
CA	-4.021	-42.4	-16.102	166
C	-2.674	-41.79	-15.736	166
N	-2.138	-40.575	-15.698	167
CA	-1.05	-40.544	-16.671	167
C	-0.03	-41.697	-16.612	167
N	-0.043	-42.781	-15.817	168
CA	0.603	-44.044	-16.272	168
C	2.12	-44.34	-16.377	168
N	3.073	-43.442	-16.005	169
CA	3.085	-42.006	-16.187	169
C	3.442	-41.4	-17.539	169
N	3.801	-42.2	-18.53	170
CA	4.986	-41.656	-19.177	170
C	5.044	-40.321	-19.903	170
N	4.053	-39.457	-20.055	171
CA	4.282	-38.115	-19.498	171
C	4.543	-38.007	-17.943	171
N	4.21	-36.97	-17.119	172
CA	4.679	-35.909	-16.194	172
C	5.21	-35.986	-14.736	172
N	5.401	-37.027	-13.869	173
CA	5.638	-36.755	-12.442	173
C	7.037	-36.212	-12.189	173
N	7.878	-36.136	-13.256	174
CA	8.424	-37.472	-13.386	174
C	9.114	-37.021	-12.096	174
N	8.924	-35.702	-11.863	175
CA	9.948	-35.904	-12.893	175
C	11.167	-35.006	-12.686	175
N	12.349	-35.609	-12.455	176
CA	13.553	-34.873	-12.041	176
C	13.898	-33.682	-12.926	176
N	14.472	-32.664	-12.307	177
CA	14.881	-31.46	-13.006	177
C	16.062	-31.776	-13.918	177
N	15.909	-31.523	-15.229	178
CA	16.918	-31.9	-16.228	178
C	18.181	-31.036	-16.234	178
N	18.104	-29.791	-15.777	179
CA	19.219	-28.86	-15.934	179
C	20.076	-28.638	-14.686	179
N	20.278	-29.681	-13.891	180
CA	21.023	-29.569	-12.635	180
C	22.453	-29.045	-12.832	180
N	23.183	-29.605	-13.791	181
CA	24.531	-29.122	-14.089	181
C	24.542	-27.63	-14.403	181
N	23.647	-27.204	-15.291	182
CA	23.6	-25.797	-15.68	182
C	23.252	-24.912	-14.508	182
N	22.305	-25.366	-13.697	183
CA	21.91	-24.615	-12.515	183
C	23.104	-24.45	-11.56	183
N	23.918	-25.503	-11.44	184
CA	25.156	-25.457	-10.66	184
C	26.141	-24.445	-11.185	184
N	26.388	-24.481	-12.491	185
CA	27.262	-23.484	-13.102	185
C	26.765	-22.084	-12.801	185
N	25.447	-21.904	-12.869	186
CA	24.885	-20.608	-12.544	186
C	25.167	-20.211	-11.094	186
N	25.047	-21.155	-10.161	187
CA	25.291	-20.833	-8.758	187
C	26.747	-20.454	-8.539	187
N	27.646	-21.156	-9.229	188
CA	29.062	-20.833	-9.185	188
C	29.334	-19.404	-9.607	188
N	28.808	-19.034	-10.769	189
CA	29.03	-17.684	-11.249	189
C	28.366	-16.659	-10.33	189
N	27.222	-17.034	-9.762	190
CA	26.478	-16.145	-8.874	190
C	27.292	-15.859	-7.622	190
N	27.934	-16.898	-7.09	191
CA	28.777	-16.765	-5.914	191
C	29.951	-15.863	-6.229	191
N	30.594	-16.078	-7.375	192
CA	31.684	-15.184	-7.754	192
C	31.219	-13.726	-7.843	192
N	30.007	-13.502	-8.342	193
CA	29.488	-12.137	-8.451	193
C	29.281	-11.54	-7.06	193
N	28.663	-12.324	-6.18	194
CA	28.385	-11.885	-4.822	194
C	29.674	-11.588	-4.053	194
N	30.71	-12.379	-4.319	195
CA	32.017	-12.132	-3.737	195
C	32.594	-10.837	-4.297	195
N	32.459	-10.63	-5.601	196
CA	33.061	-9.46	-6.246	196
C	32.393	-8.14	-5.84	196
N	31.126	-8.198	-5.423	197
CA	30.435	-6.997	-4.946	197
C	30.509	-6.84	-3.434	197
N	31.093	-7.826	-2.765	198
CA	31.237	-7.773	-1.324	198
C	30.001	-8.109	-0.504	198
N	28.924	-8.507	-1.173	199
CA	27.696	-8.89	-0.486	199
C	27.907	-10.162	0.347	199
N	28.849	-10.999	-0.07	200
CA	29.33	-12.08	0.788	200
C	30.849	-11.99	0.926	200
N	31.373	-12.499	2.033	201
CA	32.806	-12.415	2.259	201
C	33.486	-13.722	1.89	201
N	34.776	-13.621	1.602	202
CA	35.612	-14.784	1.402	202
C	35.398	-15.736	2.564	202
N	35.325	-17.027	2.261	203
CA	35.103	-18.06	3.274	203
C	33.783	-17.918	4.031	203
N	32.753	-17.445	3.333	204
CA	31.392	-17.403	3.858	204
C	30.935	-18.813	4.224	204
N	30.081	-18.934	5.251	205
CA	29.609	-20.26	5.669	205
C	28.528	-20.831	4.748	205
N	28.215	-20.135	3.655	206
CA	27.304	-20.637	2.639	206
C	25.826	-20.496	2.952	206
N	25.479	-19.546	3.809	207
CA	24.094	-19.375	4.233	207
C	23.275	-18.57	3.219	207
N	23.793	-17.409	2.819	208
CA	23.133	-16.602	1.787	208
C	22.994	-17.402	0.493	208
N	24.082	-18.044	0.097	209
CA	24.074	-18.899	-1.067	209
C	23.02	-19.97	-0.953	209
N	22.877	-20.569	0.225	210
CA	21.897	-21.635	0.365	210
C	20.491	-21.104	0.173	210
N	20.202	-19.954	0.777	211
CA	18.889	-19.346	0.614	211
C	18.614	-19.095	-0.871	211
N	19.622	-18.576	-1.564	212
CA	19.498	-18.319	-2.991	212
C	19.238	-19.597	-3.784	212
N	19.908	-20.68	-3.406	213
CA	19.726	-21.947	-4.096	213
C	18.349	-22.527	-3.856	213
N	17.82	-22.395	-2.646	214
CA	16.451	-22.85	-2.385	214
C	15.475	-22.087	-3.269	214
N	15.636	-20.764	-3.253	215
CA	14.831	-19.889	-4.085	215
C	14.851	-20.333	-5.553	215
N	16.034	-20.42	-6.143	216
CA	16.109	-20.645	-7.581	216
C	15.84	-22.079	-7.983	216
N	16.153	-23.022	-7.113	217
CA	16.021	-24.415	-7.497	217
C	14.554	-24.783	-7.492	217
N	13.774	-24.284	-6.531	218
CA	12.367	-24.679	-6.595	218
C	11.668	-24.043	-7.824	218
N	12.262	-22.999	-8.395	219
CA	11.707	-22.38	-9.597	219
C	11.983	-23.193	-10.864	219
N	12.833	-24.217	-10.746	220
CA	13.204	-25.079	-11.871	220
C	13.508	-24.32	-13.156	220
N	14.537	-23.466	-13.148	221
CA	14.751	-22.547	-14.271	221
C	14.893	-23.24	-15.625	221
N	14.415	-22.57	-16.662	222
CA	14.561	-23.048	-18.026	222
C	15.879	-22.519	-18.543	222
N	16.382	-23.111	-19.616	223
CA	17.696	-22.729	-20.12	223
C	17.702	-21.282	-20.603	223
N	16.576	-20.84	-21.147	224
CA	16.367	-19.443	-21.507	224
C	16.588	-18.496	-20.327	224
N	15.934	-18.81	-19.218	225
CA	16.066	-18.019	-18.003	225
C	17.491	-18.059	-17.452	225
N	18.154	-19.21	-17.533	226
CA	19.536	-19.293	-17.067	226
C	20.413	-18.41	-17.933	226
N	20.145	-18.379	-19.233	227
CA	20.894	-17.493	-20.124	227
C	20.723	-16.022	-19.755	227
N	19.481	-15.599	-19.493	228
CA	19.249	-14.219	-19.042	228
C	20.007	-13.914	-17.729	228
N	19.847	-14.773	-16.725	229
CA	20.521	-14.595	-15.44	229
C	22.052	-14.476	-15.607	229
N	22.616	-15.351	-16.434	230
CA	24.039	-15.319	-16.727	230
C	24.424	-13.993	-17.395	230
N	23.636	-13.578	-18.381	231
CA	23.823	-12.283	-19.009	231
C	23.832	-11.122	-18.032	231
N	22.94	-11.152	-17.053	232
CA	22.926	-10.099	-16.053	232
C	24.215	-10.124	-15.218	232
N	24.596	-11.319	-14.759	233
CA	25.838	-11.472	-13.995	233
C	27.02	-10.884	-14.76	233
N	27.07	-11.186	-16.053	234
CA	28.111	-10.7	-16.945	234
C	28.064	-9.183	-17.113	234
N	26.873	-8.601	-17.102	235
CA	26.792	-7.156	-17.294	235
C	27.241	-6.428	-16.035	235
N	27.176	-7.111	-14.894	236
CA	27.588	-6.492	-13.632	236
C	29.091	-6.241	-13.577	236
N	29.859	-7.257	-13.958	237
CA	31.319	-7.197	-13.923	237
C	31.839	-5.983	-14.685	237
N	31.103	-5.638	-15.74	238
CA	31.448	-4.575	-16.678	238
C	31.608	-3.203	-16.021	238
N	32.424	-2.341	-17.14	239
CA	33.644	-1.71	-18.232	239
C	35.207	-0.997	-18.682	239
N	36.067	-0.303	-19.848	240
CA	37.283	0.796	-20.431	240
C	38.234	1.156	-21.842	240
N	39.249	2.115	-22.586	241
CA	40.539	2.87	-23.348	241
C	41.708	3.277	-24.619	241
N	43.045	3.929	-25.221	242
CA	43.848	4.783	-26.419	242
C	45.399	5.423	-26.996	242
N	46.165	6.354	-28.054	243
CA	47.183	6.888	-29.33	243
C	48.753	6.964	-30.063	243
N	49.672	7.701	-31.095	244
CA	51.238	8.143	-31.618	244
C	52.069	9.216	-32.765	244
N	53.501	9.622	-33.28	245
CA	54.395	10.712	-34.2	245
C	55.933	11.048	-34.895	245
N	56.826	12.05	-35.64	246
CA	58.16	12.247	-36.589	246
C	59.467	12.907	-37.497	246
N	60.254	14.041	-38.087	247
CA	61.763	14.603	-38.141	247
C	63.028	15.597	-38.52	247
N	63.684	16.734	-39.169	248
CA	64.369	17.395	-40.428	248
C	65.323	18.722	-40.701	248
N	65.906	19.179	-41.968	249
CA	66.833	20.195	-42.812	249
C	68.375	20.83	-43.032	249
N	69.159	21.453	-44.142	250
CA	70.651	21.958	-44.446	250
C	71.385	22.883	-45.594	250
N	72.71	23.38	-45.951	251
CA	74.223	23.088	-46.018	251
C	75.76	23.5	-46.411	251
N	76.734	24.398	-46.976	252
CA	77.469	25.646	-47.496	252
C	79.016	25.486	-47.903	252
N	79.855	26.092	-48.878	253
CA	80.453	27.073	-49.847	253
C	81.899	26.488	-50.006	253
N	82.928	27.277	-50.367	254
CA	84.268	26.81	-49.958	254
C	84.447	26.604	-48.457	254
N	-9.272	-16.749	6.2	1
CA	-10.665	-16.432	6.488	1
C	-11.351	-15.869	5.248	1
N	-12.57	-16.352	5.001	2
CA	-13.311	-16.067	3.775	2
C	-13.377	-14.586	3.406	2
N	-13.359	-13.705	4.4	3
CA	-13.416	-12.276	4.099	3
C	-12.139	-11.798	3.383	3
N	-11.058	-12.562	3.519	4
CA	-9.798	-12.218	2.872	4
C	-9.699	-12.656	1.415	4
N	-10.684	-13.414	0.948	5
CA	-10.643	-13.906	-0.415	5
C	-11.415	-13.001	-1.36	5
N	-10.684	-12.34	-2.245	6
CA	-11.292	-11.437	-3.202	6
C	-11.726	-12.152	-4.465	6
N	-12.984	-11.945	-4.836	7
CA	-13.433	-12.204	-6.18	7
C	-13.242	-10.927	-6.986	7
N	-12.332	-10.993	-7.955	8
CA	-12.007	-9.854	-8.799	8
C	-12.604	-10.042	-10.182	8
N	-13.455	-9.105	-10.584	9
CA	-14.123	-9.171	-11.876	9
C	-13.58	-8.088	-12.81	9
N	-12.995	-8.487	-13.931	10
CA	-12.404	-7.506	-14.824	10
C	-13.392	-7.071	-15.898	10
N	-13.714	-5.779	-15.87	11
CA	-14.511	-5.106	-16.897	11
C	-15.778	-5.85	-17.285	11
N	-16.567	-6.247	-16.298	12
CA	-17.723	-7.064	-16.608	12
C	-18.827	-6.156	-17.162	12
N	-19.625	-6.673	-18.095	13
CA	-20.414	-5.809	-18.974	13
C	-21.888	-6.191	-19.146	13
N	-22.28	-7.34	-18.61	14
CA	-23.667	-7.793	-18.671	14
C	-24.228	-7.65	-17.269	14
N	-25.241	-6.802	-17.082	15
CA	-25.646	-6.391	-15.725	15
C	-26.18	-7.547	-14.864	15
N	-26.727	-8.583	-15.506	16
CA	-27.227	-9.747	-14.789	16
C	-26.104	-10.573	-14.177	16
N	-24.969	-10.567	-14.872	17
CA	-23.816	-11.339	-14.45	17
C	-23.343	-10.964	-13.061	17
N	-23.313	-9.668	-12.762	18
CA	-22.856	-9.181	-11.46	18
C	-23.686	-9.741	-10.309	18
N	-25.005	-9.701	-10.475	19
CA	-25.919	-10.278	-9.508	19
C	-25.704	-11.773	-9.362	19
N	-25.511	-12.462	-10.483	20
CA	-25.286	-13.9	-10.406	20
C	-24.0	-14.221	-9.661	20
N	-22.951	-13.466	-9.956	21
CA	-21.67	-13.639	-9.293	21
C	-21.804	-13.402	-7.799	21
N	-22.504	-12.328	-7.438	22
CA	-22.774	-11.994	-6.038	22
C	-23.522	-13.107	-5.285	22
N	-24.581	-13.639	-5.889	23
CA	-25.306	-14.76	-5.294	23
C	-24.424	-15.994	-5.106	23
N	-23.645	-16.328	-6.13	24
CA	-22.712	-17.44	-6.041	24
C	-21.74	-17.258	-4.863	24
N	-21.081	-16.104	-4.836	25
CA	-20.206	-15.751	-3.719	25
C	-20.906	-15.967	-2.382	25
N	-22.062	-15.332	-2.211	26
CA	-22.707	-15.317	-0.911	26
C	-23.069	-16.724	-0.472	26
N	-23.578	-17.533	-1.404	27
CA	-23.954	-18.907	-1.075	27
C	-22.744	-19.667	-0.612	27
N	-21.571	-19.307	-1.111	28
CA	-20.407	-20.007	-0.611	28
C	-19.781	-19.325	0.61	28
N	-20.32	-18.173	0.996	29
CA	-19.836	-17.471	2.171	29
C	-18.737	-16.481	1.835	29
N	-18.661	-16.119	0.558	30
CA	-17.744	-15.087	0.102	30
C	-18.497	-13.766	0.063	30
N	-17.783	-12.653	0.191	31
CA	-18.433	-11.35	0.317	31
C	-17.594	-10.238	-0.314	31
N	-16.281	-10.457	-0.308	32
CA	-15.281	-9.495	-0.737	32
C	-15.175	-9.33	-2.261	32
N	-16.106	-8.592	-2.854	33
CA	-16.123	-8.417	-4.301	33
C	-15.352	-7.182	-4.754	33
N	-14.55	-7.363	-5.799	34
CA	-13.803	-6.273	-6.418	34
C	-14.082	-6.19	-7.909	34
N	-14.348	-4.982	-8.371	35
CA	-14.679	-4.736	-9.75	35
C	-13.598	-3.866	-10.353	35
N	-12.891	-4.395	-11.344	36
CA	-11.927	-3.616	-12.1	36
C	-12.602	-3.011	-13.318	36
N	-12.933	-1.734	-13.207	37
CA	-13.422	-0.952	-14.335	37
C	-14.679	-1.529	-14.988	37
N	-15.764	-1.638	-14.205	38
CA	-17.026	-2.218	-14.681	38
C	-17.694	-1.379	-15.773	38
N	-18.01	-2.008	-16.904	39
CA	-18.7	-1.352	-18.016	39
C	-20.212	-1.213	-17.77	39
N	-20.728	-1.943	-16.78	40
CA	-22.086	-1.732	-16.271	40
C	-22.026	-1.222	-14.833	40
N	-22.995	-0.405	-14.44	41
CA	-22.884	0.269	-13.155	41
C	-23.766	-0.365	-12.081	41
N	-23.204	-0.53	-10.87	42
CA	-23.89	-1.085	-9.697	42
C	-25.22	-0.39	-9.379	42
N	-25.507	-0.348	-8.051	43
CA	-25.896	1.064	-7.668	43
C	-27.048	1.769	-8.362	43
N	-27.676	2.838	-7.801	44
CA	-27.516	4.192	-8.393	44
C	-28.109	4.778	-9.688	44
N	-28.966	4.131	-10.488	45
CA	-29.08	4.189	-11.94	45
C	-30.019	2.986	-11.919	45
N	-30.354	2.616	-10.668	46
CA	-29.754	1.952	-9.503	46
C	-29.428	0.506	-9.159	46
N	-29.621	-0.664	-9.801	47
CA	-29.055	-1.288	-10.962	47
C	-29.573	-2.576	-10.328	47
N	-30.223	-2.352	-9.16	48
CA	-31.531	-2.103	-8.544	48
C	-32.806	-2.846	-8.149	48
N	-33.313	-4.08	-8.163	49
CA	-33.021	-4.631	-6.843	49
C	-31.639	-5.13	-6.458	49
N	-30.814	-5.067	-7.503	50
CA	-31.656	-5.804	-8.443	50
C	-31.564	-7.319	-8.231	50
N	-30.834	-7.739	-7.198	51
CA	-30.668	-9.162	-6.885	51
C	-31.119	-9.504	-5.455	51
N	-30.513	-10.532	-4.865	52
CA	-30.875	-10.962	-3.523	52
C	-29.722	-10.828	-2.544	52
N	-28.503	-10.964	-3.059	53
CA	-27.291	-10.756	-2.271	53
C	-26.789	-9.332	-2.48	53
N	-27.667	-8.372	-2.207	54
CA	-27.396	-6.955	-2.425	54
C	-26.159	-6.454	-1.682	54
N	-26.038	-6.837	-0.414	55
CA	-24.9	-6.464	0.425	55
C	-23.528	-6.602	-0.269	55
N	-23.297	-7.747	-0.905	56
CA	-22.012	-8.033	-1.522	56
C	-21.661	-6.975	-2.56	56
N	-22.648	-6.594	-3.362	57
CA	-22.436	-5.598	-4.408	57
C	-22.377	-4.173	-3.843	57
N	-23.213	-3.885	-2.852	58
CA	-23.184	-2.593	-2.194	58
C	-21.847	-2.314	-1.526	58
N	-21.192	-3.389	-1.095	59
CA	-19.877	-3.309	-0.479	59
C	-18.763	-3.806	-1.398	59
N	-18.952	-3.607	-2.701	60
CA	-17.949	-3.974	-3.696	60
C	-16.94	-2.864	-3.883	60
N	-15.652	-3.166	-3.727	61
CA	-14.626	-2.195	-4.109	61
C	-14.607	-2.031	-5.622	61
N	-14.611	-0.795	-6.118	62
CA	-14.394	-0.551	-7.545	62
C	-13.041	0.115	-7.756	62
N	-12.287	-0.327	-8.759	63
CA	-11.036	0.335	-9.105	63
C	-10.913	0.44	-10.613	63
N	-10.011	1.297	-11.071	64
CA	-9.849	1.537	-12.497	64
C	-8.935	0.512	-13.14	64
N	-7.98	0.008	-12.37	65
CA	-6.998	-0.899	-12.937	65
C	-6.861	-2.201	-12.141	65
N	-6.399	-3.244	-12.824	66
CA	-6.202	-4.554	-12.227	66
C	-5.169	-4.517	-11.11	66
N	-4.1	-3.764	-11.361	67
CA	-3.018	-3.615	-10.39	67
C	-3.547	-3.198	-9.01	67
N	-4.566	-2.338	-9.003	68
CA	-5.12	-1.839	-7.751	68
C	-5.914	-2.91	-7.018	68
N	-6.488	-3.861	-7.747	69
CA	-7.179	-4.956	-7.084	69
C	-6.171	-5.95	-6.561	69
N	-4.979	-5.973	-7.169	70
CA	-3.968	-6.965	-6.774	70
C	-3.029	-6.518	-5.652	70
N	-2.642	-5.246	-5.649	71
CA	-1.769	-4.72	-4.596	71
C	-2.426	-4.953	-3.24	71
N	-1.729	-5.602	-2.328	72
CA	-2.384	-5.883	-1.069	72
C	-2.68	-7.351	-0.938	72
N	-2.627	-8.064	-2.053	73
CA	-2.775	-9.494	-1.969	73
C	-1.4	-10.128	-1.893	73
N	-1.32	-11.304	-1.28	74
CA	-0.078	-12.057	-1.303	74
C	-0.163	-13.121	-2.393	74
N	-1.39	-13.507	-2.724	75
CA	-1.623	-14.59	-3.66	75
C	-2.575	-14.143	-4.738	75
N	-2.11	-14.185	-5.98	76
CA	-2.928	-13.836	-7.132	76
C	-3.189	-15.068	-8.012	76
N	-4.458	-15.384	-8.214	77
CA	-4.815	-16.504	-9.071	77
C	-5.708	-16.021	-10.202	77
N	-5.271	-16.239	-11.441	78
CA	-6.09	-15.929	-12.596	78
C	-6.791	-17.153	-13.168	78
N	-7.985	-16.947	-13.72	79
CA	-8.765	-18.036	-14.298	79
C	-8.877	-17.904	-15.804	79
N	-8.785	-19.03	-16.498	80
CA	-8.774	-19.041	-17.96	80
C	-9.009	-20.457	-18.483	80
N	-9.851	-20.603	-19.497	81
CA	-10.131	-21.937	-20.013	81
C	-8.923	-22.502	-20.764	81
N	-8.148	-21.634	-21.405	82
CA	-6.953	-22.087	-22.102	82
C	-5.801	-21.155	-21.88	82
N	-4.608	-21.634	-22.212	83
CA	-3.399	-20.847	-22.048	83
C	-3.229	-19.859	-23.196	83
N	-2.944	-18.611	-22.856	84
CA	-2.535	-17.627	-23.84	84
C	-1.272	-16.919	-23.356	84
N	-0.4	-17.699	-22.723	85
CA	0.93	-17.274	-22.306	85
C	1.902	-18.452	-22.444	85
N	3.185	-18.19	-22.213	86
CA	4.169	-19.232	-21.957	86
C	3.701	-20.076	-20.786	86
N	4.279	-21.277	-20.626	87
CA	3.899	-22.137	-19.495	87
C	3.924	-21.409	-18.149	87
N	2.855	-21.598	-17.386	88
CA	2.647	-20.908	-16.123	88
C	2.343	-21.93	-15.022	88
N	2.664	-21.605	-13.764	89
CA	2.273	-22.512	-12.681	89
C	0.767	-22.7	-12.645	89
N	0.332	-23.946	-12.598	90
CA	-1.093	-24.219	-12.676	90
C	-1.672	-24.891	-11.429	90
N	-2.884	-24.487	-11.083	91
CA	-3.668	-25.138	-10.048	91
C	-4.983	-25.604	-10.631	91
N	-5.487	-26.746	-10.189	92
CA	-6.849	-27.088	-10.561	92
C	-7.775	-26.345	-9.563	92
N	-9.1	-26.367	-9.775	93
CA	-9.918	-25.613	-8.813	93
C	-9.812	-26.101	-7.357	93
N	-9.627	-27.4	-7.142	94
CA	-9.43	-27.951	-5.792	94
C	-8.174	-27.388	-5.131	94
N	-7.046	-27.518	-5.831	95
CA	-5.76	-26.984	-5.371	95
C	-5.856	-25.501	-5.077	95
N	-6.574	-24.803	-5.944	96
CA	-6.794	-23.384	-5.758	96
C	-7.502	-23.123	-4.438	96
N	-8.576	-23.869	-4.186	97
CA	-9.346	-23.688	-2.97	97
C	-8.476	-23.854	-1.741	97
N	-7.763	-24.978	-1.701	98
CA	-6.807	-25.219	-0.632	98
C	-5.812	-24.056	-0.435	98
N	-5.126	-23.66	-1.498	99
CA	-4.069	-22.669	-1.373	99
C	-4.611	-21.316	-0.916	99
N	-5.761	-20.951	-1.474	100
CA	-6.42	-19.698	-1.154	100
C	-6.875	-19.644	0.285	100
N	-7.5	-20.717	0.76	101
CA	-7.96	-20.746	2.139	101
C	-6.743	-20.703	3.074	101
N	-5.684	-21.414	2.692	102
CA	-4.445	-21.449	3.479	102
C	-3.808	-20.081	3.629	102
N	-3.859	-19.264	2.584	103
CA	-3.203	-17.966	2.662	103
C	-4.114	-16.863	3.177	103
N	-5.425	-17.062	3.041	104
CA	-6.41	-16.077	3.468	104
C	-6.447	-15.917	4.99	104
N	-5.846	-16.864	5.702	105
CA	-5.753	-16.769	7.156	105
C	-5.053	-15.468	7.566	105
N	-4.053	-15.077	6.777	106
CA	-3.179	-13.958	7.106	106
C	-3.284	-12.781	6.144	106
N	-3.346	-13.085	4.856	107
CA	-3.248	-12.058	3.833	107
C	-4.372	-12.166	2.813	107
N	-4.7	-11.049	2.155	108
CA	-5.678	-11.061	1.06	108
C	-5.234	-11.881	-0.158	108
N	-6.204	-12.553	-0.758	109
CA	-5.984	-13.37	-1.937	109
C	-6.875	-12.827	-3.054	109
N	-6.351	-12.762	-4.27	110
CA	-7.154	-12.312	-5.399	110
C	-7.456	-13.463	-6.371	110
N	-8.734	-13.74	-6.569	111
CA	-9.15	-14.699	-7.577	111
C	-9.725	-13.91	-8.734	111
N	-9.003	-13.902	-9.846	112
CA	-9.307	-12.991	-10.937	112
C	-10.101	-13.653	-12.061	112
N	-11.147	-12.955	-12.5	113
CA	-12.028	-13.453	-13.532	113
C	-12.128	-12.442	-14.665	113
N	-12.136	-12.926	-15.899	114
CA	-12.112	-12.026	-17.031	114
C	-13.482	-11.677	-17.559	114
N	-13.485	-11.044	-18.726	115
CA	-14.711	-10.557	-19.357	115
C	-15.491	-11.685	-20.025	115
N	-16.815	-11.615	-19.925	116
CA	-17.658	-12.512	-20.696	116
C	-17.301	-12.29	-22.18	116
N	-17.242	-13.387	-22.939	117
CA	-16.826	-13.432	-24.354	117
C	-15.305	-13.452	-24.57	117
N	-14.564	-12.467	-24.066	118
CA	-13.126	-12.433	-24.376	118
C	-12.123	-12.795	-23.247	118
N	-12.569	-12.845	-21.99	119
CA	-11.721	-13.286	-20.886	119
C	-10.598	-12.353	-20.44	119
N	-9.506	-12.932	-19.954	120
CA	-8.327	-12.173	-19.533	120
C	-7.28	-12.113	-20.644	120
N	-6.607	-10.981	-20.763	121
CA	-5.543	-10.878	-21.749	121
C	-4.27	-11.528	-21.251	121
N	-3.341	-11.723	-22.175	122
CA	-1.987	-12.167	-21.874	122
C	-1.309	-11.296	-20.811	122
N	-1.424	-9.983	-20.979	123
CA	-0.861	-9.021	-20.043	123
C	-1.431	-9.193	-18.638	123
N	-2.746	-9.329	-18.552	124
CA	-3.393	-9.55	-17.264	124
C	-2.979	-10.9	-16.706	124
N	-2.949	-11.909	-17.561	125
CA	-2.63	-13.239	-17.074	125
C	-1.202	-13.307	-16.538	125
N	-0.337	-12.415	-17.009	126
CA	1.039	-12.392	-16.524	126
C	1.218	-11.753	-15.135	126
N	0.159	-11.175	-14.573	127
CA	0.202	-10.636	-13.217	127
C	-0.324	-11.638	-12.203	127
N	-0.553	-12.869	-12.625	128
CA	-1.045	-13.886	-11.714	128
C	0.079	-14.821	-11.288	128
N	-0.007	-15.368	-10.088	129
CA	1.017	-16.3	-9.626	129
C	0.679	-17.705	-10.114	129
N	-0.617	-17.963	-10.266	130
CA	-1.112	-19.231	-10.768	130
C	-2.23	-19.029	-11.775	130
N	-2.364	-19.993	-12.681	131
CA	-3.502	-20.04	-13.576	131
C	-4.371	-21.218	-13.228	131
N	-5.668	-20.993	-13.256	132
CA	-6.607	-22.059	-13.003	132
C	-7.531	-22.253	-14.186	132
N	-7.51	-23.46	-14.74	133
CA	-8.451	-23.854	-15.772	133
C	-9.41	-24.889	-15.202	133
N	-10.701	-24.601	-15.235	134
CA	-11.668	-25.607	-14.887	134
C	-11.648	-26.618	-16.033	134
N	-11.57	-27.898	-15.707	135
CA	-11.463	-28.909	-16.751	135
C	-12.803	-29.17	-17.457	135
N	-13.317	-28.184	-18.174	136
CA	-14.563	-28.379	-18.904	136
C	-14.438	-29.345	-20.115	136
N	-15.582	-29.783	-20.628	137
CA	-15.669	-30.385	-21.958	137
C	-14.885	-29.532	-22.982	137
N	-13.859	-30.123	-23.623	138
CA	-12.936	-29.504	-24.602	138
C	-13.597	-28.78	-25.789	138
N	-14.767	-29.239	-26.212	139
CA	-15.47	-28.615	-27.324	139
C	-16.282	-27.411	-26.867	139
N	-16.647	-27.399	-25.59	140
CA	-17.369	-26.283	-24.979	140
C	-16.734	-25.928	-23.644	140
N	-15.542	-25.35	-23.672	141
CA	-14.761	-25.262	-22.447	141
C	-14.935	-23.945	-21.693	141
N	-15.736	-23.031	-22.229	142
CA	-16.008	-21.775	-21.54	142
C	-17.299	-21.828	-20.752	142
N	-17.181	-21.701	-19.432	143
CA	-18.342	-21.51	-18.575	143
C	-18.728	-20.032	-18.567	143
N	-19.99	-19.754	-18.266	144
CA	-20.422	-18.39	-18.017	144
C	-19.639	-17.875	-16.82	144
N	-19.21	-16.622	-16.895	145
CA	-18.513	-15.961	-15.8	145
C	-19.005	-16.368	-14.401	145
N	-20.318	-16.292	-14.185	146
CA	-20.873	-16.496	-12.85	146
C	-20.755	-17.95	-12.441	146
N	-20.975	-18.844	-13.401	147
CA	-20.758	-20.278	-13.232	147
C	-19.322	-20.603	-12.807	147
N	-18.366	-19.988	-13.493	148
CA	-16.968	-20.167	-13.157	148
C	-16.715	-19.742	-11.715	148
N	-17.301	-18.606	-11.344	149
CA	-17.195	-18.137	-9.968	149
C	-17.785	-19.177	-9.023	149
N	-18.968	-19.692	-9.362	150
CA	-19.633	-20.707	-8.556	150
C	-18.711	-21.895	-8.272	150
N	-18.085	-22.425	-9.321	151
CA	-17.182	-23.562	-9.178	151
C	-15.997	-23.256	-8.262	151
N	-15.337	-22.132	-8.532	152
CA	-14.173	-21.733	-7.744	152
C	-14.521	-21.509	-6.262	152
N	-15.613	-20.79	-6.031	153
CA	-16.081	-20.472	-4.688	153
C	-16.498	-21.731	-3.932	153
N	-17.089	-22.683	-4.645	154
CA	-17.46	-23.959	-4.05	154
C	-16.22	-24.712	-3.568	154
N	-15.169	-24.725	-4.39	155
CA	-13.952	-25.408	-3.974	155
C	-13.306	-24.692	-2.778	155
N	-13.315	-23.366	-2.823	156
CA	-12.857	-22.562	-1.702	156
C	-13.586	-22.928	-0.402	156
N	-14.91	-23.01	-0.457	157
CA	-15.668	-23.364	0.733	157
C	-15.359	-24.781	1.197	157
N	-15.181	-25.715	0.273	158
CA	-14.749	-27.045	0.682	158
C	-13.487	-26.973	1.516	158
N	-12.504	-26.242	1.013	159
CA	-11.23	-26.165	1.701	159
C	-11.399	-25.515	3.082	159
N	-12.167	-24.439	3.114	160
CA	-12.332	-23.701	4.346	160
C	-13.041	-24.549	5.399	160
N	-14.118	-25.197	4.975	161
CA	-14.82	-26.16	5.801	161
C	-13.855	-27.16	6.39	161
N	-12.944	-27.652	5.553	162
CA	-11.947	-28.598	6.031	162
C	-11.099	-27.989	7.146	162
N	-10.808	-26.699	7.073	163
CA	-9.998	-26.131	8.137	163
C	-10.832	-25.956	9.388	163
N	-12.146	-25.789	9.223	164
CA	-13.026	-25.612	10.379	164
C	-13.344	-26.96	11.002	164
N	-12.907	-28.002	10.304	165
CA	-12.827	-29.379	10.8	165
C	-11.793	-29.379	11.91	165
N	-12.179	-28.856	13.073	166
CA	-11.502	-29.133	14.339	166
C	-10.122	-29.779	14.275	166
N	-9.748	-29.854	12.986	167
CA	-8.921	-28.67	12.773	167
C	-9.956	-27.648	13.255	167
N	-9.801	-26.351	13.487	168
CA	-8.383	-26.157	13.503	168
C	-7.868	-24.729	13.188	168
N	-6.543	-24.649	13.081	169
CA	-5.552	-25.659	13.394	169
C	-5.191	-26.605	12.213	169
N	-4.54	-27.789	12.295	170
CA	-4.157	-28.355	10.987	170
C	-3.739	-26.927	10.568	170
N	-3.436	-26.596	9.288	171
CA	-3.448	-25.216	8.812	171
C	-2.467	-24.293	9.581	171
N	-2.323	-22.976	9.306	172
CA	-1.29	-22.206	10.014	172
C	-1.752	-20.749	10.272	172
N	-0.947	-19.923	11.002	173
CA	0.359	-20.499	11.251	173
C	1.042	-20.287	9.905	173
N	1.736	-20.863	8.901	174
CA	3.091	-20.354	8.616	174
C	3.103	-18.799	8.578	174
N	4.134	-18.212	7.923	175
CA	4.352	-16.749	7.961	175
C	4.237	-16.142	6.555	175
N	3.522	-15.005	6.445	176
CA	2.961	-14.503	5.184	176
C	3.959	-14.351	4.037	176
N	3.41	-14.255	2.834	177
CA	4.169	-13.975	1.633	177
C	4.169	-12.48	1.381	177
N	5.185	-11.974	0.659	178
CA	5.227	-10.569	0.249	178
C	3.966	-10.175	-0.504	178
N	3.486	-8.958	-0.313	179
CA	2.328	-8.528	-1.08	179
C	2.797	-8.111	-2.452	179
N	1.885	-8.164	-3.42	180
CA	2.141	-7.674	-4.772	180
C	2.867	-6.323	-4.74	180
N	2.478	-5.485	-3.791	181
CA	3.147	-4.216	-3.541	181
C	4.679	-4.343	-3.347	181
N	5.086	-5.233	-2.431	182
CA	6.504	-5.471	-2.144	182
C	7.215	-6.023	-3.359	182
N	6.566	-6.975	-4.012	183
CA	7.142	-7.582	-5.189	183
C	7.363	-6.52	-6.246	183
N	6.422	-5.591	-6.363	184
CA	6.531	-4.51	-7.333	184
C	7.697	-3.595	-7.024	184
N	7.93	-3.353	-5.738	185
CA	9.086	-2.552	-5.36	185
C	10.368	-3.285	-5.715	185
N	10.367	-4.596	-5.505	186
CA	11.515	-5.389	-5.906	186
C	11.743	-5.35	-7.429	186
N	10.669	-5.327	-8.208	187
CA	10.801	-5.29	-9.659	187
C	11.269	-3.93	-10.137	187
N	10.869	-2.881	-9.423	188
CA	11.363	-1.556	-9.733	188
C	12.858	-1.507	-9.5	188
N	13.265	-2.043	-8.354	189
CA	14.67	-2.093	-7.979	189
C	15.48	-2.902	-9.006	189
N	14.89	-4.01	-9.455	190
CA	15.51	-4.857	-10.468	190
C	15.696	-4.111	-11.768	190
N	14.648	-3.407	-12.173	191
CA	14.716	-2.619	-13.39	191
C	15.823	-1.571	-13.335	191
N	15.806	-0.735	-12.298	192
CA	16.823	0.305	-12.143	192
C	18.231	-0.285	-12.122	192
N	18.396	-1.453	-11.503	193
CA	19.702	-2.1	-11.512	193
C	20.115	-2.487	-12.932	193
N	19.177	-3.039	-13.694	194
CA	19.507	-3.463	-15.052	194
C	19.767	-2.275	-15.97	194
N	19.099	-1.161	-15.705	195
CA	19.337	0.047	-16.472	195
C	20.737	0.54	-16.153	195
N	21.083	0.496	-14.874	196
CA	22.403	0.938	-14.452	196
C	23.514	0.107	-15.112	196
N	23.417	-1.22	-15.062	197
CA	24.483	-2.041	-15.634	197
C	24.443	-2.079	-17.155	197
N	23.428	-1.459	-17.747	198
CA	23.308	-1.446	-19.187	198
C	22.633	-2.659	-19.809	198
N	22.286	-3.658	-19.001	199
CA	21.685	-4.881	-19.523	199
C	20.402	-4.615	-20.3	199
N	19.593	-3.678	-19.819	200
CA	18.443	-3.238	-20.589	200
C	18.583	-1.753	-20.895	200
N	17.901	-1.31	-21.941	201
CA	18.071	0.042	-22.443	201
C	17.038	1.018	-21.89	201
N	17.366	2.304	-21.964	202
CA	16.411	3.349	-21.647	202
C	15.232	3.186	-22.593	202
N	14.019	3.301	-22.06	203
CA	12.803	3.058	-22.841	203
C	12.744	1.657	-23.441	203
N	13.12	0.674	-22.633	204
CA	12.923	-0.726	-22.961	204
C	11.427	-1.011	-22.971	204
N	10.982	-1.948	-23.82	205
CA	9.563	-2.304	-23.931	205
C	9.07	-3.144	-22.76	205
N	9.957	-3.476	-21.825	206
CA	9.579	-4.267	-20.67	206
C	9.564	-5.77	-20.874	206
N	10.184	-6.263	-21.946	207
CA	10.144	-7.7	-22.239	207
C	11.103	-8.528	-21.386	207
N	12.297	-7.998	-21.148	208
CA	13.249	-8.665	-20.278	208
C	12.664	-8.689	-18.874	208
N	12.128	-7.549	-18.458	209
CA	11.517	-7.426	-17.148	209
C	10.384	-8.442	-16.981	209
N	9.648	-8.679	-18.067	210
CA	8.606	-9.693	-18.087	210
C	9.148	-11.11	-17.965	210
N	10.256	-11.39	-18.651	211
CA	10.938	-12.674	-18.496	211
C	11.285	-12.901	-17.013	211
N	11.919	-11.902	-16.412	212
CA	12.35	-12.011	-15.031	212
C	11.171	-12.143	-14.073	212
N	10.079	-11.436	-14.373	213
CA	8.877	-11.515	-13.551	213
C	8.242	-12.894	-13.641	213
N	8.297	-13.495	-14.826	214
CA	7.786	-14.844	-15.027	214
C	8.569	-15.802	-14.13	214
N	9.889	-15.72	-14.226	215
CA	10.764	-16.527	-13.389	215
C	10.485	-16.382	-11.886	215
N	10.529	-15.162	-11.369	216
CA	10.394	-15.006	-9.924	216
C	8.978	-15.325	-9.452	216
N	7.981	-15.028	-10.28	217
CA	6.615	-15.439	-9.977	217
C	6.52	-16.949	-9.812	217
N	7.231	-17.675	-10.664	218
CA	7.214	-19.118	-10.543	218
C	7.949	-19.536	-9.252	218
N	9.056	-18.865	-8.933	219
CA	9.799	-19.145	-7.698	219
C	8.991	-18.742	-6.472	219
N	8.228	-17.665	-6.613	220
CA	7.374	-17.173	-5.543	220
C	8.184	-16.93	-4.258	220
N	8.992	-15.856	-4.232	221
CA	9.916	-15.55	-3.133	221
C	9.2	-15.304	-1.822	221
N	9.776	-15.783	-0.731	222
CA	9.308	-15.405	0.591	222
C	9.929	-14.067	0.967	222
N	9.386	-13.439	2.016	223
CA	9.834	-12.105	2.44	223
C	11.346	-12.027	2.699	223
N	11.917	-13.035	3.337	224
CA	13.356	-13.004	3.57	224
C	14.151	-13.208	2.293	224
N	13.629	-14.035	1.391	225
CA	14.258	-14.232	0.091	225
C	14.284	-12.915	-0.667	225
N	13.161	-12.216	-0.603	226
CA	13.009	-10.935	-1.254	226
C	14.028	-9.96	-0.671	226
N	14.086	-9.908	0.662	227
CA	15.093	-9.114	1.367	227
C	16.501	-9.366	0.842	227
N	16.905	-10.632	0.802	228
CA	18.219	-10.966	0.271	228
C	18.412	-10.466	-1.164	228
N	17.4	-10.643	-2.007	229
CA	17.501	-10.213	-3.398	229
C	17.797	-8.715	-3.461	229
N	17.008	-7.938	-2.729	230
CA	17.193	-6.49	-2.736	230
C	18.544	-6.09	-2.149	230
N	19.007	-6.854	-1.164	231
CA	20.347	-6.689	-0.654	231
C	21.356	-6.819	-1.771	231
N	21.194	-7.856	-2.587	232
CA	22.121	-8.106	-3.672	232
C	22.095	-6.951	-4.666	232
N	20.887	-6.501	-5.012	233
CA	20.704	-5.383	-5.957	233
C	21.415	-4.117	-5.459	233
N	21.135	-3.784	-4.206	234
CA	21.818	-2.715	-3.498	234
C	23.345	-2.823	-3.599	234
N	23.89	-4.014	-3.386	235
CA	25.337	-4.151	-3.385	235
C	25.885	-3.977	-4.784	235
N	25.103	-4.376	-5.782	236
CA	25.538	-4.239	-7.17	236
C	25.627	-2.776	-7.549	236
N	24.64	-2.003	-7.109	237
CA	24.602	-0.59	-7.463	237
C	25.8	0.2	-6.901	237
N	26.476	-0.356	-5.893	238
CA	27.689	0.264	-5.356	238
C	28.922	-0.209	-6.134	238
N	28.692	-0.624	-7.38	239
CA	29.756	-0.968	-8.329	239
C	29.61	0.004	-9.505	239
N	28.357	0.467	-9.65	240
CA	27.898	1.691	-10.371	240
C	27.261	1.433	-11.75	240
N	27.964	2.924	-12.111	241
CA	29.126	4.303	-11.956	241
C	29.899	5.858	-12.593	241
N	30.873	7.214	-12.585	242
CA	32.015	8.525	-12.222	242
C	32.8	10.1	-12.791	242
N	33.702	11.487	-12.679	243
CA	34.957	12.686	-12.887	243
C	35.314	14.479	-12.834	243
N	36.46	15.578	-13.139	244
CA	36.749	17.284	-13.259	244
C	37.712	18.779	-13.604	244
N	38.982	19.654	-14.034	245
CA	39.483	21.241	-14.299	245
C	40.853	22.143	-14.959	245
N	41.594	23.556	-15.042	246
CA	42.665	24.654	-15.855	246
C	43.274	26.338	-15.794	246
N	44.431	27.324	-16.218	247
CA	45.075	28.889	-16.424	247
C	46.541	29.656	-16.991	247
N	47.098	31.055	-17.07	248
CA	48.513	31.961	-16.918	248
C	49.017	33.496	-17.324	248
N	50.127	34.607	-17.203	249
CA	51.247	35.525	-17.888	249
C	52.441	36.599	-17.292	249
N	53.528	37.528	-17.77	250
CA	53.983	39.048	-17.953	250
C	55.288	39.731	-18.696	250
N	55.719	41.115	-18.724	251
CA	56.653	42.099	-19.509	251
C	56.491	43.726	-19.37	251
N	57.099	44.952	-19.805	252
CA	57.197	45.735	-21.088	252
C	57.675	47.149	-21.537	252
N	58.256	48.218	-20.88	253
CA	59.129	49.422	-21.202	253
C	58.528	50.703	-21.88	253
N	59.548	51.58	-22.015	254
CA	60.068	52.87	-22.535	254
C	60.482	53.057	-24.004	254
