ATOM	X	Y	Z	RESIDUE
N	20.894	30.686	9.254	1
CA	20.877	31.654	8.134	1
C	22.288	31.762	7.578	1
N	22.471	31.708	6.255	2
CA	23.77	32.023	5.649	2
C	24.0	33.548	5.749	2
N	25.244	34.054	5.817	3
CA	25.533	35.473	6.076	3
C	25.035	36.471	5.012	3
N	24.342	36.02	3.961	4
CA	23.935	36.842	2.818	4
C	22.434	37.139	2.716	4
N	21.584	36.722	3.664	5
CA	20.168	37.148	3.754	5
C	19.236	36.819	2.567	5
N	19.753	36.297	1.455	6
CA	18.995	35.846	0.293	6
C	18.92	34.319	0.297	6
N	17.699	33.782	0.357	7
CA	17.416	32.398	-0.017	7
C	17.837	32.238	-1.484	7
N	18.978	31.586	-1.749	8
CA	19.353	31.186	-3.113	8
C	18.319	30.17	-3.61	8
N	17.231	30.656	-4.207	9
CA	16.308	29.815	-4.965	9
C	17.056	29.236	-6.171	9
N	16.697	28.022	-6.584	10
CA	17.332	27.36	-7.724	10
C	18.446	26.36	-7.397	10
N	18.739	26.068	-6.119	11
CA	19.62	24.937	-5.767	11
C	18.999	23.633	-6.28	11
N	19.788	22.813	-6.973	12
CA	19.383	21.454	-7.34	12
C	19.868	20.418	-6.328	12
N	19.134	19.315	-6.21	13
CA	19.483	18.168	-5.37	13
C	18.816	16.893	-5.904	13
N	19.293	15.729	-5.46	14
CA	18.708	14.433	-5.801	14
C	17.851	13.92	-4.647	14
N	16.705	13.331	-4.971	15
CA	15.881	12.607	-4.01	15
C	15.429	11.277	-4.596	15
N	15.342	10.252	-3.754	16
CA	15.058	8.882	-4.18	16
C	13.905	8.297	-3.382	16
N	12.972	7.65	-4.076	17
CA	11.934	6.818	-3.464	17
C	11.937	5.433	-4.097	17
N	11.529	4.426	-3.331	18
CA	11.341	3.059	-3.817	18
C	9.889	2.597	-3.691	18
N	9.537	1.571	-4.458	19
CA	8.274	0.852	-4.366	19
C	8.479	-0.622	-4.696	19
N	7.533	-1.459	-4.283	20
CA	7.54	-2.901	-4.512	20
C	6.217	-3.358	-5.125	20
N	6.259	-4.462	-5.868	21
CA	5.09	-5.08	-6.489	21
C	4.268	-5.932	-5.523	21
N	3.113	-6.394	-6.006	22
CA	2.152	-7.194	-5.234	22
C	2.751	-8.49	-4.661	22
N	3.741	-9.089	-5.332	23
CA	4.354	-10.352	-4.915	23
C	5.587	-10.227	-4.032	23
N	6.011	-9.008	-3.693	24
CA	7.044	-8.803	-2.684	24
C	6.558	-9.356	-1.341	24
N	7.365	-10.157	-0.637	25
CA	6.936	-10.883	0.573	25
C	6.244	-9.992	1.614	25
N	6.828	-8.836	1.956	26
CA	6.181	-7.869	2.865	26
C	4.839	-7.343	2.332	26
N	4.757	-7.002	1.037	27
CA	3.528	-6.45	0.456	27
C	2.447	-7.509	0.293	27
N	2.833	-8.766	0.101	28
CA	1.917	-9.896	0.178	28
C	1.334	-10.016	1.592	28
N	2.149	-9.867	2.643	29
CA	1.655	-9.853	4.022	29
C	0.683	-8.695	4.276	29
N	1.008	-7.481	3.821	30
CA	0.102	-6.328	3.905	30
C	-1.255	-6.603	3.231	30
N	-1.236	-7.137	2.004	31
CA	-2.454	-7.477	1.263	31
C	-3.269	-8.576	1.947	31
N	-2.621	-9.583	2.54	32
CA	-3.302	-10.644	3.292	32
C	-3.931	-10.073	4.567	32
N	-3.184	-9.281	5.336	33
CA	-3.674	-8.61	6.543	33
C	-4.918	-7.761	6.259	33
N	-4.913	-6.981	5.175	34
CA	-6.079	-6.18	4.796	34
C	-7.209	-6.981	4.138	34
N	-6.92	-8.102	3.474	35
CA	-7.962	-9.022	3.014	35
C	-8.71	-9.657	4.193	35
N	-7.985	-9.995	5.266	36
CA	-8.574	-10.476	6.52	36
C	-9.451	-9.388	7.136	36
N	-8.948	-8.155	7.254	37
CA	-9.74	-7.017	7.73	37
C	-11.024	-6.817	6.91	37
N	-10.919	-6.768	5.581	38
CA	-12.07	-6.587	4.693	38
C	-13.09	-7.726	4.851	38
N	-12.634	-8.97	5.033	39
CA	-13.513	-10.118	5.244	39
C	-14.315	-10.016	6.554	39
N	-13.695	-9.519	7.628	40
CA	-14.376	-9.235	8.893	40
C	-15.361	-8.064	8.751	40
N	-14.924	-6.927	8.194	41
CA	-15.76	-5.727	8.027	41
C	-16.952	-5.923	7.085	41
N	-16.842	-6.839	6.121	42
CA	-17.95	-7.185	5.217	42
C	-19.153	-7.757	5.974	42
N	-18.92	-8.481	7.071	43
CA	-19.976	-9.114	7.869	43
C	-20.281	-8.343	9.161	43
N	-19.265	-7.735	9.773	44
CA	-19.37	-6.963	11.008	44
C	-18.555	-5.66	10.882	44
N	-19.198	-4.535	10.514	45
CA	-18.541	-3.234	10.358	45
C	-17.878	-2.688	11.634	45
N	-18.199	-3.25	12.804	46
CA	-17.626	-2.88	14.104	46
C	-16.506	-3.836	14.552	46
N	-16.048	-4.718	13.654	47
CA	-14.934	-5.63	13.913	47
C	-13.687	-4.876	14.36	47
N	-13.075	-5.368	15.434	48
CA	-11.809	-4.867	15.964	48
C	-10.714	-5.81	15.506	48
N	-9.798	-5.315	14.686	49
CA	-8.823	-6.141	13.967	49
C	-7.433	-5.536	14.133	49
N	-6.49	-6.379	14.537	50
CA	-5.05	-6.167	14.544	50
C	-4.393	-7.458	14.023	50
N	-4.541	-7.716	12.72	51
CA	-4.072	-8.942	12.077	51
C	-2.716	-8.72	11.405	51
N	-1.665	-9.269	11.993	52
CA	-0.34	-9.349	11.393	52
C	-0.217	-10.608	10.525	52
N	0.6	-10.526	9.479	53
CA	0.902	-11.639	8.592	53
C	2.418	-11.798	8.449	53
N	2.888	-13.038	8.559	54
CA	4.274	-13.436	8.299	54
C	4.288	-14.439	7.155	54
N	5.207	-14.267	6.208	55
CA	5.408	-15.202	5.106	55
C	6.855	-15.674	5.009	55
N	7.017	-16.968	4.736	56
CA	8.288	-17.591	4.343	56
C	7.995	-18.791	3.442	56
N	9.016	-19.51	2.984	57
CA	8.905	-20.668	2.085	57
C	7.743	-21.593	2.462	57
N	6.706	-21.617	1.62	58
CA	5.532	-22.476	1.794	58
C	4.648	-22.168	3.008	58
N	4.826	-21.039	3.699	59
CA	4.102	-20.712	4.93	59
C	3.539	-19.29	4.904	59
N	2.27	-19.174	5.294	60
CA	1.631	-17.954	5.787	60
C	1.249	-18.184	7.251	60
N	1.605	-17.257	8.132	61
CA	1.165	-17.218	9.524	61
C	0.371	-15.933	9.744	61
N	-0.875	-16.065	10.191	62
CA	-1.653	-14.96	10.745	62
C	-1.473	-14.936	12.263	62
N	-1.139	-13.783	12.833	63
CA	-1.031	-13.596	14.28	63
C	-1.558	-12.223	14.707	63
N	-1.984	-12.099	15.962	64
CA	-2.525	-10.858	16.517	64
C	-3.934	-11.042	17.069	64
N	-4.741	-9.985	17.007	65
CA	-5.996	-9.907	17.746	65
C	-7.195	-9.573	16.853	65
N	-8.276	-10.349	16.971	66
CA	-9.556	-10.07	16.313	66
C	-10.722	-10.311	17.266	66
N	-11.531	-9.274	17.48	67
CA	-12.839	-9.366	18.141	67
C	-13.911	-8.951	17.141	67
N	-14.766	-9.893	16.748	68
CA	-15.791	-9.696	15.718	68
C	-16.932	-10.7	15.884	68
N	-18.12	-10.346	15.386	69
CA	-19.276	-11.244	15.229	69
C	-19.227	-12.053	13.928	69
N	-18.327	-11.714	13.007	70
CA	-18.23	-12.361	11.707	70
C	-17.693	-13.794	11.806	70
N	-18.14	-14.646	10.884	71
CA	-17.584	-15.989	10.689	71
C	-16.801	-15.981	9.38	71
N	-15.471	-15.971	9.482	72
CA	-14.565	-15.816	8.334	72
C	-13.781	-17.104	8.089	72
N	-13.828	-17.61	6.855	73
CA	-12.937	-18.677	6.391	73
C	-11.558	-18.091	6.045	73
N	-10.675	-18.048	7.045	74
CA	-9.328	-17.491	6.906	74
C	-8.451	-18.285	5.927	74
N	-8.661	-19.602	5.787	75
CA	-7.935	-20.403	4.792	75
C	-8.256	-19.893	3.392	75
N	-9.545	-19.716	3.096	76
CA	-9.987	-19.204	1.804	76
C	-9.506	-17.776	1.555	76
N	-9.662	-16.859	2.514	77
CA	-9.25	-15.446	2.359	77
C	-7.758	-15.322	2.032	77
N	-6.9	-16.04	2.765	78
CA	-5.451	-16.049	2.512	78
C	-5.153	-16.605	1.121	78
N	-5.713	-17.772	0.784	79
CA	-5.426	-18.455	-0.486	79
C	-5.934	-17.672	-1.696	79
N	-7.127	-17.089	-1.623	80
CA	-7.685	-16.247	-2.689	80
C	-6.835	-14.978	-2.904	80
N	-6.258	-14.425	-1.831	81
CA	-5.334	-13.282	-1.916	81
C	-4.027	-13.665	-2.614	81
N	-3.377	-14.754	-2.188	82
CA	-2.135	-15.264	-2.811	82
C	-2.356	-15.623	-4.289	82
N	-3.515	-16.21	-4.615	83
CA	-3.934	-16.487	-5.994	83
C	-4.019	-15.212	-6.835	83
N	-4.63	-14.153	-6.304	84
CA	-4.799	-12.864	-7.004	84
C	-3.455	-12.184	-7.293	84
N	-2.513	-12.294	-6.355	85
CA	-1.136	-11.805	-6.505	85
C	-0.408	-12.539	-7.646	85
N	-0.689	-13.831	-7.837	86
CA	-0.194	-14.63	-8.966	86
C	0.785	-15.743	-8.585	86
N	0.882	-16.074	-7.293	87
CA	1.61	-17.244	-6.798	87
C	0.705	-18.476	-6.817	87
N	0.725	-19.178	-7.943	88
CA	-0.187	-20.268	-8.285	88
C	0.524	-21.534	-8.769	88
N	1.841	-21.624	-8.608	89
CA	2.6	-22.809	-8.977	89
C	3.936	-22.856	-8.23	89
N	4.37	-24.059	-7.849	90
CA	5.659	-24.268	-7.179	90
C	6.863	-23.741	-7.974	90
N	6.784	-23.697	-9.311	91
CA	7.816	-23.124	-10.192	91
C	8.041	-21.624	-9.979	91
N	7.07	-20.911	-9.392	92
CA	7.184	-19.488	-9.029	92
C	7.777	-19.268	-7.632	92
N	8.066	-20.348	-6.901	93
CA	8.574	-20.337	-5.526	93
C	7.491	-20.302	-4.44	93
N	6.214	-20.153	-4.811	94
CA	5.082	-20.149	-3.882	94
C	3.768	-20.49	-4.602	94
N	2.852	-21.184	-3.921	95
CA	1.579	-21.631	-4.499	95
C	0.433	-21.587	-3.477	95
N	-0.627	-20.837	-3.798	96
CA	-1.827	-20.716	-2.965	96
C	-2.547	-22.047	-2.698	96
N	-2.393	-23.052	-3.57	97
CA	-3.067	-24.353	-3.418	97
C	-2.401	-25.234	-2.367	97
N	-1.09	-25.089	-2.192	98
CA	-0.26	-26.039	-1.438	98
C	0.459	-25.416	-0.245	98
N	0.475	-24.083	-0.114	99
CA	1.072	-23.433	1.049	99
C	0.353	-23.805	2.357	99
N	1.126	-23.855	3.439	100
CA	0.618	-23.941	4.794	100
C	0.076	-22.572	5.228	100
N	-1.098	-22.564	5.853	101
CA	-1.709	-21.367	6.437	101
C	-1.961	-21.666	7.908	101
N	-1.158	-21.046	8.766	102
CA	-1.227	-21.143	10.218	102
C	-1.966	-19.926	10.773	102
N	-2.793	-20.142	11.793	103
CA	-3.596	-19.087	12.418	103
C	-3.346	-19.098	13.919	103
N	-2.899	-17.96	14.44	104
CA	-2.665	-17.687	15.858	104
C	-3.314	-16.349	16.238	104
N	-4.617	-16.226	15.968	105
CA	-5.429	-15.056	16.314	105
C	-6.165	-15.287	17.637	105
N	-6.19	-14.274	18.498	106
CA	-6.915	-14.28	19.774	106
C	-7.88	-13.086	19.851	106
N	-8.845	-13.057	20.782	107
CA	-9.635	-11.852	21.018	107
C	-8.761	-10.675	21.471	107
N	-9.17	-9.45	21.133	108
CA	-8.604	-8.247	21.745	108
C	-8.807	-8.305	23.265	108
N	-7.765	-7.967	24.026	109
CA	-7.824	-7.959	25.491	109
C	-8.829	-6.916	26.01	109
N	-9.512	-7.228	27.114	110
CA	-10.572	-6.386	27.684	110
C	-10.075	-5.006	28.105	110
N	-8.863	-4.875	28.641	111
CA	-8.347	-3.584	29.111	111
C	-8.217	-2.559	27.968	111
N	-7.844	-3.01	26.761	112
CA	-7.812	-2.156	25.56	112
C	-9.24	-1.856	25.093	112
N	-10.127	-2.853	25.105	113
CA	-11.545	-2.665	24.775	113
C	-12.197	-1.58	25.638	113
N	-12.016	-1.69	26.951	114
CA	-12.695	-0.889	27.96	114
C	-12.307	0.584	27.858	114
N	-11.012	0.876	27.707	115
CA	-10.56	2.262	27.613	115
C	-10.88	2.925	26.262	115
N	-11.015	2.148	25.18	116
CA	-11.233	2.658	23.815	116
C	-12.72	2.804	23.488	116
N	-13.558	1.839	23.874	117
CA	-14.94	1.736	23.392	117
C	-16.004	1.729	24.494	117
N	-15.78	1.03	25.609	118
CA	-16.86	0.75	26.563	118
C	-17.366	2.019	27.265	118
N	-18.694	2.173	27.32	119
CA	-19.355	3.327	27.94	119
C	-19.174	4.662	27.205	119
N	-18.691	4.654	25.954	120
CA	-18.43	5.863	25.155	120
C	-19.393	6.005	23.982	120
N	-19.702	7.251	23.635	121
CA	-20.414	7.578	22.401	121
C	-19.542	7.301	21.169	121
N	-20.173	7.011	20.028	122
CA	-19.46	6.605	18.808	122
C	-18.484	7.656	18.269	122
N	-18.751	8.945	18.508	123
CA	-17.865	10.049	18.103	123
C	-16.732	10.299	19.121	123
N	-16.882	9.816	20.361	124
CA	-15.976	10.036	21.498	124
C	-15.21	8.782	21.942	124
N	-15.124	7.772	21.073	125
CA	-14.217	6.641	21.287	125
C	-12.779	7.133	21.513	125
N	-12.04	6.431	22.366	126
CA	-10.623	6.706	22.567	126
C	-9.788	6.317	21.345	126
N	-8.585	6.874	21.215	127
CA	-7.593	6.311	20.306	127
C	-7.239	4.876	20.728	127
N	-7.142	3.959	19.761	128
CA	-6.838	2.546	20.009	128
C	-5.423	2.276	20.521	128
N	-4.526	3.253	20.391	129
CA	-3.169	3.244	20.931	129
C	-2.656	4.693	21.041	129
N	-1.523	4.885	21.709	130
CA	-0.722	6.091	21.564	130
C	0.046	6.087	20.24	130
N	0.435	7.267	19.775	131
CA	1.346	7.368	18.645	131
C	1.346	8.745	18.016	131
N	2.193	8.899	17.007	132
CA	2.245	10.076	16.153	132
C	2.061	9.654	14.697	132
N	1.407	10.489	13.901	133
CA	1.092	10.234	12.5	133
C	1.392	11.481	11.683	133
N	1.74	11.284	10.411	134
CA	2.057	12.381	9.508	134
C	1.218	12.358	8.232	134
N	0.748	13.544	7.872	135
CA	0.107	13.879	6.615	135
C	1.048	14.7	5.758	135
N	1.208	14.372	4.483	136
CA	2.037	15.169	3.583	136
C	1.338	15.41	2.251	136
N	1.532	16.607	1.7	137
CA	1.116	16.972	0.355	137
C	2.105	17.971	-0.265	137
N	2.256	17.888	-1.583	138
CA	3.148	18.708	-2.42	138
C	2.423	19.038	-3.72	138
N	2.625	20.218	-4.296	139
CA	1.996	20.634	-5.555	139
C	2.747	20.16	-6.81	139
N	3.815	19.374	-6.647	140
CA	4.653	18.914	-7.761	140
C	3.939	17.947	-8.725	140
N	2.835	17.33	-8.289	141
CA	1.945	16.498	-9.114	141
C	0.475	16.819	-8.849	141
N	-0.4	16.451	-9.788	142
CA	-1.843	16.674	-9.663	142
C	-2.438	15.915	-8.469	142
N	-1.931	14.714	-8.204	143
CA	-2.334	13.842	-7.104	143
C	-1.872	14.364	-5.725	143
N	-1.135	15.476	-5.704	144
CA	-0.48	16.068	-4.546	144
C	0.524	15.135	-3.848	144
N	1.275	14.354	-4.622	145
CA	2.255	13.376	-4.14	145
C	3.646	13.63	-4.732	145
N	4.724	13.159	-4.082	146
CA	6.046	13.22	-4.685	146
C	6.117	12.44	-6.001	146
N	6.723	13.034	-7.029	147
CA	6.898	12.398	-8.332	147
C	7.739	11.118	-8.217	147
N	8.749	11.1	-7.34	148
CA	9.617	9.932	-7.111	148
C	8.821	8.674	-6.762	148
N	7.952	8.743	-5.746	149
CA	7.18	7.583	-5.283	149
C	6.06	7.216	-6.262	149
N	5.417	8.207	-6.894	150
CA	4.405	7.953	-7.924	150
C	4.98	7.185	-9.117	150
N	6.157	7.579	-9.612	151
CA	6.817	6.863	-10.703	151
C	7.213	5.447	-10.27	151
N	7.775	5.273	-9.069	152
CA	8.115	3.949	-8.546	152
C	6.878	3.024	-8.45	152
N	5.745	3.518	-7.941	153
CA	4.486	2.762	-7.936	153
C	4.028	2.386	-9.348	153
N	3.993	3.361	-10.266	154
CA	3.517	3.164	-11.643	154
C	4.39	2.163	-12.415	154
N	5.702	2.11	-12.157	155
CA	6.602	1.102	-12.737	155
C	6.231	-0.323	-12.288	155
N	6.009	-0.552	-10.986	156
CA	5.553	-1.861	-10.491	156
C	4.166	-2.233	-11.027	156
N	3.238	-1.274	-11.064	157
CA	1.898	-1.501	-11.602	157
C	1.949	-1.905	-13.082	157
N	2.802	-1.247	-13.881	158
CA	2.981	-1.588	-15.295	158
C	3.551	-2.994	-15.487	158
N	4.497	-3.427	-14.652	159
CA	5.005	-4.806	-14.704	159
C	3.903	-5.836	-14.417	159
N	3.05	-5.59	-13.412	160
CA	1.883	-6.443	-13.128	160
C	0.917	-6.496	-14.314	160
N	0.631	-5.357	-14.945	161
CA	-0.218	-5.277	-16.141	161
C	0.343	-6.129	-17.294	161
N	1.642	-6.008	-17.59	162
CA	2.295	-6.755	-18.673	162
C	2.35	-8.266	-18.407	162
N	2.519	-8.669	-17.144	163
CA	2.429	-10.072	-16.724	163
C	1.005	-10.602	-16.934	163
N	-0.003	-9.887	-16.413	164
CA	-1.417	-10.295	-16.466	164
C	-1.986	-10.353	-17.887	164
N	-1.538	-9.465	-18.771	165
CA	-1.959	-9.429	-20.185	165
C	-1.217	-10.437	-21.064	165
N	-0.182	-11.106	-20.543	166
CA	0.637	-12.052	-21.301	166
C	1.616	-11.4	-22.282	166
N	1.782	-10.071	-22.252	167
CA	2.759	-9.351	-23.094	167
C	4.197	-9.619	-22.636	167
N	4.396	-9.765	-21.324	168
CA	5.656	-10.184	-20.711	168
C	5.377	-11.337	-19.729	168
N	5.074	-12.554	-20.224	169
CA	4.629	-13.672	-19.383	169
C	5.736	-14.207	-18.461	169
N	6.986	-13.829	-18.73	170
CA	8.158	-14.144	-17.922	170
C	8.244	-13.328	-16.624	170
N	7.475	-12.238	-16.479	171
CA	7.438	-11.431	-15.25	171
C	6.687	-12.204	-14.165	171
N	7.383	-12.502	-13.068	172
CA	6.82	-13.112	-11.866	172
C	6.453	-12.04	-10.814	172
N	5.649	-12.38	-9.784	173
CA	5.005	-11.379	-8.926	173
C	5.933	-10.49	-8.077	173
N	7.121	-10.962	-7.68	174
CA	8.049	-10.185	-6.845	174
C	8.832	-9.158	-7.674	174
N	8.673	-7.878	-7.344	175
CA	9.374	-6.789	-8.014	175
C	9.685	-5.631	-7.072	175
N	10.766	-4.914	-7.382	176
CA	11.229	-3.708	-6.695	176
C	11.628	-2.667	-7.729	176
N	11.263	-1.418	-7.483	177
CA	11.648	-0.285	-8.327	177
C	12.122	0.865	-7.465	177
N	13.113	1.608	-7.936	178
CA	13.6	2.809	-7.272	178
C	13.786	3.917	-8.302	178
N	13.341	5.128	-7.972	179
CA	13.432	6.29	-8.859	179
C	14.1	7.434	-8.114	179
N	15.221	7.897	-8.66	180
CA	15.925	9.103	-8.225	180
C	15.592	10.234	-9.185	180
N	15.049	11.331	-8.667	181
CA	14.713	12.538	-9.43	181
C	15.627	13.673	-8.986	181
N	16.085	14.452	-9.958	182
CA	16.719	15.738	-9.723	182
C	15.641	16.807	-9.569	182
N	15.688	17.515	-8.448	183
CA	14.759	18.577	-8.098	183
C	15.462	19.922	-8.059	183
N	14.703	20.983	-8.321	184
CA	15.07	22.37	-8.042	184
C	14.227	22.894	-6.878	184
N	14.867	23.538	-5.901	185
CA	14.151	24.283	-4.858	185
C	13.553	25.569	-5.442	185
N	12.228	25.679	-5.362	186
CA	11.462	26.848	-5.761	186
C	10.744	27.452	-4.545	186
N	11.523	28.106	-3.677	187
CA	11.039	28.76	-2.454	187
C	10.315	27.765	-1.533	187
N	10.959	26.623	-1.272	188
CA	10.438	25.556	-0.408	188
C	9.504	24.552	-1.097	188
N	8.938	24.905	-2.257	189
CA	8.251	23.961	-3.137	189
C	9.264	23.201	-4.006	189
N	8.961	21.946	-4.339	190
CA	9.879	21.058	-5.057	190
C	9.487	20.988	-6.533	190
N	10.384	21.398	-7.429	191
CA	10.171	21.324	-8.879	191
C	10.972	20.143	-9.462	191
N	10.325	19.068	-9.956	192
CA	11.019	17.976	-10.632	192
C	11.621	18.446	-11.961	192
N	12.932	18.276	-12.134	193
CA	13.659	18.68	-13.348	193
C	13.797	17.503	-14.31	193
N	14.342	16.379	-13.831	194
CA	14.592	15.167	-14.627	194
C	14.725	13.928	-13.748	194
N	14.542	12.749	-14.329	195
CA	14.855	11.472	-13.682	195
C	16.35	11.201	-13.827	195
N	17.033	11.113	-12.689	196
CA	18.464	10.85	-12.609	196
C	18.79	9.365	-12.717	196
N	18.116	8.523	-11.932	197
CA	18.362	7.076	-11.919	197
C	17.055	6.309	-11.822	197
N	16.951	5.22	-12.582	198
CA	15.879	4.227	-12.468	198
C	16.496	2.867	-12.163	198
N	15.999	2.201	-11.125	199
CA	16.337	0.814	-10.79	199
C	15.081	-0.031	-10.918	199
N	15.181	-1.175	-11.591	200
CA	14.123	-2.188	-11.63	200
C	14.758	-3.553	-11.39	200
N	14.279	-4.264	-10.374	201
CA	14.547	-5.688	-10.161	201
C	13.217	-6.421	-10.157	201
N	13.111	-7.493	-10.931	202
CA	11.871	-8.255	-11.069	202
C	12.204	-9.733	-11.134	202
N	11.47	-10.532	-10.367	203
CA	11.554	-11.977	-10.425	203
C	11.116	-12.43	-11.82	203
N	11.837	-13.379	-12.41	204
CA	11.578	-13.792	-13.784	204
C	11.66	-15.304	-13.988	204
N	10.988	-15.787	-15.036	205
CA	11.117	-17.168	-15.504	205
C	12.547	-17.465	-15.99	205
N	12.999	-18.73	-15.941	206
CA	14.357	-19.1	-16.345	206
C	14.621	-18.978	-17.855	206
N	13.575	-18.979	-18.685	207
CA	13.691	-19.145	-20.143	207
C	13.948	-17.846	-20.934	207
N	14.144	-16.705	-20.265	208
CA	14.396	-15.41	-20.917	208
C	15.836	-14.929	-20.696	208
N	16.43	-14.318	-21.725	209
CA	17.784	-13.761	-21.642	209
C	17.809	-12.434	-20.876	209
N	18.942	-12.115	-20.241	210
CA	19.127	-10.827	-19.558	210
C	18.99	-9.633	-20.519	210
N	19.409	-9.797	-21.773	211
CA	19.285	-8.769	-22.807	211
C	17.813	-8.476	-23.121	211
N	17.007	-9.518	-23.342	212
CA	15.569	-9.38	-23.582	212
C	14.842	-8.786	-22.375	212
N	15.205	-9.183	-21.148	213
CA	14.646	-8.575	-19.932	213
C	14.923	-7.07	-19.939	213
N	16.184	-6.658	-20.125	214
CA	16.573	-5.239	-20.107	214
C	15.872	-4.444	-21.2	214
N	15.784	-4.997	-22.407	215
CA	15.068	-4.38	-23.517	215
C	13.577	-4.199	-23.196	215
N	12.899	-5.255	-22.734	216
CA	11.48	-5.187	-22.386	216
C	11.21	-4.216	-21.224	216
N	12.052	-4.207	-20.184	217
CA	11.936	-3.253	-19.078	217
C	12.105	-1.809	-19.565	217
N	13.039	-1.548	-20.479	218
CA	13.216	-0.21	-21.039	218
C	11.998	0.225	-21.867	218
N	11.649	-0.545	-22.899	219
CA	10.658	-0.126	-23.895	219
C	9.22	-0.205	-23.376	219
N	8.879	-1.261	-22.628	220
CA	7.488	-1.544	-22.234	220
C	7.138	-1.06	-20.829	220
N	8.136	-0.768	-19.988	221
CA	7.924	-0.325	-18.598	221
C	8.408	1.108	-18.405	221
N	9.708	1.375	-18.553	222
CA	10.291	2.7	-18.276	222
C	9.717	3.766	-19.204	222
N	9.823	3.58	-20.525	223
CA	9.323	4.552	-21.513	223
C	7.797	4.664	-21.539	223
N	7.092	3.619	-21.105	224
CA	5.635	3.624	-21.015	224
C	5.117	4.404	-19.795	224
N	5.904	4.475	-18.716	225
CA	5.493	5.083	-17.442	225
C	6.076	6.475	-17.248	225
N	7.369	6.656	-17.52	226
CA	8.062	7.909	-17.23	226
C	7.882	8.861	-18.418	226
N	7.286	10.055	-18.221	227
CA	7.154	11.038	-19.288	227
C	8.508	11.376	-19.918	227
N	8.571	11.369	-21.253	228
CA	9.811	11.572	-22.009	228
C	10.549	12.872	-21.645	228
N	9.826	13.925	-21.237	229
CA	10.416	15.198	-20.78	229
C	11.345	15.07	-19.563	229
N	11.255	13.973	-18.809	230
CA	12.11	13.708	-17.653	230
C	13.259	12.74	-17.962	230
N	13.311	12.158	-19.162	231
CA	14.349	11.216	-19.573	231
C	15.306	11.899	-20.551	231
N	16.607	11.744	-20.33	232
CA	17.643	12.261	-21.224	232
C	18.823	11.285	-21.362	232
N	19.847	11.703	-22.106	233
CA	21.079	10.95	-22.356	233
C	21.931	10.726	-21.094	233
N	21.632	11.434	-19.998	234
CA	22.307	11.308	-18.7	234
C	21.521	10.457	-17.706	234
N	20.323	9.978	-18.045	235
CA	19.552	9.117	-17.139	235
C	20.247	7.762	-17.002	235
N	20.48	7.34	-15.759	236
CA	21.141	6.073	-15.439	236
C	20.082	4.987	-15.252	236
N	20.252	3.853	-15.93	237
CA	19.312	2.736	-15.87	237
C	19.978	1.476	-15.309	237
N	19.529	1.042	-14.133	238
CA	19.889	-0.239	-13.529	238
C	18.729	-1.227	-13.7	238
N	18.671	-1.866	-14.872	239
CA	17.621	-2.822	-15.238	239
C	18.103	-4.259	-14.997	239
N	17.48	-4.923	-14.023	240
CA	17.903	-6.194	-13.433	240
C	19.411	-6.197	-13.089	240
N	19.862	-5.325	-12.163	241
CA	21.285	-5.16	-11.86	241
C	21.925	-6.41	-11.241	241
N	21.143	-7.288	-10.599	242
CA	21.624	-8.578	-10.081	242
C	21.988	-9.581	-11.183	242
N	21.612	-9.313	-12.437	243
CA	21.793	-10.208	-13.581	243
C	20.831	-11.4	-13.604	243
N	20.459	-11.943	-12.44	244
CA	19.436	-12.986	-12.281	244
C	18.582	-12.725	-11.044	244
N	17.295	-13.045	-11.136	245
CA	16.372	-13.059	-10.003	245
C	15.316	-14.158	-10.206	245
N	15.738	-15.415	-10.046	246
CA	14.884	-16.591	-10.274	246
C	14.085	-16.974	-9.016	246
N	14.755	-16.97	-7.859	247
CA	14.157	-17.256	-6.555	247
C	13.647	-15.95	-5.944	247
N	12.331	-15.755	-5.929	248
CA	11.681	-14.565	-5.377	248
C	10.601	-14.905	-4.358	248
N	9.868	-13.879	-3.938	249
CA	8.765	-14.017	-2.998	249
C	9.197	-14.59	-1.645	249
N	8.277	-15.251	-0.918	250
CA	8.554	-15.78	0.419	250
C	9.706	-16.791	0.469	250
N	9.988	-17.466	-0.651	251
CA	11.132	-18.366	-0.775	251
C	12.45	-17.586	-0.694	251
N	12.559	-16.483	-1.44	252
CA	13.742	-15.623	-1.465	252
C	13.927	-14.802	-0.187	252
N	12.861	-14.185	0.325	253
CA	12.932	-13.236	1.445	253
C	11.725	-13.383	2.38	253
N	11.928	-13.231	3.69	254
CA	10.821	-13.289	4.646	254
C	9.948	-12.036	4.506	254
N	8.63	-12.196	4.587	255
CA	7.688	-11.082	4.541	255
C	7.014	-10.856	5.879	255
N	6.854	-9.601	6.287	256
CA	6.022	-9.226	7.428	256
C	5.154	-8.008	7.092	256
N	3.925	-8.005	7.605	257
CA	3.027	-6.843	7.578	257
C	3.727	-5.62	8.17	257
N	3.514	-4.445	7.575	258
CA	4.051	-3.202	8.126	258
C	5.561	-3.011	7.964	258
N	6.226	-3.751	7.067	259
CA	7.656	-3.545	6.741	259
C	7.9	-2.675	5.51	259
N	6.832	-2.103	4.949	260
CA	6.859	-1.227	3.769	260
C	6.197	0.136	4.009	260
N	6.203	0.617	5.255	261
CA	5.532	1.862	5.677	261
C	5.939	3.123	4.89	261
N	7.187	3.207	4.417	262
CA	7.642	4.341	3.594	262
C	7.184	4.208	2.134	262
N	7.059	2.975	1.631	263
CA	6.437	2.687	0.328	263
C	4.94	2.982	0.384	263
N	4.284	2.688	1.505	264
CA	2.849	2.929	1.689	264
C	2.481	4.412	1.765	264
N	3.443	5.254	2.147	265
CA	3.242	6.68	2.396	265
C	3.894	7.55	1.325	265
N	4.996	8.226	1.648	266
CA	5.511	9.354	0.87	266
C	6.91	9.096	0.297	266
N	7.402	7.853	0.32	267
CA	8.672	7.488	-0.312	267
C	9.895	8.217	0.252	267
N	9.88	8.552	1.542	268
CA	10.947	9.275	2.242	268
C	10.693	10.777	2.378	268
N	9.713	11.328	1.658	269
CA	9.283	12.714	1.829	269
C	8.401	12.897	3.069	269
N	8.251	14.147	3.509	270
CA	7.388	14.492	4.637	270
C	7.909	13.914	5.952	270
N	7.12	13.037	6.569	271
CA	7.449	12.352	7.814	271
C	6.692	11.031	7.933	271
N	7.118	10.187	8.871	272
CA	6.446	8.935	9.205	272
C	6.506	8.702	10.713	272
N	5.399	8.258	11.305	273
CA	5.29	8.115	12.757	273
C	5.697	6.753	13.314	273
N	5.788	5.75	12.44	274
CA	6.272	4.4	12.75	274
C	5.187	3.329	12.66	274
N	3.926	3.698	12.89	275
CA	2.785	2.791	12.811	275
C	2.532	2.231	11.409	275
N	2.369	0.911	11.31	276
CA	1.896	0.239	10.099	276
C	0.391	0.45	9.88	276
N	-0.075	0.325	8.634	277
CA	-1.495	0.466	8.297	277
C	-2.219	-0.877	8.223	277
N	-1.731	-1.781	7.373	278
CA	-2.367	-3.053	7.012	278
C	-2.806	-3.882	8.218	278
N	-3.978	-4.515	8.128	279
CA	-4.499	-5.404	9.172	279
C	-5.136	-4.704	10.367	279
N	-5.322	-3.381	10.311	280
CA	-5.839	-2.586	11.431	280
C	-7.184	-1.933	11.124	280
N	-8.144	-2.052	12.038	281
CA	-9.419	-1.329	11.944	281
C	-9.264	0.182	12.224	281
N	-10.347	0.942	12.046	282
CA	-10.33	2.403	12.133	282
C	-9.937	2.955	13.513	282
N	-10.097	2.193	14.603	283
CA	-9.748	2.674	15.944	283
C	-8.236	2.774	16.151	283
N	-7.437	2.091	15.32	284
CA	-5.973	2.164	15.352	284
C	-5.539	3.427	14.622	284
N	-5.224	4.446	15.415	285
CA	-4.875	5.789	14.935	285
C	-3.64	5.823	14.041	285
N	-2.784	4.797	14.077	286
CA	-1.718	4.598	13.087	286
C	-2.23	4.747	11.652	286
N	-3.382	4.134	11.359	287
CA	-4.025	4.162	10.047	287
C	-4.962	5.353	9.911	287
N	-5.967	5.455	10.781	288
CA	-7.022	6.468	10.64	288
C	-6.49	7.887	10.845	288
N	-5.587	8.078	11.809	289
CA	-4.888	9.339	12.041	289
C	-3.988	9.732	10.87	289
N	-3.263	8.787	10.261	290
CA	-2.453	9.064	9.07	290
C	-3.31	9.415	7.841	290
N	-4.426	8.711	7.618	291
CA	-5.369	9.03	6.539	291
C	-5.992	10.417	6.731	291
N	-6.401	10.752	7.958	292
CA	-6.907	12.079	8.29	292
C	-5.831	13.159	8.108	292
N	-4.593	12.913	8.544	293
CA	-3.494	13.851	8.345	293
C	-3.215	14.087	6.849	293
N	-3.215	13.028	6.023	294
CA	-3.121	13.138	4.557	294
C	-4.26	13.985	3.998	294
N	-5.483	13.739	4.454	295
CA	-6.663	14.473	4.016	295
C	-6.567	15.968	4.335	295
N	-6.112	16.322	5.541	296
CA	-5.822	17.709	5.936	296
C	-4.756	18.315	5.023	296
N	-3.601	17.655	4.884	297
CA	-2.484	18.145	4.078	297
C	-2.894	18.396	2.616	297
N	-3.589	17.435	1.995	298
CA	-4.079	17.563	0.617	298
C	-5.107	18.685	0.484	298
N	-5.981	18.858	1.476	299
CA	-6.981	19.932	1.482	299
C	-6.332	21.315	1.539	299
N	-5.298	21.508	2.367	300
CA	-4.548	22.77	2.443	300
C	-3.876	23.124	1.102	300
N	-3.215	22.151	0.458	301
CA	-2.57	22.358	-0.854	301
C	-3.605	22.626	-1.951	301
N	-4.699	21.853	-2.011	302
CA	-5.767	22.061	-3.01	302
C	-6.552	23.358	-2.792	302
N	-6.635	23.854	-1.557	303
CA	-7.166	25.179	-1.236	303
C	-6.2	26.327	-1.592	303
N	-4.996	26.018	-2.101	304
CA	-3.934	26.978	-2.444	304
C	-3.474	27.83	-1.255	304
N	-3.585	27.297	-0.037	305
CA	-3.06	27.945	1.168	305
C	-1.544	27.765	1.289	305
N	-1.023	26.667	0.75	306
CA	0.397	26.361	0.686	306
C	0.681	25.497	-0.548	306
N	1.954	25.39	-0.936	307
CA	2.385	24.516	-2.045	307
C	2.922	23.176	-1.553	307
N	3.398	23.129	-0.31	308
CA	3.921	21.933	0.344	308
C	3.644	22.01	1.835	308
N	3.158	20.922	2.421	309
CA	2.825	20.894	3.848	309
C	3.046	19.523	4.464	309
N	3.525	19.526	5.705	310
CA	3.587	18.379	6.598	310
C	2.675	18.656	7.795	310
N	1.774	17.731	8.088	311
CA	0.856	17.778	9.226	311
C	1.258	16.67	10.182	311
N	1.467	16.982	11.455	312
CA	1.661	15.987	12.509	312
C	0.417	15.941	13.393	312
N	-0.024	14.741	13.757	313
CA	-1.074	14.509	14.755	313
C	-0.542	13.479	15.754	313
N	-0.866	13.603	17.041	314
CA	-0.545	12.572	18.037	314
C	-1.707	12.269	18.977	314
N	-1.737	11.051	19.517	315
CA	-2.764	10.571	20.445	315
C	-2.134	9.825	21.623	315
N	-2.915	9.672	22.691	316
CA	-2.697	8.683	23.74	316
C	-3.866	7.693	23.755	316
N	-3.581	6.437	24.106	317
CA	-4.592	5.38	24.179	317
C	-5.764	5.795	25.081	317
N	-6.992	5.537	24.632	318
CA	-8.208	5.88	25.37	318
C	-8.583	7.372	25.362	318
N	-7.796	8.256	24.739	319
CA	-8.12	9.686	24.607	319
C	-8.596	9.973	23.182	319
N	-9.772	10.591	23.06	320
CA	-10.449	10.809	21.776	320
C	-9.82	11.961	20.989	320
N	-9.538	13.087	21.65	321
CA	-8.911	14.242	21.008	321
C	-7.398	14.038	20.822	321
N	-6.805	14.555	19.729	322
CA	-5.356	14.586	19.588	322
C	-4.678	15.335	20.742	322
N	-3.526	14.836	21.192	323
CA	-2.658	15.534	22.146	323
C	-1.969	16.736	21.497	323
N	-1.61	16.601	20.221	324
CA	-1.025	17.678	19.433	324
C	-1.46	17.605	17.975	324
N	-1.532	18.783	17.353	325
CA	-1.647	18.968	15.907	325
C	-0.648	20.053	15.514	325
N	0.21	19.777	14.536	326
CA	1.211	20.728	14.038	326
C	1.173	20.794	12.519	326
N	1.396	21.984	11.965	327
CA	1.387	22.244	10.523	327
C	2.71	22.893	10.146	327
N	3.44	22.293	9.208	328
CA	4.707	22.815	8.703	328
C	4.6	23.077	7.202	328
N	4.637	24.339	6.771	329
CA	4.358	24.709	5.37	329
C	5.62	24.947	4.523	329
N	6.814	24.693	5.071	330
CA	8.104	24.804	4.369	330
C	8.371	26.178	3.717	330
N	7.825	27.27	4.262	331
CA	7.915	28.598	3.631	331
C	7.035	28.807	2.385	331
N	6.151	27.861	2.043	332
CA	5.345	27.893	0.805	332
C	3.948	28.509	0.939	332
N	3.66	29.13	2.079	333
CA	2.395	29.789	2.403	333
C	2.632	31.286	2.585	333
N	1.632	32.108	2.262	334
CA	1.617	33.533	2.64	334
C	1.072	33.763	4.053	334
N	0.443	32.742	4.645	335
CA	-0.007	32.678	6.044	335
C	1.029	31.928	6.876	335
N	1.179	32.281	8.145	336
CA	2.053	31.538	9.054	336
C	1.449	30.181	9.47	336
N	2.256	29.365	10.147	337
CA	1.881	28.011	10.566	337
C	0.774	28.006	11.636	337
N	0.691	29.052	12.467	338
CA	-0.339	29.201	13.502	338
C	-1.715	29.485	12.88	338
N	-1.786	30.383	11.897	339
CA	-3.014	30.672	11.153	339
C	-3.492	29.442	10.362	339
N	-2.576	28.706	9.716	340
CA	-2.93	27.436	9.072	340
C	-3.455	26.404	10.08	340
N	-2.867	26.319	11.276	341
CA	-3.33	25.423	12.333	341
C	-4.749	25.778	12.803	341
N	-5.08	27.06	12.956	342
CA	-6.439	27.488	13.313	342
C	-7.455	27.175	12.204	342
N	-7.07	27.329	10.931	343
CA	-7.886	26.865	9.798	343
C	-8.125	25.352	9.895	343
N	-7.103	24.558	10.231	344
CA	-7.255	23.106	10.414	344
C	-8.232	22.801	11.551	344
N	-8.031	23.368	12.746	345
CA	-8.903	23.138	13.914	345
C	-10.361	23.525	13.655	345
N	-10.604	24.583	12.876	346
CA	-11.958	25.036	12.518	346
C	-12.677	24.099	11.54	346
N	-11.936	23.387	10.69	347
CA	-12.5	22.616	9.576	347
C	-12.455	21.093	9.785	347
N	-11.616	20.601	10.696	348
CA	-11.403	19.176	10.926	348
C	-11.558	18.829	12.401	348
N	-12.483	17.914	12.679	349
CA	-12.513	17.184	13.936	349
C	-11.745	15.876	13.741	349
N	-10.648	15.751	14.479	350
CA	-9.693	14.659	14.358	350
C	-9.913	13.585	15.433	350
N	-11.065	13.545	16.114	351
CA	-11.41	12.388	16.956	351
C	-11.563	11.128	16.086	351
N	-11.03	9.949	16.471	352
CA	-11.143	8.719	15.676	352
C	-12.59	8.346	15.324	352
N	-13.526	8.593	16.249	353
CA	-14.965	8.392	16.061	353
C	-15.618	9.326	15.033	353
N	-15.028	10.497	14.781	354
CA	-15.462	11.413	13.714	354
C	-14.739	11.104	12.404	354
N	-13.443	10.781	12.464	355
CA	-12.642	10.379	11.299	355
C	-13.275	9.178	10.586	355
N	-13.707	8.149	11.326	356
CA	-14.355	6.963	10.735	356
C	-15.614	7.304	9.947	356
N	-16.371	8.31	10.39	357
CA	-17.6	8.775	9.744	357
C	-17.29	9.613	8.506	357
N	-16.398	10.597	8.626	358
CA	-16.019	11.492	7.52	358
C	-15.293	10.743	6.389	358
N	-14.5	9.723	6.734	359
CA	-13.699	8.945	5.785	359
C	-14.26	7.545	5.498	359
N	-15.439	7.211	6.028	360
CA	-16.169	5.967	5.741	360
C	-15.335	4.689	5.999	360
N	-14.6	4.684	7.119	361
CA	-13.557	3.692	7.437	361
C	-14.1	2.359	7.983	361
N	-15.412	2.136	7.965	362
CA	-15.977	0.798	8.223	362
C	-16.179	-0.009	6.94	362
N	-15.948	0.592	5.765	363
CA	-16.092	-0.107	4.485	363
C	-14.942	-1.087	4.228	363
N	-15.23	-2.268	3.65	364
CA	-14.215	-3.243	3.263	364
C	-13.521	-2.817	1.954	364
N	-12.614	-1.844	2.054	365
CA	-11.848	-1.277	0.93	365
C	-10.331	-1.358	1.137	365
N	-9.879	-1.984	2.22	366
CA	-8.511	-1.884	2.704	366
C	-7.525	-2.679	1.861	366
N	-7.906	-3.843	1.328	367
CA	-7.008	-4.647	0.492	367
C	-6.524	-3.859	-0.734	367
N	-7.362	-2.957	-1.265	368
CA	-6.992	-2.077	-2.385	368
C	-5.929	-1.046	-2.008	368
N	-5.785	-0.714	-0.728	369
CA	-4.781	0.237	-0.223	369
C	-3.412	-0.416	-0.034	369
N	-3.391	-1.726	0.23	370
CA	-2.223	-2.492	0.656	370
C	-1.136	-2.722	-0.412	370
N	-1.272	-2.187	-1.626	371
CA	-0.219	-2.163	-2.643	371
C	-0.348	-0.896	-3.495	371
N	0.77	-0.404	-4.041	372
CA	0.848	0.826	-4.85	372
C	0.519	2.129	-4.101	372
N	0.79	2.156	-2.794	373
CA	0.622	3.33	-1.941	373
C	-0.821	3.542	-1.483	373
N	-0.973	3.984	-0.234	374
CA	-2.273	4.333	0.347	374
C	-2.762	5.714	-0.122	374
N	-1.849	6.542	-0.64	375
CA	-2.078	7.949	-0.959	375
C	-1.85	8.265	-2.438	375
N	-2.465	9.353	-2.902	376
CA	-2.36	9.84	-4.282	376
C	-3.203	9.094	-5.311	376
N	-4.028	8.134	-4.893	377
CA	-4.886	7.356	-5.791	377
C	-6.343	7.76	-5.65	377
N	-7.038	7.858	-6.772	378
CA	-8.473	8.127	-6.765	378
C	-9.279	6.974	-6.145	378
N	-10.513	7.278	-5.736	379
CA	-11.444	6.307	-5.154	379
C	-11.438	6.241	-3.626	379
N	-10.47	6.872	-2.955	380
CA	-10.392	6.897	-1.493	380
C	-10.901	8.218	-0.885	380
N	-11.668	8.188	0.224	381
CA	-12.231	9.396	0.838	381
C	-11.186	10.43	1.276	381
N	-10.057	9.997	1.85	382
CA	-8.97	10.895	2.278	382
C	-8.259	11.605	1.118	382
N	-8.448	11.14	-0.118	383
CA	-7.904	11.786	-1.312	383
C	-8.854	12.841	-1.907	383
N	-10.081	12.984	-1.38	384
CA	-11.045	14.023	-1.775	384
C	-10.883	15.251	-0.868	384
N	-10.274	16.354	-1.338	385
CA	-9.992	17.507	-0.483	385
C	-11.28	18.109	0.101	385
N	-11.261	18.433	1.397	386
CA	-12.34	19.163	2.07	386
C	-12.316	20.623	1.623	386
N	-13.485	21.197	1.328	387
CA	-13.605	22.643	1.105	387
C	-13.438	23.358	2.447	387
N	-12.397	24.177	2.566	388
CA	-12.052	24.873	3.806	388
C	-12.752	26.235	3.903	388
N	-13.096	26.638	5.126	389
CA	-13.615	27.964	5.483	389
C	-12.507	28.726	6.218	389
N	-12.026	29.826	5.634	390
CA	-10.943	30.667	6.158	390
C	-11.027	32.113	5.664	390
