ATOM	X	Y	Z	RESIDUE
N	32.831	7.213	7.84	1
CA	31.4	6.906	7.888	1
C	31.128	5.544	8.576	1
N	29.864	5.316	8.933	2
CA	29.443	4.031	9.583	2
C	29.901	2.785	8.779	2
N	30.364	1.714	9.45	3
CA	30.694	0.41	8.778	3
C	30.101	-0.78	9.544	3
N	29.252	-0.491	10.482	4
CA	28.63	-1.529	11.303	4
C	27.61	-2.322	10.517	4
N	27.336	-3.513	11.0	5
CA	26.31	-4.355	10.408	5
C	26.0	-5.534	11.32	5
N	25.642	-6.654	10.646	6
CA	25.172	-7.882	11.25	6
C	25.932	-9.041	10.56	6
N	27.076	-8.711	9.961	7
CA	27.898	-9.736	9.354	7
C	28.819	-10.417	10.343	7
N	29.795	-11.096	9.79	8
CA	30.713	-11.868	10.606	8
C	31.82	-11.06	11.3	8
N	32.042	-9.813	10.886	9
CA	33.123	-8.987	11.412	9
C	32.8	-7.59	11.953	9
N	31.554	-7.187	11.819	10
CA	31.055	-5.861	12.08	10
C	29.758	-5.843	12.866	10
N	29.399	-6.987	13.456	11
CA	28.152	-7.205	14.144	11
C	28.087	-6.606	15.528	11
N	26.978	-6.807	16.233	12
CA	26.734	-6.209	17.541	12
C	27.851	-6.216	18.526	12
N	28.646	-7.261	18.571	13
CA	29.708	-7.324	19.561	13
C	30.857	-6.376	19.244	13
N	30.833	-5.809	18.051	14
CA	31.851	-4.881	17.659	14
C	31.423	-3.411	17.791	14
N	30.13	-3.156	17.908	15
CA	29.612	-1.809	17.811	15
C	30.191	-0.834	18.829	15
N	30.558	-1.353	19.995	16
CA	31.018	-0.475	21.052	16
C	32.269	0.317	20.655	16
N	33.055	-0.155	19.714	17
CA	34.31	0.529	19.353	17
C	34.023	1.853	18.717	17
N	33.062	1.899	17.842	18
CA	32.66	3.15	17.265	18
C	31.596	3.897	18.04	18
N	30.829	3.197	18.852	19
CA	29.691	3.739	19.575	19
C	29.749	3.274	21.029	19
N	30.62	3.869	21.835	20
CA	30.837	3.347	23.183	20
C	29.602	3.3	24.077	20
N	28.554	4.047	23.737	21
CA	27.295	3.996	24.474	21
C	26.689	2.582	24.376	21
N	27.208	1.713	23.493	22
CA	26.762	0.32	23.393	22
C	26.846	-0.415	24.712	22
N	27.79	0.014	25.575	23
CA	27.977	-0.553	26.896	23
C	27.377	0.341	28.019	23
N	26.4	1.154	27.634	24
CA	25.806	2.147	28.503	24
C	24.839	1.544	29.507	24
N	24.189	2.445	30.221	25
CA	23.339	2.044	31.326	25
C	21.894	1.821	30.938	25
N	21.48	2.162	29.722	26
CA	20.088	1.94	29.327	26
C	20.006	1.486	27.9	26
N	20.704	0.396	27.59	27
CA	20.728	-0.132	26.248	27
C	19.578	-1.125	26.019	27
N	19.217	-1.235	24.749	28
CA	18.163	-2.115	24.274	28
C	18.675	-2.99	23.175	28
N	18.02	-4.125	22.938	29
CA	16.867	-4.654	23.637	29
C	17.273	-5.32	24.948	29
N	16.292	-5.89	25.635	30
CA	16.48	-6.604	26.886	30
C	15.599	-7.834	26.834	30
N	15.929	-8.815	27.685	31
CA	15.029	-9.897	28.009	31
C	13.98	-9.391	29.009	31
N	12.724	-9.686	28.709	32
CA	11.617	-9.362	29.576	32
C	11.343	-10.575	30.416	32
N	11.685	-10.496	31.685	33
CA	11.372	-11.544	32.62	33
C	9.953	-11.28	33.142	33
N	9.036	-12.1	32.676	34
CA	7.633	-11.823	32.877	34
C	7.248	-11.915	34.342	34
N	7.963	-12.722	35.088	35
CA	7.668	-12.873	36.498	35
C	8.149	-11.757	37.339	35
N	9.193	-11.045	36.892	36
CA	9.782	-9.941	37.599	36
C	9.231	-8.588	37.175	36
N	8.566	-8.541	36.04	37
CA	7.958	-7.323	35.618	37
C	6.757	-6.997	36.494	37
N	6.692	-5.811	37.039	38
CA	5.627	-5.531	37.993	38
C	4.475	-4.823	37.327	38
N	3.278	-5.286	37.608	39
CA	2.097	-4.614	37.187	39
C	2.056	-3.223	37.844	39
N	1.854	-2.226	37.01	40
CA	1.761	-0.863	37.483	40
C	0.378	-0.317	37.211	40
N	-0.477	-0.256	38.244	41
CA	-1.859	0.198	38.003	41
C	-1.934	1.678	37.626	41
N	-0.834	2.405	37.771	42
CA	-0.782	3.802	37.321	42
C	-0.552	3.933	35.8	42
N	-0.199	2.822	35.135	43
CA	-0.033	2.874	33.685	43
C	-1.36	2.957	32.989	43
N	-1.424	3.817	31.987	44
CA	-2.67	4.046	31.243	44
C	-2.725	3.144	30.021	44
N	-3.946	2.957	29.498	45
CA	-4.025	2.322	28.205	45
C	-3.212	3.052	27.175	45
N	-2.653	2.317	26.235	46
CA	-1.934	2.965	25.148	46
C	-2.936	3.58	24.184	46
N	-2.72	4.836	23.738	47
CA	-3.538	5.435	22.681	47
C	-2.703	5.391	21.391	47
N	-3.109	4.539	20.48	48
CA	-2.517	4.45	19.164	48
C	-3.521	5.065	18.185	48
N	-3.21	6.224	17.625	49
CA	-4.158	6.877	16.728	49
C	-3.543	7.02	15.363	49
N	-3.805	6.009	14.55	50
CA	-3.221	5.902	13.23	50
C	-4.213	6.201	12.11	50
N	-5.42	6.596	12.458	51
CA	-6.459	6.869	11.469	51
C	-6.004	7.757	10.304	51
N	-5.144	8.727	10.584	52
CA	-4.701	9.631	9.502	52
C	-3.254	9.393	9.026	52
N	-2.713	8.252	9.321	53
CA	-1.353	7.966	8.924	53
C	-1.193	8.02	7.427	53
N	-0.109	8.667	6.998	54
CA	0.227	8.809	5.591	54
C	1.572	8.259	5.275	54
N	1.599	7.06	4.781	55
CA	2.843	6.456	4.373	55
C	3.274	7.137	3.081	55
N	4.575	7.195	2.873	56
CA	5.098	7.783	1.667	56
C	5.943	6.781	0.849	56
N	6.807	6.019	1.463	57
CA	7.892	5.343	0.741	57
C	8.421	4.214	1.576	57
N	9.044	3.276	0.891	58
CA	9.717	2.173	1.556	58
C	11.151	2.189	1.06	58
N	12.076	2.025	1.979	59
CA	13.487	2.119	1.698	59
C	14.305	0.924	2.271	59
N	15.165	0.31	1.47	60
CA	16.147	-0.638	1.955	60
C	17.388	0.167	2.338	60
N	17.671	0.311	3.644	61
CA	18.753	1.148	4.111	61
C	20.0	0.326	4.396	61
N	20.037	-0.937	3.974	62
CA	21.235	-1.722	4.182	62
C	21.203	-2.564	5.469	62
N	20.312	-2.233	6.385	63
CA	20.189	-2.914	7.683	63
C	18.773	-3.463	7.933	63
N	17.786	-2.871	7.329	64
CA	16.412	-3.271	7.35	64
C	15.725	-2.593	6.187	64
N	14.407	-2.649	6.152	65
CA	13.656	-1.712	5.311	65
C	12.754	-0.883	6.213	65
N	12.662	0.392	5.853	66
CA	11.83	1.359	6.592	66
C	10.635	1.743	5.754	66
N	9.442	1.619	6.307	67
CA	8.234	2.219	5.765	67
C	8.113	3.609	6.43	67
N	8.243	4.638	5.601	68
CA	8.327	6.008	6.071	68
C	6.997	6.717	5.978	68
N	6.746	7.63	6.913	69
CA	5.499	8.371	7.003	69
C	5.741	9.833	6.893	69
N	4.729	10.542	6.447	70
CA	4.76	12.011	6.489	70
C	4.519	12.406	7.894	70
N	5.542	12.927	8.55	71
CA	5.465	13.387	9.924	71
C	5.526	14.879	10.042	71
N	5.07	15.567	9.025	72
CA	5.084	17.037	9.03	72
C	3.836	17.64	9.706	72
N	2.942	16.793	10.174	73
CA	1.983	17.206	11.196	73
C	1.538	15.995	11.981	73
N	0.783	16.209	13.06	74
CA	0.261	15.155	13.901	74
C	-0.819	14.361	13.201	74
N	-0.401	13.39	12.408	75
CA	-1.336	12.537	11.668	75
C	-1.499	11.161	12.326	75
N	-0.388	10.558	12.702	76
CA	-0.289	9.216	13.309	76
C	0.45	9.372	14.612	76
N	-0.24	9.296	15.745	77
CA	0.376	9.606	17.028	77
C	0.177	8.544	18.062	77
N	1.192	8.416	18.914	78
CA	1.148	7.532	20.048	78
C	1.159	8.402	21.281	78
N	0.276	8.108	22.204	79
CA	0.193	8.798	23.47	79
C	-0.288	7.848	24.548	79
N	-0.366	8.35	25.775	80
CA	-0.87	7.497	26.839	80
C	0.096	6.461	27.226	80
N	-0.399	5.41	27.834	81
CA	0.529	4.447	28.341	81
C	1.468	5.063	29.345	81
N	2.774	4.789	29.216	82
CA	3.752	5.394	30.094	82
C	4.147	6.784	29.669	82
N	3.602	7.31	28.582	83
CA	4.136	8.493	27.938	83
C	3.494	9.745	28.476	83
N	4.272	10.816	28.485	84
CA	3.778	12.193	28.71	84
C	3.838	12.868	27.345	84
N	2.78	13.462	26.901	85
CA	2.818	14.128	25.64	85
C	2.542	13.206	24.445	85
N	2.928	13.716	23.303	86
CA	2.492	13.174	22.029	86
C	3.662	12.859	21.179	86
N	3.631	11.674	20.595	87
CA	4.725	11.19	19.808	87
C	4.258	10.808	18.402	87
N	4.927	11.355	17.424	88
CA	4.519	11.241	16.053	88
C	5.238	10.109	15.325	88
N	4.482	9.277	14.596	89
CA	5.074	8.181	13.832	89
C	5.931	8.722	12.69	89
N	7.171	8.232	12.592	90
CA	8.079	8.565	11.508	90
C	8.356	7.429	10.58	90
N	8.5	6.197	11.128	91
CA	8.794	5.052	10.303	91
C	8.527	3.804	11.101	91
N	8.292	2.689	10.38	92
CA	8.418	1.396	11.005	92
C	9.38	0.534	10.193	92
N	9.903	-0.477	10.885	93
CA	10.735	-1.467	10.296	93
C	10.688	-2.723	11.147	93
N	11.358	-3.768	10.652	94
CA	11.392	-5.038	11.33	94
C	12.836	-5.518	11.512	94
N	12.958	-6.462	12.452	95
CA	14.149	-7.282	12.638	95
C	13.728	-8.736	12.518	95
N	14.501	-9.59	11.861	96
CA	14.105	-10.957	11.642	96
C	15.304	-11.85	11.518	96
N	15.01	-13.138	11.537	97
CA	16.012	-14.172	11.59	97
C	16.253	-14.892	10.275	97
N	17.259	-15.752	10.261	98
CA	17.456	-16.637	9.151	98
C	16.559	-17.851	9.235	98
N	16.051	-18.132	10.424	99
CA	15.081	-19.217	10.698	99
C	14.086	-18.758	11.642	99
N	12.979	-19.473	11.805	100
CA	11.859	-18.944	12.605	100
C	12.179	-18.862	14.099	100
N	13.168	-19.647	14.539	101
CA	13.547	-19.672	15.924	101
C	14.336	-18.495	16.454	101
N	14.585	-17.475	15.629	102
CA	15.322	-16.322	16.063	102
C	14.86	-15.157	15.198	102
N	15.146	-13.929	15.647	103
CA	14.824	-12.75	14.867	103
C	14.388	-11.607	15.695	103
N	13.727	-11.826	16.819	104
CA	13.327	-10.74	17.651	104
C	14.523	-10.173	18.393	104
N	14.395	-8.925	18.82	105
CA	15.385	-8.231	19.597	105
C	15.056	-8.374	21.083	105
N	13.891	-7.957	21.495	106
CA	13.442	-8.299	22.822	106
C	13.164	-9.794	22.839	106
N	13.289	-10.357	24.033	107
CA	12.935	-11.727	24.301	107
C	11.987	-11.726	25.483	107
N	11.207	-12.801	25.616	108
CA	10.228	-12.922	26.68	108
C	10.55	-14.186	27.441	108
N	11.049	-14.09	28.677	109
CA	11.539	-15.28	29.392	109
C	12.494	-16.096	28.533	109
N	13.34	-15.361	27.821	110
CA	14.377	-15.93	26.907	110
C	13.862	-16.436	25.581	110
N	12.557	-16.413	25.374	111
CA	11.994	-16.818	24.088	111
C	12.288	-15.753	23.036	111
N	12.802	-16.214	21.9	112
CA	12.973	-15.407	20.705	112
C	11.818	-15.632	19.779	112
N	11.232	-14.583	19.26	113
CA	10.234	-14.662	18.226	113
C	10.887	-14.63	16.856	113
N	10.12	-14.959	15.816	114
CA	10.671	-14.976	14.448	114
C	11.062	-13.589	13.953	114
N	10.392	-12.585	14.469	115
CA	10.685	-11.202	14.027	115
C	10.091	-10.25	15.056	115
N	10.435	-8.994	14.893	116
CA	9.921	-7.909	15.734	116
C	9.754	-6.647	14.888	116
N	8.57	-6.065	14.989	117
CA	8.199	-4.81	14.331	117
C	8.416	-3.703	15.319	117
N	9.056	-2.635	14.831	118
CA	9.265	-1.396	15.582	118
C	8.639	-0.213	14.873	118
N	7.654	0.355	15.524	119
CA	7.005	1.578	15.084	119
C	7.614	2.722	15.872	119
N	8.333	3.59	15.185	120
CA	9.191	4.597	15.791	120
C	8.486	5.936	15.766	120
N	8.379	6.557	16.911	121
CA	7.701	7.842	17.087	121
C	8.577	8.826	17.861	121
N	8.479	10.11	17.505	122
CA	9.271	11.122	18.186	122
C	8.406	12.119	18.902	122
N	8.937	12.595	20.022	123
CA	8.206	13.452	20.941	123
C	8.083	14.833	20.328	123
N	6.863	15.292	20.096	124
CA	6.675	16.521	19.373	124
C	7.176	17.747	20.131	124
N	7.391	17.648	21.423	125
CA	7.85	18.796	22.159	125
C	9.267	19.152	21.785	125
N	9.977	18.28	21.037	126
CA	11.315	18.626	20.584	126
C	11.372	19.03	19.1	126
N	10.218	19.111	18.452	127
CA	10.121	19.747	17.146	127
C	10.534	18.948	15.933	127
N	11.586	18.138	16.023	128
CA	11.983	17.25	14.928	128
C	12.683	16.049	15.481	128
N	12.78	15.005	14.655	129
CA	13.38	13.733	15.062	129
C	14.806	13.907	15.514	129
N	15.578	14.711	14.758	130
CA	16.978	14.814	15.108	130
C	17.243	15.472	16.452	130
N	16.387	16.405	16.835	131
CA	16.462	16.962	18.162	131
C	15.951	15.981	19.216	131
N	14.874	15.258	18.885	132
CA	14.303	14.324	19.838	132
C	15.277	13.223	20.272	132
N	16.086	12.767	19.353	133
CA	16.981	11.67	19.712	133
C	18.076	12.092	20.644	133
N	18.231	13.402	20.872	134
CA	19.195	13.898	21.833	134
C	18.624	14.027	23.254	134
N	17.401	13.535	23.458	135
CA	16.708	13.671	24.721	135
C	16.336	12.306	25.309	135
N	16.33	12.176	26.641	136
CA	16.039	10.862	27.213	136
C	14.628	10.413	27.022	136
N	13.682	11.307	26.749	137
CA	12.313	11.007	26.458	137
C	11.979	11.411	25.024	137
N	12.935	11.303	24.104	138
CA	12.728	11.755	22.755	138
C	11.918	10.858	21.857	138
N	12.058	9.552	22.032	139
CA	11.391	8.589	21.179	139
C	10.545	7.676	21.991	139
N	9.476	7.131	21.35	140
CA	8.672	6.044	21.828	140
C	8.603	5.048	20.715	140
N	9.061	3.83	21.018	141
CA	9.049	2.752	20.072	141
C	8.078	1.671	20.562	141
N	7.115	1.421	19.691	142
CA	6.154	0.355	19.895	142
C	6.689	-0.907	19.247	142
N	6.961	-1.921	20.068	143
CA	7.481	-3.156	19.585	143
C	6.447	-4.255	19.616	143
N	6.373	-4.983	18.498	144
CA	5.376	-6.011	18.315	144
C	6.113	-7.24	17.824	144
N	5.903	-8.384	18.497	145
CA	6.517	-9.639	18.105	145
C	5.715	-10.248	16.967	145
N	6.419	-10.966	16.099	146
CA	5.871	-11.766	15.041	146
C	6.209	-13.247	15.277	146
N	5.153	-14.05	15.191	147
CA	5.297	-15.506	15.145	147
C	4.818	-16.033	13.803	147
N	5.308	-17.187	13.417	148
CA	4.925	-17.802	12.181	148
C	3.753	-18.756	12.331	148
N	2.684	-18.456	11.618	149
CA	1.458	-19.221	11.628	149
C	0.602	-18.8	10.499	149
N	-0.569	-18.275	10.811	150
CA	-1.459	-17.746	9.794	150
C	-0.84	-16.501	9.219	150
N	-1.221	-16.185	7.981	151
CA	-0.767	-14.963	7.347	151
C	-1.417	-13.744	7.976	151
N	-0.714	-12.614	7.923	152
CA	-1.267	-11.333	8.302	152
C	-1.669	-10.55	7.066	152
N	-2.985	-10.461	6.818	153
CA	-3.357	-9.884	5.533	153
C	-2.86	-8.455	5.363	153
N	-2.812	-7.74	6.471	154
CA	-2.361	-6.364	6.483	154
C	-0.905	-6.11	6.219	154
N	-0.151	-7.2	6.244	155
CA	1.285	-7.157	5.956	155
C	1.567	-7.386	4.463	155
N	0.63	-7.948	3.714	156
CA	0.962	-8.461	2.385	156
C	1.408	-7.343	1.451	156
N	0.856	-6.155	1.561	157
CA	1.301	-5.041	0.731	157
C	2.767	-4.705	0.913	157
N	3.245	-4.818	2.152	158
CA	4.652	-4.678	2.4	158
C	5.438	-5.787	1.742	158
N	5.058	-7.019	1.98	159
CA	5.758	-8.158	1.389	159
C	5.924	-8.004	-0.092	159
N	4.839	-7.66	-0.741	160
CA	4.838	-7.602	-2.207	160
C	5.688	-6.539	-2.821	160
N	6.051	-5.52	-2.079	161
CA	6.904	-4.489	-2.651	161
C	8.42	-4.808	-2.434	161
N	8.752	-5.796	-1.614	162
CA	10.12	-6.02	-1.286	162
C	10.99	-6.378	-2.467	162
N	10.428	-7.046	-3.453	163
CA	11.187	-7.418	-4.654	163
C	11.738	-6.19	-5.377	163
N	11.128	-5.04	-5.168	164
CA	11.536	-3.824	-5.804	164
C	12.564	-3.005	-5.041	164
N	12.864	-3.41	-3.817	165
CA	13.853	-2.803	-3.012	165
C	14.83	-3.82	-2.44	165
N	15.286	-4.686	-3.336	166
CA	16.081	-5.848	-2.896	166
C	17.378	-5.443	-2.173	166
N	18.04	-4.439	-2.75	167
CA	19.369	-4.081	-2.329	167
C	19.425	-2.676	-1.669	167
N	20.476	-2.499	-0.905	168
CA	20.728	-1.288	-0.147	168
C	20.647	-0.073	-1.042	168
N	19.91	0.911	-0.567	169
CA	19.776	2.18	-1.265	169
C	18.601	2.274	-2.194	169
N	17.929	1.197	-2.443	170
CA	16.736	1.241	-3.221	170
C	15.485	1.612	-2.423	170
N	14.625	2.4	-3.039	171
CA	13.366	2.782	-2.453	171
C	12.223	2.678	-3.462	171
N	11.011	2.675	-2.97	172
CA	9.831	2.626	-3.81	172
C	8.718	3.431	-3.169	172
N	7.888	4.035	-4.001	173
CA	6.749	4.74	-3.52	173
C	5.912	3.773	-2.749	173
N	5.339	4.241	-1.633	174
CA	4.565	3.341	-0.802	174
C	3.562	4.139	-0.042	174
N	2.533	4.527	-0.746	175
CA	1.533	5.377	-0.215	175
C	0.34	4.592	0.235	175
N	-0.431	5.187	1.116	176
CA	-1.715	4.644	1.543	176
C	-1.647	3.36	2.315	176
N	-0.519	3.033	2.892	177
CA	-0.425	1.865	3.716	177
C	-0.882	2.153	5.13	177
N	-1.761	1.313	5.626	178
CA	-2.408	1.535	6.91	178
C	-1.768	0.668	8.022	178
N	-0.949	1.228	8.893	179
CA	-0.225	0.442	9.924	179
C	-1.181	-0.196	10.954	179
N	-2.442	0.212	10.994	180
CA	-3.37	-0.42	11.921	180
C	-3.47	-1.88	11.612	180
N	-3.249	-2.286	10.371	181
CA	-3.341	-3.687	10.029	181
C	-2.177	-4.519	10.521	181
N	-1.243	-3.933	11.253	182
CA	-0.159	-4.662	11.848	182
C	-0.272	-4.831	13.362	182
N	-1.39	-4.416	13.942	183
CA	-1.542	-4.404	15.387	183
C	-2.278	-5.649	15.86	183
N	-1.874	-6.208	16.973	184
CA	-2.592	-7.342	17.562	184
C	-3.89	-6.849	18.171	184
N	-4.728	-7.756	18.633	185
CA	-5.974	-7.35	19.258	185
C	-5.77	-6.585	20.554	185
N	-4.919	-7.102	21.432	186
CA	-4.715	-6.459	22.71	186
C	-3.57	-5.476	22.659	186
N	-3.71	-4.395	23.395	187
CA	-2.634	-3.442	23.597	187
C	-2.007	-3.567	24.989	187
N	-2.128	-4.692	25.653	188
CA	-1.357	-4.939	26.862	188
C	0.136	-4.875	26.539	188
N	0.905	-4.294	27.45	189
CA	2.294	-4.037	27.175	189
C	3.185	-4.102	28.383	189
N	4.483	-4.216	28.066	190
CA	5.567	-3.966	28.998	190
C	6.253	-2.658	28.584	190
N	6.83	-1.933	29.512	191
CA	7.555	-0.714	29.226	191
C	8.797	-0.567	30.092	191
N	9.844	0.03	29.513	192
CA	11.033	0.309	30.216	192
C	11.789	1.394	29.438	192
N	12.763	2.05	30.108	193
CA	13.602	3.06	29.42	193
C	14.798	2.423	28.76	193
N	15.012	2.705	27.492	194
CA	16.114	2.125	26.784	194
C	16.66	2.948	25.689	194
N	17.078	2.297	24.632	195
CA	17.85	2.905	23.56	195
C	17.371	2.469	22.2	195
N	17.838	3.126	21.187	196
CA	17.791	2.61	19.85	196
C	18.594	1.344	19.808	196
N	18.233	0.405	18.953	197
CA	18.927	-0.871	18.849	197
C	19.872	-0.949	17.702	197
N	19.984	0.102	16.903	198
CA	21.021	0.229	15.895	198
C	21.851	1.434	16.182	198
N	23.14	1.403	15.785	199
CA	23.95	2.63	15.901	199
C	23.271	3.87	15.337	199
N	23.346	5.015	16.034	200
CA	24.249	5.267	17.162	200
C	23.769	4.88	18.559	200
N	22.716	4.084	18.681	201
CA	22.371	3.453	19.959	201
C	21.982	4.481	21.027	201
N	21.367	5.592	20.599	202
CA	21.13	6.673	21.514	202
C	20.11	6.253	22.56	202
N	20.34	6.717	23.768	203
CA	19.551	6.392	24.94	203
C	18.382	7.354	25.11	203
N	17.453	7.254	24.193	204
CA	16.401	8.205	23.992	204
C	15.017	7.591	23.909	204
N	14.902	6.279	24.17	205
CA	13.698	5.569	23.881	205
C	12.927	5.139	25.117	205
N	11.61	5.422	25.133	206
CA	10.658	4.716	25.986	206
C	10.109	3.559	25.148	206
N	10.476	2.333	25.558	207
CA	10.002	1.146	24.92	207
C	8.637	0.731	25.401	207
N	7.767	0.373	24.473	208
CA	6.438	-0.165	24.739	208
C	6.351	-1.418	23.913	208
N	6.448	-2.571	24.587	209
CA	6.502	-3.885	23.892	209
C	5.185	-4.597	24.17	209
N	4.439	-4.845	23.116	210
CA	3.152	-5.496	23.268	210
C	3.347	-6.983	23.641	210
N	2.496	-7.459	24.53	211
CA	2.53	-8.85	24.964	211
C	2.042	-9.791	23.874	211
N	1.037	-9.403	23.113	212
CA	0.437	-10.302	22.156	212
C	1.174	-10.198	20.831	212
N	1.741	-11.296	20.327	213
CA	2.345	-11.258	19.012	213
C	1.309	-11.209	17.929	213
N	1.719	-10.756	16.739	214
CA	0.927	-10.984	15.549	214
C	1.477	-12.246	14.845	214
N	0.601	-12.911	14.121	215
CA	0.965	-14.072	13.328	215
C	1.142	-13.666	11.879	215
N	2.235	-14.113	11.299	216
CA	2.493	-13.944	9.872	216
C	2.754	-15.305	9.273	216
N	2.63	-15.484	7.959	217
CA	2.889	-16.786	7.406	217
C	4.357	-17.022	7.13	217
N	4.684	-18.29	7.007	218
CA	6.04	-18.675	6.663	218
C	6.415	-18.022	5.342	218
N	5.469	-17.98	4.396	219
CA	5.747	-17.362	3.118	219
C	6.055	-15.897	3.219	219
N	5.368	-15.208	4.129	220
CA	5.638	-13.772	4.339	220
C	7.033	-13.562	4.837	220
N	7.422	-14.253	5.891	221
CA	8.756	-13.989	6.43	221
C	9.864	-14.515	5.479	221
N	9.582	-15.564	4.704	222
CA	10.546	-16.033	3.719	222
C	10.875	-14.895	2.727	222
N	9.895	-14.042	2.391	223
CA	10.151	-12.928	1.516	223
C	10.996	-11.815	2.16	223
N	10.899	-11.607	3.476	224
CA	11.822	-10.718	4.148	224
C	13.233	-11.201	3.939	224
N	13.413	-12.521	4.005	225
CA	14.724	-13.139	3.994	225
C	15.35	-13.188	2.591	225
N	14.649	-12.679	1.572	226
CA	15.183	-12.523	0.235	226
C	15.815	-11.157	-0.027	226
N	15.614	-10.246	0.897	227
CA	16.235	-8.969	0.807	227
C	17.746	-9.151	0.934	227
N	18.45	-8.093	0.533	228
CA	19.908	-8.094	0.601	228
C	20.444	-6.934	1.438	228
N	21.473	-7.226	2.232	229
CA	22.199	-6.133	2.923	229
C	23.051	-5.354	1.93	229
N	23.574	-6.006	0.905	230
CA	24.462	-5.406	-0.081	230
C	23.748	-4.555	-1.076	230
N	24.5	-3.669	-1.732	231
CA	23.994	-2.913	-2.828	231
C	23.906	-3.694	-4.127	231
N	23.203	-3.128	-5.105	232
CA	23.098	-3.671	-6.418	232
C	24.434	-4.06	-6.984	232
N	24.453	-5.234	-7.584	233
CA	25.638	-5.712	-8.232	233
C	26.717	-6.249	-7.326	233
N	26.603	-6.059	-6.034	234
CA	27.649	-6.55	-5.117	234
C	27.369	-7.988	-4.752	234
N	28.304	-8.629	-4.086	235
CA	28.12	-10.028	-3.723	235
C	26.91	-10.153	-2.777	235
N	26.053	-11.143	-3.02	236
CA	24.807	-11.22	-2.302	236
C	25.016	-11.68	-0.89	236
N	24.509	-10.845	0.026	237
CA	24.451	-11.153	1.44	237
C	23.01	-11.015	1.851	237
N	22.344	-12.155	2.102	238
CA	20.958	-12.081	2.448	238
C	20.766	-11.227	3.701	238
N	19.721	-10.403	3.705	239
CA	19.352	-9.616	4.879	239
C	18.584	-10.548	5.808	239
N	19.301	-11.148	6.735	240
CA	18.77	-12.04	7.751	240
C	19.57	-11.835	9.028	240
N	18.955	-12.114	10.172	241
CA	19.621	-11.945	11.452	241
C	20.114	-10.539	11.69	241
N	19.22	-9.615	11.367	242
CA	19.472	-8.183	11.596	242
C	18.932	-7.717	12.939	242
N	19.178	-8.503	13.972	243
CA	18.762	-8.234	15.327	243
C	19.975	-8.14	16.25	243
N	19.855	-7.187	17.183	244
CA	20.794	-7.037	18.267	244
C	20.312	-7.948	19.418	244
N	21.234	-8.694	20.051	245
CA	20.786	-9.528	21.175	245
C	20.471	-8.68	22.417	245
N	19.829	-9.329	23.366	246
CA	19.524	-8.725	24.619	246
C	20.754	-8.216	25.342	246
N	20.598	-7.031	25.939	247
CA	21.615	-6.325	26.679	247
C	21.313	-6.314	28.161	247
N	22.303	-6.037	28.987	248
CA	22.075	-6.074	30.444	248
C	21.033	-5.076	30.886	248
N	20.155	-5.529	31.772	249
CA	19.104	-4.678	32.262	249
C	19.638	-3.584	33.171	249
N	20.708	-3.85	33.917	250
CA	21.286	-2.814	34.775	250
C	20.253	-2.305	35.774	250
N	20.184	-1.018	36.012	251
CA	19.378	-0.547	37.143	251
C	17.81	-0.52	36.938	251
N	17.335	-1.053	35.829	252
CA	16.048	-0.735	35.287	252
C	14.977	-1.679	35.719	252
N	13.781	-1.136	35.753	253
CA	12.576	-1.914	36.03	253
C	11.707	-1.974	34.778	253
N	11.237	-3.153	34.443	254
CA	10.24	-3.334	33.431	254
C	8.861	-3.365	34.098	254
N	7.95	-2.534	33.609	255
CA	6.622	-2.475	34.145	255
C	5.637	-3.092	33.209	255
N	4.606	-3.724	33.754	256
CA	3.523	-4.309	32.979	256
C	2.262	-3.464	33.128	256
N	1.517	-3.345	32.026	257
CA	0.252	-2.614	31.999	257
C	-0.91	-3.494	32.406	257
N	-0.686	-4.76	32.676	258
CA	-1.734	-5.727	32.839	258
C	-1.353	-6.616	34.02	258
N	-2.388	-7.186	34.604	259
CA	-2.187	-8.103	35.758	259
C	-1.958	-9.523	35.277	259
