ATOM	X	Y	Z	RESIDUE
N	30.917	2.976	9.279	1
CA	30.82	1.596	8.667	1
C	30.208	0.538	9.59	1
N	29.407	0.962	10.538	2
CA	28.687	0.058	11.406	2
C	27.703	-0.762	10.61	2
N	27.422	-1.954	11.085	3
CA	26.377	-2.769	10.467	3
C	26.104	-3.962	11.343	3
N	25.791	-5.07	10.664	4
CA	25.346	-6.314	11.335	4
C	26.104	-7.476	10.714	4
N	27.262	-7.229	10.155	5
CA	28.078	-8.265	9.513	5
C	28.957	-8.871	10.424	5
N	29.937	-9.59	9.77	6
CA	30.86	-10.43	10.537	6
C	31.863	-9.703	11.267	6
N	32.209	-8.406	10.916	7
CA	33.201	-7.611	11.506	7
C	32.838	-6.198	11.907	7
N	31.59	-5.782	11.776	8
CA	31.131	-4.471	12.104	8
C	29.825	-4.447	12.891	8
N	29.484	-5.59	13.469	9
CA	28.2	-5.767	14.163	9
C	28.163	-5.108	15.528	9
N	27.079	-5.334	16.265	10
CA	26.817	-4.623	17.505	10
C	27.922	-4.642	18.494	10
N	28.677	-5.709	18.59	11
CA	29.741	-5.799	19.569	11
C	30.894	-4.848	19.269	11
N	30.934	-4.284	18.067	12
CA	31.959	-3.339	17.663	12
C	31.545	-1.857	17.802	12
N	30.247	-1.594	17.926	13
CA	29.746	-0.238	17.81	13
C	30.327	0.705	18.839	13
N	30.684	0.191	20.018	14
CA	31.217	1.032	21.067	14
C	32.484	1.797	20.677	14
N	33.265	1.302	19.701	15
CA	34.502	1.973	19.336	15
C	34.214	3.327	18.72	15
N	33.215	3.427	17.875	16
CA	32.852	4.74	17.323	16
C	31.774	5.438	18.095	16
N	30.99	4.73	18.895	17
CA	29.865	5.263	19.64	17
C	29.972	4.779	21.062	17
N	30.799	5.436	21.908	18
CA	31.032	4.919	23.243	18
C	29.784	4.77	24.139	18
N	28.72	5.534	23.932	19
CA	27.449	5.331	24.661	19
C	26.885	3.952	24.496	19
N	27.39	3.233	23.488	20
CA	26.939	1.855	23.367	20
C	27.04	1.107	24.691	20
N	27.977	1.514	25.555	21
CA	28.153	0.912	26.886	21
C	27.569	1.79	27.991	21
N	26.575	2.638	27.65	22
CA	25.999	3.588	28.559	22
C	25.0	2.956	29.568	22
N	24.37	3.833	30.312	23
CA	23.501	3.485	31.381	23
C	22.084	3.194	30.976	23
N	21.665	3.622	29.759	24
CA	20.275	3.528	29.359	24
C	20.159	2.986	27.925	24
N	20.851	1.886	27.661	25
CA	20.888	1.352	26.292	25
C	19.716	0.406	26.06	25
N	19.332	0.339	24.781	26
CA	18.261	-0.506	24.29	26
C	18.755	-1.369	23.156	26
N	18.112	-2.51	22.884	27
CA	16.97	-3.082	23.617	27
C	17.399	-3.702	24.918	27
N	16.409	-4.249	25.633	28
CA	16.583	-4.979	26.883	28
C	15.691	-6.214	26.819	28
N	16.014	-7.166	27.708	29
CA	15.114	-8.25	28.005	29
C	14.048	-7.775	28.992	29
N	12.783	-8.093	28.675	30
CA	11.639	-7.784	29.52	30
C	11.325	-9.037	30.31	30
N	11.626	-8.994	31.609	31
CA	11.324	-10.109	32.514	31
C	9.91	-9.903	33.068	31
N	8.961	-10.736	32.605	32
CA	7.587	-10.571	32.999	32
C	7.341	-10.908	34.457	32
N	8.333	-11.433	35.114	33
CA	8.266	-11.8	36.543	33
C	8.83	-10.735	37.445	33
N	9.468	-9.699	36.889	34
CA	9.926	-8.585	37.655	34
C	9.367	-7.252	37.218	34
N	8.801	-7.116	36.021	35
CA	8.176	-5.884	35.598	35
C	6.956	-5.635	36.495	35
N	6.718	-4.53	36.983	36
CA	5.635	-4.282	37.943	36
C	4.568	-3.449	37.303	36
N	3.312	-3.82	37.528	37
CA	2.174	-3.031	37.159	37
C	2.271	-1.675	37.807	37
N	2.052	-0.645	37.045	38
CA	2.077	0.734	37.502	38
C	0.708	1.374	37.313	38
N	-0.101	1.481	38.395	39
CA	-1.473	2.029	38.204	39
C	-1.424	3.509	37.83	39
N	-0.274	4.23	37.923	40
CA	-0.268	5.597	37.481	40
C	-0.161	5.757	35.94	40
N	0.194	4.715	35.209	41
CA	0.26	4.709	33.723	41
C	-1.176	4.94	33.198	41
N	-1.279	5.498	32.067	42
CA	-2.498	5.682	31.235	42
C	-2.421	5.042	30.066	42
N	-3.834	4.684	29.506	43
CA	-3.929	4.041	28.277	43
C	-3.088	4.803	27.186	43
N	-2.6	4.05	26.263	44
CA	-1.755	4.516	25.216	44
C	-3.043	5.436	24.449	44
N	-2.742	6.548	23.824	45
CA	-3.541	7.127	22.781	45
C	-2.761	7.141	21.494	45
N	-3.162	6.337	20.54	46
CA	-2.569	6.258	19.233	46
C	-3.542	6.904	18.276	46
N	-3.172	8.032	17.691	47
CA	-4.09	8.847	16.813	47
C	-3.489	8.87	15.474	47
N	-3.797	7.878	14.594	48
CA	-3.201	7.762	13.267	48
C	-4.184	7.998	12.1	48
N	-5.388	8.448	12.413	49
CA	-6.437	8.674	11.424	49
C	-5.972	9.626	10.245	49
N	-5.171	10.615	10.602	50
CA	-4.707	11.605	9.663	50
C	-3.276	11.364	9.162	50
N	-2.741	10.21	9.398	51
CA	-1.37	9.959	8.992	51
C	-1.181	10.082	7.517	51
N	-0.085	10.759	7.036	52
CA	0.38	10.967	5.57	52
C	1.699	10.262	5.395	52
N	1.651	8.996	4.979	53
CA	2.886	8.396	4.553	53
C	3.35	9.066	3.242	53
N	4.643	9.08	3.024	54
CA	5.199	9.723	1.84	54
C	6.037	8.772	0.971	54
N	6.919	8.009	1.604	55
CA	7.984	7.378	0.86	55
C	8.51	6.196	1.682	55
N	9.169	5.266	1.003	56
CA	9.834	4.148	1.656	56
C	11.268	4.156	1.156	56
N	12.247	3.985	2.085	57
CA	13.65	4.116	1.8	57
C	14.429	2.928	2.356	57
N	15.262	2.285	1.535	58
CA	16.254	1.326	2.022	58
C	17.497	2.13	2.388	58
N	17.818	2.213	3.694	59
CA	18.931	3.014	4.157	59
C	20.196	2.207	4.401	59
N	20.202	0.913	3.952	60
CA	21.327	0.059	4.157	60
C	21.361	-0.686	5.473	60
N	20.519	-0.351	6.391	61
CA	20.417	-1.173	7.588	61
C	19.002	-1.787	7.694	61
N	17.934	-0.982	7.361	62
CA	16.563	-1.401	7.38	62
C	15.878	-0.64	6.246	62
N	14.549	-0.66	6.209	63
CA	13.81	0.287	5.396	63
C	12.911	1.121	6.285	63
N	12.796	2.397	5.964	64
CA	11.914	3.305	6.691	64
C	10.717	3.692	5.838	64
N	9.525	3.532	6.394	65
CA	8.314	4.153	5.842	65
C	8.179	5.495	6.514	65
N	8.304	6.556	5.712	66
CA	8.39	7.934	6.21	66
C	7.048	8.648	6.128	66
N	6.803	9.528	7.093	67
CA	5.541	10.266	7.196	67
C	5.793	11.769	7.16	67
N	4.815	12.49	6.67	68
CA	4.834	13.964	6.805	68
C	4.609	14.352	8.311	68
N	5.645	14.838	9.049	69
CA	5.663	15.21	10.475	69
C	5.686	16.812	10.703	69
N	5.213	17.481	9.662	70
CA	5.212	18.975	9.716	70
C	3.901	19.506	10.325	70
N	2.999	18.649	10.793	71
CA	1.732	18.92	11.572	71
C	1.463	17.765	12.457	71
N	0.469	17.87	13.474	72
CA	0.031	16.8	14.411	72
C	-0.977	15.826	13.706	72
N	-0.483	15.236	12.679	73
CA	-1.266	14.297	11.877	73
C	-1.329	12.86	12.436	73
N	-0.341	12.335	12.952	74
CA	-0.23	10.959	13.466	74
C	0.542	11.11	14.772	74
N	-0.147	11.036	15.895	75
CA	0.471	11.33	17.181	75
C	0.243	10.24	18.162	75
N	1.208	10.106	19.042	76
CA	1.151	9.259	20.194	76
C	1.155	10.125	21.427	76
N	0.229	9.816	22.341	77
CA	0.041	10.567	23.591	77
C	-0.339	9.555	24.677	77
N	-0.388	10.034	25.916	78
CA	-0.837	9.177	27.008	78
C	0.172	8.128	27.347	78
N	-0.302	7.064	27.975	79
CA	0.6	6.076	28.478	79
C	1.498	6.715	29.54	79
N	2.861	6.499	29.382	80
CA	3.837	7.101	30.23	80
C	4.153	8.537	29.835	80
N	3.658	9.018	28.719	81
CA	4.163	10.232	28.104	81
C	3.51	11.476	28.624	81
N	4.257	12.554	28.635	82
CA	3.742	13.924	28.86	82
C	3.797	14.595	27.392	82
N	2.732	15.275	26.991	83
CA	2.795	15.958	25.783	83
C	2.496	15.04	24.577	83
N	2.932	15.543	23.403	84
CA	2.533	14.981	22.135	84
C	3.725	14.59	21.314	84
N	3.688	13.401	20.761	85
CA	4.793	12.877	19.964	85
C	4.319	12.552	18.594	85
N	4.988	13.106	17.56	86
CA	4.647	12.949	16.075	86
C	5.342	11.816	15.472	86
N	4.575	11.014	14.736	87
CA	5.151	9.917	13.962	87
C	6.007	10.455	12.821	87
N	7.263	10.008	12.759	88
CA	8.167	10.372	11.669	88
C	8.414	9.23	10.726	88
N	8.584	7.98	11.251	89
CA	8.844	6.848	10.387	89
C	8.558	5.589	11.189	89
N	8.339	4.478	10.466	90
CA	8.467	3.159	11.077	90
C	9.427	2.317	10.254	90
N	9.974	1.303	10.934	91
CA	10.86	0.332	10.318	91
C	10.795	-0.95	11.135	91
N	11.469	-1.977	10.649	92
CA	11.518	-3.268	11.295	92
C	12.963	-3.711	11.495	92
N	13.101	-4.706	12.393	93
CA	14.288	-5.524	12.54	93
C	13.856	-6.972	12.431	93
N	14.622	-7.814	11.751	94
CA	14.198	-9.177	11.528	94
C	15.393	-10.098	11.39	94
N	15.083	-11.408	11.418	95
CA	16.095	-12.423	11.441	95
C	16.273	-13.126	10.108	95
N	17.308	-13.975	10.077	96
CA	17.502	-14.938	8.979	96
C	16.655	-16.193	9.147	96
N	16.148	-16.422	10.373	97
CA	15.426	-17.615	10.813	97
C	14.285	-17.152	11.632	97
N	13.189	-17.931	11.702	98
CA	12.062	-17.443	12.417	98
C	12.258	-17.342	13.936	98
N	13.262	-18.061	14.461	99
CA	13.59	-18.042	15.9	99
C	14.392	-16.88	16.382	99
N	14.551	-15.843	15.541	100
CA	15.345	-14.692	15.954	100
C	14.945	-13.541	15.084	100
N	15.321	-12.337	15.538	101
CA	15.003	-11.128	14.771	101
C	14.59	-9.963	15.586	101
N	13.892	-10.207	16.728	102
CA	13.52	-9.096	17.568	102
C	14.713	-8.548	18.305	102
N	14.563	-7.29	18.757	103
CA	15.583	-6.592	19.548	103
C	15.253	-6.775	21.032	103
N	14.093	-6.265	21.468	104
CA	13.617	-6.679	22.781	104
C	13.342	-8.163	22.771	104
N	13.439	-8.756	23.965	105
CA	13.076	-10.127	24.221	105
C	12.147	-10.132	25.427	105
N	11.359	-11.224	25.559	106
CA	10.393	-11.341	26.624	106
C	10.698	-12.623	27.351	106
N	11.234	-12.535	28.579	107
CA	11.712	-13.734	29.285	107
C	12.711	-14.502	28.416	107
N	13.566	-13.749	27.737	108
CA	14.588	-14.263	26.829	108
C	14.076	-14.774	25.516	108
N	12.755	-14.794	25.286	109
CA	12.22	-15.199	23.993	109
C	12.503	-14.149	22.949	109
N	13.127	-14.575	21.844	110
CA	13.233	-13.782	20.622	110
C	12.03	-14.059	19.704	110
N	11.46	-12.973	19.204	111
CA	10.469	-13.054	18.138	111
C	11.144	-13.005	16.767	111
N	10.345	-13.298	15.735	112
CA	10.884	-13.307	14.353	112
C	11.248	-11.911	13.882	112
N	10.598	-10.883	14.412	113
CA	10.882	-9.514	13.968	113
C	10.277	-8.576	14.997	113
N	10.583	-7.273	14.814	114
CA	10.086	-6.23	15.687	114
C	9.913	-4.969	14.866	114
N	8.726	-4.378	14.989	115
CA	8.332	-3.121	14.353	115
C	8.56	-1.974	15.332	115
N	9.166	-0.905	14.833	116
CA	9.375	0.316	15.609	116
C	8.689	1.482	14.927	116
N	7.701	2.081	15.587	117
CA	7.029	3.312	15.149	117
C	7.658	4.44	15.953	117
N	8.402	5.308	15.26	118
CA	9.241	6.321	15.903	118
C	8.552	7.661	15.89	118
N	8.458	8.283	17.074	119
CA	7.762	9.559	17.25	119
C	8.653	10.516	18.007	119
N	8.576	11.829	17.673	120
CA	9.388	12.83	18.391	120
C	8.462	13.848	19.101	120
N	9.003	14.323	20.226	121
CA	8.27	15.203	21.146	121
C	8.149	16.596	20.539	121
N	6.942	17.03	20.3	122
CA	6.753	18.29	19.581	122
C	7.298	19.49	20.324	122
N	7.571	19.398	21.662	123
CA	8.158	20.447	22.51	123
C	9.518	20.845	21.956	123
N	10.193	19.975	21.201	124
CA	11.522	20.238	20.741	124
C	11.586	20.661	19.281	124
N	10.442	20.764	18.602	125
CA	10.419	21.465	17.313	125
C	10.8	20.627	16.079	125
N	11.99	19.903	16.154	126
CA	12.423	18.969	15.065	126
C	13.101	17.731	15.622	126
N	13.005	16.662	14.821	127
CA	13.593	15.389	15.238	127
C	15.022	15.544	15.704	127
N	15.826	16.32	14.921	128
CA	17.219	16.446	15.275	128
C	17.46	17.095	16.644	128
N	16.561	18.028	17.017	129
CA	16.577	18.626	18.34	129
C	16.103	17.634	19.392	129
N	15.089	16.876	19.067	130
CA	14.505	15.936	19.997	130
C	15.476	14.858	20.431	130
N	16.296	14.327	19.505	131
CA	17.172	13.237	19.887	131
C	18.278	13.64	20.859	131
N	18.43	14.965	21.084	132
CA	19.388	15.466	22.05	132
C	18.802	15.606	23.45	132
N	17.513	15.232	23.632	133
CA	16.789	15.335	24.912	133
C	16.454	13.964	25.484	133
N	16.537	13.772	26.827	134
CA	16.219	12.441	27.382	134
C	14.786	11.984	27.116	134
N	13.875	12.947	26.939	135
CA	12.484	12.656	26.631	135
C	12.124	13.111	25.232	135
N	13.081	12.967	24.295	136
CA	12.842	13.437	22.947	136
C	12.014	12.561	22.077	136
N	12.099	11.225	22.233	137
CA	11.429	10.293	21.356	137
C	10.516	9.382	22.144	137
N	9.488	8.866	21.485	138
CA	8.682	7.75	21.997	138
C	8.631	6.748	20.883	138
N	9.083	5.525	21.163	139
CA	9.094	4.474	20.142	139
C	8.166	3.381	20.616	139
N	7.251	3.071	19.672	140
CA	6.259	2.041	19.933	140
C	6.758	0.776	19.276	140
N	7.089	-0.253	20.096	141
CA	7.625	-1.501	19.595	141
C	6.595	-2.591	19.608	141
N	6.53	-3.349	18.517	142
CA	5.521	-4.386	18.309	142
C	6.252	-5.623	17.813	142
N	6.056	-6.746	18.506	143
CA	6.691	-8.005	18.086	143
C	5.925	-8.628	16.939	143
N	6.664	-9.343	16.071	144
CA	6.092	-10.132	14.977	144
C	6.451	-11.602	15.198	144
N	5.426	-12.46	15.091	145
CA	5.609	-13.901	15.015	145
C	5.158	-14.4	13.666	145
N	5.675	-15.531	13.218	146
CA	5.286	-16.125	11.945	146
C	4.091	-17.04	12.137	146
N	3.026	-16.769	11.439	147
CA	1.81	-17.616	11.485	147
C	0.943	-17.178	10.34	147
N	-0.276	-16.672	10.648	148
CA	-1.137	-16.101	9.683	148
C	-0.498	-14.86	9.037	148
N	-0.918	-14.505	7.817	149
CA	-0.516	-13.25	7.214	149
C	-1.179	-12.063	7.906	149
N	-0.452	-10.923	7.835	150
CA	-0.992	-9.647	8.295	150
C	-1.447	-8.87	7.071	150
N	-2.738	-8.777	6.788	151
CA	-3.107	-8.126	5.548	151
C	-2.612	-6.705	5.405	151
N	-2.606	-5.957	6.516	152
CA	-2.16	-4.6	6.53	152
C	-0.687	-4.397	6.275	152
N	0.102	-5.465	6.273	153
CA	1.524	-5.393	5.917	153
C	1.756	-5.61	4.444	153
N	0.791	-6.173	3.702	154
CA	1.125	-6.649	2.329	154
C	1.574	-5.537	1.424	154
N	1.001	-4.321	1.52	155
CA	1.425	-3.222	0.64	155
C	2.946	-2.903	0.867	155
N	3.399	-2.991	2.12	156
CA	4.828	-2.852	2.363	156
C	5.602	-3.949	1.681	156
N	5.182	-5.195	1.881	157
CA	5.895	-6.313	1.252	157
C	6.022	-6.168	-0.247	157
N	4.938	-5.7	-0.867	158
CA	4.88	-5.638	-2.335	158
C	5.731	-4.511	-2.899	158
N	6.173	-3.541	-2.172	159
CA	7.034	-2.507	-2.69	159
C	8.503	-2.819	-2.527	159
N	8.83	-3.866	-1.733	160
CA	10.222	-4.112	-1.396	160
C	11.09	-4.4	-2.612	160
N	10.551	-5.013	-3.641	161
CA	11.379	-5.246	-4.847	161
C	11.885	-3.973	-5.444	161
N	11.152	-2.875	-5.284	162
CA	11.549	-1.589	-5.849	162
C	12.607	-0.854	-5.063	162
N	12.887	-1.345	-3.808	163
CA	13.892	-0.732	-2.957	163
C	14.847	-1.777	-2.476	163
N	15.29	-2.675	-3.386	164
CA	16.076	-3.811	-2.957	164
C	17.368	-3.445	-2.264	164
N	18.011	-2.39	-2.77	165
CA	19.355	-2.072	-2.389	165
C	19.434	-0.669	-1.707	165
N	20.538	-0.53	-0.961	166
CA	20.796	0.656	-0.194	166
C	20.739	1.893	-1.022	166
N	20.008	2.889	-0.525	167
CA	19.874	4.169	-1.192	167
C	18.679	4.282	-2.088	167
N	17.975	3.176	-2.392	168
CA	16.764	3.256	-3.175	168
C	15.583	3.68	-2.358	168
N	14.756	4.539	-2.946	169
CA	13.484	4.951	-2.354	169
C	12.349	4.79	-3.371	169
N	11.148	4.79	-2.875	170
CA	9.934	4.741	-3.712	170
C	8.825	5.517	-3.096	170
N	8.001	6.122	-3.92	171
CA	6.786	6.781	-3.382	171
C	6.019	5.743	-2.637	171
N	5.401	6.181	-1.507	172
CA	4.639	5.293	-0.648	172
C	3.611	6.062	0.1	172
N	2.604	6.525	-0.608	173
CA	1.548	7.366	-0.052	173
C	0.39	6.53	0.383	173
N	-0.418	7.134	1.258	174
CA	-1.693	6.55	1.677	174
C	-1.574	5.199	2.396	174
N	-0.462	4.943	3.045	175
CA	-0.358	3.723	3.843	175
C	-0.887	3.97	5.249	175
N	-1.692	3.062	5.752	176
CA	-2.321	3.191	7.022	176
C	-1.606	2.377	8.103	176
N	-0.834	2.991	9.009	177
CA	-0.106	2.206	9.998	177
C	-0.984	1.537	11.037	177
N	-2.272	1.908	11.102	178
CA	-3.191	1.171	12.007	178
C	-3.305	-0.273	11.622	178
N	-3.05	-0.631	10.358	179
CA	-3.106	-2.022	9.942	179
C	-1.964	-2.865	10.459	179
N	-1.03	-2.277	11.221	180
CA	0.092	-3.023	11.793	180
C	-0.045	-3.232	13.286	180
N	-1.151	-2.743	13.898	181
CA	-1.32	-2.842	15.335	181
C	-1.972	-4.165	15.742	181
N	-1.683	-4.701	16.886	182
CA	-2.437	-5.846	17.456	182
C	-3.739	-5.301	18.033	182
N	-4.533	-6.236	18.523	183
CA	-5.83	-5.84	19.156	183
C	-5.619	-5.049	20.425	183
N	-4.773	-5.525	21.32	184
CA	-4.563	-4.878	22.617	184
C	-3.435	-3.864	22.555	184
N	-3.617	-2.785	23.313	185
CA	-2.544	-1.787	23.516	185
C	-1.883	-1.934	24.875	185
N	-2.053	-3.06	25.554	186
CA	-1.305	-3.3	26.789	186
C	0.208	-3.254	26.49	186
N	0.985	-2.676	27.403	187
CA	2.39	-2.428	27.108	187
C	3.265	-2.485	28.356	187
N	4.549	-2.61	28.076	188
CA	5.627	-2.34	29.006	188
C	6.318	-1.058	28.601	188
N	6.894	-0.336	29.582	189
CA	7.613	0.896	29.263	189
C	8.846	1.018	30.123	189
N	9.882	1.63	29.55	190
CA	11.126	1.909	30.268	190
C	11.877	2.973	29.476	190
N	12.849	3.655	30.12	191
CA	13.663	4.652	29.432	191
C	14.843	4.016	28.754	191
N	15.119	4.362	27.509	192
CA	16.285	3.777	26.831	192
C	16.749	4.605	25.684	192
N	17.186	3.905	24.634	193
CA	18.022	4.527	23.586	193
C	17.543	4.147	22.206	193
N	18.07	4.843	21.21	194
CA	18.047	4.315	19.846	194
C	18.806	2.969	19.848	194
N	18.376	2.045	18.988	195
CA	19.035	0.742	18.908	195
C	20.024	0.657	17.768	195
N	20.208	1.749	17.041	196
CA	21.228	1.889	16.006	196
C	22.042	3.097	16.341	196
N	23.33	3.128	15.914	197
CA	24.124	4.357	16.014	197
C	23.327	5.539	15.497	197
N	23.291	6.661	16.216	198
CA	24.202	7.042	17.31	198
C	23.822	6.573	18.709	198
N	22.793	5.719	18.873	199
CA	22.571	5.031	20.157	199
C	22.196	6.035	21.278	199
N	21.607	7.179	20.898	200
CA	21.351	8.235	21.85	200
C	20.292	7.831	22.844	200
N	20.469	8.252	24.094	201
CA	19.616	7.859	25.225	201
C	18.495	8.91	25.362	201
N	17.571	8.837	24.4	202
CA	16.524	9.851	24.189	202
C	15.146	9.265	24.07	202
N	14.964	7.979	24.412	203
CA	13.722	7.274	24.076	203
C	12.947	6.847	25.302	203
N	11.638	7.156	25.291	204
CA	10.676	6.41	26.116	204
C	10.183	5.261	25.284	204
N	10.572	4.034	25.675	205
CA	10.124	2.831	24.97	205
C	8.769	2.401	25.474	205
N	7.893	2.04	24.522	206
CA	6.572	1.506	24.801	206
C	6.469	0.229	23.957	206
N	6.558	-0.934	24.608	207
CA	6.61	-2.208	23.912	207
C	5.299	-2.923	24.158	207
N	4.542	-3.189	23.1	208
CA	3.262	-3.859	23.243	208
C	3.435	-5.331	23.646	208
N	2.617	-5.894	24.525	209
CA	2.746	-7.313	24.87	209
C	2.265	-8.234	23.763	209
N	1.168	-7.842	23.096	210
CA	0.583	-8.728	22.096	210
C	1.344	-8.62	20.803	210
N	1.901	-9.686	20.279	211
CA	2.529	-9.665	18.971	211
C	1.473	-9.583	17.872	211
N	1.92	-9.201	16.691	212
CA	1.165	-9.425	15.466	212
C	1.744	-10.659	14.791	212
N	0.893	-11.294	13.984	213
CA	1.268	-12.461	13.117	213
C	1.515	-11.98	11.712	213
N	2.581	-12.453	11.1	214
CA	2.866	-12.264	9.658	214
C	3.084	-13.621	9.097	214
N	2.93	-13.781	7.775	215
CA	3.115	-15.108	7.207	215
C	4.588	-15.391	6.872	215
N	4.845	-16.649	6.67	216
CA	6.201	-17.029	6.297	216
C	6.544	-16.372	4.942	216
N	5.591	-16.226	4.038	217
CA	5.865	-15.584	2.76	217
C	6.173	-14.143	2.945	217
N	5.512	-13.458	3.85	218
CA	5.802	-12.013	4.104	218
C	7.256	-11.857	4.641	218
N	7.62	-12.659	5.646	219
CA	8.978	-12.53	6.159	219
C	10.05	-12.93	5.12	219
N	9.757	-13.925	4.308	220
CA	10.674	-14.307	3.253	220
C	10.995	-13.125	2.328	220
N	9.973	-12.292	2.042	221
CA	10.223	-11.134	1.202	221
C	11.096	-10.085	1.893	221
N	10.937	-9.908	3.196	222
CA	11.883	-9.024	3.96	222
C	13.319	-9.516	3.747	222
N	13.506	-10.845	3.785	223
CA	14.821	-11.431	3.743	223
C	15.458	-11.393	2.347	223
N	14.753	-10.91	1.337	224
CA	15.301	-10.709	0.001	224
C	15.904	-9.32	-0.171	224
N	15.645	-8.407	0.767	225
CA	16.284	-7.092	0.702	225
C	17.803	-7.258	0.811	225
N	18.519	-6.191	0.437	226
CA	19.952	-6.177	0.477	226
C	20.461	-5.011	1.346	226
N	21.551	-5.319	2.088	227
CA	22.304	-4.274	2.775	227
C	23.11	-3.437	1.82	227
N	23.638	-4.071	0.763	228
CA	24.509	-3.429	-0.205	228
C	23.738	-2.51	-1.156	228
N	24.547	-1.644	-1.846	229
CA	24.033	-0.877	-2.933	229
C	23.945	-1.658	-4.246	229
N	23.225	-1.125	-5.202	230
CA	23.153	-1.704	-6.535	230
C	24.533	-1.812	-7.168	230
N	24.773	-2.952	-7.809	231
CA	26.074	-3.167	-8.399	231
C	27.171	-3.586	-7.481	231
N	26.843	-3.793	-6.259	232
CA	27.727	-4.361	-5.316	232
C	27.405	-5.773	-5.017	232
N	28.364	-6.5	-4.375	233
CA	28.146	-7.927	-3.996	233
C	26.861	-8.051	-3.09	233
N	26.075	-9.074	-3.354	234
CA	24.818	-9.149	-2.615	234
C	25.023	-9.664	-1.228	234
N	24.515	-8.907	-0.279	235
CA	24.534	-9.249	1.15	235
C	23.065	-9.136	1.615	235
N	22.421	-10.241	1.902	236
CA	21.001	-10.148	2.272	236
C	20.847	-9.359	3.563	236
N	19.817	-8.514	3.578	237
CA	19.429	-7.734	4.761	237
C	18.638	-8.643	5.662	237
N	19.381	-9.322	6.566	238
CA	18.844	-10.229	7.579	238
C	19.655	-10.016	8.83	238
N	19.018	-10.375	9.987	239
CA	19.698	-10.26	11.273	239
C	20.187	-8.829	11.542	239
N	19.312	-7.877	11.233	240
CA	19.569	-6.463	11.474	240
C	19.036	-6.003	12.826	240
N	19.329	-6.79	13.858	241
CA	18.902	-6.536	15.232	241
C	20.108	-6.447	16.148	241
N	19.981	-5.545	17.131	242
CA	20.912	-5.44	18.249	242
C	20.409	-6.336	19.382	242
N	21.29	-7.078	20.043	243
CA	20.847	-7.914	21.159	243
C	20.55	-7.091	22.414	243
N	19.921	-7.758	23.39	244
CA	19.595	-7.089	24.651	244
C	20.834	-6.603	25.367	244
N	20.677	-5.43	25.969	245
CA	21.701	-4.73	26.706	245
C	21.365	-4.73	28.202	245
N	22.356	-4.471	29.049	246
CA	22.108	-4.522	30.498	246
C	21.082	-3.495	30.929	246
N	20.179	-3.937	31.799	247
CA	19.125	-3.051	32.288	247
C	19.691	-1.964	33.198	247
N	20.709	-2.306	33.977	248
CA	21.312	-1.301	34.875	248
C	20.247	-0.701	35.824	248
N	20.333	0.582	36.061	249
CA	19.518	1.205	37.095	249
C	18.209	1.662	36.507	249
N	17.413	0.679	35.948	250
CA	16.132	0.937	35.343	250
C	15.12	-0.049	35.824	250
N	13.838	0.341	35.752	251
CA	12.722	-0.547	36.021	251
C	11.814	-0.578	34.778	251
N	11.334	-1.735	34.476	252
CA	10.322	-1.88	33.408	252
C	8.947	-1.883	34.104	252
N	8.063	-1.047	33.626	253
CA	6.722	-0.924	34.201	253
C	5.703	-1.439	33.245	253
N	4.694	-2.104	33.779	254
CA	3.591	-2.687	32.987	254
C	2.343	-1.856	33.106	254
N	1.615	-1.712	32.005	255
CA	0.357	-1.004	31.994	255
C	-0.812	-1.818	32.442	255
N	-0.59	-3.11	32.67	256
CA	-1.639	-4.128	32.867	256
C	-1.237	-5.029	33.985	256
N	-2.297	-5.564	34.62	257
CA	-2.135	-6.42	35.827	257
C	-1.947	-7.818	35.314	257
