ATOM	X	Y	Z	RESIDUE
N	17.871	-43.553	72.697	1
CA	18.952	-44.504	72.387	1
C	19.253	-44.859	73.946	1
N	18.663	-45.901	74.628	2
CA	17.345	-46.269	75.217	2
C	17.802	-47.119	76.59	2
N	17.225	-47.904	77.586	3
CA	16.315	-46.835	77.055	3
C	15.242	-46.529	78.134	3
N	13.939	-46.39	77.797	4
CA	12.949	-45.93	78.767	4
C	12.171	-47.099	79.348	4
N	11.26	-46.734	80.202	5
CA	10.628	-47.662	81.097	5
C	9.622	-48.537	80.357	5
N	9.432	-49.738	80.859	6
CA	8.444	-50.65	80.302	6
C	8.137	-51.753	81.293	6
N	7.848	-52.929	80.747	7
CA	7.438	-54.053	81.562	7
C	8.354	-55.285	81.416	7
N	9.402	-55.206	80.615	8
CA	10.331	-56.35	80.444	8
C	11.365	-56.569	81.525	8
N	12.26	-57.535	81.268	9
CA	13.318	-57.962	82.21	9
C	14.273	-56.818	82.566	9
N	14.555	-55.977	81.573	10
CA	15.594	-54.934	81.725	10
C	15.082	-53.575	81.975	10
N	13.772	-53.335	81.793	11
CA	13.192	-51.987	82.015	11
C	11.873	-52.01	82.795	11
N	11.521	-53.167	83.388	12
CA	10.243	-53.348	84.035	12
C	10.159	-52.716	85.404	12
N	9.072	-52.998	86.124	13
CA	8.806	-52.387	87.44	13
C	9.937	-52.375	88.454	13
N	10.731	-53.466	88.503	14
CA	11.88	-53.554	89.396	14
C	12.995	-52.581	89.076	14
N	12.985	-52.012	87.863	15
CA	13.932	-50.978	87.46	15
C	13.531	-49.525	87.612	15
N	12.225	-49.302	87.844	16
CA	11.658	-47.954	87.73	16
C	12.212	-46.989	88.75	16
N	12.607	-47.485	89.93	17
CA	13.095	-46.629	91.003	17
C	14.348	-45.844	90.595	17
N	15.109	-46.356	89.656	18
CA	16.331	-45.643	89.244	18
C	16.045	-44.282	88.575	18
N	15.047	-44.191	87.695	19
CA	14.638	-42.937	87.097	19
C	13.58	-42.215	87.914	19
N	12.813	-42.988	88.7	20
CA	11.716	-42.481	89.474	20
C	11.85	-42.976	90.905	20
N	12.746	-42.377	91.703	21
CA	12.97	-42.844	93.085	21
C	11.713	-42.982	93.994	21
N	10.673	-42.199	93.718	22
CA	9.399	-42.315	94.444	22
C	8.786	-43.717	94.277	22
N	9.28	-44.532	93.306	23
CA	8.845	-45.921	93.252	23
C	8.953	-46.647	94.586	23
N	9.91	-46.256	95.439	24
CA	10.133	-46.873	96.802	24
C	9.523	-46.039	97.916	24
N	8.552	-45.201	97.565	25
CA	7.964	-44.262	98.494	25
C	6.948	-44.859	99.473	25
N	6.284	-43.973	100.216	26
CA	5.445	-44.384	101.313	26
C	4.009	-44.599	100.9	26
N	3.628	-44.233	99.667	27
CA	2.182	-44.36	99.296	27
C	2.039	-44.816	97.822	27
N	2.787	-45.878	97.515	28
CA	2.787	-46.434	96.181	28
C	1.638	-47.404	95.936	28
N	1.272	-47.495	94.67	29
CA	0.169	-48.389	94.2	29
C	0.692	-49.239	93.05	29
N	0.09	-50.373	92.801	30
CA	-1.047	-50.921	93.537	30
C	-0.629	-51.576	94.861	30
N	-1.62	-52.156	95.557	31
CA	-1.444	-52.89	96.79	31
C	-2.336	-54.139	96.739	31
N	-1.989	-55.083	97.617	32
CA	-2.877	-56.169	97.945	32
C	-3.917	-55.615	98.93	32
N	-5.159	-56.017	98.64	33
CA	-6.295	-55.66	99.473	33
C	-6.609	-56.866	100.345	33
N	-6.267	-56.768	101.609	34
CA	-6.591	-57.837	102.569	34
C	-8.039	-57.56	103.019	34
N	-8.982	-58.397	102.58	35
CA	-10.406	-58.117	102.757	35
C	-10.831	-58.227	104.218	35
N	-10.03	-58.955	105.014	36
CA	-10.347	-59.15	106.389	36
C	-9.894	-58.009	107.269	36
N	-8.804	-57.337	106.884	37
CA	-8.308	-56.211	107.66	37
C	-8.858	-54.861	107.179	37
N	-9.391	-54.812	105.965	38
CA	-10.074	-53.598	105.509	38
C	-11.272	-53.299	106.414	38
N	-11.364	-52.069	106.865	39
CA	-12.378	-51.685	107.826	39
C	-13.527	-50.915	107.178	39
N	-14.762	-51.333	107.481	40
CA	-15.933	-50.549	107.079	40
C	-15.829	-49.164	107.673	40
N	-16.04	-48.173	106.828	41
CA	-15.998	-46.777	107.263	41
C	-17.38	-46.111	107.089	41
N	-18.114	-45.922	108.204	42
CA	-19.458	-45.273	108.141	42
C	-19.43	-43.822	107.713	42
N	-18.274	-43.168	107.837	43
CA	-18.135	-41.77	107.426	43
C	-18.059	-41.579	105.889	43
N	-17.794	-42.639	105.126	44
CA	-17.748	-42.483	103.676	44
C	-19.105	-42.037	103.178	44
N	-19.133	-41.008	102.348	45
CA	-20.384	-40.545	101.702	45
C	-20.805	-41.481	100.557	45
N	-22.052	-41.413	100.075	46
CA	-22.254	-42.329	98.909	46
C	-21.348	-41.932	97.638	46
N	-20.921	-42.885	96.818	47
CA	-20.095	-42.604	95.597	47
C	-20.987	-42.267	94.441	47
N	-20.626	-41.258	93.703	48
CA	-21.416	-40.739	92.625	48
C	-20.615	-40.802	91.364	48
N	-20.999	-41.671	90.467	49
CA	-20.316	-41.839	89.175	49
C	-21.268	-41.229	88.157	49
N	-20.951	-40.051	87.625	50
CA	-21.903	-39.326	86.74	50
C	-21.316	-39.196	85.38	50
N	-21.545	-40.228	84.582	51
CA	-20.97	-40.409	83.254	51
C	-21.935	-40.183	82.093	51
N	-23.179	-39.744	82.355	52
CA	-24.164	-39.452	81.261	52
C	-23.674	-38.525	80.114	52
N	-22.876	-37.515	80.411	53
CA	-22.516	-36.548	79.371	53
C	-21.072	-36.748	78.931	53
N	-20.51	-37.928	79.174	54
CA	-19.118	-38.215	78.838	54
C	-18.899	-38.11	77.321	54
N	-17.807	-37.455	76.932	55
CA	-17.485	-37.217	75.537	55
C	-16.105	-37.787	75.207	55
N	-16.063	-38.993	74.644	56
CA	-14.802	-39.606	74.244	56
C	-14.308	-38.924	72.988	56
N	-13.004	-38.828	72.841	57
CA	-12.409	-38.172	71.672	57
C	-11.614	-39.132	70.789	57
N	-10.681	-39.882	71.4	58
CA	-9.706	-40.655	70.651	58
C	-9.256	-41.816	71.494	58
N	-8.674	-42.803	70.814	59
CA	-7.977	-43.9	71.45	59
C	-6.529	-43.932	70.955	59
N	-5.583	-44.175	71.876	60
CA	-4.197	-44.11	71.576	60
C	-3.425	-45.298	72.111	60
N	-2.581	-45.935	71.251	61
CA	-1.573	-46.869	71.772	61
C	-0.32	-46.072	72.148	61
N	0.01	-46.052	73.448	62
CA	1.174	-45.264	73.92	62
C	2.434	-46.088	74.184	62
N	2.445	-47.348	73.758	63
CA	3.552	-48.246	73.964	63
C	3.543	-48.995	75.288	63
N	2.591	-48.67	76.145	64
CA	2.43	-49.328	77.451	64
C	1.024	-49.924	77.599	64
N	0.038	-49.202	77.126	65
CA	-1.358	-49.607	77.176	65
C	-2.011	-48.849	76.019	65
N	-3.335	-48.913	75.986	66
CA	-4.119	-47.963	75.203	66
C	-5.002	-47.087	76.098	66
N	-5.054	-45.797	75.768	67
CA	-5.852	-44.846	76.495	67
C	-7.029	-44.407	75.622	67
N	-8.229	-44.501	76.185	68
CA	-9.384	-43.831	75.658	68
C	-9.477	-42.448	76.349	68
N	-9.358	-41.393	75.538	69
CA	-9.342	-40.043	76.07	69
C	-10.653	-39.349	75.929	69
N	-10.91	-38.502	76.896	70
CA	-12.157	-37.73	76.962	70
C	-11.922	-36.277	76.88	70
N	-12.934	-35.579	76.402	71
CA	-12.972	-34.123	76.523	71
C	-13.278	-33.734	77.979	71
N	-12.292	-33.149	78.631	72
CA	-12.388	-32.779	80.034	72
C	-12.357	-31.263	80.203	72
N	-12.72	-30.541	79.142	73
CA	-12.77	-29.056	79.121	73
C	-13.979	-28.46	79.862	73
N	-14.901	-29.327	80.288	74
CA	-16.052	-28.928	81.086	74
C	-16.437	-30.058	82.0	74
N	-17.328	-29.786	82.967	75
CA	-17.856	-30.825	83.867	75
C	-18.853	-31.616	83.063	75
N	-18.385	-32.761	82.625	76
CA	-19.148	-33.714	81.826	76
C	-19.197	-35.067	82.539	76
N	-18.188	-35.87	82.421	77
CA	-18.104	-37.11	83.17	77
C	-17.34	-36.888	84.5	77
N	-17.996	-36.996	85.672	78
CA	-17.331	-36.701	86.96	78
C	-17.598	-37.768	88.016	78
N	-16.626	-37.913	88.922	79
CA	-16.714	-38.755	90.081	79
C	-16.712	-37.837	91.297	79
N	-17.605	-38.093	92.232	80
CA	-17.636	-37.387	93.469	80
C	-18.167	-38.294	94.567	80
N	-18.197	-37.793	95.798	81
CA	-18.678	-38.535	96.954	81
C	-17.732	-39.607	97.347	81
N	-18.238	-40.605	98.05	82
CA	-17.355	-41.624	98.624	82
C	-16.325	-41.008	99.537	82
N	-15.035	-41.297	99.287	83
CA	-13.972	-40.688	100.068	83
C	-13.589	-39.274	99.595	83
N	-14.156	-38.801	98.479	84
CA	-13.646	-37.595	97.804	84
C	-14.301	-36.307	98.312	84
N	-13.519	-35.231	98.3	85
CA	-14.009	-33.879	98.449	85
C	-13.988	-33.227	97.071	85
N	-15.084	-32.58	96.73	86
CA	-15.185	-31.929	95.463	86
C	-15.356	-32.899	94.306	86
N	-15.008	-32.406	93.131	87
CA	-15.401	-32.96	91.857	87
C	-14.149	-33.348	91.106	87
N	-14.169	-34.541	90.521	88
CA	-13.041	-35.13	89.8	88
C	-13.508	-35.463	88.409	88
N	-12.819	-34.891	87.412	89
CA	-13.197	-35.014	86.004	89
C	-12.514	-36.159	85.318	89
N	-13.273	-36.973	84.576	90
CA	-12.72	-38.084	83.82	90
C	-11.875	-37.567	82.674	90
N	-10.598	-37.981	82.594	91
CA	-9.7	-37.581	81.497	91
C	-9.416	-38.754	80.523	91
N	-9.259	-39.974	81.093	92
CA	-9.013	-41.156	80.244	92
C	-9.274	-42.422	81.049	92
N	-9.398	-43.514	80.293	93
CA	-9.311	-44.806	80.878	93
C	-8.363	-45.694	80.068	93
N	-7.874	-46.721	80.762	94
CA	-7.002	-47.73	80.168	94
C	-7.115	-48.982	80.985	94
N	-6.428	-50.047	80.517	95
CA	-6.451	-51.326	81.201	95
C	-5.025	-51.787	81.433	95
N	-4.878	-52.725	82.373	96
CA	-3.705	-53.569	82.531	96
C	-4.171	-55.002	82.388	96
N	-3.398	-55.851	81.673	97
CA	-3.799	-57.21	81.46	97
C	-2.645	-58.156	81.356	97
N	-2.945	-59.437	81.428	98
CA	-1.915	-60.467	81.384	98
C	-1.687	-61.18	80.089	98
N	-0.688	-62.057	80.098	99
CA	-0.424	-62.956	78.996	99
C	-1.383	-64.144	79.087	99
N	-1.914	-64.405	80.291	100
CA	-2.82	-65.488	80.548	100
C	-3.863	-65.005	81.503	100
N	-4.969	-65.717	81.609	101
CA	-6.1	-65.245	82.432	101
C	-5.781	-65.173	83.923	101
N	-4.792	-65.947	84.392	102
CA	-4.404	-65.979	85.796	102
C	-3.604	-64.792	86.353	102
N	-3.339	-63.792	85.505	103
CA	-2.668	-62.582	85.962	103
C	-3.083	-61.435	85.057	103
N	-2.79	-60.213	85.506	104
CA	-3.054	-59.021	84.749	104
C	-3.496	-57.868	85.571	104
N	-4.197	-58.118	86.674	105
CA	-4.573	-57.024	87.521	105
C	-3.399	-56.456	88.261	105
N	-3.516	-55.193	88.658	106
CA	-2.497	-54.468	89.489	106
C	-2.824	-54.667	90.97	106
N	-4.009	-54.22	91.38	107
CA	-4.477	-54.567	92.716	107
C	-4.787	-56.037	92.738	107
N	-4.61	-56.592	93.926	108
CA	-5.038	-57.981	94.203	108
C	-5.958	-57.998	95.397	108
N	-6.738	-59.051	95.533	109
CA	-7.728	-59.214	96.581	109
C	-7.434	-60.49	97.333	109
N	-6.898	-60.361	98.558	110
CA	-6.376	-61.514	99.296	110
C	-5.449	-62.327	98.406	110
N	-4.574	-61.604	97.735	111
CA	-3.561	-62.129	96.815	111
C	-4.046	-62.675	95.5	111
N	-5.345	-62.619	95.285	112
CA	-5.914	-63.066	94.03	112
C	-5.589	-62.016	92.946	112
N	-5.078	-62.502	91.821	113
CA	-4.93	-61.738	90.6	113
C	-6.069	-61.95	89.606	113
N	-6.659	-60.865	89.099	114
CA	-7.699	-60.944	88.127	114
C	-7.062	-60.927	86.73	114
N	-7.822	-61.24	85.699	115
CA	-7.307	-61.241	84.319	115
C	-6.862	-59.852	83.815	115
N	-7.513	-58.819	84.319	116
CA	-7.24	-57.455	83.9	116
C	-7.834	-56.509	84.908	116
N	-7.499	-55.235	84.728	117
CA	-7.956	-54.157	85.588	117
C	-8.129	-52.916	84.736	117
N	-9.271	-52.299	84.887	118
CA	-9.635	-51.069	84.224	118
C	-9.44	-49.898	85.213	118
N	-8.745	-48.841	84.708	119
CA	-8.51	-47.637	85.434	119
C	-9.176	-46.434	84.758	119
N	-10.202	-45.88	85.435	120
CA	-10.882	-44.671	84.989	120
C	-10.202	-43.521	85.811	120
N	-9.486	-42.678	85.062	121
CA	-8.578	-41.657	85.692	121
C	-9.228	-40.292	85.691	121
N	-9.319	-39.698	86.878	122
CA	-9.974	-38.41	87.05	122
C	-9.086	-37.433	87.799	122
N	-9.263	-36.148	87.495	123
CA	-8.491	-35.097	88.215	123
C	-9.378	-34.12	88.938	123
N	-8.877	-33.635	90.057	124
CA	-9.633	-32.73	90.933	124
C	-9.737	-31.348	90.284	124
N	-10.961	-30.913	90.057	125
CA	-11.192	-29.664	89.361	125
C	-10.684	-28.439	90.122	125
N	-10.429	-28.573	91.419	126
CA	-9.946	-27.446	92.159	126
C	-8.531	-27.047	91.726	126
N	-7.827	-27.904	91.01	127
CA	-6.482	-27.574	90.516	127
C	-6.458	-27.203	89.059	127
N	-7.622	-27.101	88.408	128
CA	-7.706	-26.417	87.12	128
C	-7.385	-27.246	85.889	128
N	-6.31	-28.036	85.946	129
CA	-6.01	-28.976	84.873	129
C	-5.306	-30.217	85.403	129
N	-5.259	-31.238	84.564	130
CA	-4.64	-32.507	84.906	130
C	-3.181	-32.343	85.329	130
N	-2.426	-31.552	84.567	131
CA	-1.024	-31.417	84.815	131
C	-0.71	-30.843	86.168	131
N	-1.544	-29.931	86.67	132
CA	-1.382	-29.383	88.0	132
C	-1.938	-30.348	89.049	132
N	-3.058	-30.984	88.74	133
CA	-3.675	-31.832	89.711	133
C	-2.799	-33.03	90.061	133
N	-2.129	-33.637	89.073	134
CA	-1.305	-34.812	89.362	134
C	-0.195	-34.531	90.34	134
N	0.126	-33.252	90.528	135
CA	1.179	-32.843	91.439	135
C	0.726	-32.638	92.874	135
N	-0.562	-32.931	93.146	136
CA	-1.1	-32.64	94.485	136
C	-1.538	-33.932	95.187	136
N	-1.404	-33.989	96.531	137
CA	-1.764	-35.24	97.22	137
C	-3.218	-35.661	97.122	137
N	-4.113	-34.721	96.808	138
CA	-5.534	-35.032	96.596	138
C	-5.922	-34.638	95.187	138
N	-4.985	-34.73	94.24	139
CA	-5.241	-34.299	92.899	139
C	-5.954	-35.235	91.982	139
N	-5.894	-36.539	92.269	140
CA	-6.432	-37.541	91.347	140
C	-7.317	-38.53	92.086	140
N	-8.228	-39.138	91.321	141
CA	-9.047	-40.249	91.795	141
C	-9.107	-41.243	90.667	141
N	-8.689	-42.491	90.977	142
CA	-8.77	-43.573	90.015	142
C	-9.769	-44.562	90.482	142
N	-10.742	-44.825	89.601	143
CA	-11.761	-45.858	89.823	143
C	-11.202	-47.093	89.129	143
N	-10.94	-48.12	89.92	144
CA	-10.376	-49.389	89.434	144
C	-11.452	-50.458	89.456	144
N	-11.515	-51.196	88.367	145
CA	-12.523	-52.22	88.164	145
C	-11.787	-53.481	87.682	145
N	-12.025	-54.599	88.383	146
CA	-11.45	-55.863	87.968	146
C	-12.187	-56.468	86.805	146
N	-11.458	-57.172	85.951	147
CA	-12.012	-57.99	84.89	147
C	-11.685	-59.462	85.128	147
N	-12.707	-60.321	85.001	148
CA	-12.571	-61.768	84.968	148
C	-13.106	-62.217	83.627	148
N	-12.637	-63.38	83.187	149
CA	-13.018	-64.011	81.947	149
C	-14.225	-64.891	82.135	149
N	-15.244	-64.575	81.379	150
CA	-16.487	-65.359	81.41	150
C	-17.346	-64.914	80.255	150
N	-18.553	-64.433	80.559	151
CA	-19.456	-63.842	79.551	151
C	-18.847	-62.568	78.982	151
N	-19.164	-62.301	77.71	152
CA	-18.758	-61.06	77.064	152
C	-19.389	-59.818	77.731	152
N	-18.628	-58.703	77.73	153
CA	-19.16	-57.441	78.138	153
C	-19.573	-56.667	76.871	153
N	-20.911	-56.566	76.616	154
CA	-21.248	-55.878	75.377	154
C	-20.725	-54.467	75.235	154
N	-20.649	-53.742	76.348	155
CA	-20.146	-52.385	76.392	155
C	-18.692	-52.185	76.055	155
N	-17.926	-53.265	76.078	156
CA	-16.517	-53.22	75.751	156
C	-16.282	-53.456	74.282	156
N	-17.289	-54.013	73.594	157
CA	-17.009	-54.543	72.259	157
C	-16.519	-53.424	71.295	157
N	-17.011	-52.199	71.422	158
CA	-16.565	-51.086	70.539	158
C	-15.051	-50.771	70.7	158
N	-14.579	-50.901	71.927	159
CA	-13.147	-50.788	72.256	159
C	-12.389	-51.916	71.557	159
N	-12.846	-53.129	71.758	160
CA	-12.224	-54.301	71.208	160
C	-12.098	-54.184	69.672	160
N	-13.151	-53.744	69.005	161
CA	-13.122	-53.676	67.528	161
C	-12.187	-52.611	66.912	161
N	-11.808	-51.608	67.692	162
CA	-10.936	-50.528	67.195	162
C	-9.425	-50.842	67.355	162
N	-9.104	-51.853	68.158	163
CA	-7.709	-52.179	68.499	163
C	-6.843	-52.556	67.288	163
N	-7.444	-53.185	66.271	164
CA	-6.751	-53.539	65.016	164
C	-6.141	-52.302	64.362	164
N	-6.733	-51.129	64.6	165
CA	-6.275	-49.875	63.951	165
C	-5.192	-49.131	64.753	165
N	-4.913	-49.607	65.967	166
CA	-3.936	-49.026	66.831	166
C	-2.984	-50.039	67.36	166
N	-2.546	-50.921	66.464	167
CA	-1.774	-52.101	66.93	167
C	-0.437	-51.725	67.584	167
N	0.229	-50.734	67.0	168
CA	1.556	-50.344	67.441	168
C	1.609	-48.984	68.146	168
N	2.657	-48.853	68.953	169
CA	3.056	-47.649	69.651	169
C	3.067	-46.45	68.759	169
N	2.343	-45.428	69.221	170
CA	2.172	-44.15	68.533	170
C	0.947	-44.053	67.634	170
N	0.247	-45.168	67.407	171
CA	-0.949	-45.136	66.596	171
C	-2.131	-44.649	67.429	171
N	-2.972	-43.844	66.802	172
CA	-4.224	-43.421	67.391	172
C	-5.356	-43.421	66.37	172
N	-6.56	-43.338	66.888	173
CA	-7.752	-43.298	66.069	173
C	-8.837	-42.433	66.724	173
N	-9.706	-41.863	65.889	174
CA	-10.921	-41.2	66.382	174
C	-11.741	-42.183	67.201	174
N	-12.317	-41.739	68.299	175
CA	-13.088	-42.667	69.116	175
C	-14.1	-41.863	69.88	175
N	-15.15	-41.502	69.149	176
CA	-16.191	-40.661	69.672	176
C	-17.394	-41.476	70.135	176
N	-18.165	-40.878	71.027	177
CA	-19.451	-41.407	71.447	177
C	-19.375	-42.73	72.185	177
N	-18.226	-43.036	72.771	178
CA	-18.114	-44.237	73.619	178
C	-18.612	-43.915	75.02	178
N	-19.471	-44.774	75.563	179
CA	-20.137	-44.572	76.833	179
C	-19.501	-45.445	77.901	179
N	-18.746	-44.827	78.798	180
CA	-18.071	-45.652	79.801	180
C	-18.969	-46.308	80.832	180
N	-20.236	-45.86	80.911	181
CA	-21.238	-46.544	81.754	181
C	-21.35	-48.029	81.439	181
N	-21.043	-48.405	80.196	182
CA	-21.129	-49.807	79.794	182
C	-20.033	-50.682	80.331	182
N	-19.108	-50.104	81.095	183
CA	-17.987	-50.86	81.658	183
C	-18.114	-51.053	83.18	183
N	-19.207	-50.582	83.755	184
CA	-19.389	-50.627	85.207	184
C	-20.192	-51.876	85.657	184
N	-19.774	-52.473	86.783	185
CA	-20.524	-53.59	87.367	185
C	-21.827	-53.051	88.035	185
N	-22.734	-53.93	88.492	186
CA	-23.975	-53.498	89.168	186
C	-23.681	-52.739	90.442	186
N	-22.763	-53.278	91.246	187
CA	-22.512	-52.721	92.562	187
C	-21.39	-51.728	92.513	187
N	-21.579	-50.632	93.248	188
CA	-20.528	-49.653	93.541	188
C	-19.851	-49.832	94.915	188
N	-19.972	-51.007	95.525	189
CA	-19.255	-51.302	96.735	189
C	-17.764	-51.256	96.399	189
N	-17.005	-50.591	97.292	190
CA	-15.585	-50.339	96.999	190
C	-14.676	-50.378	98.226	190
N	-13.371	-50.539	97.931	191
CA	-12.349	-50.233	98.902	191
C	-11.657	-48.937	98.482	191
N	-11.13	-48.223	99.473	192
CA	-10.391	-46.981	99.172	192
C	-9.139	-46.844	100.048	192
N	-8.095	-46.245	99.444	193
CA	-6.891	-45.993	100.152	193
C	-6.116	-44.915	99.388	193
N	-5.188	-44.232	100.09	194
CA	-4.344	-43.213	99.401	194
C	-3.125	-43.863	98.766	194
N	-2.906	-43.576	97.481	195
CA	-1.823	-44.198	96.765	195
C	-1.225	-43.34	95.687	195
N	-0.861	-43.973	94.591	196
CA	-0.097	-43.355	93.553	196
C	-0.542	-43.769	92.142	196
N	-0.049	-43.046	91.147	197
CA	-0.05	-43.539	89.797	197
C	0.66	-44.872	89.79	197
N	0.246	-45.737	88.885	198
CA	0.984	-47.012	88.787	198
C	1.905	-47.112	87.607	198
N	2.014	-46.053	86.799	199
CA	3.056	-45.951	85.8	199
C	3.888	-44.738	86.096	199
N	5.165	-44.726	85.696	200
CA	5.961	-43.498	85.806	200
C	5.212	-42.285	85.302	200
N	5.301	-41.17	86.033	201
CA	6.236	-40.877	87.121	201
C	5.79	-41.298	88.527	201
N	4.752	-42.161	88.611	202
CA	4.406	-42.749	89.903	202
C	4.065	-41.751	91.025	202
N	3.401	-40.682	90.648	203
CA	3.191	-39.592	91.579	203
C	2.163	-39.977	92.628	203
N	2.41	-39.536	93.867	204
CA	1.626	-39.937	95.04	204
C	0.471	-38.974	95.239	204
N	-0.421	-38.999	94.269	205
CA	-1.495	-38.026	94.13	205
C	-2.884	-38.625	94.028	205
N	-2.993	-39.934	94.246	206
CA	-4.223	-40.647	93.912	206
C	-4.973	-41.151	95.115	206
N	-6.276	-40.847	95.139	207
CA	-7.24	-41.563	95.972	207
C	-7.778	-42.684	95.134	207
N	-7.465	-43.89	95.573	208
CA	-7.895	-45.089	94.876	208
C	-9.29	-45.506	95.355	208
N	-10.126	-45.869	94.386	209
CA	-11.468	-46.39	94.642	209
C	-11.565	-47.668	93.816	209
N	-11.444	-48.808	94.483	210
CA	-11.407	-50.097	93.789	210
C	-12.723	-50.813	94.039	210
N	-13.447	-51.069	92.966	211
CA	-14.754	-51.757	93.077	211
C	-14.584	-53.221	93.467	211
N	-15.423	-53.695	94.378	212
CA	-15.399	-55.097	94.805	212
C	-15.851	-56.027	93.75	212
N	-16.858	-55.635	92.987	213
CA	-17.464	-56.52	91.973	213
C	-16.728	-56.421	90.662	213
N	-16.161	-57.537	90.188	214
CA	-15.575	-57.506	88.857	214
C	-16.607	-57.48	87.722	214
N	-16.203	-57.042	86.536	215
CA	-16.991	-57.234	85.333	215
C	-16.443	-58.46	84.66	215
N	-17.297	-59.137	83.91	216
CA	-16.865	-60.308	83.087	216
C	-16.704	-59.829	81.67	216
N	-15.628	-60.265	81.05	217
CA	-15.383	-60.092	79.627	217
C	-15.155	-61.458	79.049	217
N	-15.311	-61.573	77.751	218
CA	-15.066	-62.893	77.142	218
C	-13.628	-63.179	76.899	218
N	-13.31	-64.455	76.753	219
CA	-11.948	-64.845	76.405	219
C	-11.542	-64.213	75.095	219
N	-12.483	-64.137	74.149	220
CA	-12.175	-63.545	72.834	220
C	-11.841	-62.048	72.974	220
N	-12.571	-61.361	73.849	221
CA	-12.299	-59.956	74.089	221
C	-10.887	-59.717	74.627	221
N	-10.523	-60.423	75.674	222
CA	-9.188	-60.197	76.264	222
C	-8.116	-60.695	75.276	222
N	-8.402	-61.745	74.504	223
CA	-7.424	-62.172	73.507	223
C	-7.102	-61.047	72.533	223
N	-8.071	-60.207	72.214	224
CA	-7.849	-59.102	71.308	224
C	-6.927	-58.034	71.98	224
N	-7.048	-57.817	73.282	225
CA	-6.091	-56.937	73.956	225
C	-4.662	-57.434	73.762	225
N	-4.507	-58.746	73.836	226
CA	-3.204	-59.374	73.768	226
C	-2.569	-59.374	72.382	226
N	-3.289	-58.942	71.36	227
CA	-2.786	-58.809	70.023	227
C	-2.164	-57.444	69.766	227
N	-2.37	-56.503	70.68	228
CA	-1.631	-55.237	70.614	228
C	-0.146	-55.453	70.76	228
N	0.614	-54.451	70.347	229
CA	2.087	-54.448	70.425	229
C	2.627	-53.33	71.3	229
N	3.658	-53.636	72.09	230
CA	4.462	-52.577	72.758	230
C	5.318	-51.745	71.793	230
N	5.77	-52.409	70.763	231
CA	6.712	-51.847	69.793	231
C	5.99	-50.934	68.768	231
N	6.76	-50.057	68.161	232
CA	6.336	-49.268	67.039	232
C	6.274	-50.077	65.745	232
N	5.505	-49.556	64.785	233
CA	5.433	-50.061	63.414	233
C	6.833	-50.303	62.847	233
N	6.935	-51.427	62.147	234
CA	8.174	-51.903	61.59	234
C	9.319	-52.106	62.552	234
N	9.007	-52.444	63.807	235
CA	10.01	-52.887	64.788	235
C	9.668	-54.318	65.186	235
N	10.609	-55.043	65.815	236
CA	10.32	-56.439	66.148	236
C	9.129	-56.568	67.079	236
N	8.246	-57.523	66.806	237
CA	6.964	-57.54	67.456	237
C	7.148	-58.029	68.9	237
N	6.62	-57.262	69.85	238
CA	6.58	-57.641	71.247	238
C	5.15	-57.439	71.65	238
N	4.461	-58.543	71.923	239
CA	3.053	-58.422	72.246	239
C	2.881	-57.626	73.552	239
N	1.837	-56.811	73.533	240
CA	1.471	-55.968	74.684	240
C	0.66	-56.869	75.631	240
N	1.383	-57.497	76.543	241
CA	0.827	-58.356	77.594	241
C	1.622	-58.157	78.87	241
N	1.001	-58.424	80.014	242
CA	1.675	-58.286	81.303	242
C	2.168	-56.863	81.552	242
N	1.299	-55.917	81.194	243
CA	1.568	-54.485	81.455	243
C	0.989	-54.025	82.799	243
N	1.262	-54.794	83.839	244
CA	0.847	-54.539	85.177	244
C	2.032	-54.412	86.118	244
N	1.95	-53.462	87.016	245
CA	2.856	-53.321	88.137	245
C	2.36	-54.192	89.289	245
N	3.239	-54.974	89.901	246
CA	2.792	-55.794	91.032	246
C	2.499	-54.981	92.306	246
N	1.86	-55.631	93.266	247
CA	1.537	-55.035	94.551	247
C	2.8	-54.531	95.278	247
N	2.644	-53.339	95.852	248
CA	3.685	-52.569	96.577	248
C	3.399	-52.601	98.065	248
N	4.379	-52.323	98.907	249
CA	4.192	-52.317	100.357	249
C	3.136	-51.309	100.803	249
N	2.261	-51.78	101.666	250
CA	1.171	-50.934	102.177	250
C	1.675	-49.852	103.135	250
N	2.742	-50.173	103.848	251
CA	3.357	-49.189	104.768	251
C	2.418	-48.533	105.766	251
N	1.582	-49.363	106.374	252
CA	0.647	-48.876	107.435	252
C	-0.533	-47.961	107.009	252
N	-0.677	-47.743	105.724	253
CA	-1.868	-47.215	105.206	253
C	-3.019	-48.124	105.571	253
N	-4.187	-47.506	105.622	254
CA	-5.418	-48.13	106.022	254
C	-6.307	-48.2	104.795	254
N	-6.768	-49.403	104.465	255
CA	-7.722	-49.602	103.383	255
C	-9.119	-49.634	104.027	255
N	-10.01	-48.787	103.548	256
CA	-11.351	-48.629	104.095	256
C	-12.336	-49.265	103.118	256
N	-13.385	-49.907	103.626	257
CA	-14.466	-50.484	102.824	257
C	-15.718	-49.638	102.948	257
N	-16.446	-49.546	101.83	258
CA	-17.696	-48.797	101.817	258
C	-18.899	-49.577	102.276	258
N	-18.683	-50.865	102.544	259
CA	-19.738	-51.84	102.733	259
C	-19.424	-52.617	104.007	259
N	-20.474	-53.129	104.616	260
CA	-20.362	-53.896	105.877	260
C	-20.15	-55.351	105.552	260
