ATOM	X	Y	Z	RESIDUE
N	-28.197	1.362	-22.301	1
CA	-26.97	0.966	-21.579	1
C	-26.99	1.679	-20.245	1
N	-26.571	1.021	-19.162	2
CA	-26.365	1.721	-17.897	2
C	-25.342	2.846	-18.119	2
N	-25.548	3.997	-17.487	3
CA	-24.62	5.121	-17.587	3
C	-23.277	4.722	-16.96	3
N	-22.194	4.866	-17.726	4
CA	-20.835	4.566	-17.272	4
C	-20.031	5.844	-17.071	4
N	-18.997	5.761	-16.239	5
CA	-18.024	6.831	-16.039	5
C	-16.609	6.253	-15.97	5
N	-15.608	7.092	-16.237	6
CA	-14.199	6.71	-16.18	6
C	-13.579	7.171	-14.863	6
N	-12.842	6.281	-14.206	7
CA	-12.054	6.606	-13.021	7
C	-10.631	6.078	-13.172	7
N	-9.653	6.868	-12.738	8
CA	-8.233	6.574	-12.929	8
C	-7.506	6.533	-11.597	8
N	-6.67	5.513	-11.416	9
CA	-5.687	5.45	-10.334	9
C	-4.3	5.203	-10.915	9
N	-3.276	5.693	-10.227	10
CA	-1.875	5.431	-10.548	10
C	-1.176	4.647	-9.434	10
N	-0.021	4.079	-9.772	11
CA	0.956	3.522	-8.843	11
C	2.364	3.755	-9.378	11
N	3.339	3.743	-8.48	12
CA	4.766	3.727	-8.81	12
C	5.406	2.49	-8.192	12
N	6.504	2.01	-8.766	13
CA	7.219	0.856	-8.229	13
C	8.255	1.269	-7.161	13
N	8.963	0.286	-6.6	14
CA	9.956	0.492	-5.532	14
C	11.136	1.409	-5.905	14
N	11.417	1.617	-7.197	15
CA	12.534	2.448	-7.649	15
C	12.181	3.919	-7.852	15
N	10.903	4.295	-7.796	16
CA	10.523	5.704	-7.874	16
C	11.163	6.496	-6.722	16
N	11.749	7.688	-6.943	17
CA	12.539	8.376	-5.917	17
C	11.748	8.709	-4.642	17
N	10.486	9.14	-4.742	18
CA	9.636	9.282	-3.542	18
C	9.405	7.948	-2.807	18
N	9.197	6.845	-3.542	19
CA	8.949	5.536	-2.928	19
C	10.223	4.918	-2.357	19
N	11.385	5.248	-2.918	20
CA	12.689	4.975	-2.319	20
C	12.793	5.657	-0.948	20
N	12.391	6.927	-0.84	21
CA	12.384	7.644	0.435	21
C	11.435	7.01	1.459	21
N	10.212	6.65	1.056	22
CA	9.275	5.929	1.928	22
C	9.882	4.616	2.458	22
N	10.509	3.828	1.577	23
CA	11.156	2.567	1.95	23
C	12.334	2.776	2.904	23
N	13.198	3.765	2.664	24
CA	14.319	4.075	3.567	24
C	13.799	4.505	4.941	24
N	12.808	5.397	4.974	25
CA	12.17	5.858	6.208	25
C	11.6	4.696	7.031	25
N	10.923	3.738	6.392	26
CA	10.396	2.565	7.094	26
C	11.445	1.492	7.412	26
N	12.529	1.384	6.641	27
CA	13.661	0.53	6.999	27
C	14.361	1.03	8.275	27
N	14.477	2.354	8.449	28
CA	14.962	2.956	9.701	28
C	14.001	2.658	10.852	28
N	12.689	2.802	10.635	29
CA	11.685	2.454	11.643	29
C	11.784	0.985	12.074	29
N	11.845	0.053	11.121	30
CA	11.954	-1.379	11.407	30
C	13.213	-1.681	12.236	30
N	14.358	-1.08	11.886	31
CA	15.612	-1.255	12.62	31
C	15.549	-0.719	14.062	31
N	14.84	0.393	14.288	32
CA	14.577	0.9	15.633	32
C	13.672	-0.055	16.427	32
N	12.548	-0.489	15.846	33
CA	11.554	-1.324	16.532	33
C	12.04	-2.75	16.806	33
N	12.952	-3.281	15.989	34
CA	13.577	-4.589	16.22	34
C	14.336	-4.642	17.553	34
N	15.001	-3.549	17.933	35
CA	15.793	-3.469	19.164	35
C	15.042	-2.788	20.319	35
N	14.166	-1.829	20.015	36
CA	13.389	-1.066	20.99	36
C	11.952	-0.831	20.485	36
N	10.994	-1.699	20.865	37
CA	9.58	-1.566	20.497	37
C	8.918	-0.258	20.963	37
N	9.529	0.463	21.91	38
CA	9.037	1.747	22.413	38
C	9.68	2.959	21.73	38
N	10.472	2.737	20.676	39
CA	11.054	3.799	19.856	39
C	10.003	4.829	19.432	39
N	10.388	6.103	19.476	40
CA	9.634	7.218	18.9	40
C	10.359	7.619	17.633	40
N	9.702	7.48	16.49	41
CA	10.326	7.643	15.173	41
C	9.446	8.557	14.328	41
N	10.066	9.6	13.793	42
CA	9.572	10.482	12.745	42
C	10.725	10.692	11.746	42
N	11.08	9.624	11.025	43
CA	12.209	9.606	10.101	43
C	11.762	10.003	8.695	43
N	12.179	11.179	8.261	44
CA	12.009	11.662	6.902	44
C	13.234	11.311	6.056	44
N	13.007	11.064	4.77	45
CA	14.072	10.85	3.793	45
C	13.846	11.766	2.599	45
N	14.915	12.364	2.076	46
CA	14.904	12.979	0.753	46
C	16.094	12.513	-0.088	46
N	15.954	12.581	-1.409	47
CA	16.997	12.152	-2.341	47
C	17.025	13.006	-3.603	47
N	18.224	13.161	-4.163	48
CA	18.482	13.707	-5.499	48
C	19.785	13.096	-6.019	48
N	20.262	13.54	-7.177	49
CA	21.49	13.057	-7.815	49
C	22.635	12.903	-6.813	49
N	23.092	11.659	-6.64	50
CA	24.221	11.29	-5.785	50
C	24.056	11.644	-4.287	50
N	22.817	11.786	-3.804	51
CA	22.51	12.184	-2.432	51
C	21.279	11.452	-1.891	51
N	21.401	10.929	-0.677	52
CA	20.278	10.606	0.204	52
C	20.492	11.329	1.53	52
N	19.446	11.937	2.075	53
CA	19.464	12.532	3.405	53
C	18.339	11.936	4.24	53
N	18.68	11.412	5.416	54
CA	17.716	11.027	6.453	54
C	17.721	12.084	7.55	54
N	16.539	12.526	7.96	55
CA	16.367	13.613	8.92	55
C	15.074	13.461	9.726	55
N	14.896	14.289	10.753	56
CA	13.728	14.258	11.638	56
C	14.094	13.807	13.047	56
N	13.159	13.167	13.747	57
CA	13.289	12.929	15.184	57
C	13.178	11.449	15.56	57
N	14.211	10.923	16.223	58
CA	14.249	9.559	16.745	58
C	14.698	9.559	18.208	58
N	13.817	9.078	19.084	59
CA	14.152	8.717	20.467	59
C	14.046	7.205	20.6	59
N	15.19	6.532	20.679	60
CA	15.289	5.069	20.731	60
C	16.45	4.633	21.621	60
N	16.348	3.433	22.196	61
CA	17.461	2.717	22.841	61
C	18.254	1.856	21.85	61
N	17.758	1.698	20.623	62
CA	18.4	0.921	19.576	62
C	19.75	1.531	19.175	62
N	20.727	0.678	18.868	63
CA	21.956	1.107	18.212	63
C	21.789	0.916	16.701	63
N	21.598	2.016	15.974	64
CA	21.205	2.009	14.56	64
C	22.279	2.684	13.712	64
N	22.783	1.967	12.708	65
CA	23.641	2.528	11.663	65
C	22.766	3.016	10.498	65
N	22.372	4.289	10.564	66
CA	21.504	4.914	9.564	66
C	22.107	4.88	8.161	66
N	23.419	5.101	8.041	67
CA	24.082	5.095	6.742	67
C	24.011	3.705	6.117	67
N	24.325	2.66	6.888	68
CA	24.212	1.283	6.408	68
C	22.789	0.945	5.954	68
N	21.759	1.347	6.704	69
CA	20.349	1.096	6.34	69
C	19.983	1.775	5.022	69
N	20.381	3.038	4.845	70
CA	20.172	3.778	3.593	70
C	20.796	3.018	2.425	70
N	22.069	2.63	2.557	71
CA	22.811	1.945	1.492	71
C	22.208	0.58	1.171	71
N	21.887	-0.216	2.186	72
CA	21.285	-1.54	2.009	72
C	19.92	-1.463	1.324	72
N	19.083	-0.5	1.715	73
CA	17.769	-0.288	1.095	73
C	17.909	0.097	-0.381	73
N	18.786	1.058	-0.705	74
CA	19.065	1.45	-2.094	74
C	19.561	0.259	-2.932	74
N	20.499	-0.525	-2.384	75
CA	21.094	-1.678	-3.069	75
C	20.057	-2.761	-3.361	75
N	19.192	-3.072	-2.394	76
CA	18.147	-4.094	-2.528	76
C	17.074	-3.739	-3.575	76
N	16.804	-2.446	-3.772	77
CA	15.901	-1.941	-4.821	77
C	16.534	-2.078	-6.22	77
N	17.867	-2.043	-6.293	78
CA	18.644	-2.183	-7.527	78
C	19.389	-0.916	-7.946	78
N	19.526	0.071	-7.058	79
CA	20.353	1.256	-7.285	79
C	21.827	0.957	-6.988	79
N	22.504	0.352	-7.964	80
CA	23.874	-0.183	-7.83	80
C	24.913	0.546	-8.687	80
N	24.518	1.601	-9.404	81
CA	25.43	2.398	-10.228	81
C	24.829	3.756	-10.593	81
N	25.686	4.711	-10.958	82
CA	25.234	6.004	-11.48	82
C	24.363	5.854	-12.737	82
N	24.623	4.832	-13.557	83
CA	23.894	4.592	-14.803	83
C	22.419	4.27	-14.562	83
N	22.076	3.611	-13.448	84
CA	20.679	3.311	-13.086	84
C	20.008	4.425	-12.278	84
N	20.738	5.489	-11.929	85
CA	20.196	6.713	-11.327	85
C	20.635	6.991	-9.886	85
N	21.24	6.014	-9.207	86
CA	21.874	6.158	-7.896	86
C	22.806	4.96	-7.665	86
N	23.982	5.22	-7.105	87
CA	24.928	4.198	-6.663	87
C	24.896	4.101	-5.132	87
N	24.331	3.018	-4.592	88
CA	24.193	2.81	-3.15	88
C	25.527	2.832	-2.383	88
N	26.639	2.468	-3.02	89
CA	27.946	2.371	-2.37	89
C	28.749	3.677	-2.478	89
N	28.46	4.514	-3.481	90
CA	29.196	5.759	-3.739	90
C	28.401	7.051	-3.474	90
N	27.082	6.975	-3.265	91
CA	26.28	8.162	-2.984	91
C	26.614	8.785	-1.624	91
N	26.402	10.103	-1.523	92
CA	26.465	10.804	-0.239	92
C	25.254	10.41	0.595	92
N	25.493	10.005	1.837	93
CA	24.442	9.819	2.837	93
C	24.621	10.881	3.912	93
N	23.639	11.769	4.046	94
CA	23.609	12.785	5.094	94
C	22.634	12.344	6.184	94
N	23.073	12.394	7.437	95
CA	22.252	12.036	8.597	95
C	22.078	13.283	9.452	95
N	20.837	13.745	9.59	96
CA	20.472	14.891	10.42	96
C	19.26	14.547	11.298	96
N	19.457	13.575	12.189	97
CA	18.432	13.04	13.089	97
C	18.694	13.557	14.504	97
N	17.672	14.136	15.124	98
CA	17.694	14.605	16.512	98
C	16.756	13.769	17.396	98
N	16.715	14.051	18.7	99
CA	15.723	13.441	19.588	99
C	14.353	14.103	19.417	99
N	13.287	13.36	19.722	100
CA	11.941	13.928	19.784	100
C	11.885	15.09	20.782	100
N	11.2	16.173	20.4	101
CA	10.949	17.304	21.295	101
C	10.376	16.837	22.647	101
N	10.954	17.276	23.783	102
CA	10.46	16.911	25.108	102
C	9.028	17.41	25.359	102
N	8.628	18.525	24.737	103
CA	7.277	19.093	24.85	103
C	6.219	18.196	24.189	103
N	6.59	17.511	23.1	104
CA	5.75	16.487	22.463	104
C	5.746	15.224	23.332	104
N	6.919	14.789	23.797	105
CA	7.069	13.553	24.557	105
C	6.239	13.538	25.856	105
N	6.192	14.658	26.588	106
CA	5.402	14.769	27.819	106
C	3.888	14.723	27.556	106
N	3.41	15.382	26.493	107
CA	1.989	15.411	26.135	107
C	1.47	14.071	25.605	107
N	2.261	13.393	24.77	108
CA	1.846	12.17	24.062	108
C	1.957	10.933	24.949	108
N	3.144	10.672	25.501	109
CA	3.44	9.435	26.238	109
C	4.012	9.689	27.642	109
N	4.032	10.942	28.115	110
CA	4.519	11.3	29.449	110
C	5.976	10.903	29.669	110
N	6.845	11.042	28.663	111
CA	8.203	10.473	28.702	111
C	8.226	8.958	28.991	111
N	7.291	8.223	28.375	112
CA	7.128	6.764	28.478	112
C	6.548	6.306	29.829	112
N	5.837	7.188	30.539	113
CA	5.176	6.86	31.816	113
C	3.674	6.607	31.69	113
N	3.024	7.088	30.618	114
CA	1.585	6.875	30.388	114
C	1.291	5.408	30.081	114
N	0.184	4.894	30.62	115
CA	-0.334	3.57	30.244	115
C	-0.893	3.592	28.817	115
N	-1.006	2.444	28.123	116
CA	-1.517	2.398	26.75	116
C	-2.867	3.1	26.546	116
N	-3.805	2.94	27.476	117
CA	-5.126	3.575	27.446	117
C	-5.097	5.102	27.67	117
N	-3.966	5.64	28.136	118
CA	-3.733	7.062	28.42	118
C	-2.796	7.734	27.403	118
N	-2.189	6.965	26.485	119
CA	-1.345	7.504	25.411	119
C	-2.208	8.41	24.533	119
N	-1.818	9.68	24.461	120
CA	-2.457	10.659	23.596	120
C	-2.053	10.475	22.138	120
N	-2.847	11.014	21.214	121
CA	-2.444	11.074	19.814	121
C	-1.114	11.824	19.66	121
N	-0.209	11.279	18.84	122
CA	1.108	11.864	18.58	122
C	1.062	13.22	17.877	122
N	-0.049	13.513	17.202	123
CA	-0.348	14.782	16.546	123
C	-1.876	14.936	16.401	123
N	-2.334	16.12	16.007	124
CA	-3.681	16.313	15.488	124
C	-3.79	15.824	14.041	124
N	-5.008	15.529	13.606	125
CA	-5.265	15.186	12.214	125
C	-6.549	14.399	12.058	125
N	-6.826	14.003	10.825	126
CA	-7.911	13.091	10.504	126
C	-7.45	12.045	9.495	126
N	-8.06	10.867	9.53	127
CA	-7.667	9.711	8.73	127
C	-8.913	9.055	8.152	127
N	-8.768	8.432	6.982	128
CA	-9.864	7.763	6.293	128
C	-9.561	6.294	6.011	128
N	-10.568	5.475	6.271	129
CA	-10.65	4.061	5.976	129
C	-11.603	3.863	4.822	129
N	-11.271	2.994	3.877	130
CA	-12.152	2.714	2.753	130
C	-12.148	1.232	2.398	130
N	-13.311	0.734	1.988	131
CA	-13.483	-0.589	1.413	131
C	-14.626	-0.595	0.39	131
N	-14.516	-1.488	-0.586	132
CA	-15.455	-1.67	-1.701	132
C	-15.49	-3.142	-2.08	132
N	-16.647	-3.678	-2.454	133
CA	-16.827	-5.096	-2.795	133
C	-16.401	-5.457	-4.23	133
N	-15.828	-4.507	-4.973	134
CA	-15.484	-4.688	-6.387	134
C	-14.295	-5.636	-6.639	134
N	-13.489	-5.931	-5.613	135
CA	-12.403	-6.921	-5.656	135
C	-12.383	-7.813	-4.407	135
N	-11.762	-9.012	-4.47	136
CA	-11.676	-9.914	-3.316	136
C	-10.95	-9.336	-2.092	136
N	-9.969	-8.452	-2.298	137
CA	-9.21	-7.808	-1.21	137
C	-9.86	-6.502	-0.697	137
N	-11.063	-6.214	-1.201	138
CA	-11.929	-5.105	-0.824	138
C	-11.319	-3.72	-1.092	138
N	-10.687	-3.55	-2.255	139
CA	-10.102	-2.291	-2.732	139
C	-10.614	-1.92	-4.128	139
N	-10.44	-0.659	-4.554	140
CA	-10.806	-0.263	-5.903	140
C	-9.981	-0.974	-6.975	140
N	-10.636	-1.523	-7.999	141
CA	-9.982	-2.236	-9.093	141
C	-8.964	-1.349	-9.823	141
N	-9.264	-0.065	-10.061	142
CA	-8.312	0.852	-10.709	142
C	-6.993	0.958	-9.937	142
N	-7.061	1.032	-8.605	143
CA	-5.887	1.074	-7.738	143
C	-5.16	-0.274	-7.734	143
N	-5.895	-1.371	-7.541	144
CA	-5.347	-2.734	-7.485	144
C	-4.59	-3.088	-8.76	144
N	-5.153	-2.773	-9.929	145
CA	-4.509	-3.057	-11.208	145
C	-3.253	-2.206	-11.407	145
N	-3.3	-0.894	-11.141	146
CA	-2.109	-0.045	-11.234	146
C	-0.995	-0.556	-10.301	146
N	-1.326	-0.825	-9.039	147
CA	-0.385	-1.345	-8.041	147
C	0.226	-2.684	-8.456	147
N	-0.592	-3.635	-8.93	148
CA	-0.107	-4.946	-9.389	148
C	0.751	-4.852	-10.65	148
N	0.468	-3.927	-11.571	149
CA	1.343	-3.669	-12.723	149
C	2.712	-3.153	-12.261	149
N	2.74	-2.225	-11.298	150
CA	3.98	-1.73	-10.692	150
C	4.8	-2.835	-10.018	150
N	4.144	-3.72	-9.263	151
CA	4.79	-4.879	-8.644	151
C	5.312	-5.876	-9.692	151
N	4.524	-6.145	-10.741	152
CA	4.905	-7.056	-11.823	152
C	6.098	-6.539	-12.624	152
N	6.188	-5.23	-12.888	153
CA	7.371	-4.602	-13.503	153
C	8.646	-4.916	-12.716	153
N	8.599	-4.74	-11.397	154
CA	9.72	-5.086	-10.519	154
C	10.036	-6.576	-10.56	154
N	9.017	-7.432	-10.536	155
CA	9.195	-8.882	-10.558	155
C	9.939	-9.338	-11.821	155
N	9.488	-8.902	-13.005	156
CA	10.093	-9.302	-14.289	156
C	11.484	-8.704	-14.51	156
N	11.805	-7.59	-13.836	157
CA	13.175	-7.07	-13.727	157
C	14.039	-7.995	-12.872	157
N	13.608	-8.281	-11.638	158
CA	14.403	-9.041	-10.656	158
C	14.605	-10.505	-11.046	158
N	13.66	-11.11	-11.763	159
CA	13.777	-12.493	-12.231	159
C	14.452	-12.63	-13.614	159
N	14.827	-11.515	-14.254	160
CA	15.524	-11.502	-15.541	160
C	14.653	-11.763	-16.775	160
N	13.32	-11.799	-16.652	161
CA	12.407	-11.938	-17.809	161
C	12.51	-10.729	-18.742	161
N	12.576	-9.521	-18.176	162
CA	12.8	-8.269	-18.901	162
C	14.07	-7.601	-18.34	162
N	15.275	-8.088	-18.693	163
CA	16.524	-7.679	-18.042	163
C	16.94	-6.236	-18.364	163
N	16.358	-5.642	-19.409	164
CA	16.559	-4.245	-19.795	164
C	15.869	-3.249	-18.85	164
N	14.965	-3.721	-17.981	165
CA	14.275	-2.877	-17.012	165
C	15.236	-2.341	-15.956	165
N	15.074	-1.06	-15.642	166
CA	15.73	-0.406	-14.509	166
C	14.726	-0.141	-13.376	166
N	15.18	0.275	-12.177	167
CA	14.314	0.299	-11.002	167
C	13.102	1.232	-11.085	167
N	13.199	2.42	-11.688	168
CA	12.127	3.433	-11.658	168
C	11.012	3.143	-12.679	168
N	9.754	3.172	-12.244	169
CA	8.604	2.907	-13.099	169
C	7.288	3.41	-12.516	169
N	6.401	3.845	-13.411	170
CA	5.073	4.39	-13.116	170
C	4.02	3.674	-13.95	170
N	2.854	3.481	-13.357	171
CA	1.715	2.794	-13.968	171
C	0.436	3.553	-13.662	171
N	-0.506	3.557	-14.595	172
CA	-1.798	4.205	-14.419	172
C	-2.872	3.416	-15.16	172
N	-4.015	3.214	-14.511	173
CA	-5.13	2.44	-15.057	173
C	-6.407	3.259	-14.952	173
N	-7.049	3.47	-16.096	174
CA	-8.395	4.033	-16.201	174
C	-9.381	2.891	-16.388	174
N	-10.321	2.754	-15.461	175
CA	-11.382	1.746	-15.495	175
C	-12.709	2.435	-15.794	175
N	-13.506	1.798	-16.642	176
CA	-14.891	2.17	-16.895	176
C	-15.795	1.468	-15.88	176
N	-16.621	2.242	-15.184	177
CA	-17.481	1.78	-14.099	177
C	-18.947	2.061	-14.394	177
N	-19.832	1.201	-13.89	178
CA	-21.237	1.547	-13.682	178
C	-21.547	1.7	-12.185	178
N	-22.558	2.514	-11.871	179
CA	-23.045	2.726	-10.508	179
C	-24.281	1.853	-10.247	179
N	-24.162	0.882	-9.345	180
CA	-25.264	0.019	-8.914	180
C	-25.781	0.463	-7.547	180
N	-26.747	1.385	-7.523	181
CA	-27.363	1.866	-6.278	181
C	-26.331	2.27	-5.211	181
N	-25.292	2.988	-5.634	182
CA	-24.207	3.406	-4.765	182
C	-22.977	2.514	-4.84	182
N	-23.053	1.238	-5.236	183
CA	-21.892	0.35	-5.393	183
C	-21.13	0.611	-6.708	183
N	-19.817	0.334	-6.73	184
CA	-18.999	0.448	-7.952	184
C	-18.848	-0.912	-8.584	184
N	-19.154	-1.0	-9.871	185
CA	-18.967	-2.244	-10.603	185
C	-18.124	-1.981	-11.853	185
N	-16.897	-2.529	-11.907	186
CA	-16.028	-2.417	-13.068	186
C	-16.633	-3.1	-14.296	186
N	-16.622	-2.406	-15.432	187
CA	-17.081	-2.926	-16.728	187
C	-15.892	-3.419	-17.545	187
N	-14.903	-2.546	-17.758	188
CA	-13.699	-2.811	-18.557	188
C	-12.566	-1.862	-18.181	188
N	-11.342	-2.207	-18.559	189
CA	-10.198	-1.296	-18.518	189
C	-10.2	-0.455	-19.792	189
N	-10.363	0.855	-19.618	190
CA	-10.385	1.818	-20.71	190
C	-8.982	2.142	-21.219	190
N	-8.07	2.494	-20.312	191
CA	-6.692	2.869	-20.653	191
C	-5.715	2.244	-19.671	191
N	-4.614	1.705	-20.193	192
CA	-3.436	1.299	-19.422	192
C	-2.253	2.152	-19.859	192
N	-1.586	2.782	-18.899	193
CA	-0.354	3.53	-19.11	193
C	0.769	2.927	-18.271	193
N	1.921	2.718	-18.905	194
CA	3.167	2.323	-18.252	194
C	4.279	3.227	-18.78	194
N	5.034	3.833	-17.869	195
CA	6.313	4.484	-18.156	195
C	7.362	3.843	-17.267	195
N	8.283	3.092	-17.854	196
CA	9.317	2.368	-17.117	196
C	10.703	2.771	-17.588	196
N	11.611	2.926	-16.63	197
CA	13.019	3.156	-16.883	197
C	13.63	1.92	-17.553	197
N	14.529	2.146	-18.506	198
CA	15.158	1.089	-19.292	198
C	16.633	1.394	-19.585	198
N	17.394	0.382	-19.99	199
CA	18.748	0.57	-20.51	199
C	18.762	1.089	-21.962	199
N	19.954	1.279	-22.528	200
CA	20.106	1.825	-23.883	200
C	19.941	0.793	-25.006	200
N	19.789	-0.488	-24.67	201
CA	19.883	-1.597	-25.628	201
C	18.539	-1.981	-26.231	201
N	17.453	-1.792	-25.48	202
CA	16.099	-2.18	-25.887	202
C	15.429	-1.107	-26.754	202
N	14.729	-1.537	-27.803	203
CA	13.944	-0.652	-28.673	203
C	12.547	-0.381	-28.107	203
N	11.9	0.708	-28.538	204
CA	10.53	1.014	-28.101	204
C	9.503	-0.053	-28.514	204
N	9.71	-0.722	-29.651	205
CA	8.824	-1.795	-30.109	205
C	8.948	-3.036	-29.212	205
N	10.173	-3.399	-28.815	206
CA	10.43	-4.474	-27.846	206
C	9.861	-4.129	-26.466	206
N	10.081	-2.902	-25.966	207
CA	9.464	-2.427	-24.714	207
C	7.941	-2.595	-24.786	207
N	7.302	-2.118	-25.856	208
CA	5.851	-2.183	-25.988	208
C	5.328	-3.63	-26.054	208
N	6.044	-4.528	-26.735	209
CA	5.697	-5.943	-26.816	209
C	5.83	-6.639	-25.451	209
N	6.978	-6.486	-24.792	210
CA	7.282	-7.097	-23.497	210
C	6.342	-6.597	-22.396	210
N	6.045	-5.293	-22.36	211
CA	5.098	-4.737	-21.393	211
C	3.69	-5.316	-21.577	211
N	3.24	-5.536	-22.817	212
CA	1.945	-6.187	-23.059	212
C	1.958	-7.641	-22.602	212
N	2.969	-8.402	-23.009	213
CA	3.016	-9.851	-22.807	213
C	3.369	-10.247	-21.372	213
N	4.397	-9.63	-20.798	214
CA	4.992	-10.066	-19.537	214
C	4.509	-9.274	-18.321	214
N	3.867	-8.117	-18.527	215
CA	3.396	-7.243	-17.44	215
C	1.879	-7.08	-17.44	215
N	1.277	-6.671	-18.558	216
CA	-0.155	-6.351	-18.609	216
C	-1.028	-7.604	-18.612	216
N	-0.81	-8.522	-19.562	217
CA	-1.611	-9.752	-19.678	217
C	-1.613	-10.606	-18.399	217
N	-0.492	-10.771	-17.664	218
CA	-0.497	-11.557	-16.429	218
C	-1.243	-10.893	-15.265	218
N	-1.46	-9.573	-15.314	219
CA	-2.039	-8.802	-14.203	219
C	-3.51	-8.478	-14.424	219
N	-3.878	-8.0	-15.614	220
CA	-5.246	-7.558	-15.888	220
C	-6.076	-8.761	-16.354	220
N	-7.158	-9.13	-15.636	221
CA	-8.05	-10.2	-16.069	221
C	-8.587	-9.961	-17.482	221
N	-8.539	-10.992	-18.328	222
CA	-8.927	-10.918	-19.746	222
C	-10.336	-10.348	-19.95	222
N	-11.277	-10.647	-19.044	223
CA	-12.65	-10.11	-19.077	223
C	-12.752	-8.578	-19.054	223
N	-11.693	-7.874	-18.652	224
CA	-11.655	-6.413	-18.628	224
C	-10.859	-5.812	-19.795	224
N	-10.213	-6.623	-20.636	225
CA	-9.471	-6.166	-21.811	225
C	-10.272	-6.46	-23.08	225
N	-10.342	-5.485	-23.98	226
CA	-10.984	-5.64	-25.286	226
C	-10.208	-4.908	-26.389	226
N	-10.696	-4.995	-27.626	227
CA	-10.075	-4.366	-28.793	227
C	-10.046	-2.829	-28.736	227
N	-10.77	-2.221	-27.787	228
CA	-10.845	-0.771	-27.578	228
C	-10.003	-0.306	-26.395	228
N	-9.332	-1.2	-25.666	229
CA	-8.436	-0.789	-24.581	229
C	-7.259	-0.003	-25.161	229
N	-7.042	1.203	-24.635	230
CA	-5.966	2.096	-25.066	230
C	-4.701	1.766	-24.273	230
N	-3.57	1.635	-24.965	231
CA	-2.274	1.356	-24.348	231
C	-1.287	2.493	-24.618	231
N	-0.801	3.135	-23.556	232
CA	0.31	4.087	-23.605	232
C	1.548	3.455	-22.965	232
N	2.461	2.945	-23.791	233
CA	3.63	2.181	-23.347	233
C	4.897	2.978	-23.647	233
N	5.565	3.448	-22.592	234
CA	6.654	4.426	-22.646	234
C	6.35	5.618	-23.58	234
N	5.247	6.362	-23.35	235
CA	4.806	7.432	-24.249	235
C	5.811	8.587	-24.404	235
N	6.785	8.738	-23.496	236
CA	7.883	9.708	-23.647	236
C	8.898	9.317	-24.728	236
N	8.874	8.067	-25.195	237
CA	9.792	7.509	-26.185	237
C	11.19	7.174	-25.657	237
N	11.676	7.832	-24.597	238
CA	12.943	7.485	-23.932	238
C	12.86	7.761	-22.432	238
N	13.246	6.776	-21.624	239
CA	13.341	6.859	-20.163	239
C	14.58	6.073	-19.693	239
N	15.775	6.551	-20.049	240
CA	17.041	5.918	-19.616	240
C	17.503	6.46	-18.262	240
N	17.473	7.787	-18.126	241
CA	17.699	8.49	-16.864	241
C	16.463	8.3	-15.983	241
N	16.66	7.851	-14.746	242
CA	15.585	7.641	-13.78	242
C	16.08	7.721	-12.344	242
N	15.215	7.339	-11.406	243
CA	15.514	7.389	-9.979	243
C	15.868	8.809	-9.508	243
N	16.677	8.94	-8.442	244
CA	17.086	10.24	-7.904	244
C	17.83	11.146	-8.896	244
N	18.482	10.573	-9.913	245
CA	19.12	11.351	-10.974	245
C	18.08	12.094	-11.821	245
N	17.003	11.409	-12.217	246
CA	15.922	11.984	-13.02	246
C	15.044	12.965	-12.245	246
N	14.688	12.641	-11.002	247
CA	13.716	13.411	-10.212	247
C	14.114	13.452	-8.725	247
N	13.679	14.465	-7.978	248
CA	13.878	14.486	-6.527	248
C	12.852	13.566	-5.852	248
N	13.222	12.96	-4.727	249
CA	12.326	12.124	-3.927	249
C	12.204	12.628	-2.501	249
N	11.012	12.515	-1.917	250
CA	10.752	12.776	-0.505	250
C	9.745	11.765	0.059	250
N	9.936	11.386	1.322	251
CA	8.973	10.594	2.099	251
C	7.604	11.279	2.11	251
N	6.532	10.492	2.041	252
CA	5.167	10.996	2.154	252
C	4.65	11.747	0.928	252
N	5.271	11.583	-0.246	253
CA	4.811	12.201	-1.509	253
C	3.975	11.28	-2.392	253
N	3.647	10.086	-1.894	254
CA	2.862	9.063	-2.598	254
C	1.637	8.585	-1.81	254
N	1.105	9.426	-0.92	255
CA	0.004	9.092	0.006	255
C	-1.276	8.544	-0.651	255
N	-1.609	8.966	-1.875	256
CA	-2.774	8.424	-2.598	256
C	-2.479	7.038	-3.193	256
N	-1.227	6.785	-3.585	257
CA	-0.744	5.464	-4.016	257
C	-0.605	4.53	-2.81	257
N	-0.257	5.053	-1.638	258
CA	-0.194	4.26	-0.407	258
C	-1.571	3.809	0.09	258
N	-2.634	4.494	-0.344	259
CA	-4.004	4.286	0.129	259
C	-4.93	3.73	-0.947	259
N	-5.816	4.55	-1.513	260
CA	-6.981	4.078	-2.27	260
C	-7.007	4.586	-3.716	260
N	-5.903	5.135	-4.232	261
CA	-5.799	5.543	-5.636	261
C	-6.807	6.618	-6.061	261
N	-7.219	7.486	-5.135	262
CA	-8.191	8.563	-5.35	262
C	-9.617	8.221	-4.909	262
N	-9.899	6.954	-4.596	263
CA	-11.171	6.538	-4.005	263
C	-11.232	6.834	-2.504	263
N	-12.434	6.752	-1.93	264
CA	-12.654	7.098	-0.529	264
C	-12.298	8.563	-0.272	264
N	-11.348	8.792	0.633	265
CA	-10.722	10.087	0.873	265
C	-9.337	9.888	1.512	265
N	-8.611	10.985	1.72	266
CA	-7.331	10.997	2.419	266
C	-7.264	12.209	3.35	266
N	-6.705	12.043	4.55	267
CA	-6.635	13.121	5.547	267
C	-5.351	13.956	5.511	267
N	-4.402	13.566	4.66	268
CA	-3.176	14.316	4.356	268
C	-1.905	13.772	5.012	268
N	-2.02	13.021	6.109	269
CA	-0.874	12.448	6.817	269
C	-0.175	11.317	6.055	269
N	1.147	11.411	5.895	270
CA	1.983	10.319	5.384	270
C	2.139	9.178	6.404	270
N	2.522	7.983	5.942	271
CA	2.71	6.811	6.805	271
C	4.176	6.515	7.113	271
N	5.016	6.413	6.081	272
CA	6.393	5.93	6.204	272
C	7.25	6.757	7.153	272
N	8.113	6.075	7.911	273
CA	9.002	6.702	8.893	273
C	8.355	7.058	10.228	273
N	7.077	6.724	10.44	274
CA	6.342	7.088	11.658	274
C	6.061	5.887	12.552	274
N	6.393	5.998	13.836	275
CA	6.01	4.989	14.828	275
C	4.485	4.996	15.107	275
N	3.921	3.93	15.703	276
CA	2.471	3.768	15.86	276
C	1.767	4.818	16.731	276
N	2.501	5.624	17.509	277
CA	1.899	6.755	18.238	277
C	1.429	7.874	17.305	277
N	1.942	7.93	16.068	278
CA	1.499	8.878	15.041	278
C	0.213	8.355	14.414	278
N	-0.884	9.02	14.758	279
CA	-2.237	8.638	14.341	279
C	-2.455	8.709	12.834	279
N	-1.615	9.428	12.084	280
CA	-1.612	9.363	10.616	280
C	-1.527	7.921	10.112	280
N	-0.652	7.111	10.721	281
CA	-0.453	5.704	10.37	281
C	-1.43	4.8	11.112	281
N	-1.391	4.801	12.446	282
CA	-2.19	3.86	13.246	282
C	-3.692	4.126	13.121	282
N	-4.089	5.4	13.098	283
CA	-5.457	5.835	12.844	283
C	-5.945	5.384	11.471	283
N	-5.171	5.607	10.4	284
CA	-5.522	5.145	9.052	284
C	-5.657	3.615	8.964	284
N	-4.754	2.87	9.605	285
CA	-4.801	1.408	9.623	285
C	-6.057	0.884	10.33	285
N	-6.426	1.438	11.492	286
CA	-7.626	0.967	12.2	286
C	-8.91	1.317	11.438	286
N	-8.985	2.478	10.772	287
CA	-10.175	2.798	9.967	287
C	-10.24	1.982	8.676	287
N	-9.104	1.568	8.087	288
CA	-9.091	0.533	7.036	288
C	-9.686	-0.769	7.563	288
N	-9.254	-1.236	8.737	289
CA	-9.804	-2.449	9.347	289
C	-11.315	-2.325	9.583	289
N	-11.785	-1.172	10.066	290
CA	-13.204	-0.907	10.279	290
C	-14.001	-0.95	8.969	290
N	-13.603	-0.168	7.959	291
CA	-14.268	-0.138	6.656	291
C	-14.291	-1.527	5.999	291
N	-13.149	-2.228	6.013	292
CA	-13.022	-3.584	5.472	292
C	-13.937	-4.566	6.199	292
N	-14.011	-4.486	7.528	293
CA	-14.855	-5.375	8.334	293
C	-16.346	-5.141	8.098	293
N	-16.776	-3.889	7.9	294
CA	-18.164	-3.553	7.54	294
C	-18.54	-4.217	6.212	294
N	-17.732	-4.014	5.165	295
CA	-18.019	-4.574	3.834	295
C	-17.943	-6.103	3.849	295
N	-16.916	-6.677	4.48	296
CA	-16.757	-8.127	4.591	296
C	-17.879	-8.812	5.39	296
N	-18.471	-8.121	6.372	297
CA	-19.61	-8.635	7.15	297
C	-20.939	-8.553	6.388	297
N	-20.933	-8.033	5.155	298
CA	-22.127	-7.863	4.333	298
C	-23.055	-6.737	4.795	298
N	-22.601	-5.858	5.7	299
CA	-23.367	-4.703	6.194	299
C	-23.54	-3.616	5.132	299
N	-22.58	-3.499	4.22	300
CA	-22.594	-2.565	3.105	300
C	-21.772	-3.135	1.947	300
N	-21.966	-2.609	0.738	301
CA	-21.115	-2.943	-0.421	301
C	-19.919	-2.006	-0.554	301
N	-20.022	-0.812	0.029	302
CA	-18.966	0.194	0.044	302
C	-19.037	0.998	1.323	302
N	-17.892	1.348	1.888	303
CA	-17.852	2.092	3.137	303
C	-16.637	3.01	3.192	303
N	-16.855	4.229	3.681	304
CA	-15.807	5.124	4.152	304
C	-15.976	5.367	5.654	304
N	-14.86	5.374	6.379	305
CA	-14.796	5.669	7.814	305
C	-13.807	6.805	8.026	305
N	-14.181	7.852	8.756	306
CA	-13.258	8.907	9.183	306
C	-13.031	8.817	10.691	306
N	-11.809	9.099	11.139	307
CA	-11.48	9.378	12.545	307
C	-10.642	10.653	12.636	307
N	-10.752	11.419	13.724	308
CA	-9.888	12.583	13.973	308
C	-9.401	12.672	15.416	308
N	-8.261	13.33	15.625	309
CA	-7.603	13.459	16.926	309
C	-7.078	14.877	17.167	309
N	-6.858	15.197	18.442	310
CA	-6.004	16.294	18.889	310
C	-4.767	15.723	19.589	310
N	-3.618	16.381	19.421	311
CA	-2.365	15.969	20.062	311
C	-2.533	15.831	21.585	311
N	-2.009	14.747	22.157	312
CA	-2.078	14.472	23.597	312
C	-3.437	13.973	24.113	312
N	-4.476	13.909	23.271	313
CA	-5.803	13.38	23.632	313
C	-5.92	11.919	23.168	313
N	-6.243	10.952	24.054	314
CA	-6.383	9.549	23.651	314
C	-7.631	9.281	22.805	314
N	-8.777	9.834	23.201	315
CA	-10.051	9.602	22.514	315
C	-10.139	10.4	21.203	315
N	-10.769	9.852	20.148	316
CA	-10.983	10.597	18.918	316
C	-11.961	11.761	19.135	316
N	-11.713	12.89	18.467	317
CA	-12.624	14.041	18.453	317
C	-13.89	13.757	17.638	317
N	-13.764	12.967	16.573	318
CA	-14.887	12.555	15.736	318
C	-14.658	11.175	15.125	318
N	-15.765	10.47	14.872	319
CA	-15.825	9.26	14.043	319
C	-17.032	9.395	13.115	319
N	-16.854	9.111	11.829	320
CA	-17.903	9.182	10.808	320
C	-17.897	7.917	9.953	320
N	-19.081	7.492	9.518	321
CA	-19.301	6.35	8.625	321
C	-20.283	6.782	7.54	321
N	-19.981	6.445	6.288	322
CA	-20.876	6.608	5.138	322
C	-20.758	5.379	4.23	322
N	-21.898	4.784	3.881	323
CA	-21.951	3.567	3.052	323
C	-22.278	3.831	1.588	323
N	-22.289	5.093	1.174	324
CA	-22.689	5.563	-0.145	324
C	-24.093	5.09	-0.545	324
N	-24.98	4.908	0.44	325
CA	-26.323	4.354	0.251	325
C	-26.373	2.834	0.062	325
N	-25.254	2.123	0.242	326
CA	-25.182	0.659	0.078	326
C	-25.371	-0.125	1.379	326
N	-25.524	0.562	2.515	327
CA	-25.758	-0.052	3.817	327
C	-27.099	-0.786	3.883	327
N	-27.098	-1.997	4.449	328
CA	-28.317	-2.763	4.766	328
C	-29.082	-2.186	5.964	328
N	-28.388	-1.443	6.824	329
CA	-28.934	-0.72	7.98	329
C	-28.459	0.744	7.933	329
N	-29.091	1.675	8.674	330
CA	-28.692	3.08	8.665	330
C	-27.226	3.292	9.072	330
N	-26.524	4.213	8.405	331
CA	-25.111	4.532	8.692	331
C	-24.862	4.916	10.163	331
N	-25.866	5.497	10.836	332
CA	-25.819	5.796	12.277	332
C	-25.716	4.534	13.143	332
N	-26.389	3.455	12.763	333
CA	-26.313	2.179	13.477	333
C	-24.981	1.483	13.197	333
N	-24.488	1.55	11.954	334
CA	-23.142	1.068	11.604	334
C	-22.075	1.825	12.405	334
N	-22.208	3.146	12.561	335
CA	-21.325	3.948	13.411	335
C	-21.315	3.455	14.867	335
N	-22.471	3.097	15.434	336
CA	-22.533	2.544	16.791	336
C	-21.807	1.195	16.874	336
N	-22.056	0.286	15.922	337
CA	-21.355	-1.005	15.83	337
C	-19.839	-0.783	15.749	337
N	-19.38	0.166	14.929	338
CA	-17.955	0.509	14.818	338
C	-17.4	0.982	16.16	338
N	-18.057	1.933	16.83	339
CA	-17.58	2.47	18.116	339
C	-17.586	1.437	19.247	339
N	-18.459	0.436	19.19	340
CA	-18.497	-0.664	20.162	340
C	-17.433	-1.739	19.896	340
N	-17.013	-1.916	18.638	341
CA	-16.097	-2.988	18.241	341
C	-14.653	-2.52	18.012	341
N	-14.399	-1.221	17.852	342
CA	-13.07	-0.664	17.593	342
C	-12.673	0.342	18.672	342
N	-11.51	0.108	19.279	343
CA	-10.891	1.046	20.209	343
C	-9.953	1.971	19.434	343
N	-10.343	3.239	19.327	344
CA	-9.621	4.252	18.564	344
C	-8.51	4.94	19.37	344
N	-8.269	4.567	20.632	345
CA	-7.173	5.176	21.396	345
C	-5.816	4.725	20.832	345
N	-4.853	5.622	20.543	346
CA	-3.608	5.282	19.837	346
C	-2.786	4.159	20.48	346
N	-2.687	4.143	21.814	347
CA	-2.002	3.063	22.525	347
C	-2.734	1.722	22.415	347
N	-4.069	1.739	22.371	348
CA	-4.893	0.543	22.182	348
C	-4.844	0.042	20.738	348
N	-4.874	0.935	19.741	349
CA	-4.654	0.579	18.328	349
C	-3.297	-0.11	18.169	349
N	-2.247	0.467	18.762	350
CA	-0.884	-0.066	18.677	350
C	-0.781	-1.497	19.208	350
N	-1.506	-1.822	20.284	351
CA	-1.57	-3.177	20.851	351
C	-2.439	-4.09	19.98	351
N	-3.658	-3.66	19.649	352
CA	-4.651	-4.476	18.943	352
C	-4.215	-4.857	17.521	352
N	-3.418	-4.005	16.874	353
CA	-2.827	-4.26	15.56	353
C	-1.357	-4.707	15.643	353
N	-0.806	-4.883	16.846	354
CA	0.572	-5.326	17.079	354
C	1.616	-4.484	16.316	354
N	1.461	-3.158	16.353	355
CA	2.232	-2.228	15.519	355
C	3.627	-1.919	16.076	355
N	3.936	-2.351	17.298	356
CA	5.278	-2.208	17.883	356
C	6.182	-3.412	17.613	356
N	5.655	-4.484	17.006	357
CA	6.441	-5.676	16.675	357
C	7.531	-5.314	15.671	357
N	8.776	-5.334	16.138	358
CA	9.96	-5.23	15.297	358
C	10.311	-6.534	14.578	358
N	11.343	-6.463	13.737	359
CA	11.775	-7.564	12.876	359
C	10.891	-7.755	11.634	359
N	11.265	-8.718	10.784	360
CA	10.561	-9.107	9.547	360
C	10.354	-8.001	8.492	360
N	11.041	-6.858	8.607	361
CA	10.885	-5.715	7.698	361
C	9.411	-5.305	7.536	361
N	8.666	-5.327	8.646	362
CA	7.212	-5.201	8.647	362
C	6.751	-3.908	7.98	362
N	7.332	-2.773	8.354	363
CA	6.946	-1.478	7.805	363
C	7.577	-1.226	6.439	363
N	8.811	-1.675	6.198	364
CA	9.448	-1.595	4.882	364
C	8.605	-2.303	3.814	364
N	8.006	-3.457	4.14	365
CA	7.077	-4.137	3.227	365
C	5.89	-3.26	2.846	365
N	5.418	-2.375	3.725	366
CA	4.266	-1.488	3.471	366
C	4.62	-0.318	2.554	366
N	5.89	0.094	2.56	367
CA	6.378	1.308	1.921	367
C	6.457	1.249	0.387	367
N	6.081	0.135	-0.24	368
CA	5.87	0.028	-1.677	368
C	4.677	-0.892	-1.964	368
N	3.99	-0.616	-3.076	369
CA	2.835	-1.386	-3.553	369
C	1.606	-1.347	-2.623	369
N	1.399	-0.213	-1.947	370
CA	0.223	0.058	-1.122	370
C	0.29	-0.546	0.285	370
N	-0.284	0.179	1.247	371
CA	-0.418	-0.281	2.632	371
C	-1.626	-1.209	2.828	371
N	-2.585	-1.176	1.901	372
CA	-3.891	-1.822	2.02	372
C	-4.14	-2.842	0.907	372
N	-5.091	-3.752	1.131	373
CA	-5.462	-4.793	0.16	373
C	-4.432	-5.917	0.028	373
N	-3.682	-6.2	1.099	374
CA	-2.58	-7.173	1.105	374
C	-2.836	-8.307	2.087	374
N	-2.431	-9.513	1.704	375
CA	-2.703	-10.748	2.462	375
C	-1.538	-11.196	3.353	375
N	-0.42	-10.47	3.337	376
CA	0.716	-10.783	4.199	376
C	0.3	-10.618	5.681	376
N	0.596	-11.599	6.553	377
CA	0.105	-11.622	7.932	377
C	0.638	-10.482	8.812	377
N	1.693	-9.778	8.392	378
CA	2.148	-8.566	9.077	378
C	1.203	-7.368	8.859	378
N	0.286	-7.437	7.897	379
CA	-0.706	-6.398	7.624	379
C	-1.956	-6.657	8.47	379
N	-1.793	-6.643	9.793	380
CA	-2.828	-7.014	10.782	380
C	-4.131	-6.217	10.669	380
N	-4.096	-5.015	10.092	381
CA	-5.285	-4.209	9.797	381
C	-6.124	-4.747	8.631	381
N	-5.575	-5.638	7.806	382
CA	-6.318	-6.336	6.756	382
C	-7.106	-7.541	7.298	382
N	-6.893	-7.926	8.566	383
CA	-7.659	-8.975	9.253	383
C	-9.034	-8.436	9.636	383
N	-10.071	-9.063	9.086	384
CA	-11.473	-8.713	9.321	384
C	-11.847	-9.005	10.778	384
N	-12.443	-8.022	11.459	385
CA	-13.078	-8.232	12.764	385
C	-14.522	-8.695	12.558	385
N	-14.957	-9.802	13.184	386
CA	-16.368	-10.17	13.2	386
C	-17.192	-9.067	13.87	386
N	-18.207	-8.556	13.175	387
CA	-19.124	-7.549	13.705	387
C	-20.448	-8.219	14.066	387
N	-20.932	-7.997	15.29	388
CA	-22.264	-8.454	15.697	388
C	-23.302	-7.472	15.172	388
N	-24.177	-7.948	14.299	389
CA	-25.356	-7.221	13.85	389
C	-26.476	-8.228	13.568	389
N	-27.725	-7.85	13.834	390
CA	-28.882	-8.685	13.501	390
C	-29.224	-8.467	12.023	390
N	-29.146	-9.531	11.22	391
CA	-29.63	-9.502	9.84	391
C	-31.166	-9.511	9.895	391
N	-31.772	-8.374	9.535	392
CA	-33.216	-8.138	9.606	392
C	-34.024	-8.981	8.61	392
