ATOM	X	Y	Z	RESIDUE
N	-8.512	58.833	41.408	1
CA	-8.723	60.269	41.052	1
C	-7.86	61.428	41.565	1
N	-6.512	61.526	41.255	2
CA	-5.169	60.882	41.453	2
C	-4.339	60.812	42.738	2
N	-3.051	60.358	42.749	3
CA	-1.682	60.255	42.196	3
C	-0.512	61.246	41.866	3
N	0.849	60.85	41.946	4
CA	1.784	60.458	43.09	4
C	3.116	59.651	42.814	4
N	4.074	59.018	43.599	5
CA	4.324	58.385	44.98	5
C	5.745	57.981	45.76	5
N	7.233	57.837	45.88	6
CA	8.53	57.391	46.775	6
C	9.364	57.586	48.197	6
N	10.707	57.418	48.831	7
CA	11.784	56.381	49.381	7
C	13.29	56.82	49.952	7
N	14.503	56.333	50.713	8
CA	16.075	56.009	51.065	8
C	17.648	56.696	51.326	8
N	19.06	56.573	52.059	9
CA	20.674	56.204	52.335	9
C	21.977	56.561	53.438	9
N	23.382	56.078	53.879	10
CA	24.993	56.374	54.188	10
C	26.449	55.517	54.524	10
N	27.943	55.437	54.944	11
CA	29.4	55.957	55.532	11
C	31.034	56.083	56.102	11
N	32.475	55.776	56.521	12
CA	33.835	55.425	57.394	12
C	35.178	55.72	58.388	12
N	36.352	54.964	58.963	13
CA	37.683	55.107	59.897	13
C	38.994	54.119	60.412	13
N	40.293	53.923	61.256	14
CA	41.366	54.225	62.479	14
C	43.008	53.91	62.972	14
N	44.377	53.831	63.704	15
CA	45.565	53.238	64.727	15
C	47.197	53.593	65.147	15
N	48.647	53.222	65.724	16
CA	50.132	52.508	66.215	16
C	51.613	52.701	67.146	16
N	53.05	52.093	67.385	17
CA	54.558	52.309	68.137	17
C	56.141	51.565	68.488	17
N	57.623	51.632	69.088	18
CA	58.899	51.153	70.11	18
C	60.656	51.303	70.424	18
N	61.888	51.015	71.388	19
CA	63.546	50.754	71.459	19
C	65.209	50.53	72.11	19
N	66.263	50.43	73.268	20
CA	67.835	50.477	73.908	20
C	69.487	49.951	74.097	20
N	70.895	49.901	74.835	21
CA	72.145	49.706	75.974	21
C	73.883	50.009	76.264	21
N	75.307	49.654	77.006	22
CA	76.87	49.944	77.783	22
C	78.696	49.615	78.021	22
N	80.344	49.551	78.374	23
CA	81.119	49.339	79.635	23
C	82.539	49.89	79.486	23
N	82.974	50.657	80.483	24
CA	84.3	51.266	80.483	24
C	85.356	50.305	81.04	24
N	86.462	50.166	80.315	25
CA	87.558	49.293	80.729	25
C	88.812	50.136	80.892	25
N	89.885	49.503	81.35	26
CA	91.161	50.195	81.467	26
C	92.155	49.326	80.723	26
N	92.123	49.41	79.401	27
CA	93.025	48.625	78.577	27
C	94.315	49.393	78.291	27
N	94.177	50.685	78.003	28
CA	95.299	51.578	77.704	28
C	94.937	53.01	78.127	28
N	95.933	53.817	78.481	29
CA	95.663	55.19	78.901	29
C	95.239	56.014	77.696	29
N	95.602	55.527	76.514	30
CA	95.286	56.191	75.258	30
C	93.774	56.227	75.016	30
N	93.039	55.26	75.565	31
CA	91.582	55.222	75.397	31
C	90.893	56.222	76.322	31
N	91.646	56.779	77.263	32
CA	91.084	57.725	78.221	32
C	91.447	59.18	77.911	32
N	90.545	60.095	78.252	33
CA	90.786	61.513	78.021	33
C	91.785	62.012	79.061	33
N	92.391	63.159	78.783	34
CA	93.356	63.751	79.694	34
C	92.706	64.081	81.038	34
N	91.426	64.435	81.011	35
CA	90.7	64.786	82.229	35
C	90.413	63.562	83.089	35
N	90.097	62.445	82.436	36
CA	89.815	61.198	83.141	36
C	91.101	60.7	83.795	36
N	92.185	60.675	83.018	37
CA	93.48	60.232	83.522	37
C	93.902	61.103	84.686	37
N	93.712	62.412	84.541	38
CA	94.064	63.354	85.595	38
C	93.269	63.049	86.856	38
N	92.01	62.669	86.687	39
CA	91.161	62.344	87.826	39
C	91.719	61.098	88.51	39
N	92.216	60.162	87.698	40
CA	92.799	58.918	88.209	40
C	94.003	59.214	89.095	40
N	94.947	59.994	88.573	41
CA	96.157	60.35	89.316	41
C	95.858	61.083	90.616	41
N	94.905	62.006	90.573	42
CA	94.546	62.761	91.763	42
C	93.907	61.845	92.802	42
N	93.05	60.937	92.344	43
CA	92.397	59.995	93.246	43
C	93.461	59.038	93.808	43
N	94.487	58.755	93.01	44
CA	95.567	57.876	93.454	44
C	96.351	58.599	94.543	44
N	96.525	59.902	94.359	45
CA	97.24	60.716	95.336	45
C	96.409	60.804	96.606	45
N	95.09	60.732	96.452	46
CA	94.186	60.801	97.592	46
C	94.252	59.488	98.361	46
N	94.265	58.368	97.642	47
CA	94.361	57.06	98.292	47
C	95.691	56.917	99.03	47
N	96.74	57.539	98.499	48
CA	98.063	57.478	99.114	48
C	98.078	58.112	100.51	48
N	97.168	59.053	100.749	49
CA	97.074	59.716	102.05	49
C	96.088	58.966	102.95	49
N	95.097	58.328	102.333	50
CA	94.089	57.541	103.047	50
C	94.008	56.185	102.35	50
N	94.891	55.265	102.724	51
CA	94.922	53.953	102.087	51
C	93.707	53.052	102.324	51
N	93.156	53.046	103.53	52
CA	91.989	52.207	103.805	52
C	90.688	52.894	103.405	52
N	89.798	52.13	102.779	53
CA	88.527	52.673	102.345	53
C	87.502	51.58	102.126	53
N	86.371	51.937	101.537	54
CA	85.336	50.947	101.301	54
C	84.823	50.958	99.871	54
N	85.572	51.594	98.977	55
CA	85.185	51.692	97.572	55
C	84.996	50.32	96.94	55
N	85.484	49.283	97.614	56
CA	85.363	47.923	97.111	56
C	84.788	46.95	98.138	56
N	83.992	47.445	99.086	57
CA	83.424	46.573	100.118	57
C	82.511	45.498	99.535	57
N	82.801	44.244	99.861	58
CA	82.005	43.145	99.348	58
C	82.273	42.875	97.876	58
N	83.218	43.611	97.294	59
CA	83.57	43.456	95.881	59
C	84.811	42.587	95.717	59
N	85.008	42.059	94.516	60
CA	86.163	41.217	94.242	60
C	86.65	41.401	92.815	60
N	87.896	40.987	92.579	61
CA	88.524	41.077	91.27	61
C	89.29	39.798	90.957	61
N	89.178	39.336	89.715	62
CA	89.879	38.139	89.277	62
C	91.165	38.581	88.585	62
N	92.307	38.241	89.176	63
CA	93.605	38.595	88.611	63
C	94.14	37.387	87.844	63
N	94.038	37.421	86.516	64
CA	94.489	36.309	85.672	64
C	95.91	36.497	85.133	64
N	96.831	35.633	85.558	65
CA	98.232	35.719	85.129	65
C	98.709	34.613	84.188	65
N	99.2	34.994	83.015	66
CA	99.73	34.011	82.08	66
C	101.268	34.084	82.101	66
N	101.804	34.991	82.921	67
CA	103.251	35.173	83.072	67
C	103.573	35.532	84.528	67
N	104.844	35.408	84.943	68
CA	105.217	35.737	86.332	68
C	104.898	37.179	86.73	68
N	104.921	37.451	88.034	69
CA	104.658	38.788	88.567	69
C	104.833	38.879	90.083	69
N	105.48	39.945	90.541	70
CA	105.661	40.158	91.968	70
C	104.95	41.448	92.374	70
N	105.278	42.551	91.702	71
CA	104.673	43.853	91.997	71
C	103.179	43.922	91.676	71
N	102.826	43.613	90.433	72
CA	101.44	43.66	89.979	72
C	100.52	42.795	90.832	72
N	100.884	41.531	90.993	73
CA	100.101	40.6	91.793	73
C	99.914	41.109	93.23	73
N	101.011	41.528	93.856	74
CA	100.971	42.016	95.233	74
C	100.201	43.325	95.407	74
N	100.491	44.315	94.566	75
CA	99.813	45.602	94.669	75
C	98.298	45.494	94.443	75
N	97.87	44.654	93.501	76
CA	96.432	44.483	93.251	76
C	95.766	43.726	94.384	76
N	96.38	42.628	94.805	77
CA	95.813	41.835	95.886	77
C	95.633	42.708	97.127	77
N	96.642	43.514	97.453	78
CA	96.569	44.419	98.608	78
C	95.588	45.56	98.396	78
N	95.627	46.152	97.202	79
CA	94.73	47.246	96.883	79
C	93.269	46.87	97.062	79
N	92.915	45.652	96.652	80
CA	91.549	45.161	96.768	80
C	91.19	44.953	98.237	80
N	92.154	44.471	99.011	81
CA	91.936	44.239	100.434	81
C	91.742	45.557	101.185	81
N	92.653	46.495	100.964	82
CA	92.584	47.785	101.634	82
C	91.306	48.549	101.334	82
N	90.615	48.175	100.257	83
CA	89.356	48.829	99.882	83
C	88.112	47.997	100.251	83
N	88.295	46.972	101.083	84
CA	87.177	46.14	101.492	84
C	86.796	45.023	100.529	84
N	87.577	44.838	99.476	85
CA	87.278	43.788	98.523	85
C	88.179	42.577	98.693	85
N	88.178	41.7	97.692	86
CA	88.983	40.491	97.726	86
C	89.427	40.138	96.32	86
N	90.704	39.818	96.158	87
CA	91.214	39.453	94.846	87
C	91.445	37.951	94.754	87
N	91.015	37.354	93.65	88
CA	91.23	35.934	93.433	88
C	92.302	35.808	92.348	88
N	93.462	35.28	92.716	89
CA	94.571	35.107	91.784	89
C	94.473	33.78	91.034	89
N	94.394	33.865	89.713	90
CA	94.305	32.683	88.874	90
C	95.488	32.603	87.914	90
N	96.001	31.393	87.705	91
CA	97.118	31.188	86.788	91
C	96.834	30.045	85.836	91
N	96.146	30.336	84.721	92
CA	95.809	29.317	83.723	92
C	96.996	28.409	83.392	92
N	96.867	27.131	83.727	93
CA	97.944	26.194	83.465	93
C	98.613	25.712	84.741	93
N	98.492	26.481	85.82	94
CA	99.082	26.08	87.093	94
C	97.946	25.628	88.001	94
N	96.89	26.427	88.083	95
CA	95.746	26.043	88.895	95
C	94.485	26.01	88.041	95
N	94.156	27.126	87.401	96
CA	92.972	27.183	86.554	96
C	93.286	26.428	85.266	96
N	92.26	26.123	84.476	97
CA	92.473	25.403	83.222	97
C	92.991	26.323	82.116	97
N	93.905	25.816	81.27	98
CA	94.425	26.654	80.185	98
C	93.255	27.143	79.34	98
N	93.417	28.296	78.695	99
CA	92.327	28.9	77.926	99
C	92.599	29.164	76.436	99
N	91.634	28.777	75.604	100
CA	91.699	28.936	74.149	100
C	91.134	30.295	73.728	100
N	91.824	30.987	72.819	101
CA	91.357	32.3	72.369	101
C	90.888	32.407	70.924	101
N	91.255	31.444	70.083	102
CA	90.845	31.468	68.677	102
C	89.391	31.033	68.507	102
N	88.725	31.6	67.503	103
CA	87.326	31.293	67.232	103
C	87.122	30.178	66.211	103
N	85.943	29.563	66.25	104
CA	85.622	28.487	65.326	104
C	86.76	27.501	65.15	104
N	87.197	26.912	66.253	105
CA	88.29	25.955	66.224	105
C	87.854	24.666	66.886	105
N	88.351	23.541	66.387	106
CA	88.034	22.258	66.987	106
C	88.98	22.149	68.176	106
N	88.438	22.372	69.37	107
CA	89.231	22.332	70.59	107
C	89.598	20.935	71.071	107
N	90.497	20.285	70.342	108
CA	90.957	18.954	70.718	108
C	92.44	19.02	71.068	108
N	92.909	20.225	71.384	109
CA	94.305	20.417	71.731	109
C	94.574	20.424	73.224	109
N	95.447	21.331	73.666	110
CA	95.818	21.454	75.08	110
C	94.897	22.349	75.905	110
N	94.037	23.109	75.238	111
CA	93.121	23.995	75.946	111
C	91.757	23.349	76.196	111
N	91.402	23.132	77.476	112
CA	90.104	22.52	77.789	112
C	88.859	23.421	77.719	112
N	89.028	24.743	77.825	113
CA	87.881	25.654	77.723	113
C	88.213	26.941	76.971	113
N	87.165	27.659	76.57	114
CA	87.29	28.883	75.778	114
C	87.055	30.184	76.554	114
N	87.794	31.224	76.175	115
CA	87.685	32.525	76.822	115
C	86.249	33.056	76.843	115
N	85.435	32.636	75.88	116
CA	84.047	33.081	75.834	116
C	83.321	32.588	77.084	116
N	83.634	31.372	77.518	117
CA	82.999	30.829	78.713	117
C	83.681	31.374	79.95	117
N	85.008	31.338	79.942	118
CA	85.801	31.806	81.066	118
C	85.465	33.24	81.447	118
N	85.303	34.099	80.448	119
CA	84.994	35.499	80.708	119
C	83.589	35.67	81.259	119
N	82.643	34.897	80.742	120
CA	81.255	34.983	81.196	120
C	81.068	34.361	82.576	120
N	81.873	33.35	82.88	121
CA	81.802	32.69	84.174	121
C	82.352	33.629	85.239	121
N	83.546	34.158	84.999	122
CA	84.136	35.076	85.961	122
C	83.172	36.245	86.148	122
N	82.459	36.578	85.075	123
CA	81.506	37.674	85.11	123
C	80.393	37.498	86.119	123
N	80.147	36.258	86.53	124
CA	79.094	35.966	87.504	124
C	79.651	35.869	88.925	124
N	80.974	35.879	89.036	125
CA	81.635	35.774	90.328	125
C	82.228	37.1	90.772	125
N	83.15	37.629	89.972	126
CA	83.828	38.874	90.309	126
C	83.238	40.123	89.675	126
N	83.664	41.268	90.198	127
CA	83.211	42.574	89.741	127
C	84.19	43.189	88.767	127
N	85.427	42.689	88.766	128
CA	86.482	43.199	87.891	128
C	87.415	42.07	87.478	128
N	88.002	42.197	86.294	129
CA	88.922	41.183	85.803	129
C	90.223	41.802	85.315	129
N	91.328	41.401	85.931	130
CA	92.625	41.9	85.515	130
C	93.342	40.806	84.738	130
N	94.098	41.171	83.708	131
CA	94.81	40.165	82.931	131
C	96.231	40.546	82.53	131
N	97.123	39.564	82.647	132
CA	98.537	39.7	82.303	132
C	98.858	38.607	81.295	132
N	99.333	38.994	80.118	133
CA	99.683	38.022	79.087	133
C	100.706	38.605	78.125	133
N	101.984	38.315	78.373	134
CA	103.068	38.801	77.52	134
C	102.943	38.149	76.156	134
N	103.594	38.724	75.137	135
CA	103.524	38.135	73.802	135
C	104.298	36.822	73.809	135
N	104.104	35.995	72.789	136
CA	104.797	34.709	72.729	136
C	106.18	34.775	72.061	136
N	106.477	35.905	71.423	137
CA	107.75	36.142	70.751	137
C	108.037	35.299	69.505	137
N	107.004	34.714	68.91	138
CA	107.202	33.897	67.711	138
C	106.803	34.673	66.46	138
N	105.779	35.505	66.594	139
CA	105.295	36.308	65.485	139
C	104.656	37.576	66.06	139
N	105.322	38.708	65.861	140
CA	104.826	39.981	66.365	140
C	103.523	40.358	65.672	140
N	103.328	39.857	64.458	141
CA	102.106	40.153	63.729	141
C	100.929	39.592	64.526	141
N	101.168	38.506	65.248	142
CA	100.118	37.914	66.059	142
C	100.104	38.513	67.464	142
N	101.286	38.787	68.013	143
CA	101.381	39.364	69.345	143
C	100.817	40.779	69.396	143
N	101.131	41.594	68.391	144
CA	100.668	42.981	68.378	144
C	99.155	43.119	68.345	144
N	98.455	42.005	68.191	145
CA	97.008	42.075	68.141	145
C	96.339	42.175	69.506	145
N	97.046	41.791	70.566	146
CA	96.482	41.895	71.904	146
C	95.247	41.002	71.981	146
N	95.349	39.789	71.448	147
CA	94.216	38.872	71.443	147
C	93.645	38.56	72.825	147
N	94.515	38.334	73.804	148
CA	94.043	38.009	75.147	148
C	93.253	39.145	75.784	148
N	93.841	40.338	75.818	149
CA	93.171	41.475	76.427	149
C	91.858	41.782	75.726	149
N	91.889	41.79	74.397	150
CA	90.694	42.068	73.606	150
C	89.628	40.988	73.77	150
N	90.052	39.737	73.945	151
CA	89.091	38.653	74.14	151
C	88.383	38.857	75.478	151
N	89.145	39.134	76.53	152
CA	88.533	39.356	77.83	152
C	87.559	40.526	77.793	152
N	87.983	41.635	77.188	153
CA	87.139	42.825	77.112	153
C	85.881	42.613	76.271	153
N	85.943	41.667	75.342	154
CA	84.816	41.39	74.465	154
C	83.768	40.49	75.098	154
N	84.214	39.432	75.76	155
CA	83.292	38.494	76.371	155
C	82.933	38.771	77.835	155
N	83.697	39.63	78.502	156
CA	83.434	39.93	79.907	156
C	82.326	40.958	80.172	156
N	81.34	40.601	81.014	157
CA	80.255	41.545	81.313	157
C	80.702	42.611	82.32	157
N	81.915	42.453	82.843	158
CA	82.453	43.391	83.818	158
C	83.758	44.034	83.33	158
N	84.074	45.245	83.834	159
CA	85.283	45.998	83.474	159
C	86.568	45.165	83.51	159
N	87.399	45.332	82.487	160
CA	88.662	44.607	82.395	160
C	89.843	45.558	82.578	160
N	90.872	45.084	83.283	161
CA	92.077	45.864	83.551	161
C	93.342	45.211	82.985	161
N	94.109	45.986	82.234	162
CA	95.348	45.511	81.628	162
C	96.451	45.42	82.704	162
N	96.915	44.21	83.022	163
CA	97.974	44.059	84.031	163
C	99.32	43.843	83.334	163
N	99.321	44.197	82.05	164
CA	100.435	44.126	81.107	164
C	100.319	43.027	80.055	164
N	100.262	43.452	78.791	165
CA	100.22	42.563	77.631	165
C	101.261	43.153	76.672	165
N	100.845	44.025	75.76	166
CA	101.814	44.66	74.862	166
C	101.958	46.133	75.243	166
N	101.263	46.51	76.314	167
CA	101.334	47.855	76.892	167
C	101.192	47.611	78.386	167
N	101.634	48.569	79.191	168
CA	101.578	48.439	80.64	168
C	101.027	49.756	81.196	168
N	99.744	50.042	80.925	169
CA	99.103	51.272	81.387	169
C	99.149	51.524	82.892	169
N	99.109	50.466	83.699	170
CA	99.152	50.656	85.15	170
C	100.521	51.212	85.543	170
N	101.565	50.737	84.876	171
CA	102.906	51.213	85.16	171
C	102.962	52.686	84.762	171
N	102.36	53.011	83.619	172
CA	102.35	54.388	83.126	172
C	101.916	55.373	84.2	172
N	100.759	55.122	84.793	173
CA	100.231	56.0	85.817	173
C	101.055	55.999	87.103	173
N	101.727	54.891	87.399	174
CA	102.557	54.812	88.599	174
C	103.802	55.658	88.334	174
N	104.334	55.503	87.125	175
CA	105.512	56.226	86.665	175
C	105.206	57.727	86.627	175
N	104.074	58.078	86.013	176
CA	103.648	59.469	85.892	176
C	103.484	60.143	87.247	176
N	102.781	59.481	88.163	177
CA	102.563	60.028	89.499	177
C	103.903	60.24	90.198	177
N	104.786	59.254	90.089	178
CA	106.098	59.35	90.707	178
C	106.873	60.562	90.172	178
N	106.721	60.859	88.881	179
CA	107.412	61.998	88.29	179
C	106.846	63.323	88.812	179
N	105.52	63.453	88.811	180
CA	104.88	64.673	89.302	180
C	105.282	64.899	90.755	180
N	105.276	63.827	91.544	181
CA	105.656	63.932	92.949	181
C	107.101	64.413	93.061	181
N	107.979	63.855	92.232	182
CA	109.382	64.257	92.249	182
C	109.551	65.744	91.937	182
N	108.866	66.24	90.906	183
CA	108.993	67.652	90.551	183
C	108.017	68.557	91.3	183
N	107.261	67.98	92.226	184
CA	106.313	68.755	93.002	184
C	105.231	69.435	92.183	184
N	104.977	68.929	90.978	185
CA	103.949	69.511	90.123	185
C	103.355	68.494	89.151	185
N	102.076	68.675	88.782	186
CA	101.357	67.794	87.853	186
C	101.688	68.146	86.414	186
N	102.201	69.358	86.211	187
CA	102.542	69.829	84.872	187
C	103.982	69.496	84.513	187
N	104.184	68.393	83.799	188
CA	105.527	67.971	83.411	188
C	106.019	68.528	82.073	188
N	105.23	69.392	81.44	189
CA	105.62	69.965	80.148	189
C	106.979	70.655	80.18	189
N	107.733	70.519	79.094	190
CA	109.036	71.157	79.025	190
C	110.17	70.364	79.649	190
N	109.858	69.191	80.188	191
CA	110.884	68.353	80.789	191
C	111.472	67.465	79.7	191
N	112.778	67.228	79.77	192
CA	113.439	66.371	78.794	192
C	113.376	64.934	79.298	192
N	112.562	64.132	78.623	193
CA	112.361	62.73	78.972	193
C	113.131	61.823	78.022	193
N	113.993	60.979	78.579	194
CA	114.768	60.058	77.761	194
C	114.389	58.6	78.043	194
N	113.757	57.964	77.061	195
CA	113.377	56.564	77.169	195
C	114.496	55.807	76.462	195
N	115.403	55.228	77.242	196
CA	116.533	54.501	76.679	196
C	116.416	52.985	76.726	196
N	116.82	52.35	75.633	197
CA	116.838	50.901	75.556	197
C	118.065	50.574	76.391	197
N	118.113	49.372	76.948	198
CA	119.27	48.967	77.734	198
C	119.537	47.492	77.503	198
N	120.733	47.041	77.85	199
CA	121.105	45.65	77.623	199
C	120.373	44.574	78.445	199
N	120.42	43.345	77.937	200
CA	119.814	42.175	78.577	200
C	120.206	40.949	77.749	200
N	120.686	39.88	78.407	201
CA	121.084	38.67	77.673	201
C	120.03	38.132	76.701	201
N	118.765	38.475	76.926	202
CA	117.706	38.013	76.04	202
C	116.74	39.116	75.631	202
N	115.996	38.897	74.537	203
CA	115.025	39.877	74.037	203
C	113.74	39.871	74.862	203
N	113.308	41.051	75.296	204
CA	112.099	41.172	76.103	204
C	110.916	41.854	75.408	204
N	109.828	41.963	76.165	205
CA	108.58	42.578	75.733	205
C	108.805	44.081	75.529	205
N	108.121	44.686	74.562	206
CA	108.264	46.132	74.341	206
C	107.216	46.896	75.154	206
N	106.274	46.151	75.732	207
CA	105.185	46.702	76.523	207
C	105.534	47.937	77.355	207
N	106.392	47.776	78.355	208
CA	106.762	48.908	79.194	208
C	107.276	50.096	78.374	208
N	108.002	49.814	77.295	209
CA	108.541	50.869	76.446	209
C	107.418	51.567	75.685	209
N	106.528	50.783	75.086	210
CA	105.408	51.356	74.351	210
C	104.573	52.235	75.298	210
N	104.421	51.788	76.544	211
CA	103.656	52.546	77.535	211
C	104.344	53.833	77.992	211
N	105.663	53.776	78.148	212
CA	106.433	54.936	78.58	212
C	106.384	56.011	77.502	212
N	106.544	55.591	76.25	213
CA	106.527	56.51	75.12	213
C	105.175	57.194	75.047	213
N	104.142	56.412	75.331	214
CA	102.774	56.889	75.303	214
C	102.479	57.891	76.414	214
N	102.786	57.52	77.655	215
CA	102.513	58.397	78.792	215
C	103.394	59.646	78.841	215
N	104.646	59.517	78.41	216
CA	105.565	60.654	78.422	216
C	105.161	61.691	77.374	216
N	104.649	61.231	76.237	217
CA	104.223	62.15	75.19	217
C	102.863	62.721	75.543	217
N	102.074	61.954	76.294	218
CA	100.743	62.402	76.7	218
C	100.857	63.471	77.782	218
N	101.958	63.426	78.53	219
CA	102.231	64.393	79.593	219
C	102.821	65.653	78.954	219
N	103.158	65.553	77.671	220
CA	103.71	66.689	76.956	220
C	105.158	67.023	77.255	220
N	105.997	66.003	77.415	221
CA	107.416	66.219	77.688	221
C	108.208	66.152	76.39	221
N	109.494	66.484	76.468	222
CA	110.368	66.427	75.299	222
C	110.987	65.04	75.324	222
N	110.352	64.126	74.599	223
CA	110.745	62.728	74.553	223
C	111.758	62.3	73.502	223
N	112.777	61.581	73.954	224
CA	113.783	61.039	73.056	224
C	113.819	59.527	73.257	224
N	113.668	58.786	72.163	225
CA	113.705	57.335	72.223	225
C	115.1	56.855	71.844	225
N	115.978	56.751	72.837	226
CA	117.344	56.303	72.604	226
C	117.37	54.786	72.48	226
N	117.874	54.298	71.355	227
CA	117.997	52.867	71.134	227
C	119.162	52.624	70.181	227
N	119.818	51.458	70.295	228
CA	120.962	51.1	69.445	228
C	120.844	51.365	67.941	228
N	119.926	50.678	67.263	229
CA	119.755	50.852	65.817	229
C	118.286	51.042	65.422	229
N	118.025	51.46	64.167	230
CA	116.638	51.657	63.73	230
C	115.793	50.406	63.961	230
N	116.437	49.243	63.919	231
CA	115.734	47.986	64.141	231
C	115.015	47.976	65.49	231
N	115.615	48.638	66.482	232
CA	115.053	48.687	67.826	232
C	113.963	49.719	68.068	232
N	113.54	50.421	67.023	233
CA	112.483	51.412	67.177	233
C	111.151	50.693	67.414	233
N	110.336	51.248	68.305	234
CA	109.043	50.661	68.651	234
C	108.07	50.558	67.479	234
N	107.074	49.691	67.633	235
CA	106.065	49.476	66.605	235
C	105.461	50.813	66.202	235
N	105.135	50.968	64.92	236
CA	104.55	52.216	64.418	236
C	103.338	52.683	65.211	236
N	102.534	51.732	65.665	237
CA	101.341	52.064	66.421	237
C	101.643	53.057	67.533	237
N	102.654	52.758	68.345	238
CA	103.016	53.621	69.466	238
C	103.766	54.871	69.043	238
N	104.536	54.772	67.96	239
CA	105.252	55.934	67.448	239
C	104.178	56.931	67.002	239
N	103.079	56.405	66.465	240
CA	101.96	57.226	66.003	240
C	101.175	57.81	67.174	240
N	100.93	56.994	68.2	241
CA	100.217	57.468	69.386	241
C	101.026	58.613	69.973	241
N	102.343	58.434	70.004	242
CA	103.268	59.423	70.548	242
C	103.211	60.756	69.809	242
N	103.102	60.694	68.484	243
CA	103.038	61.899	67.663	243
C	101.735	62.628	67.952	243
N	100.637	61.88	67.983	244
CA	99.336	62.468	68.264	244
C	99.36	63.102	69.649	244
N	100.143	62.518	70.556	245
CA	100.246	63.043	71.913	245
C	101.088	64.314	71.936	245
N	102.175	64.316	71.174	246
CA	103.025	65.492	71.101	246
C	102.155	66.613	70.559	246
N	101.55	66.357	69.405	247
CA	100.685	67.323	68.748	247
C	99.629	67.918	69.674	247
N	99.129	67.123	70.617	248
CA	98.095	67.584	71.547	248
C	98.593	68.248	72.826	248
N	99.729	67.795	73.343	249
CA	100.259	68.338	74.589	249
C	101.349	69.386	74.442	249
N	101.851	69.564	73.228	250
CA	102.889	70.555	73.012	250
C	104.295	70.078	73.33	250
N	104.457	68.769	73.478	251
CA	105.77	68.226	73.763	251
C	106.468	67.922	72.456	251
N	107.309	66.898	72.451	252
CA	108.023	66.532	71.24	252
C	108.518	65.089	71.273	252
N	108.699	64.506	70.092	253
CA	109.182	63.133	69.976	253
C	110.445	63.15	69.129	253
N	111.348	62.214	69.38	254
CA	112.606	62.176	68.653	254
C	113.309	60.837	68.879	254
N	113.844	60.256	67.809	255
CA	114.552	58.979	67.896	255
C	116.051	59.238	67.775	255
N	116.818	58.752	68.745	256
CA	118.265	58.941	68.736	256
C	119.027	57.641	68.953	256
N	120.147	57.498	68.249	257
CA	120.988	56.315	68.371	257
C	122.322	56.704	69.008	257
N	122.395	57.943	69.488	258
CA	123.602	58.447	70.126	258
C	123.35	58.676	71.607	258
N	124.123	58.003	72.448	259
CA	123.957	58.129	73.888	259
C	124.091	59.554	74.432	259
N	125.283	60.124	74.318	260
CA	125.541	61.456	74.845	260
C	124.595	62.578	74.429	260
N	124.19	62.612	73.165	261
CA	123.288	63.674	72.733	261
C	121.904	63.495	73.356	261
N	121.569	62.254	73.697	262
CA	120.279	61.94	74.298	262
C	120.232	62.321	75.776	262
N	121.124	61.737	76.571	263
CA	121.157	62.031	78.0	263
C	121.36	63.513	78.32	263
N	122.1	64.21	77.459	264
CA	122.414	65.631	77.648	264
C	121.286	66.506	78.198	264
N	121.46	66.964	79.433	265
CA	120.472	67.829	80.057	265
C	119.093	67.231	80.269	265
N	119.029	65.913	80.421	266
CA	117.755	65.239	80.628	266
C	117.24	65.453	82.04	266
N	115.918	65.443	82.175	267
CA	115.266	65.601	83.466	267
C	114.836	64.228	83.974	267
N	114.544	63.334	83.037	268
CA	114.126	61.986	83.372	268
C	114.784	60.984	82.424	268
N	115.162	59.833	82.965	269
CA	115.762	58.768	82.172	269
C	115.113	57.436	82.566	269
N	114.322	56.88	81.653	270
CA	113.625	55.622	81.892	270
C	114.225	54.525	81.025	270
N	114.829	53.533	81.671	271
CA	115.459	52.427	80.967	271
C	114.55	51.214	80.9	271
N	114.669	50.471	79.803	272
CA	113.895	49.258	79.577	272
C	114.504	48.52	78.387	272
N	114.702	47.213	78.524	273
CA	115.283	46.422	77.445	273
C	114.21	45.677	76.673	273
N	114.406	45.513	75.368	274
CA	113.417	44.803	74.566	274
C	114.012	44.206	73.311	274
N	113.364	43.164	72.808	275
CA	113.84	42.514	71.606	275
C	113.399	43.271	70.369	275
N	114.313	43.405	69.41	276
CA	114.026	44.105	68.162	276
C	112.848	43.42	67.476	276
N	111.773	44.171	67.272	277
CA	110.569	43.642	66.64	277
C	110.834	42.854	65.358	277
N	111.606	43.43	64.425	278
CA	111.891	42.719	63.171	278
C	112.555	41.344	63.321	278
N	112.894	40.957	64.55	279
CA	113.518	39.657	64.779	279
C	112.632	38.647	65.502	279
N	111.34	38.926	65.608	280
CA	110.446	37.974	66.259	280
C	110.436	36.659	65.474	280
N	110.58	35.541	66.179	281
CA	110.582	34.244	65.518	281
C	111.928	33.911	64.9	281
N	112.848	34.866	64.972	282
CA	114.182	34.702	64.418	282
C	115.151	35.479	65.298	282
N	115.321	35.006	66.531	283
CA	116.193	35.659	67.506	283
C	117.669	35.313	67.393	283
N	117.979	34.263	66.637	284
CA	119.36	33.826	66.437	284
C	120.292	34.986	66.08	284
N	120.038	35.668	64.953	285
CA	120.919	36.781	64.594	285
C	120.759	38.011	65.484	285
N	119.705	38.029	66.295	286
CA	119.443	39.152	67.198	286
C	120.472	39.12	68.325	286
N	120.866	37.908	68.712	287
CA	121.833	37.699	69.786	287
C	123.105	38.509	69.563	287
N	123.823	38.241	68.459	288
CA	125.061	38.973	68.174	288
C	124.892	40.486	68.067	288
N	123.689	40.939	67.726	289
CA	123.446	42.373	67.595	289
C	123.303	43.082	68.94	289
N	122.443	42.566	69.814	290
CA	122.25	43.199	71.114	290
C	123.528	43.139	71.946	290
N	124.252	42.027	71.849	291
CA	125.493	41.845	72.601	291
C	126.548	42.914	72.325	291
N	126.465	43.582	71.178	292
CA	127.442	44.617	70.872	292
C	126.979	46.008	71.319	292
N	125.982	46.045	72.197	293
CA	125.488	47.313	72.719	293
C	125.302	47.269	74.232	293
N	126.134	46.487	74.909	294
CA	126.052	46.374	76.359	294
C	126.362	47.698	77.044	294
N	127.127	48.552	76.369	295
CA	127.501	49.844	76.928	295
C	126.294	50.754	77.14	295
N	125.135	50.343	76.633	296
CA	123.93	51.143	76.81	296
C	123.505	51.146	78.271	296
N	124.124	50.27	79.063	297
CA	123.836	50.169	80.489	297
C	123.786	51.567	81.088	297
N	122.82	51.814	81.965	298
CA	122.704	53.126	82.589	298
C	123.645	53.199	83.788	298
N	124.78	53.873	83.599	299
CA	125.784	54.032	84.649	299
C	125.896	55.495	85.097	299
N	126.875	55.792	85.947	300
CA	127.043	57.154	86.446	300
C	127.437	58.155	85.37	300
N	128.321	57.748	84.464	301
CA	128.768	58.638	83.404	301
C	127.596	59.251	82.654	301
N	126.712	58.397	82.151	302
CA	125.549	58.855	81.399	302
C	124.617	59.716	82.248	302
N	124.484	59.375	83.526	303
CA	123.614	60.138	84.413	303
C	124.223	61.485	84.778	303
N	125.544	61.592	84.666	304
CA	126.232	62.836	84.991	304
C	125.977	63.855	83.896	304
N	125.748	63.36	82.684	305
CA	125.473	64.22	81.54	305
C	124.061	64.808	81.605	305
N	123.225	64.267	82.493	306
CA	121.851	64.74	82.632	306
C	121.763	65.99	83.492	306
N	120.606	66.637	83.461	307
CA	120.381	67.844	84.247	307
C	120.02	67.417	85.667	307
N	120.917	66.65	86.285	308
CA	120.688	66.124	87.625	308
C	119.368	65.353	87.55	308
N	119.099	64.829	86.357	309
CA	117.879	64.087	86.099	309
C	117.624	62.879	86.978	309
N	116.39	62.401	86.913	310
CA	115.964	61.257	87.689	310
C	116.035	59.988	86.832	310
N	116.133	58.841	87.495	311
CA	116.195	57.561	86.805	311
C	115.196	56.579	87.382	311
N	114.597	55.774	86.517	312
CA	113.664	54.776	86.986	312
C	113.645	53.565	86.079	312
N	112.942	52.533	86.537	313
CA	112.774	51.295	85.797	313
C	111.534	50.619	86.37	313
N	110.727	50.019	85.503	314
CA	109.516	49.34	85.946	314
C	109.808	48.192	86.914	314
N	110.985	47.586	86.787	315
CA	111.386	46.446	87.615	315
C	110.547	45.256	87.138	315
N	111.036	44.013	87.308	316
CA	112.307	43.581	87.903	316
C	113.512	44.043	87.091	316
N	114.513	44.572	87.787	317
CA	115.718	45.07	87.138	317
C	116.97	44.269	87.496	317
N	117.774	43.961	86.481	318
CA	119.019	43.215	86.667	318
C	120.176	44.194	86.876	318
N	120.777	44.152	88.062	319
CA	121.887	45.038	88.382	319
C	123.165	44.705	87.612	319
N	123.882	45.757	87.232	320
CA	125.124	45.631	86.494	320
C	124.889	45.031	85.108	320
N	123.682	45.239	84.594	321
CA	123.308	44.779	83.265	321
C	122.485	45.908	82.657	321
N	121.363	46.231	83.293	322
CA	120.507	47.305	82.808	322
C	120.986	48.625	83.382	322
N	121.336	48.603	84.662	323
CA	121.841	49.785	85.344	323
C	122.874	49.319	86.363	323
N	123.862	50.166	86.636	324
CA	124.906	49.822	87.588	324
C	124.386	49.939	89.014	324
N	125.092	49.321	89.955	325
CA	124.716	49.391	91.358	325
C	124.695	50.851	91.813	325
N	125.715	51.605	91.409	326
CA	125.841	53.015	91.777	326
C	124.623	53.847	91.391	326
N	124.027	53.551	90.239	327
CA	122.845	54.283	89.791	327
C	121.586	53.868	90.565	327
N	121.374	52.562	90.721	328
CA	120.215	52.056	91.456	328
C	120.196	52.595	92.878	328
N	121.361	52.62	93.517	329
CA	121.463	53.1	94.891	329
C	121.49	54.62	94.983	329
N	121.623	55.274	93.837	330
CA	121.662	56.73	93.781	330
C	120.386	57.381	94.321	330
N	120.514	58.557	94.952	331
CA	119.32	59.223	95.484	331
C	118.419	59.712	94.359	331
N	118.953	59.693	93.141	332
CA	118.212	60.13	91.958	332
C	117.325	59.032	91.381	332
N	117.468	57.819	91.906	333
CA	116.682	56.676	91.447	333
C	115.328	56.64	92.151	333
N	114.249	56.791	91.386	334
CA	112.915	56.765	91.977	334
C	112.166	55.47	91.691	334
N	112.906	54.417	91.354	335
CA	112.298	53.129	91.047	335
C	111.397	52.604	92.164	335
N	111.842	52.718	93.408	336
CA	111.032	52.206	94.506	336
C	109.734	52.981	94.704	336
N	109.761	54.285	94.442	337
CA	108.557	55.086	94.603	337
C	107.563	54.749	93.508	337
N	108.072	54.565	92.297	338
CA	107.22	54.217	91.167	338
C	106.528	52.882	91.481	338
N	107.291	51.92	91.994	339
CA	106.742	50.61	92.335	339
C	105.64	50.755	93.382	339
N	105.848	51.646	94.345	340
CA	104.848	51.852	95.379	340
C	103.561	52.424	94.811	340
N	103.676	53.437	93.955	341
CA	102.497	54.07	93.371	341
C	101.631	53.113	92.551	341
N	102.194	51.973	92.165	342
CA	101.419	50.983	91.435	342
C	100.193	50.698	92.31	342
N	100.432	50.496	93.604	343
CA	99.359	50.216	94.558	343
C	98.267	51.291	94.589	343
N	98.667	52.553	94.702	344
CA	97.711	53.661	94.765	344
C	96.965	53.896	93.454	344
N	97.723	53.89	92.37	345
CA	97.209	54.107	91.033	345
C	96.166	53.061	90.615	345
N	96.376	51.813	91.016	346
CA	95.46	50.746	90.658	346
C	94.203	50.753	91.514	346
N	94.316	51.265	92.736	347
CA	93.153	51.35	93.605	347
C	92.253	52.423	93.0	347
N	92.868	53.434	92.382	348
CA	92.104	54.516	91.75	348
C	91.367	53.999	90.516	348
N	91.995	53.071	89.801	349
CA	91.396	52.483	88.609	349
C	90.227	51.569	88.985	349
N	90.446	50.674	89.946	350
CA	89.385	49.768	90.355	350
C	88.205	50.574	90.88	350
N	88.487	51.507	91.782	351
CA	87.438	52.344	92.341	351
C	86.649	53.029	91.223	351
N	87.348	53.488	90.189	352
CA	86.692	54.173	89.087	352
C	85.894	53.259	88.173	352
N	86.258	51.98	88.122	353
CA	85.575	51.039	87.24	353
C	84.313	50.385	87.797	353
N	84.193	50.301	89.118	354
CA	83.008	49.699	89.724	354
C	81.873	50.715	89.825	354
N	81.151	51.156	90.843	355
CA	80.208	52.255	91.05	355
C	79.159	52.415	89.902	355
N	78.289	52.607	90.891	356
CA	76.938	52.728	91.527	356
C	75.616	53.51	91.199	356
N	74.611	53.813	92.118	357
CA	74.052	54.921	92.954	357
C	72.883	54.99	94.035	357
N	71.906	54.22	94.652	358
CA	70.545	54.756	95.094	358
C	69.32	54.828	94.128	358
N	68.398	55.891	93.993	359
CA	67.118	56.431	94.466	359
C	65.612	56.189	94.291	359
