ATOM	X	Y	Z	RESIDUE
N	-10.506	0.232	7.795	1
CA	-11.505	0.657	8.771	1
C	-12.219	-0.513	9.458	1
N	-13.119	-0.16	10.353	2
CA	-13.706	-1.149	11.229	2
C	-14.695	-2.026	10.469	2
N	-14.883	-3.241	10.982	3
CA	-15.893	-4.133	10.448	3
C	-16.221	-5.218	11.448	3
N	-16.493	-6.414	10.929	4
CA	-16.914	-7.544	11.756	4
C	-16.016	-8.765	11.603	4
N	-14.962	-8.671	10.8	5
CA	-14.083	-9.79	10.553	5
C	-13.068	-9.997	11.661	5
N	-12.287	-11.06	11.493	6
CA	-11.246	-11.389	12.46	6
C	-10.263	-10.242	12.627	6
N	-9.985	-9.516	11.551	7
CA	-8.929	-8.529	11.614	7
C	-9.427	-7.115	11.857	7
N	-10.738	-6.873	11.842	8
CA	-11.227	-5.517	12.041	8
C	-12.493	-5.487	12.887	8
N	-12.806	-6.581	13.579	9
CA	-14.062	-6.743	14.26	9
C	-14.059	-6.184	15.672	9
N	-15.119	-6.507	16.412	10
CA	-15.335	-5.952	17.758	10
C	-14.151	-5.991	18.696	10
N	-13.292	-7.008	18.634	11
CA	-12.139	-7.082	19.535	11
C	-11.05	-6.078	19.187	11
N	-11.116	-5.465	18.009	12
CA	-10.141	-4.475	17.574	12
C	-10.619	-3.048	17.757	12
N	-11.928	-2.842	17.923	13
CA	-12.482	-1.495	17.83	13
C	-11.885	-0.545	18.859	13
N	-11.524	-1.055	20.044	14
CA	-11.03	-0.192	21.115	14
C	-9.776	0.587	20.73	14
N	-9.003	0.1	19.757	15
CA	-7.773	0.796	19.383	15
C	-8.047	2.15	18.741	15
N	-9.108	2.277	17.958	16
CA	-9.481	3.568	17.409	16
C	-10.612	4.243	18.132	16
N	-11.356	3.493	18.932	17
CA	-12.523	3.998	19.641	17
C	-12.396	3.529	21.084	17
N	-11.559	4.193	21.89	18
CA	-11.301	3.683	23.246	18
C	-12.524	3.578	24.136	18
N	-13.603	4.307	23.84	19
CA	-14.844	4.177	24.589	19
C	-15.441	2.778	24.473	19
N	-14.928	1.952	23.556	20
CA	-15.346	0.566	23.462	20
C	-15.233	-0.155	24.786	20
N	-14.316	0.286	25.671	21
CA	-14.136	-0.28	27.007	21
C	-14.774	0.589	28.094	21
N	-15.77	1.396	27.73	22
CA	-16.36	2.362	28.626	22
C	-17.346	1.765	29.613	22
N	-17.982	2.669	30.346	23
CA	-18.83	2.317	31.465	23
C	-20.271	2.068	31.092	23
N	-20.675	2.367	29.853	24
CA	-22.073	2.167	29.461	24
C	-22.176	1.675	28.022	24
N	-21.468	0.594	27.734	25
CA	-21.446	0.06	26.388	25
C	-22.586	-0.917	26.143	25
N	-22.977	-1.01	24.874	26
CA	-24.047	-1.895	24.406	26
C	-23.518	-2.784	23.289	26
N	-24.171	-3.924	23.04	27
CA	-25.327	-4.46	23.762	27
C	-24.91	-5.093	25.082	27
N	-25.906	-5.597	25.809	28
CA	-25.729	-6.324	27.054	28
C	-26.607	-7.559	27.014	28
N	-26.274	-8.511	27.876	29
CA	-27.193	-9.581	28.203	29
C	-28.252	-9.053	29.166	29
N	-29.495	-9.398	28.881	30
CA	-30.63	-9.044	29.706	30
C	-30.942	-10.257	30.559	30
N	-30.544	-10.193	31.831	31
CA	-30.884	-11.21	32.815	31
C	-32.3	-10.91	33.285	31
N	-33.249	-11.74	32.85	32
CA	-34.647	-11.43	33.076	32
C	-35.025	-11.555	34.532	32
N	-34.339	-12.408	35.277	33
CA	-34.685	-12.555	36.687	33
C	-34.215	-11.365	37.514	33
N	-33.1	-10.744	37.129	34
CA	-32.586	-9.596	37.867	34
C	-33.238	-8.289	37.432	34
N	-33.687	-8.183	36.183	35
CA	-34.401	-6.978	35.763	35
C	-35.584	-6.747	36.687	35
N	-35.83	-5.492	37.037	36
CA	-36.864	-5.155	38.012	36
C	-37.952	-4.314	37.359	36
N	-39.209	-4.652	37.639	37
CA	-40.315	-3.783	37.251	37
C	-40.112	-2.39	37.821	37
N	-40.345	-1.383	36.993	38
CA	-40.178	0.015	37.393	38
C	-41.514	0.742	37.278	38
N	-42.215	0.975	38.388	39
CA	-43.496	1.7	38.3	39
C	-43.357	3.164	37.875	39
N	-42.15	3.74	37.882	40
CA	-41.99	5.121	37.442	40
C	-41.966	5.275	35.923	40
N	-41.865	4.184	35.173	41
CA	-41.941	4.27	33.721	41
C	-43.343	4.682	33.3	41
N	-43.418	5.664	32.408	42
CA	-44.698	6.109	31.879	42
C	-45.085	5.225	30.705	42
N	-46.336	5.245	30.272	43
CA	-46.687	4.441	29.091	43
C	-45.811	4.798	27.887	43
N	-45.39	3.775	27.15	44
CA	-44.586	3.986	25.946	44
C	-45.496	4.283	24.767	44
N	-45.1	5.259	23.955	45
CA	-45.866	5.73	22.808	45
C	-44.991	5.643	21.572	45
N	-45.331	4.725	20.686	46
CA	-44.687	4.597	19.387	46
C	-45.669	5.181	18.38	46
N	-45.37	6.346	17.818	47
CA	-46.316	7.07	16.97	47
C	-45.707	7.192	15.578	47
N	-45.948	6.184	14.74	48
CA	-45.336	6.088	13.418	48
C	-46.316	6.326	12.271	48
N	-47.548	6.77	12.558	49
CA	-48.581	6.904	11.523	49
C	-48.195	7.828	10.36	49
N	-47.408	8.873	10.607	50
CA	-47.041	9.809	9.548	50
C	-45.589	9.659	9.106	50
N	-44.977	8.509	9.363	51
CA	-43.591	8.309	8.976	51
C	-43.417	8.506	7.474	51
N	-42.285	9.08	7.096	52
CA	-41.943	9.309	5.698	52
C	-40.59	8.662	5.422	52
N	-40.612	7.427	4.929	53
CA	-39.367	6.794	4.533	53
C	-38.889	7.414	3.231	53
N	-37.578	7.385	3.025	54
CA	-36.994	8.002	1.841	54
C	-36.182	7.048	0.988	54
N	-35.293	6.27	1.601	55
CA	-34.223	5.63	0.86	55
C	-33.733	4.444	1.676	55
N	-33.151	3.467	0.991	56
CA	-32.465	2.34	1.618	56
C	-31.033	2.313	1.09	56
N	-30.061	2.131	1.994	57
CA	-28.645	2.27	1.701	57
C	-27.891	1.061	2.253	57
N	-27.028	0.447	1.441	58
CA	-26.035	-0.511	1.927	58
C	-24.792	0.291	2.302	58
N	-24.497	0.392	3.602	59
CA	-23.377	1.211	4.049	59
C	-22.115	0.392	4.287	59
N	-22.078	-0.86	3.841	60
CA	-20.929	-1.709	4.026	60
C	-20.897	-2.456	5.335	60
N	-21.849	-2.217	6.207	61
CA	-21.972	-2.875	7.499	61
C	-23.337	-3.507	7.671	61
N	-24.382	-2.812	7.243	62
CA	-25.752	-3.277	7.249	62
C	-26.473	-2.525	6.134	62
N	-27.794	-2.558	6.14	63
CA	-28.575	-1.658	5.296	63
C	-29.426	-0.779	6.198	63
N	-29.527	0.499	5.833	64
CA	-30.293	1.461	6.597	64
C	-31.487	1.924	5.775	64
N	-32.668	1.906	6.384	65
CA	-33.85	2.563	5.833	65
C	-33.957	3.922	6.511	65
N	-33.879	4.975	5.712	66
CA	-33.786	6.343	6.193	66
C	-35.134	7.035	6.093	66
N	-35.391	7.929	7.05	67
CA	-36.632	8.677	7.135	67
C	-36.374	10.172	7.079	67
N	-37.379	10.894	6.597	68
CA	-37.401	12.344	6.713	68
C	-37.632	12.704	8.172	68
N	-36.624	13.298	8.801	69
CA	-36.715	13.725	10.192	69
C	-36.696	15.252	10.314	69
N	-37.174	15.966	9.283	70
CA	-37.196	17.431	9.296	70
C	-38.404	18.003	10.035	70
N	-39.32	17.152	10.491	71
CA	-40.462	17.577	11.284	71
C	-40.822	16.434	12.208	71
N	-41.632	16.742	13.221	72
CA	-42.183	15.723	14.11	72
C	-43.232	14.931	13.344	72
N	-42.826	13.76	12.866	73
CA	-43.724	12.807	12.233	73
C	-43.696	11.484	12.998	73
N	-42.805	10.568	12.62	74
CA	-42.592	9.348	13.386	74
C	-41.794	9.681	14.641	74
N	-42.399	9.467	15.813	75
CA	-41.748	9.754	17.077	75
C	-42.005	8.671	18.11	75
N	-41.099	8.632	19.074	76
CA	-41.143	7.764	20.227	76
C	-41.145	8.663	21.451	76
N	-42.03	8.379	22.397	77
CA	-42.023	9.111	23.652	77
C	-42.616	8.226	24.734	77
N	-42.559	8.721	25.959	78
CA	-43.022	7.946	27.088	78
C	-42.0	6.914	27.539	78
N	-42.458	5.942	28.326	79
CA	-41.549	4.967	28.888	79
C	-40.517	5.643	29.757	79
N	-39.235	5.364	29.513	80
CA	-38.182	6.027	30.275	80
C	-37.835	7.402	29.747	80
N	-38.432	7.831	28.629	81
CA	-37.953	8.994	27.896	81
C	-38.569	10.281	28.419	81
N	-37.737	11.311	28.476	82
CA	-38.138	12.683	28.737	82
C	-38.225	13.375	27.378	82
N	-39.433	13.781	26.981	83
CA	-39.629	14.512	25.737	83
C	-39.778	13.6	24.526	83
N	-39.467	14.154	23.358	84
CA	-39.841	13.568	22.072	84
C	-38.595	13.167	21.311	84
N	-38.594	11.936	20.798	85
CA	-37.491	11.416	20.018	85
C	-37.982	11.074	18.619	85
N	-37.282	11.573	17.62	86
CA	-37.73	11.496	16.236	86
C	-37.006	10.372	15.506	86
N	-37.769	9.535	14.794	87
CA	-37.194	8.44	14.024	87
C	-36.352	8.984	12.877	87
N	-35.114	8.498	12.76	88
CA	-34.218	8.864	11.668	88
C	-33.917	7.688	10.733	88
N	-33.756	6.47	11.26	89
CA	-33.458	5.334	10.395	89
C	-33.645	4.052	11.183	89
N	-33.847	2.957	10.46	90
CA	-33.751	1.645	11.057	90
C	-32.789	0.776	10.264	90
N	-32.286	-0.258	10.94	91
CA	-31.39	-1.242	10.356	91
C	-31.491	-2.506	11.195	91
N	-30.833	-3.554	10.735	92
CA	-30.793	-4.84	11.403	92
C	-29.353	-5.289	11.627	92
N	-29.217	-6.26	12.53	93
CA	-28.023	-7.073	12.708	93
C	-28.47	-8.52	12.607	93
N	-27.666	-9.361	11.974	94
CA	-28.076	-10.733	11.767	94
C	-26.875	-11.659	11.656	94
N	-27.163	-12.957	11.675	95
CA	-26.142	-13.978	11.708	95
C	-25.956	-14.709	10.391	95
N	-24.94	-15.572	10.375	96
CA	-24.726	-16.504	9.275	96
C	-25.621	-17.73	9.374	96
N	-26.202	-17.968	10.551	97
CA	-26.986	-19.142	10.917	97
C	-28.074	-18.648	11.864	97
N	-29.22	-19.345	11.906	98
CA	-30.344	-18.856	12.707	98
C	-30.038	-18.768	14.205	98
N	-29.046	-19.513	14.702	99
CA	-28.71	-19.555	16.12	99
C	-27.931	-18.375	16.652	99
N	-27.615	-17.385	15.823	100
CA	-26.961	-16.176	16.302	100
C	-27.282	-15.045	15.343	100
N	-27.036	-13.822	15.8	101
CA	-27.323	-12.645	15.008	101
C	-27.769	-11.465	15.827	101
N	-28.459	-11.688	16.958	102
CA	-28.848	-10.566	17.783	102
C	-27.645	-10.004	18.533	102
N	-27.812	-8.75	18.943	103
CA	-26.807	-8.045	19.733	103
C	-27.126	-8.202	21.217	103
N	-28.288	-7.718	21.638	104
CA	-28.766	-8.09	22.954	104
C	-29.061	-9.579	22.986	104
N	-28.938	-10.152	24.185	105
CA	-29.319	-11.515	24.468	105
C	-30.257	-11.492	25.66	105
N	-31.032	-12.568	25.801	106
CA	-32.042	-12.675	26.85	106
C	-31.719	-13.944	27.621	106
N	-31.233	-13.796	28.857	107
CA	-30.742	-14.946	29.614	107
C	-29.745	-15.75	28.782	107
N	-28.887	-15.02	28.066	108
CA	-27.807	-15.511	27.213	108
C	-28.295	-16.062	25.873	108
N	-29.589	-16.131	25.634	109
CA	-30.082	-16.665	24.382	109
C	-29.971	-15.63	23.268	109
N	-29.355	-16.059	22.167	110
CA	-29.172	-15.264	20.964	110
C	-30.327	-15.531	20.008	110
N	-30.917	-14.455	19.506	111
CA	-31.913	-14.527	18.448	111
C	-31.231	-14.496	17.067	111
N	-32.024	-14.781	16.026	112
CA	-31.5	-14.813	14.656	112
C	-31.117	-13.428	14.143	112
N	-31.757	-12.383	14.644	113
CA	-31.475	-11.035	14.185	113
C	-32.079	-10.065	15.179	113
N	-31.769	-8.791	14.975	114
CA	-32.271	-7.725	15.82	114
C	-32.451	-6.468	14.981	114
N	-33.626	-5.867	15.099	115
CA	-34.0	-4.632	14.433	115
C	-33.785	-3.474	15.404	115
N	-33.153	-2.412	14.912	116
CA	-32.913	-1.188	15.66	116
C	-33.578	-0.021	14.944	116
N	-34.555	0.595	15.609	117
CA	-35.201	1.821	15.161	117
C	-34.571	2.956	15.952	117
N	-33.877	3.851	15.257	118
CA	-33.013	4.859	15.856	118
C	-33.715	6.202	15.875	118
N	-33.735	6.841	17.038	119
CA	-34.422	8.111	17.232	119
C	-33.509	9.091	17.96	119
N	-33.667	10.384	17.668	120
CA	-32.899	11.417	18.363	120
C	-33.806	12.406	19.089	120
N	-33.296	12.883	20.226	121
CA	-34.027	13.768	21.128	121
C	-34.156	15.155	20.513	121
N	-35.399	15.586	20.269	122
CA	-35.61	16.817	19.511	122
C	-35.138	18.048	20.257	122
N	-34.941	17.968	21.579	123
CA	-34.455	19.131	22.3	123
C	-33.071	19.555	21.829	123
N	-32.327	18.684	21.14	124
CA	-30.979	18.996	20.685	124
C	-30.917	19.386	19.218	124
N	-32.045	19.482	18.538	125
CA	-32.091	20.13	17.23	125
C	-31.749	19.277	16.034	125
N	-30.623	18.525	16.106	126
CA	-30.113	17.667	15.025	126
C	-29.414	16.426	15.592	126
N	-29.443	15.339	14.803	127
CA	-28.815	14.103	15.23	127
C	-27.381	14.347	15.686	127
N	-26.634	15.18	14.954	128
CA	-25.237	15.389	15.296	128
C	-25.035	16.012	16.662	128
N	-25.888	16.964	17.035	129
CA	-25.797	17.49	18.393	129
C	-26.292	16.469	19.403	129
N	-27.326	15.71	19.047	130
CA	-27.854	14.726	19.979	130
C	-26.784	13.73	20.421	130
N	-25.859	13.357	19.526	131
CA	-24.808	12.397	19.874	131
C	-23.642	13.028	20.631	131
N	-23.844	14.244	21.116	132
CA	-22.968	14.857	22.101	132
C	-23.64	14.94	23.463	132
N	-24.75	14.219	23.654	133
CA	-25.541	14.315	24.865	133
C	-25.779	12.947	25.481	133
N	-25.801	12.859	26.821	134
CA	-26.057	11.556	27.458	134
C	-27.418	10.962	27.117	134
N	-28.41	11.811	26.866	135
CA	-29.773	11.408	26.557	135
C	-30.132	11.829	25.141	135
N	-29.157	11.739	24.239	136
CA	-29.407	12.187	22.887	136
C	-30.203	11.247	22.01	136
N	-30.125	9.948	22.245	137
CA	-30.725	8.971	21.34	137
C	-31.586	7.989	22.122	137
N	-32.571	7.422	21.418	138
CA	-33.321	6.283	21.926	138
C	-33.39	5.276	20.801	138
N	-32.989	4.043	21.082	139
CA	-33.065	2.973	20.108	139
C	-34.056	1.941	20.614	139
N	-35.057	1.667	19.771	140
CA	-36.048	0.627	20.011	140
C	-35.534	-0.634	19.33	140
N	-35.24	-1.653	20.133	141
CA	-34.704	-2.905	19.651	141
C	-35.766	-3.995	19.681	141
N	-35.808	-4.79	18.607	142
CA	-36.825	-5.823	18.421	142
C	-36.107	-7.069	17.935	142
N	-36.284	-8.169	18.642	143
CA	-35.677	-9.425	18.247	143
C	-36.454	-10.073	17.104	143
N	-35.726	-10.804	16.264	144
CA	-36.295	-11.611	15.194	144
C	-35.969	-13.073	15.438	144
N	-36.997	-13.916	15.365	145
CA	-36.84	-15.359	15.36	145
C	-37.406	-15.893	14.051	145
N	-36.926	-17.053	13.637	146
CA	-37.3	-17.647	12.359	146
C	-38.492	-18.56	12.573	146
N	-39.56	-18.277	11.835	147
CA	-40.783	-19.054	11.875	147
C	-41.651	-18.632	10.711	147
N	-42.828	-18.091	11.01	148
CA	-43.688	-17.561	9.965	148
C	-43.099	-16.277	9.383	148
N	-43.47	-15.989	8.137	149
CA	-43.041	-14.76	7.496	149
C	-43.687	-13.534	8.144	149
N	-42.956	-12.418	8.104	150
CA	-43.447	-11.136	8.573	150
C	-43.881	-10.355	7.345	150
N	-45.181	-10.193	7.096	151
CA	-45.588	-9.542	5.839	151
C	-45.024	-8.141	5.675	151
N	-44.956	-7.369	6.756	152
CA	-44.477	-6.003	6.687	152
C	-42.984	-5.867	6.454	152
N	-42.243	-6.977	6.477	153
CA	-40.831	-6.986	6.133	153
C	-40.589	-7.261	4.652	153
N	-41.572	-7.8	3.938	154
CA	-41.271	-8.319	2.606	154
C	-40.828	-7.221	1.642	154
N	-41.376	-6.006	1.75	155
CA	-40.937	-4.922	0.872	155
C	-39.455	-4.626	1.039	155
N	-38.961	-4.72	2.274	156
CA	-37.529	-4.563	2.52	156
C	-36.754	-5.678	1.834	156
N	-37.169	-6.922	2.066	157
CA	-36.485	-8.07	1.495	157
C	-36.381	-7.935	-0.016	157
N	-37.464	-7.52	-0.653	158
CA	-37.486	-7.551	-2.108	158
C	-36.652	-6.46	-2.757	158
N	-36.246	-5.427	-2.015	159
CA	-35.414	-4.382	-2.585	159
C	-33.933	-4.688	-2.398	159
N	-33.585	-5.699	-1.591	160
CA	-32.182	-5.908	-1.264	160
C	-31.347	-6.259	-2.489	160
N	-31.943	-6.913	-3.494	161
CA	-31.206	-7.254	-4.705	161
C	-30.634	-6.02	-5.383	161
N	-31.25	-4.85	-5.178	162
CA	-30.83	-3.623	-5.837	162
C	-29.796	-2.843	-5.045	162
N	-29.475	-3.279	-3.824	163
CA	-28.452	-2.622	-3.011	163
C	-27.453	-3.66	-2.512	163
N	-27.016	-4.543	-3.402	164
CA	-26.251	-5.701	-2.947	164
C	-24.924	-5.31	-2.323	164
N	-24.294	-4.256	-2.832	165
CA	-22.932	-3.913	-2.466	165
C	-22.847	-2.538	-1.806	165
N	-21.767	-2.384	-1.056	166
CA	-21.493	-1.182	-0.293	166
C	-21.589	0.049	-1.171	166
N	-22.319	1.057	-0.694	167
CA	-22.47	2.305	-1.395	167
C	-23.673	2.391	-2.302	167
N	-24.364	1.289	-2.533	168
CA	-25.575	1.322	-3.336	168
C	-26.769	1.742	-2.489	168
N	-27.646	2.543	-3.09	169
CA	-28.89	2.973	-2.466	169
C	-30.038	2.863	-3.466	169
N	-31.26	2.885	-2.942	170
CA	-32.449	2.846	-3.771	170
C	-33.547	3.654	-3.103	170
N	-34.422	4.224	-3.912	171
CA	-35.614	4.855	-3.37	171
C	-36.356	3.851	-2.501	171
N	-36.887	4.329	-1.382	172
CA	-37.653	3.456	-0.5	172
C	-38.74	4.264	0.196	172
N	-39.521	4.973	-0.605	173
CA	-40.621	5.77	-0.122	173
C	-41.834	4.907	0.221	173
N	-42.689	5.482	1.064	174
CA	-43.978	4.898	1.416	174
C	-43.849	3.544	2.096	174
N	-42.82	3.378	2.926	175
CA	-42.707	2.181	3.74	175
C	-43.207	2.486	5.145	175
N	-44.063	1.607	5.68	176
CA	-44.672	1.808	6.985	176
C	-43.957	0.965	8.04	176
N	-43.167	1.562	8.937	177
CA	-42.426	0.75	9.918	177
C	-43.327	0.123	10.958	177
N	-44.612	0.508	11.028	178
CA	-45.522	-0.153	11.962	178
C	-45.635	-1.633	11.681	178
N	-45.407	-2.046	10.423	179
CA	-45.465	-3.437	10.057	179
C	-44.329	-4.289	10.578	179
N	-43.354	-3.69	11.272	180
CA	-42.22	-4.426	11.831	180
C	-42.358	-4.689	13.325	180
N	-43.407	-4.211	13.953	181
CA	-43.573	-4.328	15.391	181
C	-44.254	-5.649	15.756	181
N	-44.025	-6.137	16.98	182
CA	-44.825	-7.229	17.536	182
C	-46.111	-6.661	18.133	182
N	-46.961	-7.547	18.648	183
CA	-48.218	-7.116	19.255	183
C	-47.985	-6.338	20.542	183
N	-47.129	-6.862	21.419	184
CA	-46.919	-6.289	22.74	184
C	-45.787	-5.279	22.746	184
N	-45.96	-4.211	23.517	185
CA	-44.903	-3.248	23.771	185
C	-44.228	-3.447	25.132	185
N	-44.384	-4.6	25.776	186
CA	-43.591	-4.858	26.98	186
C	-42.11	-4.734	26.631	186
N	-41.316	-4.141	27.532	187
CA	-39.923	-3.879	27.206	187
C	-39.039	-3.879	28.448	187
N	-37.75	-3.988	28.176	188
CA	-36.676	-3.711	29.114	188
C	-35.95	-2.445	28.679	188
N	-35.404	-1.689	29.63	189
CA	-34.695	-0.47	29.293	189
C	-33.469	-0.298	30.165	189
N	-32.443	0.311	29.58	190
CA	-31.205	0.602	30.291	190
C	-30.436	1.651	29.501	190
N	-29.485	2.359	30.155	191
CA	-28.651	3.343	29.451	191
C	-27.447	2.663	28.813	191
N	-27.182	2.959	27.549	192
CA	-26.058	2.358	26.846	192
C	-25.515	3.219	25.75	192
N	-25.087	2.55	24.684	193
CA	-24.269	3.167	23.66	193
C	-24.732	2.727	22.27	193
N	-24.179	3.393	21.255	194
CA	-24.179	2.818	19.908	194
C	-23.431	1.49	19.948	194
N	-23.871	0.52	19.142	195
CA	-23.222	-0.786	19.104	195
C	-22.215	-0.925	17.976	195
N	-22.024	0.118	17.192	196
CA	-20.952	0.185	16.211	196
C	-20.132	1.427	16.494	196
N	-18.871	1.455	16.042	197
CA	-18.136	2.715	16.038	197
C	-19.02	3.834	15.481	197
N	-19.006	5.018	16.113	198
CA	-18.088	5.466	17.179	198
C	-18.442	5.069	18.629	198
N	-19.45	4.214	18.838	199
CA	-19.687	3.586	20.155	199
C	-20.07	4.609	21.229	199
N	-20.677	5.718	20.807	200
CA	-20.949	6.837	21.683	200
C	-22.023	6.488	22.709	200
N	-21.814	6.967	23.935	201
CA	-22.631	6.593	25.091	201
C	-23.779	7.588	25.269	201
N	-24.728	7.524	24.301	202
CA	-25.795	8.513	24.159	202
C	-27.182	7.904	24.217	202
N	-27.286	6.589	24.347	203
CA	-28.504	5.87	23.996	203
C	-29.277	5.425	25.22	203
N	-30.579	5.713	25.224	204
CA	-31.533	4.989	26.063	204
C	-32.054	3.824	25.231	204
N	-31.736	2.608	25.655	205
CA	-32.175	1.404	24.969	205
C	-33.529	0.99	25.482	205
N	-34.418	0.642	24.556	206
CA	-35.735	0.102	24.849	206
C	-35.842	-1.165	24.014	206
N	-35.772	-2.323	24.658	207
CA	-35.708	-3.608	23.976	207
C	-37.025	-4.332	24.241	207
N	-37.792	-4.592	23.182	208
CA	-39.075	-5.26	23.348	208
C	-38.883	-6.728	23.731	208
N	-39.737	-7.198	24.641	209
CA	-39.674	-8.585	25.073	209
C	-40.179	-9.559	24.012	209
N	-41.244	-9.213	23.3	210
CA	-41.804	-10.135	22.324	210
C	-41.024	-10.039	21.021	210
N	-40.497	-11.146	20.493	211
CA	-39.847	-11.097	19.18	211
C	-40.9	-11.003	18.097	211
N	-40.453	-10.623	16.908	212
CA	-41.223	-10.831	15.691	212
C	-40.73	-12.106	15.046	212
N	-41.617	-12.784	14.327	213
CA	-41.246	-13.931	13.517	213
C	-41.053	-13.484	12.078	213
N	-39.967	-13.958	11.47	214
CA	-39.693	-13.772	10.054	214
C	-39.433	-15.155	9.468	214
N	-39.602	-15.291	8.154	215
CA	-39.384	-16.62	7.61	215
C	-37.907	-16.862	7.31	215
N	-37.555	-18.144	7.194	216
CA	-36.191	-18.502	6.82	216
C	-35.81	-17.87	5.488	216
N	-36.758	-17.791	4.556	217
CA	-36.464	-17.182	3.26	217
C	-36.157	-15.696	3.4	217
N	-36.874	-15.001	4.283	218
CA	-36.611	-13.581	4.496	218
C	-35.196	-13.347	5.027	218
N	-34.793	-14.064	6.082	219
CA	-33.454	-13.844	6.62	219
C	-32.371	-14.331	5.652	219
N	-32.642	-15.391	4.885	220
CA	-31.671	-15.845	3.897	220
C	-31.358	-14.745	2.897	220
N	-32.335	-13.893	2.584	221
CA	-32.071	-12.796	1.667	221
C	-31.223	-11.707	2.294	221
N	-31.355	-11.461	3.605	222
CA	-30.411	-10.568	4.276	222
C	-28.984	-11.062	4.053	222
N	-28.782	-12.38	4.14	223
CA	-27.46	-12.987	4.102	223
C	-26.855	-13.025	2.702	223
N	-27.589	-12.599	1.68	224
CA	-27.058	-12.486	0.319	224
C	-26.478	-11.109	0.03	224
N	-26.674	-10.144	0.918	225
CA	-26.026	-8.858	0.792	225
C	-24.512	-9.022	0.891	225
N	-23.794	-7.979	0.487	226
CA	-22.336	-7.98	0.492	226
C	-21.798	-6.823	1.335	226
N	-20.737	-7.107	2.106	227
CA	-19.984	-6.043	2.782	227
C	-19.155	-5.23	1.791	227
N	-18.672	-5.873	0.732	228
CA	-17.779	-5.276	-0.247	228
C	-18.542	-4.392	-1.221	228
N	-17.775	-3.54	-1.908	229
CA	-18.287	-2.746	-3.001	229
C	-18.344	-3.519	-4.315	229
N	-19.045	-2.927	-5.282	230
CA	-19.162	-3.514	-6.609	230
C	-17.778	-3.707	-7.223	230
N	-17.579	-4.836	-7.884	231
CA	-16.31	-5.101	-8.524	231
C	-15.232	-5.631	-7.609	231
N	-15.519	-5.826	-6.328	232
CA	-14.557	-6.354	-5.375	232
C	-14.939	-7.777	-4.989	232
N	-14.004	-8.535	-4.412	233
CA	-14.306	-9.926	-4.052	233
C	-15.484	-10.004	-3.095	233
N	-16.346	-10.986	-3.319	234
CA	-17.587	-11.062	-2.558	234
C	-17.332	-11.5	-1.122	234
N	-17.842	-10.71	-0.178	235
CA	-17.819	-11.038	1.241	235
C	-19.251	-10.913	1.73	235
N	-19.873	-12.042	2.043	236
CA	-21.272	-12.005	2.43	236
C	-21.465	-11.208	3.715	236
N	-22.507	-10.374	3.718	237
CA	-22.872	-9.555	4.875	237
C	-23.644	-10.439	5.841	237
N	-22.893	-11.033	6.77	238
CA	-23.408	-11.901	7.823	238
C	-22.603	-11.628	9.087	238
N	-23.223	-11.928	10.23	239
CA	-22.567	-11.814	11.523	239
C	-22.098	-10.389	11.797	239
N	-22.967	-9.437	11.48	240
CA	-22.713	-8.016	11.709	240
C	-23.289	-7.556	13.048	240
N	-22.966	-8.318	14.095	241
CA	-23.407	-8.064	15.464	241
C	-22.215	-7.968	16.399	241
N	-22.319	-7.074	17.366	242
CA	-21.374	-6.953	18.473	242
C	-21.845	-7.841	19.614	242
N	-20.954	-8.604	20.247	243
CA	-21.372	-9.4	21.404	243
C	-21.707	-8.525	22.615	243
N	-22.352	-9.165	23.594	244
CA	-22.703	-8.496	24.839	244
C	-21.463	-7.979	25.565	244
N	-21.6	-6.793	26.132	245
CA	-20.565	-6.067	26.848	245
C	-20.863	-6.019	28.338	245
N	-19.86	-5.699	29.16	246
CA	-20.074	-5.723	30.614	246
C	-21.146	-4.744	31.065	246
N	-22.001	-5.21	31.975	247
CA	-23.086	-4.372	32.482	247
C	-22.567	-3.229	33.363	247
N	-21.457	-3.439	34.069	248
CA	-20.896	-2.404	34.93	248
C	-21.965	-1.9	35.903	248
N	-21.977	-0.597	36.177	249
CA	-22.841	0.009	37.187	249
C	-24.181	0.434	36.586	249
N	-24.922	-0.579	36.106	250
CA	-26.234	-0.4	35.498	250
C	-27.239	-1.419	36.023	250
N	-28.499	-1.036	35.896	251
CA	-29.663	-1.851	36.178	251
C	-30.558	-1.826	34.948	251
N	-31.107	-2.975	34.626	252
CA	-32.114	-3.101	33.581	252
C	-33.482	-3.065	34.254	252
N	-34.345	-2.196	33.756	253
CA	-35.693	-2.044	34.275	253
C	-36.688	-2.642	33.297	253
N	-37.745	-3.223	33.829	254
CA	-38.824	-3.823	33.059	254
C	-40.078	-2.968	33.141	254
N	-40.802	-2.906	32.031	255
CA	-42.044	-2.137	31.983	255
C	-43.238	-2.923	32.486	255
N	-43.052	-4.207	32.786	256
CA	-44.131	-5.158	33.023	256
C	-43.836	-5.946	34.294	256
N	-44.874	-6.142	35.119	257
CA	-44.752	-6.718	36.451	257
C	-44.49	-8.21	36.35	257
