ATOM	X	Y	Z	RESIDUE
N	-15.901	13.961	7.449	1
CA	-15.085	12.757	7.209	1
C	-13.611	12.979	7.508	1
N	-13.006	14.115	7.135	2
CA	-11.605	14.365	7.479	2
C	-11.376	14.594	8.988	2
N	-10.187	14.228	9.482	3
CA	-9.732	14.395	10.872	3
C	-10.688	13.784	11.924	3
N	-11.093	12.532	11.695	4
CA	-11.972	11.752	12.584	4
C	-11.156	10.632	13.231	4
N	-11.162	10.5	14.553	5
CA	-10.573	9.347	15.24	5
C	-11.393	8.078	14.998	5
N	-10.73	6.952	14.733	6
CA	-11.365	5.636	14.647	6
C	-11.054	4.849	15.912	6
N	-12.074	4.231	16.497	7
CA	-11.951	3.444	17.72	7
C	-12.629	2.099	17.5	7
N	-11.863	1.015	17.518	8
CA	-12.4	-0.34	17.424	8
C	-12.731	-0.838	18.828	8
N	-13.974	-1.26	19.047	9
CA	-14.454	-1.733	20.346	9
C	-15.287	-3.002	20.163	9
N	-15.201	-3.932	21.12	10
CA	-16.011	-5.155	21.113	10
C	-17.517	-4.85	21.211	10
N	-17.872	-3.765	21.902	11
CA	-19.212	-3.187	21.909	11
C	-19.095	-1.676	22.049	11
N	-19.84	-0.926	21.242	12
CA	-19.949	0.519	21.388	12
C	-20.838	0.92	22.583	12
N	-21.55	-0.026	23.204	13
CA	-22.545	0.229	24.249	13
C	-23.843	0.851	23.725	13
N	-24.777	1.1	24.636	14
CA	-26.108	1.632	24.335	14
C	-26.092	3.163	24.231	14
N	-26.845	3.721	23.28	15
CA	-26.969	5.171	23.091	15
C	-28.128	5.503	22.15	15
N	-28.926	6.524	22.484	16
CA	-29.971	7.046	21.59	16
C	-29.322	7.536	20.273	16
N	-29.84	7.147	19.089	17
CA	-29.362	7.631	17.793	17
C	-29.203	9.151	17.682	17
N	-30.048	9.924	18.369	18
CA	-29.961	11.383	18.38	18
C	-28.682	11.882	19.072	18
N	-28.212	11.164	20.096	19
CA	-26.972	11.458	20.819	19
C	-25.748	10.888	20.106	19
N	-25.85	9.658	19.59	20
CA	-24.779	8.998	18.842	20
C	-25.323	8.398	17.546	20
N	-25.205	9.128	16.423	21
CA	-25.669	8.629	15.145	21
C	-25.028	7.293	14.759	21
N	-25.827	6.42	14.154	22
CA	-25.529	5.013	13.924	22
C	-25.658	4.645	12.443	22
N	-24.719	3.837	11.963	23
CA	-24.813	3.152	10.681	23
C	-24.61	1.647	10.891	23
N	-25.599	0.833	10.52	24
CA	-25.451	-0.622	10.431	24
C	-25.138	-1.015	8.986	24
N	-24.081	-1.796	8.781	25
CA	-23.607	-2.224	7.463	25
C	-23.398	-3.727	7.437	25
N	-23.814	-4.387	6.366	26
CA	-23.536	-5.804	6.16	26
C	-24.183	-6.322	4.889	26
N	-23.907	-7.57	4.526	27
CA	-24.697	-8.239	3.493	27
C	-26.119	-8.476	4.022	27
N	-27.14	-8.366	3.165	28
CA	-28.543	-8.389	3.607	28
C	-28.897	-9.64	4.43	28
N	-28.416	-10.811	4.014	29
CA	-28.668	-12.055	4.74	29
C	-27.934	-12.131	6.092	29
N	-26.815	-11.419	6.262	30
CA	-26.146	-11.262	7.555	30
C	-26.896	-10.28	8.458	30
N	-27.416	-9.18	7.902	31
CA	-28.225	-8.208	8.647	31
C	-29.48	-8.851	9.261	31
N	-30.146	-9.76	8.539	32
CA	-31.273	-10.538	9.076	32
C	-30.903	-11.474	10.239	32
N	-29.619	-11.811	10.419	33
CA	-29.141	-12.648	11.534	33
C	-28.829	-11.843	12.796	33
N	-28.861	-10.511	12.736	34
CA	-28.604	-9.666	13.905	34
C	-29.842	-9.673	14.808	34
N	-29.755	-10.198	16.043	35
CA	-30.903	-10.243	16.932	35
C	-31.257	-8.832	17.406	35
N	-32.556	-8.547	17.541	36
CA	-33.023	-7.253	18.048	36
C	-32.408	-6.91	19.412	36
N	-32.183	-7.908	20.273	37
CA	-31.529	-7.736	21.576	37
C	-30.139	-7.092	21.505	37
N	-29.405	-7.266	20.401	38
CA	-28.08	-6.677	20.199	38
C	-28.146	-5.208	19.746	38
N	-29.138	-4.851	18.923	39
CA	-29.246	-3.502	18.332	39
C	-30.194	-2.575	19.089	39
N	-31.142	-3.11	19.874	40
CA	-32.186	-2.326	20.558	40
C	-31.619	-1.203	21.419	40
N	-30.532	-1.449	22.149	41
CA	-29.929	-0.454	23.039	41
C	-29.28	0.723	22.301	41
N	-29.01	0.565	20.999	42
CA	-28.476	1.609	20.112	42
C	-29.555	2.304	19.273	42
N	-30.806	1.855	19.376	43
CA	-31.904	2.219	18.476	43
C	-33.15	2.717	19.226	43
N	-33.421	2.189	20.419	44
CA	-34.523	2.623	21.268	44
C	-34.23	3.975	21.944	44
N	-35.277	4.766	22.244	45
CA	-36.697	4.512	21.957	45
C	-37.127	4.916	20.531	45
N	-36.194	5.333	19.662	46
CA	-36.497	5.954	18.356	46
C	-36.977	4.975	17.296	46
N	-36.47	3.752	17.345	47
CA	-36.755	2.687	16.385	47
C	-37.296	1.496	17.164	47
N	-38.427	0.956	16.715	48
CA	-39.025	-0.256	17.286	48
C	-38.538	-1.5	16.545	48
N	-38.788	-2.678	17.116	49
CA	-38.426	-3.946	16.479	49
C	-39.166	-4.135	15.148	49
N	-40.434	-3.728	15.083	50
CA	-41.249	-3.808	13.871	50
C	-40.672	-2.926	12.761	50
N	-40.214	-1.714	13.103	51
CA	-39.584	-0.81	12.142	51
C	-38.236	-1.356	11.656	51
N	-37.445	-1.966	12.544	52
CA	-36.201	-2.644	12.172	52
C	-36.452	-3.777	11.169	52
N	-37.407	-4.665	11.454	53
CA	-37.745	-5.775	10.559	53
C	-38.332	-5.293	9.226	53
N	-39.175	-4.256	9.256	54
CA	-39.705	-3.632	8.049	54
C	-38.578	-3.035	7.193	54
N	-37.642	-2.301	7.803	55
CA	-36.503	-1.721	7.099	55
C	-35.657	-2.798	6.408	55
N	-35.32	-3.889	7.107	56
CA	-34.596	-5.01	6.501	56
C	-35.358	-5.63	5.324	56
N	-36.675	-5.791	5.458	57
CA	-37.527	-6.377	4.414	57
C	-37.661	-5.492	3.167	57
N	-37.417	-4.181	3.287	58
CA	-37.444	-3.249	2.144	58
C	-36.139	-3.198	1.354	58
N	-35.014	-3.606	1.952	59
CA	-33.705	-3.528	1.307	59
C	-33.616	-4.505	0.13	59
N	-33.208	-4.0	-1.033	60
CA	-32.995	-4.796	-2.239	60
C	-31.676	-4.395	-2.936	60
N	-30.51	-4.812	-2.398	61
CA	-29.201	-4.348	-2.859	61
C	-28.903	-4.729	-4.317	61
N	-28.763	-3.713	-5.179	62
CA	-28.289	-3.858	-6.559	62
C	-27.427	-2.652	-7.018	62
N	-26.105	-2.642	-6.764	63
CA	-25.367	-3.61	-5.956	63
C	-25.461	-3.312	-4.452	63
N	-25.872	-2.111	-4.053	64
CA	-26.029	-1.71	-2.646	64
C	-27.369	-1.029	-2.453	64
N	-27.889	-1.039	-1.233	65
CA	-29.108	-0.311	-0.873	65
C	-29.018	0.211	0.567	65
N	-29.84	1.187	0.94	66
CA	-29.88	1.708	2.307	66
C	-31.262	2.205	2.696	66
N	-31.646	1.961	3.946	67
CA	-32.909	2.387	4.525	67
C	-32.642	3.238	5.784	67
N	-33.105	4.501	5.837	68
CA	-33.078	5.291	7.063	68
C	-33.987	4.661	8.124	68
N	-33.451	4.43	9.321	69
CA	-34.212	3.919	10.465	69
C	-34.807	5.06	11.295	69
N	-34.071	6.165	11.432	70
CA	-34.543	7.352	12.137	70
C	-33.88	8.612	11.583	70
N	-34.671	9.411	10.855	71
CA	-34.259	10.68	10.247	71
C	-32.897	10.544	9.537	71
N	-31.95	11.427	9.858	72
CA	-30.548	11.321	9.474	72
C	-29.68	11.096	10.723	72
N	-30.087	10.146	11.57	73
CA	-29.384	9.754	12.796	73
C	-29.141	8.247	12.88	73
N	-30.017	7.413	12.319	74
CA	-29.786	5.975	12.206	74
C	-30.113	5.482	10.797	74
N	-29.208	4.699	10.214	75
CA	-29.352	4.121	8.87	75
C	-28.888	2.669	8.878	75
N	-29.586	1.799	8.151	76
CA	-29.097	0.464	7.782	76
C	-28.76	0.446	6.296	76
N	-27.647	-0.175	5.92	77
CA	-27.224	-0.267	4.532	77
C	-26.707	-1.667	4.183	77
N	-27.182	-2.175	3.05	78
CA	-26.884	-3.496	2.533	78
C	-25.766	-3.449	1.482	78
N	-24.776	-4.315	1.678	79
CA	-23.72	-4.632	0.72	79
C	-24.232	-5.575	-0.386	79
N	-23.481	-5.731	-1.494	80
CA	-23.845	-6.67	-2.548	80
C	-23.961	-8.097	-2.016	80
N	-25.054	-8.783	-2.357	81
CA	-25.286	-10.169	-1.933	81
C	-24.331	-11.178	-2.584	81
N	-23.711	-10.811	-3.71	82
CA	-22.748	-11.637	-4.441	82
C	-21.658	-10.747	-5.005	82
N	-20.441	-11.268	-5.025	83
CA	-19.288	-10.615	-5.642	83
C	-18.698	-11.511	-6.729	83
N	-18.066	-10.906	-7.733	84
CA	-17.348	-11.646	-8.773	84
C	-16.03	-12.22	-8.237	84
N	-15.473	-13.226	-8.929	85
CA	-14.271	-13.969	-8.494	85
C	-13.03	-13.107	-8.218	85
N	-12.929	-11.939	-8.855	86
CA	-11.802	-11.005	-8.715	86
C	-12.06	-9.885	-7.706	86
N	-13.188	-9.919	-7.003	87
CA	-13.491	-8.983	-5.932	87
C	-13.297	-9.661	-4.563	87
N	-13.158	-8.843	-3.523	88
CA	-13.119	-9.307	-2.138	88
C	-14.515	-9.781	-1.709	88
N	-14.645	-10.931	-1.014	89
CA	-15.905	-11.374	-0.4	89
C	-16.564	-10.298	0.478	89
N	-15.744	-9.523	1.2	90
CA	-16.186	-8.39	2.029	90
C	-16.854	-7.246	1.252	90
N	-16.726	-7.22	-0.081	91
CA	-17.141	-6.102	-0.921	91
C	-16.536	-4.747	-0.468	91
N	-15.284	-4.754	0.014	92
CA	-14.557	-3.628	0.621	92
C	-14.806	-2.242	-0.015	92
N	-14.725	-2.11	-1.343	93
CA	-14.954	-0.817	-2.005	93
C	-16.374	-0.259	-1.79	93
N	-17.379	-1.131	-1.677	94
CA	-18.752	-0.745	-1.365	94
C	-18.91	-0.337	0.101	94
N	-18.162	-0.942	1.033	95
CA	-18.104	-0.492	2.436	95
C	-17.638	0.964	2.487	95
N	-16.494	1.286	1.869	96
CA	-15.987	2.669	1.844	96
C	-17.002	3.635	1.226	96
N	-17.685	3.228	0.146	97
CA	-18.712	4.044	-0.516	97
C	-19.906	4.3	0.403	97
N	-20.492	3.252	0.982	98
CA	-21.656	3.353	1.864	98
C	-21.351	4.17	3.115	98
N	-20.16	4.04	3.693	99
CA	-19.765	4.862	4.846	99
C	-19.668	6.341	4.463	99
N	-19.231	6.663	3.239	100
CA	-19.18	8.052	2.75	100
C	-20.567	8.638	2.478	100
N	-21.538	7.821	2.071	101
CA	-22.877	8.28	1.66	101
C	-23.934	8.17	2.754	101
N	-23.881	7.118	3.566	102
CA	-24.957	6.708	4.468	102
C	-24.629	6.937	5.947	102
N	-23.36	7.184	6.315	103
CA	-23.001	7.461	7.709	103
C	-23.557	8.824	8.126	103
N	-24.465	8.871	9.112	104
CA	-25.053	10.135	9.504	104
C	-24.018	11.117	10.092	104
N	-24.262	12.437	10.019	105
CA	-23.354	13.44	10.562	105
C	-23.405	13.476	12.097	105
N	-22.286	13.824	12.733	106
CA	-22.183	13.936	14.191	106
C	-20.735	14.08	14.654	106
N	-20.542	14.464	15.918	107
CA	-19.223	14.503	16.552	107
C	-18.772	13.094	16.965	107
N	-19.65	12.354	17.644	108
CA	-19.447	10.969	18.063	108
C	-20.436	10.085	17.319	108
N	-19.941	9.137	16.528	109
CA	-20.768	8.277	15.669	109
C	-20.412	6.818	15.892	109
N	-21.322	5.924	15.548	110
CA	-21.129	4.489	15.651	110
C	-21.339	3.825	14.287	110
N	-20.477	2.868	13.961	111
CA	-20.673	1.933	12.859	111
C	-20.73	0.535	13.456	111
N	-21.795	-0.202	13.154	112
CA	-21.886	-1.639	13.423	112
C	-21.687	-2.359	12.096	112
N	-20.534	-3.003	11.948	113
CA	-20.188	-3.804	10.781	113
C	-20.569	-5.262	11.039	113
N	-21.466	-5.789	10.216	114
CA	-22.017	-7.14	10.3	114
C	-21.38	-7.982	9.202	114
N	-20.491	-8.892	9.585	115
CA	-19.73	-9.717	8.648	115
C	-19.286	-11.035	9.285	115
N	-18.751	-11.943	8.476	116
CA	-18.081	-13.139	8.995	116
C	-16.65	-12.802	9.436	116
N	-16.07	-13.639	10.3	117
CA	-14.725	-13.431	10.848	117
C	-13.643	-13.206	9.761	117
N	-13.607	-13.954	8.635	118
CA	-12.589	-13.746	7.598	118
C	-12.668	-12.38	6.895	118
N	-13.796	-11.671	7.004	119
CA	-14.032	-10.385	6.338	119
C	-13.68	-9.175	7.216	119
N	-13.388	-9.392	8.504	120
CA	-13.168	-8.332	9.503	120
C	-12.012	-7.416	9.103	120
N	-10.875	-7.994	8.7	121
CA	-9.681	-7.231	8.327	121
C	-9.938	-6.319	7.118	121
N	-10.468	-6.878	6.022	122
CA	-10.807	-6.105	4.827	122
C	-11.828	-5.001	5.119	122
N	-12.84	-5.311	5.929	123
CA	-13.887	-4.364	6.306	123
C	-13.335	-3.2	7.13	123
N	-12.442	-3.466	8.086	124
CA	-11.777	-2.426	8.869	124
C	-10.904	-1.521	7.988	124
N	-10.079	-2.111	7.119	125
CA	-9.263	-1.356	6.172	125
C	-10.133	-0.519	5.221	125
N	-11.276	-1.033	4.763	126
CA	-12.229	-0.289	3.942	126
C	-12.888	0.88	4.693	126
N	-13.246	0.679	5.965	127
CA	-13.766	1.728	6.844	127
C	-12.745	2.856	7.005	127
N	-11.468	2.522	7.212	128
CA	-10.384	3.491	7.37	128
C	-10.316	4.507	6.214	128
N	-10.519	4.032	4.978	129
CA	-10.478	4.836	3.738	129
C	-11.601	5.859	3.633	129
N	-12.659	5.721	4.429	130
CA	-13.726	6.711	4.485	130
C	-13.348	7.947	5.326	130
N	-12.28	7.886	6.132	131
CA	-11.916	8.918	7.11	131
C	-10.484	9.445	6.91	131
N	-10.228	10.243	5.856	132
CA	-8.892	10.774	5.582	132
C	-8.385	11.659	6.732	132
N	-7.078	11.665	6.986	133
CA	-6.487	12.557	7.993	133
C	-6.237	13.961	7.428	133
N	-5.773	14.059	6.179	134
CA	-5.357	15.328	5.586	134
C	-6.536	16.259	5.242	134
N	-6.47	17.514	5.696	135
CA	-7.392	18.587	5.294	135
C	-6.855	19.976	5.646	135
N	-6.845	20.889	4.67	136
CA	-6.64	22.337	4.88	136
C	-7.924	23.167	4.775	136
N	-9.097	22.526	4.838	137
CA	-10.369	23.263	4.84	137
C	-10.451	24.16	6.079	137
N	-10.644	25.464	5.884	138
CA	-10.718	26.476	6.956	138
C	-11.723	26.139	8.069	138
N	-12.864	25.534	7.72	139
CA	-13.867	25.085	8.692	139
C	-13.424	23.924	9.596	139
N	-12.358	23.196	9.247	140
CA	-11.777	22.163	10.104	140
C	-10.971	22.787	11.253	140
N	-10.193	23.842	10.981	141
CA	-9.402	24.547	12.003	141
C	-10.262	25.264	13.048	141
N	-11.497	25.653	12.699	142
CA	-12.432	26.315	13.629	142
C	-13.115	25.353	14.608	142
N	-13.047	24.039	14.375	143
CA	-13.706	23.031	15.217	143
C	-12.689	22.437	16.186	143
N	-12.798	22.817	17.458	144
CA	-11.962	22.29	18.544	144
C	-12.327	20.845	18.918	144
N	-13.588	20.455	18.724	145
CA	-14.07	19.127	19.101	145
C	-13.483	18.022	18.216	145
N	-12.828	17.054	18.868	146
CA	-12.353	15.825	18.231	146
C	-13.55	14.968	17.84	146
N	-13.685	14.698	16.545	147
CA	-14.709	13.783	16.038	147
C	-14.232	12.352	16.17	147
N	-15.1	11.458	16.62	148
CA	-14.799	10.031	16.741	148
C	-15.851	9.182	16.039	148
N	-15.413	8.041	15.519	149
CA	-16.277	6.96	15.049	149
C	-15.856	5.701	15.785	149
N	-16.769	5.177	16.591	150
CA	-16.628	3.863	17.207	150
C	-17.085	2.814	16.203	150
N	-16.218	1.855	15.902	151
CA	-16.495	0.716	15.031	151
C	-16.661	-0.515	15.908	151
N	-17.835	-1.117	15.818	152
CA	-18.188	-2.39	16.431	152
C	-18.371	-3.424	15.324	152
N	-17.826	-4.618	15.528	153
CA	-18.022	-5.751	14.632	153
C	-18.999	-6.731	15.272	153
N	-20.084	-7.033	14.564	154
CA	-20.992	-8.116	14.91	154
C	-20.7	-9.301	13.996	154
N	-20.11	-10.347	14.569	155
CA	-19.722	-11.529	13.818	155
C	-20.918	-12.459	13.616	155
N	-21.082	-12.94	12.389	156
CA	-22.031	-14.003	12.036	156
C	-21.272	-15.241	11.558	156
N	-21.964	-16.379	11.48	157
CA	-21.361	-17.651	11.075	157
C	-20.962	-18.509	12.275	157
N	-19.963	-19.375	12.089	158
CA	-19.495	-20.309	13.123	158
C	-18.759	-19.584	14.263	158
N	-17.962	-18.564	13.936	159
CA	-17.189	-17.762	14.895	159
C	-17.903	-16.447	15.253	159
N	-19.122	-16.541	15.792	160
CA	-19.982	-15.385	16.103	160
C	-19.759	-14.765	17.503	160
N	-18.635	-15.089	18.148	161
CA	-18.258	-14.565	19.461	161
C	-17.847	-13.082	19.443	161
N	-17.622	-12.472	20.623	162
CA	-17.09	-11.115	20.704	162
C	-15.684	-11.045	20.095	162
N	-15.382	-9.943	19.406	163
CA	-14.05	-9.721	18.828	163
C	-13.009	-9.557	19.934	163
N	-11.93	-10.332	19.849	164
CA	-10.848	-10.318	20.829	164
C	-10.101	-8.979	20.865	164
N	-9.538	-8.646	22.03	165
CA	-8.782	-7.399	22.229	165
C	-7.556	-7.324	21.31	165
N	-6.862	-8.446	21.102	166
CA	-5.735	-8.585	20.164	166
C	-6.154	-8.218	18.736	166
N	-7.287	-8.754	18.272	167
CA	-7.876	-8.421	16.973	167
C	-8.171	-6.924	16.882	167
N	-8.816	-6.321	17.889	168
CA	-9.112	-4.879	17.888	168
C	-7.841	-4.015	17.811	168
N	-6.759	-4.423	18.481	169
CA	-5.454	-3.757	18.403	169
C	-4.834	-3.879	17.005	169
N	-4.905	-5.063	16.39	170
CA	-4.471	-5.291	15.012	170
C	-5.213	-4.376	14.032	170
N	-6.545	-4.302	14.14	171
CA	-7.363	-3.412	13.312	171
C	-6.981	-1.942	13.514	171
N	-6.776	-1.503	14.758	172
CA	-6.343	-0.138	15.041	172
C	-4.993	0.177	14.369	172
N	-3.993	-0.695	14.516	173
CA	-2.67	-0.492	13.924	173
C	-2.697	-0.54	12.387	173
N	-3.418	-1.497	11.795	174
CA	-3.564	-1.623	10.346	174
C	-4.285	-0.412	9.735	174
N	-5.38	0.036	10.353	175
CA	-6.133	1.201	9.868	175
C	-5.381	2.514	10.065	175
N	-4.602	2.659	11.138	176
CA	-3.677	3.78	11.297	176
C	-2.615	3.783	10.194	176
N	-2.078	2.615	9.823	177
CA	-1.16	2.463	8.691	177
C	-1.783	2.917	7.366	177
N	-2.993	2.439	7.044	178
CA	-3.741	2.838	5.83	178
C	-3.946	4.353	5.796	178
N	-4.322	4.943	6.933	179
CA	-4.612	6.378	7.031	179
C	-3.351	7.23	7.035	179
N	-2.247	6.725	7.585	180
CA	-0.923	7.332	7.496	180
C	-0.479	7.412	6.035	180
N	-0.508	6.286	5.318	181
CA	-0.163	6.23	3.901	181
C	-1.035	7.193	3.079	181
N	-2.359	7.138	3.266	182
CA	-3.285	8.031	2.574	182
C	-3.029	9.515	2.888	182
N	-2.67	9.857	4.131	183
CA	-2.366	11.239	4.519	183
C	-1.126	11.759	3.806	183
N	-0.043	10.984	3.779	184
CA	1.205	11.366	3.105	184
C	0.907	11.687	1.636	184
N	0.238	10.768	0.939	185
CA	-0.148	10.897	-0.48	185
C	-1.126	12.06	-0.736	185
N	-2.023	12.351	0.211	186
CA	-2.947	13.486	0.112	186
C	-2.278	14.844	0.384	186
N	-1.135	14.877	1.069	187
CA	-0.454	16.118	1.465	187
C	0.198	16.753	0.227	187
N	0.024	18.062	-0.031	188
CA	0.581	18.706	-1.218	188
C	2.113	18.749	-1.144	188
N	2.793	18.681	-2.288	189
CA	4.253	18.529	-2.356	189
C	5.053	19.704	-1.773	189
N	4.471	20.905	-1.706	190
CA	5.093	22.037	-1.014	190
C	5.143	21.853	0.519	190
N	4.409	20.877	1.062	191
CA	4.457	20.449	2.468	191
C	5.057	19.042	2.615	191
N	4.798	18.146	1.658	192
CA	5.347	16.791	1.585	192
C	6.428	16.717	0.502	192
N	7.635	17.169	0.834	193
CA	8.842	17.047	0.016	193
C	9.734	15.917	0.572	193
N	10.93	15.696	0.017	194
CA	11.806	14.602	0.481	194
C	12.222	14.774	1.945	194
N	12.436	16.008	2.407	195
CA	12.839	16.31	3.785	195
C	11.723	15.965	4.769	195
N	10.498	16.407	4.487	196
CA	9.356	16.109	5.355	196
C	8.919	14.65	5.249	196
N	9.15	13.967	4.122	197
CA	8.98	12.512	4.054	197
C	9.989	11.791	4.969	197
N	11.253	12.234	5.016	198
CA	12.236	11.713	5.975	198
C	11.806	11.962	7.429	198
N	11.149	13.082	7.736	199
CA	10.57	13.322	9.066	199
C	9.47	12.304	9.412	199
N	8.63	11.915	8.448	200
CA	7.627	10.857	8.638	200
C	8.274	9.497	8.921	200
N	9.342	9.157	8.192	201
CA	10.129	7.936	8.421	201
C	10.748	7.96	9.823	201
N	11.366	9.076	10.222	202
CA	11.94	9.251	11.558	202
C	10.888	9.151	12.666	202
N	9.68	9.673	12.439	203
CA	8.583	9.588	13.405	203
C	8.138	8.145	13.629	203
N	7.999	7.363	12.558	204
CA	7.702	5.926	12.659	204
C	8.862	5.184	13.315	204
N	10.104	5.454	12.904	205
CA	11.297	4.883	13.528	205
C	11.331	5.126	15.038	205
N	11.096	6.367	15.481	206
CA	11.019	6.726	16.904	206
C	9.896	6.002	17.652	206
N	8.725	5.82	17.037	207
CA	7.628	5.046	17.644	207
C	8.018	3.575	17.851	207
N	8.8	3.008	16.93	208
CA	9.215	1.602	16.944	208
C	10.56	1.354	17.649	208
N	11.28	2.404	18.054	209
CA	12.641	2.283	18.587	209
C	13.711	1.966	17.532	209
N	13.45	2.257	16.254	210
CA	14.346	1.998	15.118	210
C	14.93	3.324	14.614	210
N	16.258	3.409	14.511	211
CA	16.95	4.56	13.913	211
C	17.079	4.314	12.402	211
N	16.547	5.191	11.529	212
CA	16.693	5.01	10.092	212
C	18.144	5.195	9.638	212
N	18.601	4.349	8.717	213
CA	19.792	4.65	7.906	213
C	19.374	5.557	6.756	213
N	20.086	6.665	6.539	214
CA	19.77	7.655	5.501	214
C	21.034	7.929	4.685	214
N	20.941	7.757	3.367	215
CA	21.969	8.09	2.371	215
C	21.383	9.2	1.506	215
N	22.003	10.38	1.467	216
CA	21.351	11.58	0.914	216
C	22.269	12.394	0.012	216
N	21.672	13.004	-1.008	217
CA	22.31	13.986	-1.891	217
C	23.651	13.51	-2.498	217
N	24.764	14.22	-2.28	218
CA	26.08	13.834	-2.809	218
C	26.595	12.492	-2.241	218
N	26.083	12.011	-1.099	219
CA	26.397	10.654	-0.628	219
C	25.803	9.59	-1.566	219
N	24.589	9.804	-2.096	220
CA	23.993	8.895	-3.086	220
C	24.879	8.794	-4.326	220
N	25.334	9.942	-4.831	221
CA	26.214	10.019	-5.999	221
C	27.535	9.291	-5.769	221
N	28.204	9.573	-4.653	222
CA	29.511	8.974	-4.329	222
C	29.418	7.473	-4.059	222
N	28.286	6.99	-3.529	223
CA	28.014	5.56	-3.308	223
C	27.417	4.831	-4.517	223
N	27.236	5.507	-5.654	224
CA	26.79	4.882	-6.903	224
C	25.277	4.674	-7.035	224
N	24.453	5.353	-6.234	225
CA	22.991	5.385	-6.386	225
C	22.573	6.354	-7.504	225
N	23.059	6.112	-8.726	226
CA	22.861	7.025	-9.851	226
C	21.418	7.105	-10.349	226
N	20.573	6.112	-10.058	227
CA	19.138	6.175	-10.316	227
C	18.466	7.221	-9.428	227
N	18.596	7.087	-8.106	228
CA	18.001	8.007	-7.122	228
C	18.6	9.413	-7.246	228
N	19.933	9.523	-7.283	229
CA	20.608	10.816	-7.431	229
C	20.234	11.49	-8.752	229
N	20.289	10.749	-9.862	230
CA	20.003	11.283	-11.188	230
C	18.599	11.875	-11.295	230
N	17.593	11.191	-10.748	231
CA	16.203	11.673	-10.756	231
C	16.024	12.926	-9.892	231
N	16.638	12.978	-8.705	232
CA	16.378	14.045	-7.732	232
C	17.324	15.249	-7.746	232
N	18.47	15.201	-8.437	233
CA	19.53	16.242	-8.375	233
C	19.117	17.656	-8.826	233
N	17.955	17.815	-9.46	234
CA	17.419	19.121	-9.859	234
C	16.458	19.741	-8.842	234
N	16.009	18.964	-7.86	235
CA	15.065	19.412	-6.855	235
C	15.733	20.313	-5.811	235
N	14.944	21.205	-5.205	236
CA	15.396	22.013	-4.068	236
C	15.655	21.144	-2.829	236
N	14.769	20.176	-2.582	237
CA	14.895	19.213	-1.495	237
C	15.584	17.957	-2.04	237
N	16.805	17.639	-1.581	238
CA	17.632	16.646	-2.246	238
C	17.083	15.222	-2.078	238
N	17.42	14.31	-3.005	239
CA	16.984	12.923	-2.946	239
C	17.656	12.149	-1.807	239
N	17.022	11.058	-1.377	240
CA	17.524	10.186	-0.32	240
C	17.116	8.72	-0.529	240
N	17.997	7.798	-0.15	241
CA	17.619	6.443	0.234	241
C	17.482	6.423	1.758	241
N	16.346	5.966	2.272	242
CA	16.166	5.743	3.704	242
C	15.766	4.295	3.983	242
N	16.215	3.745	5.109	243
CA	15.969	2.35	5.487	243
C	15.595	2.265	6.96	243
N	14.436	1.676	7.248	244
CA	14.077	1.185	8.579	244
C	14.304	-0.328	8.612	244
N	14.998	-0.822	9.635	245
CA	15.35	-2.239	9.77	245
C	14.845	-2.788	11.097	245
N	14.007	-3.816	11.028	246
CA	13.625	-4.66	12.154	246
C	14.372	-5.983	12.027	246
N	15.232	-6.295	12.993	247
CA	16.099	-7.483	12.962	247
C	16.008	-8.234	14.292	247
N	14.919	-8.984	14.529	248
CA	14.703	-9.681	15.788	248
C	15.622	-10.903	15.904	248
N	15.965	-11.271	17.138	249
CA	16.703	-12.505	17.399	249
C	15.895	-13.724	16.925	249
N	16.563	-14.663	16.25	250
CA	15.935	-15.888	15.747	250
C	15.213	-15.75	14.403	250
N	15.282	-14.585	13.745	251
CA	14.823	-14.423	12.367	251
C	15.45	-15.479	11.439	251
N	14.625	-16.083	10.584	252
CA	15.033	-17.15	9.652	252
C	15.032	-16.711	8.195	252
N	14.336	-15.617	7.887	253
CA	14.293	-14.998	6.567	253
C	14.637	-13.514	6.653	253
N	15.147	-12.973	5.549	254
CA	15.317	-11.534	5.364	254
C	14.407	-11.012	4.267	254
N	13.513	-10.098	4.636	255
CA	12.482	-9.556	3.754	255
C	12.732	-8.062	3.574	255
N	12.672	-7.581	2.335	256
CA	12.753	-6.161	2.025	256
C	11.51	-5.683	1.27	256
N	10.895	-4.615	1.771	257
CA	9.855	-3.856	1.088	257
C	10.443	-2.553	0.555	257
N	10.442	-2.379	-0.764	258
CA	11.057	-1.239	-1.452	258
C	9.968	-0.34	-2.034	258
N	9.859	0.891	-1.547	259
CA	8.812	1.82	-1.962	259
C	9.322	2.945	-2.859	259
N	8.671	3.152	-4.014	260
CA	8.859	4.363	-4.836	260
C	8.356	5.582	-4.062	260
N	9.24	6.547	-3.825	261
CA	8.974	7.754	-3.046	261
C	9.161	9.041	-3.838	261
N	8.596	9.124	-5.047	262
CA	8.637	10.366	-5.824	262
C	7.616	11.35	-5.248	262
N	8.082	12.338	-4.485	263
CA	7.194	13.247	-3.73	263
C	6.4	14.186	-4.639	263
N	6.949	14.48	-5.816	264
CA	6.234	15.098	-6.918	264
C	6.907	14.748	-8.24	264
N	6.093	14.412	-9.236	265
CA	6.571	14.038	-10.56	265
C	6.118	15.041	-11.629	265
N	7.053	15.862	-12.113	266
CA	6.799	16.769	-13.246	266
C	6.955	16.078	-14.602	266
N	7.55	14.883	-14.622	267
CA	8.109	14.207	-15.791	267
C	9.505	14.676	-16.193	267
N	10.103	15.606	-15.443	268
CA	11.395	16.197	-15.775	268
C	11.342	16.91	-17.13	268
N	12.374	16.737	-17.958	269
CA	12.435	17.354	-19.292	269
C	11.517	16.686	-20.334	269
N	11.016	15.488	-20.046	270
CA	9.903	14.813	-20.733	270
C	8.572	15.233	-20.097	270
N	8.393	16.548	-19.957	271
CA	7.422	17.174	-19.056	271
C	5.98	16.692	-19.273	271
N	5.279	16.417	-18.17	272
CA	3.852	16.086	-18.183	272
C	3.011	17.264	-18.674	272
N	1.914	16.947	-19.356	273
CA	0.957	17.938	-19.834	273
C	0.063	18.512	-18.729	273
N	-0.67	19.578	-19.075	274
CA	-1.614	20.287	-18.187	274
C	-2.614	19.366	-17.472	274
N	-3.056	18.296	-18.126	275
CA	-4.073	17.374	-17.596	275
C	-3.488	16.197	-16.824	275
N	-2.202	15.884	-17.003	276
CA	-1.558	14.708	-16.394	276
C	-0.646	15.061	-15.223	276
N	-0.188	16.312	-15.116	277
CA	0.635	16.767	-13.99	277
C	-0.15	16.958	-12.673	277
N	-1.383	17.512	-12.657	278
CA	-2.155	17.584	-11.422	278
C	-2.412	16.192	-10.837	278
N	-2.082	16.021	-9.557	279
CA	-2.192	14.737	-8.863	279
C	-0.878	13.965	-8.747	279
N	0.215	14.414	-9.371	280
CA	1.527	13.746	-9.297	280
C	2.232	13.835	-7.938	280
N	1.65	14.544	-6.964	281
CA	1.985	14.358	-5.538	281
C	1.74	12.927	-5.042	281
N	0.908	12.165	-5.764	282
CA	0.553	10.789	-5.412	282
C	1.661	9.797	-5.752	282
N	2.72	10.252	-6.421	283
CA	3.769	9.396	-6.965	283
C	4.748	8.829	-5.907	283
N	4.475	9.136	-4.635	284
CA	5.109	8.563	-3.454	284
C	4.258	7.465	-2.791	284
N	3.179	7.024	-3.451	285
CA	2.219	6.066	-2.903	285
C	2.841	4.746	-2.462	285
N	3.836	4.255	-3.207	286
CA	4.573	3.039	-2.868	286
C	5.328	3.163	-1.545	286
N	6.161	4.198	-1.404	287
CA	6.875	4.497	-0.161	287
C	5.925	4.752	1.018	287
N	4.821	5.468	0.792	288
CA	3.837	5.745	1.834	288
C	3.147	4.46	2.328	288
N	2.816	3.545	1.411	289
CA	2.242	2.245	1.734	289
C	3.232	1.357	2.496	289
N	4.493	1.297	2.053	290
CA	5.564	0.575	2.758	290
C	5.733	1.107	4.183	290
N	5.755	2.43	4.387	291
CA	5.9	3.027	5.721	291
C	4.721	2.673	6.642	291
N	3.493	2.797	6.125	292
CA	2.274	2.467	6.861	292
C	2.174	0.982	7.216	292
N	2.541	0.101	6.281	293
CA	2.574	-1.343	6.487	293
C	3.655	-1.747	7.48	293
N	4.878	-1.234	7.32	294
CA	6.008	-1.547	8.192	294
C	5.668	-1.218	9.641	294
N	5.139	-0.012	9.883	295
CA	4.668	0.393	11.21	295
C	3.681	-0.604	11.813	295
N	2.672	-1.012	11.051	296
CA	1.66	-1.935	11.546	296
C	2.226	-3.351	11.75	296
N	3.08	-3.833	10.846	297
CA	3.688	-5.158	10.907	297
C	4.548	-5.329	12.167	297
N	5.428	-4.364	12.465	298
CA	6.297	-4.432	13.652	298
C	5.473	-4.394	14.944	298
N	4.41	-3.579	14.994	299
CA	3.507	-3.524	16.159	299
C	2.701	-4.807	16.376	299
N	2.584	-5.655	15.355	300
CA	1.96	-6.976	15.432	300
C	2.991	-8.115	15.564	300
N	4.197	-7.834	16.069	301
CA	5.189	-8.869	16.377	301
C	5.683	-9.592	15.126	301
N	6.299	-8.857	14.199	302
CA	6.937	-9.461	13.028	302
C	8.167	-10.28	13.463	302
N	8.243	-11.548	13.053	303
CA	9.181	-12.555	13.584	303
C	10.5	-12.641	12.818	303
N	10.506	-12.232	11.554	304
CA	11.675	-12.298	10.67	304
C	12.325	-10.92	10.477	304
N	13.482	-10.874	9.808	305
CA	14.093	-9.599	9.455	305
C	13.2	-8.905	8.423	305
N	12.829	-7.657	8.699	306
CA	12.049	-6.833	7.789	306
C	12.726	-5.485	7.597	306
N	12.985	-5.146	6.342	307
CA	13.518	-3.855	5.942	307
C	12.485	-3.086	5.127	307
N	12.23	-1.837	5.498	308
CA	11.486	-0.892	4.678	308
C	12.466	0.096	4.042	308
N	12.625	0.004	2.722	309
CA	13.524	0.823	1.903	309
C	12.702	1.872	1.157	309
N	13.084	3.139	1.282	310
CA	12.381	4.278	0.7	310
C	13.279	4.979	-0.317	310
N	12.872	4.959	-1.585	311
CA	13.597	5.591	-2.685	311
C	13.009	6.987	-2.937	311
N	13.515	8.0	-2.227	312
CA	12.943	9.347	-2.189	312
C	13.62	10.283	-3.192	312
N	12.824	10.928	-4.037	313
CA	13.276	12.002	-4.916	313
C	12.099	12.911	-5.292	313
N	12.389	14.089	-5.826	314
CA	11.422	14.888	-6.575	314
C	11.914	14.966	-8.022	314
N	11.068	14.6	-8.989	315
CA	11.425	14.676	-10.405	315
C	11.113	16.086	-10.915	315
N	12.036	17.018	-10.679	316
CA	11.878	18.446	-10.982	316
C	12.541	18.844	-12.308	316
N	12.076	19.948	-12.897	317
CA	12.757	20.62	-14.015	317
C	13.714	21.669	-13.462	317
N	14.952	21.664	-13.94	318
CA	15.963	22.633	-13.541	318
C	17.234	22.503	-14.377	318
N	18.217	23.397	-14.186	319
CA	19.479	23.362	-14.931	319
C	20.278	22.07	-14.706	319
N	20.059	21.401	-13.57	320
CA	20.684	20.125	-13.231	320
C	19.796	18.914	-13.555	320
N	18.625	19.092	-14.181	321
CA	17.728	17.975	-14.479	321
C	18.404	16.965	-15.4	321
N	18.153	15.681	-15.146	322
CA	18.504	14.635	-16.104	322
C	17.846	14.937	-17.441	322
N	18.629	14.794	-18.504	323
CA	18.203	15.007	-19.882	323
C	17.971	13.664	-20.559	323
N	17.083	13.616	-21.561	324
CA	17.174	12.576	-22.568	324
C	18.617	12.463	-23.091	324
N	19.045	11.24	-23.38	325
CA	20.385	10.826	-23.816	325
C	21.476	10.824	-22.724	325
N	21.209	11.336	-21.512	326
CA	22.128	11.133	-20.384	326
C	22.215	9.627	-20.048	326
N	23.388	9.158	-19.611	327
CA	23.59	7.78	-19.139	327
C	23.834	7.799	-17.632	327
N	23.039	7.037	-16.884	328
CA	23.205	6.853	-15.444	328
C	23.867	5.505	-15.146	328
N	24.851	5.483	-14.245	329
CA	25.346	4.252	-13.623	329
C	24.54	3.991	-12.346	329
N	23.769	2.908	-12.313	330
CA	22.915	2.563	-11.172	330
C	23.671	1.717	-10.145	330
N	23.097	1.569	-8.952	331
CA	23.687	0.833	-7.828	331
C	23.967	-0.649	-8.145	331
N	23.188	-1.22	-9.065	332
CA	23.435	-2.555	-9.626	332
C	24.8	-2.699	-10.322	332
N	25.416	-1.597	-10.76	333
CA	26.595	-1.557	-11.627	333
C	26.259	-1.438	-13.118	333
N	24.97	-1.455	-13.486	334
CA	24.502	-1.328	-14.873	334
C	24.343	0.13	-15.293	334
N	24.652	0.405	-16.551	335
CA	24.471	1.699	-17.209	335
C	23.113	1.78	-17.906	335
N	22.419	2.908	-17.76	336
CA	21.083	3.13	-18.327	336
C	21.05	4.45	-19.086	336
N	20.796	4.385	-20.389	337
CA	20.509	5.54	-21.242	337
C	19.082	6.038	-20.97	337
N	18.948	7.311	-20.614	338
CA	17.654	7.907	-20.31	338
C	17.013	8.374	-21.61	338
N	15.997	7.67	-22.101	339
CA	15.219	8.11	-23.267	339
C	13.887	8.772	-22.88	339
N	13.469	8.664	-21.615	340
CA	12.28	9.336	-21.098	340
C	12.44	9.657	-19.608	340
N	12.5	10.934	-19.253	341
CA	12.671	11.37	-17.855	341
C	11.392	11.241	-17.016	341
N	10.253	10.911	-17.638	342
CA	8.969	10.554	-16.997	342
C	8.856	9.041	-16.705	342
N	9.922	8.286	-16.992	343
CA	10.076	6.881	-16.624	343
C	11.136	6.737	-15.515	343
N	11.054	7.607	-14.513	344
CA	12.006	7.785	-13.416	344
C	11.814	6.784	-12.271	344
N	10.567	6.402	-11.97	345
CA	10.248	5.564	-10.814	345
C	10.968	4.218	-10.798	345
N	11.163	3.619	-11.972	346
CA	11.9	2.356	-12.118	346
C	13.406	2.52	-11.887	346
N	13.969	3.713	-12.117	347
CA	15.383	4.01	-11.851	347
C	15.645	4.066	-10.348	347
N	14.765	4.743	-9.602	348
CA	14.916	4.853	-8.144	348
C	14.678	3.505	-7.459	348
N	13.737	2.707	-7.976	349
CA	13.483	1.349	-7.494	349
C	14.615	0.389	-7.841	349
N	15.2	0.471	-9.039	350
CA	16.351	-0.34	-9.439	350
C	17.527	-0.207	-8.457	350
N	17.81	1.019	-8.018	351
CA	18.773	1.283	-6.951	351
C	18.339	0.648	-5.618	351
N	17.075	0.838	-5.222	352
CA	16.526	0.309	-3.971	352
C	16.513	-1.22	-3.882	352
N	16.077	-1.919	-4.934	353
CA	16.058	-3.39	-4.97	353
C	17.466	-3.966	-5.065	353
N	18.383	-3.29	-5.768	354
CA	19.782	-3.71	-5.79	354
C	20.431	-3.551	-4.416	354
N	20.109	-2.496	-3.665	355
CA	20.574	-2.324	-2.286	355
C	19.975	-3.379	-1.35	355
N	18.676	-3.663	-1.485	356
CA	18.027	-4.735	-0.736	356
C	18.678	-6.107	-0.988	356
N	19.06	-6.386	-2.234	357
CA	19.753	-7.618	-2.588	357
C	21.2	-7.657	-2.069	357
N	21.989	-6.596	-2.29	358
CA	23.445	-6.606	-2.059	358
C	23.838	-6.32	-0.61	358
N	23.167	-5.372	0.038	359
CA	23.574	-4.835	1.342	359
C	22.717	-5.386	2.476	359
N	21.426	-5.612	2.211	360
CA	20.506	-6.165	3.207	360
C	20.447	-7.693	3.161	360
N	20.928	-8.324	2.082	361
CA	20.907	-9.781	1.938	361
C	19.491	-10.358	1.984	361
N	18.511	-9.635	1.431	362
CA	17.121	-10.076	1.429	362
C	16.951	-11.372	0.625	362
N	16.15	-12.312	1.125	363
CA	15.695	-13.521	0.425	363
C	14.417	-13.248	-0.386	363
N	13.609	-12.295	0.094	364
CA	12.358	-11.855	-0.524	364
C	12.407	-10.337	-0.687	364
N	12.269	-9.862	-1.922	365
CA	12.217	-8.438	-2.256	365
C	10.852	-8.141	-2.869	365
N	10.046	-7.331	-2.187	366
CA	8.815	-6.788	-2.748	366
C	8.985	-5.296	-2.988	366
N	8.847	-4.856	-4.232	367
CA	8.789	-3.438	-4.553	367
C	7.361	-2.98	-4.879	367
N	7.02	-1.769	-4.445	368
CA	5.693	-1.191	-4.62	368
C	5.803	0.231	-5.139	368
N	5.033	0.531	-6.181	369
CA	5.162	1.797	-6.872	369
C	3.887	2.236	-7.576	369
N	3.658	3.542	-7.601	370
CA	2.813	4.184	-8.606	370
C	3.623	4.281	-9.897	370
N	3.753	3.176	-10.637	371
CA	4.824	3.077	-11.63	371
C	4.381	3.46	-13.035	371
N	3.291	2.873	-13.53	372
CA	2.897	3.043	-14.93	372
C	1.436	3.444	-15.069	372
N	1.167	4.479	-15.874	373
CA	-0.21	4.805	-16.267	373
C	-0.913	3.641	-16.984	373
N	-0.139	2.758	-17.621	374
CA	-0.634	1.57	-18.303	374
C	-1.224	0.508	-17.365	374
N	-0.844	0.484	-16.082	375
CA	-1.441	-0.43	-15.107	375
C	-2.962	-0.258	-15.073	375
N	-3.435	0.993	-15.082	376
CA	-4.864	1.304	-15.06	376
C	-5.631	0.826	-16.298	376
N	-4.941	0.593	-17.419	377
CA	-5.504	-0.017	-18.63	377
C	-5.468	-1.545	-18.524	377
N	-4.36	-2.109	-18.035	378
CA	-4.146	-3.551	-17.949	378
C	-5.065	-4.239	-16.924	378
N	-5.164	-3.699	-15.706	379
CA	-5.899	-4.336	-14.592	379
C	-7.034	-3.471	-14.04	379
N	-7.195	-2.244	-14.541	380
CA	-8.267	-1.339	-14.139	380
C	-7.939	-0.48	-12.913	380
N	-8.953	0.244	-12.422	381
CA	-8.788	1.272	-11.372	381
C	-8.73	0.735	-9.941	381
N	-9.167	-0.503	-9.728	382
CA	-9.325	-1.09	-8.393	382
C	-8.291	-2.173	-8.089	382
N	-7.662	-2.736	-9.122	383
CA	-6.718	-3.836	-8.997	383
C	-5.313	-3.339	-9.276	383
N	-4.419	-3.474	-8.303	384
CA	-2.995	-3.361	-8.571	384
C	-2.553	-4.471	-9.524	384
N	-1.502	-4.194	-10.276	385
CA	-0.876	-5.179	-11.128	385
C	0.293	-5.828	-10.38	385
N	0.337	-7.161	-10.35	386
CA	1.478	-7.91	-9.802	386
C	2.3	-8.527	-10.92	386
N	3.617	-8.468	-10.785	387
CA	4.569	-9.162	-11.64	387
C	5.634	-9.797	-10.745	387
N	5.946	-11.075	-10.933	388
CA	6.871	-11.789	-10.042	388
C	7.566	-12.933	-10.764	388
N	8.757	-13.301	-10.29	389
CA	9.479	-14.494	-10.735	389
C	8.937	-15.801	-10.112	389
N	7.891	-15.739	-9.277	390
CA	7.326	-16.898	-8.583	390
C	5.81	-17.004	-8.761	390
N	5.363	-18.073	-9.427	391
CA	3.939	-18.365	-9.619	391
C	3.182	-18.567	-8.29	391
N	3.855	-19.093	-7.259	392
CA	3.283	-19.217	-5.915	392
C	2.969	-17.837	-5.326	392
N	3.923	-16.906	-5.404	393
CA	3.755	-15.552	-4.88	393
C	2.773	-14.72	-5.699	393
N	2.659	-14.986	-6.998	394
CA	1.62	-14.407	-7.846	394
C	0.222	-14.781	-7.329	394
N	-0.019	-16.084	-7.141	395
CA	-1.278	-16.599	-6.616	395
C	-1.542	-16.099	-5.186	395
N	-0.5	-16.032	-4.353	396
CA	-0.573	-15.483	-3.007	396
C	-0.996	-14.007	-3.021	396
N	-0.436	-13.167	-3.895	397
CA	-0.823	-11.758	-3.997	397
C	-2.306	-11.588	-4.358	397
N	-2.819	-12.382	-5.306	398
CA	-4.244	-12.356	-5.682	398
C	-5.134	-12.777	-4.508	398
N	-4.784	-13.868	-3.813	399
CA	-5.532	-14.345	-2.637	399
C	-5.491	-13.324	-1.491	399
N	-4.322	-12.754	-1.191	400
CA	-4.143	-11.728	-0.162	400
C	-4.991	-10.492	-0.478	400
N	-4.945	-10.009	-1.724	401
CA	-5.734	-8.861	-2.159	401
C	-7.24	-9.07	-1.997	401
N	-7.745	-10.281	-2.272	402
CA	-9.152	-10.632	-2.009	402
C	-9.477	-10.691	-0.515	402
N	-8.566	-11.188	0.325	403
CA	-8.754	-11.284	1.784	403
C	-8.645	-9.932	2.506	403
N	-7.924	-8.95	1.956	404
CA	-7.727	-7.637	2.591	404
C	-8.444	-6.46	1.904	404
N	-8.933	-6.642	0.675	405
CA	-9.628	-5.61	-0.099	405
C	-8.724	-4.705	-0.946	405
N	-7.397	-4.814	-0.837	406
CA	-6.448	-4.227	-1.795	406
C	-6.245	-5.205	-2.96	406
N	-7.17	-5.185	-3.923	407
CA	-7.262	-6.189	-4.988	407
C	-6.038	-6.186	-5.914	407
N	-5.646	-7.367	-6.394	408
CA	-4.463	-7.564	-7.244	408
C	-4.806	-8.475	-8.423	408
N	-4.215	-8.225	-9.594	409
CA	-4.275	-9.114	-10.757	409
C	-2.886	-9.249	-11.412	409
N	-2.448	-10.464	-11.795	410
CA	-1.17	-10.666	-12.475	410
C	-1.04	-10.043	-13.861	410
N	0.193	-9.632	-14.155	411
CA	0.744	-9.283	-15.462	411
C	1.513	-10.466	-16.066	411
N	1.978	-10.308	-17.306	412
CA	2.764	-11.338	-17.995	412
C	4.24	-11.236	-17.599	412
N	4.749	-12.23	-16.866	413
CA	6.187	-12.411	-16.634	413
C	6.814	-13.207	-17.78	413
N	7.51	-12.507	-18.677	414
CA	8.173	-13.106	-19.838	414
C	9.386	-12.247	-20.258	414
N	10.493	-12.276	-19.484	415
CA	11.696	-11.491	-19.772	415
C	12.221	-11.675	-21.202	415
N	12.165	-12.893	-21.731	416
CA	12.662	-13.274	-23.05	416
C	11.917	-12.605	-24.215	416
N	10.646	-12.223	-24.027	417
CA	9.861	-11.506	-25.041	417
C	9.805	-9.996	-24.797	417
N	9.888	-9.552	-23.543	418
CA	9.644	-8.153	-23.184	418
C	10.913	-7.346	-22.886	418
N	12.01	-7.966	-22.44	419
CA	13.177	-7.199	-21.984	419
C	13.963	-6.551	-23.134	419
N	13.838	-7.089	-24.353	420
CA	14.429	-6.5	-25.564	420
C	13.921	-5.078	-25.863	420
N	12.772	-4.683	-25.3	421
CA	12.22	-3.324	-25.385	421
C	13.155	-2.244	-24.825	421
N	14.104	-2.622	-23.965	422
CA	15.066	-1.707	-23.355	422
C	16.418	-1.666	-24.073	422
N	16.518	-2.15	-25.311	423
CA	17.791	-2.146	-26.048	423
C	18.374	-0.73	-26.173	423
N	19.638	-0.575	-25.775	424
CA	20.458	0.616	-26.021	424
C	21.638	0.258	-26.924	424
N	22.106	1.231	-27.707	425
CA	23.331	1.103	-28.494	425
C	24.589	1.551	-27.722	425
N	24.422	2.242	-26.587	426
CA	25.503	2.961	-25.881	426
C	25.556	2.696	-24.372	426
N	24.545	2.033	-23.815	427
CA	24.452	1.617	-22.419	427
C	23.953	0.164	-22.339	427
N	23.912	-0.422	-21.142	428
CA	23.376	-1.781	-20.965	428
C	21.878	-1.854	-21.296	428
N	21.148	-0.746	-21.105	429
CA	19.728	-0.628	-21.441	429
C	19.246	0.831	-21.519	429
N	18.027	1.038	-22.022	430
CA	17.238	2.273	-21.895	430
C	16.258	2.176	-20.734	430
N	15.774	3.309	-20.224	431
CA	14.785	3.294	-19.14	431
C	13.323	3.161	-19.617	431
N	12.997	3.555	-20.846	432
CA	11.649	3.437	-21.415	432
C	11.627	2.506	-22.619	432
N	10.545	1.73	-22.726	433
CA	10.303	0.769	-23.812	433
C	10.293	1.451	-25.18	433
N	10.733	0.729	-26.21	434
CA	10.676	1.187	-27.592	434
C	9.23	1.199	-28.114	434
N	8.466	0.141	-27.833	435
CA	7.045	0.033	-28.149	435
C	6.179	0.169	-26.885	435
N	5.338	1.208	-26.848	436
CA	4.428	1.468	-25.72	436
C	3.167	0.609	-25.749	436
N	2.887	-0.064	-26.861	437
CA	1.757	-0.981	-26.995	437
C	2.137	-2.42	-26.582	437
N	3.425	-2.685	-26.315	438
CA	3.934	-3.985	-25.879	438
C	4.09	-4.08	-24.345	438
N	2.976	-4.323	-23.643	439
CA	2.94	-4.656	-22.201	439
C	3.77	-3.729	-21.277	439
N	3.64	-2.391	-21.381	440
CA	4.545	-1.437	-20.727	440
C	4.627	-1.562	-19.195	440
N	3.561	-2.003	-18.512	441
CA	3.595	-2.287	-17.065	441
C	4.473	-3.493	-16.737	441
N	4.372	-4.566	-17.528	442
CA	5.211	-5.756	-17.359	442
C	6.672	-5.409	-17.624	442
N	6.947	-4.691	-18.716	443
CA	8.294	-4.237	-19.048	443
C	8.891	-3.363	-17.935	443
N	8.123	-2.43	-17.362	444
CA	8.611	-1.579	-16.276	444
C	9.008	-2.378	-15.022	444
N	8.239	-3.41	-14.66	445
CA	8.635	-4.345	-13.608	445
C	9.898	-5.126	-13.988	445
N	9.979	-5.657	-15.213	446
CA	11.159	-6.393	-15.69	446
C	12.435	-5.543	-15.713	446
N	12.327	-4.237	-15.979	447
CA	13.439	-3.3	-15.814	447
C	13.996	-3.383	-14.388	447
N	13.133	-3.263	-13.371	448
CA	13.508	-3.334	-11.949	448
C	14.12	-4.702	-11.623	448
N	13.463	-5.793	-12.03	449
CA	13.95	-7.158	-11.813	449
C	15.355	-7.37	-12.392	449
N	15.641	-6.778	-13.557	450
CA	16.946	-6.903	-14.204	450
C	18.087	-6.333	-13.354	450
N	17.819	-5.385	-12.449	451
CA	18.823	-4.812	-11.545	451
C	19.102	-5.676	-10.308	451
N	18.245	-6.663	-10.036	452
CA	18.507	-7.772	-9.109	452
C	19.209	-8.915	-9.868	452
N	18.735	-9.203	-11.084	453
CA	19.177	-10.296	-11.95	453
C	18.062	-11.325	-12.144	453
N	17.782	-11.726	-13.389	454
CA	16.685	-12.665	-13.68	454
C	16.921	-14.073	-13.115	454
N	18.187	-14.466	-12.946	455
CA	18.589	-15.747	-12.349	455
C	18.776	-15.668	-10.822	455
N	18.409	-14.546	-10.194	456
CA	18.521	-14.397	-8.747	456
C	17.595	-15.404	-8.036	456
N	18.106	-16.207	-7.079	457
CA	17.378	-17.359	-6.539	457
C	16.279	-16.997	-5.531	457
N	16.225	-15.741	-5.085	458
CA	15.205	-15.272	-4.158	458
C	13.864	-14.997	-4.837	458
N	12.899	-14.556	-4.038	459
CA	11.573	-14.191	-4.539	459
C	11.499	-12.691	-4.752	459
N	11.15	-12.28	-5.967	460
CA	10.902	-10.885	-6.299	460
C	9.44	-10.662	-6.683	460
N	8.805	-9.66	-6.076	461
CA	7.418	-9.263	-6.352	461
C	7.357	-7.765	-6.623	461
N	6.897	-7.388	-7.807	462
CA	6.576	-6.013	-8.159	462
C	5.071	-5.767	-8.065	462
N	4.683	-4.693	-7.377	463
CA	3.308	-4.209	-7.294	463
C	3.185	-2.805	-7.893	463
N	2.569	-2.717	-9.073	464
CA	2.16	-1.442	-9.66	464
C	0.769	-1.05	-9.142	464
N	0.735	0.029	-8.365	465
CA	-0.444	0.559	-7.68	465
C	-0.889	1.916	-8.251	465
N	-0.439	2.288	-9.457	466
CA	-0.654	3.613	-10.052	466
C	-2.118	4.089	-10.047	466
N	-3.052	3.244	-10.474	467
CA	-4.475	3.55	-10.475	467
C	-5.119	3.422	-9.079	467
N	-4.931	2.325	-8.313	468
CA	-5.634	2.149	-7.044	468
C	-5.108	3.009	-5.881	468
N	-3.959	3.692	-6.014	469
CA	-3.421	4.624	-4.994	469
C	-4.405	5.742	-4.615	469
N	-5.357	6.073	-5.495	470
CA	-6.352	7.114	-5.264	470
C	-7.749	6.725	-5.765	470
N	-8.769	7.348	-5.181	471
CA	-10.156	7.242	-5.609	471
C	-10.771	8.647	-5.649	471
N	-10.917	9.191	-6.86	472
CA	-11.261	10.598	-7.069	472
C	-10.13	11.515	-6.597	472
N	-10.444	12.503	-5.764	473
CA	-9.453	13.481	-5.287	473
C	-8.64	13.029	-4.064	473
N	-8.853	11.8	-3.579	474
CA	-8.298	11.313	-2.311	474
C	-7.469	10.054	-2.487	474
N	-6.348	9.991	-1.785	475
CA	-5.568	8.782	-1.603	475
C	-6.386	7.686	-0.904	475
N	-6.102	6.434	-1.242	476
CA	-6.763	5.26	-0.66	476
C	-5.942	4.61	0.448	476
N	-4.629	4.854	0.513	477
CA	-3.727	4.085	1.379	477
C	-3.55	2.633	0.916	477
N	-3.784	2.37	-0.377	478
CA	-3.603	1.061	-1.001	478
C	-2.193	0.522	-0.763	478
N	-2.089	-0.784	-0.543	479
CA	-0.829	-1.495	-0.364	479
C	-0.553	-1.825	1.096	479
N	-1.032	-1.002	2.039	480
CA	-0.851	-1.275	3.473	480
C	-1.54	-2.574	3.885	480
N	-2.815	-2.738	3.519	481
CA	-3.569	-3.937	3.873	481
C	-3.05	-5.165	3.11	481
N	-2.579	-4.969	1.873	482
CA	-1.976	-6.02	1.059	482
C	-0.688	-6.566	1.676	482
N	0.241	-5.701	2.092	483
CA	1.5	-6.121	2.717	483
C	1.259	-6.85	4.042	483
N	0.375	-6.314	4.888	484
CA	0.014	-6.954	6.155	484
C	-0.634	-8.327	5.953	484
N	-1.508	-8.471	4.953	485
CA	-2.129	-9.755	4.659	485
C	-1.131	-10.733	4.033	485
N	-0.387	-10.317	3.005	486
CA	0.556	-11.181	2.298	486
C	1.585	-11.778	3.265	486
N	2.198	-10.947	4.109	487
CA	3.215	-11.369	5.077	487
C	2.653	-11.716	6.464	487
N	1.336	-11.895	6.598	488
CA	0.697	-12.103	7.898	488
C	1.166	-13.347	8.666	488
N	1.697	-14.377	7.986	489
CA	2.317	-15.55	8.643	489
C	3.595	-15.232	9.418	489
N	4.334	-14.219	8.975	490
CA	5.525	-13.741	9.663	490
C	5.179	-12.885	10.895	490
N	3.897	-12.726	11.247	491
CA	3.44	-11.999	12.435	491
C	2.957	-12.951	13.537	491
N	3.103	-12.54	14.795	492
CA	2.522	-13.208	15.97	492
C	0.992	-13.054	16.058	492
N	0.39	-12.22	15.207	493
CA	-1.015	-11.839	15.289	493
C	-1.964	-12.855	14.621	493
N	-2.919	-13.455	15.358	494
CA	-3.821	-14.465	14.804	494
C	-4.673	-13.98	13.622	494
N	-5.087	-12.705	13.602	495
CA	-5.889	-12.163	12.503	495
C	-5.052	-12.059	11.223	495
N	-3.81	-11.575	11.314	496
CA	-2.908	-11.516	10.158	496
C	-2.562	-12.915	9.634	496
N	-2.358	-13.881	10.532	497
CA	-2.162	-15.283	10.164	497
C	-3.364	-15.86	9.395	497
N	-4.594	-15.522	9.799	498
CA	-5.828	-15.961	9.136	498
C	-5.958	-15.398	7.708	498
N	-5.617	-14.119	7.517	499
CA	-5.755	-13.467	6.205	499
C	-4.576	-13.712	5.263	499
N	-3.473	-14.277	5.749	500
CA	-2.345	-14.621	4.889	500
C	-2.643	-15.858	4.032	500
N	-2.305	-15.839	2.731	501
CA	-2.425	-17.007	1.863	501
C	-1.142	-17.842	1.789	501
N	-0.008	-17.309	2.255	502
CA	1.263	-18.028	2.278	502
C	1.257	-19.071	3.401	502
N	1.939	-20.195	3.172	503
CA	2.073	-21.281	4.148	503
C	0.774	-22.015	4.501	503
N	-0.355	-21.715	3.848	504
CA	-1.496	-22.619	3.888	504
C	-1.094	-23.884	3.129	504
N	-1.06	-25.026	3.822	505
CA	-1.087	-26.33	3.161	505
C	-2.155	-26.257	2.077	505
N	-1.745	-26.569	0.851	506
CA	-2.505	-26.354	-0.375	506
C	-3.974	-26.705	-0.14	506
N	-4.854	-25.699	-0.129	507
CA	-6.279	-25.916	-0.36	507
C	-6.385	-26.49	-1.779	507
N	-6.246	-27.81	-1.904	508
CA	-6.624	-28.578	-3.09	508
C	-8.153	-28.658	-3.082	508
N	-8.817	-27.505	-3.107	509
CA	-10.274	-27.389	-3.167	509
C	-10.679	-26.281	-4.151	509
N	-10.263	-26.415	-5.412	510
CA	-11.035	-25.868	-6.547	510
C	-11.572	-26.986	-7.469	510
N	-11.597	-28.235	-6.983	511
CA	-12.033	-29.404	-7.755	511
C	-13.527	-29.739	-7.706	511
N	-14.303	-29.21	-6.752	512
CA	-15.709	-29.608	-6.568	512
C	-16.695	-28.462	-6.843	512
N	-16.542	-27.821	-8.008	513
CA	-17.688	-27.193	-8.668	513
C	-18.588	-28.306	-9.212	513
N	-19.339	-28.904	-8.289	514
CA	-20.416	-29.829	-8.565	514
C	-21.328	-29.282	-9.661	514
N	-21.356	-30.012	-10.778	515
CA	-22.52	-30.271	-11.637	515
C	-23.642	-29.225	-11.573	515
N	-23.4	-28.039	-12.117	516
CA	-24.502	-27.189	-12.588	516
C	-24.203	-26.521	-13.936	516
N	-23.353	-27.175	-14.735	517
CA	-23.255	-26.95	-16.174	517
C	-24.491	-27.525	-16.878	517
N	-25.661	-26.946	-16.58	518
CA	-26.771	-26.914	-17.53	518
C	-26.245	-26.252	-18.793	518
N	-25.86	-27.102	-19.751	519
CA	-25.672	-26.861	-21.186	519
C	-26.248	-25.51	-21.627	519
N	-25.487	-24.43	-21.459	520
CA	-25.688	-23.226	-22.256	520
C	-24.994	-23.527	-23.569	520
N	-25.794	-23.916	-24.565	521
CA	-25.362	-23.959	-25.961	521
C	-24.72	-22.608	-26.262	521
N	-23.417	-22.632	-26.519	522
CA	-22.724	-21.567	-27.224	522
C	-23.44	-21.426	-28.572	522
N	-24.09	-20.283	-28.772	523
CA	-24.505	-19.792	-30.088	523
C	-23.509	-18.717	-30.466	523
