ATOM	X	Y	Z	RESIDUE
N	32.269	1.356	8.182	1
CA	31.199	1.951	9.029	1
C	30.377	0.807	9.662	1
N	29.47	1.181	10.537	2
CA	28.759	0.219	11.336	2
C	27.761	-0.61	10.516	2
N	27.488	-1.788	11.017	3
CA	26.509	-2.671	10.386	3
C	26.17	-3.835	11.301	3
N	25.911	-4.994	10.714	4
CA	25.545	-6.191	11.439	4
C	26.391	-7.416	11.071	4
N	27.538	-7.142	10.473	5
CA	28.436	-8.19	10.015	5
C	29.389	-8.623	11.12	5
N	30.284	-9.553	10.761	6
CA	31.272	-10.079	11.69	6
C	32.227	-8.981	12.185	6
N	32.544	-8.043	11.294	7
CA	33.567	-7.087	11.625	7
C	33.066	-5.69	11.936	7
N	31.752	-5.465	11.771	8
CA	31.259	-4.14	12.041	8
C	29.92	-4.177	12.851	8
N	29.614	-5.34	13.46	9
CA	28.3	-5.553	14.062	9
C	28.224	-4.949	15.459	9
N	27.101	-5.202	16.165	10
CA	26.858	-4.571	17.461	10
C	27.987	-4.602	18.475	10
N	28.798	-5.659	18.495	11
CA	29.908	-5.734	19.463	11
C	31.045	-4.712	19.157	11
N	31.037	-4.138	17.956	12
CA	32.018	-3.162	17.525	12
C	31.566	-1.722	17.702	12
N	30.232	-1.498	17.856	13
CA	29.716	-0.147	17.757	13
C	30.259	0.823	18.775	13
N	30.627	0.346	19.941	14
CA	31.143	1.178	21.023	14
C	32.406	1.965	20.644	14
N	33.13	1.454	19.659	15
CA	34.366	2.163	19.231	15
C	34.07	3.487	18.581	15
N	33.019	3.555	17.769	16
CA	32.613	4.841	17.195	16
C	31.566	5.578	18.049	16
N	30.789	4.826	18.834	17
CA	29.654	5.37	19.592	17
C	29.753	4.874	21.028	17
N	30.607	5.517	21.832	18
CA	30.874	5.004	23.168	18
C	29.642	4.894	24.079	18
N	28.589	5.645	23.757	19
CA	27.334	5.532	24.515	19
C	26.73	4.144	24.36	19
N	27.254	3.354	23.429	20
CA	26.871	1.929	23.353	20
C	26.952	1.196	24.668	20
N	27.91	1.63	25.526	21
CA	28.094	1.069	26.874	21
C	27.468	1.952	27.956	21
N	26.48	2.742	27.581	22
CA	25.823	3.671	28.493	22
C	24.893	3.059	29.501	22
N	24.223	3.93	30.249	23
CA	23.389	3.551	31.349	23
C	21.948	3.264	30.97	23
N	21.543	3.586	29.758	24
CA	20.14	3.351	29.389	24
C	20.065	2.938	27.905	24
N	20.757	1.829	27.617	25
CA	20.804	1.314	26.237	25
C	19.658	0.358	25.96	25
N	19.276	0.298	24.683	26
CA	18.224	-0.591	24.22	26
C	18.753	-1.439	23.063	26
N	18.126	-2.574	22.803	27
CA	16.979	-3.158	23.516	27
C	17.382	-3.819	24.798	27
N	16.401	-4.333	25.517	28
CA	16.6	-5.094	26.722	28
C	15.738	-6.344	26.68	28
N	16.048	-7.285	27.558	29
CA	15.158	-8.379	27.865	29
C	14.094	-7.92	28.832	29
N	12.858	-8.204	28.489	30
CA	11.72	-7.923	29.341	30
C	11.4	-9.159	30.185	30
N	11.819	-9.108	31.446	31
CA	11.519	-10.191	32.419	31
C	10.124	-9.909	32.925	31
N	9.166	-10.692	32.433	32
CA	7.744	-10.387	32.674	32
C	7.382	-10.517	34.133	32
N	8.127	-11.34	34.856	33
CA	7.763	-11.571	36.245	33
C	8.311	-10.488	37.126	33
N	9.388	-9.788	36.765	34
CA	9.917	-8.706	37.512	34
C	9.508	-7.285	37.048	34
N	8.845	-7.194	35.901	35
CA	8.246	-5.89	35.532	35
C	7.213	-5.52	36.564	35
N	7.116	-4.26	36.864	36
CA	6.225	-3.715	37.916	36
C	4.939	-3.168	37.292	36
N	3.823	-3.695	37.668	37
CA	2.539	-3.082	37.263	37
C	2.403	-1.73	37.886	37
N	2.063	-0.727	37.084	38
CA	1.999	0.662	37.562	38
C	0.624	1.188	37.252	38
N	-0.224	1.249	38.277	39
CA	-1.631	1.645	37.996	39
C	-1.716	3.109	37.704	39
N	-0.656	3.878	37.926	40
CA	-0.694	5.292	37.497	40
C	-0.474	5.492	35.982	40
N	-0.03	4.441	35.298	41
CA	0.153	4.517	33.833	41
C	-1.193	4.674	33.131	41
N	-1.245	5.636	32.216	42
CA	-2.437	5.827	31.396	42
C	-2.474	4.895	30.202	42
N	-3.69	4.633	29.658	43
CA	-3.798	3.926	28.393	43
C	-3.11	4.747	27.322	43
N	-2.497	4.055	26.372	44
CA	-1.941	4.739	25.273	44
C	-3.027	5.366	24.452	44
N	-2.72	6.475	23.815	45
CA	-3.576	7.089	22.806	45
C	-2.83	7.1	21.484	45
N	-3.259	6.28	20.565	46
CA	-2.655	6.176	19.223	46
C	-3.62	6.815	18.249	46
N	-3.278	7.951	17.66	47
CA	-4.151	8.668	16.744	47
C	-3.538	8.739	15.39	47
N	-3.783	7.711	14.581	48
CA	-3.153	7.583	13.264	48
C	-4.133	7.791	12.086	48
N	-5.357	8.236	12.374	49
CA	-6.332	8.367	11.291	49
C	-5.991	9.367	10.172	49
N	-5.165	10.356	10.467	50
CA	-4.773	11.378	9.481	50
C	-3.297	11.222	9.036	50
N	-2.721	10.046	9.273	51
CA	-1.348	9.801	8.865	51
C	-1.138	10.033	7.397	51
N	-0.025	10.639	7.051	52
CA	0.377	10.828	5.649	52
C	1.711	10.209	5.449	52
N	1.722	8.973	4.928	53
CA	2.978	8.359	4.556	53
C	3.511	9.031	3.284	53
N	4.816	9.073	3.124	54
CA	5.439	9.728	1.959	54
C	6.187	8.748	1.085	54
N	7.057	7.951	1.696	55
CA	8.097	7.248	0.92	55
C	8.563	6.069	1.742	55
N	9.168	5.107	1.077	56
CA	9.826	3.976	1.685	56
C	11.247	3.968	1.175	56
N	12.219	3.692	2.066	57
CA	13.629	3.82	1.774	57
C	14.385	2.596	2.299	57
N	15.324	2.054	1.502	58
CA	16.303	1.101	1.983	58
C	17.508	1.952	2.38	58
N	17.833	2.008	3.651	59
CA	18.94	2.864	4.105	59
C	20.205	2.091	4.363	59
N	20.245	0.828	3.95	60
CA	21.398	0.022	4.125	60
C	21.466	-0.786	5.41	60
N	20.559	-0.457	6.322	61
CA	20.478	-1.126	7.622	61
C	19.138	-1.826	7.764	61
N	18.074	-1.164	7.339	62
CA	16.696	-1.631	7.388	62
C	15.954	-0.966	6.256	62
N	14.631	-1.031	6.21	63
CA	13.889	-0.142	5.423	63
C	12.957	0.718	6.307	63
N	12.738	1.952	5.926	64
CA	11.948	2.92	6.706	64
C	10.815	3.415	5.876	64
N	9.629	3.509	6.446	65
CA	8.481	4.203	5.848	65
C	8.397	5.547	6.541	65
N	8.52	6.641	5.795	66
CA	8.548	7.997	6.324	66
C	7.209	8.678	6.204	66
N	6.93	9.553	7.184	67
CA	5.641	10.232	7.27	67
C	5.868	11.74	7.306	67
N	4.846	12.461	6.887	68
CA	4.811	13.924	7.064	68
C	4.622	14.225	8.511	68
N	5.641	14.759	9.157	69
CA	5.576	15.111	10.56	69
C	5.641	16.618	10.747	69
N	5.139	17.351	9.775	70
CA	5.118	18.849	9.851	70
C	3.813	19.372	10.434	70
N	2.909	18.483	10.821	71
CA	1.699	18.812	11.55	71
C	1.359	17.608	12.396	71
N	0.416	17.768	13.298	72
CA	0.0	16.689	14.163	72
C	-0.968	15.722	13.467	72
N	-0.463	14.969	12.538	73
CA	-1.293	14.104	11.726	73
C	-1.421	12.689	12.26	73
N	-0.354	12.186	12.799	74
CA	-0.327	10.843	13.412	74
C	0.438	10.987	14.701	74
N	-0.199	10.835	15.848	75
CA	0.449	11.168	17.104	75
C	0.229	10.078	18.141	75
N	1.18	9.988	19.064	76
CA	1.074	9.125	20.198	76
C	1.065	10.006	21.43	76
N	0.161	9.716	22.353	77
CA	0.027	10.407	23.603	77
C	-0.342	9.43	24.691	77
N	-0.394	9.926	25.911	78
CA	-0.803	9.104	27.051	78
C	0.212	8.078	27.407	78
N	-0.225	6.968	27.974	79
CA	0.735	6.046	28.517	79
C	1.617	6.653	29.55	79
N	2.94	6.418	29.468	80
CA	3.908	7.099	30.337	80
C	4.29	8.503	29.854	80
N	3.697	8.954	28.752	81
CA	4.221	10.171	28.079	81
C	3.533	11.425	28.606	81
N	4.287	12.494	28.643	82
CA	3.775	13.842	28.851	82
C	3.913	14.503	27.481	82
N	2.866	15.03	26.96	83
CA	2.938	15.702	25.739	83
C	2.614	14.839	24.533	83
N	2.856	15.417	23.381	84
CA	2.408	14.89	22.132	84
C	3.614	14.475	21.348	84
N	3.604	13.255	20.849	85
CA	4.694	12.761	20.06	85
C	4.239	12.431	18.617	85
N	4.923	13.006	17.65	86
CA	4.563	12.839	16.251	86
C	5.288	11.71	15.545	86
N	4.544	10.875	14.841	87
CA	5.105	9.819	14.024	87
C	5.935	10.352	12.871	87
N	7.183	9.917	12.83	88
CA	8.086	10.305	11.745	88
C	8.403	9.151	10.797	88
N	8.601	7.957	11.358	89
CA	8.866	6.803	10.514	89
C	8.563	5.538	11.238	89
N	8.436	4.441	10.484	90
CA	8.529	3.111	11.087	90
C	9.516	2.295	10.329	90
N	10.074	1.331	11.049	91
CA	10.871	0.345	10.385	91
C	10.887	-0.93	11.14	91
N	11.526	-1.925	10.545	92
CA	11.536	-3.259	11.098	92
C	12.965	-3.742	11.285	92
N	13.089	-4.684	12.211	93
CA	14.284	-5.505	12.404	93
C	13.838	-6.945	12.306	93
N	14.61	-7.796	11.641	94
CA	14.201	-9.181	11.414	94
C	15.394	-10.115	11.308	94
N	15.081	-11.403	11.32	95
CA	16.085	-12.417	11.351	95
C	16.272	-13.16	10.025	95
N	17.276	-14.029	10.041	96
CA	17.478	-14.969	8.959	96
C	16.584	-16.221	9.086	96
N	16.053	-16.437	10.282	97
CA	15.252	-17.578	10.659	97
C	14.141	-17.121	11.511	97
N	13.038	-17.869	11.572	98
CA	11.838	-17.381	12.305	98
C	12.08	-17.289	13.81	98
N	13.083	-18.023	14.326	99
CA	13.398	-17.989	15.735	99
C	14.242	-16.853	16.296	99
N	14.535	-15.892	15.44	100
CA	15.272	-14.706	15.833	100
C	14.894	-13.538	14.957	100
N	15.236	-12.33	15.405	101
CA	15.003	-11.14	14.621	101
C	14.561	-9.946	15.431	101
N	13.882	-10.193	16.572	102
CA	13.467	-9.081	17.415	102
C	14.69	-8.529	18.16	102
N	14.549	-7.292	18.572	103
CA	15.576	-6.597	19.404	103
C	15.241	-6.814	20.868	103
N	14.059	-6.376	21.299	104
CA	13.601	-6.752	22.606	104
C	13.323	-8.237	22.615	104
N	13.477	-8.8	23.81	105
CA	13.07	-10.188	24.068	105
C	12.116	-10.204	25.253	105
N	11.366	-11.277	25.379	106
CA	10.382	-11.414	26.466	106
C	10.667	-12.725	27.185	106
N	11.151	-12.625	28.411	107
CA	11.64	-13.81	29.123	107
C	12.623	-14.603	28.262	107
N	13.498	-13.854	27.609	108
CA	14.576	-14.337	26.751	108
C	14.105	-14.872	25.408	108
N	12.793	-14.85	25.184	109
CA	12.227	-15.31	23.907	109
C	12.443	-14.217	22.842	109
N	12.953	-14.66	21.675	110
CA	13.079	-13.788	20.504	110
C	11.91	-14.019	19.565	110
N	11.414	-12.938	18.993	111
CA	10.417	-13.037	17.947	111
C	11.067	-12.953	16.574	111
N	10.303	-13.232	15.524	112
CA	10.82	-13.244	14.145	112
C	11.204	-11.882	13.632	112
N	10.585	-10.857	14.216	113
CA	10.866	-9.479	13.794	113
C	10.273	-8.534	14.829	113
N	10.59	-7.262	14.666	114
CA	10.084	-6.222	15.537	114
C	9.919	-4.955	14.722	114
N	8.749	-4.365	14.881	115
CA	8.357	-3.108	14.257	115
C	8.563	-1.968	15.267	115
N	9.198	-0.903	14.817	116
CA	9.389	0.312	15.582	116
C	8.701	1.49	14.932	116
N	7.685	2.021	15.607	117
CA	7.002	3.253	15.193	117
C	7.625	4.39	15.989	117
N	8.389	5.239	15.29	118
CA	9.232	6.235	15.904	118
C	8.537	7.572	15.927	118
N	8.391	8.14	17.118	119
CA	7.73	9.409	17.311	119
C	8.594	10.395	18.07	119
N	8.452	11.682	17.782	120
CA	9.238	12.688	18.529	120
C	8.339	13.725	19.222	120
N	8.852	14.236	20.34	121
CA	8.147	15.14	21.239	121
C	8.056	16.529	20.622	121
N	6.835	16.965	20.356	122
CA	6.637	18.187	19.579	122
C	7.16	19.455	20.289	122
N	7.396	19.306	21.659	123
CA	7.967	20.486	22.313	123
C	9.364	20.842	21.813	123
N	10.049	19.901	21.153	124
CA	11.385	20.117	20.638	124
C	11.49	20.561	19.19	124
N	10.362	20.673	18.514	125
CA	10.286	21.284	17.185	125
C	10.632	20.497	15.976	125
N	11.665	19.649	16.092	126
CA	11.994	18.731	15.019	126
C	12.685	17.484	15.601	126
N	12.776	16.472	14.784	127
CA	13.384	15.193	15.166	127
C	14.837	15.359	15.565	127
N	15.599	16.149	14.795	128
CA	16.987	16.341	15.133	128
C	17.254	16.929	16.497	128
N	16.396	17.864	16.925	129
CA	16.457	18.409	18.26	129
C	16.001	17.394	19.321	129
N	14.927	16.669	19.002	130
CA	14.365	15.691	19.916	130
C	15.331	14.609	20.298	130
N	16.141	14.119	19.357	131
CA	17.077	13.017	19.712	131
C	18.161	13.443	20.678	131
N	18.283	14.758	20.914	132
CA	19.279	15.255	21.9	132
C	18.703	15.426	23.277	132
N	17.452	14.977	23.521	133
CA	16.745	15.187	24.766	133
C	16.398	13.847	25.395	133
N	16.455	13.746	26.736	134
CA	16.179	12.521	27.403	134
C	14.756	12.01	27.229	134
N	13.849	12.928	26.944	135
CA	12.482	12.601	26.656	135
C	12.069	12.972	25.234	135
N	13.002	12.878	24.312	136
CA	12.775	13.325	22.975	136
C	11.921	12.441	22.085	136
N	12.06	11.141	22.268	137
CA	11.401	10.166	21.42	137
C	10.517	9.227	22.202	137
N	9.473	8.752	21.531	138
CA	8.659	7.62	22.01	138
C	8.611	6.628	20.886	138
N	9.074	5.416	21.162	139
CA	9.083	4.354	20.137	139
C	8.12	3.271	20.612	139
N	7.125	3.005	19.778	140
CA	6.18	1.952	19.989	140
C	6.758	0.709	19.283	140
N	7.102	-0.315	20.089	141
CA	7.668	-1.557	19.578	141
C	6.634	-2.625	19.545	141
N	6.548	-3.336	18.425	142
CA	5.525	-4.368	18.221	142
C	6.254	-5.605	17.689	142
N	6.068	-6.72	18.373	143
CA	6.674	-7.98	17.962	143
C	5.892	-8.585	16.795	143
N	6.635	-9.252	15.915	144
CA	6.073	-10.054	14.875	144
C	6.392	-11.525	15.072	144
N	5.364	-12.373	15.04	145
CA	5.511	-13.792	14.957	145
C	5.062	-14.295	13.628	145
N	5.521	-15.47	13.24	146
CA	5.105	-16.069	11.975	146
C	3.855	-16.93	12.233	146
N	2.842	-16.693	11.414	147
CA	1.598	-17.426	11.489	147
C	0.733	-17.065	10.307	147
N	-0.472	-16.568	10.583	148
CA	-1.34	-16.025	9.514	148
C	-0.79	-14.728	9.007	148
N	-1.122	-14.408	7.764	149
CA	-0.715	-13.154	7.161	149
C	-1.294	-11.983	7.942	149
N	-0.613	-10.843	7.844	150
CA	-1.138	-9.572	8.276	150
C	-1.482	-8.75	7.035	150
N	-2.78	-8.619	6.758	151
CA	-3.118	-7.985	5.502	151
C	-2.623	-6.533	5.404	151
N	-2.607	-5.864	6.532	152
CA	-2.125	-4.47	6.622	152
C	-0.649	-4.275	6.367	152
N	0.106	-5.371	6.326	153
CA	1.527	-5.354	5.959	153
C	1.765	-5.507	4.481	153
N	0.749	-6.038	3.747	154
CA	1.029	-6.484	2.426	154
C	1.469	-5.398	1.468	154
N	0.921	-4.175	1.614	155
CA	1.364	-3.104	0.773	155
C	2.864	-2.816	0.93	155
N	3.371	-2.943	2.155	156
CA	4.824	-2.815	2.374	156
C	5.598	-3.897	1.648	156
N	5.178	-5.16	1.858	157
CA	5.864	-6.282	1.261	157
C	5.912	-6.128	-0.27	157
N	4.778	-5.692	-0.85	158
CA	4.614	-5.472	-2.321	158
C	5.765	-4.59	-2.872	158
N	6.044	-3.496	-2.177	159
CA	6.891	-2.455	-2.739	159
C	8.387	-2.779	-2.528	159
N	8.732	-3.798	-1.708	160
CA	10.107	-4.074	-1.428	160
C	10.977	-4.374	-2.631	160
N	10.372	-4.942	-3.713	161
CA	11.259	-5.177	-4.845	161
C	11.653	-3.865	-5.557	161
N	11.02	-2.752	-5.231	162
CA	11.431	-1.466	-5.727	162
C	12.569	-0.821	-4.967	162
N	12.877	-1.376	-3.781	163
CA	13.938	-0.827	-2.924	163
C	14.921	-1.88	-2.469	163
N	15.307	-2.78	-3.379	164
CA	16.08	-3.92	-3.002	164
C	17.427	-3.581	-2.369	164
N	18.089	-2.522	-2.874	165
CA	19.436	-2.199	-2.479	165
C	19.543	-0.848	-1.767	165
N	20.639	-0.717	-1.054	166
CA	20.936	0.511	-0.275	166
C	20.798	1.77	-1.076	166
N	20.054	2.721	-0.557	167
CA	19.848	4.02	-1.192	167
C	18.646	4.156	-2.077	167
N	17.988	3.05	-2.395	168
CA	16.787	3.13	-3.169	168
C	15.568	3.532	-2.348	168
N	14.777	4.419	-2.907	169
CA	13.516	4.893	-2.34	169
C	12.409	4.792	-3.361	169
N	11.199	4.787	-2.865	170
CA	10.02	4.765	-3.69	170
C	8.887	5.518	-3.044	170
N	8.048	6.149	-3.85	171
CA	6.83	6.789	-3.33	171
C	6.038	5.76	-2.564	171
N	5.482	6.177	-1.434	172
CA	4.702	5.249	-0.611	172
C	3.671	6.047	0.148	172
N	2.692	6.518	-0.605	173
CA	1.627	7.338	-0.07	173
C	0.452	6.521	0.355	173
N	-0.397	7.082	1.195	174
CA	-1.654	6.527	1.605	174
C	-1.54	5.171	2.325	174
N	-0.412	4.948	2.986	175
CA	-0.293	3.765	3.814	175
C	-0.827	4.045	5.188	175
N	-1.665	3.154	5.714	176
CA	-2.305	3.303	6.989	176
C	-1.6	2.446	8.072	176
N	-0.858	3.09	8.962	177
CA	-0.158	2.292	9.949	177
C	-1.066	1.605	10.975	177
N	-2.349	1.962	11.046	178
CA	-3.284	1.245	11.932	178
C	-3.373	-0.225	11.62	178
N	-3.113	-0.585	10.369	179
CA	-3.134	-1.96	9.983	179
C	-1.99	-2.826	10.464	179
N	-1.042	-2.21	11.161	180
CA	0.054	-2.948	11.763	180
C	-0.079	-3.119	13.275	180
N	-1.192	-2.694	13.859	181
CA	-1.371	-2.713	15.333	181
C	-2.149	-3.956	15.779	181
N	-1.711	-4.579	16.882	182
CA	-2.452	-5.695	17.435	182
C	-3.763	-5.18	18.093	182
N	-4.579	-6.112	18.549	183
CA	-5.865	-5.761	19.156	183
C	-5.664	-5.0	20.443	183
N	-4.774	-5.481	21.319	184
CA	-4.531	-4.862	22.629	184
C	-3.432	-3.86	22.564	184
N	-3.573	-2.777	23.314	185
CA	-2.489	-1.829	23.517	185
C	-1.841	-1.932	24.92	185
N	-1.996	-3.046	25.601	186
CA	-1.27	-3.308	26.85	186
C	0.221	-3.256	26.529	186
N	1.037	-2.717	27.432	187
CA	2.419	-2.478	27.12	187
C	3.322	-2.559	28.336	187
N	4.617	-2.698	28.051	188
CA	5.686	-2.449	28.973	188
C	6.343	-1.149	28.597	188
N	6.93	-0.445	29.573	189
CA	7.621	0.801	29.283	189
C	8.874	0.964	30.116	189
N	9.917	1.521	29.503	190
CA	11.181	1.806	30.188	190
C	11.947	2.857	29.437	190
N	12.895	3.534	30.095	191
CA	13.693	4.544	29.414	191
C	14.865	3.88	28.752	191
N	15.087	4.197	27.481	192
CA	16.227	3.609	26.752	192
C	16.773	4.449	25.66	192
N	17.143	3.788	24.566	193
CA	17.928	4.439	23.511	193
C	17.479	4.048	22.12	193
N	18.011	4.757	21.128	194
CA	17.989	4.242	19.773	194
C	18.722	2.909	19.775	194
N	18.279	1.978	18.92	195
CA	18.907	0.634	18.83	195
C	19.946	0.554	17.738	195
N	20.127	1.646	17.024	196
CA	21.18	1.766	16.005	196
C	21.991	3.004	16.346	196
N	23.263	3.033	15.898	197
CA	23.982	4.276	15.962	197
C	23.152	5.436	15.443	197
N	23.183	6.584	16.129	198
CA	24.062	6.999	17.217	198
C	23.737	6.547	18.63	198
N	22.759	5.648	18.784	199
CA	22.493	5.02	20.075	199
C	22.117	6.0	21.205	199
N	21.56	7.135	20.822	200
CA	21.258	8.212	21.771	200
C	20.213	7.78	22.761	200
N	20.386	8.231	24.006	201
CA	19.56	7.834	25.106	201
C	18.394	8.784	25.288	201
N	17.523	8.78	24.279	202
CA	16.456	9.761	24.138	202
C	15.078	9.136	24.013	202
N	14.954	7.819	24.256	203
CA	13.724	7.112	23.928	203
C	12.97	6.649	25.166	203
N	11.686	6.981	25.226	204
CA	10.755	6.271	26.098	204
C	10.227	5.11	25.28	204
N	10.601	3.905	25.659	205
CA	10.147	2.714	24.971	205
C	8.791	2.297	25.443	205
N	7.915	1.933	24.499	206
CA	6.575	1.401	24.822	206
C	6.47	0.138	23.964	206
N	6.566	-1.03	24.588	207
CA	6.645	-2.303	23.886	207
C	5.34	-3.038	24.148	207
N	4.588	-3.285	23.082	208
CA	3.271	-3.927	23.232	208
C	3.424	-5.395	23.598	208
N	2.557	-5.827	24.545	209
CA	2.501	-7.215	24.966	209
C	2.116	-8.18	23.863	209
N	1.154	-7.777	23.037	210
CA	0.597	-8.68	22.045	210
C	1.338	-8.545	20.719	210
N	1.93	-9.645	20.204	211
CA	2.557	-9.594	18.889	211
C	1.487	-9.539	17.787	211
N	1.873	-9.081	16.615	212
CA	1.096	-9.331	15.396	212
C	1.65	-10.574	14.735	212
N	0.833	-11.244	13.921	213
CA	1.331	-12.379	13.156	213
C	1.372	-12.028	11.699	213
N	2.453	-12.434	11.059	214
CA	2.67	-12.228	9.642	214
C	2.921	-13.593	9.034	214
N	2.745	-13.726	7.738	215
CA	2.978	-15.045	7.12	215
C	4.453	-15.316	6.857	215
N	4.76	-16.595	6.693	216
CA	6.067	-16.975	6.253	216
C	6.49	-16.24	4.973	216
N	5.568	-16.103	4.01	217
CA	5.886	-15.416	2.765	217
C	6.202	-13.924	3.003	217
N	5.473	-13.306	3.928	218
CA	5.734	-11.897	4.211	218
C	7.16	-11.672	4.779	218
N	7.556	-12.449	5.79	219
CA	8.914	-12.289	6.357	219
C	9.972	-12.682	5.352	219
N	9.689	-13.72	4.568	220
CA	10.652	-14.153	3.53	220
C	10.978	-12.984	2.574	220
N	10.028	-12.144	2.31	221
CA	10.277	-11.0	1.455	221
C	11.181	-9.936	2.067	221
N	11.133	-9.782	3.375	222
CA	12.05	-8.893	4.055	222
C	13.461	-9.432	3.839	222
N	13.59	-10.74	3.868	223
CA	14.892	-11.373	3.805	223
C	15.552	-11.353	2.412	223
N	14.833	-10.906	1.401	224
CA	15.383	-10.768	0.041	224
C	15.944	-9.402	-0.228	224
N	15.738	-8.469	0.724	225
CA	16.405	-7.168	0.636	225
C	17.921	-7.319	0.749	225
N	18.65	-6.283	0.365	226
CA	20.085	-6.275	0.387	226
C	20.642	-5.152	1.242	226
N	21.683	-5.44	2.012	227
CA	22.407	-4.399	2.728	227
C	23.234	-3.501	1.784	227
N	23.677	-4.106	0.699	228
CA	24.566	-3.451	-0.271	228
C	23.82	-2.585	-1.254	228
N	24.599	-1.663	-1.87	229
CA	24.087	-0.862	-2.944	229
C	24.061	-1.679	-4.247	229
N	23.272	-1.214	-5.199	230
CA	23.237	-1.809	-6.534	230
C	24.652	-1.827	-7.142	230
N	25.027	-2.947	-7.732	231
CA	26.361	-3.039	-8.292	231
C	27.504	-3.326	-7.323	231
N	27.189	-3.49	-6.038	232
CA	28.141	-3.949	-5.059	232
C	27.824	-5.431	-4.804	232
N	28.723	-6.158	-4.16	233
CA	28.451	-7.557	-3.932	233
C	27.206	-7.804	-2.987	233
N	26.379	-8.765	-3.36	234
CA	25.078	-8.976	-2.694	234
C	25.257	-9.592	-1.283	234
N	24.702	-8.91	-0.292	235
CA	24.622	-9.42	1.026	235
C	23.181	-9.243	1.503	235
N	22.529	-10.348	1.79	236
CA	21.112	-10.272	2.197	236
C	20.929	-9.503	3.498	236
N	19.937	-8.635	3.508	237
CA	19.556	-7.893	4.691	237
C	18.754	-8.788	5.599	237
N	19.478	-9.421	6.514	238
CA	18.92	-10.305	7.547	238
C	19.723	-10.089	8.835	238
N	19.064	-10.386	9.954	239
CA	19.703	-10.294	11.258	239
C	20.212	-8.885	11.527	239
N	19.368	-7.917	11.224	240
CA	19.66	-6.501	11.482	240
C	19.076	-6.064	12.793	240
N	19.409	-6.845	13.826	241
CA	18.938	-6.603	15.212	241
C	20.124	-6.491	16.142	241
N	19.975	-5.566	17.094	242
CA	20.927	-5.456	18.2	242
C	20.474	-6.385	19.321	242
N	21.37	-7.125	19.945	243
CA	20.938	-7.98	21.072	243
C	20.613	-7.184	22.339	243
N	19.99	-7.854	23.287	244
CA	19.626	-7.222	24.534	244
C	20.834	-6.701	25.282	244
N	20.665	-5.527	25.882	245
CA	21.698	-4.821	26.628	245
C	21.365	-4.867	28.115	245
N	22.37	-4.646	28.983	246
CA	22.09	-4.683	30.412	246
C	21.084	-3.669	30.883	246
N	20.193	-4.11	31.76	247
CA	19.165	-3.226	32.292	247
C	19.74	-2.107	33.168	247
N	20.848	-2.38	33.865	248
CA	21.462	-1.449	34.753	248
C	20.446	-0.893	35.752	248
N	20.461	0.397	36.005	249
CA	19.533	0.983	37.015	249
C	18.191	1.392	36.422	249
N	17.471	0.374	35.899	250
CA	16.175	0.608	35.368	250
C	15.162	-0.434	35.783	250
N	13.912	-0.021	35.944	251
CA	12.794	-0.928	36.204	251
C	11.823	-0.809	35.07	251
N	11.454	-1.93	34.511	252
CA	10.414	-1.973	33.472	252
C	9.042	-1.952	34.138	252
N	8.161	-1.078	33.653	253
CA	6.833	-0.968	34.172	253
C	5.861	-1.584	33.189	253
N	4.782	-2.137	33.707	254
CA	3.732	-2.764	32.882	254
C	2.42	-2.008	33.105	254
N	1.628	-1.879	32.039	255
CA	0.345	-1.228	32.106	255
C	-0.74	-2.207	32.511	255
N	-0.399	-3.466	32.736	256
CA	-1.365	-4.574	32.905	256
C	-0.816	-5.54	33.883	256
N	-1.73	-6.287	34.494	257
CA	-1.342	-7.294	35.54	257
C	-1.357	-8.608	34.877	257
