ATOM	X	Y	Z	RESIDUE
N	38.003	27.35	3.69	1
CA	36.733	27.038	4.366	1
C	36.013	28.335	3.89	1
N	34.634	28.394	3.844	2
CA	33.586	28.347	4.867	2
C	32.453	27.465	4.365	2
N	31.786	26.802	5.278	3
CA	30.574	26.068	4.969	3
C	29.498	27.036	4.512	3
N	28.867	26.714	3.384	4
CA	27.695	27.397	2.945	4
C	26.512	26.458	3.111	4
N	25.623	26.771	4.044	5
CA	24.557	25.874	4.4	5
C	23.418	26.011	3.391	5
N	22.842	24.876	2.981	6
CA	21.664	24.852	2.12	6
C	20.531	24.148	2.834	6
N	19.372	24.004	2.161	7
CA	18.168	23.442	2.81	7
C	18.467	22.076	3.42	7
N	19.251	21.26	2.694	8
CA	19.468	19.861	3.073	8
C	20.374	19.78	4.298	8
N	21.019	20.897	4.637	9
CA	21.894	20.963	5.827	9
C	21.151	21.365	7.122	9
N	19.923	21.847	7.008	10
CA	19.279	22.561	8.093	10
C	17.946	21.955	8.406	10
N	17.726	21.696	9.689	11
CA	16.42	21.301	10.182	11
C	15.637	22.482	10.732	11
N	14.328	22.472	10.514	12
CA	13.423	23.459	11.137	12
C	13.009	23.088	12.528	12
N	13.382	21.904	12.969	13
CA	12.828	21.371	14.213	13
C	13.068	22.323	15.427	13
N	14.237	23.019	15.458	14
CA	14.505	23.849	16.616	14
C	13.545	25.008	16.783	14
N	12.839	25.391	15.726	15
CA	11.887	26.464	15.852	15
C	10.423	26.024	15.612	15
N	10.196	24.695	15.44	16
CA	8.899	24.175	14.863	16
C	7.703	24.65	15.643	16
N	7.769	24.567	16.967	17
CA	6.58	24.925	17.776	17
C	6.783	26.184	18.6	17
N	7.645	27.076	18.145	18
CA	7.869	28.334	18.857	18
C	7.003	29.407	18.248	18
N	6.456	30.27	19.077	19
CA	5.815	31.469	18.573	19
C	6.86	32.512	18.247	19
N	6.877	32.925	16.997	20
CA	7.824	33.921	16.516	20
C	7.101	35.262	16.372	20
N	7.475	36.231	17.169	21
CA	6.943	37.574	17.033	21
C	7.84	38.409	16.13	21
N	7.301	38.815	14.987	22
CA	7.976	39.75	14.095	22
C	7.558	41.138	14.476	22
N	8.482	41.906	15.035	23
CA	8.192	43.275	15.405	23
C	8.508	44.187	14.234	23
N	7.468	44.79	13.67	24
CA	7.591	45.597	12.521	24
C	7.126	44.823	11.271	24
N	6.612	45.562	10.309	25
CA	6.117	44.986	9.094	25
C	6.467	45.932	7.945	25
N	7.752	46.252	7.816	26
CA	8.212	47.045	6.698	26
C	8.894	46.193	5.68	26
N	10.072	46.64	5.241	27
CA	10.719	46.059	4.113	27
C	11.148	44.575	4.42	27
N	11.869	44.355	5.525	28
CA	12.197	43.013	5.918	28
C	11.026	42.357	6.618	28
N	10.334	43.112	7.463	29
CA	9.318	42.532	8.325	29
C	8.248	41.81	7.539	29
N	7.751	42.439	6.495	30
CA	6.693	41.782	5.684	30
C	7.243	40.537	5.021	30
N	8.475	40.627	4.518	31
CA	9.098	39.486	3.869	31
C	9.279	38.301	4.82	31
N	9.803	38.547	6.005	32
CA	10.009	37.462	6.925	32
C	8.678	36.836	7.364	32
N	7.747	37.675	7.768	33
CA	6.459	37.185	8.237	33
C	5.775	36.305	7.177	33
N	5.694	36.799	5.946	34
CA	5.077	36.024	4.865	34
C	5.832	34.733	4.585	34
N	7.156	34.82	4.515	35
CA	7.953	33.646	4.205	35
C	7.841	32.58	5.335	35
N	7.98	33.012	6.565	36
CA	7.917	32.091	7.688	36
C	6.537	31.389	7.775	36
N	5.486	32.144	7.529	37
CA	4.142	31.585	7.558	37
C	3.96	30.575	6.43	37
N	4.485	30.881	5.249	38
CA	4.392	29.953	4.102	38
C	5.227	28.69	4.407	38
N	6.273	28.829	5.202	39
CA	7.102	27.686	5.537	39
C	6.499	26.858	6.686	39
N	5.389	27.317	7.248	40
CA	4.626	26.505	8.203	40
C	4.882	26.899	9.638	40
N	5.594	27.993	9.852	41
CA	5.984	28.347	11.226	41
C	4.914	29.215	11.833	41
N	4.959	29.383	13.153	42
CA	3.956	30.159	13.895	42
C	4.372	31.616	14.093	42
N	3.702	32.517	13.385	43
CA	4.119	33.925	13.305	43
C	3.055	34.805	13.898	43
N	3.447	35.751	14.735	44
CA	2.582	36.902	15.046	44
C	3.313	38.191	14.736	44
N	2.57	39.181	14.268	45
CA	3.123	40.462	13.94	45
C	2.814	41.442	15.06	45
N	3.858	42.095	15.575	46
CA	3.74	43.062	16.66	46
C	4.063	44.455	16.214	46
N	3.13	45.371	16.431	47
CA	3.285	46.748	15.982	47
C	2.942	47.696	17.105	47
N	3.516	48.907	17.05	48
CA	3.204	49.962	18.031	48
C	1.928	50.689	17.753	48
N	1.565	50.792	16.489	49
CA	0.487	51.695	16.084	49
C	-0.314	51.025	14.955	49
N	-1.538	51.477	14.768	50
CA	-2.345	51.126	13.583	50
C	-2.102	52.064	12.426	50
N	-0.971	51.945	11.805	51
CA	-0.608	52.826	10.738	51
C	-0.516	52.046	9.43	51
N	0.354	52.505	8.548	52
CA	0.461	51.959	7.197	52
C	0.825	50.504	7.224	52
N	1.736	50.114	8.095	53
CA	2.147	48.734	8.103	53
C	1.163	47.802	8.798	53
N	0.377	48.323	9.728	54
CA	-0.716	47.583	10.266	54
C	-1.745	47.241	9.173	54
N	-2.077	48.224	8.368	55
CA	-3.031	48.043	7.276	55
C	-2.517	47.011	6.244	55
N	-1.226	47.065	5.97	56
CA	-0.605	46.123	5.071	56
C	-0.662	44.736	5.609	56
N	-0.359	44.575	6.902	57
CA	-0.368	43.268	7.512	57
C	-1.763	42.669	7.517	57
N	-2.742	43.482	7.798	58
CA	-4.171	42.997	7.767	58
C	-4.553	42.527	6.352	58
N	-4.183	43.307	5.377	59
CA	-4.371	42.937	3.938	59
C	-3.63	41.654	3.518	59
N	-2.643	41.209	4.325	60
CA	-1.94	39.967	4.052	60
C	-2.468	38.826	4.92	60
N	-3.558	39.055	5.645	61
CA	-4.179	38.0	6.426	61
C	-3.601	37.821	7.839	61
N	-2.756	38.745	8.297	62
CA	-2.332	38.715	9.708	62
C	-3.325	39.51	10.563	62
N	-3.405	39.166	11.834	63
CA	-4.051	40.053	12.858	63
C	-3.003	40.559	13.826	63
N	-2.412	41.729	13.537	64
CA	-1.303	42.216	14.33	64
C	-1.709	42.421	15.748	64
N	-0.807	42.13	16.65	65
CA	-0.951	42.53	18.009	65
C	-0.144	43.768	18.308	65
N	-0.516	44.429	19.366	66
CA	0.289	45.483	19.904	66
C	1.655	44.88	20.427	66
N	2.738	45.628	20.256	67
CA	4.101	45.111	20.566	67
C	4.16	44.378	21.88	67
N	3.654	45.004	22.94	68
CA	3.75	44.405	24.29	68
C	3.005	43.093	24.401	68
N	1.859	42.98	23.72	69
CA	1.088	41.725	23.731	69
C	1.769	40.63	22.936	69
N	2.373	40.995	21.794	70
CA	3.073	39.995	20.96	70
C	4.264	39.452	21.699	70
N	5.031	40.318	22.35	71
CA	6.231	39.815	23.025	71
C	5.921	38.977	24.252	71
N	4.771	39.226	24.898	72
CA	4.343	38.411	26.093	72
C	4.147	36.948	25.775	72
N	3.749	36.636	24.541	73
CA	3.52	35.269	24.166	73
C	4.624	34.677	23.271	73
N	5.655	35.461	22.999	74
CA	6.69	35.042	22.041	74
C	7.761	34.141	22.697	74
N	8.206	33.128	21.965	75
CA	9.462	32.429	22.254	75
C	10.658	33.063	21.545	75
N	10.382	33.711	20.397	76
CA	11.42	34.324	19.544	76
C	10.935	35.66	19.141	76
N	11.714	36.688	19.44	77
CA	11.329	38.057	19.174	77
C	12.297	38.661	18.144	77
N	11.778	39.063	16.978	78
CA	12.609	39.615	15.905	78
C	12.428	41.109	15.739	78
N	13.526	41.855	15.81	79
CA	13.48	43.333	15.681	79
C	13.569	43.764	14.212	79
N	12.409	43.917	13.548	80
CA	12.389	44.375	12.151	80
C	11.709	45.746	12.035	80
N	12.081	46.64	12.946	81
CA	11.811	48.047	12.837	81
C	13.138	48.728	12.556	81
N	13.109	49.999	12.198	82
CA	14.332	50.704	11.856	82
C	15.343	50.685	12.979	82
N	16.614	50.553	12.609	83
CA	17.703	50.473	13.578	83
C	17.612	51.577	14.646	83
N	17.292	52.79	14.22	84
CA	17.287	53.946	15.165	84
C	16.11	53.895	16.151	84
N	15.095	53.121	15.811	85
CA	13.901	52.962	16.608	85
C	14.045	51.776	17.656	85
N	15.009	50.862	17.451	86
CA	15.044	49.648	18.221	86
C	15.276	49.861	19.736	86
N	16.107	50.808	20.09	87
CA	16.4	51.058	21.503	87
C	15.139	51.454	22.228	87
N	14.4	52.396	21.646	88
CA	13.148	52.855	22.226	88
C	12.073	51.78	22.289	88
N	11.946	50.989	21.23	89
CA	11.032	49.857	21.27	89
C	11.42	48.83	22.344	89
N	12.703	48.543	22.429	90
CA	13.221	47.645	23.401	90
C	12.883	48.133	24.835	90
N	13.205	49.385	25.113	91
CA	13.054	49.934	26.465	91
C	11.59	50.064	26.88	91
N	10.74	50.366	25.941	92
CA	9.357	50.709	26.251	92
C	8.362	49.61	26.053	92
N	8.656	48.659	25.181	93
CA	7.668	47.688	24.808	93
C	8.147	46.239	24.849	93
N	9.438	46.006	25.042	94
CA	9.939	44.637	25.009	94
C	10.565	44.177	26.325	94
N	11.548	44.919	26.79	95
CA	12.377	44.479	27.9	95
C	11.532	43.999	29.108	95
N	10.515	44.769	29.49	96
CA	9.744	44.454	30.74	96
C	8.534	43.6	30.452	96
N	8.353	43.223	29.185	97
CA	7.145	42.483	28.77	97
C	7.417	41.094	28.19	97
N	8.662	40.83	27.786	98
CA	8.995	39.565	27.157	98
C	8.97	38.433	28.165	98
N	8.689	37.215	27.693	99
CA	8.974	36.004	28.469	99
C	10.367	36.008	28.836	99
N	10.647	35.581	30.039	100
CA	11.975	35.4	30.455	100
C	12.609	34.276	29.651	100
N	13.785	34.533	29.106	101
CA	14.472	33.535	28.303	101
C	14.098	33.506	26.804	101
N	13.205	34.388	26.356	102
CA	12.832	34.397	24.959	102
C	14.04	34.833	24.093	102
N	14.119	34.325	22.867	103
CA	15.244	34.641	21.967	103
C	15.064	36.09	21.477	103
N	16.167	36.825	21.357	104
CA	16.157	38.135	20.758	104
C	16.944	38.093	19.465	104
N	16.299	38.48	18.386	105
CA	16.808	38.2	17.035	105
C	16.816	39.469	16.205	105
N	17.908	39.668	15.45	106
CA	18.092	40.869	14.651	106
C	18.346	40.494	13.22	106
N	18.166	41.447	12.331	107
CA	18.501	41.241	10.929	107
C	19.739	42.071	10.535	107
N	20.243	42.853	11.474	108
CA	21.467	43.669	11.258	108
C	22.084	43.809	12.646	108
N	23.393	43.792	12.728	109
CA	24.066	43.786	14.035	109
C	24.215	45.12	14.718	109
N	23.762	46.186	14.072	110
CA	24.076	47.571	14.502	110
C	23.841	47.818	15.999	110
N	22.646	47.539	16.47	111
CA	22.311	47.918	17.862	111
C	23.097	47.119	18.882	111
N	23.288	45.84	18.626	112
CA	24.044	44.987	19.568	112
C	25.526	45.283	19.482	112
N	26.042	45.389	18.263	113
CA	27.49	45.562	18.065	113
C	27.941	46.928	18.626	113
N	27.172	47.981	18.386	114
CA	27.554	49.278	18.901	114
C	27.093	49.522	20.347	114
N	26.604	48.463	21.01	115
CA	26.197	48.528	22.437	115
C	25.099	49.522	22.681	115
N	24.148	49.6	21.786	116
CA	23.016	50.462	21.988	116
C	21.976	49.741	22.843	116
N	21.825	48.455	22.593	117
CA	20.958	47.589	23.375	117
C	21.857	46.565	24.053	117
N	21.708	46.449	25.358	118
CA	22.375	45.421	26.148	118
C	21.355	44.404	26.57	118
N	21.384	43.215	25.957	119
CA	20.31	42.286	26.203	119
C	20.461	41.624	27.582	119
N	19.423	41.004	28.059	120
CA	19.561	40.252	29.285	120
C	20.441	38.99	29.104	120
N	20.986	38.498	30.192	121
CA	22.017	37.475	30.158	121
C	21.411	36.087	29.932	121
N	20.105	35.974	30.061	122
CA	19.468	34.665	30.013	122
C	18.63	34.476	28.723	122
N	18.916	35.29	27.696	123
CA	18.307	35.1	26.366	123
C	19.385	34.76	25.339	123
N	19.081	33.841	24.452	124
CA	19.832	33.73	23.198	124
C	19.698	35.054	22.437	124
N	20.802	35.52	21.84	125
CA	20.767	36.69	20.968	125
C	21.492	36.359	19.69	125
N	20.781	36.408	18.574	126
CA	21.359	35.978	17.323	126
C	20.73	36.711	16.171	126
N	21.215	36.429	14.965	127
CA	20.91	37.241	13.824	127
C	20.832	36.417	12.59	127
N	19.871	36.774	11.718	128
CA	19.865	36.378	10.325	128
C	19.812	37.633	9.47	128
N	20.871	37.861	8.676	129
CA	21.017	39.09	7.88	129
C	20.942	38.712	6.403	129
N	19.757	38.813	5.803	130
CA	19.688	38.567	4.381	130
C	20.451	39.573	3.591	130
N	21.2	39.102	2.597	131
CA	22.029	39.992	1.78	131
C	21.198	40.401	0.539	131
N	20.132	41.144	0.8	132
CA	19.102	41.477	-0.207	132
C	18.215	42.559	0.386	132
N	17.713	43.451	-0.447	133
CA	16.569	44.27	-0.083	133
C	15.398	43.453	0.3	133
N	14.63	43.94	1.271	134
CA	13.456	43.174	1.782	134
C	12.482	42.615	0.756	134
N	12.073	43.424	-0.22	135
CA	11.077	42.939	-1.143	135
C	11.556	41.741	-1.968	135
N	12.862	41.646	-2.19	136
CA	13.416	40.559	-2.966	136
C	13.591	39.302	-2.092	136
N	13.682	39.481	-0.77	137
CA	13.59	38.311	0.148	137
C	12.262	37.61	-0.08	137
N	11.21	38.383	-0.203	138
CA	9.882	37.804	-0.45	138
C	9.774	37.299	-1.899	138
N	10.221	38.107	-2.848	139
CA	9.952	37.79	-4.264	139
C	10.686	36.545	-4.674	139
N	11.919	36.372	-4.159	140
CA	12.677	35.18	-4.425	140
C	11.983	33.977	-3.858	140
N	11.578	34.077	-2.599	141
CA	10.91	32.964	-1.903	141
C	9.666	32.48	-2.691	141
N	8.861	33.405	-3.127	142
CA	7.603	33.037	-3.751	142
C	7.781	32.493	-5.192	142
N	8.917	32.766	-5.807	143
CA	9.306	32.085	-7.062	143
C	10.011	30.751	-6.853	143
N	10.141	30.291	-5.61	144
CA	10.771	28.997	-5.348	144
C	12.293	29.11	-5.13	144
N	12.793	30.329	-5.055	145
CA	14.22	30.567	-4.806	145
C	14.459	31.271	-3.477	145
N	15.609	31.907	-3.35	146
CA	15.954	32.627	-2.111	146
C	17.119	33.554	-2.33	146
N	17.512	34.257	-1.267	147
CA	18.697	35.095	-1.274	147
C	19.673	34.659	-0.185	147
N	20.968	34.95	-0.369	148
CA	21.949	34.541	0.619	148
C	21.748	35.266	1.933	148
N	22.281	34.687	3.03	149
CA	22.198	35.325	4.339	149
C	23.395	34.97	5.174	149
N	23.739	35.876	6.075	150
CA	24.657	35.606	7.161	150
C	23.882	35.251	8.415	150
N	24.415	34.334	9.217	151
CA	23.922	34.146	10.54	151
C	25.025	34.376	11.55	151
N	24.64	34.77	12.763	152
CA	25.603	35.042	13.812	152
C	24.964	34.883	15.144	152
N	25.773	34.588	16.135	153
CA	25.294	34.433	17.484	153
C	26.076	35.355	18.427	153
N	25.396	36.289	19.06	154
CA	26.055	37.209	20.0	154
C	26.153	36.557	21.356	154
N	25.068	35.924	21.779	155
CA	25.0	35.32	23.086	155
C	24.264	34.023	23.03	155
N	24.928	32.943	23.442	156
CA	24.333	31.615	23.42	156
C	24.068	31.188	24.867	156
N	22.816	30.918	25.171	157
CA	22.409	30.499	26.478	157
C	21.766	29.076	26.408	157
N	21.068	28.785	25.304	158
CA	20.477	27.429	25.08	158
C	21.507	26.437	24.668	158
N	22.558	26.905	24.061	159
CA	23.453	26.06	23.384	159
C	23.028	25.69	21.972	159
N	21.911	26.209	21.509	160
CA	21.499	25.902	20.167	160
C	21.08	27.17	19.384	160
N	21.657	28.294	19.757	161
CA	21.355	29.534	19.101	161
C	21.662	29.491	17.608	161
N	22.795	28.915	17.227	162
CA	23.161	28.854	15.831	162
C	22.173	27.994	15.024	162
N	21.732	26.898	15.607	163
CA	20.802	26.035	14.948	163
C	19.463	26.742	14.762	163
N	19.027	27.513	15.771	164
CA	17.827	28.327	15.606	164
C	17.986	29.42	14.518	164
N	19.153	30.07	14.47	165
CA	19.415	31.067	13.409	165
C	19.351	30.413	12.041	165
N	19.969	29.265	11.904	166
CA	19.955	28.567	10.648	166
C	18.509	28.159	10.247	166
N	17.733	27.735	11.222	167
CA	16.338	27.36	10.993	167
C	15.523	28.518	10.49	167
N	15.665	29.681	11.135	168
CA	14.994	30.874	10.651	168
C	15.456	31.246	9.219	168
N	16.782	31.165	8.949	169
CA	17.274	31.457	7.634	169
C	16.638	30.528	6.627	169
N	16.508	29.265	6.979	170
CA	15.849	28.314	6.053	170
C	14.389	28.718	5.848	170
N	13.731	29.042	6.948	171
CA	12.326	29.421	6.938	171
C	12.013	30.612	6.066	171
N	12.97	31.552	5.931	172
CA	12.746	32.685	5.054	172
C	13.325	32.511	3.686	172
N	13.782	31.295	3.371	173
CA	14.173	30.957	1.988	173
C	15.657	31.083	1.69	173
N	16.44	31.59	2.661	174
CA	17.82	31.919	2.393	174
C	18.723	30.688	2.169	174
N	18.339	29.556	2.721	175
CA	19.113	28.308	2.544	175
C	18.866	27.675	1.18	175
N	17.92	28.205	0.43	176
CA	17.814	27.848	-0.981	176
C	18.983	28.415	-1.798	176
N	19.562	29.518	-1.316	177
CA	20.655	30.149	-1.966	177
C	21.989	29.816	-1.262	177
N	22.075	30.134	0.005	178
CA	23.239	29.814	0.795	178
C	23.357	30.7	2.04	178
N	23.661	30.07	3.174	179
CA	23.806	30.754	4.442	179
C	25.235	30.538	4.978	179
N	25.884	31.628	5.4	180
CA	27.184	31.531	5.947	180
C	27.177	32.031	7.386	180
N	27.97	31.384	8.216	181
CA	28.146	31.808	9.596	181
C	29.094	32.975	9.636	181
N	28.775	33.962	10.478	182
CA	29.569	35.173	10.607	182
C	29.518	35.613	12.038	182
N	29.794	36.894	12.281	183
CA	29.704	37.48	13.635	183
C	28.916	38.743	13.577	183
N	28.462	39.23	14.723	184
CA	27.778	40.513	14.756	184
C	28.716	41.652	14.256	184
N	29.99	41.574	14.6	185
CA	30.935	42.62	14.215	185
C	31.118	42.604	12.701	185
N	31.423	41.435	12.158	186
CA	31.658	41.315	10.748	186
C	30.422	41.739	9.942	186
N	29.252	41.182	10.272	187
CA	28.0	41.594	9.576	187
C	27.826	43.091	9.59	187
N	27.916	43.696	10.773	188
CA	27.66	45.139	10.897	188
C	28.613	45.954	10.035	188
N	29.897	45.652	10.116	189
CA	30.871	46.435	9.454	189
C	30.785	46.277	7.903	189
N	30.645	45.039	7.438	190
CA	30.595	44.771	6.02	190
C	29.306	45.259	5.432	190
N	28.232	45.181	6.212	191
CA	26.916	45.618	5.749	191
C	26.85	47.148	5.54	191
N	27.274	47.883	6.543	192
CA	27.318	49.32	6.43	192
C	28.26	49.727	5.292	192
N	29.415	49.065	5.185	193
CA	30.363	49.374	4.122	193
C	29.713	49.18	2.757	193
N	29.173	47.994	2.526	194
CA	28.569	47.635	1.221	194
C	27.482	48.61	0.78	194
N	26.546	48.916	1.661	195
CA	25.488	49.825	1.294	195
C	25.977	51.244	1.018	195
N	26.989	51.681	1.751	196
CA	27.514	53.033	1.594	196
C	28.296	53.202	0.282	196
N	29.203	52.272	-0.019	197
CA	30.118	52.482	-1.075	197
C	29.623	52.0	-2.415	197
N	28.762	50.979	-2.432	198
CA	28.393	50.365	-3.72	198
C	26.918	50.094	-3.876	198
N	26.298	49.413	-2.918	199
CA	24.905	48.947	-3.12	199
C	23.881	50.074	-3.157	199
N	24.072	51.111	-2.349	200
CA	23.196	52.26	-2.4	200
C	23.936	53.504	-2.88	200
N	24.92	53.953	-2.12	201
CA	25.607	55.184	-2.432	201
C	26.327	55.165	-3.773	201
N	27.19	54.203	-3.96	202
CA	28.011	54.145	-5.17	202
C	27.204	53.972	-6.466	202
N	26.333	52.993	-6.498	203
CA	25.624	52.687	-7.731	203
C	24.686	53.824	-8.098	203
N	24.046	54.424	-7.102	204
CA	23.169	55.548	-7.344	204
C	23.906	56.735	-7.953	204
N	25.061	57.067	-7.411	205
CA	25.817	58.17	-7.963	205
C	26.434	57.856	-9.293	205
N	26.858	56.616	-9.504	206
CA	27.353	56.222	-10.822	206
C	26.253	56.362	-11.896	206
N	25.041	55.933	-11.559	207
CA	23.921	56.025	-12.506	207
C	23.608	57.492	-12.816	207
N	23.556	58.326	-11.788	208
CA	23.322	59.756	-12.005	208
C	24.424	60.4	-12.837	208
N	25.687	60.083	-12.528	209
CA	26.807	60.637	-13.277	209
C	26.727	60.264	-14.766	209
N	26.421	59.005	-15.042	210
CA	26.326	58.518	-16.421	210
C	25.178	59.224	-17.169	210
N	24.023	59.287	-16.524	211
CA	22.86	59.982	-17.063	211
C	23.18	61.455	-17.397	211
N	23.733	62.169	-16.439	212
CA	24.053	63.604	-16.61	212
C	25.052	63.818	-17.72	212
N	26.028	62.952	-17.784	213
CA	27.086	63.047	-18.768	213
C	26.541	62.82	-20.188	213
N	25.658	61.829	-20.349	214
CA	25.044	61.588	-21.636	214
C	24.176	62.733	-22.054	214
N	23.48	63.323	-21.109	215
CA	22.64	64.464	-21.409	215
C	23.479	65.708	-21.796	215
N	24.568	65.933	-21.103	216
CA	25.471	67.009	-21.463	216
C	26.115	66.824	-22.827	216
N	26.232	65.598	-23.277	217
CA	26.836	65.334	-24.568	217
C	25.832	65.439	-25.687	217
N	24.569	65.587	-25.331	218
CA	23.546	65.927	-26.281	218
C	22.534	64.824	-26.531	218
N	22.539	63.765	-25.714	219
CA	21.526	62.731	-25.864	219
C	20.235	63.188	-25.256	219
N	19.121	62.759	-25.827	220
CA	17.835	63.057	-25.217	220
C	17.764	62.3	-23.889	220
N	17.143	62.906	-22.884	221
CA	17.034	62.307	-21.563	221
C	16.549	60.855	-21.58	221
N	15.52	60.564	-22.366	222
CA	14.959	59.211	-22.414	222
C	15.985	58.191	-22.896	222
N	16.816	58.597	-23.865	223
CA	17.908	57.755	-24.36	223
C	19.084	57.64	-23.342	223
N	19.434	58.746	-22.686	224
CA	20.469	58.727	-21.664	224
C	20.063	57.764	-20.534	224
N	18.794	57.787	-20.158	225
CA	18.305	56.937	-19.072	225
C	18.344	55.484	-19.485	225
N	17.758	55.208	-20.63	226
CA	17.66	53.876	-21.124	226
C	19.045	53.257	-21.349	226
N	19.947	54.005	-21.953	227
CA	21.292	53.463	-22.22	227
C	21.978	53.131	-20.905	227
N	21.794	53.986	-19.912	228
CA	22.51	53.829	-18.662	228
C	21.995	52.574	-17.959	228
N	20.69	52.492	-17.775	229
CA	20.147	51.466	-16.896	229
C	20.097	50.103	-17.558	229
N	19.89	50.097	-18.84	230
CA	19.898	48.873	-19.58	230
C	21.295	48.238	-19.662	230
N	22.292	49.036	-19.928	231
CA	23.669	48.527	-19.934	231
C	24.128	48.081	-18.515	231
N	23.75	48.835	-17.502	232
CA	24.027	48.449	-16.155	232
C	23.47	47.062	-15.851	232
N	22.199	46.849	-16.166	233
CA	21.58	45.563	-15.923	233
C	22.263	44.425	-16.685	233
N	22.535	44.635	-17.949	234
CA	23.231	43.608	-18.75	234
C	24.569	43.22	-18.111	234
N	25.358	44.222	-17.732	235
CA	26.686	43.962	-17.231	235
C	26.637	43.297	-15.849	235
N	25.792	43.81	-14.965	236
CA	25.686	43.249	-13.604	236
C	25.096	41.831	-13.614	236
N	24.113	41.576	-14.505	237
CA	23.58	40.186	-14.7	237
C	24.675	39.206	-15.148	237
N	25.555	39.64	-16.032	238
CA	26.639	38.779	-16.507	238
C	27.577	38.444	-15.357	238
N	27.884	39.438	-14.544	239
CA	28.792	39.223	-13.413	239
C	28.144	38.282	-12.379	239
N	26.891	38.523	-12.097	240
CA	26.133	37.71	-11.167	240
C	26.168	36.198	-11.551	240
N	26.081	35.928	-12.852	241
CA	26.025	34.542	-13.392	241
C	27.388	33.954	-13.581	241
N	28.372	34.766	-14.014	242
CA	29.604	34.226	-14.504	242
C	30.875	34.968	-14.052	242
N	30.742	35.922	-13.138	243
CA	31.918	36.634	-12.601	243
C	32.437	37.718	-13.542	243
N	33.522	38.372	-13.145	244
CA	34.153	39.401	-13.992	244
C	34.705	38.768	-15.277	244
N	35.263	37.573	-15.178	245
CA	35.9	36.989	-16.351	245
C	34.835	36.576	-17.345	245
N	33.733	36.102	-16.836	246
CA	32.603	35.717	-17.655	246
C	31.951	36.886	-18.324	246
N	31.877	37.992	-17.622	247
CA	31.344	39.202	-18.183	247
C	32.251	39.676	-19.306	247
N	33.552	39.74	-19.035	248
CA	34.502	40.248	-20.021	248
C	34.517	39.349	-21.302	248
N	34.391	38.049	-21.115	249
CA	34.363	37.144	-22.235	249
C	33.055	37.279	-23.05	249
N	32.029	37.906	-22.469	250
CA	30.788	38.117	-23.179	250
C	30.768	39.403	-24.006	250
N	31.733	40.265	-23.828	251
CA	31.753	41.478	-24.59	251
C	32.889	41.433	-25.603	251
N	32.856	42.34	-26.571	252
CA	33.888	42.393	-27.637	252
C	35.274	42.642	-27.038	252
N	36.309	42.228	-27.743	253
CA	37.671	42.541	-27.319	253
C	37.896	44.027	-27.185	253
N	37.285	44.81	-28.054	254
CA	37.404	46.269	-27.935	254
C	36.81	46.806	-26.624	254
N	35.672	46.283	-26.265	255
CA	34.996	46.624	-24.996	255
C	35.753	46.126	-23.771	255
N	36.397	44.949	-23.891	256
CA	37.32	44.475	-22.852	256
C	38.381	45.502	-22.591	256
N	39.055	45.947	-23.652	257
CA	40.161	46.85	-23.501	257
C	39.66	48.187	-22.956	257
N	38.542	48.648	-23.499	258
CA	37.915	49.918	-23.043	258
C	37.52	49.861	-21.586	258
N	36.886	48.754	-21.201	259
CA	36.47	48.541	-19.822	259
C	37.631	48.544	-18.896	259
N	38.638	47.767	-19.241	260
CA	39.757	47.604	-18.363	260
C	40.452	48.944	-18.096	260
N	40.717	49.711	-19.162	261
CA	41.524	50.923	-19.044	261
C	40.702	52.103	-18.463	261
N	39.517	52.3	-19.0	262
CA	38.611	53.338	-18.524	262
C	38.23	53.119	-17.061	262
N	38.033	51.869	-16.673	263
CA	37.641	51.558	-15.318	263
C	38.648	52.07	-14.314	263
N	39.915	51.799	-14.576	264
CA	40.977	52.208	-13.666	264
C	41.206	53.72	-13.706	264
N	40.787	54.364	-14.795	265
CA	40.807	55.837	-14.927	265
C	39.681	56.456	-14.095	265
N	38.462	56.002	-14.353	266
CA	37.274	56.477	-13.63	266
C	37.263	56.056	-12.158	266
N	37.831	54.911	-11.847	267
CA	37.84	54.408	-10.481	267
C	39.241	54.044	-10.0	267
N	39.938	55.035	-9.464	268
CA	41.36	54.925	-9.338	268
C	41.713	54.733	-7.927	268
N	42.987	54.665	-7.669	269
CA	43.475	54.368	-6.357	269
C	42.898	55.313	-5.319	269
N	42.624	56.547	-5.701	270
CA	42.166	57.465	-4.733	270
C	40.807	56.951	-4.223	270
N	40.089	56.238	-5.055	271
CA	38.788	55.696	-4.619	271
C	38.959	54.558	-3.641	271
N	40.001	53.748	-3.825	272
CA	40.33	52.737	-2.846	272
C	40.659	53.33	-1.467	272
N	41.349	54.45	-1.47	273
CA	41.685	55.126	-0.214	273
C	40.434	55.615	0.45	273
N	39.548	56.22	-0.327	274
CA	38.315	56.702	0.208	274
C	37.429	55.583	0.772	274
N	37.48	54.406	0.158	275
CA	36.749	53.263	0.723	275
C	37.304	52.859	2.095	275
N	38.624	52.902	2.265	276
CA	39.202	52.608	3.56	276
C	38.808	53.611	4.599	276
N	38.76	54.874	4.204	277
CA	38.248	55.938	5.092	277
C	36.796	55.63	5.551	277
N	35.941	55.295	4.605	278
CA	34.577	54.928	4.917	278
C	34.527	53.734	5.904	278
N	35.346	52.732	5.666	279
CA	35.395	51.569	6.557	279
C	35.876	51.936	7.979	279
N	36.88	52.797	8.075	280
CA	37.356	53.182	9.387	280
C	36.374	54.032	10.119	280
N	35.646	54.894	9.406	281
CA	34.582	55.658	10.042	281
C	33.511	54.745	10.621	281
N	33.217	53.662	9.906	282
CA	32.32	52.614	10.413	282
C	32.898	51.881	11.643	282
N	34.145	51.403	11.521	283
CA	34.791	50.591	12.56	283
C	34.927	51.346	13.868	283
N	35.216	52.661	13.778	284
CA	35.543	53.454	14.919	284
C	34.292	53.895	15.664	284
N	33.127	53.712	15.056	285
CA	31.895	54.174	15.63	285
C	31.47	55.583	15.228	285
N	32.283	56.261	14.427	286
CA	31.956	57.642	13.994	286
C	30.695	57.687	13.115	286
N	30.553	56.748	12.192	287
CA	29.33	56.724	11.4	287
C	28.116	56.575	12.286	287
N	28.164	55.62	13.181	288
CA	27.032	55.347	14.084	288
C	26.632	56.615	14.892	288
N	27.618	57.329	15.369	289
CA	27.354	58.516	16.211	289
C	26.759	59.609	15.363	289
N	27.237	59.712	14.131	290
CA	26.715	60.703	13.198	290
C	25.306	60.383	12.724	290
N	25.036	59.1	12.479	291
CA	23.684	58.671	12.13	291
C	22.718	58.882	13.307	291
N	23.137	58.562	14.519	292
CA	22.251	58.777	15.689	292
C	21.897	60.271	15.84	292
N	22.881	61.126	15.623	293
CA	22.696	62.576	15.723	293
C	21.729	63.085	14.642	293
N	21.879	62.569	13.436	294
CA	20.987	62.903	12.365	294
C	19.584	62.467	12.667	294
N	19.437	61.219	13.111	295
CA	18.14	60.707	13.461	295
C	17.458	61.577	14.538	295
N	18.202	61.926	15.56	296
CA	17.638	62.723	16.66	296
C	17.244	64.17	16.192	296
N	17.726	64.585	15.021	297
CA	17.306	65.862	14.411	297
C	16.047	65.701	13.572	297
N	15.565	64.464	13.424	298
CA	14.399	64.187	12.578	298
C	14.737	63.629	11.166	298
N	15.991	63.197	10.959	299
CA	16.451	62.688	9.62	299
C	16.216	63.668	8.518	299
N	16.487	64.946	8.762	300
CA	16.169	65.926	7.722	300
C	16.928	65.657	6.382	300
N	18.188	65.224	6.47	301
CA	18.972	64.857	5.292	301
C	18.28	63.755	4.459	301
N	17.714	62.763	5.139	302
CA	17.053	61.652	4.465	302
C	15.767	62.148	3.768	302
N	14.956	62.906	4.495	303
CA	13.676	63.404	3.919	303
C	13.926	64.337	2.752	303
N	14.946	65.17	2.862	304
CA	15.266	66.097	1.803	304
C	15.685	65.352	0.562	304
N	16.606	64.401	0.724	305
CA	17.149	63.703	-0.418	305
C	16.066	62.934	-1.151	305
N	15.182	62.309	-0.393	306
CA	14.124	61.525	-0.975	306
C	13.219	62.409	-1.811	306
N	12.9	63.593	-1.304	307
CA	11.939	64.429	-1.971	307
C	12.553	65.099	-3.209	307
N	13.811	65.502	-3.119	308
CA	14.538	65.954	-4.302	308
C	14.697	64.84	-5.345	308
N	14.995	63.627	-4.9	309
CA	15.185	62.53	-5.848	309
C	13.867	62.25	-6.584	309
N	12.776	62.155	-5.819	310
CA	11.459	61.786	-6.366	310
C	11.029	62.775	-7.451	310
N	11.354	64.049	-7.249	311
CA	10.964	65.107	-8.186	311
C	11.977	65.35	-9.322	311
N	13.142	64.703	-9.26	312
CA	14.247	65.065	-10.131	312
C	13.938	64.726	-11.606	312
N	14.71	65.315	-12.509	313
CA	14.63	64.99	-13.933	313
C	14.91	63.505	-14.204	313
N	15.949	62.966	-13.589	314
CA	16.296	61.601	-13.865	314
C	15.145	60.628	-13.478	314
N	14.472	60.885	-12.374	315
CA	13.389	59.993	-11.935	315
C	12.08	60.157	-12.749	315
N	11.757	61.397	-13.109	316
CA	10.651	61.705	-14.039	316
C	10.813	61.039	-15.376	316
N	12.0	61.144	-15.935	317
CA	12.297	60.533	-17.198	317
C	12.236	59.01	-17.091	317
N	12.821	58.456	-16.036	318
CA	12.782	57.005	-15.828	318
C	11.314	56.474	-15.684	318
N	10.514	57.156	-14.893	319
CA	9.083	56.779	-14.742	319
C	8.355	56.766	-16.101	319
N	8.548	57.815	-16.883	320
CA	7.935	57.903	-18.222	320
C	8.41	56.77	-19.138	320
N	9.711	56.514	-19.137	321
CA	10.278	55.438	-19.903	321
C	9.71	54.052	-19.498	321
N	9.731	53.751	-18.223	322
CA	9.282	52.452	-17.77	322
C	7.777	52.287	-18.18	322
N	7.031	53.357	-18.096	323
CA	5.576	53.303	-18.4	323
C	5.363	53.039	-19.885	323
N	6.147	53.699	-20.719	324
CA	6.035	53.486	-22.164	324
C	6.482	52.082	-22.57	324
N	7.493	51.565	-21.941	325
CA	7.87	50.185	-22.172	325
C	6.781	49.19	-21.689	325
N	6.245	49.426	-20.508	326
CA	5.107	48.613	-20.024	326
C	4.019	48.562	-21.089	326
N	3.609	49.739	-21.561	327
CA	2.502	49.872	-22.52	327
C	2.929	49.589	-23.952	327
N	4.088	48.954	-24.14	328
CA	4.462	48.397	-25.453	328
C	5.391	49.297	-26.301	328
N	5.16	50.618	-26.274	329
CA	5.97	51.574	-27.089	329
C	7.468	51.212	-27.099	329
N	7.692	51.892	-28.186	330
CA	8.243	53.162	-27.865	330
C	9.659	53.031	-27.384	330
N	9.778	51.726	-27.573	331
CA	9.344	51.301	-28.91	331
C	10.503	51.493	-29.86	331
N	10.396	51.848	-31.176	332
CA	10.308	52.816	-32.29	332
C	10.644	51.478	-32.987	332
N	11.248	51.375	-34.165	333
CA	12.52	51.967	-33.767	333
C	13.366	51.188	-32.762	333
N	12.728	50.023	-32.601	334
CA	13.587	48.836	-32.781	334
C	14.615	48.229	-31.829	334
N	14.901	48.631	-30.598	335
CA	16.13	49.011	-29.91	335
C	17.444	49.734	-29.488	335
N	18.079	50.798	-30.054	336
CA	18.215	51.635	-31.233	336
C	18.994	51.668	-32.542	336
N	19.954	50.88	-33.066	337
CA	21.278	51.551	-33.012	337
C	21.692	51.915	-31.519	337
N	22.791	52.423	-30.826	338
CA	23.002	52.599	-29.339	338
C	24.476	52.826	-28.932	338
N	25.116	52.911	-27.712	339
CA	26.226	53.795	-27.408	339
C	27.39	52.984	-26.831	339
N	28.515	53.031	-27.52	340
CA	29.604	52.162	-27.222	340
C	30.526	52.825	-26.201	340
N	30.479	54.145	-26.144	341
CA	31.1	54.88	-25.061	341
C	30.452	54.54	-23.699	341
N	29.156	54.383	-23.697	342
CA	28.451	54.142	-22.469	342
C	28.69	52.73	-22.027	342
N	28.751	51.809	-22.998	343
CA	29.153	50.476	-22.711	343
C	30.484	50.482	-21.943	343
N	31.526	51.106	-22.48	344
CA	32.842	50.918	-21.847	344
C	32.974	51.671	-20.517	344
N	32.315	52.81	-20.405	345
CA	32.305	53.562	-19.164	345
C	31.646	52.745	-18.051	345
N	30.538	52.101	-18.366	346
CA	29.844	51.267	-17.373	346
C	30.54	49.969	-17.097	346
N	31.014	49.27	-18.145	347
CA	31.787	48.056	-17.944	347
C	32.951	48.327	-17.056	347
N	33.678	49.403	-17.356	348
CA	34.814	49.786	-16.539	348
C	34.401	50.2	-15.153	348
N	33.462	51.116	-15.078	349
CA	33.116	51.753	-13.787	349
C	32.579	50.692	-12.825	349
N	31.679	49.856	-13.315	350
CA	31.059	48.82	-12.447	350
C	32.034	47.714	-12.071	350
N	32.859	47.279	-13.019	351
CA	33.88	46.302	-12.703	351
C	34.857	46.791	-11.614	351
N	35.369	48.005	-11.751	352
CA	36.384	48.48	-10.82	352
C	35.738	48.862	-9.476	352
N	34.506	49.338	-9.5	353
CA	33.796	49.624	-8.227	353
C	33.561	48.32	-7.428	353
N	33.118	47.282	-8.126	354
CA	33.002	45.948	-7.511	354
C	34.324	45.46	-6.999	354
N	35.323	45.474	-7.845	355
CA	36.589	44.95	-7.485	355
C	37.184	45.718	-6.254	355
N	37.128	47.061	-6.266	356
CA	37.687	47.837	-5.207	356
C	36.943	47.561	-3.864	356
N	35.636	47.463	-3.94	357
CA	34.774	47.239	-2.761	357
C	35.08	45.87	-2.176	357
N	35.097	44.861	-3.038	358
CA	35.406	43.502	-2.603	358
C	36.803	43.391	-1.996	358
N	37.791	43.912	-2.691	359
CA	39.149	43.82	-2.221	359
C	39.405	44.604	-0.947	359
N	38.698	45.678	-0.759	360
CA	38.809	46.443	0.525	360
C	38.404	45.56	1.697	360
N	37.318	44.838	1.546	361
CA	36.891	43.968	2.61	361
C	37.823	42.805	2.821	361
N	38.273	42.192	1.752	362
CA	39.15	41.037	1.881	362
C	40.483	41.452	2.473	362
N	41.019	42.569	2.019	363
CA	42.328	43.085	2.584	363
C	42.201	43.391	4.091	363
N	41.025	43.837	4.501	364
CA	40.788	44.163	5.885	364
C	40.461	42.935	6.79	364
N	40.378	41.759	6.219	365
CA	40.385	40.553	7.009	365
C	39.005	39.865	7.077	365
N	38.003	40.395	6.366	366
CA	36.646	39.808	6.451	366
C	36.587	38.545	5.569	366
N	35.639	37.657	5.835	367
CA	35.524	36.419	5.028	367
C	35.272	36.783	3.562	367
N	36.04	36.2	2.653	368
CA	35.824	36.578	1.268	368
C	34.437	36.231	0.781	368
N	33.847	35.151	1.306	369
CA	32.476	34.801	0.928	369
C	31.456	35.864	1.332	369
N	31.628	36.421	2.519	370
CA	30.806	37.524	2.944	370
C	31.014	38.723	2.029	370
N	32.263	39.009	1.678	371
CA	32.529	40.109	0.784	371
C	31.83	39.9	-0.572	371
N	31.833	38.678	-1.065	372
CA	31.187	38.385	-2.337	372
C	29.653	38.595	-2.263	372
N	29.026	38.101	-1.22	373
CA	27.556	38.28	-1.08	373
C	27.193	39.733	-1.002	373
N	28.006	40.507	-0.297	374
CA	27.729	41.915	-0.042	374
C	28.003	42.807	-1.294	374
N	29.15	42.627	-1.943	375
CA	29.612	43.599	-2.934	375
C	29.419	43.15	-4.371	375
N	29.138	41.863	-4.58	376
CA	28.921	41.358	-5.899	376
C	27.498	40.85	-6.049	376
N	27.16	39.804	-5.295	377
CA	25.896	39.143	-5.49	377
C	24.705	40.112	-5.284	377
N	24.777	40.926	-4.242	378
CA	23.646	41.716	-3.879	378
C	23.41	42.876	-4.864	378
N	24.441	43.262	-5.596	379
CA	24.326	44.343	-6.525	379
C	23.332	44.003	-7.631	379
N	23.29	42.736	-8.026	380
CA	22.358	42.308	-9.046	380
C	20.902	42.496	-8.562	380
N	20.665	42.207	-7.282	381
CA	19.34	42.335	-6.695	381
C	18.923	43.781	-6.611	381
N	19.876	44.639	-6.262	382
CA	19.663	46.085	-6.233	382
C	19.381	46.637	-7.642	382
N	20.149	46.202	-8.607	383
CA	20.029	46.758	-9.939	383
C	18.721	46.276	-10.592	383
N	18.274	45.092	-10.21	384
CA	16.951	44.621	-10.611	384
C	15.819	45.506	-10.096	384
N	15.903	45.919	-8.824	385
CA	14.955	46.894	-8.263	385
C	15.027	48.235	-8.966	385
N	16.234	48.697	-9.293	386
CA	16.358	49.984	-9.955	386
C	15.749	49.913	-11.364	386
N	16.031	48.838	-12.072	387
CA	15.51	48.633	-13.412	387
C	13.967	48.595	-13.431	387
N	13.398	47.986	-12.414	388
CA	11.942	47.768	-12.32	388
C	11.204	48.977	-11.759	388
N	11.833	49.692	-10.81	389
CA	11.143	50.71	-10.011	389
C	11.879	52.021	-9.869	389
N	12.974	52.171	-10.578	390
CA	13.758	53.38	-10.54	390
C	14.542	53.549	-9.249	390
N	15.325	54.619	-9.179	391
CA	16.119	54.876	-7.984	391
C	15.224	55.072	-6.807	391
N	14.075	55.701	-7.019	392
CA	13.193	56.022	-5.867	392
C	12.598	54.731	-5.27	392
N	12.248	53.777	-6.128	393
CA	11.795	52.466	-5.664	393
C	12.875	51.707	-4.899	393
N	14.123	51.773	-5.374	394
CA	15.201	51.112	-4.682	394
C	15.4	51.734	-3.283	394
N	15.419	53.052	-3.235	395
CA	15.693	53.747	-2.022	395
C	14.6	53.535	-0.991	395
N	13.377	53.405	-1.44	396
CA	12.307	53.042	-0.542	396
C	12.481	51.636	0.073	396
N	13.024	50.706	-0.68	397
CA	13.132	49.351	-0.218	397
C	14.265	49.174	0.856	397
N	15.314	50.011	0.813	398
CA	16.464	49.81	1.703	398
C	16.213	50.487	3.07	398
N	17.0	50.116	4.065	399
CA	16.783	50.594	5.413	399
C	17.048	52.102	5.483	399
N	16.521	52.752	6.516	400
CA	16.878	54.132	6.762	400
C	18.399	54.299	6.975	400
N	19.022	53.34	7.663	401
CA	20.442	53.36	7.864	401
C	21.179	53.395	6.53	401
N	20.711	52.596	5.579	402
CA	21.341	52.522	4.265	402
C	21.042	53.778	3.435	402
N	19.821	54.333	3.577	403
CA	19.496	55.626	2.906	403
C	20.501	56.692	3.33	403
N	20.693	56.823	4.628	404
CA	21.549	57.859	5.166	404
C	23.012	57.619	4.798	404
N	23.443	56.368	4.878	405
CA	24.762	56.0	4.448	405
C	24.992	56.288	2.973	405
N	24.037	55.909	2.15	406
CA	24.153	56.102	0.72	406
C	24.168	57.57	0.319	406
N	23.292	58.326	0.915	407
CA	23.214	59.773	0.647	407
C	24.5	60.501	1.041	407
N	25.098	60.121	2.14	408
CA	26.286	60.792	2.594	408
C	27.574	60.273	1.976	408
N	27.658	58.971	1.707	409
CA	28.897	58.388	1.248	409
C	28.976	58.28	-0.262	409
N	27.838	58.155	-0.906	410
CA	27.827	57.924	-2.349	410
C	28.613	58.977	-3.137	410
N	28.429	60.25	-2.757	411
CA	29.042	61.386	-3.446	411
C	30.492	61.568	-3.063	411
N	30.885	60.976	-1.95	412
CA	32.288	60.86	-1.565	412
C	33.053	59.846	-2.438	412
N	32.455	58.684	-2.653	413
CA	33.064	57.665	-3.471	413
C	33.037	58.048	-4.945	413
N	31.89	58.46	-5.414	414
CA	31.734	58.909	-6.794	414
C	31.58	60.423	-6.808	414
N	32.693	61.137	-6.784	415
CA	32.663	62.592	-6.604	415
C	32.61	63.294	-7.963	415
N	32.639	64.63	-7.962	416
CA	32.249	65.393	-9.171	416
C	33.167	65.08	-10.286	416
N	34.418	64.804	-9.952	417
CA	35.358	64.539	-10.919	417
C	34.999	63.28	-11.804	417
N	34.038	62.428	-11.35	418
CA	33.864	61.172	-12.017	418
C	33.073	61.436	-13.258	418
N	32.128	62.365	-13.19	419
CA	31.431	62.722	-14.417	419
C	32.335	63.51	-15.345	419
N	33.339	64.209	-14.766	420
CA	34.344	64.955	-15.554	420
C	35.182	63.939	-16.37	420
N	35.654	62.909	-15.7	421
CA	36.382	61.809	-16.388	421
C	35.494	61.084	-17.4	421
N	34.204	60.908	-17.078	422
CA	33.309	60.272	-18.005	422
C	33.22	61.047	-19.218	422
N	33.128	62.38	-19.052	423
CA	32.992	63.265	-20.171	423
C	34.208	63.121	-21.065	423
N	35.366	63.139	-20.47	424
CA	36.614	63.001	-21.269	424
C	36.614	61.732	-22.07	424
N	36.189	60.633	-21.435	425
CA	36.225	59.334	-22.094	425
C	35.246	59.319	-23.213	425
N	34.066	59.874	-22.961	426
CA	33.007	59.873	-23.959	426
C	33.429	60.67	-25.213	426
N	34.186	61.72	-24.981	427
CA	34.645	62.597	-26.051	427
C	35.644	61.887	-26.928	427
N	36.557	61.182	-26.309	428
CA	37.514	60.34	-27.063	428
C	36.838	59.227	-27.866	428
N	35.845	58.615	-27.31	429
CA	35.11	57.688	-28.091	429
C	34.465	58.414	-29.316	429
N	33.599	59.403	-29.066	430
CA	32.76	59.976	-30.154	430
C	33.631	60.406	-31.367	430
N	34.849	60.85	-31.087	431
CA	35.747	61.411	-32.141	431
C	36.407	60.322	-33.014	431
N	36.263	59.056	-32.62	432
CA	36.981	57.973	-33.268	432
C	38.373	57.779	-32.679	432
N	38.691	58.548	-31.647	433
CA	39.982	58.413	-31.012	433
C	40.079	57.122	-30.211	433
N	38.973	56.689	-29.623	434
CA	39.007	55.412	-28.893	434
C	39.206	54.263	-29.857	434
N	38.597	54.355	-31.02	435
CA	38.753	53.326	-32.033	435
C	40.229	53.204	-32.52	435
N	40.906	54.353	-32.81	436
CA	42.36	54.29	-33.145	436
C	43.14	53.605	-32.008	436
N	42.786	53.933	-30.775	437
CA	43.541	53.478	-29.602	437
C	43.368	51.936	-29.4	437
N	42.194	51.427	-29.747	438
CA	41.923	49.992	-29.696	438
C	42.675	49.282	-30.825	438
N	42.654	49.882	-31.991	439
CA	43.296	49.31	-33.136	439
C	44.809	49.162	-32.86	439
N	45.372	50.133	-32.158	440
CA	46.778	50.076	-31.778	440
C	47.086	48.937	-30.811	440
N	46.399	48.896	-29.657	441
CA	46.803	47.949	-28.563	441
C	46.652	46.581	-29.135	441
N	45.804	46.53	-30.109	442
CA	45.534	45.361	-30.845	442
C	46.808	44.912	-31.673	442
N	47.529	45.882	-32.219	443
CA	48.76	45.614	-32.999	443
C	49.929	45.208	-32.121	443
N	49.841	45.505	-30.828	444
CA	50.77	44.948	-29.837	444
C	50.368	43.561	-29.344	444
N	49.258	43.044	-29.826	445
CA	48.828	41.674	-29.432	445
C	47.923	41.694	-28.209	445
N	47.307	42.852	-27.963	446
CA	46.379	43.069	-26.806	446
C	46.988	42.69	-25.445	446
N	48.222	43.156	-25.151	447
CA	48.867	42.723	-23.929	447
C	48.108	43.151	-22.669	447
N	47.44	44.298	-22.715	448
CA	46.694	44.803	-21.533	448
C	45.475	43.901	-21.21	448
N	44.865	43.362	-22.249	449
CA	43.738	42.494	-22.109	449
C	44.162	41.13	-21.575	449
N	45.181	40.521	-22.18	450
CA	45.635	39.227	-21.713	450
C	46.219	39.295	-20.347	450
N	46.905	40.378	-20.034	451
CA	47.495	40.494	-18.711	451
C	46.393	40.6	-17.625	451
N	45.354	41.349	-17.904	452
CA	44.227	41.452	-16.972	452
C	43.481	40.122	-16.816	452
N	43.201	39.424	-17.927	453
CA	42.55	38.103	-17.836	453
C	43.359	37.159	-17.0	453
N	44.667	37.259	-17.117	454
CA	45.547	36.381	-16.379	454
C	45.472	36.694	-14.861	454
N	45.482	37.968	-14.524	455
CA	45.402	38.396	-13.11	455
C	44.025	38.077	-12.527	455
N	42.988	38.258	-13.31	456
CA	41.595	37.888	-12.866	456
C	41.453	36.422	-12.617	456
N	41.981	35.608	-13.517	457
CA	41.859	34.149	-13.361	457
C	42.313	33.659	-11.99	457
N	43.449	34.109	-11.546	458
CA	43.943	33.698	-10.258	458
C	43.336	34.45	-9.049	458
N	42.494	35.437	-9.286	459
CA	42.193	36.39	-8.231	459
C	41.213	35.749	-7.174	459
N	41.234	36.265	-5.974	460
CA	40.316	35.811	-4.958	460
C	38.831	36.008	-5.407	460
N	38.515	37.175	-5.964	461
CA	37.146	37.459	-6.305	461
C	36.602	36.418	-7.299	461
N	37.426	36.007	-8.268	462
CA	36.976	35.06	-9.265	462
C	36.967	33.611	-8.746	462
N	37.932	33.241	-7.921	463
CA	37.98	31.861	-7.447	463
C	36.932	31.608	-6.391	463
N	36.769	32.554	-5.483	464
CA	35.664	32.476	-4.545	464
C	34.309	32.589	-5.25	464
N	34.159	33.552	-6.181	465
CA	32.881	33.745	-6.855	465
C	32.445	32.451	-7.569	465
N	33.36	31.846	-8.287	466
CA	33.004	30.653	-9.085	466
C	32.517	29.528	-8.166	466
N	33.149	29.396	-7.004	467
CA	32.763	28.344	-6.057	467
C	31.424	28.623	-5.487	467
N	31.166	29.892	-5.152	468
CA	29.901	30.269	-4.538	468
C	28.772	30.21	-5.51	468
N	29.008	30.691	-6.741	469
CA	27.97	30.673	-7.735	469
C	27.54	29.201	-8.051	469
N	28.495	28.319	-8.189	470
CA	28.177	26.892	-8.364	470
C	27.279	26.386	-7.201	470
N	27.65	26.693	-5.954	471
CA	26.868	26.2	-4.772	471
C	25.481	26.848	-4.691	471
N	25.389	28.114	-5.13	472
CA	24.18	28.911	-4.996	472
C	23.162	28.474	-6.032	472
N	23.636	28.255	-7.249	473
CA	22.749	27.995	-8.347	473
C	22.513	26.484	-8.508	473
N	23.192	25.691	-7.697	474
CA	22.726	24.321	-7.365	474
C	21.252	24.35	-6.936	474
N	20.386	23.861	-7.813	475
CA	19.006	23.572	-7.452	475
C	18.171	24.816	-7.138	475
N	18.555	25.978	-7.715	476
CA	17.801	27.255	-7.58	476
C	16.978	27.523	-8.844	476
N	16.472	26.53	-9.81	477
CA	15.829	26.085	-11.231	477
C	15.604	26.013	-12.937	477
N	15.202	25.07	-14.069	478
CA	14.219	24.19	-14.987	478
C	13.734	23.259	-16.302	478
N	13.984	22.661	-17.593	479
CA	13.474	21.581	-18.63	479
C	12.203	21.563	-19.685	479
N	11.474	20.589	-20.548	480
CA	11.109	19.77	-21.897	480
C	10.746	19.342	-23.497	480
N	10.112	18.45	-24.555	481
CA	9.783	18.346	-26.136	481
C	9.084	17.177	-27.111	481
N	9.095	16.823	-28.564	482
CA	8.626	16.383	-30.062	482
C	7.805	15.019	-30.62	482
N	7.777	14.412	-31.998	483
CA	7.418	13.353	-33.146	483
C	6.188	12.658	-33.912	483
N	6.177	12.151	-35.275	484
CA	5.481	11.703	-36.62	484
C	4.415	10.602	-36.931	484
N	3.835	9.776	-37.997	485
CA	3.816	9.079	-39.405	485
C	2.635	8.338	-40.342	485
N	2.488	7.527	-41.638	486
CA	1.93	6.957	-43.097	486
C	0.673	6.289	-44.034	486
N	0.793	5.419	-45.263	487
CA	0.268	4.47	-46.48	487
C	-0.682	4.277	-47.829	487
N	-0.504	3.33	-48.952	488
CA	-0.845	2.673	-50.395	488
C	-2.229	2.075	-50.907	488
N	-2.539	0.993	-51.721	489
CA	-2.534	0.055	-52.921	489
C	-2.998	0.053	-54.411	489
N	-3.612	1.184	-54.73	490
CA	-3.951	1.751	-56.019	490
C	-5.121	1.072	-56.808	490
