ATOM	X	Y	Z	RESIDUE
N	32.696	2.773	-56.39	1
CA	33.032	1.594	-55.576	1
C	34.073	2.117	-54.608	1
N	33.778	2.513	-53.379	2
CA	32.727	2.093	-52.462	2
C	32.345	3.283	-51.573	2
N	31.046	3.53	-51.42	3
CA	30.517	4.46	-50.418	3
C	30.266	3.648	-49.157	3
N	31.158	3.768	-48.176	4
CA	30.987	3.181	-46.848	4
C	29.672	3.683	-46.238	4
N	28.759	2.748	-45.976	5
CA	27.501	2.976	-45.278	5
C	27.754	2.815	-43.765	5
N	27.744	3.895	-42.963	6
CA	27.935	3.809	-41.525	6
C	26.581	3.499	-40.882	6
N	26.256	2.216	-40.747	7
CA	24.955	1.835	-40.197	7
C	24.723	0.342	-40.034	7
N	25.767	-0.445	-39.779	8
CA	25.621	-1.831	-39.346	8
C	25.998	-1.921	-37.864	8
N	25.126	-1.408	-36.991	9
CA	25.176	-1.773	-35.582	9
C	24.793	-3.256	-35.494	9
N	25.802	-4.104	-35.334	10
CA	25.661	-5.537	-35.103	10
C	24.887	-5.761	-33.811	10
N	23.812	-6.543	-33.902	11
CA	22.999	-6.985	-32.765	11
C	23.746	-8.12	-32.052	11
N	24.809	-7.769	-31.341	12
CA	25.494	-8.567	-30.315	12
C	25.73	-7.56	-29.174	12
N	25.299	-7.708	-27.924	13
CA	25.148	-8.882	-27.076	13
C	24.262	-8.432	-25.884	13
N	23.057	-8.991	-25.723	14
CA	22.089	-8.604	-24.674	14
C	22.362	-9.259	-23.301	14
N	23.513	-9.903	-23.094	15
CA	23.714	-10.827	-21.96	15
C	24.428	-10.232	-20.742	15
N	25.048	-9.049	-20.825	16
CA	25.819	-8.482	-19.692	16
C	25.065	-7.461	-18.828	16
N	23.893	-6.956	-19.25	17
CA	23.091	-5.978	-18.471	17
C	21.962	-6.576	-17.617	17
N	21.669	-7.872	-17.728	18
CA	20.679	-8.52	-16.846	18
C	21.132	-8.525	-15.37	18
N	22.447	-8.531	-15.112	19
CA	22.998	-8.518	-13.755	19
C	22.792	-7.178	-13.019	19
N	22.787	-6.041	-13.728	20
CA	22.5	-4.724	-13.126	20
C	21.005	-4.518	-12.889	20
N	20.145	-5.092	-13.739	21
CA	18.694	-5.044	-13.554	21
C	18.231	-5.801	-12.293	21
N	18.971	-6.833	-11.866	22
CA	18.6	-7.652	-10.717	22
C	18.57	-6.876	-9.385	22
N	19.423	-5.867	-9.182	23
CA	19.489	-5.116	-7.917	23
C	18.707	-3.795	-7.911	23
N	18.169	-3.368	-9.051	24
CA	17.426	-2.116	-9.133	24
C	15.988	-2.282	-8.63	24
N	15.408	-1.175	-8.176	25
CA	14.01	-1.057	-7.765	25
C	13.322	-0.067	-8.708	25
N	12.18	-0.456	-9.274	26
CA	11.428	0.383	-10.205	26
C	10.531	1.394	-9.478	26
N	10.144	2.476	-10.151	27
CA	9.076	3.332	-9.633	27
C	7.741	2.575	-9.632	27
N	6.976	2.729	-8.552	28
CA	5.652	2.124	-8.391	28
C	4.577	3.183	-8.6	28
N	3.599	2.85	-9.436	29
CA	2.405	3.664	-9.652	29
C	1.536	3.699	-8.383	29
N	1.047	4.887	-8.015	30
CA	0.137	5.087	-6.877	30
C	-1.28	4.617	-7.207	30
N	-1.462	3.302	-7.311	31
CA	-2.731	2.669	-7.673	31
C	-3.108	1.589	-6.639	31
N	-4.341	1.604	-6.097	32
CA	-4.768	0.646	-5.074	32
C	-4.73	-0.809	-5.566	32
N	-4.959	-1.045	-6.86	33
CA	-4.868	-2.363	-7.478	33
C	-3.434	-2.88	-7.561	33
N	-2.453	-2.004	-7.798	34
CA	-1.02	-2.344	-7.744	34
C	-0.622	-2.731	-6.321	34
N	-0.96	-1.91	-5.323	35
CA	-0.639	-2.198	-3.92	35
C	-1.335	-3.465	-3.411	35
N	-2.617	-3.655	-3.727	36
CA	-3.359	-4.877	-3.373	36
C	-2.715	-6.125	-3.978	36
N	-2.239	-6.045	-5.22	37
CA	-1.55	-7.17	-5.842	37
C	-0.138	-7.388	-5.274	37
N	0.571	-6.335	-4.848	38
CA	1.819	-6.48	-4.089	38
C	1.599	-7.232	-2.77	38
N	0.569	-6.876	-1.986	39
CA	0.194	-7.583	-0.743	39
C	0.041	-9.085	-1.017	39
N	-0.77	-9.432	-2.022	40
CA	-0.981	-10.826	-2.414	40
C	0.305	-11.492	-2.913	40
N	1.156	-10.77	-3.647	41
CA	2.434	-11.266	-4.159	41
C	3.443	-11.576	-3.052	41
N	3.459	-10.785	-1.976	42
CA	4.255	-11.076	-0.78	42
C	3.747	-12.324	-0.04	42
N	2.499	-12.727	-0.286	43
CA	1.839	-13.865	0.353	43
C	0.969	-13.474	1.544	43
N	0.775	-12.174	1.776	44
CA	-0.161	-11.679	2.772	44
C	-1.598	-11.849	2.259	44
N	-2.512	-12.257	3.137	45
CA	-3.924	-12.472	2.809	45
C	-4.837	-11.754	3.792	45
N	-6.035	-11.391	3.327	46
CA	-7.034	-10.711	4.152	46
C	-6.848	-9.199	4.28	46
N	-5.87	-8.615	3.586	47
CA	-5.681	-7.174	3.463	47
C	-5.78	-6.732	1.994	47
N	-6.317	-5.539	1.763	48
CA	-6.338	-4.866	0.462	48
C	-6.156	-3.355	0.638	48
N	-5.937	-2.649	-0.469	49
CA	-5.756	-1.197	-0.482	49
C	-6.885	-0.542	-1.263	49
N	-7.432	0.534	-0.706	50
CA	-8.49	1.349	-1.302	50
C	-8.051	2.801	-1.435	50
N	-8.521	3.481	-2.471	51
CA	-8.192	4.885	-2.702	51
C	-9.142	5.818	-1.945	51
N	-8.582	6.874	-1.356	52
CA	-9.305	7.904	-0.617	52
C	-9.285	9.205	-1.418	52
N	-10.428	9.536	-2.011	53
CA	-10.581	10.702	-2.89	53
C	-10.781	12.031	-2.158	53
N	-11.093	11.989	-0.863	54
CA	-11.307	13.185	-0.056	54
C	-10.829	12.963	1.366	54
N	-10.215	13.989	1.942	55
CA	-9.758	13.993	3.333	55
C	-10.91	14.198	4.344	55
N	-12.133	14.432	3.853	56
CA	-13.34	14.551	4.678	56
C	-13.761	13.2	5.259	56
N	-14.372	13.226	6.444	57
CA	-14.652	12.029	7.244	57
C	-15.533	10.992	6.525	57
N	-16.483	11.451	5.712	58
CA	-17.419	10.622	4.951	58
C	-16.724	9.699	3.941	58
N	-15.596	10.135	3.376	59
CA	-14.793	9.321	2.47	59
C	-14.135	8.111	3.159	59
N	-13.991	8.117	4.489	60
CA	-13.369	7.019	5.241	60
C	-14.398	6.028	5.801	60
N	-15.593	6.504	6.184	61
CA	-16.595	5.722	6.945	61
C	-16.939	4.365	6.337	61
N	-17.069	4.303	5.016	62
CA	-17.477	3.079	4.327	62
C	-16.352	2.034	4.241	62
N	-15.106	2.434	4.504	63
CA	-13.908	1.598	4.441	63
C	-13.471	1.059	5.805	63
N	-14.052	1.552	6.901	64
CA	-13.714	1.089	8.245	64
C	-13.914	-0.438	8.427	64
N	-13.052	-1.1	9.231	65
CA	-11.874	-0.533	9.901	65
C	-10.715	-0.267	8.92	65
N	-10.092	0.91	9.043	66
CA	-8.867	1.274	8.316	66
C	-7.685	1.035	9.248	66
N	-6.732	0.233	8.786	67
CA	-5.59	-0.217	9.58	67
C	-4.369	0.694	9.449	67
N	-4.292	1.436	8.348	68
CA	-3.24	2.399	8.067	68
C	-3.549	3.192	6.802	68
N	-2.85	4.303	6.612	69
CA	-2.922	5.128	5.41	69
C	-1.56	5.157	4.72	69
N	-1.561	5.176	3.393	70
CA	-0.387	5.395	2.55	70
C	-0.609	6.718	1.832	70
N	0.314	7.655	2.001	71
CA	0.216	8.992	1.434	71
C	1.391	9.255	0.501	71
N	1.079	9.633	-0.734	72
CA	2.024	10.104	-1.735	72
C	1.954	11.624	-1.824	72
N	3.114	12.264	-1.84	73
CA	3.245	13.704	-2.015	73
C	4.567	14.047	-2.708	73
N	4.667	15.258	-3.261	74
CA	5.932	15.795	-3.777	74
C	6.901	15.99	-2.616	74
N	8.054	15.342	-2.659	75
CA	9.022	15.406	-1.576	75
C	9.644	16.802	-1.495	75
N	9.536	17.414	-0.32	76
CA	10.279	18.604	0.072	76
C	11.206	18.181	1.212	76
N	12.445	18.675	1.225	77
CA	13.399	18.428	2.315	77
C	12.927	19.144	3.594	77
N	11.988	18.499	4.285	78
CA	11.246	19.034	5.416	78
C	11.678	18.354	6.719	78
N	11.672	19.135	7.802	79
CA	11.833	18.58	9.149	79
C	10.641	17.672	9.482	79
N	10.858	16.582	10.242	80
CA	9.769	15.713	10.671	80
C	8.716	16.525	11.437	80
N	7.434	16.277	11.15	81
CA	6.318	17.008	11.76	81
C	6.133	16.706	13.261	81
N	6.759	15.634	13.75	82
CA	6.701	15.182	15.134	82
C	8.064	14.731	15.656	82
N	8.056	13.962	16.747	83
CA	9.284	13.477	17.387	83
C	9.735	12.168	16.746	83
N	10.933	12.151	16.167	84
CA	11.586	10.9	15.75	84
C	11.942	10.09	16.998	84
N	11.457	8.853	17.073	85
CA	11.726	7.922	18.175	85
C	12.613	6.782	17.686	85
N	13.689	6.496	18.413	86
CA	14.67	5.45	18.058	86
C	14.735	4.327	19.095	86
N	14.047	4.493	20.225	87
CA	14.021	3.601	21.386	87
C	12.78	2.684	21.432	87
N	12.019	2.604	20.333	88
CA	10.761	1.846	20.235	88
C	10.952	0.501	19.535	88
N	11.352	-0.517	20.298	89
CA	11.522	-1.895	19.797	89
C	10.21	-2.596	19.431	89
N	9.076	-2.047	19.859	90
CA	7.749	-2.581	19.59	90
C	7.149	-2.144	18.249	90
N	7.841	-1.273	17.512	91
CA	7.449	-0.809	16.184	91
C	8.417	-1.413	15.165	91
N	7.878	-2.146	14.193	92
CA	8.634	-2.487	13.001	92
C	8.819	-1.224	12.159	92
N	10.065	-0.824	11.96	93
CA	10.423	0.301	11.11	93
C	11.748	0.001	10.425	93
N	11.838	0.34	9.143	94
CA	13.013	0.142	8.313	94
C	13.32	1.435	7.555	94
N	14.588	1.85	7.583	95
CA	15.073	3.001	6.821	95
C	15.18	2.636	5.343	95
N	14.884	3.589	4.473	96
CA	15.105	3.46	3.05	96
C	16.594	3.582	2.737	96
N	17.198	2.464	2.334	97
CA	18.623	2.385	1.959	97
C	18.841	2.242	0.448	97
N	17.757	2.242	-0.33	98
CA	17.735	2.013	-1.779	98
C	16.745	2.978	-2.453	98
N	17.048	3.5	-3.654	99
CA	16.136	4.383	-4.381	99
C	14.857	3.644	-4.805	99
N	13.782	4.395	-5.07	100
CA	12.498	3.91	-5.611	100
C	11.734	2.862	-4.769	100
N	12.179	2.554	-3.55	101
CA	11.553	1.538	-2.701	101
C	10.455	2.075	-1.76	101
N	10.242	3.396	-1.7	102
CA	9.35	4.067	-0.741	102
C	7.93	3.478	-0.716	102
N	7.337	3.195	-1.881	103
CA	6.007	2.588	-1.991	103
C	5.908	1.243	-1.251	103
N	6.863	0.346	-1.51	104
CA	6.907	-0.972	-0.871	104
C	7.249	-0.86	0.606	104
N	8.127	0.063	0.991	105
CA	8.474	0.265	2.395	105
C	7.306	0.801	3.215	105
N	6.59	1.818	2.728	106
CA	5.387	2.326	3.383	106
C	4.368	1.195	3.598	106
N	4.11	0.389	2.562	107
CA	3.204	-0.755	2.654	107
C	3.677	-1.813	3.669	107
N	4.952	-2.204	3.626	108
CA	5.502	-3.234	4.511	108
C	5.563	-2.775	5.966	108
N	5.95	-1.526	6.227	109
CA	5.948	-0.957	7.571	109
C	4.539	-0.969	8.175	109
N	3.494	-0.676	7.393	110
CA	2.117	-0.841	7.863	110
C	1.818	-2.311	8.18	110
N	1.982	-3.214	7.204	111
CA	1.657	-4.64	7.348	111
C	2.368	-5.298	8.538	111
N	3.666	-5.056	8.71	112
CA	4.487	-5.718	9.728	112
C	4.191	-5.235	11.157	112
N	3.522	-4.087	11.301	113
CA	2.985	-3.589	12.568	113
C	1.526	-4.009	12.824	113
N	0.843	-4.643	11.861	114
CA	-0.538	-5.08	12.053	114
C	-0.653	-6.272	12.999	114
N	-1.696	-6.216	13.823	115
CA	-2.209	-7.338	14.596	115
C	-3.727	-7.362	14.425	115
N	-4.214	-8.138	13.458	116
CA	-5.642	-8.245	13.175	116
C	-6.001	-9.685	12.805	116
N	-7.086	-10.217	13.372	117
CA	-7.5	-11.624	13.211	117
C	-7.776	-12.038	11.756	117
N	-8.111	-11.067	10.907	118
CA	-8.423	-11.307	9.495	118
C	-7.218	-11.297	8.568	118
N	-6.08	-10.794	9.045	119
CA	-4.901	-10.541	8.226	119
C	-3.829	-11.556	8.591	119
N	-3.447	-12.356	7.605	120
CA	-2.326	-13.28	7.706	120
C	-1.173	-12.73	6.871	120
N	-0.047	-12.433	7.52	121
CA	1.16	-11.922	6.869	121
C	1.762	-12.92	5.87	121
N	1.477	-14.21	6.042	122
CA	2.105	-15.278	5.288	122
C	3.585	-15.454	5.638	122
N	4.202	-16.461	5.019	123
CA	5.55	-16.912	5.371	123
C	6.612	-15.819	5.181	123
N	6.637	-15.17	4.015	124
CA	7.685	-14.203	3.645	124
C	7.756	-13.016	4.599	124
N	6.608	-12.423	4.931	125
CA	6.565	-11.271	5.829	125
C	6.784	-11.683	7.287	125
N	6.305	-12.866	7.682	126
CA	6.571	-13.424	9.014	126
C	8.065	-13.679	9.218	126
N	8.743	-14.27	8.234	127
CA	10.186	-14.515	8.279	127
C	10.974	-13.212	8.306	127
N	10.613	-12.251	7.448	128
CA	11.232	-10.93	7.456	128
C	11.08	-10.262	8.828	128
N	9.885	-10.311	9.435	129
CA	9.639	-9.767	10.779	129
C	10.551	-10.408	11.822	129
N	10.648	-11.736	11.816	130
CA	11.44	-12.491	12.786	130
C	12.946	-12.226	12.621	130
N	13.444	-12.191	11.38	131
CA	14.854	-11.914	11.074	131
C	15.278	-10.487	11.443	131
N	14.331	-9.553	11.438	132
CA	14.551	-8.138	11.712	132
C	14.295	-7.732	13.168	132
N	13.835	-8.653	14.02	133
CA	13.36	-8.348	15.371	133
C	14.401	-7.568	16.193	133
N	15.659	-8.017	16.176	134
CA	16.756	-7.447	16.975	134
C	17.668	-6.485	16.187	134
N	17.282	-6.116	14.963	135
CA	18.063	-5.221	14.106	135
C	17.631	-3.762	14.276	135
N	18.571	-2.833	14.103	136
CA	18.27	-1.405	13.991	136
C	17.556	-1.068	12.655	136
N	16.913	0.111	12.539	137
CA	16.211	0.535	11.326	137
C	17.01	0.462	10.021	137
N	18.302	0.777	10.051	138
CA	19.162	0.772	8.869	138
C	19.461	-0.66	8.419	138
N	19.837	-1.526	9.359	139
CA	20.016	-2.952	9.129	139
C	18.733	-3.596	8.587	139
N	17.56	-3.251	9.135	140
CA	16.256	-3.703	8.614	140
C	16.039	-3.261	7.166	140
N	16.421	-2.028	6.829	141
CA	16.427	-1.512	5.459	141
C	17.258	-2.376	4.51	141
N	18.48	-2.735	4.91	142
CA	19.339	-3.63	4.129	142
C	18.772	-5.05	4.002	142
N	18.116	-5.587	5.04	143
CA	17.44	-6.894	4.948	143
C	16.288	-6.858	3.948	143
N	15.464	-5.809	3.981	144
CA	14.363	-5.608	3.036	144
C	14.875	-5.483	1.596	144
N	15.934	-4.699	1.374	145
CA	16.543	-4.524	0.054	145
C	17.04	-5.848	-0.562	145
N	17.497	-6.776	0.285	146
CA	18.011	-8.082	-0.122	146
C	16.933	-9.176	-0.22	146
N	15.69	-8.908	0.188	147
CA	14.62	-9.906	0.159	147
C	14.109	-10.125	-1.274	147
N	14.564	-11.218	-1.892	148
CA	14.387	-11.485	-3.322	148
C	12.918	-11.546	-3.736	148
N	12.051	-12.172	-2.932	149
CA	10.633	-12.282	-3.286	149
C	9.95	-10.918	-3.282	149
N	10.233	-10.083	-2.283	150
CA	9.683	-8.725	-2.199	150
C	10.147	-7.911	-3.404	150
N	11.451	-7.937	-3.7	151
CA	12.029	-7.24	-4.854	151
C	11.449	-7.729	-6.183	151
N	11.276	-9.043	-6.371	152
CA	10.637	-9.616	-7.572	152
C	9.193	-9.149	-7.739	152
N	8.409	-9.129	-6.661	153
CA	7.014	-8.662	-6.7	153
C	6.956	-7.169	-7.007	153
N	7.792	-6.36	-6.358	154
CA	7.915	-4.93	-6.632	154
C	8.273	-4.678	-8.11	154
N	9.368	-5.269	-8.596	155
CA	9.832	-5.103	-9.977	155
C	8.929	-5.757	-11.025	155
N	7.97	-6.599	-10.627	156
CA	6.989	-7.132	-11.574	156
C	6.14	-6.03	-12.211	156
N	6.084	-4.835	-11.612	157
CA	5.382	-3.659	-12.129	157
C	6.286	-2.684	-12.9	157
N	7.556	-3.032	-13.128	158
CA	8.466	-2.214	-13.918	158
C	7.973	-2.074	-15.367	158
N	8.188	-0.897	-15.964	159
CA	7.924	-0.699	-17.392	159
C	8.969	-1.46	-18.219	159
N	8.581	-2.102	-19.331	160
CA	9.544	-2.627	-20.292	160
C	10.357	-1.479	-20.912	160
N	11.683	-1.512	-20.789	161
CA	12.583	-0.556	-21.447	161
C	13.059	-1.114	-22.804	161
N	12.909	-0.337	-23.891	162
CA	13.432	-0.669	-25.235	162
C	14.95	-0.48	-25.329	162
N	15.422	0.584	-24.689	163
CA	16.78	1.089	-24.733	163
C	17.077	1.616	-23.336	163
N	18.277	1.353	-22.822	164
CA	18.829	2.212	-21.774	164
C	19.119	3.531	-22.477	164
N	18.145	4.437	-22.499	165
CA	18.452	5.834	-22.785	165
C	19.324	6.24	-21.61	165
N	20.611	6.509	-21.858	166
CA	21.442	7.197	-20.87	166
C	20.621	8.397	-20.425	166
N	20.216	8.409	-19.154	167
CA	19.403	9.48	-18.603	167
C	20.072	10.783	-19.02	167
N	19.409	11.551	-19.886	168
CA	19.774	12.945	-20.019	168
C	19.638	13.503	-18.611	168
N	20.732	13.999	-18.045	169
CA	20.796	14.645	-16.726	169
C	19.822	15.825	-16.582	169
N	19.115	16.177	-17.658	170
CA	18.082	17.202	-17.749	170
C	16.668	16.708	-17.383	170
N	16.501	15.51	-16.801	171
CA	15.292	15.262	-16.012	171
C	15.321	16.255	-14.862	171
N	14.584	17.346	-15.048	172
CA	14.336	18.375	-14.055	172
C	14.105	17.647	-12.722	172
N	15.018	17.813	-11.758	173
CA	14.972	17.231	-10.398	173
C	13.677	17.576	-9.623	173
N	12.767	18.334	-10.235	174
CA	11.645	19.012	-9.603	174
C	10.503	18.057	-9.213	174
N	10.425	16.817	-9.705	175
CA	9.254	15.949	-9.457	175
C	9.576	14.632	-8.723	175
N	10.41	14.697	-7.681	176
CA	10.591	13.576	-6.755	176
C	9.348	13.402	-5.868	176
N	8.633	12.288	-6.023	177
CA	7.493	11.924	-5.175	177
C	7.886	10.9	-4.113	177
N	7.27	10.994	-2.935	178
CA	7.579	10.13	-1.801	178
C	6.337	9.546	-1.129	178
N	6.429	8.269	-0.751	179
CA	5.382	7.536	-0.042	179
C	5.713	7.423	1.444	179
N	4.742	7.743	2.298	180
CA	4.816	7.534	3.753	180
C	3.606	6.757	4.257	180
N	3.776	6.034	5.364	181
CA	2.686	5.348	6.057	181
C	2.215	6.115	7.293	181
N	0.92	6.094	7.6	182
CA	0.38	6.526	8.893	182
C	-0.401	5.391	9.541	182
N	-0.195	5.141	10.835	183
CA	-1.027	4.179	11.563	183
C	-1.069	4.433	13.075	183
N	-2.138	3.986	13.755	184
CA	-2.193	3.965	15.207	184
C	-1.402	2.769	15.762	184
N	-0.505	3.005	16.72	185
CA	0.233	1.953	17.433	185
C	0.175	2.239	18.932	185
N	-0.501	1.357	19.681	186
CA	-0.625	1.415	21.152	186
C	-1.064	2.789	21.691	186
N	-2.121	3.357	21.108	187
CA	-2.703	4.631	21.556	187
C	-1.934	5.879	21.116	187
N	-0.965	5.749	20.205	188
CA	-0.247	6.874	19.595	188
C	-0.315	6.788	18.077	188
N	-0.341	7.938	17.419	189
CA	-0.295	8.056	15.968	189
C	1.155	8.197	15.508	189
N	1.551	7.362	14.549	190
CA	2.878	7.402	13.948	190
C	2.814	7.691	12.458	190
N	3.773	8.487	11.998	191
CA	4.22	8.499	10.612	191
C	5.437	7.576	10.467	191
N	5.369	6.709	9.465	192
CA	6.347	5.691	9.121	192
C	6.952	6.081	7.775	192
N	7.952	6.949	7.848	193
CA	8.69	7.47	6.705	193
C	10.108	6.882	6.681	193
N	10.419	6.105	5.639	194
CA	11.726	5.471	5.464	194
C	12.896	6.448	5.279	194
N	12.655	7.732	5.007	195
CA	13.713	8.741	4.861	195
C	14.25	9.251	6.205	195
N	13.603	8.902	7.32	196
CA	14.039	9.273	8.664	196
C	14.693	8.103	9.422	196
N	15.407	8.421	10.506	197
CA	16.144	7.44	11.324	197
C	15.23	6.499	12.129	197
N	13.969	6.881	12.329	198
CA	12.995	6.136	13.118	198
C	11.559	6.589	12.844	198
N	10.558	5.898	13.422	199
CA	9.17	6.347	13.406	199
C	9.024	7.773	13.939	199
N	8.066	8.519	13.4	200
CA	7.75	9.875	13.845	200
C	6.477	9.809	14.684	200
N	6.602	10.049	15.985	201
CA	5.465	10.187	16.89	201
C	4.779	11.536	16.652	201
N	3.51	11.494	16.243	202
CA	2.744	12.678	15.856	202
C	1.801	13.168	16.958	202
N	1.067	12.253	17.594	203
CA	0.043	12.592	18.58	203
C	-0.34	11.39	19.455	203
N	-0.891	11.672	20.633	204
CA	-1.658	10.702	21.417	204
C	-3.058	10.507	20.808	204
N	-3.614	9.304	20.954	205
CA	-4.971	8.947	20.528	205
C	-5.757	8.546	21.775	205
N	-6.801	9.306	22.096	206
CA	-7.649	9.005	23.249	206
C	-8.415	7.682	23.063	206
N	-8.75	6.996	24.164	207
CA	-9.391	5.666	24.135	207
C	-10.719	5.601	23.356	207
N	-11.44	6.721	23.248	208
CA	-12.715	6.826	22.525	208
C	-12.588	7.581	21.196	208
N	-11.388	8.05	20.856	209
CA	-11.147	8.839	19.661	209
C	-10.803	7.924	18.489	209
N	-11.437	8.167	17.344	210
CA	-11.031	7.522	16.109	210
C	-9.712	8.153	15.643	210
N	-8.678	7.339	15.439	211
CA	-7.364	7.812	14.997	211
C	-7.415	8.557	13.652	211
N	-8.426	8.273	12.823	212
CA	-8.674	8.985	11.572	212
C	-9.018	10.464	11.805	212
N	-9.65	10.808	12.927	213
CA	-9.925	12.205	13.284	213
C	-8.665	12.947	13.752	213
N	-7.624	12.211	14.157	214
CA	-6.314	12.758	14.545	214
C	-5.41	12.948	13.326	214
N	-5.374	11.974	12.41	215
CA	-4.461	12.002	11.252	215
C	-4.929	12.936	10.133	215
N	-6.246	13.093	9.915	216
CA	-6.776	13.899	8.797	216
C	-6.291	15.357	8.85	216
N	-6.378	16.078	9.989	217
CA	-5.833	17.434	10.093	217
C	-4.32	17.52	9.851	217
N	-3.56	16.468	10.181	218
CA	-2.104	16.425	9.961	218
C	-1.793	16.326	8.465	218
N	-2.529	15.479	7.74	219
CA	-2.404	15.353	6.284	219
C	-2.861	16.651	5.6	219
N	-3.988	17.242	6.019	220
CA	-4.464	18.542	5.51	220
C	-3.402	19.632	5.692	220
N	-2.862	19.775	6.905	221
CA	-1.83	20.763	7.206	221
C	-0.534	20.542	6.411	221
N	-0.225	19.3	6.009	222
CA	0.893	19.014	5.1	222
C	0.564	19.456	3.676	222
N	-0.622	19.13	3.163	223
CA	-1.067	19.538	1.822	223
C	-1.105	21.069	1.666	223
N	-1.485	21.803	2.716	224
CA	-1.54	23.276	2.73	224
C	-0.175	23.976	2.603	224
N	0.946	23.272	2.822	225
CA	2.299	23.849	2.673	225
C	2.72	24.032	1.219	225
N	2.058	23.338	0.301	226
CA	2.395	23.36	-1.114	226
C	1.744	24.558	-1.806	226
N	2.294	24.941	-2.957	227
CA	1.774	26.06	-3.737	227
C	0.317	25.827	-4.142	227
N	-0.438	26.924	-4.251	228
CA	-1.823	26.881	-4.726	228
C	-1.847	26.247	-6.118	228
N	-2.496	25.089	-6.231	229
CA	-2.573	24.318	-7.472	229
C	-1.729	23.045	-7.487	229
N	-0.938	22.765	-6.446	230
CA	-0.397	21.421	-6.253	230
C	-1.553	20.448	-5.994	230
N	-1.676	19.457	-6.869	231
CA	-2.759	18.469	-6.865	231
C	-2.228	17.038	-6.86	231
N	-0.912	16.846	-6.946	232
CA	-0.275	15.538	-7.032	232
C	-0.105	14.923	-5.639	232
N	-1.236	14.772	-4.957	233
CA	-1.364	14.004	-3.734	233
C	-2.178	12.754	-4.023	233
N	-1.788	11.642	-3.419	234
CA	-2.605	10.441	-3.425	234
C	-2.685	9.883	-2.012	234
N	-3.887	9.499	-1.594	235
CA	-4.118	8.884	-0.299	235
C	-4.8	7.543	-0.517	235
N	-4.237	6.508	0.085	236
CA	-4.784	5.164	0.062	236
C	-4.926	4.628	1.484	236
N	-5.901	3.756	1.693	237
CA	-6.204	3.109	2.954	237
C	-5.907	1.614	2.869	237
N	-5.119	1.113	3.818	238
CA	-4.949	-0.313	4.054	238
C	-6.131	-0.815	4.889	238
N	-6.921	-1.723	4.325	239
CA	-8.167	-2.231	4.915	239
C	-8.194	-3.756	4.913	239
N	-9.079	-4.346	5.716	240
CA	-9.382	-5.776	5.589	240
C	-10.031	-6.071	4.233	240
N	-9.785	-7.265	3.685	241
CA	-10.403	-7.744	2.443	241
C	-11.931	-7.622	2.529	241
N	-12.479	-6.673	1.765	242
CA	-13.886	-6.281	1.851	242
C	-14.805	-7.418	1.436	242
N	-14.413	-8.18	0.415	243
CA	-15.158	-9.357	-0.021	243
C	-15.271	-10.368	1.124	243
N	-14.152	-10.672	1.794	244
CA	-14.11	-11.618	2.917	244
C	-14.964	-11.132	4.087	244
N	-14.917	-9.836	4.402	245
CA	-15.756	-9.235	5.439	245
C	-17.256	-9.397	5.134	245
N	-17.696	-9.115	3.902	246
CA	-19.101	-9.29	3.519	246
C	-19.521	-10.766	3.501	246
N	-18.678	-11.666	2.987	247
CA	-18.952	-13.11	2.96	247
C	-19.106	-13.684	4.379	247
N	-18.276	-13.25	5.338	248
CA	-18.433	-13.626	6.751	248
C	-19.73	-13.085	7.352	248
N	-20.077	-11.814	7.109	249
CA	-21.351	-11.231	7.581	249
C	-22.558	-12.006	7.044	249
N	-22.524	-12.415	5.773	250
CA	-23.552	-13.288	5.183	250
C	-23.61	-14.622	5.93	250
N	-22.465	-15.27	6.158	251
CA	-22.41	-16.545	6.874	251
C	-22.977	-16.427	8.295	251
N	-22.685	-15.33	8.999	252
CA	-23.244	-15.055	10.322	252
C	-24.765	-14.895	10.272	252
N	-25.302	-14.117	9.329	253
CA	-26.752	-13.931	9.196	253
C	-27.492	-15.221	8.813	253
N	-26.844	-16.123	8.072	254
CA	-27.429	-17.414	7.678	254
C	-27.386	-18.427	8.824	254
N	-26.256	-18.53	9.528	255
CA	-26.005	-19.631	10.462	255
C	-26.283	-19.286	11.929	255
N	-26.216	-18.009	12.321	256
CA	-26.421	-17.596	13.708	256
C	-27.839	-17.039	13.919	256
N	-28.434	-17.259	15.107	257
CA	-29.64	-16.552	15.514	257
C	-29.415	-15.034	15.466	257
N	-30.335	-14.307	14.834	258
CA	-30.321	-12.844	14.749	258
C	-31.641	-12.281	15.27	258
N	-31.579	-11.095	15.88	259
CA	-32.747	-10.347	16.362	259
C	-33.601	-9.777	15.218	259
N	-33.059	-9.738	13.995	260
CA	-33.771	-9.256	12.817	260
C	-34.905	-10.203	12.424	260
N	-35.997	-9.61	11.934	261
CA	-37.073	-10.35	11.284	261
C	-36.529	-11.151	10.094	261
N	-37.229	-12.218	9.705	262
CA	-36.825	-13.018	8.547	262
C	-36.744	-12.172	7.26	262
N	-37.668	-11.221	7.075	263
CA	-37.694	-10.34	5.91	263
C	-36.498	-9.374	5.887	263
N	-36.214	-8.699	7.006	264
CA	-35.091	-7.753	7.107	264
C	-33.751	-8.468	6.944	264
N	-33.632	-9.662	7.534	265
CA	-32.455	-10.518	7.376	265
C	-32.224	-10.895	5.914	265
N	-33.282	-11.244	5.184	266
CA	-33.177	-11.599	3.771	266
C	-32.805	-10.389	2.9	266
N	-33.334	-9.202	3.214	267
CA	-32.971	-7.954	2.546	267
C	-31.49	-7.604	2.773	267
N	-31.003	-7.743	4.007	268
CA	-29.601	-7.492	4.35	268
C	-28.654	-8.483	3.66	268
N	-28.99	-9.779	3.647	269
CA	-28.219	-10.784	2.899	269
C	-28.186	-10.445	1.402	269
N	-29.299	-9.983	0.823	270
CA	-29.343	-9.577	-0.58	270
C	-28.44	-8.362	-0.855	270
N	-28.416	-7.389	0.06	271
CA	-27.537	-6.226	-0.006	271
C	-26.054	-6.632	0.077	271
N	-25.677	-7.425	1.083	272
CA	-24.313	-7.94	1.237	272
C	-23.864	-8.768	0.027	272
N	-24.743	-9.601	-0.544	273
CA	-24.449	-10.326	-1.793	273
C	-24.216	-9.378	-2.964	273
N	-24.907	-8.24	-3.002	274
CA	-24.629	-7.181	-3.971	274
C	-23.225	-6.628	-3.776	274
N	-22.844	-6.268	-2.551	275
CA	-21.492	-5.797	-2.249	275
C	-20.415	-6.818	-2.641	275
N	-20.586	-8.102	-2.31	276
CA	-19.66	-9.174	-2.734	276
C	-19.49	-9.229	-4.256	276
N	-20.565	-9.036	-5.037	277
CA	-20.456	-8.982	-6.506	277
C	-19.624	-7.788	-6.972	277
N	-19.819	-6.614	-6.371	278
CA	-19.036	-5.419	-6.697	278
C	-17.552	-5.621	-6.371	278
N	-17.233	-6.207	-5.214	279
CA	-15.848	-6.512	-4.832	279
C	-15.182	-7.509	-5.79	279
N	-15.9	-8.563	-6.199	280
CA	-15.393	-9.537	-7.182	280
C	-15.11	-8.892	-8.538	280
N	-15.989	-8.002	-8.993	281
CA	-15.791	-7.266	-10.242	281
C	-14.618	-6.277	-10.145	281
N	-14.479	-5.573	-9.012	282
CA	-13.332	-4.701	-8.711	282
C	-12.016	-5.475	-8.807	282
N	-11.895	-6.605	-8.1	283
CA	-10.699	-7.468	-8.134	283
C	-10.396	-7.989	-9.542	283
N	-11.425	-8.356	-10.319	284
CA	-11.266	-8.77	-11.725	284
C	-10.7	-7.645	-12.592	284
N	-11.189	-6.418	-12.407	285
CA	-10.712	-5.229	-13.121	285
C	-9.267	-4.891	-12.754	285
N	-8.908	-4.88	-11.468	286
CA	-7.519	-4.679	-11.027	286
C	-6.582	-5.728	-11.617	286
N	-6.96	-7.011	-11.566	287
CA	-6.168	-8.082	-12.181	287
C	-5.961	-7.86	-13.679	287
N	-7.008	-7.455	-14.406	288
CA	-6.903	-7.162	-15.841	288
C	-5.976	-5.974	-16.099	288
N	-6.083	-4.911	-15.306	289
CA	-5.212	-3.739	-15.423	289
C	-3.754	-4.091	-15.142	289
N	-3.487	-4.832	-14.073	290
CA	-2.129	-5.219	-13.724	290
C	-1.518	-6.154	-14.773	290
N	-2.299	-7.053	-15.386	291
CA	-1.836	-7.803	-16.568	291
C	-1.417	-6.848	-17.694	291
N	-2.167	-5.763	-17.94	292
CA	-1.788	-4.757	-18.944	292
C	-0.515	-4.013	-18.554	292
N	-0.363	-3.609	-17.289	293
CA	0.828	-2.903	-16.778	293
C	2.109	-3.713	-16.964	293
N	2.036	-5.029	-16.743	294
CA	3.18	-5.948	-16.881	294
C	3.432	-6.431	-18.308	294
N	2.503	-6.191	-19.232	295
CA	2.62	-6.721	-20.582	295
C	3.608	-5.898	-21.409	295
N	4.588	-6.578	-22.003	296
CA	5.51	-5.953	-22.934	296
C	4.87	-5.805	-24.323	296
N	4.358	-4.61	-24.63	297
CA	3.765	-4.288	-25.936	297
C	4.799	-4.045	-27.048	297
N	6.097	-3.994	-26.736	298
CA	7.142	-3.638	-27.7	298
C	7.236	-4.594	-28.894	298
N	7.186	-5.932	-28.723	299
CA	7.191	-6.848	-29.861	299
C	6.026	-6.585	-30.821	299
N	4.836	-6.298	-30.281	300
CA	3.669	-5.941	-31.085	300
C	3.87	-4.613	-31.825	300
N	4.408	-3.587	-31.157	301
CA	4.676	-2.278	-31.772	301
C	5.691	-2.411	-32.911	301
N	6.793	-3.133	-32.691	302
CA	7.826	-3.355	-33.712	302
C	7.242	-4.08	-34.92	302
N	6.449	-5.127	-34.695	303
CA	5.822	-5.863	-35.791	303
C	4.803	-5.003	-36.547	303
N	3.98	-4.231	-35.835	304
CA	3.049	-3.288	-36.451	304
C	3.779	-2.27	-37.342	304
N	4.907	-1.719	-36.881	305
CA	5.709	-0.771	-37.66	305
C	6.304	-1.41	-38.921	305
N	6.764	-2.666	-38.846	306
CA	7.244	-3.414	-40.02	306
C	6.146	-3.573	-41.07	306
N	4.956	-4.017	-40.662	307
CA	3.806	-4.187	-41.56	307
C	3.364	-2.859	-42.203	307
N	3.394	-1.756	-41.446	308
CA	3.115	-0.42	-41.987	308
C	4.177	0.036	-42.999	308
N	5.437	-0.358	-42.802	309
CA	6.522	-0.112	-43.75	309
C	6.312	-0.87	-45.06	309
N	6.013	-2.168	-44.975	310
CA	5.775	-3.042	-46.134	310
C	4.553	-2.62	-46.96	310
N	3.499	-2.133	-46.301	311
CA	2.295	-1.612	-46.972	311
C	2.453	-0.179	-47.498	311
N	3.605	0.468	-47.277	312
CA	3.87	1.852	-47.688	312
C	3.086	2.913	-46.902	312
N	2.419	2.531	-45.81	313
CA	1.577	3.422	-45.006	313
C	2.366	4.188	-43.936	313
N	3.523	3.662	-43.517	314
CA	4.291	4.176	-42.381	314
C	4.671	5.653	-42.531	314
N	5.304	6.035	-43.646	315
CA	5.765	7.416	-43.856	315
C	4.608	8.418	-43.84	315
N	3.49	8.087	-44.494	316
CA	2.302	8.938	-44.507	316
C	1.7	9.143	-43.103	316
N	1.782	8.138	-42.225	317
CA	1.351	8.256	-40.825	317
C	2.359	9.089	-40.021	317
N	3.661	8.849	-40.197	318
CA	4.72	9.594	-39.517	318
C	4.68	11.09	-39.844	318
N	4.457	11.46	-41.104	319
CA	4.389	12.865	-41.514	319
C	3.16	13.561	-40.914	319
N	1.988	12.907	-40.931	320
CA	0.792	13.409	-40.226	320
C	1.026	13.59	-38.724	320
N	1.772	12.679	-38.096	321
CA	2.112	12.781	-36.681	321
C	3.063	13.959	-36.404	321
N	4.053	14.192	-37.278	322
CA	4.942	15.361	-37.207	322
C	4.148	16.654	-37.328	322
N	3.282	16.779	-38.332	323
CA	2.44	17.966	-38.529	323
C	1.594	18.263	-37.285	323
N	0.975	17.228	-36.701	324
CA	0.212	17.361	-35.454	324
C	1.08	17.808	-34.276	324
N	2.314	17.315	-34.169	325
CA	3.226	17.714	-33.091	325
C	3.608	19.196	-33.166	325
N	3.736	19.764	-34.372	326
CA	3.981	21.196	-34.555	326
C	2.78	22.048	-34.132	326
N	1.55	21.579	-34.373	327
CA	0.323	22.278	-33.963	327
C	0.086	22.261	-32.443	327
N	0.579	21.239	-31.737	328
CA	0.409	21.105	-30.287	328
C	1.529	21.749	-29.46	328
N	2.627	22.215	-30.072	329
CA	3.641	22.976	-29.333	329
C	3.053	24.347	-28.98	329
N	2.907	24.707	-27.69	330
CA	2.5	26.058	-27.334	330
C	3.517	27.041	-27.922	330
N	3.03	28.038	-28.667	331
CA	3.858	29.131	-29.17	331
C	4.602	29.746	-27.99	331
N	5.936	29.729	-28.028	332
CA	6.77	30.393	-27.017	332
C	6.593	31.925	-26.992	332
N	5.78	32.502	-27.881	333
CA	5.716	33.95	-28.121	333
C	4.587	34.721	-27.41	333
N	3.883	34.154	-26.422	334
CA	2.856	34.918	-25.667	334
C	3.137	35.094	-24.176	334
N	4.402	35.055	-23.73	335
CA	4.751	35.44	-22.342	335
C	5.443	36.793	-22.169	335
N	5.816	37.488	-23.239	336
CA	6.413	38.829	-23.13	336
C	5.433	39.942	-23.512	336
N	4.273	39.988	-22.853	337
CA	3.462	41.209	-22.77	337
C	2.801	41.295	-21.389	337
N	3.576	41.671	-20.371	338
CA	3.016	42.372	-19.216	338
C	3.477	43.835	-19.275	338
N	2.544	44.804	-19.308	339
CA	2.881	46.218	-19.368	339
C	3.409	46.702	-18.011	339
N	4.44	47.549	-18.08	340
CA	5.068	48.257	-16.957	340
C	4.092	49.128	-16.168	340
