ATOM	X	Y	Z	RESIDUE
N	-3.352	28.46	21.792	1
CA	-2.234	28.312	20.831	1
C	-1.974	26.86	20.435	1
N	-2.296	25.85	21.257	2
CA	-2.148	24.436	20.843	2
C	-3.291	23.924	19.934	2
N	-4.5	24.501	19.983	3
CA	-5.621	24.109	19.093	3
C	-5.451	24.554	17.627	3
N	-4.561	25.514	17.363	4
CA	-4.238	26.012	16.013	4
C	-3.157	25.192	15.301	4
N	-2.662	24.122	15.932	5
CA	-1.891	23.056	15.287	5
C	-2.732	21.774	15.201	5
N	-3.875	21.837	14.501	6
CA	-4.188	20.7	13.625	6
C	-2.974	20.577	12.708	6
N	-2.201	19.497	12.857	7
CA	-1.076	19.228	11.964	7
C	-1.595	19.354	10.531	7
N	-0.772	19.878	9.619	8
CA	-1.055	19.748	8.197	8
C	-1.283	18.255	7.934	8
N	-2.543	17.881	7.701	9
CA	-2.971	16.493	7.555	9
C	-2.191	15.934	6.387	9
N	-1.308	14.975	6.668	10
CA	-0.412	14.448	5.653	10
C	-1.255	13.68	4.648	10
N	-1.513	14.294	3.496	11
CA	-2.327	13.709	2.431	11
C	-1.867	12.277	2.12	11
N	-2.814	11.413	1.77	12
CA	-2.594	10.003	1.44	12
C	-1.911	9.19	2.56	12
N	-2.133	9.534	3.837	13
CA	-1.662	8.724	4.974	13
C	-2.774	7.953	5.671	13
N	-2.418	6.759	6.154	14
CA	-3.204	5.99	7.123	14
C	-2.419	5.888	8.434	14
N	-3.037	6.312	9.533	15
CA	-2.534	6.193	10.902	15
C	-3.15	4.976	11.599	15
N	-2.353	4.268	12.397	16
CA	-2.825	3.11	13.15	16
C	-2.203	3.04	14.545	16
N	-3.071	2.92	15.549	17
CA	-2.723	2.843	16.965	17
C	-3.11	1.466	17.505	17
N	-2.193	0.751	18.157	18
CA	-2.471	-0.509	18.847	18
C	-2.182	-0.369	20.344	18
N	-3.216	-0.603	21.14	19
CA	-3.236	-0.494	22.592	19
C	-3.211	-1.889	23.22	19
N	-2.446	-2.055	24.301	20
CA	-2.396	-3.295	25.076	20
C	-3.46	-3.268	26.181	20
N	-4.224	-4.352	26.313	21
CA	-5.274	-4.516	27.317	21
C	-5.082	-5.848	28.067	21
N	-5.098	-5.854	29.416	22
CA	-5.114	-4.69	30.308	22
C	-3.739	-4.0	30.398	22
N	-3.725	-2.695	30.687	23
CA	-2.486	-1.958	30.982	23
C	-2.016	-2.257	32.42	23
N	-1.323	-3.385	32.596	24
CA	-0.939	-3.894	33.922	24
C	0.221	-3.124	34.582	24
N	1.021	-2.376	33.815	25
CA	2.32	-1.876	34.275	25
C	2.356	-0.358	34.463	25
N	2.19	0.091	35.715	26
CA	2.436	1.492	36.14	26
C	3.888	1.973	35.965	26
N	4.8	1.064	35.641	27
CA	6.229	1.31	35.492	27
C	6.545	1.575	34.011	27
N	6.731	2.854	33.668	28
CA	6.835	3.347	32.285	28
C	7.926	2.648	31.467	28
N	9.07	2.329	32.076	29
CA	10.181	1.69	31.363	29
C	9.879	0.216	31.061	29
N	9.233	-0.498	31.993	30
CA	8.762	-1.871	31.748	30
C	7.652	-1.912	30.705	30
N	6.711	-0.967	30.749	31
CA	5.652	-0.873	29.744	31
C	6.243	-0.654	28.342	31
N	7.227	0.249	28.226	32
CA	7.98	0.477	26.988	32
C	8.667	-0.793	26.485	32
N	9.365	-1.537	27.345	33
CA	9.974	-2.816	26.953	33
C	8.944	-3.848	26.468	33
N	7.778	-3.933	27.119	34
CA	6.695	-4.85	26.733	34
C	6.164	-4.476	25.345	34
N	5.854	-3.197	25.109	35
CA	5.39	-2.727	23.803	35
C	6.456	-2.897	22.712	35
N	7.737	-2.646	22.996	36
CA	8.821	-2.899	22.037	36
C	8.953	-4.391	21.679	36
N	8.785	-5.304	22.648	37
CA	8.72	-6.756	22.389	37
C	7.485	-7.139	21.563	37
N	6.353	-6.455	21.74	38
CA	5.173	-6.642	20.889	38
C	5.404	-6.154	19.453	38
N	6.021	-4.983	19.253	39
CA	6.413	-4.479	17.923	39
C	7.287	-5.506	17.198	39
N	8.341	-6.013	17.847	40
CA	9.206	-7.034	17.244	40
C	8.403	-8.289	16.871	40
N	7.616	-8.842	17.807	41
CA	6.773	-10.025	17.552	41
C	5.823	-9.82	16.372	41
N	5.182	-8.656	16.265	42
CA	4.253	-8.31	15.182	42
C	4.993	-8.246	13.845	42
N	6.016	-7.393	13.744	43
CA	6.748	-7.172	12.492	43
C	7.373	-8.487	12.015	43
N	7.931	-9.295	12.918	44
CA	8.494	-10.599	12.56	44
C	7.444	-11.665	12.231	44
N	6.248	-11.629	12.834	45
CA	5.165	-12.581	12.519	45
C	4.601	-12.343	11.122	45
N	4.515	-11.08	10.711	46
CA	3.92	-10.675	9.437	46
C	4.94	-10.365	8.327	46
N	6.242	-10.355	8.633	47
CA	7.336	-10.282	7.66	47
C	7.17	-11.176	6.405	47
N	6.671	-12.435	6.472	48
CA	6.441	-13.252	5.275	48
C	5.509	-12.636	4.218	48
N	4.624	-11.701	4.596	49
CA	3.781	-10.946	3.657	49
C	4.205	-9.483	3.486	49
N	4.765	-8.846	4.521	50
CA	5.148	-7.428	4.485	50
C	6.46	-7.165	3.724	50
N	7.428	-8.088	3.81	51
CA	8.756	-7.968	3.18	51
C	8.726	-8.079	1.644	51
N	8.025	-9.053	1.018	52
CA	7.959	-9.147	-0.445	52
C	6.96	-8.168	-1.089	52
N	6.234	-7.369	-0.299	53
CA	5.253	-6.412	-0.807	53
C	5.947	-5.171	-1.39	53
N	5.576	-4.788	-2.614	54
CA	6.052	-3.557	-3.255	54
C	5.096	-2.429	-2.861	54
N	5.43	-1.725	-1.782	55
CA	4.698	-0.543	-1.321	55
C	4.837	0.614	-2.314	55
N	3.781	1.41	-2.47	56
CA	3.734	2.552	-3.389	56
C	4.682	3.682	-2.964	56
N	4.808	3.926	-1.656	57
CA	5.653	4.988	-1.106	57
C	6.34	4.543	0.199	57
N	5.581	4.309	1.276	58
CA	6.131	3.864	2.565	58
C	5.631	2.466	2.96	58
N	6.448	1.643	3.644	59
CA	5.991	0.368	4.177	59
C	5.197	0.518	5.48	59
N	4.478	-0.548	5.839	60
CA	3.975	-0.746	7.198	60
C	5.121	-0.649	8.22	60
N	4.927	0.144	9.27	61
CA	5.917	0.439	10.304	61
C	5.235	0.529	11.673	61
N	5.962	0.229	12.749	62
CA	5.43	0.333	14.109	62
C	6.489	0.869	15.066	62
N	6.082	1.835	15.886	63
CA	6.911	2.502	16.885	63
C	6.217	2.65	18.225	63
N	7.014	2.702	19.285	64
CA	6.519	2.995	20.625	64
C	6.228	4.494	20.752	64
N	4.995	4.847	21.124	65
CA	4.574	6.22	21.416	65
C	4.247	6.314	22.916	65
N	4.991	7.113	23.709	66
CA	4.722	7.259	25.137	66
C	3.373	7.946	25.366	66
N	2.706	7.605	26.47	67
CA	1.414	8.195	26.818	67
C	1.509	9.711	27.014	67
N	0.65	10.465	26.323	68
CA	0.584	11.934	26.363	68
C	-0.855	12.386	26.103	68
N	-1.278	13.49	26.724	69
CA	-2.564	14.134	26.414	69
C	-3.803	13.277	26.702	69
N	-3.738	12.382	27.693	70
CA	-4.831	11.454	28.006	70
C	-4.884	10.2	27.126	70
N	-4.001	10.058	26.133	71
CA	-3.798	8.797	25.403	71
C	-2.76	7.953	26.166	71
N	-3.017	6.659	26.447	72
CA	-2.043	5.777	27.096	72
C	-0.842	5.498	26.179	72
N	0.202	4.863	26.714	73
CA	1.307	4.394	25.883	73
C	0.808	3.318	24.902	73
N	1.288	3.363	23.66	74
CA	0.781	2.507	22.589	74
C	1.828	2.26	21.507	74
N	1.553	1.269	20.665	75
CA	2.237	1.109	19.389	75
C	1.522	1.991	18.365	75
N	2.276	2.75	17.588	76
CA	1.779	3.682	16.583	76
C	2.491	3.411	15.263	76
N	1.797	3.543	14.145	77
CA	2.395	3.588	12.819	77
C	1.653	4.587	11.947	77
N	2.357	5.126	10.958	78
CA	1.766	5.96	9.909	78
C	2.399	5.569	8.589	78
N	1.582	5.32	7.575	79
CA	2.065	4.931	6.25	79
C	1.46	5.855	5.211	79
N	2.304	6.591	4.474	80
CA	1.863	7.266	3.25	80
C	1.685	6.23	2.138	80
N	0.441	6.013	1.717	81
CA	0.06	5.092	0.644	81
C	0.06	5.764	-0.741	81
N	-0.095	7.092	-0.816	82
CA	-0.085	7.824	-2.092	82
C	-1.227	7.388	-3.015	82
N	-0.959	7.235	-4.312	83
CA	-2.002	6.889	-5.291	83
C	-2.515	5.431	-5.202	83
N	-1.917	4.561	-4.373	84
CA	-2.316	3.152	-4.28	84
C	-3.143	2.871	-3.021	84
N	-4.453	3.111	-3.095	85
CA	-5.399	2.812	-2.003	85
C	-5.393	1.325	-1.576	85
N	-4.878	0.413	-2.405	86
CA	-4.707	-0.997	-2.03	86
C	-3.602	-1.232	-0.974	86
N	-2.683	-0.279	-0.754	87
CA	-1.732	-0.3	0.373	87
C	-2.477	-0.031	1.699	87
N	-3.406	0.934	1.724	88
CA	-4.273	1.231	2.879	88
C	-5.128	0.013	3.256	88
N	-5.867	-0.559	2.3	89
CA	-6.71	-1.73	2.573	89
C	-5.901	-2.988	2.911	89
N	-4.652	-3.089	2.443	90
CA	-3.73	-4.111	2.928	90
C	-3.342	-3.875	4.396	90
N	-3.113	-2.629	4.824	91
CA	-2.867	-2.289	6.236	91
C	-4.09	-2.61	7.107	91
N	-5.316	-2.322	6.652	92
CA	-6.553	-2.739	7.351	92
C	-6.585	-4.258	7.549	92
N	-6.26	-5.032	6.508	93
CA	-6.135	-6.486	6.618	93
C	-5.044	-6.905	7.623	93
N	-3.849	-6.306	7.561	94
CA	-2.719	-6.592	8.465	94
C	-3.112	-6.334	9.923	94
N	-3.693	-5.173	10.235	95
CA	-4.138	-4.804	11.588	95
C	-5.241	-5.742	12.099	95
N	-6.182	-6.144	11.236	96
CA	-7.181	-7.161	11.583	96
C	-6.525	-8.501	11.946	96
N	-5.515	-8.959	11.199	97
CA	-4.792	-10.188	11.56	97
C	-3.942	-10.02	12.829	97
N	-3.365	-8.839	13.08	98
CA	-2.628	-8.545	14.321	98
C	-3.548	-8.688	15.539	98
N	-4.71	-8.029	15.546	99
CA	-5.667	-8.111	16.673	99
C	-6.306	-9.496	16.832	99
N	-6.267	-10.338	15.791	100
CA	-6.678	-11.749	15.849	100
C	-5.607	-12.658	16.462	100
N	-4.349	-12.477	16.062	101
CA	-3.197	-13.262	16.534	101
C	-2.78	-12.869	17.964	101
N	-3.017	-11.61	18.342	102
CA	-2.744	-11.054	19.664	102
C	-4.043	-10.481	20.274	102
N	-4.888	-11.313	20.921	103
CA	-6.178	-10.896	21.499	103
C	-6.098	-9.773	22.546	103
N	-4.937	-9.627	23.19	104
CA	-4.601	-8.546	24.13	104
C	-4.501	-7.164	23.45	104
N	-4.474	-7.105	22.112	105
CA	-4.333	-5.865	21.353	105
C	-5.667	-5.383	20.789	105
N	-5.94	-4.106	21.034	106
CA	-7.038	-3.356	20.424	106
C	-6.447	-2.303	19.506	106
N	-6.89	-2.27	18.253	107
CA	-6.37	-1.35	17.254	107
C	-7.415	-0.325	16.806	107
N	-6.969	0.901	16.542	108
CA	-7.708	1.964	15.852	108
C	-6.958	2.284	14.561	108
N	-7.677	2.506	13.468	109
CA	-7.129	2.902	12.166	109
C	-7.906	4.14	11.732	109
N	-7.205	5.197	11.341	110
CA	-7.786	6.431	10.805	110
C	-6.997	6.871	9.561	110
N	-7.638	7.569	8.633	111
CA	-7.028	8.141	7.425	111
C	-7.269	9.669	7.351	111
N	-7.166	10.262	6.157	112
CA	-7.435	11.685	5.929	112
C	-8.921	12.05	6.112	112
N	-9.842	11.139	5.772	113
CA	-11.287	11.287	6.006	113
C	-11.694	10.913	7.452	113
N	-10.749	10.391	8.239	114
CA	-10.907	10.01	9.635	114
C	-11.315	8.548	9.78	114
N	-12.61	8.284	9.941	115
CA	-13.14	6.939	10.221	115
C	-13.592	6.232	8.92	115
N	-12.72	6.126	7.903	116
CA	-13.073	5.594	6.567	116
C	-13.675	4.179	6.554	116
N	-13.411	3.363	7.581	117
CA	-14.055	2.054	7.755	117
C	-15.589	2.161	7.849	117
N	-16.109	3.311	8.293	118
CA	-17.538	3.613	8.315	118
C	-18.073	4.014	6.932	118
N	-17.238	4.562	6.04	119
CA	-17.623	4.939	4.668	119
C	-17.954	3.681	3.851	119
N	-17.1	2.65	3.891	120
CA	-17.361	1.342	3.245	120
C	-18.635	0.653	3.787	120
N	-19.074	1.018	4.997	121
CA	-20.253	0.472	5.664	121
C	-21.459	1.435	5.722	121
N	-21.432	2.559	4.991	122
CA	-22.372	3.68	5.12	122
C	-23.858	3.262	5.129	122
N	-24.277	2.412	4.184	123
CA	-25.664	1.92	4.042	123
C	-26.196	1.139	5.256	123
N	-25.286	0.659	6.104	124
CA	-25.564	-0.215	7.236	124
C	-25.342	0.463	8.592	124
N	-24.897	1.725	8.611	125
CA	-24.621	2.442	9.851	125
C	-25.908	2.712	10.653	125
N	-25.85	2.677	11.997	126
CA	-26.974	3.097	12.82	126
C	-27.217	4.605	12.678	126
N	-28.481	5.04	12.563	127
CA	-28.877	6.467	12.46	127
C	-28.327	7.418	13.543	127
N	-27.801	6.901	14.656	128
CA	-27.207	7.725	15.715	128
C	-25.729	8.042	15.47	128
N	-25.036	7.278	14.621	129
CA	-23.606	7.415	14.364	129
C	-23.41	8.398	13.208	129
N	-22.72	9.501	13.477	130
CA	-22.441	10.566	12.511	130
C	-20.957	10.996	12.59	130
N	-20.441	11.774	11.615	131
CA	-19.038	12.203	11.602	131
C	-18.621	13.121	12.763	131
N	-19.565	13.751	13.471	132
CA	-19.268	14.591	14.642	132
C	-19.105	13.743	15.913	132
N	-19.702	12.544	15.943	133
CA	-19.743	11.685	17.123	133
C	-18.978	10.353	17.012	133
N	-18.497	9.99	15.817	134
CA	-17.756	8.753	15.526	134
C	-16.396	8.653	16.224	134
N	-15.734	9.783	16.492	135
CA	-14.375	9.855	17.05	135
C	-14.176	8.94	18.261	135
N	-13.147	8.087	18.204	136
CA	-12.807	7.102	19.239	136
C	-13.919	6.075	19.532	136
N	-14.799	5.763	18.573	137
CA	-15.798	4.69	18.73	137
C	-15.449	3.417	17.974	137
N	-14.65	3.486	16.91	138
CA	-14.366	2.349	16.023	138
C	-13.021	1.71	16.37	138
N	-13.01	0.388	16.548	139
CA	-11.795	-0.371	16.855	139
C	-11.842	-1.781	16.262	139
N	-10.681	-2.344	15.937	140
CA	-10.503	-3.786	15.791	140
C	-10.12	-4.415	17.134	140
N	-10.798	-5.498	17.503	141
CA	-10.576	-6.245	18.738	141
C	-10.817	-7.736	18.461	141
N	-9.898	-8.624	18.861	142
CA	-9.97	-10.071	18.567	142
C	-10.102	-10.419	17.062	142
N	-9.701	-9.511	16.165	143
CA	-9.896	-9.651	14.72	143
C	-11.301	-9.306	14.215	143
N	-12.19	-8.783	15.058	144
CA	-13.528	-8.303	14.694	144
C	-13.61	-6.773	14.807	144
N	-14.526	-6.153	14.057	145
CA	-14.78	-4.712	14.138	145
C	-15.811	-4.417	15.237	145
N	-15.464	-3.498	16.128	146
CA	-16.285	-3.035	17.234	146
C	-16.604	-1.543	17.077	146
N	-17.836	-1.158	17.413	147
CA	-18.314	0.227	17.439	147
C	-18.95	0.482	18.807	147
N	-18.387	1.408	19.586	148
CA	-18.912	1.781	20.907	148
C	-20.225	2.567	20.736	148
N	-21.381	2.056	21.204	149
CA	-22.661	2.702	20.946	149
C	-22.882	3.979	21.772	149
N	-23.761	4.858	21.287	150
CA	-24.295	5.98	22.061	150
C	-25.577	5.575	22.83	150
N	-25.861	6.179	24.001	151
CA	-27.061	5.87	24.777	151
C	-28.337	6.35	24.067	151
N	-29.213	5.412	23.673	152
CA	-30.473	5.709	22.947	152
C	-31.468	6.587	23.721	152
N	-31.374	6.61	25.055	153
CA	-32.148	7.464	25.971	153
C	-31.285	7.78	27.19	153
N	-31.353	9.013	27.688	154
CA	-30.663	9.441	28.91	154
C	-31.064	8.558	30.098	154
N	-30.144	7.698	30.548	155
CA	-30.353	6.758	31.658	155
C	-30.541	5.282	31.28	155
N	-30.475	4.899	29.997	156
CA	-30.667	3.499	29.591	156
C	-29.56	2.548	30.096	156
N	-28.292	2.966	30.036	157
CA	-27.118	2.179	30.439	157
C	-25.993	3.13	30.893	157
N	-25.527	3.01	32.143	158
CA	-24.623	3.989	32.787	158
C	-23.172	3.987	32.288	158
N	-22.797	3.002	31.473	159
CA	-21.456	2.831	30.908	159
C	-21.315	3.433	29.5	159
N	-22.428	3.822	28.864	160
CA	-22.431	4.358	27.505	160
C	-22.049	5.848	27.492	160
N	-21.036	6.256	26.707	161
CA	-20.599	7.642	26.646	161
C	-21.545	8.467	25.757	161
N	-22.176	9.485	26.352	162
CA	-23.082	10.425	25.663	162
C	-22.343	11.323	24.668	162
N	-21.105	11.698	24.986	163
CA	-20.161	12.391	24.095	163
C	-19.22	11.374	23.436	163
N	-18.412	11.752	22.429	164
CA	-17.269	10.942	22.008	164
C	-16.408	10.551	23.225	164
N	-16.067	9.263	23.409	165
CA	-15.255	8.833	24.539	165
C	-13.796	9.275	24.381	165
N	-13.109	9.447	25.507	166
CA	-11.638	9.504	25.513	166
C	-11.061	8.103	25.282	166
N	-9.848	7.988	24.726	167
CA	-9.204	6.68	24.484	167
C	-9.21	5.767	25.736	167
N	-8.875	6.221	26.965	168
CA	-8.955	5.364	28.152	168
C	-10.379	4.902	28.483	168
N	-11.398	5.739	28.257	169
CA	-12.797	5.33	28.427	169
C	-13.187	4.277	27.387	169
N	-12.795	4.468	26.125	170
CA	-13.037	3.509	25.056	170
C	-12.392	2.145	25.357	170
N	-11.107	2.117	25.728	171
CA	-10.395	0.884	26.088	171
C	-11.026	0.183	27.303	171
N	-11.433	0.927	28.339	172
CA	-12.153	0.361	29.487	172
C	-13.5	-0.266	29.083	172
N	-14.259	0.387	28.196	173
CA	-15.519	-0.144	27.654	173
C	-15.265	-1.428	26.851	173
N	-14.245	-1.439	25.986	174
CA	-13.871	-2.603	25.166	174
C	-13.461	-3.79	26.042	174
N	-12.668	-3.535	27.086	175
CA	-12.249	-4.548	28.07	175
C	-13.446	-5.143	28.806	175
N	-14.372	-4.292	29.251	176
CA	-15.457	-4.714	30.122	176
C	-16.635	-5.345	29.366	176
N	-16.905	-4.929	28.124	177
CA	-18.183	-5.152	27.431	177
C	-18.004	-5.549	25.947	177
N	-16.938	-6.288	25.621	178
CA	-16.563	-6.709	24.256	178
C	-17.723	-7.247	23.399	178
N	-18.592	-8.1	23.951	179
CA	-19.743	-8.666	23.224	179
C	-20.807	-7.622	22.834	179
N	-20.981	-6.555	23.628	180
CA	-22.017	-5.526	23.4	180
C	-21.617	-4.455	22.388	180
N	-20.322	-4.324	22.116	181
CA	-19.766	-3.335	21.183	181
C	-19.433	-3.933	19.814	181
N	-19.627	-5.24	19.623	182
CA	-19.434	-5.889	18.332	182
C	-20.347	-5.226	17.288	182
N	-19.778	-4.775	16.167	183
CA	-20.563	-4.131	15.118	183
C	-21.578	-5.118	14.505	183
N	-22.653	-4.606	13.895	184
CA	-23.642	-5.47	13.239	184
C	-22.989	-6.32	12.145	184
N	-23.556	-7.5	11.883	185
CA	-23.04	-8.404	10.846	185
C	-22.962	-7.713	9.477	185
N	-23.903	-6.819	9.155	186
CA	-23.895	-6.029	7.919	186
C	-22.678	-5.101	7.79	186
N	-22.348	-4.344	8.843	187
CA	-21.174	-3.455	8.881	187
C	-19.888	-4.283	8.787	187
N	-19.798	-5.371	9.567	188
CA	-18.641	-6.277	9.531	188
C	-18.488	-6.928	8.159	188
N	-19.578	-7.357	7.527	189
CA	-19.575	-7.947	6.192	189
C	-19.135	-6.957	5.102	189
N	-19.511	-5.676	5.198	190
CA	-19.081	-4.63	4.269	190
C	-17.557	-4.418	4.321	190
N	-16.996	-4.145	5.504	191
CA	-15.535	-4.011	5.673	191
C	-14.809	-5.311	5.282	191
N	-15.34	-6.476	5.675	192
CA	-14.782	-7.791	5.324	192
C	-14.874	-8.137	3.828	192
N	-15.769	-7.499	3.066	193
CA	-15.858	-7.614	1.604	193
C	-14.703	-6.856	0.949	193
N	-14.368	-5.649	1.418	194
CA	-13.286	-4.824	0.849	194
C	-11.889	-5.423	1.051	194
N	-11.618	-6.003	2.227	195
CA	-10.375	-6.756	2.522	195
C	-10.416	-8.235	2.089	195
N	-11.437	-8.667	1.338	196
CA	-11.563	-10.067	0.915	196
C	-10.455	-10.44	-0.071	196
N	-9.895	-11.633	0.11	197
CA	-8.891	-12.205	-0.788	197
C	-7.445	-11.85	-0.45	197
N	-7.168	-11.024	0.564	198
CA	-5.824	-10.982	1.148	198
C	-5.567	-12.261	1.976	198
N	-4.344	-12.828	1.938	199
CA	-3.135	-12.277	1.316	199
C	-2.96	-12.599	-0.181	199
N	-3.763	-13.477	-0.786	200
CA	-3.587	-13.916	-2.183	200
C	-3.688	-12.755	-3.192	200
N	-4.528	-11.753	-2.896	201
CA	-4.723	-10.52	-3.675	201
C	-3.414	-9.766	-3.923	201
N	-2.435	-9.866	-3.014	202
CA	-1.092	-9.28	-3.176	202
C	-0.436	-9.777	-4.467	202
N	-0.557	-11.068	-4.787	203
CA	0.037	-11.616	-6.01	203
C	-0.754	-11.203	-7.26	203
N	-2.069	-10.992	-7.132	204
CA	-2.937	-10.529	-8.217	204
C	-2.848	-9.01	-8.489	204
N	-2.285	-8.23	-7.558	205
CA	-1.973	-6.804	-7.728	205
C	-0.564	-6.545	-8.267	205
N	0.276	-7.576	-8.408	206
CA	1.55	-7.471	-9.12	206
C	1.329	-7.556	-10.637	206
N	2.224	-6.922	-11.392	207
CA	2.258	-6.947	-12.855	207
C	3.709	-7.016	-13.338	207
N	4.049	-8.014	-14.154	208
CA	5.374	-8.181	-14.764	208
C	5.37	-7.667	-16.196	208
N	6.274	-6.744	-16.498	209
CA	6.504	-6.254	-17.854	209
C	7.993	-6.32	-18.205	209
N	8.312	-6.458	-19.488	210
CA	9.675	-6.351	-19.986	210
C	10.045	-4.876	-20.117	210
N	11.263	-4.539	-19.715	211
CA	11.792	-3.184	-19.743	211
C	13.222	-3.218	-20.287	211
N	13.54	-2.33	-21.231	212
CA	14.885	-2.212	-21.798	212
C	15.727	-1.208	-20.988	212
N	16.41	-1.702	-19.95	213
CA	17.013	-0.913	-18.867	213
C	18.546	-0.981	-18.845	213
N	19.251	0.115	-18.494	214
CA	20.69	0.102	-18.225	214
C	21.08	-0.971	-17.2	214
N	22.17	-1.7	-17.457	215
CA	22.602	-2.849	-16.654	215
C	22.718	-2.56	-15.141	215
N	23.144	-1.348	-14.76	216
CA	23.199	-0.923	-13.356	216
C	21.827	-0.868	-12.671	216
N	20.766	-0.459	-13.381	217
CA	19.392	-0.486	-12.846	217
C	18.937	-1.933	-12.647	217
N	19.259	-2.828	-13.587	218
CA	18.909	-4.254	-13.482	218
C	19.597	-4.906	-12.279	218
N	20.873	-4.592	-12.036	219
CA	21.601	-5.052	-10.854	219
C	20.972	-4.542	-9.541	219
N	20.595	-3.259	-9.485	220
CA	19.928	-2.649	-8.321	220
C	18.545	-3.261	-8.069	220
N	17.705	-3.401	-9.101	221
CA	16.349	-3.951	-8.974	221
C	16.336	-5.426	-8.561	221
N	17.333	-6.22	-8.973	222
CA	17.493	-7.605	-8.503	222
C	17.699	-7.698	-6.995	222
N	18.462	-6.772	-6.414	223
CA	18.758	-6.797	-4.983	223
C	17.694	-6.072	-4.149	223
N	17.103	-4.996	-4.685	224
CA	16.074	-4.199	-4.003	224
C	14.909	-3.851	-4.94	224
N	13.994	-4.807	-5.204	225
CA	12.836	-4.598	-6.077	225
C	11.988	-3.377	-5.7	225
N	11.866	-3.062	-4.397	226
CA	11.104	-1.902	-3.891	226
C	11.501	-0.551	-4.497	226
N	12.733	-0.403	-4.995	227
CA	13.196	0.851	-5.6	227
C	12.468	1.176	-6.914	227
N	11.753	0.208	-7.506	228
CA	10.847	0.456	-8.635	228
C	9.776	1.496	-8.288	228
N	9.231	1.47	-7.066	229
CA	8.177	2.386	-6.636	229
C	8.692	3.829	-6.563	229
N	9.804	4.038	-5.851	230
CA	10.473	5.334	-5.766	230
C	10.878	5.886	-7.147	230
N	11.343	5.033	-8.068	231
CA	11.727	5.462	-9.412	231
C	10.511	5.84	-10.274	231
N	9.433	5.048	-10.24	232
CA	8.171	5.386	-10.917	232
C	7.584	6.672	-10.343	232
N	7.561	6.851	-9.019	233
CA	7.067	8.072	-8.375	233
C	7.909	9.302	-8.755	233
N	9.243	9.188	-8.743	234
CA	10.147	10.261	-9.163	234
C	9.985	10.632	-10.646	234
N	9.635	9.669	-11.504	235
CA	9.25	9.952	-12.883	235
C	7.84	10.552	-12.978	235
N	6.854	10.016	-12.265	236
CA	5.456	10.448	-12.323	236
C	5.295	11.909	-11.873	236
N	5.943	12.283	-10.763	237
CA	5.932	13.625	-10.163	237
C	7.076	14.542	-10.656	237
N	7.731	14.205	-11.777	238
CA	8.896	14.94	-12.311	238
C	8.581	16.408	-12.62	238
N	9.488	17.303	-12.244	239
CA	9.402	18.736	-12.549	239
C	10.382	19.173	-13.683	239
N	10.396	20.457	-14.101	240
CA	11.353	20.964	-15.094	240
C	12.828	21.029	-14.636	240
N	13.136	20.835	-13.351	241
CA	14.502	20.704	-12.813	241
C	14.967	19.248	-12.98	241
N	14.121	18.289	-12.62	242
CA	14.319	16.846	-12.782	242
C	14.546	16.465	-14.25	242
N	13.719	17.016	-15.142	243
CA	13.883	16.854	-16.585	243
C	15.167	17.505	-17.124	243
N	15.708	18.542	-16.463	244
CA	17.015	19.12	-16.823	244
C	18.169	18.196	-16.444	244
N	18.08	17.475	-15.326	245
CA	19.07	16.466	-14.951	245
C	19.116	15.312	-15.971	245
N	17.953	14.84	-16.432	246
CA	17.835	13.748	-17.41	246
C	18.311	14.079	-18.84	246
N	18.707	15.329	-19.132	247
CA	19.179	15.722	-20.476	247
C	20.45	14.993	-20.898	247
N	21.293	14.612	-19.942	248
CA	22.492	13.795	-20.151	248
C	22.592	12.849	-18.965	248
N	22.357	11.562	-19.21	249
CA	22.483	10.517	-18.2	249
C	23.947	10.407	-17.754	249
N	24.187	10.585	-16.455	250
CA	25.502	10.502	-15.808	250
C	25.656	9.201	-15.036	250
N	24.587	8.739	-14.387	251
CA	24.615	7.524	-13.566	251
C	24.291	6.29	-14.407	251
N	23.259	6.346	-15.257	252
CA	22.768	5.176	-15.995	252
C	22.942	5.285	-17.516	252
N	24.136	4.93	-17.999	253
CA	24.508	5.007	-19.418	253
C	23.547	4.215	-20.345	253
N	22.852	4.873	-21.302	254
CA	21.879	4.239	-22.203	254
C	22.466	3.169	-23.134	254
N	23.78	3.136	-23.329	255
CA	24.471	2.134	-24.145	255
C	24.471	0.754	-23.472	255
N	24.321	0.711	-22.143	256
CA	24.322	-0.526	-21.34	256
C	22.94	-1.174	-21.213	256
N	21.96	-0.734	-22.015	257
CA	20.581	-1.221	-21.916	257
C	20.443	-2.677	-22.359	257
N	19.681	-3.424	-21.573	258
CA	19.374	-4.842	-21.734	258
C	17.89	-5.073	-21.442	258
N	17.306	-6.104	-22.047	259
CA	15.934	-6.502	-21.744	259
C	15.901	-7.241	-20.402	259
N	14.992	-6.859	-19.51	260
CA	14.738	-7.568	-18.25	260
C	13.249	-7.57	-17.941	260
N	12.767	-8.602	-17.251	261
CA	11.459	-8.55	-16.595	261
C	11.57	-7.673	-15.346	261
N	10.604	-6.782	-15.135	262
CA	10.447	-5.98	-13.914	262
C	9.053	-6.23	-13.355	262
N	8.96	-6.394	-12.037	263
CA	7.687	-6.55	-11.328	263
C	7.286	-5.214	-10.716	263
N	6.082	-4.76	-11.035	264
CA	5.44	-3.562	-10.505	264
C	4.216	-3.962	-9.669	264
N	3.632	-3.022	-8.924	265
CA	2.188	-3.09	-8.653	265
C	1.427	-2.624	-9.895	265
N	0.157	-3.011	-10.019	266
CA	-0.731	-2.509	-11.074	266
C	-0.826	-0.978	-11.075	266
N	-0.874	-0.33	-9.906	267
CA	-0.856	1.135	-9.815	267
C	0.43	1.731	-10.426	267
N	1.614	1.274	-9.994	268
CA	2.903	1.731	-10.538	268
C	3.024	1.499	-12.055	268
N	2.52	0.365	-12.551	269
CA	2.494	0.065	-13.982	269
C	1.591	1.038	-14.751	269
N	0.362	1.264	-14.276	270
CA	-0.582	2.205	-14.877	270
C	-0.007	3.63	-14.933	270
N	0.581	4.102	-13.826	271
CA	1.245	5.407	-13.74	271
C	2.366	5.56	-14.777	271
N	3.149	4.504	-15.019	272
CA	4.248	4.529	-15.982	272
C	3.766	4.414	-17.441	272
N	2.75	3.589	-17.711	273
CA	2.157	3.42	-19.049	273
C	1.485	4.717	-19.505	273
N	0.554	5.259	-18.711	274
CA	-0.324	6.367	-19.119	274
C	0.401	7.719	-19.278	274
N	1.576	7.883	-18.666	275
CA	2.406	9.082	-18.808	275
C	3.004	9.196	-20.221	275
N	2.417	10.027	-21.092	276
CA	3.014	10.372	-22.397	276
C	4.315	11.151	-22.19	276
N	5.424	10.644	-22.726	277
CA	6.738	11.261	-22.547	277
C	7.643	11.057	-23.764	277
N	8.313	12.132	-24.187	278
CA	9.314	12.122	-25.26	278
C	10.659	12.53	-24.651	278
N	11.721	11.716	-24.784	279
CA	13.014	12.011	-24.178	279
C	13.718	13.167	-24.902	279
N	14.552	13.922	-24.18	280
CA	15.465	14.879	-24.815	280
C	16.433	14.114	-25.732	280
N	16.652	14.594	-26.961	281
CA	17.55	13.948	-27.941	281
C	18.987	13.776	-27.427	281
N	19.403	14.57	-26.433	282
CA	20.717	14.502	-25.771	282
C	20.836	13.369	-24.75	282
N	19.715	12.809	-24.289	283
CA	19.683	11.73	-23.289	283
C	20.244	10.394	-23.791	283
N	20.508	10.256	-25.097	284
CA	20.895	8.995	-25.743	284
C	19.719	8.054	-26.047	284
N	18.532	8.297	-25.482	285
CA	17.343	7.499	-25.771	285
C	16.77	7.832	-27.151	285
N	16.75	6.819	-28.018	286
CA	15.916	6.765	-29.222	286
C	14.979	5.576	-29.075	286
N	13.68	5.824	-29.204	287
CA	12.668	4.773	-29.254	287
C	12.627	4.165	-30.67	287
N	12.32	2.863	-30.806	288
CA	11.988	2.264	-32.097	288
C	10.662	2.843	-32.64	288
N	10.28	2.568	-33.902	289
CA	8.956	2.942	-34.399	289
C	7.836	2.228	-33.606	289
N	6.63	2.817	-33.46	290
CA	5.506	2.193	-32.738	290
C	5.017	0.847	-33.296	290
N	5.433	0.481	-34.511	291
CA	5.168	-0.822	-35.133	291
C	6.122	-1.937	-34.678	291
N	7.134	-1.621	-33.868	292
CA	8.093	-2.592	-33.342	292
C	7.463	-3.39	-32.183	292
N	7.489	-4.738	-32.198	293
CA	6.964	-5.555	-31.102	293
C	7.562	-5.225	-29.727	293
N	8.792	-4.702	-29.677	294
CA	9.489	-4.34	-28.44	294
C	9.323	-2.857	-28.068	294
N	8.521	-2.084	-28.816	295
CA	8.297	-0.655	-28.57	295
C	7.889	-0.371	-27.118	295
N	6.94	-1.15	-26.58	296
CA	6.466	-1.038	-25.192	296
C	7.596	-1.207	-24.175	296
N	8.414	-2.248	-24.328	297
CA	9.535	-2.522	-23.43	297
C	10.623	-1.435	-23.498	297
N	10.839	-0.845	-24.679	298
CA	11.716	0.313	-24.845	298
C	11.149	1.584	-24.2	298
N	9.843	1.83	-24.316	299
CA	9.174	2.981	-23.707	299
C	9.161	2.885	-22.173	299
N	8.723	1.756	-21.608	300
CA	8.714	1.523	-20.159	300
C	10.127	1.584	-19.568	300
N	11.094	0.92	-20.214	301
CA	12.5	0.967	-19.81	301
C	13.07	2.386	-19.83	301
N	12.746	3.18	-20.854	302
CA	13.125	4.592	-20.917	302
C	12.521	5.402	-19.764	302
N	11.204	5.318	-19.532	303
CA	10.52	6.096	-18.484	303
C	11.059	5.749	-17.094	303
N	11.197	4.456	-16.793	304
CA	11.74	3.994	-15.517	304
C	13.204	4.426	-15.331	304
N	14.032	4.363	-16.381	305
CA	15.413	4.838	-16.31	305
C	15.517	6.35	-16.04	305
N	14.605	7.171	-16.58	306
CA	14.518	8.588	-16.204	306
C	14.201	8.737	-14.71	306
N	13.259	7.96	-14.166	307
CA	12.968	7.937	-12.726	307
C	14.189	7.641	-11.846	307
N	14.978	6.628	-12.212	308
CA	16.234	6.294	-11.53	308
C	17.298	7.403	-11.638	308
N	17.456	8.031	-12.806	309
CA	18.397	9.147	-12.988	309
C	17.956	10.392	-12.191	309
N	16.645	10.677	-12.104	310
CA	16.084	11.738	-11.245	310
C	16.464	11.487	-9.784	310
N	16.208	10.28	-9.259	311
CA	16.547	9.918	-7.878	311
C	18.029	10.155	-7.57	311
N	18.936	9.674	-8.425	312
CA	20.373	9.874	-8.232	312
C	20.816	11.336	-8.414	312
N	20.121	12.125	-9.24	313
CA	20.445	13.543	-9.458	313
C	20.091	14.45	-8.274	313
N	19.126	14.04	-7.437	314
CA	18.733	14.744	-6.202	314
C	19.716	14.522	-5.045	314
N	20.637	13.566	-5.165	315
CA	21.637	13.277	-4.14	315
C	22.725	14.355	-4.08	315
N	23.136	14.722	-2.865	316
CA	24.22	15.687	-2.677	316
C	25.566	15.11	-3.147	316
N	26.383	15.859	-3.918	317
CA	27.713	15.411	-4.346	317
C	28.714	15.254	-3.185	317
N	28.331	15.616	-1.956	318
CA	29.116	15.384	-0.743	318
C	28.835	14.041	-0.053	318
N	28.015	13.155	-0.637	319
CA	27.768	11.818	-0.091	319
C	29.063	10.987	-0.044	319
N	29.715	11.031	1.115	320
CA	31.049	10.489	1.342	320
C	30.943	9.148	2.053	320
N	30.901	8.084	1.254	321
CA	31.347	6.739	1.625	321
C	30.823	6.228	2.987	321
N	29.498	6.269	3.192	322
CA	28.844	5.736	4.394	322
C	28.821	4.189	4.381	322
N	30.012	3.574	4.348	323
CA	30.292	2.132	4.196	323
C	29.92	1.266	5.41	323
N	28.883	1.644	6.155	324
CA	28.329	0.85	7.253	324
C	26.814	0.811	7.132	324
N	26.277	-0.356	6.764	325
CA	24.907	-0.709	7.149	325
C	24.834	-0.629	8.676	325
N	24.221	0.442	9.196	326
CA	24.013	0.642	10.635	326
C	23.17	-0.484	11.26	326
N	22.458	-1.257	10.437	327
CA	21.532	-2.31	10.867	327
C	22.242	-3.486	11.507	327
N	23.335	-3.965	10.911	328
CA	24.122	-5.074	11.485	328
C	24.726	-4.766	12.861	328
N	24.831	-3.486	13.238	329
CA	25.305	-3.046	14.549	329
C	24.177	-2.841	15.582	329
N	22.905	-2.884	15.17	330
CA	21.768	-2.69	16.071	330
C	21.438	-3.984	16.828	330
N	21.311	-3.968	18.17	331
CA	20.89	-5.153	18.921	331
C	19.471	-5.615	18.545	331
N	18.625	-4.706	18.04	332
CA	17.278	-5.014	17.542	332
C	17.296	-5.865	16.26	332
N	18.364	-5.796	15.455	333
CA	18.499	-6.652	14.271	333
C	18.755	-8.112	14.661	333
N	19.528	-8.343	15.727	334
CA	19.817	-9.69	16.21	334
C	18.551	-10.395	16.725	334
N	17.723	-9.702	17.519	335
CA	16.452	-10.254	18.003	335
C	15.449	-10.449	16.864	335
N	15.311	-9.468	15.963	336
CA	14.484	-9.6	14.761	336
C	14.879	-10.81	13.895	336
N	16.178	-11.043	13.674	337
CA	16.674	-12.185	12.901	337
C	16.424	-13.532	13.602	337
N	16.594	-13.61	14.924	338
CA	16.256	-14.809	15.705	338
C	14.749	-15.1	15.644	338
N	13.929	-14.065	15.822	339
CA	12.479	-14.125	15.671	339
C	12.074	-14.575	14.25	339
N	12.777	-14.15	13.185	340
CA	12.483	-14.555	11.796	340
C	12.749	-16.045	11.571	340
N	13.843	-16.568	12.142	341
CA	14.148	-18.007	12.124	341
C	13.084	-18.803	12.882	341
N	12.632	-18.302	14.036	342
CA	11.57	-18.92	14.848	342
C	10.208	-18.963	14.139	342
N	9.893	-17.956	13.326	343
CA	8.628	-17.847	12.587	343
C	8.65	-18.511	11.19	343
N	9.68	-19.306	10.873	344
CA	9.889	-19.99	9.583	344
C	9.806	-19.077	8.336	344
N	10.22	-17.81	8.463	345
CA	10.315	-16.886	7.32	345
C	11.229	-17.438	6.205	345
N	12.268	-18.178	6.596	346
CA	13.187	-18.837	5.674	346
C	12.638	-20.148	5.079	346
N	11.467	-20.663	5.492	347
CA	10.836	-21.902	4.976	347
C	11.806	-23.092	4.919	347
N	12.557	-23.311	5.998	348
CA	13.589	-24.356	6.083	348
C	14.787	-24.239	5.118	348
N	15.014	-23.091	4.461	349
CA	16.177	-22.886	3.585	349
C	17.507	-22.984	4.352	349
N	18.506	-23.613	3.726	350
CA	19.849	-23.792	4.3	350
C	20.544	-22.429	4.434	350
N	21.091	-22.138	5.617	351
CA	21.84	-20.904	5.876	351
C	23.005	-20.737	4.882	351
N	23.13	-19.545	4.292	352
CA	24.151	-19.234	3.279	352
C	23.811	-19.647	1.836	352
N	22.754	-20.441	1.613	353
CA	22.225	-20.694	0.261	353
C	21.818	-19.388	-0.441	353
N	21.773	-19.383	-1.778	354
CA	21.458	-18.173	-2.547	354
C	20.083	-17.587	-2.166	354
N	19.047	-18.431	-2.112	355
CA	17.688	-18.039	-1.709	355
C	17.597	-17.602	-0.236	355
N	18.415	-18.179	0.657	356
CA	18.493	-17.713	2.045	356
C	19.087	-16.3	2.116	356
N	20.168	-16.034	1.366	357
CA	20.801	-14.706	1.298	357
C	19.865	-13.662	0.692	357
N	19.187	-13.991	-0.401	358
CA	18.154	-13.152	-1.024	358
C	17.05	-12.759	-0.022	358
N	16.477	-13.73	0.709	359
CA	15.465	-13.436	1.741	359
C	16.005	-12.655	2.932	359
N	17.265	-12.87	3.306	360
CA	17.933	-12.136	4.378	360
C	18.149	-10.669	3.984	360
N	18.619	-10.409	2.762	361
CA	18.795	-9.059	2.211	361
C	17.449	-8.323	2.106	361
N	16.384	-8.993	1.643	362
CA	15.032	-8.416	1.656	362
C	14.544	-8.09	3.079	362
N	14.813	-8.955	4.063	363
CA	14.427	-8.721	5.455	363
C	15.236	-7.593	6.123	363
N	16.542	-7.482	5.847	364
CA	17.381	-6.363	6.31	364
C	16.874	-5.041	5.728	364
N	16.532	-5.05	4.441	365
CA	16.007	-3.898	3.729	365
C	14.627	-3.448	4.25	365
N	13.727	-4.384	4.561	366
CA	12.449	-4.05	5.194	366
C	12.661	-3.468	6.601	366
N	13.521	-4.095	7.412	367
CA	13.852	-3.629	8.762	367
C	14.464	-2.217	8.77	367
N	15.288	-1.876	7.768	368
CA	15.829	-0.52	7.575	368
C	14.73	0.546	7.511	368
N	13.618	0.251	6.83	369
CA	12.521	1.192	6.598	369
C	11.412	1.147	7.659	369
N	11.174	-0.008	8.287	370
CA	10.037	-0.205	9.198	370
C	10.328	0.151	10.659	370
N	11.603	0.328	11.023	371
CA	12.039	0.647	12.39	371
C	12.319	2.139	12.518	371
N	11.743	2.751	13.55	372
CA	11.916	4.169	13.868	372
C	13.345	4.416	14.383	372
N	14.218	4.885	13.494	373
CA	15.549	5.352	13.868	373
C	15.428	6.716	14.562	373
N	16.202	6.99	15.631	374
CA	16.156	8.291	16.293	374
C	16.514	9.399	15.296	374
N	15.829	10.546	15.364	375
CA	15.858	11.664	14.389	375
C	17.266	12.163	13.992	375
N	18.281	11.904	14.824	376
CA	19.707	12.092	14.504	376
C	20.22	11.226	13.338	376
N	19.456	10.224	12.911	377
CA	19.788	9.293	11.837	377
C	19.064	9.768	10.582	377
N	19.742	10.533	9.72	378
CA	19.192	10.835	8.397	378
C	18.971	9.51	7.657	378
N	17.704	9.131	7.482	379
CA	17.333	7.986	6.669	379
C	17.856	8.222	5.246	379
N	18.622	7.27	4.702	380
CA	19.18	7.432	3.359	380
C	18.049	7.594	2.35	380
N	18.164	8.601	1.491	381
CA	17.231	8.767	0.384	381
C	17.337	7.579	-0.588	381
N	16.263	7.235	-1.329	382
CA	16.317	6.158	-2.318	382
C	17.444	6.343	-3.345	382
N	17.783	7.586	-3.707	383
CA	18.909	7.88	-4.596	383
C	20.284	7.57	-3.986	383
N	20.514	7.894	-2.708	384
CA	21.777	7.588	-2.007	384
C	21.941	6.081	-1.8	384
N	20.831	5.397	-1.527	385
CA	20.749	3.944	-1.489	385
C	21.156	3.33	-2.84	385
N	20.566	3.793	-3.95	386
CA	20.92	3.366	-5.313	386
C	22.416	3.587	-5.597	386
N	22.958	4.771	-5.29	387
CA	24.376	5.083	-5.51	387
C	25.306	4.19	-4.671	387
N	24.921	3.873	-3.433	388
CA	25.667	2.958	-2.552	388
C	25.665	1.525	-3.094	388
N	24.541	1.067	-3.655	389
CA	24.438	-0.244	-4.302	389
C	25.297	-0.331	-5.568	389
N	25.288	0.693	-6.424	390
CA	26.12	0.719	-7.636	390
C	27.63	0.671	-7.349	390
N	28.067	1.12	-6.169	391
CA	29.464	1.017	-5.73	391
C	29.822	-0.344	-5.111	391
N	28.83	-1.123	-4.67	392
CA	29.031	-2.361	-3.894	392
C	28.65	-3.634	-4.646	392
N	27.742	-3.559	-5.624	393
CA	27.324	-4.686	-6.463	393
C	28.227	-4.774	-7.708	393
N	29.097	-5.792	-7.84	394
CA	29.685	-6.124	-9.131	394
C	28.62	-6.767	-10.032	394
N	28.47	-6.272	-11.26	395
CA	27.595	-6.864	-12.275	395
C	28.322	-7.002	-13.618	395
N	28.105	-8.124	-14.31	396
CA	28.615	-8.37	-15.663	396
C	27.474	-8.224	-16.68	396
N	27.696	-7.399	-17.702	397
CA	26.736	-7.139	-18.777	397
C	26.462	-8.417	-19.591	397
N	27.451	-9.295	-19.776	398
CA	27.291	-10.527	-20.557	398
C	26.487	-11.599	-19.815	398
N	26.577	-11.672	-18.486	399
CA	25.717	-12.565	-17.699	399
C	24.268	-12.068	-17.689	399
N	24.058	-10.758	-17.529	400
CA	22.721	-10.17	-17.626	400
C	22.09	-10.358	-19.023	400
N	22.882	-10.346	-20.106	401
CA	22.41	-10.696	-21.463	401
C	21.994	-12.166	-21.604	401
N	22.659	-13.107	-20.92	402
CA	22.261	-14.534	-20.921	402
C	20.93	-14.737	-20.199	402
N	20.705	-13.997	-19.117	403
CA	19.422	-13.992	-18.41	403
C	18.304	-13.352	-19.243	403
N	18.597	-12.265	-19.968	404
CA	17.657	-11.613	-20.885	404
C	17.103	-12.554	-21.979	404
N	17.832	-13.619	-22.331	405
CA	17.377	-14.638	-23.279	405
C	16.387	-15.664	-22.682	405
N	16.204	-15.687	-21.357	406
CA	15.411	-16.683	-20.624	406
C	14.351	-16.025	-19.716	406
N	13.821	-14.868	-20.121	407
CA	12.832	-14.133	-19.334	407
C	11.462	-14.844	-19.321	407
N	10.729	-14.814	-18.189	408
CA	9.31	-15.171	-18.155	408
C	8.487	-14.304	-19.126	408
N	7.323	-14.774	-19.611	409
CA	6.404	-13.929	-20.372	409
C	5.921	-12.734	-19.535	409
N	5.547	-11.654	-20.219	410
CA	4.851	-10.515	-19.613	410
C	3.458	-10.936	-19.12	410
N	2.967	-10.27	-18.076	411
CA	1.574	-10.388	-17.656	411
C	0.686	-9.531	-18.585	411
N	-0.552	-9.967	-18.823	412
CA	-1.51	-9.254	-19.678	412
C	-2.003	-7.945	-19.035	412
N	-2.228	-6.916	-19.854	413
CA	-2.621	-5.574	-19.407	413
C	-3.922	-5.026	-19.999	413
N	-4.736	-5.886	-20.62	414
CA	-6.134	-5.583	-20.972	414
C	-6.975	-5.098	-19.774	414
N	-6.538	-5.339	-18.531	415
CA	-7.18	-4.793	-17.328	415
C	-7.089	-3.256	-17.21	415
N	-6.223	-2.591	-17.988	416
CA	-6.187	-1.127	-18.121	416
C	-7.308	-0.585	-19.025	416
N	-7.782	-1.392	-19.976	417
CA	-8.709	-0.985	-21.032	417
C	-10.14	-1.43	-20.688	417
N	-10.853	-0.606	-19.915	418
CA	-12.258	-0.848	-19.57	418
C	-13.195	-0.409	-20.703	418
N	-14.052	-1.318	-21.172	419
CA	-15.177	-0.953	-22.038	419
C	-16.287	-0.238	-21.242	419
N	-17.154	0.568	-21.892	420
CA	-18.286	1.21	-21.216	420
C	-19.188	0.209	-20.478	420
N	-19.509	-0.928	-21.105	421
CA	-20.336	-1.98	-20.494	421
C	-19.69	-2.578	-19.226	421
N	-18.356	-2.712	-19.209	422
CA	-17.611	-3.179	-18.034	422
C	-17.585	-2.124	-16.926	422
N	-17.471	-0.84	-17.277	423
CA	-17.56	0.259	-16.318	423
C	-18.954	0.312	-15.675	423
N	-20.019	0.188	-16.468	424
CA	-21.396	0.13	-15.969	424
C	-21.623	-1.088	-15.061	424
N	-21.066	-2.258	-15.403	425
CA	-21.106	-3.427	-14.52	425
C	-20.374	-3.162	-13.193	425
N	-19.175	-2.569	-13.227	426
CA	-18.408	-2.241	-12.021	426
C	-19.149	-1.234	-11.129	426
N	-19.804	-0.228	-11.717	427
CA	-20.642	0.727	-10.988	427
C	-21.864	0.041	-10.352	427
N	-22.544	-0.861	-11.068	428
CA	-23.66	-1.647	-10.516	428
C	-23.226	-2.59	-9.383	428
N	-22.022	-3.16	-9.458	429
CA	-21.467	-3.988	-8.384	429
C	-21.061	-3.149	-7.16	429
N	-20.534	-1.936	-7.366	430
CA	-20.13	-1.004	-6.309	430
C	-21.314	-0.37	-5.556	430
N	-22.39	0.01	-6.26	431
CA	-23.669	0.469	-5.66	431
C	-24.356	-0.647	-4.851	431
N	-23.858	-1.879	-4.977	432
CA	-24.427	-3.062	-4.37	432
C	-25.611	-3.561	-5.186	432
N	-25.601	-4.861	-5.487	433
CA	-26.807	-5.539	-5.958	433
C	-27.882	-5.388	-4.882	433
N	-28.848	-4.482	-5.105	434
CA	-30.223	-4.69	-4.63	434
C	-30.538	-6.141	-4.944	434
N	-30.873	-6.918	-3.921	435
CA	-31.058	-8.353	-4.072	435
C	-32.11	-8.598	-5.15	435
N	-31.651	-9.036	-6.321	436
CA	-32.485	-9.772	-7.245	436
C	-32.719	-11.137	-6.613	436
N	-33.628	-11.157	-5.63	437
CA	-34.405	-12.353	-5.345	437
C	-34.847	-12.937	-6.683	437
N	-34.729	-14.254	-6.794	438
CA	-34.945	-14.992	-8.027	438
C	-36.42	-14.984	-8.431	438
N	-36.889	-13.862	-8.977	439
CA	-38.146	-13.787	-9.711	439
C	-37.923	-14.511	-11.032	439
N	-38.568	-15.667	-11.142	440
CA	-38.641	-16.484	-12.348	440
C	-38.992	-15.645	-13.577	440
N	-38.409	-16.001	-14.73	441
CA	-38.705	-15.404	-16.041	441
C	-40.145	-15.691	-16.499	441
N	-41.13	-15.039	-15.895	442
CA	-42.5	-14.968	-16.403	442
C	-43.029	-13.534	-16.253	442
N	-43.181	-12.886	-17.409	443
CA	-44.18	-11.861	-17.732	443
C	-44.585	-10.858	-16.634	443
N	-44.006	-9.652	-16.713	444
CA	-44.757	-8.399	-16.534	444
C	-44.025	-7.214	-17.148	444
N	-44.658	-6.617	-18.15	445
CA	-44.533	-5.187	-18.409	445
C	-45.02	-4.468	-17.141	445
N	-44.092	-4.067	-16.268	446
CA	-44.436	-3.199	-15.15	446
C	-44.683	-1.804	-15.712	446
N	-45.967	-1.522	-15.903	447
CA	-46.504	-0.209	-16.201	447
C	-45.994	0.763	-15.12	447
N	-45.018	1.615	-15.455	448
CA	-44.491	2.623	-14.533	448
C	-45.622	3.584	-14.177	448
N	-46.134	3.479	-12.954	449
CA	-47.287	4.266	-12.555	449
C	-46.877	5.721	-12.297	449
N	-47.334	6.625	-13.167	450
CA	-47.051	8.058	-13.054	450
C	-47.585	8.641	-11.736	450
N	-48.614	8.03	-11.135	451
CA	-49.077	8.408	-9.796	451
C	-48.043	8.101	-8.714	451
N	-47.375	6.945	-8.732	452
CA	-46.316	6.596	-7.767	452
C	-45.09	7.527	-7.894	452
N	-44.727	7.918	-9.124	453
CA	-43.719	8.971	-9.363	453
C	-44.179	10.305	-8.762	453
N	-45.432	10.712	-8.994	454
CA	-45.983	11.958	-8.442	454
C	-46.057	11.955	-6.909	454
N	-46.365	10.812	-6.288	455
CA	-46.405	10.654	-4.834	455
C	-45.0	10.679	-4.234	455
N	-44.012	10.046	-4.877	456
CA	-42.609	10.135	-4.455	456
C	-42.068	11.57	-4.549	456
N	-42.42	12.308	-5.609	457
CA	-42.019	13.704	-5.787	457
C	-42.739	14.632	-4.802	457
N	-44.017	14.373	-4.508	458
CA	-44.779	15.086	-3.475	458
C	-44.238	14.798	-2.074	458
N	-43.857	13.554	-1.781	459
CA	-43.197	13.177	-0.535	459
C	-41.851	13.906	-0.383	459
N	-41.038	13.948	-1.444	460
CA	-39.772	14.687	-1.492	460
C	-39.966	16.194	-1.255	460
N	-40.905	16.837	-1.96	461
CA	-41.208	18.274	-1.812	461
C	-41.809	18.599	-0.431	461
N	-42.627	17.708	0.138	462
CA	-43.229	17.904	1.468	462
C	-42.252	17.696	2.632	462
N	-41.115	17.03	2.392	463
CA	-40.089	16.797	3.405	463
C	-39.167	18.011	3.473	463
N	-39.386	18.864	4.474	464
CA	-38.432	19.927	4.825	464
C	-37.076	19.275	5.106	464
N	-36.099	19.52	4.232	465
CA	-34.72	19.097	4.449	465
C	-34.196	19.758	5.719	465
N	-33.498	18.987	6.548	466
CA	-32.749	19.605	7.645	466
C	-31.501	20.27	7.067	466
N	-30.809	21.088	7.861	467
CA	-29.511	21.646	7.465	467
C	-28.427	20.575	7.186	467
N	-28.702	19.284	7.453	468
CA	-27.839	18.135	7.127	468
C	-28.277	17.349	5.873	468
N	-29.297	17.805	5.135	469
CA	-29.688	17.248	3.829	469
C	-31.091	16.628	3.762	469
N	-31.352	15.911	2.664	470
CA	-32.633	15.272	2.356	470
C	-32.577	13.749	2.597	470
N	-33.234	13.268	3.658	471
CA	-33.419	11.828	3.896	471
C	-34.549	11.263	3.016	471
N	-34.256	10.216	2.236	472
CA	-35.269	9.434	1.516	472
C	-36.143	8.617	2.497	472
N	-37.474	8.523	2.298	473
CA	-38.345	7.838	3.25	473
C	-38.113	6.319	3.304	473
N	-37.82	5.8	4.502	474
CA	-38.246	4.455	4.924	474
C	-39.365	4.648	5.95	474
N	-40.6	4.357	5.53	475
CA	-41.888	4.38	6.264	475
C	-42.133	5.55	7.258	475
N	-43.04	6.504	6.951	476
CA	-43.304	7.645	7.826	476
C	-44.246	7.291	8.99	476
N	-43.779	7.484	10.226	477
CA	-44.598	7.386	11.448	477
C	-45.079	8.746	11.985	477
N	-45.098	9.791	11.154	478
CA	-45.487	11.158	11.533	478
C	-46.489	11.748	10.528	478
N	-47.363	12.637	11.009	479
CA	-48.548	13.082	10.276	479
C	-48.209	13.951	9.042	479
N	-48.955	13.816	7.926	480
CA	-48.667	14.542	6.693	480
C	-48.926	16.047	6.836	480
N	-47.939	16.851	6.439	481
CA	-48.053	18.31	6.346	481
C	-48.786	18.655	5.043	481
N	-49.884	19.402	5.139	482
CA	-50.661	19.856	3.978	482
C	-50.011	21.079	3.332	482
N	-49.432	20.901	2.143	483
CA	-48.961	22.001	1.298	483
C	-50.144	22.671	0.585	483
N	-50.313	23.975	0.8	484
CA	-51.312	24.81	0.129	484
C	-50.682	25.502	-1.091	484
N	-50.982	24.971	-2.278	485
CA	-50.486	25.499	-3.544	485
C	-51.034	26.905	-3.854	485
N	-52.243	27.232	-3.389	486
CA	-52.897	28.512	-3.67	486
C	-52.265	29.643	-2.844	486
N	-51.835	29.352	-1.609	487
CA	-50.983	30.266	-0.834	487
C	-49.609	30.459	-1.478	487
N	-48.974	29.395	-1.987	488
CA	-47.661	29.505	-2.635	488
C	-47.716	30.382	-3.896	488
N	-48.711	30.17	-4.765	489
CA	-48.936	31.001	-5.953	489
C	-49.229	32.464	-5.581	489
N	-50.067	32.724	-4.568	490
CA	-50.31	34.088	-4.067	490
C	-49.047	34.795	-3.538	490
N	-48.092	34.057	-2.964	491
CA	-46.796	34.619	-2.573	491
C	-45.901	34.888	-3.788	491
N	-45.951	34.032	-4.809	492
CA	-45.195	34.197	-6.048	492
C	-45.698	35.397	-6.873	492
N	-47.017	35.561	-7.011	493
CA	-47.646	36.717	-7.67	493
C	-47.373	38.036	-6.924	493
N	-47.276	38.0	-5.586	494
CA	-46.836	39.159	-4.786	494
C	-45.37	39.536	-4.994	494
N	-44.511	38.579	-5.347	495
CA	-43.08	38.812	-5.593	495
C	-42.841	39.284	-7.032	495
N	-43.579	38.744	-8.007	496
CA	-43.431	39.095	-9.424	496
C	-44.226	40.337	-9.855	496
N	-45.171	40.797	-9.032	497
CA	-45.996	41.968	-9.316	497
C	-47.079	41.704	-10.375	497
N	-48.036	42.633	-10.557	498
CA	-49.147	42.414	-11.473	498
C	-48.654	42.426	-12.922	498
N	-48.763	41.288	-13.617	499
CA	-48.664	41.272	-15.081	499
C	-49.817	42.112	-15.656	499
N	-49.577	43.002	-16.634	500
CA	-50.663	43.702	-17.31	500
C	-51.511	42.704	-18.11	500
N	-52.832	42.909	-18.11	501
CA	-53.791	42.037	-18.789	501
C	-53.469	41.847	-20.277	501
N	-53.653	40.615	-20.739	502
CA	-53.879	40.3	-22.146	502
C	-55.206	40.938	-22.607	502
N	-55.223	41.473	-23.83	503
CA	-56.446	41.848	-24.549	503
C	-56.53	41.001	-25.811	503
N	-57.624	40.256	-25.951	504
CA	-57.97	39.507	-27.16	504
C	-58.072	40.417	-28.395	504
N	-57.579	39.934	-29.541	505
CA	-58.399	39.818	-30.761	505
C	-57.643	39.127	-31.904	505
N	-58.161	37.96	-32.283	506
CA	-58.237	37.33	-33.612	506
C	-57.677	38.118	-34.823	506
N	-56.827	37.49	-35.648	507
CA	-57.284	36.798	-36.874	507
C	-56.133	36.01	-37.556	507
N	-56.482	35.167	-38.535	508
CA	-55.68	34.044	-39.054	508
C	-54.961	34.315	-40.403	508
N	-54.234	33.275	-40.845	509
CA	-53.911	32.872	-42.233	509
C	-52.481	33.145	-42.77	509
N	-51.65	32.098	-42.647	510
CA	-50.985	31.323	-43.718	510
C	-50.074	31.942	-44.823	510
N	-49.159	31.06	-45.263	511
CA	-48.39	31.003	-46.53	511
C	-47.021	31.727	-46.66	511
N	-45.983	30.924	-46.381	512
CA	-44.931	30.496	-47.324	512
C	-43.816	31.436	-47.868	512
N	-42.595	31.008	-47.505	513
CA	-41.415	30.76	-48.359	513
C	-40.425	31.877	-48.795	513
N	-39.168	31.59	-48.416	514
CA	-37.903	31.725	-49.169	514
C	-37.115	33.059	-49.3	514
N	-35.913	32.994	-48.698	515
CA	-34.593	33.22	-49.319	515
C	-33.907	34.611	-49.376	515
N	-32.839	34.677	-48.558	516
CA	-31.438	35.028	-48.895	516
C	-30.97	36.503	-48.947	516
N	-29.907	36.729	-48.162	517
CA	-28.715	37.577	-48.346	517
C	-28.822	38.971	-49.004	517
N	-28.527	40.018	-48.218	518
CA	-27.329	40.865	-48.423	518
C	-27.127	41.847	-47.261	518
N	-25.866	42.106	-46.91	519
CA	-25.45	43.225	-46.054	519
C	-25.662	44.587	-46.752	519
N	-25.896	45.651	-45.968	520
CA	-25.251	46.974	-46.124	520
C	-25.573	47.893	-44.914	520
N	-24.546	48.52	-44.328	521
CA	-24.651	49.463	-43.198	521
C	-25.123	50.863	-43.643	521
N	-26.072	51.502	-42.934	522
CA	-26.187	52.976	-42.871	522
C	-26.8	53.5	-41.549	522
N	-26.384	54.719	-41.189	523
CA	-26.499	55.375	-39.875	523
C	-27.903	55.815	-39.39	523
N	-28.044	55.8	-38.054	524
CA	-28.747	56.756	-37.168	524
C	-29.839	57.696	-37.749	524
N	-31.094	57.555	-37.282	525
CA	-31.68	58.429	-36.229	525
C	-33.141	58.059	-35.837	525
N	-33.502	58.355	-34.576	526
CA	-34.872	58.52	-34.01	526
C	-35.855	57.333	-33.904	526
N	-35.792	56.628	-32.763	527
CA	-36.878	56.022	-31.943	527
C	-36.193	55.357	-30.714	527
N	-36.698	55.266	-29.475	528
CA	-37.79	55.929	-28.728	528
C	-37.267	56.279	-27.306	528
N	-37.758	57.325	-26.604	529
CA	-37.175	57.789	-25.333	529
C	-37.593	56.961	-24.093	529
N	-37.885	55.665	-24.265	530
CA	-38.449	54.786	-23.229	530
C	-37.481	53.765	-22.615	530
N	-36.611	53.139	-23.416	531
CA	-35.878	51.93	-22.987	531
C	-34.443	52.185	-22.498	531
N	-33.811	53.3	-22.894	532
CA	-32.468	53.666	-22.411	532
C	-32.393	53.759	-20.878	532
N	-33.484	54.153	-20.213	533
CA	-33.525	54.317	-18.761	533
C	-33.319	52.995	-17.995	533
N	-33.755	51.864	-18.562	534
CA	-33.69	50.554	-17.901	534
C	-32.284	49.949	-17.979	534
N	-31.7	49.906	-19.185	535
CA	-30.336	49.405	-19.401	535
C	-29.282	50.267	-18.691	535
N	-29.443	51.594	-18.724	536
CA	-28.554	52.532	-18.024	536
C	-28.652	52.36	-16.506	536
N	-29.859	52.137	-15.975	537
CA	-30.076	51.772	-14.573	537
C	-29.364	50.477	-14.162	537
N	-29.426	49.413	-14.972	538
CA	-28.673	48.174	-14.684	538
C	-27.156	48.36	-14.744	538
N	-26.656	49.178	-15.673	539
CA	-25.222	49.396	-15.867	539
C	-24.626	50.333	-14.8	539
N	-25.386	51.324	-14.334	540
CA	-24.987	52.183	-13.217	540
C	-25.117	51.46	-11.86	540
N	-26.078	50.538	-11.703	541
CA	-26.108	49.605	-10.568	541
C	-24.882	48.674	-10.555	541
N	-24.468	48.12	-11.702	542
CA	-23.256	47.292	-11.771	542
C	-22.008	48.09	-11.352	542
N	-21.855	49.322	-11.857	543
CA	-20.753	50.217	-11.465	543
C	-20.766	50.554	-9.975	543
N	-21.94	50.746	-9.365	544
CA	-22.03	51.029	-7.928	544
C	-21.612	49.82	-7.084	544
N	-21.976	48.597	-7.491	545
CA	-21.487	47.367	-6.858	545
C	-19.974	47.174	-7.015	545
N	-19.404	47.476	-8.187	546
CA	-17.948	47.434	-8.388	546
C	-17.228	48.447	-7.485	546
N	-17.723	49.686	-7.4	547
CA	-17.147	50.712	-6.53	547
C	-17.239	50.355	-5.032	547
N	-18.336	49.724	-4.593	548
CA	-18.458	49.198	-3.226	548
C	-17.487	48.037	-2.971	548
N	-17.311	47.131	-3.937	549
CA	-16.339	46.04	-3.831	549
C	-14.904	46.571	-3.727	549
N	-14.538	47.578	-4.522	550
CA	-13.235	48.242	-4.422	550
C	-13.052	48.92	-3.051	550
N	-14.082	49.598	-2.529	551
CA	-14.051	50.233	-1.204	551
C	-13.842	49.216	-0.067	551
N	-14.506	48.06	-0.124	552
CA	-14.313	46.969	0.841	552
C	-12.947	46.282	0.672	552
N	-12.437	46.129	-0.554	553
CA	-11.12	45.527	-0.787	553
C	-9.947	46.462	-0.448	553
N	-10.172	47.775	-0.334	554
CA	-9.163	48.811	-0.072	554
C	-8.238	48.516	1.123	554
N	-8.782	47.913	2.183	555
CA	-8.046	47.615	3.413	555
C	-7.375	46.226	3.409	555
N	-7.529	45.455	2.329	556
CA	-6.979	44.1	2.182	556
C	-5.648	44.097	1.419	556
N	-4.875	43.01	1.522	557
CA	-3.675	42.834	0.694	557
C	-3.98	42.742	-0.813	557
N	-5.212	42.392	-1.203	558
CA	-5.617	42.193	-2.604	558
C	-5.602	43.522	-3.371	558
N	-6.061	44.619	-2.755	559
CA	-6.009	45.96	-3.365	559
C	-4.572	46.389	-3.708	559
N	-3.585	45.998	-2.888	560
CA	-2.16	46.315	-3.103	560
C	-1.505	45.512	-4.233	560
N	-2.162	44.468	-4.742	561
CA	-1.677	43.672	-5.876	561
C	-2.007	44.291	-7.238	561
N	-2.881	45.302	-7.294	562
CA	-3.271	45.966	-8.537	562
C	-2.662	47.364	-8.653	562
N	-2.098	47.663	-9.82	563
CA	-1.594	49.001	-10.142	563
C	-2.757	49.916	-10.532	563
N	-2.845	51.101	-9.928	564
CA	-3.889	52.097	-10.226	564
C	-3.34	53.248	-11.064	564
N	-4.216	53.894	-11.846	565
CA	-3.853	54.874	-12.893	565
C	-3.026	56.088	-12.418	565
N	-2.972	56.345	-11.108	566
CA	-2.237	57.462	-10.505	566
C	-0.845	57.089	-9.947	566
N	-0.378	55.838	-10.071	567
CA	0.947	55.421	-9.566	567
C	2.109	55.609	-10.563	567
N	1.883	56.277	-11.698	568
CA	2.942	56.539	-12.685	568
C	3.776	57.768	-12.286	568
N	4.816	57.493	-11.486	569
CA	6.036	58.302	-11.259	569
C	5.922	59.578	-10.372	569
N	7.01	60.002	-9.672	570
CA	8.397	59.605	-9.92	570
C	9.18	58.951	-8.771	570
N	10.233	58.264	-9.219	571
CA	11.423	57.786	-8.499	571
C	11.778	58.582	-7.233	571
N	12.007	57.835	-6.154	572
CA	12.421	58.313	-4.837	572
C	13.673	59.201	-4.85	572
N	13.543	60.404	-4.284	573
CA	14.684	61.101	-3.695	573
C	14.991	60.505	-2.317	573
N	16.275	60.283	-2.062	574
CA	16.833	59.869	-0.771	574
C	16.666	60.951	0.302	574
N	16.193	60.609	1.511	575
CA	16.939	60.745	2.795	575
C	16.115	60.301	4.014	575
N	16.834	59.806	5.021	576
CA	16.401	59.095	6.23	576
C	15.55	59.851	7.284	576
N	14.916	59.029	8.143	577
CA	14.702	59.155	9.605	577
C	13.276	59.325	10.178	577
N	12.98	58.379	11.081	578
CA	11.911	58.279	12.08	578
C	11.381	59.592	12.691	578
N	10.049	59.71	12.76	579
CA	9.295	59.759	14.033	579
C	7.778	59.747	13.781	579
N	7.098	58.778	14.402	580
CA	5.869	58.894	15.211	580
C	4.685	59.754	14.711	580
N	3.521	59.133	14.478	581
CA	2.381	59.068	15.425	581
C	1.141	58.419	14.764	581
N	0.218	57.92	15.591	582
CA	-1.082	57.393	15.16	582
C	-2.034	58.556	14.828	582
N	-2.603	58.607	13.617	583
CA	-3.803	59.419	13.361	583
C	-4.935	58.573	12.77	583
N	-5.986	58.416	13.57	584
CA	-7.255	57.81	13.193	584
C	-8.095	58.788	12.361	584
N	-7.662	59.044	11.126	585
CA	-8.365	59.88	10.157	585
C	-9.003	59.062	9.035	585
N	-10.276	58.675	9.174	586
CA	-11.072	58.118	8.062	586
C	-11.429	59.21	7.047	586
N	-10.447	59.629	6.251	587
CA	-10.682	60.343	5.002	587
C	-10.963	59.34	3.888	587
N	-12.07	59.512	3.163	588
CA	-12.377	58.727	1.964	588
C	-11.319	58.979	0.88	588
N	-10.274	58.153	0.881	589
CA	-9.38	57.995	-0.258	589
C	-10.167	57.308	-1.369	589
N	-10.827	58.108	-2.211	590
CA	-11.452	57.643	-3.454	590
C	-10.359	56.97	-4.282	590
N	-10.334	55.634	-4.29	591
CA	-9.305	54.902	-5.017	591
C	-9.399	55.228	-6.503	591
N	-8.253	55.577	-7.087	592
CA	-8.152	55.732	-8.526	592
C	-8.441	54.373	-9.188	592
N	-9.222	54.33	-10.282	593
CA	-9.558	53.075	-10.938	593
C	-8.297	52.306	-11.354	593
N	-8.39	50.98	-11.247	594
CA	-7.341	50.032	-11.634	594
C	-6.985	50.222	-13.109	594
N	-5.688	50.246	-13.42	595
CA	-5.221	50.302	-14.804	595
C	-5.263	48.889	-15.406	595
N	-6.386	48.546	-16.041	596
CA	-6.635	47.193	-16.565	596
C	-5.556	46.777	-17.568	596
N	-5.135	47.689	-18.447	597
CA	-4.148	47.416	-19.493	597
C	-2.765	47.13	-18.891	597
N	-2.319	47.953	-17.936	598
CA	-1.009	47.786	-17.308	598
C	-0.945	46.525	-16.434	598
N	-2.009	46.207	-15.689	599
CA	-2.068	44.963	-14.913	599
C	-2.144	43.725	-15.821	599
N	-2.879	43.786	-16.938	600
CA	-2.921	42.707	-17.929	600
C	-1.527	42.441	-18.517	600
N	-0.819	43.49	-18.95	601
CA	0.542	43.373	-19.498	601
C	1.528	42.864	-18.443	601
N	1.463	43.364	-17.204	602
CA	2.314	42.897	-16.099	602
C	2.106	41.407	-15.818	602
N	0.852	40.974	-15.656	603
CA	0.513	39.582	-15.36	603
C	0.878	38.634	-16.515	603
N	0.752	39.071	-17.774	604
CA	1.197	38.295	-18.944	604
C	2.729	38.185	-18.982	604
N	3.462	39.264	-18.687	605
CA	4.928	39.253	-18.637	605
C	5.468	38.397	-17.484	605
N	4.831	38.421	-16.314	606
CA	5.175	37.552	-15.181	606
C	4.814	36.081	-15.457	606
N	3.684	35.836	-16.126	607
CA	3.321	34.503	-16.625	607
C	4.3	33.984	-17.687	607
N	4.902	34.863	-18.494	608
CA	5.93	34.499	-19.475	608
C	7.308	34.291	-18.825	608
N	7.697	35.134	-17.864	609
CA	8.982	35.005	-17.167	609
C	9.041	33.732	-16.312	609
N	7.938	33.375	-15.647	610
CA	7.783	32.12	-14.895	610
C	7.801	30.858	-15.774	610
N	7.484	30.961	-17.073	611
CA	7.673	29.87	-18.046	611
C	9.154	29.628	-18.404	611
N	10.067	30.543	-18.05	612
CA	11.524	30.367	-18.119	612
C	12.069	29.851	-19.477	612
N	11.477	30.302	-20.591	613
CA	11.858	29.906	-21.957	613
C	11.292	28.555	-22.424	613
N	10.305	27.999	-21.715	614
CA	9.505	26.854	-22.161	614
C	8.19	27.329	-22.793	614
N	7.597	26.495	-23.651	615
CA	6.263	26.759	-24.182	615
C	5.2	26.57	-23.085	615
N	4.351	27.575	-22.884	616
CA	3.266	27.584	-21.907	616
C	2.096	28.481	-22.333	616
N	1.084	28.677	-21.466	617
CA	-0.14	29.394	-21.831	617
C	0.121	30.823	-22.326	617
N	0.978	31.574	-21.624	618
CA	1.325	32.944	-22.014	618
C	2.155	32.996	-23.307	618
N	3.14	32.102	-23.499	619
CA	3.898	32.06	-24.76	619
C	3.002	31.73	-25.955	619
N	2.05	30.806	-25.785	620
CA	1.131	30.393	-26.844	620
C	0.132	31.508	-27.188	620
N	-0.394	32.218	-26.181	621
CA	-1.238	33.4	-26.384	621
C	-0.481	34.51	-27.123	621
N	0.708	34.891	-26.651	622
CA	1.546	35.903	-27.308	622
C	1.893	35.508	-28.752	622
N	2.263	34.244	-28.985	623
CA	2.529	33.718	-30.324	623
C	1.286	33.772	-31.228	623
N	0.09	33.483	-30.7	624
CA	-1.171	33.601	-31.451	624
C	-1.515	35.052	-31.821	624
N	-1.099	36.019	-30.996	625
CA	-1.197	37.46	-31.267	625
C	-0.033	37.998	-32.126	625
N	0.873	37.133	-32.6	626
CA	2.023	37.513	-33.428	626
C	3.168	38.207	-32.677	626
N	3.14	38.223	-31.341	627
CA	4.162	38.849	-30.491	627
C	5.146	37.788	-30.004	627
N	6.432	37.953	-30.321	628
CA	7.494	37.056	-29.863	628
C	8.467	37.807	-28.946	628
N	8.46	37.461	-27.656	629
CA	9.346	38.052	-26.651	629
C	10.718	37.346	-26.631	629
N	11.827	38.075	-26.407	630
CA	13.149	37.471	-26.248	630
C	13.268	36.682	-24.933	630
N	14.139	35.669	-24.914	631
CA	14.477	34.925	-23.693	631
C	15.113	35.85	-22.643	631
N	14.651	35.756	-21.394	632
CA	15.083	36.648	-20.322	632
C	16.538	36.353	-19.887	632
N	17.472	37.257	-20.198	633
CA	18.923	37.031	-20.039	633
C	19.463	37.214	-18.621	633
N	18.663	37.77	-17.714	634
CA	19.16	38.372	-16.469	634
C	19.456	37.355	-15.351	634
N	19.165	36.071	-15.584	635
CA	19.528	34.962	-14.694	635
C	20.863	34.271	-15.029	635
N	21.759	34.895	-15.809	636
CA	23.162	34.439	-15.83	636
C	23.802	34.702	-14.46	636
N	24.331	33.682	-13.753	637
CA	25.051	33.921	-12.511	637
C	26.261	34.806	-12.809	637
N	26.354	35.942	-12.12	638
CA	27.464	36.88	-12.276	638
C	28.751	36.222	-11.791	638
N	29.542	35.72	-12.74	639
CA	30.872	35.185	-12.477	639
C	31.764	36.312	-11.957	639
N	31.864	36.44	-10.628	640
CA	32.838	37.328	-9.989	640
C	34.227	36.966	-10.527	640
N	34.994	37.917	-11.086	641
CA	36.352	37.627	-11.508	641
C	37.198	37.364	-10.261	641
N	37.637	36.119	-10.085	642
CA	38.741	35.797	-9.181	642
C	39.964	36.58	-9.637	642
N	40.411	37.532	-8.812	643
CA	41.733	38.137	-8.979	643
C	42.793	37.067	-8.712	643
N	43.803	37.034	-9.582	644
CA	45.065	36.32	-9.365	644
C	45.803	36.858	-8.131	644
