ATOM	X	Y	Z	RESIDUE
N	3.563	32.957	10.988	1
CA	2.657	31.772	10.883	1
C	2.912	30.265	10.413	1
N	3.203	29.111	11.064	2
CA	2.334	27.857	11.086	2
C	2.521	26.284	10.769	2
N	2.174	25.288	11.656	3
CA	1.584	23.929	11.974	3
C	2.491	22.814	11.267	3
N	2.999	21.727	11.953	4
CA	2.882	20.175	12.184	4
C	3.18	18.474	12.041	4
N	2.698	17.029	12.112	5
CA	1.691	15.648	11.799	5
C	1.925	13.928	11.954	5
N	1.26	12.641	11.96	6
CA	0.691	11.482	12.698	6
C	0.772	10.152	11.933	6
N	0.675	9.05	12.673	7
CA	0.885	7.725	12.03	7
C	-0.17	7.362	10.993	7
N	0.231	6.57	10.0	8
CA	-0.689	6.22	8.939	8
C	-0.136	5.077	8.134	8
N	-0.438	5.035	6.828	9
CA	0.111	3.982	5.98	9
C	0.743	4.494	4.706	9
N	0.972	5.802	4.678	10
CA	1.678	6.407	3.557	10
C	3.183	6.295	3.742	10
N	3.939	6.858	2.8	11
CA	5.373	6.605	2.78	11
C	6.068	7.094	4.059	11
N	5.673	8.307	4.445	12
CA	6.253	9.125	5.502	12
C	5.802	8.775	6.907	12
N	4.692	8.065	6.999	13
CA	4.138	7.799	8.295	13
C	3.722	6.347	8.471	13
N	4.091	5.517	7.528	14
CA	3.589	4.106	7.528	14
C	4.384	3.139	8.351	14
N	3.949	1.895	8.356	15
CA	4.408	0.922	9.332	15
C	5.913	0.835	9.632	15
N	6.774	0.929	8.6	16
CA	8.216	0.891	8.835	16
C	8.694	2.037	9.728	16
N	7.908	3.117	9.8	17
CA	8.215	4.319	10.608	17
C	7.548	4.331	11.947	17
N	6.691	3.349	12.24	18
CA	5.973	3.443	13.505	18
C	6.851	3.404	14.751	18
N	7.916	2.626	14.69	19
CA	8.868	2.447	15.786	19
C	9.454	3.789	16.16	19
N	9.534	4.707	15.193	20
CA	10.048	6.05	15.52	20
C	9.25	6.698	16.63	20
N	7.961	6.374	16.736	21
CA	7.101	6.969	17.757	21
C	6.511	5.995	18.806	21
N	6.52	4.695	18.479	22
CA	6.019	3.647	19.337	22
C	7.107	2.567	19.36	22
N	8.077	2.668	20.276	23
CA	9.214	1.747	20.213	23
C	8.815	0.247	20.369	23
N	7.681	0.009	21.018	24
CA	7.218	-1.388	21.173	24
C	6.925	-2.021	19.786	24
N	6.833	-1.197	18.755	25
CA	6.809	-1.734	17.374	25
C	7.848	-2.796	17.143	25
N	9.005	-2.728	17.827	26
CA	10.042	-3.776	17.699	26
C	10.13	-4.754	18.893	26
N	9.025	-4.898	19.601	27
CA	9.01	-5.791	20.724	27
C	8.903	-7.234	20.316	27
N	8.778	-8.076	21.325	28
CA	8.836	-9.489	21.112	28
C	7.491	-10.156	20.936	28
N	6.405	-9.407	21.056	29
CA	5.064	-10.055	20.869	29
C	4.22	-9.24	19.91	29
N	4.811	-8.891	18.78	30
CA	4.114	-7.965	17.831	30
C	3.294	-8.768	16.824	30
N	2.258	-8.133	16.323	31
CA	1.393	-8.774	15.313	31
C	1.27	-7.858	14.11	31
N	0.898	-8.368	12.943	32
CA	0.547	-9.747	12.645	32
C	1.817	-10.584	12.406	32
N	1.58	-11.831	12.026	33
CA	2.679	-12.821	11.815	33
C	2.405	-13.644	10.546	33
N	3.451	-14.343	10.069	34
CA	3.353	-15.396	9.096	34
C	2.907	-16.6	9.905	34
N	1.817	-17.22	9.472	35
CA	1.377	-18.477	9.963	35
C	1.876	-19.615	9.052	35
N	2.804	-20.396	9.57	36
CA	3.46	-21.499	8.808	36
C	2.837	-22.785	9.39	36
N	1.924	-23.35	8.611	37
CA	1.038	-24.453	9.091	37
C	1.846	-25.65	9.59	37
N	3.017	-25.904	8.999	38
CA	3.848	-27.048	9.387	38
C	4.507	-26.818	10.739	38
N	4.566	-25.565	11.171	39
CA	5.184	-25.202	12.434	39
C	4.242	-24.968	13.648	39
N	2.935	-24.956	13.358	40
CA	1.926	-24.753	14.349	40
C	1.775	-26.053	15.109	40
N	1.57	-25.919	16.396	41
CA	1.321	-27.044	17.244	41
C	-0.17	-27.236	17.482	41
N	-0.664	-28.433	17.137	42
CA	-2.001	-28.847	17.589	42
C	-2.049	-28.876	19.09	42
N	-3.095	-28.31	19.709	43
CA	-3.169	-28.332	21.141	43
C	-4.562	-28.802	21.552	43
N	-4.695	-30.012	22.109	44
CA	-6.023	-30.524	22.426	44
C	-6.655	-29.822	23.644	44
N	-5.899	-29.063	24.437	45
CA	-6.437	-28.327	25.555	45
C	-7.253	-27.099	25.023	45
N	-7.047	-26.725	23.74	46
CA	-7.828	-25.567	23.15	46
C	-9.29	-25.943	22.987	46
N	-10.184	-24.986	23.236	47
CA	-11.603	-25.296	23.173	47
C	-12.217	-24.721	21.917	47
N	-13.33	-25.259	21.429	48
CA	-14.086	-24.544	20.372	48
C	-14.462	-23.128	20.812	48
N	-14.605	-22.25	19.843	49
CA	-15.061	-20.896	20.206	49
C	-16.515	-20.981	20.68	49
N	-16.801	-20.146	21.674	50
CA	-18.125	-19.965	22.227	50
C	-18.56	-18.501	21.938	50
N	-19.463	-18.39	21.013	51
CA	-19.692	-17.054	20.392	51
C	-21.091	-16.592	20.599	51
N	-21.281	-15.395	21.147	52
CA	-22.62	-14.813	21.329	52
C	-22.576	-13.367	20.866	52
N	-23.163	-13.106	19.687	53
CA	-23.139	-11.692	19.168	53
C	-24.541	-11.268	18.945	53
N	-24.946	-10.243	19.734	54
CA	-26.268	-9.662	19.575	54
C	-26.313	-8.609	18.418	54
N	-27.112	-8.876	17.359	55
CA	-27.149	-7.95	16.206	55
C	-27.568	-6.517	16.644	55
N	-28.147	-6.386	17.837	56
CA	-28.597	-5.034	18.201	56
C	-27.438	-4.313	18.917	56
N	-26.3	-5.009	19.172	57
CA	-25.219	-4.37	19.837	57
C	-24.536	-3.324	18.978	57
N	-24.506	-3.508	17.658	58
CA	-23.769	-2.542	16.825	58
C	-24.572	-1.251	16.895	58
N	-23.845	-0.138	16.963	59
CA	-24.571	1.143	17.039	59
C	-24.139	2.18	16.025	59
N	-22.853	2.219	15.679	60
CA	-22.322	3.391	14.972	60
C	-21.259	2.845	14.052	60
N	-21.152	3.386	12.85	61
CA	-19.981	3.107	11.984	61
C	-19.253	4.45	11.748	61
N	-17.915	4.441	11.764	62
CA	-17.152	5.722	11.674	62
C	-15.909	5.462	10.873	62
N	-15.431	6.516	10.256	63
CA	-14.115	6.491	9.634	63
C	-13.076	7.016	10.658	63
N	-12.197	6.128	11.158	64
CA	-11.107	6.574	12.065	64
C	-9.966	7.282	11.385	64
N	-9.942	7.243	10.049	65
CA	-8.754	7.634	9.305	65
C	-7.878	6.435	8.971	65
N	-8.089	5.31	9.649	66
CA	-7.168	4.171	9.482	66
C	-7.905	2.912	9.082	66
N	-9.234	2.939	9.236	67
CA	-10.146	1.861	8.813	67
C	-11.52	2.415	9.004	67
N	-12.567	1.638	8.785	68
CA	-13.905	2.005	9.366	68
C	-13.899	1.243	10.685	68
N	-14.637	1.719	11.665	69
CA	-14.871	0.965	12.906	69
C	-16.346	0.899	13.113	69
N	-16.882	-0.325	13.274	70
CA	-18.239	-0.478	13.767	70
C	-18.082	-0.581	15.276	70
N	-18.773	0.331	15.991	71
CA	-18.727	0.342	17.448	71
C	-19.961	-0.274	18.04	71
N	-19.72	-1.172	18.989	72
CA	-20.776	-1.926	19.722	72
C	-20.955	-1.324	21.079	72
N	-22.217	-1.332	21.56	73
CA	-22.486	-0.965	22.944	73
C	-21.933	-2.083	23.796	73
N	-20.936	-1.741	24.571	74
CA	-20.232	-2.722	25.431	74
C	-20.579	-2.409	26.919	74
N	-21.783	-1.882	27.146	75
CA	-22.238	-1.582	28.521	75
C	-22.324	-2.812	29.38	75
N	-22.772	-3.918	28.811	76
CA	-22.811	-5.156	29.594	76
C	-22.567	-6.327	28.689	76
N	-22.901	-7.55	29.077	77
CA	-22.389	-8.707	28.392	77
C	-23.402	-9.275	27.439	77
N	-24.0	-8.459	26.594	78
CA	-24.886	-8.996	25.576	78
C	-24.111	-9.737	24.447	78
N	-22.887	-9.285	24.179	79
CA	-22.082	-9.904	23.05	79
C	-20.745	-10.229	23.622	79
N	-20.391	-11.534	23.679	80
CA	-19.199	-12.01	24.374	80
C	-18.592	-13.193	23.643	80
N	-17.276	-13.255	23.681	81
CA	-16.547	-14.397	23.142	81
C	-15.929	-15.128	24.307	81
N	-16.173	-16.462	24.36	82
CA	-15.536	-17.296	25.371	82
C	-15.003	-18.532	24.694	82
N	-14.347	-19.402	25.47	83
CA	-13.799	-20.61	24.86	83
C	-12.538	-20.302	24.087	83
N	-12.21	-21.144	23.118	84
CA	-10.912	-20.981	22.337	84
C	-9.829	-21.094	23.369	84
N	-8.833	-20.201	23.285	85
CA	-7.744	-20.23	24.248	85
C	-8.006	-19.339	25.477	85
N	-9.199	-18.739	25.572	86
CA	-9.472	-17.728	26.568	86
C	-9.901	-18.223	27.938	86
N	-9.426	-17.571	28.978	87
CA	-9.992	-17.749	30.337	87
C	-10.944	-16.587	30.585	87
N	-12.201	-16.954	30.823	88
CA	-13.108	-15.847	31.139	88
C	-13.814	-15.317	29.885	88
N	-14.566	-14.223	30.05	89
CA	-15.47	-13.736	29.029	89
C	-14.942	-12.409	28.494	89
N	-14.87	-12.373	27.158	90
CA	-14.396	-11.152	26.474	90
C	-15.503	-10.489	25.746	90
N	-15.708	-9.206	26.1	91
CA	-16.846	-8.466	25.634	91
C	-16.526	-7.792	24.28	91
N	-17.446	-7.934	23.351	92
CA	-17.378	-7.222	22.037	92
C	-17.297	-5.738	22.127	92
N	-16.247	-5.191	21.499	93
CA	-16.063	-3.723	21.438	93
C	-16.181	-3.107	20.016	93
N	-15.571	-3.739	19.022	94
CA	-15.192	-3.012	17.834	94
C	-15.084	-4.031	16.708	94
N	-15.454	-3.647	15.484	95
CA	-15.036	-4.44	14.276	95
C	-14.44	-3.444	13.289	95
N	-13.396	-3.928	12.617	96
CA	-12.829	-3.108	11.593	96
C	-12.148	-3.98	10.57	96
N	-11.607	-3.387	9.497	97
CA	-11.126	-4.174	8.316	97
C	-9.765	-3.66	7.85	97
N	-8.931	-4.577	7.41	98
CA	-7.666	-4.175	6.756	98
C	-7.689	-4.7	5.346	98
N	-7.077	-3.938	4.458	99
CA	-7.022	-4.305	3.032	99
C	-5.79	-3.739	2.44	99
N	-5.628	-4.032	1.139	100
CA	-4.453	-3.423	0.392	100
C	-4.947	-2.798	-0.875	100
N	-3.95	-2.316	-1.679	101
CA	-4.379	-1.656	-2.894	101
C	-4.761	-2.599	-4.009	101
N	-4.375	-3.851	-3.899	102
CA	-4.829	-4.88	-4.815	102
C	-5.436	-6.045	-4.071	102
N	-6.316	-6.72	-4.788	103
CA	-7.028	-7.861	-4.205	103
C	-6.051	-8.983	-3.878	103
N	-4.853	-8.927	-4.464	104
CA	-3.769	-9.895	-4.32	104
C	-3.19	-9.998	-2.946	104
N	-3.298	-8.909	-2.172	105
CA	-2.415	-8.726	-1.024	105
C	-2.976	-7.703	-0.11	105
N	-3.878	-8.112	0.784	106
CA	-4.513	-7.18	1.693	106
C	-4.579	-7.562	3.141	106
N	-4.369	-8.838	3.453	107
CA	-4.55	-9.251	4.825	107
C	-3.326	-8.902	5.683	107
N	-3.488	-8.999	6.994	108
CA	-2.352	-8.755	7.903	108
C	-1.644	-10.062	8.22	108
N	-2.36	-11.027	8.771	109
CA	-1.767	-12.413	8.823	109
C	-1.698	-13.01	7.451	109
N	-0.629	-13.827	7.222	110
CA	-0.309	-14.429	5.923	110
C	-0.128	-15.925	6.196	110
N	-0.747	-16.799	5.415	111
CA	-0.736	-18.227	5.747	111
C	0.137	-19.005	4.695	111
N	1.307	-19.484	5.139	112
CA	2.275	-20.126	4.284	112
C	2.406	-19.296	2.991	112
N	2.534	-17.972	3.153	113
CA	2.822	-17.091	2.032	113
C	1.571	-16.534	1.356	113
N	0.383	-17.084	1.674	114
CA	-0.866	-16.634	1.059	114
C	-1.434	-15.416	1.816	114
N	-1.452	-14.258	1.153	115
CA	-2.159	-13.047	1.693	115
C	-3.55	-13.064	1.096	115
N	-4.555	-12.786	1.907	116
CA	-5.893	-12.764	1.422	116
C	-6.261	-11.339	1.022	116
N	-7.432	-11.166	0.466	117
CA	-7.82	-9.835	-0.018	117
C	-8.041	-8.821	1.055	117
N	-8.511	-9.296	2.209	118
CA	-8.661	-8.383	3.331	118
C	-8.722	-9.189	4.591	118
N	-8.73	-8.506	5.738	119
CA	-8.851	-9.211	7.017	119
C	-9.71	-8.403	7.973	119
N	-10.708	-9.064	8.489	120
CA	-11.66	-8.41	9.483	120
C	-11.146	-8.709	10.881	120
N	-11.098	-7.7	11.733	121
CA	-10.747	-7.912	13.125	121
C	-11.916	-7.587	13.986	121
N	-12.172	-8.493	14.939	122
CA	-13.253	-8.334	15.921	122
C	-12.608	-8.263	17.292	122
N	-12.727	-7.093	17.946	123
CA	-11.94	-6.771	19.158	123
C	-12.8	-6.909	20.381	123
N	-12.264	-7.67	21.36	124
CA	-12.99	-7.884	22.597	124
C	-12.106	-7.674	23.76	124
N	-12.738	-7.39	24.924	125
CA	-11.955	-7.113	26.175	125
C	-12.415	-7.92	27.352	125
N	-11.479	-8.224	28.227	126
CA	-11.736	-9.114	29.41	126
C	-12.449	-8.334	30.54	126
N	-13.725	-8.486	30.578	127
CA	-14.535	-7.763	31.584	127
C	-14.602	-8.584	32.861	127
N	-14.11	-9.822	32.827	128
CA	-14.024	-10.601	34.091	128
C	-12.852	-10.098	34.957	128
N	-11.83	-9.422	34.415	129
CA	-10.667	-9.07	35.165	129
C	-10.53	-7.575	35.139	129
N	-11.097	-6.876	34.132	130
CA	-10.849	-5.443	33.97	130
C	-12.186	-4.681	33.92	130
N	-12.195	-3.424	34.392	131
CA	-13.428	-2.713	34.455	131
C	-13.885	-2.008	33.206	131
N	-12.986	-1.898	32.247	132
CA	-13.252	-1.152	31.018	132
C	-12.277	-1.667	29.974	132
N	-12.652	-1.416	28.725	133
CA	-11.776	-1.627	27.565	133
C	-10.482	-0.923	27.728	133
N	-10.557	0.338	28.135	134
CA	-9.304	1.073	28.313	134
C	-8.289	0.426	29.293	134
N	-8.756	-0.127	30.423	135
CA	-7.872	-0.765	31.352	135
C	-7.376	-2.108	30.815	135
N	-8.267	-2.779	30.097	136
CA	-7.909	-4.089	29.585	136
C	-6.845	-3.971	28.461	136
N	-6.823	-2.872	27.77	137
CA	-5.979	-2.748	26.539	137
C	-4.471	-2.728	26.857	137
N	-4.141	-2.524	28.131	138
CA	-2.803	-2.437	28.729	138
C	-2.321	-3.631	29.429	138
N	-3.054	-4.742	29.355	139
CA	-2.63	-5.931	30.027	139
C	-2.56	-7.151	29.104	139
N	-1.633	-8.061	29.353	140
CA	-1.381	-9.226	28.47	140
C	-2.594	-10.106	28.194	140
N	-3.444	-10.304	29.207	141
CA	-4.714	-11.032	29.042	141
C	-5.934	-10.131	28.8	141
N	-5.688	-8.862	28.455	142
CA	-6.769	-7.876	28.323	142
C	-7.679	-8.023	27.127	142
N	-7.061	-8.234	25.95	143
CA	-7.842	-8.17	24.692	143
C	-7.878	-9.506	23.99	143
N	-8.91	-9.769	23.211	144
CA	-8.939	-10.944	22.333	144
C	-9.423	-10.413	21.012	144
N	-8.714	-10.736	19.929	145
CA	-9.145	-10.291	18.587	145
C	-9.319	-11.531	17.74	145
N	-10.495	-11.582	17.137	146
CA	-10.82	-12.696	16.212	146
C	-10.531	-12.145	14.816	146
N	-9.659	-12.826	14.118	147
CA	-9.252	-12.428	12.711	147
C	-9.969	-13.324	11.692	147
N	-10.634	-12.732	10.694	148
CA	-11.336	-13.465	9.692	148
C	-10.862	-12.975	8.315	148
N	-10.28	-13.887	7.534	149
CA	-9.841	-13.523	6.193	149
C	-11.028	-13.289	5.291	149
N	-10.854	-12.371	4.326	150
CA	-11.78	-12.2	3.19	150
C	-11.045	-12.517	1.886	150
N	-11.696	-13.339	1.081	151
CA	-11.225	-13.613	-0.297	151
C	-12.325	-13.087	-1.274	151
N	-11.916	-12.857	-2.524	152
CA	-12.821	-12.347	-3.502	152
C	-13.716	-13.517	-3.906	152
N	-14.993	-13.242	-3.935	153
CA	-15.971	-14.293	-4.312	153
C	-17.342	-13.645	-4.473	153
N	-18.382	-14.38	-4.092	154
CA	-19.749	-13.875	-4.168	154
C	-19.88	-12.621	-3.31	154
N	-20.64	-11.613	-3.767	155
CA	-20.928	-10.48	-2.908	155
C	-21.52	-10.997	-1.577	155
N	-21.199	-10.289	-0.504	156
CA	-21.617	-10.615	0.825	156
C	-22.746	-9.681	1.23	156
N	-23.924	-10.291	1.44	157
CA	-25.075	-9.413	1.77	157
C	-24.877	-8.66	3.081	157
N	-24.197	-9.217	4.105	158
CA	-24.057	-8.416	5.354	158
C	-23.003	-7.343	5.15	158
N	-21.993	-7.633	4.321	159
CA	-20.967	-6.611	4.135	159
C	-21.493	-5.512	3.292	159
N	-22.506	-5.798	2.425	160
CA	-23.156	-4.743	1.64	160
C	-23.775	-3.697	2.553	160
N	-24.269	-4.1	3.707	161
CA	-24.786	-3.094	4.653	161
C	-23.73	-2.061	5.061	161
N	-22.517	-2.553	5.241	162
CA	-21.385	-1.707	5.563	162
C	-20.998	-0.868	4.305	162
N	-20.855	-1.499	3.134	163
CA	-20.382	-0.69	1.941	163
C	-21.376	0.401	1.598	163
N	-22.652	0.136	1.878	164
CA	-23.697	1.135	1.655	164
C	-23.508	2.389	2.467	164
N	-22.783	2.316	3.59	165
CA	-22.652	3.49	4.459	165
C	-21.426	4.308	4.067	165
N	-20.593	3.759	3.204	166
CA	-19.276	4.347	3.067	166
C	-19.273	5.743	2.513	166
N	-20.085	6.004	1.477	167
CA	-20.281	7.411	1.027	167
C	-20.473	8.403	2.166	167
N	-21.276	8.032	3.163	168
CA	-21.544	8.919	4.295	168
C	-20.428	9.109	5.307	168
N	-19.415	8.224	5.314	169
CA	-18.291	8.411	6.2	169
C	-16.942	8.595	5.483	169
N	-17.009	9.17	4.258	170
CA	-15.802	9.29	3.449	170
C	-14.689	10.04	4.201	170
N	-15.037	11.13	4.882	171
CA	-14.031	11.916	5.577	171
C	-13.726	11.39	6.957	171
N	-12.466	11.511	7.325	172
CA	-12.01	11.105	8.612	172
C	-12.829	11.799	9.706	172
N	-13.327	10.986	10.619	173
CA	-14.036	11.462	11.814	173
C	-15.534	11.345	11.582	173
N	-15.984	11.144	10.366	174
CA	-17.42	11.059	10.127	174
C	-17.998	9.743	10.652	174
N	-19.174	9.827	11.219	175
CA	-19.894	8.631	11.673	175
C	-21.37	8.649	11.266	175
N	-21.957	7.458	11.211	176
CA	-23.346	7.351	11.04	176
C	-23.883	6.128	11.79	176
N	-25.142	6.21	12.18	177
CA	-25.782	5.131	12.924	177
C	-25.799	3.909	12.083	177
N	-25.613	2.766	12.763	178
CA	-25.502	1.484	12.095	178
C	-25.843	0.406	13.104	178
N	-26.944	-0.294	12.864	179
CA	-27.279	-1.346	13.873	179
C	-27.845	-2.507	13.124	179
N	-28.241	-3.526	13.886	180
CA	-28.784	-4.771	13.362	180
C	-27.748	-5.47	12.446	180
N	-26.541	-5.708	12.97	181
CA	-25.462	-6.27	12.193	181
C	-25.22	-7.683	12.81	181
N	-25.573	-8.687	12.021	182
CA	-25.592	-10.068	12.535	182
C	-24.165	-10.624	12.327	182
N	-23.29	-10.21	13.232	183
CA	-21.883	-10.645	13.153	183
C	-21.756	-12.17	13.197	183
N	-22.649	-12.802	13.954	184
CA	-22.516	-14.244	14.147	184
C	-22.685	-14.901	12.818	184
N	-23.603	-14.431	11.983	185
CA	-23.866	-15.124	10.735	185
C	-22.832	-14.795	9.66	185
N	-22.074	-13.729	9.89	186
CA	-20.998	-13.308	8.968	186
C	-19.807	-14.268	9.008	186
N	-19.583	-14.87	10.174	187
CA	-18.425	-15.779	10.296	187
C	-18.562	-16.992	9.37	187
N	-17.402	-17.573	8.928	188
CA	-17.366	-18.723	8.034	188
C	-18.015	-19.958	8.704	188
N	-18.325	-20.956	7.878	189
CA	-18.977	-22.141	8.493	189
C	-18.04	-22.863	9.499	189
N	-16.706	-22.913	9.228	190
CA	-15.831	-23.551	10.172	190
C	-15.214	-22.484	11.071	190
N	-15.182	-22.767	12.381	191
CA	-14.473	-21.87	13.294	191
C	-13.169	-22.489	13.807	191
N	-12.56	-23.359	13.009	192
CA	-11.218	-23.839	13.399	192
C	-10.229	-22.647	13.307	192
N	-9.275	-22.607	14.216	193
CA	-8.466	-21.385	14.331	193
C	-7.035	-21.667	14.757	193
N	-6.171	-20.69	14.515	194
CA	-4.832	-20.624	15.129	194
C	-4.812	-19.584	16.167	194
N	-3.939	-19.71	17.182	195
CA	-3.856	-18.67	18.233	195
C	-2.456	-18.489	18.692	195
N	-2.176	-17.271	19.081	196
CA	-0.864	-16.919	19.604	196
C	-0.957	-15.62	20.328	196
N	-0.008	-15.34	21.227	197
CA	-0.017	-14.068	21.919	197
C	0.614	-12.979	21.112	197
N	-0.084	-11.84	21.033	198
CA	0.467	-10.748	20.235	198
C	-0.021	-9.379	20.635	198
N	-0.131	-8.51	19.632	199
CA	-0.333	-7.122	19.874	199
C	-1.441	-6.526	19.014	199
N	-1.859	-5.314	19.378	200
CA	-2.593	-4.537	18.396	200
C	-1.712	-4.361	17.115	200
N	-2.358	-4.323	15.953	201
CA	-1.632	-4.063	14.708	201
C	-1.566	-2.622	14.304	201
N	-2.057	-1.705	15.16	202
CA	-1.95	-0.276	14.857	202
C	-1.352	0.315	16.129	202
N	-0.645	1.432	16.019	203
CA	-0.357	2.182	17.211	203
C	-1.578	2.351	18.139	203
N	-1.323	2.194	19.47	204
CA	-0.062	2.142	20.181	204
C	0.656	0.78	20.224	204
N	0.129	-0.234	19.485	205
CA	0.875	-1.534	19.283	205
C	1.021	-2.328	20.61	205
N	0.028	-2.152	21.504	206
CA	0.216	-2.755	22.842	206
C	0.185	-4.27	22.773	206
N	1.043	-4.921	23.555	207
CA	1.153	-6.382	23.616	207
C	0.15	-7.007	24.567	207
N	-1.094	-6.84	24.179	208
CA	-2.256	-7.115	25.054	208
C	-3.248	-8.088	24.457	208
N	-2.864	-8.691	23.305	209
CA	-3.889	-9.38	22.475	209
C	-3.651	-10.899	22.4	209
N	-4.691	-11.663	22.725	210
CA	-4.734	-13.082	22.368	210
C	-5.395	-13.158	21.004	210
N	-4.595	-13.507	19.999	211
CA	-5.11	-13.592	18.672	211
C	-5.756	-14.979	18.445	211
N	-6.91	-14.91	17.797	212
CA	-7.628	-16.101	17.297	212
C	-7.882	-15.857	15.81	212
N	-7.157	-16.564	14.932	213
CA	-7.258	-16.313	13.479	213
C	-7.956	-17.536	12.904	213
N	-9.137	-17.294	12.331	214
CA	-9.906	-18.391	11.687	214
C	-9.231	-18.825	10.385	214
N	-9.136	-20.147	10.195	215
CA	-8.555	-20.687	8.982	215
C	-9.393	-20.393	7.752	215
N	-10.715	-20.492	7.836	216
CA	-11.563	-20.382	6.644	216
C	-11.979	-18.942	6.29	216
N	-11.669	-18.502	5.071	217
CA	-12.085	-17.125	4.686	217
C	-13.58	-17.026	4.47	217
N	-14.058	-15.776	4.528	218
CA	-15.372	-15.481	3.98	218
C	-15.2	-14.723	2.67	218
N	-16.206	-14.657	1.835	219
CA	-16.056	-13.952	0.553	219
C	-16.56	-12.452	0.69	219
N	-16.107	-11.722	-0.295	220
CA	-16.513	-10.318	-0.592	220
C	-16.349	-10.134	-2.132	220
N	-17.149	-9.269	-2.773	221
CA	-16.876	-9.06	-4.234	221
C	-15.789	-8.05	-4.354	221
N	-15.157	-8.092	-5.572	222
CA	-14.124	-7.088	-5.765	222
C	-14.72	-5.701	-5.719	222
N	-15.95	-5.532	-6.233	223
CA	-16.595	-4.205	-6.157	223
C	-16.855	-3.677	-4.731	223
N	-17.296	-4.571	-3.853	224
CA	-17.535	-4.22	-2.484	224
C	-16.211	-3.855	-1.818	224
N	-15.168	-4.67	-2.05	225
CA	-13.893	-4.415	-1.384	225
C	-13.367	-3.028	-1.863	225
N	-13.523	-2.769	-3.175	226
CA	-12.862	-1.54	-3.657	226
C	-13.523	-0.307	-3.059	226
N	-14.749	-0.395	-2.548	227
CA	-15.39	0.804	-1.987	227
C	-14.682	1.263	-0.73	227
N	-14.019	0.345	-0.007	228
CA	-13.276	0.73	1.158	228
C	-12.112	1.663	0.862	228
N	-11.496	1.516	-0.312	229
CA	-10.283	2.309	-0.674	229
C	-10.611	3.725	-0.943	229
N	-11.915	4.025	-1.03	230
CA	-12.389	5.396	-1.267	230
C	-12.555	6.156	0.032	230
N	-12.435	5.512	1.211	231
CA	-12.311	6.315	2.429	231
C	-11.096	7.198	2.418	231
N	-11.211	8.372	3.026	232
CA	-10.059	9.244	3.197	232
C	-9.336	9.019	4.498	232
N	-8.041	9.273	4.518	233
CA	-7.292	9.127	5.739	233
C	-7.062	10.523	6.316	233
N	-7.727	11.463	5.662	234
CA	-7.643	12.887	5.971	234
C	-9.039	13.43	6.376	234
N	-9.045	14.364	7.33	235
CA	-10.312	14.974	7.83	235
C	-10.782	16.075	6.888	235
N	-12.078	16.4	6.95	236
CA	-12.691	17.49	6.145	236
C	-11.79	18.749	6.328	236
N	-11.383	19.422	5.222	237
CA	-10.569	20.639	5.264	237
C	-9.024	20.622	5.321	237
N	-8.397	19.666	4.629	238
CA	-7.013	19.09	4.733	238
C	-6.782	18.413	3.387	238
N	-5.541	18.353	2.915	239
CA	-5.279	17.766	1.593	239
C	-5.775	16.287	1.536	239
N	-6.746	15.999	0.645	240
CA	-7.33	14.66	0.481	240
C	-6.262	13.612	0.124	240
N	-6.307	12.504	0.844	241
CA	-5.496	11.334	0.486	241
C	-6.388	10.14	0.815	241
N	-6.28	9.12	-0.031	242
CA	-7.139	7.968	0.135	242
C	-6.492	6.834	0.9	242
N	-7.399	6.152	1.628	243
CA	-6.886	4.967	2.414	243
C	-6.896	3.723	1.526	243
N	-5.974	3.702	0.542	244
CA	-5.928	2.593	-0.43	244
C	-5.424	1.288	0.189	244
N	-4.657	1.378	1.282	245
CA	-4.068	0.194	1.894	245
C	-3.831	0.495	3.355	245
N	-4.174	-0.489	4.228	246
CA	-4.012	-0.201	5.669	246
C	-3.717	-1.477	6.409	246
N	-2.794	-2.251	5.889	247
CA	-2.343	-3.489	6.57	247
C	-0.906	-3.362	7.0	247
N	-0.606	-3.874	8.19	248
CA	0.794	-3.845	8.687	248
C	1.513	-5.13	8.245	248
N	2.81	-5.009	7.894	249
CA	3.549	-6.238	7.522	249
C	3.687	-7.218	8.639	249
N	3.914	-8.518	8.332	250
CA	4.208	-9.494	9.375	250
C	5.482	-9.127	10.181	250
N	5.475	-9.541	11.464	251
CA	6.462	-9.162	12.428	251
C	7.128	-10.435	12.915	251
N	8.368	-10.308	13.418	252
CA	9.042	-11.56	13.776	252
C	8.34	-12.346	14.941	252
N	8.364	-13.648	14.828	253
CA	7.643	-14.509	15.767	253
C	8.367	-14.614	17.116	253
N	9.714	-14.589	17.059	254
CA	10.526	-14.432	18.287	254
C	10.18	-15.503	19.341	254
N	10.065	-16.705	18.86	255
CA	9.962	-17.866	19.768	255
C	8.568	-18.139	20.34	255
N	7.574	-17.355	19.901	256
CA	6.237	-17.602	20.333	256
C	5.682	-18.906	19.709	256
N	4.803	-19.594	20.436	257
CA	4.13	-20.809	19.97	257
C	2.814	-20.4	19.293	257
N	2.646	-20.798	18.038	258
CA	1.363	-20.668	17.374	258
C	0.693	-22.055	17.488	258
N	-0.544	-22.123	18.008	259
CA	-1.268	-23.39	18.289	259
C	-2.448	-23.494	17.356	259
N	-2.828	-24.724	17.024	260
CA	-4.011	-24.942	16.168	260
C	-5.058	-25.627	16.981	260
N	-6.319	-25.276	16.749	261
CA	-7.407	-25.942	17.467	261
C	-7.868	-27.208	16.77	261
N	-7.186	-27.576	15.68	262
CA	-7.643	-28.583	14.739	262
C	-6.358	-29.29	14.227	262
N	-6.527	-30.558	13.818	263
CA	-5.492	-31.309	13.076	263
C	-6.098	-32.234	12.04	263
N	-61.254	-47.146	11.591	1
CA	-61.015	-47.439	13.02	1
C	-60.675	-46.438	14.166	1
N	-59.367	-46.238	14.43	2
CA	-58.38	-46.168	15.635	2
C	-58.064	-45.466	17.025	2
N	-56.69	-45.54	17.344	3
CA	-55.436	-45.493	18.337	3
C	-55.117	-44.16	19.339	3
N	-54.059	-43.594	20.162	4
CA	-52.702	-42.632	20.548	4
C	-52.05	-42.341	22.216	4
N	-50.909	-41.899	23.257	5
CA	-50.952	-42.829	24.418	5
C	-50.964	-42.076	25.768	5
N	-50.807	-42.826	26.835	6
CA	-50.854	-42.231	28.135	6
C	-49.63	-42.648	28.902	6
N	-48.506	-42.854	28.217	7
CA	-47.282	-43.149	28.93	7
C	-46.89	-41.94	29.788	7
N	-46.117	-42.207	30.827	8
CA	-45.651	-41.112	31.695	8
C	-44.642	-41.636	32.671	8
N	-44.634	-41.13	33.906	9
CA	-43.639	-41.51	34.847	9
C	-44.244	-41.909	36.17	9
N	-45.549	-42.145	36.144	10
CA	-46.245	-42.557	37.351	10
C	-46.183	-44.068	37.491	10
N	-46.752	-44.603	38.595	11
CA	-46.632	-46.045	38.827	11
C	-47.083	-46.968	37.648	11
N	-48.277	-46.78	37.123	12
CA	-48.747	-47.724	36.104	12
C	-48.279	-47.372	34.708	12
N	-47.806	-46.12	34.52	13
CA	-47.499	-45.686	33.129	13
C	-46.025	-45.369	32.893	13
N	-45.238	-45.61	33.909	14
CA	-43.829	-45.162	33.927	14
C	-42.929	-46.105	33.126	14
N	-41.647	-45.797	33.106	15
CA	-40.595	-46.431	32.299	15
C	-40.661	-47.967	32.232	15
N	-40.955	-48.634	33.375	16
CA	-40.943	-50.098	33.431	16
C	-42.069	-50.641	32.526	16
N	-43.095	-49.834	32.315	17
CA	-44.193	-50.227	31.468	17
C	-44.141	-49.855	30.012	17
N	-43.181	-49.006	29.611	18
CA	-43.216	-48.51	28.256	18
C	-43.144	-49.6	27.241	18
N	-42.362	-50.633	27.536	19
CA	-42.149	-51.817	26.658	19
C	-43.508	-52.484	26.305	19
N	-44.591	-52.319	27.113	20
CA	-45.945	-52.81	26.742	20
C	-46.532	-52.233	25.493	20
N	-46.261	-50.97	25.228	21
CA	-46.622	-50.387	23.995	21
C	-45.482	-49.997	23.045	21
N	-44.235	-49.999	23.511	22
CA	-43.112	-49.567	22.673	22
C	-42.011	-50.614	22.835	22
N	-42.136	-51.803	22.178	23
CA	-41.183	-52.858	22.536	23
C	-39.73	-52.569	22.19	23
N	-39.479	-51.525	21.388	24
CA	-38.103	-51.058	21.068	24
C	-37.45	-50.58	22.397	24
N	-38.254	-50.405	23.465	25
CA	-37.704	-50.1	24.819	25
C	-36.652	-51.078	25.254	25
N	-36.773	-52.374	24.827	26
CA	-35.761	-53.398	25.129	26
C	-34.867	-53.708	23.967	26
N	-34.723	-52.736	23.07	27
CA	-33.817	-52.781	21.929	27
C	-32.327	-52.78	22.261	27
N	-31.55	-52.752	21.186	28
CA	-30.149	-52.832	21.244	28
C	-29.448	-51.531	21.323	28
N	-30.174	-50.424	21.039	29
CA	-29.511	-49.089	21.054	29
C	-30.339	-48.11	21.809	29
N	-30.737	-48.453	23.024	30
CA	-31.576	-47.585	23.827	30
C	-30.699	-46.713	24.699	30
N	-31.279	-45.578	25.059	31
CA	-30.673	-44.581	25.971	31
C	-31.658	-44.25	27.105	31
N	-31.093	-43.73	28.233	32
CA	-29.734	-43.38	28.453	32
C	-28.942	-44.646	28.866	32
N	-27.68	-44.466	29.141	33
CA	-26.733	-45.559	29.484	33
C	-25.933	-45.134	30.656	33
N	-25.268	-46.147	31.213	34
CA	-24.159	-45.902	32.144	34
C	-22.866	-45.797	31.351	34
N	-22.073	-44.767	31.612	35
CA	-20.785	-44.589	30.962	35
C	-19.685	-45.096	31.925	35
N	-19.035	-46.197	31.541	36
CA	-17.916	-46.83	32.318	36
C	-16.64	-46.263	31.689	36
N	-16.068	-45.256	32.362	37
CA	-14.893	-44.592	31.7	37
C	-13.623	-45.423	31.436	37
N	-13.402	-46.495	32.188	38
CA	-12.26	-47.35	31.895	38
C	-12.378	-48.06	30.549	38
N	-13.606	-48.172	30.062	39
CA	-13.942	-48.81	28.797	39
C	-14.034	-47.792	27.631	39
N	-13.938	-46.493	27.915	40
CA	-14.137	-45.545	26.845	40
C	-12.806	-45.301	26.179	40
N	-12.79	-45.238	24.859	41
CA	-11.592	-44.904	24.139	41
C	-11.659	-43.534	23.551	41
N	-10.609	-42.738	23.734	42
CA	-10.416	-41.472	23.012	42
C	-10.394	-41.744	21.52	42
N	-11.13	-40.968	20.773	43
CA	-11.124	-41.06	19.327	43
C	-10.58	-39.752	18.761	43
N	-9.294	-39.734	18.367	44
CA	-8.662	-38.553	17.713	44
C	-9.313	-38.179	16.374	44
N	-10.11	-39.067	15.778	45
CA	-10.848	-38.729	14.543	45
C	-12.071	-37.801	14.694	45
N	-12.611	-37.717	15.908	46
CA	-13.694	-36.74	16.125	46
C	-13.189	-35.328	15.8	46
N	-13.983	-34.588	15.05	47
CA	-13.605	-33.235	14.675	47
C	-14.13	-32.274	15.701	47
N	-13.607	-31.043	15.755	48
CA	-14.09	-30.144	16.787	48
C	-15.589	-30.045	16.679	48
N	-16.217	-29.907	17.817	49
CA	-17.634	-29.578	17.88	49
C	-17.828	-28.076	17.586	49
N	-18.884	-27.748	16.872	50
CA	-19.194	-26.366	16.446	50
C	-20.629	-26.103	16.889	50
N	-20.804	-25.095	17.762	51
CA	-22.136	-24.718	18.203	51
C	-22.415	-23.275	17.813	51
N	-23.28	-23.095	16.841	52
CA	-23.685	-21.745	16.441	52
C	-25.126	-21.576	16.833	52
N	-25.435	-20.774	17.876	53
CA	-26.846	-20.624	18.32	53
C	-27.248	-19.182	18.405	53
N	-28.405	-18.915	17.838	54
CA	-28.902	-17.509	17.75	54
C	-30.065	-17.457	18.746	54
N	-30.045	-16.563	19.719	55
CA	-31.148	-16.404	20.696	55
C	-32.493	-16.138	20.108	55
N	-32.537	-15.521	18.938	56
CA	-33.82	-15.261	18.311	56
C	-34.486	-16.501	17.742	56
N	-33.78	-17.643	17.698	57
CA	-34.364	-18.869	17.162	57
C	-35.413	-19.445	18.078	57
N	-35.297	-19.112	19.365	58
CA	-36.285	-19.648	20.344	58
C	-37.649	-19.031	20.078	58
N	-38.676	-19.848	20.037	59
CA	-40.068	-19.337	19.857	59
C	-40.999	-19.42	21.042	59
N	-41.138	-20.616	21.622	60
CA	-42.204	-20.84	22.611	60
C	-41.648	-21.755	23.669	60
N	-42.233	-21.705	24.858	61
CA	-41.978	-22.751	25.866	61
C	-43.312	-23.316	26.236	61
N	-43.357	-24.637	26.409	62
CA	-44.631	-25.3	26.752	62
C	-44.432	-26.409	27.705	62
N	-45.544	-26.813	28.322	63
CA	-45.524	-27.973	29.233	63
C	-46.084	-29.12	28.401	63
N	-45.261	-30.109	28.07	64
CA	-45.726	-31.203	27.232	64
C	-46.387	-32.271	28.076	64
N	-46.38	-32.079	29.41	65
CA	-46.858	-33.114	30.37	65
C	-45.716	-34.011	30.823	65
N	-44.589	-33.964	30.131	66
CA	-43.432	-34.798	30.433	66
C	-42.183	-33.983	30.777	66
N	-42.177	-32.684	30.462	67
CA	-41.082	-31.783	30.816	67
C	-41.591	-30.418	30.327	67
N	-40.762	-29.385	30.515	68
CA	-41.0	-28.179	29.738	68
C	-40.252	-28.44	28.375	68
N	-40.72	-27.773	27.313	69
CA	-40.063	-27.888	25.943	69
C	-39.907	-26.462	25.504	69
N	-38.684	-26.028	25.243	70
CA	-38.495	-24.757	24.507	70
C	-38.328	-25.148	23.061	70
N	-39.144	-24.586	22.169	71
CA	-39.17	-24.99	20.724	71
C	-38.533	-23.86	19.941	71
N	-37.776	-24.231	18.924	72
CA	-37.004	-23.277	18.13	72
C	-37.446	-23.396	16.715	72
N	-37.072	-22.381	15.928	73
CA	-37.45	-22.377	14.525	73
C	-37.132	-23.676	13.627	73
N	-38.101	-24.118	12.845	74
CA	-38.014	-25.451	12.192	74
C	-37.289	-25.36	10.865	74
N	-37.264	-24.183	10.239	75
CA	-36.858	-24.153	8.816	75
C	-35.635	-23.232	8.488	75
N	-34.887	-22.753	9.468	76
CA	-33.722	-21.986	9.252	76
C	-32.433	-22.603	9.843	76
N	-31.254	-22.258	9.32	77
CA	-29.98	-22.721	9.857	77
C	-29.199	-21.682	10.695	77
N	-29.966	-20.83	11.392	78
CA	-29.35	-19.87	12.304	78
C	-28.711	-20.52	13.557	78
N	-29.307	-21.647	13.971	79
CA	-28.884	-22.355	15.152	79
C	-28.685	-23.823	14.813	79
N	-27.426	-24.163	14.724	80
CA	-27.008	-25.504	14.25	80
C	-25.851	-26.06	15.043	80
N	-25.793	-27.381	15.059	81
CA	-24.732	-28.112	15.666	81
C	-24.043	-28.893	14.59	81
N	-22.708	-28.756	14.572	82
CA	-21.883	-29.402	13.527	82
C	-20.673	-29.967	14.192	82
N	-19.992	-30.85	13.462	83
CA	-18.72	-31.354	13.95	83
C	-18.817	-32.483	14.954	83
N	-17.779	-32.647	15.765	84
CA	-17.72	-33.822	16.595	84
C	-17.868	-35.147	15.803	84
N	-18.848	-36.004	16.161	85
CA	-19.107	-37.252	15.477	85
C	-20.046	-37.1	14.276	85
N	-20.553	-35.874	14.057	86
CA	-21.625	-35.721	13.106	86
C	-21.181	-35.386	11.701	86
N	-21.954	-35.877	10.749	87
CA	-21.739	-35.52	9.314	87
C	-22.88	-34.546	8.919	87
N	-22.516	-33.343	8.477	88
CA	-23.554	-32.397	8.061	88
C	-24.049	-31.574	9.22	88
N	-25.076	-30.812	8.949	89
CA	-25.574	-29.772	9.827	89
C	-26.878	-30.228	10.486	89
N	-26.864	-30.171	11.818	90
CA	-28.038	-30.581	12.617	90
C	-28.708	-29.378	13.215	90
N	-29.953	-29.191	12.883	91
CA	-30.702	-27.952	13.173	91
C	-31.279	-28.055	14.583	91
N	-31.03	-27.01	15.365	92
CA	-31.626	-27.013	16.767	92
C	-33.15	-26.983	16.742	92
N	-33.777	-27.891	17.512	93
CA	-35.207	-28.112	17.561	93
C	-35.85	-27.822	18.901	93
N	-35.278	-28.395	19.961	94
CA	-35.917	-28.445	21.284	94
C	-34.903	-28.413	22.415	94
N	-35.325	-27.819	23.537	95
CA	-34.555	-28.016	24.793	95
C	-35.561	-28.464	25.82	95
N	-35.18	-29.473	26.616	96
CA	-36.017	-29.886	27.779	96
C	-35.107	-30.414	28.886	96
N	-35.728	-30.799	30.014	97
CA	-34.946	-31.16	31.233	97
C	-35.537	-32.385	31.875	97
N	-34.676	-33.205	32.487	98
CA	-35.147	-34.364	33.312	98
C	-34.561	-34.179	34.678	98
N	-35.353	-34.605	35.633	99
CA	-35.013	-34.53	37.038	99
C	-35.643	-35.717	37.747	99
N	-35.292	-35.866	39.027	100
CA	-35.906	-36.881	39.959	100
C	-36.684	-36.258	41.083	100
N	-37.305	-37.104	41.922	101
CA	-38.12	-36.556	42.994	101
C	-37.31	-35.997	44.099	101
N	-36.022	-36.297	44.142	102
CA	-35.168	-35.63	45.114	102
C	-33.799	-35.335	44.504	102
N	-33.055	-34.476	45.146	103
CA	-31.823	-33.999	44.547	103
C	-30.679	-34.985	44.314	103
N	-30.715	-36.147	44.982	104
CA	-29.564	-37.053	44.913	104
C	-29.478	-37.793	43.618	104
N	-30.551	-37.817	42.829	105
CA	-30.457	-38.466	41.521	105
C	-31.559	-37.965	40.654	105
N	-31.371	-38.1	39.345	106
CA	-32.327	-37.446	38.52	106
C	-31.853	-37.343	37.11	106
N	-30.568	-37.451	36.935	107
CA	-30.011	-37.451	35.562	107
C	-30.383	-38.759	34.864	107
N	-30.303	-38.731	33.533	108
CA	-30.622	-39.908	32.772	108
C	-29.36	-40.703	32.6	108
N	-28.3	-40.115	32.062	109
CA	-27.005	-40.788	32.02	109
C	-26.337	-40.788	33.378	109
N	-25.567	-41.844	33.662	110
CA	-24.927	-42.001	34.942	110
C	-23.476	-42.325	34.675	110
N	-22.511	-41.62	35.291	111
CA	-21.1	-41.791	34.847	111
C	-20.3	-42.51	35.917	111
N	-19.805	-43.72	35.648	112
CA	-19.083	-44.516	36.712	112
C	-19.855	-44.506	38.055	112
N	-21.16	-44.707	37.966	113
CA	-22.035	-44.828	39.133	113
C	-22.469	-43.471	39.684	113
N	-21.952	-42.361	39.167	114
CA	-22.352	-41.026	39.687	114
C	-23.551	-40.465	38.92	114
N	-24.65	-40.213	39.635	115
CA	-25.738	-39.386	39.083	115
C	-25.654	-37.943	39.511	115
N	-26.419	-37.208	38.742	116
CA	-26.549	-35.779	38.957	116
C	-27.944	-35.515	39.252	116
N	-28.263	-34.289	39.631	117
CA	-29.598	-33.934	40.047	117
C	-30.582	-33.908	38.881	117
N	-30.046	-33.511	37.747	118
CA	-30.91	-33.334	36.563	118
C	-30.039	-33.371	35.298	118
N	-30.72	-33.398	34.12	119
CA	-29.986	-33.467	32.847	119
C	-30.797	-32.705	31.794	119
N	-30.123	-31.76	31.157	120
CA	-30.65	-30.952	30.078	120
C	-30.35	-31.628	28.732	120
N	-31.368	-31.649	27.834	121
CA	-31.209	-32.226	26.541	121
C	-31.526	-31.215	25.485	121
N	-30.604	-31.092	24.518	122
CA	-30.719	-30.116	23.428	122
C	-30.782	-30.975	22.145	122
N	-31.989	-30.942	21.555	123
CA	-32.31	-31.887	20.475	123
C	-32.13	-31.193	19.09	123
N	-31.396	-31.823	18.182	124
CA	-31.169	-31.282	16.821	124
C	-31.462	-32.357	15.791	124
N	-31.743	-31.939	14.535	125
CA	-32.039	-32.917	13.515	125
C	-31.342	-32.626	12.179	125
N	-31.107	-33.711	11.424	126
CA	-30.281	-33.581	10.214	126
C	-31.065	-33.055	9.069	126
N	-30.999	-31.745	8.897	127
CA	-31.815	-31.086	7.835	127
C	-31.02	-31.054	6.494	127
N	-29.785	-31.544	6.513	128
CA	-28.999	-31.782	5.257	128
C	-29.58	-33.014	4.519	128
N	-30.232	-33.93	5.242	129
CA	-30.78	-35.127	4.629	129
C	-32.252	-35.315	4.69	129
N	-32.937	-34.794	5.71	130
CA	-34.294	-35.142	5.929	130
C	-35.144	-33.88	5.906	130
N	-36.393	-34.012	5.532	131
CA	-37.259	-32.861	5.272	131
C	-37.842	-32.247	6.499	131
N	-37.812	-32.951	7.602	132
CA	-38.472	-32.49	8.82	132
C	-37.913	-33.284	9.999	132
N	-38.032	-32.63	11.138	133
CA	-37.741	-33.341	12.387	133
C	-38.457	-34.721	12.535	133
N	-39.751	-34.751	12.224	134
CA	-40.529	-35.996	12.249	134
C	-39.879	-37.103	11.4	134
N	-39.492	-36.785	10.162	135
CA	-38.855	-37.757	9.392	135
C	-37.418	-38.17	9.878	135
N	-36.627	-37.212	10.324	136
CA	-35.301	-37.491	10.758	136
C	-35.314	-38.427	12.005	136
N	-36.341	-38.28	12.77	137
CA	-36.445	-39.037	14.059	137
C	-36.567	-40.566	13.781	137
N	-36.852	-40.949	12.545	138
CA	-36.92	-42.333	12.174	138
C	-35.703	-42.867	11.416	138
N	-34.588	-42.122	11.378	139
CA	-33.434	-42.506	10.624	139
C	-32.256	-42.633	11.555	139
N	-31.335	-43.598	11.382	140
CA	-30.267	-43.748	12.414	140
C	-29.373	-42.515	12.625	140
N	-29.149	-41.754	11.567	141
CA	-28.301	-40.527	11.579	141
C	-29.235	-39.299	11.63	141
N	-30.49	-39.473	12.044	142
CA	-31.432	-38.357	11.939	142
C	-31.2	-37.307	13.011	142
N	-31.03	-37.778	14.265	143
CA	-30.988	-36.837	15.433	143
C	-29.668	-36.758	16.113	143
N	-29.401	-35.574	16.695	144
CA	-28.198	-35.391	17.555	144
C	-28.633	-34.73	18.846	144
N	-28.281	-35.272	20.015	145
CA	-28.792	-34.709	21.263	145
C	-27.617	-34.408	22.115	145
N	-27.513	-33.156	22.587	146
CA	-26.451	-32.818	23.547	146
C	-27.055	-33.028	24.914	146
N	-26.321	-33.68	25.815	147
CA	-26.793	-33.865	27.205	147
C	-25.829	-33.06	28.093	147
N	-26.398	-32.369	29.057	148
CA	-25.632	-31.532	29.978	148
C	-26.167	-31.914	31.352	148
N	-25.239	-32.337	32.239	149
CA	-25.641	-32.596	33.591	149
C	-25.803	-31.392	34.48	149
N	-26.741	-31.449	35.418	150
CA	-26.921	-30.343	36.376	150
C	-26.642	-30.949	37.756	150
N	-25.677	-30.381	38.456	151
CA	-25.28	-30.773	39.799	151
C	-25.822	-29.721	40.76	151
N	-26.216	-30.182	41.97	152
CA	-26.583	-29.211	43.023	152
C	-25.355	-28.298	43.344	152
N	-25.627	-27.009	43.323	153
CA	-24.549	-26.005	43.416	153
C	-25.233	-24.681	43.613	153
N	-24.424	-23.674	43.456	154
CA	-24.988	-22.361	43.724	154
C	-25.922	-22.024	42.592	154
N	-26.901	-21.176	42.866	155
CA	-27.885	-21.008	41.796	155
C	-27.324	-20.534	40.477	155
N	-28.021	-20.939	39.422	156
CA	-27.577	-20.646	38.045	156
C	-28.442	-19.576	37.446	156
N	-27.813	-18.404	37.287	157
CA	-28.608	-17.278	36.808	157
C	-29.066	-17.452	35.376	157
N	-28.473	-18.428	34.666	158
CA	-28.9	-18.669	33.311	158
C	-30.169	-19.481	33.195	158
N	-30.684	-19.953	34.339	159
CA	-31.913	-20.651	34.282	159
C	-33.073	-19.685	34.496	159
N	-32.83	-18.373	34.673	160
CA	-33.944	-17.501	35.15	160
C	-35.005	-17.359	34.075	160
N	-34.627	-17.217	32.824	161
CA	-35.657	-17.057	31.836	161
C	-36.573	-18.281	31.856	161
N	-36.052	-19.521	32.03	162
CA	-36.962	-20.628	32.13	162
C	-37.822	-20.657	33.44	162
N	-37.146	-20.506	34.523	163
CA	-37.86	-20.686	35.802	163
C	-38.941	-19.606	35.999	163
N	-38.703	-18.39	35.435	164
CA	-39.737	-17.321	35.482	164
C	-41.036	-17.713	34.807	164
N	-40.995	-18.688	33.883	165
CA	-42.193	-18.999	33.067	165
C	-42.96	-20.136	33.664	165
N	-42.422	-20.822	34.694	166
CA	-43.065	-22.111	35.08	166
C	-44.474	-21.99	35.583	166
N	-44.802	-20.971	36.389	167
CA	-46.22	-20.861	36.767	167
C	-47.162	-20.664	35.58	167
N	-46.718	-19.941	34.546	168
CA	-47.511	-19.793	33.316	168
C	-47.709	-21.047	32.528	168
N	-46.838	-22.062	32.726	169
CA	-47.102	-23.32	32.035	169
C	-47.31	-24.499	32.996	169
N	-47.988	-24.228	34.122	170
CA	-48.145	-25.254	35.121	170
C	-48.881	-26.464	34.605	170
N	-49.953	-26.254	33.852	171
CA	-50.778	-27.387	33.374	171
C	-50.242	-27.906	32.009	171
N	-50.417	-29.196	31.746	172
CA	-50.018	-29.777	30.481	172
C	-50.784	-29.067	29.381	172
N	-50.057	-28.692	28.349	173
CA	-50.681	-28.105	27.17	173
C	-50.514	-26.606	27.125	173
N	-50.218	-25.973	28.266	174
CA	-49.973	-24.528	28.3	174
C	-48.688	-24.168	27.584	174
N	-48.678	-22.981	26.994	175
CA	-47.489	-22.443	26.305	175
C	-47.402	-20.959	26.39	175
N	-46.198	-20.416	26.205	176
CA	-46.031	-18.984	26.244	176
C	-44.938	-18.643	25.293	176
N	-44.985	-17.412	24.843	177
CA	-43.987	-16.872	23.981	177
C	-42.607	-16.892	24.63	177
N	-41.552	-17.316	23.92	178
CA	-40.297	-17.433	24.633	178
C	-39.216	-17.277	23.619	178
N	-38.635	-16.082	23.537	179
CA	-37.602	-15.848	22.555	179
C	-36.46	-15.097	23.205	179
N	-35.377	-14.858	22.435	180
CA	-34.17	-14.211	22.964	180
C	-33.693	-15.036	24.137	180
N	-33.527	-16.333	23.831	181
CA	-33.018	-17.246	24.875	181
C	-31.574	-17.567	24.631	181
N	-30.746	-17.348	25.649	182
CA	-29.309	-17.614	25.529	182
C	-29.0	-19.019	25.958	182
N	-29.199	-19.927	24.997	183
CA	-28.899	-21.353	25.255	183
C	-27.458	-21.595	25.451	183
N	-26.623	-20.889	24.687	184
CA	-25.241	-21.175	24.668	184
C	-24.683	-20.978	26.071	184
N	-25.207	-20.037	26.872	185
CA	-24.68	-19.801	28.209	185
C	-25.109	-20.777	29.264	185
N	-25.973	-21.725	28.9	186
CA	-26.394	-22.795	29.771	186
C	-25.417	-23.921	29.632	186
N	-24.658	-23.976	28.562	187
CA	-23.579	-25.006	28.457	187
C	-22.375	-24.736	29.346	187
N	-21.661	-25.786	29.759	188
CA	-20.533	-25.581	30.63	188
C	-19.328	-25.039	29.849	188
N	-18.332	-24.515	30.55	189
CA	-17.194	-23.984	29.806	189
C	-16.473	-25.028	28.932	189
N	-16.28	-26.254	29.452	190
CA	-15.61	-27.302	28.685	190
C	-16.664	-28.101	27.989	190
N	-16.455	-28.301	26.692	191
CA	-17.36	-29.102	25.87	191
C	-16.801	-30.462	25.624	191
N	-15.864	-30.944	26.454	192
CA	-15.426	-32.377	26.353	192
C	-16.656	-33.275	26.508	192
N	-16.657	-34.337	25.729	193
CA	-17.926	-35.165	25.715	193
C	-17.68	-36.621	25.448	193
N	-18.674	-37.419	25.747	194
CA	-18.737	-38.795	25.263	194
C	-19.792	-38.876	24.197	194
N	-19.613	-39.828	23.283	195
CA	-20.565	-40.01	22.198	195
C	-20.805	-41.492	21.966	195
N	-22.056	-41.808	21.633	196
CA	-22.479	-43.193	21.319	196
C	-23.779	-43.158	20.586	196
N	-24.139	-44.197	19.861	197
CA	-25.439	-44.263	19.12	197
C	-26.537	-44.782	20.061	197
N	-27.636	-44.027	20.131	198
CA	-28.708	-44.44	21.084	198
C	-30.056	-43.992	20.577	198
N	-30.862	-43.636	21.529	199
CA	-32.266	-43.466	21.3	199
C	-32.856	-42.21	21.941	199
N	-34.093	-41.914	21.536	200
CA	-34.908	-40.971	22.323	200
C	-35.033	-41.645	23.705	200
N	-35.11	-40.843	24.757	201
CA	-35.298	-41.444	26.1	201
C	-36.739	-41.36	26.534	201
N	-37.624	-40.959	25.626	202
CA	-39.065	-41.037	25.854	202
C	-39.728	-41.75	24.692	202
N	-40.864	-42.403	24.936	203
CA	-41.61	-42.909	23.783	203
C	-41.722	-41.856	22.731	203
N	-41.499	-42.243	21.461	204
CA	-41.438	-43.618	20.981	204
C	-40.082	-44.343	21.033	204
N	-39.082	-43.733	21.679	205
CA	-37.881	-44.478	22.01	205
C	-37.073	-44.854	20.729	205
N	-37.235	-44.085	19.667	206
CA	-36.604	-44.387	18.372	206
C	-35.119	-44.358	18.406	206
N	-34.506	-45.327	17.712	207
CA	-33.053	-45.421	17.706	207
C	-32.457	-44.606	16.606	207
N	-32.481	-43.268	16.789	208
CA	-32.083	-42.344	15.75	208
C	-31.163	-41.295	16.306	208
N	-30.587	-41.496	17.492	209
CA	-29.869	-40.39	18.141	209
C	-28.398	-40.672	18.242	209
N	-27.593	-39.689	17.818	210
CA	-26.181	-39.666	18.086	210
C	-26.041	-38.843	19.349	210
N	-25.745	-39.471	20.486	211
CA	-25.669	-38.741	21.786	211
C	-24.363	-38.122	21.948	211
N	-24.343	-36.883	22.418	212
CA	-23.101	-36.133	22.721	212
C	-23.305	-35.685	24.193	212
N	-22.67	-36.364	25.142	213
CA	-22.999	-36.146	26.572	213
C	-21.779	-35.438	27.101	213
N	-21.986	-34.187	27.538	214
CA	-20.849	-33.372	28.02	214
C	-20.431	-33.83	29.444	214
N	-19.148	-33.897	29.644	215
CA	-18.563	-34.359	30.925	215
C	-18.807	-33.385	32.033	215
N	-18.667	-32.071	31.753	216
CA	-18.664	-31.126	32.895	216
C	-20.118	-30.687	33.213	216
N	-20.568	-30.847	34.445	217
CA	-21.876	-30.354	34.841	217
C	-21.958	-28.86	34.96	217
N	-23.163	-28.36	34.843	218
CA	-23.458	-26.983	35.259	218
C	-24.183	-27.038	36.61	218
N	-24.349	-25.881	37.253	219
CA	-24.929	-25.896	38.587	219
C	-26.408	-25.598	38.538	219
N	-27.145	-26.089	39.573	220
CA	-28.483	-25.635	39.794	220
C	-28.709	-25.668	41.306	220
N	-29.475	-24.719	41.884	221
CA	-29.664	-24.842	43.353	221
C	-30.843	-25.752	43.594	221
N	-30.996	-26.339	44.773	222
CA	-32.254	-27.194	44.979	222
C	-33.561	-26.313	45.049	222
N	-33.423	-25.013	45.436	223
CA	-34.594	-24.236	45.306	223
C	-35.026	-24.06	43.872	223
N	-34.041	-23.895	43.006	224
CA	-34.41	-23.807	41.532	224
C	-34.984	-25.108	41.027	224
N	-34.305	-26.202	41.387	225
CA	-34.74	-27.52	40.845	225
C	-36.159	-27.863	41.325	225
N	-36.467	-27.53	42.592	226
CA	-37.76	-27.823	43.102	226
C	-38.897	-27.161	42.334	226
N	-38.632	-26.034	41.74	227
CA	-39.663	-25.387	40.917	227
C	-40.146	-26.24	39.752	227
N	-39.245	-27.028	39.154	228
CA	-39.692	-27.846	38.031	228
C	-40.629	-28.926	38.476	228
N	-40.44	-29.387	39.73	229
CA	-41.332	-30.471	40.245	229
C	-42.721	-29.991	40.54	229
N	-42.923	-28.668	40.468	230
CA	-44.26	-28.118	40.567	230
C	-45.077	-28.038	39.241	230
N	-44.424	-28.384	38.106	231
CA	-45.2	-28.541	36.903	231
C	-46.171	-29.733	37.048	231
N	-47.29	-29.692	36.338	232
CA	-48.194	-30.847	36.329	232
C	-47.951	-31.728	35.127	232
N	-48.26	-33.005	35.282	233
CA	-48.31	-33.93	34.146	233
C	-49.705	-34.064	33.584	233
N	-50.586	-33.208	34.069	234
CA	-52.019	-33.266	33.75	234
C	-52.478	-31.926	33.212	234
N	-53.523	-31.991	32.421	235
CA	-54.069	-30.797	31.794	235
C	-55.201	-30.138	32.631	235
N	-55.502	-28.887	32.3	236
CA	-56.583	-28.128	32.92	236
C	-57.83	-29.03	32.929	236
N	-58.481	-29.142	34.099	237
CA	-59.656	-30.034	34.254	237
C	-59.413	-31.538	34.105	237
N	-58.171	-31.966	34.31	238
CA	-57.86	-33.372	34.533	238
C	-57.444	-33.419	36.027	238
N	-57.702	-34.522	36.755	239
CA	-57.264	-34.642	38.174	239
C	-55.74	-34.372	38.335	239
N	-55.383	-33.329	39.041	240
CA	-53.97	-32.834	39.145	240
C	-52.978	-33.894	39.649	240
N	-51.809	-33.964	39.008	241
CA	-50.699	-34.809	39.409	241
C	-49.456	-34.065	39.017	241
N	-48.508	-34.073	39.933	242
CA	-47.244	-33.377	39.724	242
C	-46.232	-34.15	38.988	242
N	-45.477	-33.383	38.181	243
CA	-44.338	-34.022	37.42	243
C	-43.075	-34.041	38.348	243
N	-43.097	-34.822	39.446	244
CA	-41.991	-34.825	40.401	244
C	-40.767	-35.51	39.887	244
N	-40.915	-36.414	38.911	245
CA	-39.738	-37.157	38.449	245
C	-40.024	-37.503	36.983	245
N	-38.989	-37.345	36.128	246
CA	-39.239	-37.582	34.689	246
C	-38.01	-38.109	34.009	246
N	-37.33	-39.03	34.65	247
CA	-36.067	-39.578	34.028	247
C	-36.228	-41.039	33.83	247
N	-35.694	-41.48	32.701	248
CA	-35.711	-42.955	32.398	248
C	-34.412	-43.501	32.97	248
N	-34.408	-44.72	33.564	249
CA	-33.154	-45.352	33.982	249
C	-32.284	-45.754	32.801	249
N	-30.958	-45.833	33.018	250
CA	-30.023	-46.28	32.05	250
C	-30.368	-47.706	31.596	250
N	-30.204	-47.946	30.306	251
CA	-30.493	-49.23	29.658	251
C	-29.101	-49.844	29.321	251
N	-29.076	-51.159	29.107	252
CA	-27.787	-51.787	28.851	252
C	-27.119	-51.435	27.518	252
N	-25.796	-51.45	27.502	253
CA	-25.045	-51.126	26.263	253
C	-25.246	-52.065	25.115	253
N	-25.354	-53.329	25.463	254
CA	-25.577	-54.372	24.42	254
C	-24.522	-54.346	23.314	254
N	-23.284	-54.148	23.701	255
CA	-22.173	-54.23	22.787	255
C	-21.745	-52.924	22.186	255
N	-22.482	-51.816	22.443	256
CA	-22.049	-50.526	21.904	256
C	-20.85	-50.021	22.649	256
N	-20.027	-49.287	21.946	257
CA	-18.864	-48.707	22.583	257
C	-19.022	-47.19	22.663	257
N	-18.563	-46.663	23.744	258
CA	-18.76	-45.21	23.973	258
C	-17.4	-44.589	23.666	258
N	-17.383	-43.489	22.933	259
CA	-16.117	-42.815	22.555	259
C	-15.956	-41.496	23.312	259
N	-14.718	-41.11	23.585	260
CA	-14.48	-39.831	24.273	260
C	-13.827	-38.867	23.317	260
N	-14.149	-37.592	23.458	261
CA	-13.62	-36.593	22.623	261
C	-12.267	-36.047	23.178	261
N	-11.867	-36.571	24.354	262
CA	-10.767	-35.939	25.133	262
C	-9.933	-37.086	25.695	262
N	-8.663	-36.781	26.022	263
CA	-7.683	-37.799	26.479	263
C	-7.77	-37.882	27.946	263
