ATOM	X	Y	Z	RESIDUE
N	9.464	29.353	-16.972	1
CA	8.939	28.263	-16.119	1
C	8.569	27.05	-16.971	1
N	9.509	26.535	-17.764	2
CA	9.36	25.263	-18.489	2
C	9.965	24.162	-17.623	2
N	9.371	23.916	-16.456	3
CA	9.813	22.827	-15.589	3
C	9.284	21.508	-16.138	3
N	10.178	20.604	-16.548	4
CA	9.963	19.152	-16.615	4
C	8.546	18.674	-16.977	4
N	8.018	19.101	-18.125	5
CA	6.71	18.668	-18.609	5
C	6.758	17.186	-19.04	5
N	6.734	16.27	-18.069	6
CA	6.737	14.82	-18.286	6
C	7.479	14.008	-17.222	6
N	8.321	14.634	-16.395	7
CA	9.153	13.883	-15.448	7
C	8.381	13.491	-14.177	7
N	8.76	12.356	-13.588	8
CA	8.268	11.862	-12.301	8
C	9.327	12.12	-11.226	8
N	8.921	12.632	-10.068	9
CA	9.836	12.92	-8.964	9
C	10.102	11.686	-8.09	9
N	11.244	11.63	-7.402	10
CA	11.44	10.594	-6.387	10
C	10.549	10.886	-5.169	10
N	9.835	9.867	-4.688	11
CA	8.948	9.968	-3.53	11
C	9.589	9.355	-2.286	11
N	9.414	10.022	-1.149	12
CA	9.812	9.492	0.152	12
C	8.853	8.377	0.594	12
N	9.401	7.301	1.162	13
CA	8.621	6.192	1.723	13
C	8.04	6.602	3.073	13
N	6.897	7.282	3.04	14
CA	6.231	7.829	4.218	14
C	4.725	7.514	4.172	14
N	4.145	6.943	5.246	15
CA	2.737	6.547	5.262	15
C	1.787	7.744	5.125	15
N	2.171	8.922	5.626	16
CA	1.388	10.145	5.485	16
C	1.377	10.664	4.052	16
N	2.525	10.617	3.369	17
CA	2.618	10.933	1.935	17
C	1.759	9.969	1.123	17
N	1.87	8.663	1.367	18
CA	1.128	7.655	0.607	18
C	-0.381	7.747	0.867	18
N	-0.794	7.99	2.114	19
CA	-2.207	8.208	2.466	19
C	-2.793	9.405	1.72	19
N	-2.089	10.536	1.7	20
CA	-2.569	11.728	0.996	20
C	-2.492	11.569	-0.53	20
N	-1.553	10.767	-1.042	21
CA	-1.476	10.417	-2.458	21
C	-2.7	9.606	-2.907	21
N	-3.083	8.575	-2.143	22
CA	-4.288	7.764	-2.395	22
C	-5.53	8.659	-2.453	22
N	-5.683	9.57	-1.484	23
CA	-6.779	10.553	-1.489	23
C	-6.706	11.493	-2.688	23
N	-5.503	11.924	-3.066	24
CA	-5.26	12.775	-4.229	24
C	-5.664	12.121	-5.551	24
N	-5.556	10.793	-5.663	25
CA	-6.085	10.042	-6.807	25
C	-7.62	9.962	-6.831	25
N	-8.294	10.417	-5.772	26
CA	-9.744	10.331	-5.605	26
C	-10.211	9.061	-4.893	26
N	-9.286	8.182	-4.492	27
CA	-9.614	6.968	-3.757	27
C	-10.011	7.3	-2.311	27
N	-11.058	6.642	-1.809	28
CA	-11.628	6.856	-0.469	28
C	-11.762	5.541	0.293	28
N	-11.775	5.642	1.622	29
CA	-11.971	4.507	2.53	29
C	-10.727	3.648	2.766	29
N	-9.556	4.093	2.299	30
CA	-8.27	3.459	2.565	30
C	-7.235	4.472	3.078	30
N	-6.317	4.0	3.917	31
CA	-5.138	4.733	4.377	31
C	-3.902	3.832	4.376	31
N	-2.726	4.433	4.551	32
CA	-1.452	3.713	4.621	32
C	-0.885	3.793	6.029	32
N	-0.496	2.643	6.567	33
CA	0.203	2.514	7.846	33
C	1.586	1.921	7.63	33
N	2.545	2.351	8.436	34
CA	3.873	1.752	8.46	34
C	3.892	0.532	9.39	34
N	4.589	-0.522	8.968	35
CA	4.713	-1.782	9.695	35
C	6.134	-1.901	10.239	35
N	6.281	-1.714	11.55	36
CA	7.584	-1.801	12.228	36
C	7.937	-3.2	12.74	36
N	6.962	-4.106	12.806	37
CA	7.161	-5.48	13.261	37
C	6.294	-6.422	12.445	37
N	6.866	-7.571	12.084	38
CA	6.159	-8.618	11.359	38
C	5.325	-9.517	12.277	38
N	5.309	-9.276	13.589	39
CA	4.506	-10.067	14.521	39
C	2.998	-9.984	14.211	39
N	2.239	-11.084	14.383	40
CA	0.856	-11.156	13.912	40
C	-0.066	-10.153	14.623	40
N	0.215	-9.84	15.888	41
CA	-0.532	-8.868	16.698	41
C	-0.527	-7.451	16.103	41
N	0.541	-7.081	15.386	42
CA	0.648	-5.773	14.747	42
C	-0.269	-5.667	13.527	42
N	-0.438	-6.752	12.771	43
CA	-1.356	-6.782	11.634	43
C	-2.814	-6.939	12.06	43
N	-3.083	-7.659	13.152	44
CA	-4.452	-7.887	13.628	44
C	-5.167	-6.567	13.952	44
N	-4.445	-5.616	14.559	45
CA	-4.96	-4.268	14.852	45
C	-5.302	-3.474	13.591	45
N	-4.695	-3.819	12.459	46
CA	-4.798	-3.107	11.19	46
C	-5.83	-3.703	10.232	46
N	-6.382	-4.884	10.534	47
CA	-7.412	-5.505	9.698	47
C	-8.63	-4.579	9.5	47
N	-9.237	-4.582	8.295	48
CA	-8.828	-5.341	7.102	48
C	-7.631	-4.699	6.365	48
N	-6.7	-5.545	5.905	49
CA	-5.508	-5.148	5.133	49
C	-5.717	-5.521	3.666	49
N	-5.574	-4.551	2.763	50
CA	-5.876	-4.694	1.329	50
C	-4.647	-5.024	0.486	50
N	-3.47	-4.63	0.96	51
CA	-2.2	-4.956	0.331	51
C	-1.024	-4.457	1.154	51
N	0.151	-5.015	0.888	52
CA	1.413	-4.556	1.457	52
C	2.273	-3.937	0.362	52
N	3.029	-2.907	0.717	53
CA	4.037	-2.277	-0.128	53
C	5.371	-2.41	0.589	53
N	6.318	-3.078	-0.055	54
CA	7.641	-3.327	0.492	54
C	8.69	-2.597	-0.34	54
N	9.459	-1.736	0.318	55
CA	10.616	-1.043	-0.227	55
C	11.881	-1.743	0.243	55
N	12.79	-2.026	-0.676	56
CA	14.075	-2.634	-0.354	56
C	15.168	-2.141	-1.294	56
N	16.428	-2.312	-0.89	57
CA	17.567	-2.084	-1.78	57
C	17.575	-3.148	-2.878	57
N	17.439	-2.722	-4.126	58
CA	17.435	-3.611	-5.277	58
C	18.793	-4.301	-5.44	58
N	18.759	-5.59	-5.775	59
CA	19.94	-6.379	-6.103	59
C	19.7	-7.128	-7.422	59
N	20.658	-7.104	-8.364	60
CA	20.525	-7.824	-9.622	60
C	20.516	-9.342	-9.399	60
N	19.748	-10.062	-10.221	61
CA	19.764	-11.529	-10.257	61
C	18.926	-12.229	-9.185	61
N	18.08	-11.511	-8.44	62
CA	17.194	-12.148	-7.464	62
C	16.154	-13.046	-8.167	62
N	16.144	-14.342	-7.855	63
CA	15.121	-15.263	-8.363	63
C	13.726	-14.924	-7.797	63
N	12.648	-15.081	-8.596	64
CA	11.273	-14.947	-8.118	64
C	10.994	-15.842	-6.904	64
N	10.211	-15.354	-5.939	65
CA	9.83	-16.146	-4.766	65
C	8.826	-17.279	-5.081	65
N	8.228	-17.268	-6.276	66
CA	7.238	-18.234	-6.749	66
C	7.191	-18.314	-8.279	66
N	6.115	-18.875	-8.831	67
CA	5.954	-19.033	-10.284	67
C	5.371	-17.777	-10.933	67
N	5.95	-17.328	-12.05	68
CA	5.387	-16.228	-12.851	68
C	4.076	-16.684	-13.496	68
N	3.014	-15.9	-13.329	69
CA	1.692	-16.174	-13.901	69
C	1.736	-15.984	-15.418	69
N	1.285	-16.993	-16.166	70
CA	1.235	-16.986	-17.639	70
C	-0.11	-17.477	-18.204	70
N	-1.084	-17.757	-17.34	71
CA	-2.406	-18.246	-17.735	71
C	-3.445	-17.11	-17.78	71
N	-4.72	-17.47	-17.952	72
CA	-5.844	-16.531	-18.074	72
C	-6.065	-15.633	-16.85	72
N	-5.359	-15.848	-15.731	73
CA	-5.405	-14.919	-14.591	73
C	-4.833	-13.546	-14.95	73
N	-3.983	-13.453	-15.978	74
CA	-3.467	-12.182	-16.505	74
C	-4.565	-11.255	-17.052	74
N	-5.702	-11.81	-17.478	75
CA	-6.848	-11.023	-17.954	75
C	-7.614	-10.355	-16.798	75
N	-7.426	-10.856	-15.571	76
CA	-8.12	-10.386	-14.361	76
C	-7.215	-9.542	-13.467	76
N	-5.96	-9.96	-13.28	77
CA	-5.007	-9.284	-12.398	77
C	-4.472	-8.034	-13.097	77
N	-4.597	-6.889	-12.435	78
CA	-3.928	-5.679	-12.874	78
C	-2.428	-5.788	-12.571	78
N	-1.608	-5.835	-13.618	79
CA	-0.153	-5.808	-13.516	79
C	0.43	-4.892	-14.586	79
N	1.311	-3.99	-14.167	80
CA	1.979	-3.027	-15.028	80
C	3.494	-3.171	-14.862	80
N	4.243	-3.199	-15.972	81
CA	5.709	-3.1	-15.935	81
C	6.132	-1.662	-15.679	81
N	7.211	-1.499	-14.931	82
CA	7.793	-0.2	-14.65	82
C	8.5	0.33	-15.894	82
N	8.013	1.466	-16.391	83
CA	8.603	2.185	-17.532	83
C	9.483	3.344	-17.054	83
N	9.125	3.974	-15.928	84
CA	9.84	5.116	-15.341	84
C	10.24	4.779	-13.904	84
N	11.532	4.907	-13.583	85
CA	12.078	4.538	-12.27	85
C	11.424	5.3	-11.111	85
N	11.239	6.61	-11.26	86
CA	10.694	7.456	-10.197	86
C	9.18	7.263	-9.968	86
N	8.48	6.53	-10.843	87
CA	7.05	6.249	-10.694	87
C	6.753	5.039	-9.783	87
N	7.787	4.343	-9.293	88
CA	7.687	3.072	-8.57	88
C	6.72	3.107	-7.371	88
N	6.748	4.169	-6.556	89
CA	5.85	4.333	-5.408	89
C	4.37	4.366	-5.83	89
N	4.042	5.176	-6.842	90
CA	2.68	5.241	-7.389	90
C	2.278	3.928	-8.029	90
N	3.176	3.294	-8.777	91
CA	2.894	2.015	-9.41	91
C	2.6	0.918	-8.383	91
N	3.323	0.87	-7.263	92
CA	3.042	-0.055	-6.168	92
C	1.656	0.203	-5.544	92
N	1.319	1.465	-5.263	93
CA	-0.003	1.836	-4.731	93
C	-1.123	1.456	-5.706	93
N	-0.987	1.808	-6.986	94
CA	-1.973	1.483	-8.028	94
C	-2.1	-0.032	-8.198	94
N	-0.992	-0.774	-8.12	95
CA	-1.002	-2.241	-8.172	95
C	-1.835	-2.846	-7.043	95
N	-1.811	-2.262	-5.841	96
CA	-2.698	-2.693	-4.751	96
C	-4.145	-2.296	-5.017	96
N	-4.391	-1.007	-5.255	97
CA	-5.747	-0.47	-5.342	97
C	-6.535	-1.078	-6.506	97
N	-5.943	-1.205	-7.697	98
CA	-6.661	-1.723	-8.866	98
C	-6.937	-3.228	-8.803	98
N	-6.276	-3.959	-7.907	99
CA	-6.599	-5.352	-7.595	99
C	-7.523	-5.495	-6.371	99
N	-7.874	-4.396	-5.698	100
CA	-8.773	-4.401	-4.552	100
C	-10.236	-4.254	-4.998	100
N	-11.102	-5.136	-4.496	101
CA	-12.566	-5.074	-4.672	101
C	-13.299	-5.121	-3.328	101
N	-12.618	-4.745	-2.242	102
CA	-13.188	-4.732	-0.898	102
C	-14.196	-3.583	-0.75	102
N	-15.301	-3.818	-0.039	103
CA	-16.413	-2.863	0.108	103
C	-16.01	-1.503	0.709	103
N	-14.972	-1.486	1.545	104
CA	-14.464	-0.26	2.17	104
C	-13.731	0.647	1.165	104
N	-13.153	0.075	0.102	105
CA	-12.245	0.779	-0.809	105
C	-12.992	1.249	-2.049	105
N	-13.035	2.565	-2.229	106
CA	-13.711	3.205	-3.35	106
C	-12.673	3.912	-4.219	106
N	-12.358	3.355	-5.393	107
CA	-11.265	3.819	-6.267	107
C	-11.347	5.297	-6.674	107
N	-12.557	5.845	-6.766	108
CA	-12.785	7.168	-7.34	108
C	-12.764	7.145	-8.869	108
N	-13.127	8.273	-9.473	109
CA	-13.302	8.424	-10.925	109
C	-11.997	8.135	-11.679	109
N	-10.917	8.85	-11.346	110
CA	-9.608	8.739	-12.01	110
C	-9.075	7.307	-12.08	110
N	-9.069	6.581	-10.954	111
CA	-8.534	5.216	-10.92	111
C	-9.484	4.205	-11.57	111
N	-10.8	4.431	-11.501	112
CA	-11.783	3.562	-12.16	112
C	-11.693	3.689	-13.68	112
N	-11.661	4.918	-14.202	113
CA	-11.477	5.189	-15.633	113
C	-10.149	4.629	-16.139	113
N	-9.063	4.828	-15.384	114
CA	-7.758	4.293	-15.758	114
C	-7.752	2.757	-15.799	114
N	-8.395	2.096	-14.825	115
CA	-8.53	0.633	-14.799	115
C	-9.315	0.127	-16.005	115
N	-10.454	0.742	-16.311	116
CA	-11.284	0.37	-17.461	116
C	-10.538	0.579	-18.787	116
N	-9.911	1.745	-18.963	117
CA	-9.138	2.093	-20.156	117
C	-7.993	1.112	-20.434	117
N	-7.309	0.658	-19.383	118
CA	-6.112	-0.179	-19.503	118
C	-6.37	-1.676	-19.311	118
N	-7.623	-2.104	-19.12	119
CA	-7.962	-3.49	-18.776	119
C	-7.406	-4.502	-19.791	119
N	-7.564	-4.22	-21.089	120
CA	-7.164	-5.105	-22.194	120
C	-5.699	-4.968	-22.618	120
N	-4.918	-4.124	-21.947	121
CA	-3.514	-3.913	-22.283	121
C	-2.625	-5.004	-21.682	121
N	-1.524	-5.302	-22.374	122
CA	-0.432	-6.079	-21.798	122
C	0.288	-5.293	-20.685	122
N	1.19	-5.959	-19.966	123
CA	1.883	-5.364	-18.83	123
C	2.72	-4.124	-19.198	123
N	3.361	-4.12	-20.371	124
CA	4.186	-3.003	-20.823	124
C	3.318	-1.797	-21.204	124
N	2.2	-2.037	-21.887	125
CA	1.229	-1.011	-22.254	125
C	0.477	-0.464	-21.039	125
N	0.142	-1.291	-20.036	126
CA	-0.374	-0.818	-18.734	126
C	0.622	0.121	-18.05	126
N	1.906	-0.24	-18.057	127
CA	2.995	0.596	-17.545	127
C	3.135	1.927	-18.279	127
N	3.133	1.883	-19.612	128
CA	3.225	3.071	-20.454	128
C	2.01	3.988	-20.255	128
N	0.805	3.419	-20.209	129
CA	-0.424	4.151	-19.928	129
C	-0.368	4.841	-18.558	129
N	0.109	4.147	-17.516	130
CA	0.276	4.735	-16.184	130
C	1.261	5.907	-16.219	130
N	2.403	5.724	-16.886	131
CA	3.452	6.744	-16.979	131
C	3.015	8.01	-17.728	131
N	2.076	7.858	-18.668	132
CA	1.501	8.928	-19.482	132
C	0.202	9.508	-18.898	132
N	-0.276	9.011	-17.754	133
CA	-1.455	9.576	-17.097	133
C	-1.102	10.9	-16.423	133
N	-1.463	12.008	-17.072	134
CA	-1.166	13.358	-16.587	134
C	-1.764	13.634	-15.207	134
N	-2.994	13.18	-14.95	135
CA	-3.675	13.394	-13.663	135
C	-2.93	12.67	-12.542	135
N	-2.603	11.389	-12.743	136
CA	-1.866	10.588	-11.755	136
C	-0.47	11.186	-11.531	136
N	0.224	11.571	-12.607	137
CA	1.559	12.179	-12.551	137
C	1.559	13.528	-11.832	137
N	0.551	14.371	-12.055	138
CA	0.408	15.645	-11.346	138
C	0.18	15.433	-9.851	138
N	-0.693	14.492	-9.475	139
CA	-0.922	14.146	-8.068	139
C	0.374	13.642	-7.435	139
N	1.079	12.703	-8.072	140
CA	2.394	12.218	-7.637	140
C	3.388	13.364	-7.412	140
N	3.613	14.189	-8.435	141
CA	4.585	15.279	-8.375	141
C	4.176	16.367	-7.38	141
N	2.887	16.48	-7.047	142
CA	2.447	17.415	-6.02	142
C	3.044	17.086	-4.651	142
N	3.421	15.831	-4.373	143
CA	4.054	15.387	-3.121	143
C	5.583	15.295	-3.198	143
N	6.18	15.731	-4.307	144
CA	7.624	15.784	-4.449	144
C	8.253	16.758	-3.442	144
N	9.465	16.433	-2.98	145
CA	10.298	17.403	-2.262	145
C	10.645	18.555	-3.2	145
N	10.614	19.776	-2.676	146
CA	11.071	20.94	-3.426	146
C	12.58	20.807	-3.696	146
N	12.975	20.681	-4.964	147
CA	14.386	20.74	-5.343	147
C	14.881	22.187	-5.207	147
N	15.916	22.398	-4.387	148
CA	16.478	23.734	-4.131	148
C	17.386	24.223	-5.265	148
N	17.934	23.296	-6.052	149
CA	18.903	23.563	-7.108	149
C	18.583	22.695	-8.327	149
N	18.808	23.232	-9.524	150
CA	18.869	22.44	-10.753	150
C	20.209	21.693	-10.749	150
N	20.196	20.414	-10.371	151
CA	21.385	19.576	-10.486	151
C	21.497	19.07	-11.923	151
N	22.524	19.53	-12.635	152
CA	22.907	18.963	-13.925	152
C	23.36	17.511	-13.675	152
N	22.68	16.534	-14.282	153
CA	22.745	15.085	-13.969	153
C	24.104	14.425	-14.273	153
N	25.158	15.216	-14.5	154
CA	26.482	14.775	-14.962	154
C	27.501	14.555	-13.85	154
N	27.168	14.857	-12.599	155
CA	28.118	14.665	-11.497	155
C	28.036	13.228	-11.002	155
N	28.788	12.343	-11.671	156
CA	29.171	10.983	-11.258	156
C	28.415	10.475	-10.027	156
N	27.234	9.895	-10.245	157
CA	26.585	9.098	-9.223	157
C	27.58	7.991	-8.85	157
N	28.245	8.139	-7.695	158
CA	28.658	6.966	-6.916	158
C	27.453	6.042	-6.935	158
N	27.62	4.757	-7.272	159
CA	26.53	3.768	-7.333	159
C	25.529	4.04	-6.209	159
N	24.477	4.784	-6.541	160
CA	23.57	5.312	-5.541	160
C	22.629	4.161	-5.254	160
N	22.466	3.829	-3.975	161
CA	21.669	2.678	-3.582	161
C	20.268	2.796	-4.196	161
N	19.988	1.943	-5.184	162
CA	18.714	1.926	-5.877	162
C	17.702	1.177	-5.011	162
N	16.7	1.891	-4.511	163
CA	15.586	1.296	-3.782	163
C	14.418	1.015	-4.726	163
N	13.72	-0.094	-4.491	164
CA	12.631	-0.567	-5.339	164
C	11.407	-0.975	-4.521	164
N	10.216	-0.67	-5.041	165
CA	8.943	-1.036	-4.423	165
C	8.339	-2.266	-5.098	165
N	7.835	-3.185	-4.281	166
CA	6.972	-4.291	-4.713	166
C	5.704	-4.312	-3.878	166
N	4.634	-4.852	-4.447	167
CA	3.351	-4.972	-3.759	167
C	2.962	-6.424	-3.548	167
N	2.339	-6.723	-2.412	168
CA	1.726	-8.02	-2.145	168
C	0.222	-7.855	-1.986	168
N	-0.551	-8.643	-2.731	169
CA	-2.017	-8.565	-2.729	169
C	-2.667	-9.947	-2.763	169
N	-3.748	-10.164	-1.998	170
CA	-4.605	-11.328	-2.157	170
C	-5.62	-11.083	-3.284	170
N	-5.692	-11.975	-4.267	171
CA	-6.713	-11.93	-5.325	171
C	-7.312	-13.32	-5.485	171
N	-8.631	-13.429	-5.309	172
CA	-9.393	-14.673	-5.464	172
C	-8.807	-15.86	-4.664	172
N	-8.417	-15.625	-3.404	173
CA	-7.877	-16.661	-2.513	173
C	-6.446	-17.104	-2.841	173
N	-5.711	-16.321	-3.636	174
CA	-4.288	-16.535	-3.923	174
C	-3.488	-15.278	-3.635	174
N	-2.253	-15.46	-3.19	175
CA	-1.342	-14.369	-2.879	175
C	-0.435	-14.084	-4.077	175
N	-0.291	-12.807	-4.419	176
CA	0.546	-12.358	-5.524	176
C	1.577	-11.337	-5.073	176
N	2.792	-11.465	-5.597	177
CA	3.79	-10.398	-5.621	177
C	3.731	-9.689	-6.98	177
N	3.594	-8.367	-6.938	178
CA	3.546	-7.476	-8.09	178
C	4.804	-6.605	-8.071	178
N	5.82	-7.064	-8.793	179
CA	7.085	-6.366	-8.99	179
C	7.13	-5.806	-10.417	179
N	7.137	-4.475	-10.54	180
CA	7.138	-3.787	-11.833	180
C	8.358	-4.085	-12.714	180
N	9.44	-4.638	-12.163	181
CA	10.628	-5.036	-12.925	181
C	10.544	-6.476	-13.457	181
N	9.52	-7.248	-13.069	182
CA	9.277	-8.612	-13.566	182
C	8.43	-8.603	-14.838	182
N	8.344	-9.763	-15.486	183
CA	7.524	-9.951	-16.693	183
C	6.023	-10.103	-16.401	183
N	5.655	-10.458	-15.17	184
CA	4.274	-10.708	-14.768	184
C	4.133	-10.842	-13.25	184
N	2.895	-10.986	-12.742	185
CA	2.64	-11.33	-11.347	185
C	3.362	-12.616	-10.949	185
N	3.883	-12.661	-9.728	186
CA	4.437	-13.875	-9.129	186
C	3.37	-14.47	-8.212	186
N	2.973	-15.71	-8.479	187
CA	2.05	-16.468	-7.638	187
C	2.802	-17.074	-6.447	187
N	2.38	-16.699	-5.24	188
CA	2.972	-17.118	-3.969	188
C	2.171	-18.229	-3.272	188
N	1.103	-18.726	-3.9	189
CA	0.285	-19.82	-3.384	189
C	-1.108	-19.393	-2.925	189
N	-1.828	-20.337	-2.321	190
CA	-3.171	-20.106	-1.798	190
C	-3.126	-19.345	-0.463	190
N	-4.108	-18.479	-0.23	191
CA	-4.296	-17.772	1.032	191
C	-5.788	-17.606	1.34	191
N	-6.137	-17.454	2.618	192
CA	-7.473	-16.984	2.967	192
C	-7.573	-15.498	2.596	192
N	-8.569	-15.101	1.801	193
CA	-8.752	-13.704	1.392	193
C	-8.917	-12.764	2.602	193
N	-9.509	-13.252	3.697	194
CA	-9.752	-12.473	4.92	194
C	-8.571	-12.512	5.911	194
N	-7.654	-13.475	5.756	195
CA	-6.491	-13.664	6.635	195
C	-5.232	-14.092	5.864	195
N	-4.903	-13.331	4.827	196
CA	-3.778	-13.607	3.931	196
C	-2.418	-13.193	4.514	196
N	-2.413	-12.447	5.624	197
CA	-1.192	-11.986	6.296	197
C	-0.339	-13.17	6.768	197
N	-0.977	-14.236	7.253	198
CA	-0.296	-15.472	7.653	198
C	0.516	-16.098	6.507	198
N	0.059	-15.943	5.259	199
CA	0.738	-16.445	4.067	199
C	1.872	-15.523	3.58	199
N	1.72	-14.194	3.682	200
CA	2.729	-13.24	3.17	200
C	3.91	-13.037	4.12	200
N	3.698	-13.155	5.437	201
CA	4.752	-13.0	6.451	201
C	6.025	-13.808	6.162	201
N	5.974	-15.141	5.958	202
CA	7.183	-15.918	5.682	202
C	7.87	-15.506	4.372	202
N	7.124	-14.974	3.395	203
CA	7.692	-14.459	2.138	203
C	8.517	-13.198	2.403	203
N	7.982	-12.257	3.187	204
CA	8.683	-11.019	3.555	204
C	9.877	-11.323	4.467	204
N	9.709	-12.18	5.478	205
CA	10.79	-12.605	6.38	205
C	11.945	-13.24	5.596	205
N	11.64	-14.165	4.675	206
CA	12.642	-14.778	3.792	206
C	13.342	-13.743	2.916	206
N	12.638	-12.696	2.478	207
CA	13.235	-11.633	1.663	207
C	14.166	-10.745	2.477	207
N	13.777	-10.379	3.697	208
CA	14.633	-9.635	4.631	208
C	15.904	-10.439	4.948	208
N	15.792	-11.756	5.151	209
CA	16.936	-12.645	5.417	209
C	17.967	-12.732	4.278	209
N	17.62	-12.356	3.038	210
CA	18.589	-12.333	1.924	210
C	19.593	-11.19	2.042	210
N	19.254	-10.151	2.793	211
CA	20.148	-9.034	3.034	211
C	21.103	-9.36	4.182	211
N	22.305	-8.783	4.145	212
CA	23.266	-8.879	5.247	212
C	22.587	-8.475	6.561	212
N	22.895	-9.121	7.694	213
CA	22.271	-8.804	9.003	213
C	22.317	-7.308	9.388	213
N	23.24	-6.526	8.813	214
CA	23.337	-5.078	9.023	214
C	22.538	-4.195	8.052	214
N	21.917	-4.751	7.012	215
CA	21.151	-3.989	6.024	215
C	19.695	-3.848	6.477	215
N	19.449	-2.765	7.206	216
CA	18.146	-2.422	7.787	216
C	17.345	-1.438	6.925	216
N	17.823	-1.094	5.721	217
CA	17.177	-0.092	4.859	217
C	16.088	-0.732	4.009	217
N	15.042	-1.177	4.682	218
CA	13.783	-1.545	4.06	218
C	12.643	-0.785	4.731	218
N	11.523	-0.682	4.031	219
CA	10.302	-0.108	4.568	219
C	9.136	-1.02	4.206	219
N	8.244	-1.271	5.157	220
CA	7.027	-2.028	4.91	220
C	5.838	-1.161	5.287	220
N	4.926	-0.995	4.343	221
CA	3.676	-0.28	4.536	221
C	2.496	-1.184	4.206	221
N	1.373	-0.941	4.865	222
CA	0.112	-1.614	4.624	222
C	-0.929	-0.608	4.139	222
N	-1.594	-0.918	3.026	223
CA	-2.831	-0.241	2.637	223
C	-3.966	-0.943	3.379	223
N	-4.642	-0.204	4.249	224
CA	-5.687	-0.691	5.159	224
C	-6.944	0.148	4.996	224
N	-8.087	-0.337	5.478	225
CA	-9.286	0.509	5.533	225
C	-9.065	1.735	6.416	225
N	-9.73	2.84	6.072	226
CA	-9.698	4.078	6.853	226
C	-10.082	3.786	8.313	226
N	-9.14	4.017	9.229	227
CA	-9.26	3.615	10.631	227
C	-10.32	4.425	11.35	227
N	-10.422	5.717	11.038	228
CA	-11.46	6.583	11.595	228
C	-12.839	6.08	11.175	228
N	-13.015	5.732	9.901	229
CA	-14.26	5.137	9.405	229
C	-14.602	3.828	10.138	229
N	-13.625	2.936	10.345	230
CA	-13.83	1.678	11.087	230
C	-14.276	1.942	12.532	230
N	-13.661	2.901	13.226	231
CA	-14.044	3.233	14.602	231
C	-15.428	3.887	14.673	231
N	-15.776	4.751	13.717	232
CA	-17.11	5.358	13.62	232
C	-18.2	4.296	13.408	232
N	-17.956	3.313	12.536	233
CA	-18.867	2.181	12.331	233
C	-19.018	1.325	13.596	233
N	-17.912	1.024	14.293	234
CA	-17.953	0.281	15.565	234
C	-18.755	1.018	16.633	234
N	-18.574	2.333	16.758	235
CA	-19.345	3.153	17.7	235
C	-20.832	3.114	17.352	235
N	-21.192	3.261	16.075	236
CA	-22.588	3.218	15.649	236
C	-23.256	1.873	15.991	236
N	-22.557	0.751	15.796	237
CA	-23.078	-0.573	16.158	237
C	-23.209	-0.753	17.678	237
N	-22.209	-0.327	18.458	238
CA	-22.266	-0.369	19.926	238
C	-23.405	0.506	20.479	238
N	-23.642	1.674	19.877	239
CA	-24.757	2.554	20.236	239
C	-26.117	1.948	19.88	239
N	-26.205	1.19	18.781	240
CA	-27.419	0.45	18.425	240
C	-27.73	-0.637	19.453	240
N	-26.724	-1.4	19.883	241
CA	-26.882	-2.418	20.932	241
C	-27.385	-1.807	22.248	241
N	-26.833	-0.657	22.65	242
CA	-27.304	0.101	23.819	242
C	-28.765	0.562	23.717	242
N	-29.265	0.83	22.509	243
CA	-30.635	1.294	22.296	243
C	-31.654	0.145	22.205	243
N	-31.215	-1.046	21.788	244
CA	-32.051	-2.249	21.691	244
C	-32.205	-2.967	23.044	244
N	-31.263	-2.792	23.975	245
CA	-31.399	-3.313	25.336	245
C	-32.4	-2.482	26.152	245
N	-33.547	-3.084	26.488	246
CA	-34.448	-2.507	27.486	246
C	-33.721	-2.385	28.834	246
N	-33.971	-1.315	29.614	247
CA	-33.336	-1.11	30.908	247
C	-33.815	-2.176	31.904	247
N	-33.18	-3.345	31.872	248
CA	-33.328	-4.38	32.881	248
C	-32.373	-4.051	34.022	248
N	-32.941	-3.655	35.162	249
CA	-32.252	-3.263	36.402	249
C	-31.637	-4.489	37.12	249
N	-30.853	-5.263	36.372	250
CA	-30.142	-6.459	36.821	250
C	-28.645	-6.175	36.818	250
N	-27.904	-6.739	37.775	251
CA	-26.443	-6.561	37.856	251
C	-25.728	-6.948	36.547	251
N	-26.252	-7.948	35.826	252
CA	-25.727	-8.357	34.52	252
C	-25.948	-7.289	33.442	252
N	-27.154	-6.715	33.355	253
CA	-27.459	-5.622	32.426	253
C	-26.585	-4.393	32.683	253
N	-26.414	-4.009	33.952	254
CA	-25.54	-2.893	34.325	254
C	-24.063	-3.151	33.97	254
N	-23.563	-4.378	34.172	255
CA	-22.195	-4.745	33.782	255
C	-21.999	-4.669	32.267	255
N	-22.94	-5.201	31.486	256
CA	-22.879	-5.181	30.023	256
C	-22.933	-3.751	29.478	256
N	-23.86	-2.933	29.978	257
CA	-23.996	-1.526	29.604	257
C	-22.705	-0.739	29.882	257
N	-22.066	-0.979	31.033	258
CA	-20.781	-0.355	31.374	258
C	-19.639	-0.78	30.437	258
N	-19.625	-2.046	30.001	259
CA	-18.625	-2.564	29.075	259
C	-18.783	-1.937	27.683	259
N	-20.022	-1.82	27.19	260
CA	-20.302	-1.165	25.907	260
C	-19.903	0.315	25.969	260
N	-20.26	1.03	27.042	261
CA	-19.851	2.427	27.227	261
C	-18.325	2.597	27.266	261
N	-17.606	1.678	27.918	262
CA	-16.14	1.678	27.936	262
C	-15.552	1.484	26.534	262
N	-16.103	0.558	25.746	263
CA	-15.634	0.304	24.383	263
C	-15.967	1.474	23.438	263
N	-17.115	2.142	23.61	264
CA	-17.443	3.387	22.889	264
C	-16.422	4.48	23.208	264
N	-16.113	4.705	24.49	265
CA	-15.131	5.708	24.903	265
C	-13.731	5.415	24.334	265
N	-13.323	4.142	24.323	266
CA	-12.069	3.694	23.708	266
C	-12.031	3.98	22.205	266
N	-13.081	3.641	21.453	267
CA	-13.126	3.935	20.016	267
C	-13.139	5.45	19.745	267
N	-13.776	6.25	20.606	268
CA	-13.763	7.709	20.487	268
C	-12.354	8.291	20.683	268
N	-11.598	7.765	21.651	269
CA	-10.193	8.127	21.86	269
C	-9.336	7.768	20.635	269
N	-9.533	6.578	20.055	270
CA	-8.825	6.155	18.84	270
C	-9.141	7.056	17.632	270
N	-10.379	7.547	17.505	271
CA	-10.737	8.546	16.483	271
C	-9.954	9.845	16.695	271
N	-9.83	10.315	17.936	272
CA	-9.08	11.535	18.24	272
C	-7.59	11.39	17.89	272
N	-6.994	10.235	18.197	273
CA	-5.624	9.893	17.804	273
C	-5.443	9.903	16.277	273
N	-6.362	9.285	15.527	274
CA	-6.344	9.28	14.057	274
C	-6.495	10.691	13.469	274
N	-7.391	11.513	14.021	275
CA	-7.552	12.915	13.604	275
C	-6.265	13.703	13.85	275
N	-5.609	13.491	14.99	276
CA	-4.347	14.153	15.299	276
C	-3.207	13.668	14.394	276
N	-3.2	12.382	14.026	277
CA	-2.265	11.809	13.052	277
C	-2.417	12.454	11.675	277
N	-3.643	12.571	11.165	278
CA	-3.918	13.234	9.884	278
C	-3.521	14.718	9.893	278
N	-3.762	15.432	11.002	279
CA	-3.286	16.818	11.166	279
C	-1.762	16.901	11.079	279
N	-1.047	15.98	11.734	280
CA	0.419	15.906	11.682	280
C	0.914	15.645	10.259	280
N	0.331	14.69	9.532	281
CA	0.69	14.428	8.131	281
C	0.524	15.658	7.242	281
N	-0.563	16.419	7.419	282
CA	-0.77	17.667	6.674	282
C	0.333	18.693	6.952	282
N	0.728	18.863	8.216	283
CA	1.813	19.778	8.607	283
C	3.151	19.313	8.029	283
N	3.453	18.021	8.112	284
CA	4.687	17.473	7.554	284
C	4.746	17.634	6.04	284
N	3.632	17.439	5.336	285
CA	3.574	17.654	3.896	285
C	3.836	19.124	3.519	285
N	3.319	20.08	4.304	286
CA	3.642	21.507	4.129	286
C	5.149	21.737	4.292	286
N	5.782	21.121	5.299	287
CA	7.236	21.214	5.512	287
C	8.02	20.585	4.356	287
N	7.628	19.395	3.883	288
CA	8.287	18.674	2.774	288
C	8.273	19.47	1.463	288
N	7.188	20.204	1.199	289
CA	7.034	21.042	-0.002	289
C	7.616	22.449	0.145	289
N	8.052	22.862	1.334	290
CA	8.499	24.236	1.536	290
C	9.901	24.468	0.954	290
N	10.077	25.56	0.205	291
CA	11.397	25.988	-0.247	291
C	12.141	26.715	0.882	291
N	13.081	26.024	1.525	292
CA	13.898	26.593	2.599	292
C	15.053	27.481	2.114	292
N	15.336	27.569	0.807	293
CA	16.476	28.345	0.303	293
C	16.418	29.83	0.717	293
N	15.298	30.567	0.559	294
CA	15.223	31.957	1.015	294
C	15.469	32.101	2.521	294
N	14.931	31.177	3.323	295
CA	15.15	31.157	4.769	295
C	16.628	30.933	5.118	295
N	17.289	29.982	4.451	296
CA	18.716	29.7	4.647	296
C	19.557	30.925	4.275	296
N	19.256	31.581	3.153	297
CA	19.983	32.777	2.723	297
C	19.849	33.92	3.734	297
N	18.645	34.163	4.256	298
CA	18.432	35.223	5.245	298
C	19.064	34.885	6.601	298
N	19.057	33.607	6.998	299
CA	19.768	33.14	8.187	299
C	21.274	33.409	8.067	299
N	21.886	33.046	6.935	300
CA	23.314	33.269	6.692	300
C	23.663	34.759	6.692	300
N	22.834	35.583	6.045	301
CA	22.992	37.039	6.024	301
C	22.902	37.634	7.43	301
N	21.89	37.246	8.205	302
CA	21.703	37.707	9.59	302
C	22.9	37.333	10.468	302
N	23.402	36.097	10.363	303
CA	24.584	35.656	11.112	303
C	25.848	36.432	10.722	303
N	26.0	36.779	9.442	304
CA	27.123	37.576	8.961	304
C	27.064	39.014	9.497	304
N	25.891	39.651	9.451	305
CA	25.672	41.013	9.962	305
C	25.985	41.13	11.462	305
N	25.66	40.101	12.248	306
CA	25.936	40.059	13.69	306
C	27.33	39.503	14.041	306
N	28.21	39.325	13.046	307
CA	29.562	38.764	13.197	307
C	29.6	37.382	13.885	307
N	28.49	36.639	13.854	308
CA	28.381	35.301	14.446	308
C	28.76	34.195	13.458	308
N	28.726	34.475	12.15	309
CA	28.95	33.453	11.128	309
C	30.364	32.853	11.184	309
N	31.412	33.685	11.197	310
CA	32.809	33.212	11.199	310
C	33.132	32.38	12.455	310
N	32.814	32.832	13.69	311
CA	33.021	32.017	14.889	311
C	32.301	30.662	14.846	311
N	31.075	30.617	14.308	312
CA	30.316	29.37	14.188	312
C	30.948	28.401	13.181	312
N	31.463	28.913	12.061	313
CA	32.173	28.11	11.053	313
C	33.477	27.547	11.623	313
N	34.25	28.352	12.352	314
CA	35.48	27.9	13.015	314
C	35.189	26.809	14.05	314
N	34.178	27.017	14.902	315
CA	33.717	26.016	15.873	315
C	33.281	24.706	15.207	315
N	32.632	24.772	14.044	316
CA	32.261	23.58	13.284	316
C	33.498	22.846	12.732	316
N	34.504	23.591	12.26	317
CA	35.776	23.048	11.763	317
C	36.585	22.366	12.869	317
N	36.636	22.952	14.063	318
CA	37.275	22.339	15.236	318
C	36.64	20.992	15.592	318
N	35.301	20.928	15.637	319
CA	34.575	19.669	15.867	319
C	34.893	18.618	14.806	319
N	34.962	19.014	13.534	320
CA	35.309	18.096	12.45	320
C	36.733	17.541	12.608	320
N	37.701	18.39	12.96	321
CA	39.085	17.973	13.186	321
C	39.211	17.032	14.391	321
N	38.506	17.324	15.488	322
CA	38.468	16.457	16.663	322
C	37.9	15.069	16.33	322
N	36.844	15.015	15.508	323
CA	36.239	13.754	15.063	323
C	37.197	12.932	14.191	323
N	37.881	13.566	13.231	324
CA	38.903	12.896	12.402	324
C	40.049	12.321	13.238	324
N	40.537	13.067	14.229	325
CA	41.618	12.602	15.097	325
C	41.224	11.396	15.974	325
N	39.933	11.225	16.285	326
CA	39.419	10.037	16.977	326
C	39.303	8.822	16.051	326
N	38.946	9.011	14.779	327
CA	38.84	7.921	13.791	327
C	40.207	7.374	13.339	327
N	41.297	8.114	13.576	328
CA	42.663	7.708	13.177	328
C	43.452	7.039	14.316	328
N	42.838	6.838	15.489	329
CA	43.425	6.131	16.639	329
C	42.825	4.743	16.787	329
