ATOM	X	Y	Z	RESIDUE
N	12.437	-21.038	8.686	1
CA	12.237	-21.515	7.304	1
C	13.404	-21.031	6.468	1
N	14.279	-21.956	6.098	2
CA	15.457	-21.74	5.264	2
C	15.061	-21.741	3.786	2
N	15.354	-20.656	3.07	3
CA	15.68	-20.709	1.641	3
C	14.556	-20.852	0.611	3
N	13.271	-20.838	0.975	4
CA	12.23	-20.67	-0.05	4
C	12.36	-19.277	-0.668	4
N	12.496	-19.241	-1.991	5
CA	12.708	-18.038	-2.781	5
C	11.476	-17.126	-2.614	5
N	11.525	-16.193	-1.65	6
CA	10.414	-15.298	-1.285	6
C	10.232	-14.234	-2.363	6
N	9.654	-14.613	-3.491	7
CA	9.37	-13.723	-4.603	7
C	7.938	-13.938	-5.1	7
N	7.306	-12.857	-5.54	8
CA	5.972	-12.85	-6.153	8
C	6.036	-12.138	-7.498	8
N	5.03	-12.333	-8.345	9
CA	4.855	-11.471	-9.521	9
C	4.604	-10.037	-9.024	9
N	5.286	-9.008	-9.554	10
CA	5.01	-7.626	-9.18	10
C	3.582	-7.24	-9.584	10
N	2.853	-6.618	-8.659	11
CA	1.487	-6.137	-8.902	11
C	1.528	-4.993	-9.925	11
N	0.633	-5.03	-10.914	12
CA	0.457	-3.954	-11.894	12
C	-0.07	-2.67	-11.231	12
N	0.391	-1.502	-11.697	13
CA	-0.107	-0.194	-11.247	13
C	-1.486	0.101	-11.81	13
N	-2.476	-0.613	-11.296	14
CA	-3.831	-0.603	-11.801	14
C	-4.811	-0.412	-10.629	14
N	-5.678	0.62	-10.668	15
CA	-6.651	0.875	-9.611	15
C	-7.54	-0.327	-9.287	15
N	-7.97	-1.096	-10.291	16
CA	-8.828	-2.27	-10.107	16
C	-8.081	-3.384	-9.362	16
N	-6.817	-3.63	-9.72	17
CA	-5.98	-4.64	-9.054	17
C	-5.726	-4.253	-7.595	17
N	-5.358	-2.993	-7.342	18
CA	-5.136	-2.476	-5.989	18
C	-6.412	-2.511	-5.145	18
N	-7.543	-2.085	-5.708	19
CA	-8.856	-2.095	-5.045	19
C	-9.279	-3.515	-4.688	19
N	-9.215	-4.443	-5.646	20
CA	-9.559	-5.843	-5.415	20
C	-8.685	-6.485	-4.332	20
N	-7.379	-6.209	-4.315	21
CA	-6.507	-6.725	-3.26	21
C	-6.82	-6.064	-1.909	21
N	-7.02	-4.747	-1.881	22
CA	-7.355	-4.028	-0.661	22
C	-8.662	-4.536	-0.032	22
N	-9.7	-4.816	-0.829	23
CA	-10.94	-5.427	-0.337	23
C	-10.717	-6.817	0.26	23
N	-9.857	-7.651	-0.343	24
CA	-9.49	-8.961	0.234	24
C	-8.753	-8.835	1.571	24
N	-8.068	-7.715	1.809	25
CA	-7.457	-7.375	3.102	25
C	-8.423	-6.678	4.072	25
N	-9.656	-6.421	3.637	26
CA	-10.716	-5.838	4.445	26
C	-10.91	-4.34	4.286	26
N	-10.459	-3.712	3.199	27
CA	-10.928	-2.368	2.856	27
C	-12.45	-2.401	2.651	27
N	-13.165	-1.492	3.314	28
CA	-14.609	-1.307	3.146	28
C	-14.98	-0.947	1.705	28
N	-16.131	-1.424	1.234	29
CA	-16.571	-1.241	-0.158	29
C	-16.855	0.222	-0.545	29
N	-17.049	1.123	0.424	30
CA	-17.197	2.562	0.169	30
C	-15.871	3.259	-0.18	30
N	-14.759	2.525	-0.262	31
CA	-13.427	3.048	-0.561	31
C	-12.76	2.233	-1.661	31
N	-12.025	2.906	-2.538	32
CA	-11.324	2.284	-3.65	32
C	-10.055	3.064	-4.003	32
N	-9.19	2.423	-4.782	33
CA	-8.087	3.094	-5.447	33
C	-8.536	3.701	-6.778	33
N	-7.936	4.827	-7.154	34
CA	-8.133	5.503	-8.439	34
C	-6.81	6.078	-8.956	34
N	-6.722	6.337	-10.258	35
CA	-5.544	6.968	-10.857	35
C	-5.425	8.448	-10.476	35
N	-4.199	8.887	-10.199	36
CA	-3.844	10.3	-10.05	36
C	-2.961	10.689	-11.236	36
N	-3.513	11.475	-12.16	37
CA	-2.796	11.9	-13.369	37
C	-1.893	13.12	-13.161	37
N	-2.155	13.926	-12.131	38
CA	-1.338	15.089	-11.793	38
C	-1.496	15.457	-10.324	38
N	-0.468	16.101	-9.77	39
CA	-0.501	16.728	-8.448	39
C	-0.651	18.253	-8.514	39
N	-0.593	18.849	-9.705	40
CA	-0.521	20.308	-9.883	40
C	-1.607	20.862	-10.79	40
N	-2.103	20.076	-11.749	41
CA	-3.083	20.531	-12.738	41
C	-4.501	20.548	-12.147	41
N	-5.129	21.727	-11.95	42
CA	-6.414	21.82	-11.257	42
C	-7.536	21.03	-11.933	42
N	-7.552	20.985	-13.267	43
CA	-8.572	20.259	-14.032	43
C	-8.488	18.742	-13.815	43
N	-7.274	18.201	-13.645	44
CA	-7.046	16.779	-13.365	44
C	-7.316	16.417	-11.9	44
N	-7.144	17.377	-10.991	45
CA	-7.446	17.205	-9.57	45
C	-8.947	17.322	-9.261	45
N	-9.697	18.08	-10.067	46
CA	-11.089	18.44	-9.791	46
C	-12.064	17.251	-9.773	46
N	-11.736	16.152	-10.456	47
CA	-12.58	14.955	-10.531	47
C	-12.073	13.79	-9.677	47
N	-11.033	13.98	-8.861	48
CA	-10.585	12.917	-7.964	48
C	-11.618	12.69	-6.849	48
N	-11.908	11.435	-6.469	49
CA	-12.661	11.146	-5.258	49
C	-11.976	11.729	-4.021	49
N	-12.721	12.516	-3.236	50
CA	-12.22	13.192	-2.028	50
C	-12.999	12.736	-0.792	50
N	-12.351	12.586	0.376	51
CA	-10.941	12.885	0.643	51
C	-9.978	11.767	0.203	51
N	-8.78	12.144	-0.248	52
CA	-7.663	11.23	-0.535	52
C	-6.92	10.897	0.759	52
N	-6.93	9.619	1.139	53
CA	-6.433	9.1	2.425	53
C	-5.024	8.518	2.367	53
N	-4.61	8.065	1.193	54
CA	-3.253	7.621	0.917	54
C	-2.93	7.863	-0.557	54
N	-1.654	8.08	-0.863	55
CA	-1.151	8.167	-2.238	55
C	-0.043	7.136	-2.391	55
N	-0.171	6.243	-3.361	56
CA	0.85	5.262	-3.722	56
C	1.577	5.77	-4.961	56
N	2.904	5.863	-4.896	57
CA	3.762	6.229	-6.023	57
C	4.513	4.992	-6.511	57
N	4.426	4.717	-7.809	58
CA	5.339	3.848	-8.542	58
C	6.398	4.703	-9.234	58
N	7.665	4.334	-9.082	59
CA	8.784	5.049	-9.691	59
C	9.965	4.109	-9.981	59
N	10.867	4.47	-10.908	60
CA	12.08	3.712	-11.169	60
C	13.111	3.907	-10.049	60
N	13.798	2.827	-9.692	61
CA	14.864	2.807	-8.7	61
C	16.136	3.288	-9.383	61
N	16.6	4.462	-8.977	62
CA	17.856	5.022	-9.46	62
C	18.92	4.844	-8.369	62
N	20.183	4.637	-8.753	63
CA	21.289	4.481	-7.79	63
C	21.464	5.729	-6.906	63
N	21.115	6.907	-7.432	64
CA	21.14	8.194	-6.733	64
C	19.909	8.428	-5.84	64
N	19.485	7.41	-5.077	65
CA	18.64	7.652	-3.899	65
C	19.465	8.449	-2.892	65
N	19.523	9.776	-3.059	66
CA	19.969	10.689	-2.007	66
C	19.14	10.327	-0.789	66
N	19.788	9.754	0.223	67
CA	19.154	9.419	1.488	67
C	18.514	10.697	2.011	67
N	17.203	10.825	1.843	68
CA	16.467	11.986	2.306	68
C	16.578	11.962	3.819	68
N	17.278	12.945	4.374	69
CA	17.37	13.099	5.819	69
C	15.962	13.379	6.321	69
N	15.408	12.481	7.141	70
CA	14.103	12.713	7.759	70
C	14.112	14.065	8.449	70
N	13.039	14.839	8.299	71
CA	12.889	16.006	9.154	71
C	12.88	15.557	10.619	71
N	13.348	16.426	11.512	72
CA	13.394	16.1	12.929	72
C	11.959	15.941	13.446	72
N	11.627	14.742	13.922	73
CA	10.316	14.449	14.5	73
C	10.197	15.212	15.824	73
N	9.231	16.125	15.912	74
CA	8.999	16.966	17.099	74
C	7.875	16.451	18.002	74
N	7.094	15.474	17.539	75
CA	5.939	14.894	18.236	75
C	5.933	13.368	18.152	75
N	5.224	12.718	19.077	76
CA	4.968	11.278	18.986	76
C	3.937	11.039	17.889	76
N	4.279	10.205	16.914	77
CA	3.378	9.774	15.853	77
C	3.261	8.256	15.899	77
N	2.056	7.746	15.666	78
CA	1.748	6.317	15.739	78
C	1.706	5.675	14.343	78
N	2.57	6.147	13.441	79
CA	2.663	5.66	12.059	79
C	3.072	4.194	12.02	79
N	2.279	3.401	11.31	80
CA	2.514	1.984	11.077	80
C	3.388	1.78	9.844	80
N	4.497	1.069	10.029	81
CA	5.443	0.757	8.969	81
C	5.801	-0.73	8.948	81
N	5.615	-1.361	7.791	82
CA	6.04	-2.728	7.492	82
C	7.377	-2.763	6.751	82
N	8.31	-3.607	7.21	83
CA	9.538	-3.931	6.472	83
C	9.227	-4.911	5.347	83
N	9.683	-4.599	4.141	84
CA	9.591	-5.51	3.012	84
C	10.575	-6.676	3.163	84
N	10.051	-7.902	3.197	85
CA	10.83	-9.146	3.311	85
C	10.627	-10.116	2.141	85
N	9.752	-9.765	1.193	86
CA	9.449	-10.541	-0.018	86
C	9.829	-9.725	-1.259	86
N	10.633	-10.316	-2.15	87
CA	11.034	-9.722	-3.433	87
C	9.789	-9.461	-4.288	87
N	9.761	-8.316	-4.972	88
CA	8.684	-7.876	-5.873	88
C	7.304	-7.646	-5.219	88
N	7.172	-7.83	-3.903	89
CA	5.921	-7.596	-3.183	89
C	5.688	-6.123	-2.784	89
N	6.465	-5.155	-3.291	90
CA	6.382	-3.751	-2.855	90
C	4.972	-3.154	-3.016	90
N	4.21	-3.564	-4.039	91
CA	2.802	-3.176	-4.194	91
C	1.917	-3.647	-3.032	91
N	2.104	-4.883	-2.546	92
CA	1.398	-5.372	-1.355	92
C	1.796	-4.564	-0.114	92
N	3.085	-4.263	0.065	93
CA	3.525	-3.43	1.19	93
C	2.947	-2.014	1.123	93
N	2.796	-1.44	-0.073	94
CA	2.133	-0.154	-0.249	94
C	0.65	-0.199	0.167	94
N	-0.061	-1.287	-0.149	95
CA	-1.434	-1.51	0.334	95
C	-1.457	-1.697	1.86	95
N	-0.535	-2.474	2.431	96
CA	-0.465	-2.642	3.886	96
C	-0.196	-1.309	4.595	96
N	0.707	-0.482	4.065	97
CA	0.991	0.856	4.583	97
C	-0.219	1.788	4.481	97
N	-0.904	1.834	3.336	98
CA	-2.073	2.703	3.147	98
C	-3.211	2.335	4.103	98
N	-3.534	1.044	4.209	99
CA	-4.666	0.543	4.978	99
C	-4.402	0.602	6.482	99
N	-3.206	0.207	6.92	100
CA	-2.884	0.149	8.352	100
C	-2.761	1.527	8.999	100
N	-2.492	2.577	8.218	101
CA	-2.521	3.968	8.691	101
C	-3.89	4.639	8.473	101
N	-4.861	3.922	7.905	102
CA	-6.237	4.373	7.717	102
C	-7.224	3.325	8.266	102
N	-6.99	2.829	9.488	103
CA	-7.723	1.681	10.057	103
C	-9.239	1.895	10.179	103
N	-9.714	3.143	10.217	104
CA	-11.153	3.451	10.199	104
C	-11.853	3.005	8.906	104
N	-11.083	2.779	7.839	105
CA	-11.543	2.299	6.538	105
C	-11.569	0.768	6.44	105
N	-11.085	0.054	7.46	106
CA	-11.102	-1.404	7.492	106
C	-12.421	-1.94	8.049	106
N	-12.876	-3.048	7.477	107
CA	-13.956	-3.869	8.006	107
C	-13.519	-4.505	9.333	107
N	-14.272	-4.31	10.431	108
CA	-13.962	-4.958	11.695	108
C	-13.945	-6.483	11.555	108
N	-12.875	-7.113	12.03	109
CA	-12.685	-8.557	11.958	109
C	-12.075	-9.055	10.649	109
N	-11.663	-8.168	9.737	110
CA	-10.85	-8.557	8.582	110
C	-9.477	-9.092	9.0	110
N	-8.782	-9.772	8.087	111
CA	-7.464	-10.345	8.377	111
C	-6.446	-9.279	8.794	111
N	-6.43	-8.123	8.116	112
CA	-5.538	-7.022	8.477	112
C	-5.945	-6.367	9.804	112
N	-7.241	-6.14	10.041	113
CA	-7.735	-5.577	11.306	113
C	-7.385	-6.485	12.5	113
N	-7.615	-7.794	12.365	114
CA	-7.254	-8.782	13.379	114
C	-5.741	-8.855	13.591	114
N	-4.95	-8.815	12.512	115
CA	-3.497	-8.78	12.62	115
C	-3.055	-7.561	13.432	115
N	-3.463	-6.345	13.059	116
CA	-3.064	-5.114	13.753	116
C	-3.453	-5.126	15.24	116
N	-4.672	-5.57	15.573	117
CA	-5.129	-5.725	16.967	117
C	-4.341	-6.775	17.743	117
N	-3.962	-7.882	17.107	118
CA	-3.134	-8.9	17.767	118
C	-1.747	-8.373	18.138	118
N	-1.278	-7.343	17.426	119
CA	0.04	-6.768	17.64	119
C	0.034	-5.586	18.618	119
N	-1.112	-4.945	18.88	120
CA	-1.184	-3.822	19.831	120
C	-0.858	-4.223	21.274	120
N	-1.076	-5.492	21.631	121
CA	-0.758	-6.038	22.959	121
C	0.682	-6.553	23.063	121
N	1.33	-6.793	21.924	122
CA	2.732	-7.181	21.891	122
C	3.601	-5.936	21.875	122
N	4.693	-5.964	22.633	123
CA	5.754	-4.949	22.623	123
C	6.498	-4.856	21.265	123
N	5.862	-5.19	20.133	124
CA	6.385	-4.944	18.792	124
C	6.661	-3.45	18.679	124
N	7.946	-3.136	18.69	125
CA	8.498	-1.813	18.905	125
C	7.875	-0.765	17.981	125
N	7.165	0.208	18.564	126
CA	6.855	1.516	17.953	126
C	6.151	1.454	16.585	126
N	5.17	0.566	16.404	127
CA	4.442	0.418	15.132	127
C	5.361	0.094	13.933	127
N	6.502	-0.56	14.205	128
CA	7.419	-1.099	13.196	128
C	7.279	-2.616	13.136	128
N	6.72	-3.094	12.035	129
CA	6.472	-4.502	11.756	129
C	7.629	-5.076	10.934	129
N	8.653	-5.579	11.625	130
CA	9.883	-6.1	11.02	130
C	10.338	-7.459	11.582	130
N	9.401	-8.186	12.19	131
CA	9.611	-9.449	12.887	131
C	9.074	-10.682	12.133	131
N	9.287	-11.855	12.736	132
CA	8.885	-13.145	12.16	132
C	7.363	-13.293	12.094	132
N	6.623	-12.734	13.053	133
CA	5.153	-12.802	13.083	133
C	4.566	-12.057	11.888	133
N	5.081	-10.857	11.624	134
CA	4.744	-10.046	10.452	134
C	5.078	-10.779	9.157	134
N	6.277	-11.363	9.061	135
CA	6.679	-12.146	7.889	135
C	5.701	-13.297	7.607	135
N	5.242	-14.01	8.642	136
CA	4.266	-15.09	8.471	136
C	2.902	-14.57	8.01	136
N	2.432	-13.445	8.557	137
CA	1.194	-12.81	8.104	137
C	1.259	-12.451	6.614	137
N	2.326	-11.771	6.181	138
CA	2.499	-11.383	4.773	138
C	2.567	-12.608	3.858	138
N	3.264	-13.673	4.264	139
CA	3.326	-14.911	3.481	139
C	1.959	-15.6	3.357	139
N	1.132	-15.573	4.405	140
CA	-0.232	-16.101	4.347	140
C	-1.106	-15.276	3.399	140
N	-1.058	-13.943	3.51	141
CA	-1.734	-13.029	2.578	141
C	-1.335	-13.336	1.136	141
N	-0.037	-13.486	0.856	142
CA	0.456	-13.819	-0.486	142
C	-0.121	-15.149	-0.968	142
N	-0.058	-16.185	-0.127	143
CA	-0.521	-17.532	-0.466	143
C	-2.013	-17.556	-0.797	143
N	-2.826	-16.845	-0.026	144
CA	-4.282	-16.785	-0.204	144
C	-4.691	-15.921	-1.404	144
N	-3.82	-14.999	-1.822	145
CA	-4.09	-14.019	-2.87	145
C	-3.194	-14.178	-4.105	145
N	-2.607	-15.362	-4.324	146
CA	-1.596	-15.579	-5.378	146
C	-2.084	-15.152	-6.769	146
N	-3.379	-15.335	-7.049	147
CA	-3.989	-14.974	-8.331	147
C	-4.007	-13.459	-8.568	147
N	-4.126	-12.645	-7.512	148
CA	-4.163	-11.176	-7.623	148
C	-2.836	-10.606	-8.13	148
N	-1.714	-11.283	-7.873	149
CA	-0.41	-10.847	-8.382	149
C	-0.271	-11.013	-9.901	149
N	-1.144	-11.799	-10.536	150
CA	-1.143	-12.045	-11.983	150
C	-2.357	-11.442	-12.697	150
N	-3.155	-10.616	-12.011	151
CA	-4.219	-9.824	-12.645	151
C	-3.677	-8.493	-13.148	151
N	-4.318	-7.94	-14.17	152
CA	-3.911	-6.694	-14.805	152
C	-4.267	-6.709	-16.283	152
N	-3.848	-5.667	-16.986	153
CA	-4.014	-5.54	-18.433	153
C	-2.75	-5.946	-19.202	153
N	-1.613	-6.05	-18.514	154
CA	-0.326	-6.46	-19.071	154
C	-0.019	-7.941	-18.826	154
N	0.928	-8.483	-19.595	155
CA	1.472	-9.813	-19.329	155
C	2.376	-9.762	-18.09	155
N	2.029	-10.561	-17.082	156
CA	2.784	-10.674	-15.845	156
C	4.203	-11.223	-16.1	156
N	5.269	-10.562	-15.611	157
CA	6.611	-11.117	-15.696	157
C	6.777	-12.298	-14.73	157
N	7.875	-13.035	-14.885	158
CA	8.268	-14.071	-13.929	158
C	8.414	-13.499	-12.511	158
N	7.984	-14.254	-11.497	159
CA	8.032	-13.81	-10.1	159
C	9.447	-13.421	-9.633	159
N	10.483	-14.028	-10.217	160
CA	11.885	-13.75	-9.885	160
C	12.523	-12.654	-10.731	160
N	11.823	-12.111	-11.735	161
CA	12.35	-11.072	-12.614	161
C	12.853	-9.875	-11.798	161
N	13.982	-9.315	-12.219	162
CA	14.458	-8.056	-11.667	162
C	13.618	-6.931	-12.267	162
N	12.904	-6.221	-11.399	163
CA	12.179	-5.002	-11.75	163
C	12.981	-3.797	-11.286	163
N	13.046	-2.775	-12.135	164
CA	13.581	-1.473	-11.766	164
C	12.513	-0.579	-11.126	164
N	11.247	-0.993	-11.034	165
CA	10.175	-0.173	-10.468	165
C	9.931	-0.488	-8.987	165
N	9.508	0.522	-8.226	166
CA	9.252	0.405	-6.794	166
C	8.058	1.231	-6.33	166
N	7.293	0.669	-5.394	167
CA	6.167	1.341	-4.757	167
C	6.535	1.924	-3.394	167
N	6.055	3.137	-3.128	168
CA	6.023	3.764	-1.799	168
C	4.649	4.369	-1.537	168
N	4.334	4.612	-0.267	169
CA	3.043	5.181	0.14	169
C	3.227	6.453	0.943	169
N	2.433	7.471	0.644	170
CA	2.278	8.66	1.463	170
C	1.002	8.561	2.293	170
N	1.085	8.972	3.556	171
CA	-0.047	9.054	4.492	171
C	0.082	10.294	5.374	171
N	-1.044	10.743	5.92	172
CA	-1.087	11.736	6.991	172
C	-1.444	11.045	8.306	172
N	-0.686	11.332	9.361	173
CA	-0.921	10.8	10.7	173
C	-0.719	11.906	11.734	173
N	-1.766	12.199	12.512	174
CA	-1.747	13.195	13.592	174
C	-1.113	14.553	13.197	174
N	-1.422	15.039	11.99	175
CA	-0.914	16.307	11.46	175
C	0.533	16.259	10.952	175
N	1.087	15.066	10.735	176
CA	2.381	14.843	10.101	176
C	2.234	14.089	8.783	176
N	3.031	14.457	7.78	177
CA	3.081	13.771	6.484	177
C	4.257	12.8	6.463	177
N	3.988	11.566	6.041	178
CA	4.961	10.48	6.032	178
C	5.062	9.815	4.669	178
N	6.283	9.431	4.314	179
CA	6.603	8.515	3.225	179
C	6.972	7.147	3.814	179
N	6.331	6.1	3.311	180
CA	6.467	4.725	3.764	180
C	7.052	3.887	2.627	180
N	8.311	3.486	2.801	181
CA	9.022	2.559	1.921	181
C	9.407	1.317	2.727	181
N	8.89	0.144	2.355	182
CA	9.222	-1.11	3.036	182
C	10.699	-1.504	2.913	182
N	11.424	-0.969	1.925	183
CA	12.87	-1.166	1.748	183
C	13.712	-0.166	2.541	183
N	13.124	0.915	3.059	184
CA	13.844	1.877	3.889	184
C	13.973	1.361	5.328	184
N	15.122	0.767	5.657	185
CA	15.36	0.161	6.974	185
C	15.391	1.17	8.136	185
N	15.478	2.472	7.849	186
CA	15.319	3.522	8.861	186
C	13.87	3.651	9.353	186
N	12.897	3.098	8.619	187
CA	11.472	3.144	8.94	187
C	10.729	4.25	8.177	187
N	9.603	4.756	8.717	188
CA	8.826	5.809	8.073	188
C	9.645	7.1	7.959	188
N	9.598	7.735	6.791	189
CA	10.256	9.008	6.534	189
C	9.276	10.149	6.822	189
N	9.536	10.914	7.88	190
CA	8.776	12.126	8.179	190
C	9.159	13.256	7.215	190
N	8.181	13.73	6.44	191
CA	8.355	14.805	5.462	191
C	8.134	16.19	6.064	191
N	7.345	16.292	7.133	192
CA	7.032	17.557	7.788	192
C	5.604	17.609	8.319	192
N	5.263	18.741	8.932	193
CA	3.923	18.992	9.465	193
C	2.949	19.229	8.312	193
N	1.754	18.652	8.393	194
CA	0.706	18.887	7.406	194
C	0.265	20.352	7.408	194
N	-0.1	20.853	6.23	195
CA	-0.77	22.139	6.097	195
C	-2.201	21.994	6.643	195
N	-2.575	22.712	7.721	196
CA	-3.914	22.622	8.297	196
C	-5.009	23.224	7.402	196
N	-4.648	23.932	6.326	197
CA	-5.597	24.479	5.347	197
C	-5.907	23.51	4.207	197
N	-5.056	22.503	3.989	198
CA	-5.307	21.438	3.031	198
C	-6.437	20.528	3.533	198
N	-7.343	20.163	2.63	199
CA	-8.528	19.36	2.96	199
C	-8.227	17.867	3.094	199
N	-7.15	17.394	2.466	200
CA	-6.662	16.017	2.516	200
C	-5.224	15.903	1.964	200
N	-4.773	14.669	1.709	201
CA	-3.394	14.37	1.341	201
C	-2.973	14.903	-0.044	201
N	-3.889	15.025	-1.016	202
CA	-3.54	15.47	-2.383	202
C	-3.218	16.976	-2.444	202
N	-3.681	17.731	-1.449	203
CA	-3.414	19.164	-1.298	203
C	-2.129	19.469	-0.524	203
N	-1.499	18.463	0.084	204
CA	-0.276	18.653	0.858	204
C	0.91	18.967	-0.064	204
N	1.412	20.206	-0.008	205
CA	2.588	20.652	-0.774	205
C	3.798	19.734	-0.547	205
N	3.976	19.24	0.684	206
CA	5.038	18.296	1.037	206
C	5.028	17.042	0.154	206
N	3.848	16.497	-0.164	207
CA	3.727	15.333	-1.054	207
C	4.107	15.727	-2.48	207
N	3.629	16.878	-2.969	208
CA	3.912	17.364	-4.333	208
C	5.398	17.593	-4.566	208
N	6.047	18.329	-3.664	209
CA	7.49	18.602	-3.712	209
C	8.276	17.297	-3.637	209
N	7.837	16.355	-2.795	210
CA	8.525	15.077	-2.654	210
C	8.412	14.21	-3.906	210
N	7.228	14.099	-4.5	211
CA	7.025	13.38	-5.766	211
C	7.8	14.044	-6.905	211
N	7.759	15.376	-7.013	212
CA	8.548	16.118	-7.995	212
C	10.048	15.821	-7.853	212
N	10.564	15.715	-6.621	213
CA	11.968	15.346	-6.4	213
C	12.324	13.964	-6.962	213
N	11.402	12.995	-6.964	214
CA	11.651	11.699	-7.602	214
C	11.698	11.823	-9.13	214
N	10.799	12.617	-9.713	215
CA	10.746	12.86	-11.159	215
C	11.962	13.655	-11.662	215
N	12.425	14.656	-10.91	216
CA	13.596	15.48	-11.255	216
C	14.921	14.709	-11.206	216
N	15.009	13.666	-10.375	217
CA	16.186	12.795	-10.297	217
C	16.056	11.552	-11.201	217
N	15.025	11.481	-12.051	218
CA	14.884	10.43	-13.05	218
C	15.876	10.626	-14.202	218
N	16.493	9.533	-14.653	219
CA	17.265	9.542	-15.894	219
C	16.314	9.747	-17.085	219
N	16.807	10.273	-18.211	220
CA	15.972	10.577	-19.391	220
C	15.13	9.381	-19.873	220
N	15.669	8.162	-19.78	221
CA	14.983	6.92	-20.172	221
C	13.797	6.558	-19.259	221
N	13.772	7.105	-18.044	222
CA	12.881	6.724	-16.949	222
C	11.889	7.829	-16.554	222
N	12.001	9.027	-17.141	223
CA	11.146	10.196	-16.847	223
C	9.648	9.897	-16.986	223
N	9.269	8.95	-17.848	224
CA	7.87	8.573	-18.079	224
C	7.41	7.356	-17.26	224
N	8.3	6.709	-16.505	225
CA	8.012	5.465	-15.784	225
C	7.463	5.719	-14.37	225
N	6.521	6.654	-14.257	226
CA	5.867	7.019	-13.004	226
C	4.367	6.766	-13.087	226
N	3.793	6.265	-11.999	227
CA	2.348	6.15	-11.845	227
C	1.953	6.476	-10.406	227
N	0.752	7.015	-10.221	228
CA	0.222	7.324	-8.898	228
C	-1.203	6.818	-8.756	228
N	-1.474	6.199	-7.612	229
CA	-2.803	5.76	-7.21	229
C	-3.204	6.49	-5.926	229
N	-4.44	6.966	-5.847	230
CA	-5.03	7.538	-4.638	230
C	-6.019	6.571	-4.005	230
N	-6.075	6.515	-2.673	231
CA	-7.138	5.835	-1.924	231
C	-8.182	6.866	-1.485	231
N	-9.44	6.699	-1.881	232
CA	-10.537	7.6	-1.508	232
C	-11.907	6.944	-1.683	232
N	-13.011	7.707	-1.596	233
CA	-14.35	7.135	-1.68	233
C	-14.606	6.44	-3.017	233
N	-15.282	5.299	-2.97	234
CA	-15.755	4.598	-4.151	234
C	-16.991	5.321	-4.721	234
N	-16.996	5.592	-6.027	235
CA	-18.096	6.27	-6.729	235
C	-18.979	5.32	-7.546	235
N	-18.647	4.027	-7.58	236
CA	-19.465	2.991	-8.224	236
C	-20.667	2.541	-7.38	236
