ATOM	X	Y	Z	RESIDUE
N	10.446	-0.152	7.505	1
CA	9.893	0.454	8.701	1
C	9.258	-0.712	9.459	1
N	8.364	-0.38	10.379	2
CA	7.734	-1.384	11.221	2
C	6.686	-2.171	10.436	2
N	6.408	-3.378	10.919	3
CA	5.407	-4.196	10.292	3
C	5.072	-5.372	11.174	3
N	4.856	-6.535	10.561	4
CA	4.471	-7.726	11.304	4
C	5.301	-8.93	10.898	4
N	6.424	-8.706	10.223	5
CA	7.322	-9.777	9.85	5
C	8.267	-10.146	10.976	5
N	9.16	-11.017	10.583	6
CA	10.156	-11.558	11.426	6
C	11.141	-10.554	11.963	6
N	11.441	-9.565	11.169	7
CA	12.465	-8.562	11.418	7
C	11.899	-7.203	11.804	7
N	10.585	-7.0	11.667	8
CA	10.016	-5.693	11.962	8
C	8.718	-5.808	12.75	8
N	8.431	-6.98	13.316	9
CA	7.173	-7.21	13.985	9
C	7.12	-6.57	15.353	9
N	6.019	-6.836	16.056	10
CA	5.757	-6.163	17.341	10
C	6.887	-6.213	18.351	10
N	7.673	-7.29	18.381	11
CA	8.757	-7.367	19.349	11
C	9.893	-6.396	19.038	11
N	9.905	-5.814	17.832	12
CA	10.928	-4.862	17.413	12
C	10.503	-3.412	17.572	12
N	9.21	-3.153	17.777	13
CA	8.692	-1.793	17.658	13
C	9.302	-0.852	18.68	13
N	9.673	-1.362	19.857	14
CA	10.171	-0.494	20.915	14
C	11.44	0.234	20.504	14
N	12.167	-0.287	19.511	15
CA	13.432	0.327	19.119	15
C	13.228	1.662	18.419	15
N	12.107	1.842	17.726	16
CA	11.749	3.137	17.164	16
C	10.648	3.85	17.922	16
N	9.877	3.137	18.736	17
CA	8.724	3.695	19.44	17
C	8.831	3.226	20.882	17
N	9.694	3.859	21.68	18
CA	9.937	3.362	23.041	18
C	8.703	3.318	23.927	18
N	7.634	4.038	23.578	19
CA	6.392	3.951	24.333	19
C	5.779	2.558	24.239	19
N	6.294	1.716	23.339	20
CA	5.855	0.321	23.256	20
C	5.96	-0.4	24.59	20
N	6.875	0.035	25.459	21
CA	7.046	-0.529	26.789	21
C	6.39	0.334	27.859	21
N	5.422	1.161	27.471	22
CA	4.815	2.125	28.363	22
C	3.842	1.513	29.357	22
N	3.156	2.403	30.071	23
CA	2.327	2.019	31.203	23
C	0.877	1.747	30.836	23
N	0.44	2.104	29.634	24
CA	-0.948	1.87	29.228	24
C	-1.003	1.411	27.77	24
N	-0.265	0.343	27.459	25
CA	-0.206	-0.193	26.105	25
C	-1.334	-1.182	25.844	25
N	-1.731	-1.242	24.582	26
CA	-2.792	-2.11	24.096	26
C	-2.26	-2.974	22.958	26
N	-2.891	-4.131	22.709	27
CA	-4.06	-4.677	23.402	27
C	-3.664	-5.345	24.716	27
N	-4.657	-5.908	25.409	28
CA	-4.449	-6.647	26.645	28
C	-5.323	-7.888	26.622	28
N	-4.974	-8.84	27.477	29
CA	-5.892	-9.931	27.742	29
C	-6.965	-9.437	28.696	29
N	-8.22	-9.73	28.368	30
CA	-9.352	-9.373	29.209	30
C	-9.645	-10.61	30.05	30
N	-9.223	-10.579	31.309	31
CA	-9.55	-11.659	32.234	31
C	-10.953	-11.384	32.754	31
N	-11.93	-12.163	32.28	32
CA	-13.326	-11.811	32.526	32
C	-13.681	-11.939	33.992	32
N	-12.966	-12.784	34.724	33
CA	-13.301	-12.962	36.127	33
C	-12.752	-11.84	37.004	33
N	-11.64	-11.208	36.614	34
CA	-11.085	-10.103	37.389	34
C	-11.504	-8.729	36.878	34
N	-12.195	-8.648	35.747	35
CA	-12.813	-7.385	35.369	35
C	-13.866	-7.04	36.413	35
N	-13.976	-5.763	36.759	36
CA	-14.943	-5.345	37.768	36
C	-16.181	-4.728	37.124	36
N	-17.348	-5.283	37.446	37
CA	-18.586	-4.63	37.051	37
C	-18.703	-3.254	37.693	37
N	-19.037	-2.261	36.874	38
CA	-19.179	-0.876	37.321	38
C	-20.607	-0.442	37.016	38
N	-21.51	-0.434	38.004	39
CA	-22.897	-0.016	37.726	39
C	-23.021	1.433	37.319	39
N	-21.993	2.246	37.556	40
CA	-22.038	3.638	37.143	40
C	-21.706	3.817	35.671	40
N	-21.272	2.757	34.989	41
CA	-21.094	2.828	33.546	41
C	-22.45	2.885	32.863	41
N	-22.518	3.821	31.947	42
CA	-23.684	4.064	31.12	42
C	-23.68	3.209	29.887	42
N	-24.852	2.889	29.387	43
CA	-24.849	2.205	28.099	43
C	-24.183	3.044	27.016	43
N	-23.531	2.359	26.075	44
CA	-22.964	3.042	24.918	44
C	-24.069	3.661	24.082	44
N	-23.792	4.834	23.532	45
CA	-24.658	5.501	22.566	45
C	-23.915	5.502	21.239	45
N	-24.378	4.689	20.304	46
CA	-23.798	4.591	18.975	46
C	-24.789	5.259	18.032	46
N	-24.404	6.386	17.444	47
CA	-25.288	7.126	16.549	47
C	-24.649	7.125	15.17	47
N	-24.924	6.083	14.387	48
CA	-24.328	5.93	13.063	48
C	-25.308	6.162	11.914	48
N	-26.536	6.612	12.197	49
CA	-27.543	6.743	11.141	49
C	-27.115	7.688	10.021	49
N	-26.342	8.727	10.331	50
CA	-25.928	9.708	9.337	50
C	-24.491	9.509	8.871	50
N	-23.911	8.339	9.109	51
CA	-22.522	8.123	8.728	51
C	-22.335	8.287	7.222	51
N	-21.196	8.862	6.849	52
CA	-20.822	9.07	5.455	52
C	-19.471	8.412	5.229	52
N	-19.469	7.179	4.737	53
CA	-18.204	6.582	4.334	53
C	-17.755	7.221	3.025	53
N	-16.445	7.289	2.834	54
CA	-15.902	7.958	1.659	54
C	-15.051	7.044	0.8	54
N	-14.17	6.265	1.411	55
CA	-13.224	5.513	0.609	55
C	-12.644	4.416	1.482	55
N	-11.981	3.481	0.828	56
CA	-11.312	2.386	1.509	56
C	-9.864	2.387	1.035	56
N	-8.931	2.2	1.968	57
CA	-7.51	2.389	1.703	57
C	-6.72	1.221	2.27	57
N	-5.855	0.625	1.449	58
CA	-4.816	-0.286	1.93	58
C	-3.61	0.571	2.297	58
N	-3.299	0.648	3.59	59
CA	-2.192	1.477	4.06	59
C	-0.918	0.686	4.315	59
N	-0.889	-0.591	3.931	60
CA	0.268	-1.429	4.121	60
C	0.287	-2.198	5.42	60
N	-0.647	-1.928	6.332	61
CA	-0.727	-2.656	7.597	61
C	-2.128	-3.22	7.799	61
N	-3.136	-2.557	7.241	62
CA	-4.517	-3.03	7.243	62
C	-5.236	-2.294	6.118	62
N	-6.562	-2.406	6.073	63
CA	-7.348	-1.516	5.228	63
C	-8.289	-0.693	6.095	63
N	-8.38	0.596	5.793	64
CA	-9.232	1.504	6.545	64
C	-10.401	1.928	5.674	64
N	-11.611	1.788	6.202	65
CA	-12.789	2.436	5.629	65
C	-12.909	3.782	6.322	65
N	-12.811	4.854	5.545	66
CA	-12.683	6.202	6.079	66
C	-14.018	6.91	5.972	66
N	-14.291	7.767	6.955	67
CA	-15.548	8.491	6.998	67
C	-15.321	9.996	6.989	67
N	-16.359	10.722	6.569	68
CA	-16.38	12.169	6.726	68
C	-16.539	12.481	8.207	68
N	-15.5	13.03	8.816	69
CA	-15.525	13.364	10.228	69
C	-15.469	14.872	10.426	69
N	-15.983	15.623	9.452	70
CA	-16.005	17.078	9.535	70
C	-17.285	17.599	10.171	70
N	-18.19	16.704	10.559	71
CA	-19.416	17.021	11.276	71
C	-19.751	15.845	12.176	71
N	-20.679	16.063	13.111	72
CA	-21.133	15.003	14.02	72
C	-22.132	14.075	13.318	72
N	-21.631	13.343	12.324	73
CA	-22.482	12.453	11.537	73
C	-22.56	11.035	12.09	73
N	-21.445	10.516	12.588	74
CA	-21.388	9.172	13.153	74
C	-20.605	9.318	14.445	74
N	-21.285	9.209	15.58	75
CA	-20.661	9.546	16.855	75
C	-20.896	8.454	17.886	75
N	-19.953	8.365	18.811	76
CA	-20.021	7.471	19.951	76
C	-20.043	8.34	21.199	76
N	-20.958	8.041	22.113	77
CA	-21.091	8.788	23.353	77
C	-21.484	7.81	24.447	77
N	-21.571	8.324	25.671	78
CA	-22.0	7.473	26.76	78
C	-20.916	6.479	27.123	78
N	-21.333	5.337	27.656	79
CA	-20.375	4.381	28.146	79
C	-19.478	5.028	29.179	79
N	-18.167	4.813	29.066	80
CA	-17.232	5.482	29.972	80
C	-16.86	6.884	29.529	80
N	-17.396	7.351	28.41	81
CA	-16.876	8.542	27.759	81
C	-17.557	9.789	28.286	81
N	-16.783	10.863	28.34	82
CA	-17.301	12.204	28.542	82
C	-17.239	12.902	27.193	82
N	-18.357	13.458	26.764	83
CA	-18.388	14.166	25.504	83
C	-18.661	13.253	24.323	83
N	-18.324	13.763	23.142	84
CA	-18.744	13.183	21.875	84
C	-17.513	12.786	21.085	84
N	-17.514	11.601	20.537	85
CA	-16.383	11.133	19.754	85
C	-16.859	10.809	18.333	85
N	-16.177	11.315	17.326	86
CA	-16.576	11.163	15.93	86
C	-15.844	10.013	15.276	86
N	-16.595	9.194	14.548	87
CA	-15.995	8.114	13.785	87
C	-15.168	8.671	12.634	87
N	-13.905	8.259	12.565	88
CA	-13.02	8.634	11.473	88
C	-12.745	7.468	10.53	88
N	-12.593	6.262	11.066	89
CA	-12.329	5.119	10.212	89
C	-12.588	3.854	10.997	89
N	-12.784	2.756	10.268	90
CA	-12.656	1.44	10.875	90
C	-11.699	0.58	10.061	90
N	-11.164	-0.441	10.725	91
CA	-10.256	-1.38	10.09	91
C	-10.317	-2.655	10.904	91
N	-9.614	-3.68	10.421	92
CA	-9.577	-4.94	11.13	92
C	-8.139	-5.394	11.321	92
N	-7.979	-6.354	12.234	93
CA	-6.753	-7.126	12.393	93
C	-7.173	-8.58	12.297	93
N	-6.393	-9.397	11.588	94
CA	-6.814	-10.78	11.382	94
C	-5.609	-11.7	11.279	94
N	-5.898	-12.995	11.292	95
CA	-4.873	-14.012	11.326	95
C	-4.65	-14.699	9.986	95
N	-3.605	-15.522	9.965	96
CA	-3.383	-16.451	8.87	96
C	-4.231	-17.712	8.998	96
N	-4.832	-17.926	10.166	97
CA	-5.631	-19.091	10.502	97
C	-6.797	-18.589	11.334	97
N	-7.906	-19.32	11.312	98
CA	-9.067	-18.898	12.092	98
C	-8.777	-18.876	13.589	98
N	-7.778	-19.638	14.056	99
CA	-7.46	-19.695	15.47	99
C	-6.735	-18.499	16.059	99
N	-6.487	-17.448	15.281	100
CA	-5.758	-16.296	15.793	100
C	-6.093	-15.117	14.898	100
N	-5.764	-13.92	15.375	101
CA	-6.072	-12.749	14.581	101
C	-6.518	-11.566	15.408	101
N	-7.226	-11.804	16.512	102
CA	-7.621	-10.69	17.356	102
C	-6.41	-10.146	18.112	102
N	-6.524	-8.887	18.512	103
CA	-5.515	-8.219	19.328	103
C	-5.835	-8.38	20.804	103
N	-7.02	-7.941	21.207	104
CA	-7.478	-8.306	22.534	104
C	-7.787	-9.785	22.57	104
N	-7.617	-10.356	23.754	105
CA	-8.012	-11.726	24.012	105
C	-8.958	-11.735	25.2	105
N	-9.757	-12.794	25.287	106
CA	-10.753	-12.941	26.342	106
C	-10.418	-14.228	27.074	106
N	-9.941	-14.105	28.302	107
CA	-9.424	-15.252	29.047	107
C	-8.462	-16.07	28.194	107
N	-7.573	-15.362	27.501	108
CA	-6.527	-15.884	26.618	108
C	-7.057	-16.397	25.286	108
N	-8.37	-16.418	25.08	109
CA	-8.921	-16.843	23.8	109
C	-8.665	-15.789	22.729	109
N	-8.122	-16.231	21.6	110
CA	-7.947	-15.401	20.413	110
C	-9.114	-15.617	19.462	110
N	-9.632	-14.553	18.9	111
CA	-10.636	-14.642	17.892	111
C	-9.992	-14.565	16.497	111
N	-10.74	-14.884	15.456	112
CA	-10.219	-14.886	14.094	112
C	-9.853	-13.486	13.611	112
N	-10.521	-12.458	14.123	113
CA	-10.222	-11.1	13.706	113
C	-10.806	-10.158	14.743	113
N	-10.464	-8.886	14.599	114
CA	-10.996	-7.871	15.486	114
C	-11.208	-6.598	14.685	114
N	-12.419	-6.061	14.784	115
CA	-12.793	-4.804	14.16	115
C	-12.554	-3.662	15.132	115
N	-11.913	-2.605	14.642	116
CA	-11.708	-1.373	15.405	116
C	-12.403	-0.215	14.71	116
N	-13.43	0.332	15.366	117
CA	-14.122	1.55	14.928	117
C	-13.501	2.698	15.708	117
N	-12.781	3.568	15.01	118
CA	-11.904	4.56	15.63	118
C	-12.628	5.89	15.677	118
N	-12.681	6.495	16.872	119
CA	-13.373	7.765	17.054	119
C	-12.473	8.728	17.81	119
N	-12.602	10.022	17.514	120
CA	-11.804	11.028	18.206	120
C	-12.685	12.039	18.928	120
N	-12.165	12.529	20.052	121
CA	-12.917	13.398	20.949	121
C	-13.045	14.786	20.32	121
N	-14.284	15.225	20.075	122
CA	-14.48	16.466	19.326	122
C	-13.941	17.696	20.044	122
N	-13.699	17.618	21.354	123
CA	-13.159	18.789	22.024	123
C	-11.741	19.118	21.569	123
N	-11.077	18.21	20.848	124
CA	-9.724	18.426	20.348	124
C	-9.678	18.798	18.872	124
N	-10.828	18.926	18.217	125
CA	-10.864	19.587	16.925	125
C	-10.517	18.729	15.727	125
N	-9.515	17.859	15.851	126
CA	-9.263	16.882	14.798	126
C	-8.482	15.697	15.35	126
N	-8.359	14.67	14.508	127
CA	-7.723	13.429	14.924	127
C	-6.268	13.656	15.314	127
N	-5.553	14.498	14.555	128
CA	-4.148	14.729	14.843	128
C	-3.895	15.326	16.209	128
N	-4.754	16.236	16.652	129
CA	-4.583	16.743	18.005	129
C	-5.075	15.749	19.035	129
N	-6.158	15.033	18.715	130
CA	-6.736	14.098	19.668	130
C	-5.743	13.015	20.068	130
N	-4.932	12.515	19.124	131
CA	-4.004	11.44	19.476	131
C	-2.917	11.888	20.434	131
N	-2.759	13.192	20.633	132
CA	-1.787	13.713	21.578	132
C	-2.368	13.853	22.977	132
N	-3.598	13.388	23.188	133
CA	-4.271	13.609	24.453	133
C	-4.614	12.275	25.103	133
N	-4.568	12.2	26.436	134
CA	-4.841	10.916	27.101	134
C	-6.266	10.44	26.936	134
N	-7.208	11.34	26.676	135
CA	-8.599	11.0	26.382	135
C	-8.99	11.398	24.958	135
N	-8.052	11.285	24.018	136
CA	-8.31	11.769	22.674	136
C	-9.126	10.84	21.802	136
N	-8.972	9.521	21.972	137
CA	-9.655	8.566	21.12	137
C	-10.53	7.625	21.927	137
N	-11.537	7.096	21.239	138
CA	-12.328	5.991	21.754	138
C	-12.387	4.983	20.627	138
N	-11.841	3.794	20.86	139
CA	-11.891	2.742	19.85	139
C	-12.861	1.675	20.328	139
N	-13.87	1.414	19.511	140
CA	-14.82	0.342	19.766	140
C	-14.287	-0.919	19.093	140
N	-13.969	-1.927	19.904	141
CA	-13.403	-3.174	19.412	141
C	-14.45	-4.272	19.431	141
N	-14.557	-4.986	18.312	142
CA	-15.566	-6.022	18.139	142
C	-14.873	-7.273	17.618	142
N	-15.073	-8.396	18.305	143
CA	-14.425	-9.632	17.89	143
C	-15.196	-10.272	16.744	143
N	-14.451	-10.918	15.845	144
CA	-15.02	-11.723	14.767	144
C	-14.677	-13.185	15.003	144
N	-15.697	-14.021	15.003	145
CA	-15.507	-15.459	14.956	145
C	-16.038	-15.993	13.632	145
N	-15.504	-17.136	13.227	146
CA	-15.891	-17.755	11.962	146
C	-17.104	-18.647	12.186	146
N	-18.17	-18.371	11.44	147
CA	-19.381	-19.159	11.479	147
C	-20.273	-18.734	10.335	147
N	-21.466	-18.229	10.642	148
CA	-22.338	-17.74	9.583	148
C	-21.807	-16.419	9.039	148
N	-22.152	-16.133	7.784	149
CA	-21.723	-14.887	7.167	149
C	-22.343	-13.683	7.868	149
N	-21.639	-12.547	7.778	150
CA	-22.154	-11.267	8.234	150
C	-22.538	-10.492	6.985	150
N	-23.825	-10.346	6.671	151
CA	-24.192	-9.703	5.396	151
C	-23.67	-8.286	5.288	151
N	-23.656	-7.564	6.405	152
CA	-23.183	-6.195	6.409	152
C	-21.704	-6.042	6.158	152
N	-20.947	-7.128	6.204	153
CA	-19.533	-7.072	5.868	153
C	-19.27	-7.289	4.389	153
N	-20.255	-7.795	3.638	154
CA	-19.935	-8.284	2.306	154
C	-19.485	-7.172	1.374	154
N	-20.038	-5.96	1.517	155
CA	-19.613	-4.876	0.637	155
C	-18.146	-4.526	0.847	155
N	-17.658	-4.673	2.078	156
CA	-16.235	-4.508	2.353	156
C	-15.437	-5.587	1.642	156
N	-15.841	-6.846	1.836	157
CA	-15.132	-7.987	1.264	157
C	-15.029	-7.862	-0.25	157
N	-16.1	-7.406	-0.898	158
CA	-16.109	-7.412	-2.353	158
C	-15.227	-6.338	-2.967	158
N	-14.92	-5.264	-2.234	159
CA	-14.076	-4.215	-2.799	159
C	-12.588	-4.493	-2.605	159
N	-12.217	-5.506	-1.808	160
CA	-10.812	-5.685	-1.458	160
C	-9.951	-6.006	-2.671	160
N	-10.536	-6.619	-3.706	161
CA	-9.783	-6.874	-4.933	161
C	-9.271	-5.588	-5.572	161
N	-9.932	-4.458	-5.325	162
CA	-9.505	-3.201	-5.922	162
C	-8.441	-2.484	-5.101	162
N	-8.141	-2.958	-3.891	163
CA	-7.105	-2.348	-3.054	163
C	-6.131	-3.41	-2.552	163
N	-5.689	-4.282	-3.456	164
CA	-4.897	-5.424	-3.018	164
C	-3.588	-5.009	-2.367	164
N	-2.965	-3.932	-2.839	165
CA	-1.605	-3.61	-2.445	165
C	-1.528	-2.258	-1.752	165
N	-0.426	-2.073	-1.028	166
CA	-0.202	-0.872	-0.226	166
C	-0.324	0.4	-1.052	166
N	-1.104	1.353	-0.535	167
CA	-1.276	2.632	-1.184	167
C	-2.478	2.728	-2.095	167
N	-3.128	1.611	-2.406	168
CA	-4.313	1.654	-3.243	168
C	-5.54	2.07	-2.446	168
N	-6.34	2.942	-3.05	169
CA	-7.591	3.395	-2.471	169
C	-8.715	3.222	-3.483	169
N	-9.931	3.147	-2.954	170
CA	-11.121	3.024	-3.778	170
C	-12.265	3.796	-3.138	170
N	-13.1	4.406	-3.978	171
CA	-14.313	5.047	-3.515	171
C	-15.119	4.007	-2.769	171
N	-15.706	4.426	-1.655	172
CA	-16.431	3.462	-0.848	172
C	-17.49	4.264	-0.091	172
N	-18.539	4.645	-0.809	173
CA	-19.588	5.486	-0.249	173
C	-20.771	4.648	0.216	173
N	-21.565	5.237	1.107	174
CA	-22.859	4.699	1.504	174
C	-22.738	3.381	2.248	174
N	-21.605	3.11	2.878	175
CA	-21.496	1.917	3.694	175
C	-22.032	2.216	5.086	175
N	-22.864	1.351	5.597	176
CA	-23.436	1.523	6.903	176
C	-22.703	0.678	7.973	176
N	-21.891	1.308	8.827	177
CA	-21.189	0.525	9.854	177
C	-22.122	-0.149	10.857	177
N	-23.405	0.226	10.923	178
CA	-24.311	-0.488	11.833	178
C	-24.474	-1.948	11.442	178
N	-24.212	-2.295	10.179	179
CA	-24.25	-3.692	9.767	179
C	-23.122	-4.547	10.314	179
N	-22.179	-3.955	11.043	180
CA	-21.066	-4.692	11.622	180
C	-21.202	-4.887	13.123	180
N	-22.306	-4.434	13.725	181
CA	-22.434	-4.47	15.173	181
C	-23.112	-5.76	15.61	181
N	-22.758	-6.289	16.772	182
CA	-23.494	-7.428	17.326	182
C	-24.811	-6.93	17.912	182
N	-25.617	-7.872	18.394	183
CA	-26.898	-7.514	18.995	183
C	-26.723	-6.712	20.285	183
N	-25.834	-7.153	21.167	184
CA	-25.655	-6.536	22.473	184
C	-24.517	-5.531	22.427	184
N	-24.674	-4.435	23.172	185
CA	-23.603	-3.462	23.354	185
C	-22.951	-3.544	24.736	185
N	-23.096	-4.672	25.44	186
CA	-22.332	-4.897	26.661	186
C	-20.84	-4.856	26.343	186
N	-20.05	-4.273	27.249	187
CA	-18.662	-3.995	26.904	187
C	-17.752	-4.079	28.128	187
N	-16.459	-4.229	27.85	188
CA	-15.4	-3.962	28.804	188
C	-14.716	-2.668	28.391	188
N	-14.132	-1.972	29.363	189
CA	-13.424	-0.744	29.036	189
C	-12.172	-0.586	29.888	189
N	-11.118	-0.007	29.315	190
CA	-9.88	0.272	30.012	190
C	-9.1	1.332	29.235	190
N	-8.2	2.039	29.899	191
CA	-7.374	3.033	29.2	191
C	-6.172	2.384	28.538	191
N	-5.93	2.662	27.264	192
CA	-4.831	2.035	26.537	192
C	-4.257	2.903	25.463	192
N	-3.83	2.277	24.369	193
CA	-3.017	2.932	23.356	193
C	-3.477	2.508	21.97	193
N	-2.979	3.213	20.959	194
CA	-2.976	2.666	19.609	194
C	-2.22	1.345	19.632	194
N	-2.684	0.37	18.847	195
CA	-1.992	-0.911	18.807	195
C	-0.998	-1.01	17.665	195
N	-0.792	0.057	16.902	196
CA	0.276	0.128	15.92	196
C	1.083	1.372	16.227	196
N	2.361	1.404	15.819	197
CA	3.132	2.645	15.912	197
C	2.292	3.787	15.331	197
N	2.301	4.962	15.98	198
CA	3.184	5.358	17.085	198
C	2.795	4.925	18.506	198
N	1.799	4.05	18.654	199
CA	1.509	3.421	19.947	199
C	1.134	4.44	21.018	199
N	0.561	5.563	20.594	200
CA	0.284	6.658	21.513	200
C	-0.765	6.263	22.545	200
N	-0.572	6.726	23.773	201
CA	-1.409	6.326	24.898	201
C	-2.593	7.284	25.048	201
N	-3.493	7.19	24.062	202
CA	-4.57	8.155	23.885	202
C	-5.953	7.528	23.78	202
N	-6.099	6.228	24.032	203
CA	-7.308	5.496	23.672	203
C	-8.066	5.071	24.922	203
N	-9.349	5.413	24.977	204
CA	-10.289	4.704	25.838	204
C	-10.803	3.516	25.041	204
N	-10.387	2.317	25.435	205
CA	-10.836	1.112	24.752	205
C	-12.2	0.672	25.239	205
N	-13.076	0.365	24.292	206
CA	-14.399	-0.164	24.589	206
C	-14.53	-1.436	23.762	206
N	-14.465	-2.592	24.42	207
CA	-14.437	-3.87	23.717	207
C	-15.765	-4.568	23.987	207
N	-16.512	-4.871	22.926	208
CA	-17.805	-5.52	23.097	208
C	-17.649	-6.984	23.5	208
N	-18.513	-7.417	24.423	209
CA	-18.519	-8.81	24.87	209
C	-18.933	-9.763	23.757	209
N	-19.909	-9.368	22.947	210
CA	-20.497	-10.281	21.97	210
C	-19.745	-10.173	20.656	210
N	-19.163	-11.251	20.153	211
CA	-18.525	-11.215	18.835	211
C	-19.575	-11.212	17.736	211
N	-19.17	-10.747	16.576	212
CA	-19.957	-10.986	15.374	212
C	-19.42	-12.24	14.707	212
N	-20.274	-12.93	13.965	213
CA	-19.811	-14.077	13.202	213
C	-19.716	-13.705	11.73	213
N	-18.623	-14.13	11.1	214
CA	-18.389	-13.905	9.685	214
C	-18.097	-15.272	9.083	214
N	-18.275	-15.389	7.771	215
CA	-18.047	-16.701	7.179	215
C	-16.562	-16.927	6.915	215
N	-16.199	-18.202	6.791	216
CA	-14.837	-18.544	6.401	216
C	-14.441	-17.874	5.086	216
N	-15.365	-17.797	4.117	217
CA	-15.045	-17.142	2.847	217
C	-14.775	-15.655	3.034	217
N	-15.51	-15.008	3.941	218
CA	-15.287	-13.587	4.176	218
C	-13.896	-13.336	4.732	218
N	-13.483	-14.12	5.731	219
CA	-12.165	-13.863	6.306	219
C	-11.058	-14.327	5.363	219
N	-11.304	-15.37	4.567	220
CA	-10.332	-15.756	3.541	220
C	-10.018	-14.605	2.602	220
N	-11.016	-13.786	2.284	221
CA	-10.754	-12.68	1.378	221
C	-9.877	-11.609	2.014	221
N	-9.967	-11.41	3.341	222
CA	-8.989	-10.56	4.025	222
C	-7.57	-11.042	3.763	222
N	-7.361	-12.348	3.793	223
CA	-6.021	-12.921	3.702	223
C	-5.436	-12.87	2.301	223
N	-6.177	-12.39	1.313	224
CA	-5.653	-12.236	-0.035	224
C	-5.019	-10.877	-0.265	224
N	-5.181	-9.953	0.674	225
CA	-4.552	-8.648	0.588	225
C	-3.038	-8.771	0.742	225
N	-2.337	-7.698	0.376	226
CA	-0.88	-7.657	0.409	226
C	-0.394	-6.526	1.299	226
N	0.646	-6.8	2.091	227
CA	1.333	-5.73	2.811	227
C	2.122	-4.842	1.867	227
N	2.657	-5.419	0.802	228
CA	3.567	-4.739	-0.105	228
C	2.816	-3.862	-1.103	228
N	3.564	-2.955	-1.738	229
CA	3.028	-2.231	-2.868	229
C	3.031	-3.062	-4.136	229
N	2.262	-2.599	-5.12	230
CA	2.243	-3.245	-6.422	230
C	3.645	-3.23	-7.017	230
N	4.034	-4.341	-7.634	231
CA	5.351	-4.446	-8.22	231
C	6.453	-4.796	-7.248	231
N	6.157	-4.88	-5.964	232
CA	7.084	-5.346	-4.955	232
C	6.803	-6.808	-4.657	232
N	7.732	-7.512	-4.01	233
CA	7.487	-8.925	-3.698	233
C	6.24	-9.096	-2.842	233
N	5.441	-10.106	-3.181	234
CA	4.139	-10.27	-2.552	234
C	4.275	-10.906	-1.176	234
N	3.739	-10.233	-0.168	235
CA	3.648	-10.794	1.172	235
C	2.21	-10.632	1.622	235
N	1.549	-11.742	1.914	236
CA	0.138	-11.67	2.252	236
C	-0.07	-10.881	3.534	236
N	-1.089	-10.033	3.521	237
CA	-1.469	-9.268	4.702	237
C	-2.244	-10.213	5.622	237
N	-1.507	-10.89	6.508	238
CA	-2.076	-11.781	7.517	238
C	-1.285	-11.592	8.804	238
N	-1.912	-11.961	9.919	239
CA	-1.3	-11.808	11.239	239
C	-0.829	-10.376	11.496	239
N	-1.695	-9.427	11.159	240
CA	-1.404	-8.012	11.397	240
C	-1.953	-7.556	12.747	240
N	-1.699	-8.364	13.779	241
CA	-2.15	-8.123	15.142	241
C	-0.961	-8.028	16.083	241
N	-1.071	-7.147	17.054	242
CA	-0.107	-7.048	18.136	242
C	-0.568	-7.957	19.267	242
N	0.305	-8.751	19.878	243
CA	-0.125	-9.576	21.006	243
C	-0.425	-8.745	22.245	243
N	-1.082	-9.407	23.196	244
CA	-1.484	-8.77	24.441	244
C	-0.265	-8.264	25.199	244
N	-0.403	-7.081	25.783	245
CA	0.657	-6.387	26.495	245
C	0.349	-6.376	27.984	245
N	1.344	-6.102	28.832	246
CA	1.108	-6.141	30.279	246
C	0.042	-5.142	30.707	246
N	-0.855	-5.598	31.58	247
CA	-1.914	-4.721	32.061	247
C	-1.354	-3.643	32.985	247
N	-0.283	-3.949	33.706	248
CA	0.387	-2.977	34.595	248
C	-0.647	-2.435	35.59	248
N	-0.678	-1.134	35.842	249
CA	-1.538	-0.566	36.878	249
C	-2.893	-0.161	36.296	249
N	-3.609	-1.146	35.744	250
CA	-4.904	-0.889	35.127	250
C	-5.932	-1.919	35.567	250
N	-7.17	-1.485	35.627	251
CA	-8.279	-2.334	35.936	251
C	-9.237	-2.273	34.737	251
N	-9.655	-3.414	34.279	252
CA	-10.656	-3.462	33.231	252
C	-12.02	-3.439	33.903	252
N	-12.904	-2.584	33.41	253
CA	-14.248	-2.483	33.946	253
C	-15.237	-3.091	32.966	253
N	-16.295	-3.692	33.505	254
CA	-17.348	-4.304	32.707	254
C	-18.649	-3.548	32.925	254
N	-19.411	-3.386	31.842	255
CA	-20.708	-2.725	31.902	255
C	-21.806	-3.688	32.3	255
N	-21.46	-4.94	32.426	256
CA	-22.365	-6.024	32.706	256
C	-21.827	-6.989	33.724	256
N	-22.747	-7.798	34.255	257
CA	-22.388	-8.838	35.176	257
C	-22.571	-10.126	34.43	257
