ATOM	X	Y	Z	RESIDUE
N	-26.722	16.393	19.886	1
CA	-28.189	16.579	19.713	1
C	-28.609	16.371	18.255	1
N	-29.338	15.275	17.997	2
CA	-29.824	14.946	16.655	2
C	-31.323	15.133	16.513	2
N	-31.753	15.333	15.271	3
CA	-33.11	15.788	14.985	3
C	-33.7	14.945	13.886	3
N	-34.961	14.569	14.046	4
CA	-35.666	13.799	13.041	4
C	-36.641	14.751	12.401	4
N	-36.789	14.646	11.094	5
CA	-37.729	15.528	10.4	5
C	-38.691	14.698	9.56	5
N	-39.985	14.811	9.847	6
CA	-41.003	14.097	9.082	6
C	-41.69	15.09	8.121	6
N	-41.543	14.868	6.825	7
CA	-42.239	15.726	5.868	7
C	-43.692	15.258	5.622	7
N	-44.663	16.081	6.002	8
CA	-46.068	15.726	5.699	8
C	-46.364	14.252	5.991	8
N	-46.174	13.821	7.256	9
CA	-46.503	12.415	7.551	9
C	-48.018	12.139	7.408	9
N	-48.325	10.881	7.089	10
CA	-49.57	10.468	6.453	10
C	-50.374	9.541	7.386	10
N	-49.686	8.648	8.108	11
CA	-50.322	7.537	8.844	11
C	-50.108	7.66	10.369	11
N	-51.194	7.856	11.125	12
CA	-50.988	8.233	12.535	12
C	-50.077	7.292	13.373	12
N	-50.254	5.946	13.314	13
CA	-49.361	5.143	14.184	13
C	-47.86	5.275	13.852	13
N	-47.473	5.602	12.608	14
CA	-46.041	5.761	12.359	14
C	-45.493	6.925	13.158	14
N	-46.236	8.041	13.169	15
CA	-45.825	9.223	13.885	15
C	-45.864	8.959	15.385	15
N	-46.9	8.275	15.869	16
CA	-46.89	7.849	17.281	16
C	-45.666	7.02	17.683	16
N	-45.329	5.994	16.888	17
CA	-44.09	5.217	17.096	17
C	-42.818	6.046	17.072	17
N	-42.742	7.038	16.18	18
CA	-41.558	7.885	16.04	18
C	-41.458	8.886	17.223	18
N	-42.578	9.363	17.724	19
CA	-42.527	10.118	18.978	19
C	-41.959	9.305	20.141	19
N	-42.476	8.095	20.336	20
CA	-41.854	7.163	21.284	20
C	-40.337	6.973	21.057	20
N	-39.948	6.776	19.814	21
CA	-38.534	6.573	19.482	21
C	-37.671	7.771	19.875	21
N	-38.126	8.982	19.551	22
CA	-37.46	10.208	19.997	22
C	-37.384	10.305	21.528	22
N	-38.404	9.854	22.216	23
CA	-38.37	9.889	23.669	23
C	-37.315	8.905	24.196	23
N	-37.151	7.752	23.55	24
CA	-36.215	6.716	23.998	24
C	-34.746	7.006	23.666	24
N	-34.511	7.901	22.705	25
CA	-33.19	8.159	22.224	25
C	-32.737	9.6	22.531	25
N	-33.604	10.431	23.103	26
CA	-33.256	11.841	23.302	26
C	-33.22	12.724	22.034	26
N	-33.68	12.219	20.883	27
CA	-33.687	13.046	19.646	27
C	-34.9	13.995	19.659	27
N	-34.816	15.113	18.955	28
CA	-35.959	16.026	18.79	28
C	-36.705	15.661	17.528	28
N	-38.005	15.893	17.49	29
CA	-38.81	15.57	16.318	29
C	-39.387	16.837	15.673	29
N	-39.223	16.965	14.353	30
CA	-39.769	18.111	13.621	30
C	-40.77	17.606	12.619	30
N	-41.934	18.238	12.593	31
CA	-42.951	17.788	11.675	31
C	-43.319	18.912	10.7	31
N	-43.224	18.624	9.416	32
CA	-43.535	19.662	8.455	32
C	-44.956	19.519	7.962	32
N	-45.794	20.491	8.314	33
CA	-47.197	20.453	7.948	33
C	-47.338	20.635	6.442	33
N	-48.481	20.212	5.845	34
CA	-49.639	19.626	6.534	34
C	-49.488	18.087	6.716	34
N	-49.97	17.574	7.839	35
CA	-50.03	16.131	8.099	35
C	-51.309	15.55	7.504	35
N	-51.321	14.255	7.177	36
CA	-52.534	13.63	6.648	36
C	-53.569	13.229	7.694	36
N	-53.384	13.667	8.94	37
CA	-54.299	13.299	10.021	37
C	-54.273	14.412	11.061	37
N	-55.244	14.433	11.973	38
CA	-55.287	15.464	13.041	38
C	-54.505	14.979	14.279	38
N	-53.845	15.864	15.014	39
CA	-53.27	15.443	16.31	39
C	-54.265	14.713	17.193	39
N	-55.552	15.009	17.033	40
CA	-56.582	14.438	17.904	40
C	-56.996	13.027	17.529	40
N	-56.478	12.548	16.407	41
CA	-56.794	11.222	15.889	41
C	-56.494	10.118	16.905	41
N	-57.48	9.27	17.193	42
CA	-57.315	8.253	18.243	42
C	-56.178	7.302	17.854	42
N	-56.05	7.013	16.553	43
CA	-54.987	6.143	16.053	43
C	-53.564	6.601	16.442	43
N	-53.392	7.891	16.728	44
CA	-52.079	8.431	17.042	44
C	-51.572	7.968	18.402	44
N	-52.51	7.709	19.31	45
CA	-52.209	7.53	20.729	45
C	-52.441	6.117	21.229	45
N	-52.964	5.26	20.352	46
CA	-52.987	3.819	20.562	46
C	-51.645	3.381	21.141	46
N	-50.589	4.121	20.802	47
CA	-49.244	3.914	21.368	47
C	-49.165	4.0	22.917	47
N	-50.098	4.725	23.54	48
CA	-50.007	5.058	24.971	48
C	-48.909	6.072	25.271	48
N	-48.938	7.203	24.571	49
CA	-47.93	8.264	24.763	49
C	-48.237	9.122	25.987	49
N	-47.193	9.38	26.766	50
CA	-47.239	10.274	27.872	50
C	-47.095	11.694	27.41	50
N	-47.546	12.625	28.262	51
CA	-47.569	14.033	27.928	51
C	-46.165	14.512	27.637	51
N	-45.208	14.007	28.406	52
CA	-43.819	14.49	28.318	52
C	-43.252	14.18	26.949	52
N	-43.782	13.153	26.292	53
CA	-43.177	12.747	25.016	53
C	-43.464	13.794	23.929	53
N	-44.507	14.608	24.118	54
CA	-44.836	15.625	23.126	54
C	-43.999	16.863	23.25	54
N	-43.191	16.963	24.296	55
CA	-42.482	18.23	24.485	55
C	-41.217	18.251	23.647	55
N	-40.9	17.111	23.058	56
CA	-39.785	17.028	22.116	56
C	-40.185	17.434	20.651	56
N	-41.477	17.654	20.399	57
CA	-42.014	17.732	19.039	57
C	-42.224	19.193	18.616	57
N	-41.742	19.581	17.437	58
CA	-42.006	20.945	16.887	58
C	-42.71	20.856	15.525	58
N	-43.81	21.589	15.377	59
CA	-44.598	21.622	14.129	59
C	-44.132	22.823	13.317	59
N	-43.892	22.62	12.025	60
CA	-43.436	23.7	11.147	60
C	-44.454	23.835	10.032	60
N	-44.858	25.07	9.733	61
CA	-45.919	25.329	8.745	61
C	-45.518	24.788	7.36	61
N	-44.233	24.865	7.038	62
CA	-43.751	24.263	5.799	62
C	-42.252	24.217	5.852	62
N	-41.695	23.741	4.762	63
CA	-40.324	23.435	4.703	63
C	-39.429	24.682	4.823	63
N	-39.882	25.809	4.274	64
CA	-39.123	27.047	4.383	64
C	-39.11	27.543	5.818	64
N	-40.275	27.511	6.469	65
CA	-40.38	27.902	7.877	65
C	-39.487	27.017	8.755	65
N	-39.463	25.712	8.485	66
CA	-38.543	24.81	9.201	66
C	-37.095	25.236	9.039	66
N	-36.708	25.523	7.796	67
CA	-35.315	25.955	7.569	67
C	-35.002	27.287	8.282	67
N	-35.968	28.191	8.343	68
CA	-35.755	29.457	9.028	68
C	-35.721	29.321	10.551	68
N	-36.586	28.48	11.122	69
CA	-36.533	28.24	12.572	69
C	-35.288	27.477	12.993	69
N	-34.806	26.541	12.171	70
CA	-33.885	25.501	12.681	70
C	-32.498	25.669	12.127	70
N	-32.433	26.194	10.908	71
CA	-31.154	26.491	10.318	71
C	-30.192	25.319	10.346	71
N	-30.613	24.175	9.799	72
CA	-29.842	22.929	9.927	72
C	-28.471	23.019	9.25	72
N	-27.43	22.676	10.011	73
CA	-26.055	22.628	9.54	73
C	-25.982	21.58	8.448	73
N	-26.34	20.359	8.818	74
CA	-26.427	19.271	7.86	74
C	-27.825	18.648	7.812	74
N	-28.378	18.537	6.618	75
CA	-29.678	17.936	6.472	75
C	-29.533	16.702	5.603	75
N	-29.859	15.53	6.149	76
CA	-29.888	14.294	5.336	76
C	-31.317	13.906	4.926	76
N	-31.463	13.253	3.78	77
CA	-32.783	12.778	3.386	77
C	-32.682	11.327	2.994	77
N	-33.61	10.545	3.533	78
CA	-33.749	9.153	3.137	78
C	-34.589	9.109	1.882	78
N	-34.074	8.429	0.876	79
CA	-34.768	8.311	-0.396	79
C	-34.213	7.048	-0.994	79
N	-35.046	6.306	-1.721	80
CA	-34.593	5.075	-2.381	80
C	-33.703	5.4	-3.608	80
N	-33.845	6.605	-4.149	81
CA	-32.927	7.118	-5.169	81
C	-31.631	7.753	-4.601	81
N	-31.127	7.256	-3.478	82
CA	-29.984	7.894	-2.842	82
C	-28.759	7.024	-2.998	82
N	-27.585	7.645	-2.939	83
CA	-26.346	6.913	-3.199	83
C	-25.757	6.184	-1.995	83
N	-25.238	6.91	-0.972	84
CA	-24.645	6.147	0.138	84
C	-25.695	5.417	1.032	84
N	-25.418	4.165	1.389	85
CA	-26.087	3.496	2.501	85
C	-26.064	4.453	3.677	85
N	-27.118	4.436	4.489	86
CA	-27.168	5.343	5.647	86
C	-26.02	5.082	6.639	86
N	-25.473	3.873	6.648	87
CA	-24.307	3.62	7.5	87
C	-22.92	4.017	6.877	87
N	-22.884	4.387	5.594	88
CA	-21.66	4.87	4.922	88
C	-21.376	6.356	5.162	88
N	-22.183	6.989	5.998	89
CA	-22.098	8.404	6.266	89
C	-21.648	8.564	7.712	89
N	-20.93	9.642	8.021	90
CA	-20.474	9.865	9.389	90
C	-21.293	10.947	10.057	90
N	-22.136	10.555	10.993	91
CA	-23.069	11.493	11.573	91
C	-22.328	12.311	12.618	91
N	-22.887	13.444	13.015	92
CA	-22.272	14.231	14.055	92
C	-23.297	15.138	14.682	92
N	-22.879	15.801	15.754	93
CA	-23.774	16.644	16.524	93
C	-24.566	17.63	15.661	93
N	-25.862	17.75	15.923	94
CA	-26.7	18.707	15.158	94
C	-27.188	18.315	13.754	94
N	-26.875	17.096	13.302	95
CA	-27.436	16.565	12.049	95
C	-28.966	16.451	12.103	95
N	-29.622	16.851	11.019	96
CA	-31.039	16.65	10.879	96
C	-31.253	15.514	9.9	96
N	-32.165	14.603	10.248	97
CA	-32.444	13.432	9.434	97
C	-33.87	13.427	8.934	97
N	-34.035	13.507	7.62	98
CA	-35.323	13.867	7.071	98
C	-35.977	12.713	6.284	98
N	-37.287	12.544	6.504	99
CA	-38.072	11.458	5.88	99
C	-39.36	11.961	5.223	99
N	-39.703	11.341	4.109	100
CA	-40.925	11.676	3.44	100
C	-42.027	10.744	3.898	100
N	-43.258	11.041	3.481	101
CA	-44.432	10.259	3.799	101
C	-44.253	8.8	3.421	101
N	-44.955	7.961	4.149	102
CA	-45.059	6.546	3.864	102
C	-45.243	6.206	2.356	102
N	-46.152	6.892	1.651	103
CA	-46.301	6.698	0.188	103
C	-45.185	7.33	-0.641	103
N	-45.228	8.655	-0.739	104
CA	-44.478	9.391	-1.739	104
C	-42.956	9.456	-1.513	104
N	-42.481	9.362	-0.278	105
CA	-41.177	10.016	0.007	105
C	-41.09	11.46	-0.554	105
N	-39.883	12.013	-0.66	106
CA	-39.759	13.488	-0.693	106
C	-39.855	14.149	-2.087	106
N	-40.509	15.321	-2.174	107
CA	-40.646	16.047	-3.469	107
C	-39.31	16.474	-4.056	107
N	-39.258	16.556	-5.379	108
CA	-38.04	16.963	-6.085	108
C	-37.483	18.311	-5.56	108
N	-38.37	19.244	-5.269	109
CA	-37.949	20.598	-4.871	109
C	-37.212	20.602	-3.536	109
N	-37.53	19.624	-2.695	110
CA	-36.713	19.352	-1.513	110
C	-35.461	18.54	-1.789	110
N	-35.537	17.493	-2.585	111
CA	-34.335	16.676	-2.797	111
C	-33.253	17.398	-3.58	111
N	-33.687	18.244	-4.504	112
CA	-32.747	19.043	-5.284	112
C	-31.998	20.065	-4.417	112
N	-32.583	20.433	-3.271	113
CA	-31.937	21.314	-2.299	113
C	-30.716	20.721	-1.598	113
N	-30.418	19.436	-1.855	114
CA	-29.411	18.653	-1.123	114
C	-28.364	18.109	-2.083	114
N	-27.091	18.143	-1.669	115
CA	-26.035	17.477	-2.413	115
C	-26.229	15.956	-2.424	115
N	-25.641	15.272	-3.405	116
CA	-25.875	13.839	-3.585	116
C	-25.559	13.027	-2.34	116
N	-24.54	13.44	-1.591	117
CA	-24.009	12.583	-0.534	117
C	-24.778	12.829	0.772	117
N	-25.734	13.74	0.727	118
CA	-26.666	13.88	1.819	118
C	-28.013	13.185	1.517	118
N	-28.056	12.396	0.443	119
CA	-29.255	11.643	0.11	119
C	-28.968	10.176	0.286	119
N	-29.468	9.643	1.404	120
CA	-29.072	8.325	1.878	120
C	-30.163	7.299	1.648	120
N	-29.761	6.047	1.701	121
CA	-30.669	4.981	1.404	121
C	-30.407	3.84	2.362	121
N	-31.435	3.038	2.601	122
CA	-31.326	1.898	3.51	122
C	-31.114	0.675	2.635	122
N	-30.028	-0.062	2.853	123
CA	-29.821	-1.135	1.904	123
C	-30.97	-2.133	1.895	123
N	-31.217	-2.677	0.714	124
CA	-32.203	-3.707	0.501	124
C	-31.788	-4.689	-0.568	124
N	-32.349	-5.873	-0.448	125
CA	-32.218	-6.939	-1.406	125
C	-32.892	-6.505	-2.724	125
N	-32.421	-7.023	-3.886	126
CA	-33.104	-6.695	-5.159	126
C	-34.604	-6.984	-5.111	126
N	-35.4	-6.139	-5.76	127
CA	-36.854	-6.325	-5.836	127
C	-37.52	-6.261	-4.472	127
N	-37.093	-5.27	-3.711	128
CA	-37.643	-4.934	-2.426	128
C	-38.97	-4.236	-2.54	128
N	-39.708	-4.214	-1.452	129
CA	-40.932	-3.462	-1.416	129
C	-40.747	-2.351	-0.4	129
N	-41.698	-1.443	-0.272	130
CA	-41.462	-0.322	0.63	130
C	-41.49	-0.747	2.084	130
N	-40.653	-0.074	2.858	131
CA	-40.442	-0.353	4.265	131
C	-41.413	0.509	5.096	131
N	-41.904	-0.016	6.211	132
CA	-42.713	0.794	7.103	132
C	-41.892	2.046	7.544	132
N	-42.509	3.233	7.556	133
CA	-41.762	4.482	7.808	133
C	-41.098	4.562	9.189	133
N	-41.801	4.11	10.21	134
CA	-41.227	4.13	11.522	134
C	-40.157	3.069	11.713	134
N	-40.273	1.943	11.001	135
CA	-39.095	1.051	10.951	135
C	-37.87	1.747	10.332	135
N	-38.063	2.419	9.202	136
CA	-36.963	3.082	8.499	136
C	-36.309	4.157	9.376	136
N	-37.125	4.946	10.068	137
CA	-36.587	6.0	10.918	137
C	-35.795	5.37	12.053	137
N	-36.332	4.316	12.655	138
CA	-35.609	3.603	13.724	138
C	-34.214	3.137	13.313	138
N	-34.103	2.587	12.113	139
CA	-32.839	2.051	11.654	139
C	-31.882	3.217	11.478	139
N	-32.386	4.299	10.896	140
CA	-31.527	5.416	10.546	140
C	-31.038	6.083	11.837	140
N	-31.944	6.259	12.791	141
CA	-31.639	6.871	14.06	141
C	-30.646	6.062	14.897	141
N	-30.9	4.77	15.058	142
CA	-30.032	3.943	15.871	142
C	-28.633	3.791	15.303	142
N	-28.518	3.703	13.992	143
CA	-27.215	3.689	13.371	143
C	-26.447	5.013	13.607	143
N	-27.106	6.149	13.432	144
CA	-26.523	7.433	13.844	144
C	-26.121	7.461	15.315	144
N	-27.044	7.089	16.195	145
CA	-26.817	7.183	17.622	145
C	-25.636	6.276	17.998	145
N	-25.595	5.066	17.444	146
CA	-24.446	4.174	17.58	146
C	-23.146	4.873	17.172	146
N	-23.103	5.442	15.974	147
CA	-21.877	6.098	15.547	147
C	-21.378	7.076	16.606	147
N	-22.297	7.75	17.286	148
CA	-21.937	8.76	18.282	148
C	-21.642	8.133	19.634	148
N	-21.691	6.805	19.713	149
CA	-21.448	6.13	20.978	149
C	-22.616	6.23	21.935	149
N	-23.834	6.351	21.407	150
CA	-25.037	6.397	22.254	150
C	-25.033	7.421	23.402	150
N	-24.533	8.649	23.159	151
CA	-24.602	9.639	24.246	151
C	-26.012	9.761	24.816	151
N	-26.111	9.659	26.136	152
CA	-27.345	9.893	26.869	152
C	-27.997	8.576	27.258	152
N	-27.502	7.471	26.708	153
CA	-28.09	6.152	27.024	153
C	-27.651	5.713	28.411	153
N	-28.535	5.01	29.116	154
CA	-28.165	4.343	30.352	154
C	-26.99	3.405	30.05	154
N	-25.868	3.633	30.742	155
CA	-24.62	2.885	30.518	155
C	-24.641	1.529	31.231	155
N	-25.393	1.445	32.335	156
CA	-25.731	0.166	32.978	156
C	-26.959	-0.5	32.289	156
N	-27.767	-1.543	32.669	157
CA	-27.18	-2.077	33.945	157
C	-26.423	-3.381	33.613	157
