ATOM	X	Y	Z	RESIDUE
N	-48.615	-48.657	-29.728	1
CA	-49.532	-47.504	-29.815	1
C	-48.693	-46.25	-29.668	1
N	-48.577	-45.446	-30.719	2
CA	-48.133	-44.061	-30.614	2
C	-49.329	-43.181	-30.988	2
N	-49.554	-42.09	-30.252	3
CA	-50.055	-40.867	-30.856	3
C	-49.111	-39.704	-30.504	3
N	-48.496	-39.095	-31.517	4
CA	-48.908	-37.821	-32.131	4
C	-48.17	-36.621	-31.507	4
N	-47.092	-36.204	-32.179	5
CA	-46.551	-34.844	-32.107	5
C	-47.539	-33.834	-32.72	5
N	-47.372	-32.54	-32.402	6
CA	-47.345	-31.548	-33.471	6
C	-46.155	-30.576	-33.372	6
N	-45.465	-30.471	-34.512	7
CA	-44.827	-29.286	-35.111	7
C	-43.694	-28.536	-34.383	7
N	-42.475	-28.512	-34.963	8
CA	-41.456	-27.526	-34.632	8
C	-41.641	-26.255	-35.478	8
N	-41.537	-25.093	-34.837	9
CA	-41.355	-23.809	-35.511	9
C	-39.854	-23.601	-35.745	9
N	-39.458	-23.458	-37.013	10
CA	-38.1	-23.077	-37.41	10
C	-37.831	-21.592	-37.084	10
N	-36.558	-21.218	-36.866	11
CA	-36.184	-20.04	-36.099	11
C	-36.282	-18.75	-36.914	11
N	-36.75	-17.695	-36.251	12
CA	-36.58	-16.32	-36.698	12
C	-35.102	-15.936	-36.56	12
N	-34.462	-15.739	-37.711	13
CA	-33.198	-15.03	-37.865	13
C	-33.359	-13.604	-37.319	13
N	-32.749	-13.324	-36.167	14
CA	-32.517	-11.956	-35.699	14
C	-31.258	-11.447	-36.42	14
N	-31.333	-10.306	-37.125	15
CA	-30.216	-9.782	-37.89	15
C	-29.15	-9.214	-36.948	15
N	-27.889	-9.481	-37.282	16
CA	-26.727	-8.868	-36.654	16
C	-26.817	-7.329	-36.701	16
N	-26.274	-6.617	-35.696	17
CA	-26.169	-5.172	-35.763	17
C	-25.27	-4.805	-36.946	17
N	-25.811	-3.987	-37.844	18
CA	-25.066	-3.4	-38.941	18
C	-23.841	-2.645	-38.388	18
N	-22.647	-2.775	-38.997	19
CA	-21.523	-1.919	-38.66	19
C	-21.82	-0.522	-39.217	19
N	-22.456	0.299	-38.386	20
CA	-22.779	1.688	-38.67	20
C	-21.558	2.59	-38.486	20
N	-21.246	3.344	-39.538	21
CA	-20.377	4.528	-39.61	21
C	-18.865	4.428	-39.335	21
N	-18.329	3.467	-38.587	22
CA	-16.884	3.507	-38.249	22
C	-15.947	3.008	-39.36	22
N	-16.449	2.254	-40.345	23
CA	-15.629	1.707	-41.453	23
C	-15.492	2.676	-42.645	23
N	-16.32	3.722	-42.737	24
CA	-16.25	4.699	-43.837	24
C	-15.276	5.863	-43.588	24
N	-14.923	6.16	-42.332	25
CA	-13.926	7.196	-42.036	25
C	-12.483	6.728	-42.294	25
N	-12.17	5.447	-42.073	26
CA	-10.811	4.923	-42.282	26
C	-10.417	4.778	-43.76	26
N	-11.38	4.647	-44.678	27
CA	-11.078	4.595	-46.114	27
C	-10.827	5.977	-46.741	27
N	-11.195	7.064	-46.057	28
CA	-11.064	8.427	-46.593	28
C	-9.717	9.081	-46.258	28
N	-8.997	8.596	-45.239	29
CA	-7.694	9.155	-44.854	29
C	-6.519	8.671	-45.728	29
N	-6.674	7.563	-46.458	30
CA	-5.604	6.968	-47.278	30
C	-5.446	7.59	-48.68	30
N	-6.253	8.594	-49.037	31
CA	-6.236	9.234	-50.364	31
C	-5.677	10.669	-50.377	31
N	-5.118	11.152	-49.264	32
CA	-4.542	12.498	-49.143	32
C	-3.035	12.442	-48.85	32
N	-2.253	11.889	-49.78	33
CA	-0.799	12.116	-49.819	33
C	-0.422	12.584	-51.225	33
N	-0.183	13.889	-51.439	34
CA	0.437	14.354	-52.663	34
C	1.94	14.061	-52.594	34
N	2.411	13.227	-53.518	35
CA	3.836	13.035	-53.797	35
C	4.376	14.329	-54.417	35
N	5.281	15.011	-53.718	36
CA	6.103	16.08	-54.285	36
C	7.568	15.872	-53.889	36
N	8.485	15.666	-54.852	37
CA	9.911	15.669	-54.58	37
C	10.448	17.094	-54.773	37
N	11.006	17.712	-53.729	38
CA	11.843	18.906	-53.885	38
C	13.284	18.632	-53.448	38
N	14.203	19.037	-54.329	39
CA	15.661	18.974	-54.197	39
C	16.153	19.957	-53.127	39
N	17.08	19.511	-52.278	40
CA	17.962	20.379	-51.486	40
C	18.955	21.143	-52.385	40
N	19.309	22.391	-52.037	41
CA	20.626	22.951	-52.285	41
C	21.496	22.915	-51.016	41
N	22.785	22.668	-51.239	42
CA	23.885	22.589	-50.274	42
C	24.625	23.937	-50.277	42
N	24.761	24.589	-49.125	43
CA	25.78	25.61	-48.805	43
C	26.085	25.421	-47.313	43
N	27.202	24.792	-46.953	44
CA	28.569	25.319	-46.833	44
C	28.756	26.171	-45.567	44
N	29.559	25.588	-44.671	45
CA	30.163	26.121	-43.45	45
C	30.705	27.543	-43.591	45
N	30.543	28.327	-42.522	46
CA	31.652	29.006	-41.847	46
C	31.239	29.336	-40.393	46
N	32.053	28.902	-39.434	47
CA	32.201	29.472	-38.083	47
C	33.677	29.855	-37.973	47
N	34.079	30.934	-37.265	48
CA	34.405	30.749	-35.843	48
C	34.389	32.005	-34.923	48
N	34.242	31.719	-33.62	49
CA	35.003	32.223	-32.453	49
C	35.104	33.731	-32.104	49
N	34.763	34.011	-30.837	50
CA	35.229	35.126	-29.991	50
C	34.154	35.471	-28.945	50
N	34.338	35.477	-27.621	51
CA	35.522	35.468	-26.758	51
C	35.4	36.601	-25.717	51
N	35.394	36.271	-24.412	52
CA	35.514	37.2	-23.258	52
C	34.188	37.448	-22.512	52
N	33.923	37.035	-21.261	53
CA	34.654	36.96	-19.971	53
C	34.548	38.219	-19.087	53
N	34.178	37.947	-17.819	54
CA	34.479	38.594	-16.516	54
C	33.633	39.745	-15.936	54
N	33.303	39.57	-14.639	55
CA	33.113	40.594	-13.587	55
C	31.652	40.803	-13.178	55
N	31.105	40.164	-12.133	56
CA	31.249	40.453	-10.681	56
C	30.83	41.883	-10.3	56
N	29.737	42.006	-9.53	57
CA	29.646	42.762	-8.264	57
C	28.18	42.793	-7.756	57
N	27.952	42.137	-6.613	58
CA	26.825	42.33	-5.676	58
C	27.116	43.606	-4.841	58
N	26.145	44.322	-4.219	59
CA	25.679	43.859	-2.901	59
C	24.277	44.326	-2.416	59
N	23.742	43.528	-1.481	60
CA	23.084	43.882	-0.205	60
C	21.983	44.965	-0.17	60
N	20.796	44.527	0.257	61
CA	19.783	45.346	0.923	61
C	19.063	44.516	1.989	61
N	19.55	44.598	3.229	62
CA	18.844	44.214	4.458	62
C	17.898	45.353	4.87	62
N	16.658	45.049	5.272	63
CA	15.879	45.847	6.241	63
C	14.996	44.911	7.105	63
N	15.479	44.662	8.328	64
CA	14.833	44.804	9.65	64
C	13.377	44.338	9.932	64
N	13.279	43.16	10.576	65
CA	12.886	42.863	11.985	65
C	11.59	43.425	12.679	65
N	11.105	42.743	13.762	66
CA	9.691	42.565	14.154	66
C	9.323	43.123	15.556	66
N	8.042	43.053	15.968	67
CA	7.514	42.922	17.367	67
C	5.969	43.031	17.349	67
N	5.195	42.063	17.861	68
CA	4.763	41.835	19.267	68
C	3.727	42.861	19.776	68
N	2.489	42.405	20.025	69
CA	1.462	42.874	20.995	69
C	0.166	42.075	20.69	69
N	-0.678	41.576	21.594	70
CA	-0.687	41.357	23.044	70
C	-1.88	40.393	23.324	70
N	-1.851	39.656	24.437	71
CA	-2.813	38.598	24.829	71
C	-3.953	39.131	25.761	71
N	-4.579	38.348	26.679	72
CA	-5.813	37.555	26.5	72
C	-6.888	37.802	27.611	72
N	-7.853	36.859	27.756	73
CA	-8.873	36.638	28.836	73
C	-10.25	37.262	28.578	73
N	-11.389	36.77	29.063	74
CA	-11.924	35.546	29.703	74
C	-13.464	35.761	29.681	74
N	-14.295	34.71	29.657	75
CA	-15.422	34.497	30.601	75
C	-16.32	33.312	30.173	75
N	-16.504	32.385	31.12	76
CA	-17.326	31.166	31.086	76
C	-18.839	31.444	31.311	76
N	-19.743	30.517	30.919	77
CA	-21.2	30.554	31.153	77
C	-21.571	29.728	32.429	77
N	-22.837	29.603	32.929	78
CA	-23.953	28.895	32.257	78
C	-25.389	29.36	32.647	78
N	-26.419	28.758	32.037	79
CA	-27.827	28.933	32.42	79
C	-28.68	27.716	32.048	79
N	-29.213	27.067	33.083	80
CA	-30.109	25.903	33.121	80
C	-31.46	26.144	32.415	80
N	-32.148	25.073	31.994	81
CA	-33.476	24.71	32.534	81
C	-33.99	23.357	31.987	81
N	-34.564	22.589	32.917	82
CA	-35.091	21.222	32.855	82
C	-36.327	21.019	31.953	82
N	-36.56	19.768	31.515	83
CA	-37.721	18.93	31.91	83
C	-37.804	17.629	31.067	83
N	-37.989	16.444	31.69	84
CA	-38.175	15.168	30.999	84
C	-39.663	14.797	30.843	84
N	-39.973	13.962	29.848	85
CA	-41.289	13.351	29.651	85
C	-41.151	11.933	29.1	85
N	-41.401	10.956	29.972	86
CA	-41.598	9.528	29.697	86
C	-42.769	9.297	28.732	86
N	-42.678	8.302	27.839	87
CA	-43.756	7.326	27.58	87
C	-43.137	5.997	27.085	87
N	-43.199	4.975	27.944	88
CA	-43.045	3.549	27.626	88
C	-44.229	3.052	26.781	88
N	-43.995	2.147	25.819	89
CA	-44.959	1.112	25.397	89
C	-44.224	-0.061	24.687	89
N	-44.459	-1.337	25.076	90
CA	-43.726	-2.514	24.585	90
C	-44.538	-3.419	23.626	90
N	-43.861	-4.422	23.039	91
CA	-44.434	-5.524	22.231	91
C	-44.55	-5.136	20.756	91
N	-44.299	-5.94	19.734	92
CA	-44.293	-7.375	19.415	92
C	-43.633	-7.379	17.996	92
N	-42.907	-8.347	17.448	93
CA	-43.188	-9.761	17.232	93
C	-42.015	-10.309	16.384	93
N	-41.656	-11.57	16.614	94
CA	-40.622	-12.325	15.907	94
C	-40.851	-12.408	14.383	94
N	-39.799	-12.169	13.591	95
CA	-39.723	-12.59	12.187	95
C	-38.542	-13.553	11.999	95
N	-38.756	-14.709	11.345	96
CA	-37.752	-15.75	11.259	96
C	-36.635	-15.378	10.281	96
N	-35.424	-15.547	10.789	97
CA	-34.125	-15.472	10.137	97
C	-34.054	-16.377	8.888	97
N	-34.008	-15.769	7.699	98
CA	-33.635	-16.459	6.456	98
C	-32.123	-16.349	6.304	98
N	-31.406	-17.394	6.726	99
CA	-29.971	-17.562	6.462	99
C	-29.721	-17.643	4.95	99
N	-28.965	-16.721	4.328	100
CA	-28.295	-17.057	3.089	100
C	-27.154	-18.015	3.44	100
N	-27.049	-19.115	2.692	101
CA	-25.873	-19.981	2.744	101
C	-24.659	-19.127	2.391	101
N	-23.788	-18.948	3.374	102
CA	-22.429	-18.46	3.219	102
C	-21.687	-19.378	2.25	102
N	-21.487	-18.92	1.02	103
CA	-20.273	-19.276	0.303	103
C	-19.184	-18.404	0.923	103
N	-18.379	-19.038	1.772	104
CA	-17.179	-18.485	2.388	104
C	-16.162	-18.218	1.261	104
N	-16.379	-17.161	0.476	105
CA	-15.322	-16.608	-0.361	105
C	-14.305	-15.981	0.585	105
N	-13.2	-16.705	0.77	106
CA	-12.093	-16.305	1.615	106
C	-11.663	-14.881	1.292	106
N	-11.927	-13.974	2.235	107
CA	-11.25	-12.687	2.345	107
C	-9.774	-12.983	2.619	107
N	-9.054	-13.291	1.539	108
CA	-7.63	-13.564	1.544	108
C	-6.927	-12.242	1.831	108
N	-6.34	-12.192	3.024	109
CA	-5.488	-11.134	3.556	109
C	-4.349	-10.85	2.578	109
N	-4.523	-9.873	1.69	110
CA	-3.501	-9.502	0.707	110
C	-2.176	-9.099	1.381	110
N	-2.251	-8.578	2.61	111
CA	-1.1	-8.163	3.427	111
C	-0.514	-9.282	4.315	111
N	-1.24	-10.397	4.492	112
CA	-0.781	-11.574	5.251	112
C	-0.595	-12.806	4.335	112
N	-0.44	-12.627	3.013	113
CA	-0.233	-13.759	2.106	113
C	1.12	-14.423	2.409	113
N	1.143	-15.7	2.836	114
CA	2.393	-16.427	2.976	114
C	3.066	-16.56	1.605	114
N	4.393	-16.432	1.584	115
CA	5.235	-16.527	0.388	115
C	4.973	-17.849	-0.344	115
N	4.234	-17.819	-1.457	116
CA	4.1	-18.99	-2.335	116
C	5.366	-19.089	-3.183	116
N	6.168	-20.124	-2.935	117
CA	7.313	-20.475	-3.772	117
C	6.863	-20.769	-5.213	117
N	7.611	-20.248	-6.188	118
CA	7.433	-20.612	-7.589	118
C	7.676	-22.127	-7.777	118
N	6.956	-22.822	-8.681	119
CA	7.108	-24.264	-8.833	119
C	8.499	-24.605	-9.386	119
N	9.351	-25.173	-8.532	120
CA	10.562	-25.892	-8.92	120
C	10.244	-27.348	-9.279	120
N	10.931	-27.861	-10.299	121
CA	10.801	-29.2	-10.9	121
C	10.812	-30.358	-9.866	121
N	9.984	-31.416	-10.011	122
CA	9.947	-32.513	-9.051	122
C	11.038	-33.554	-9.343	122
N	11.988	-33.726	-8.417	123
CA	12.894	-34.879	-8.404	123
C	12.907	-35.58	-7.03	123
N	12.279	-36.764	-7.04	124
CA	12.265	-37.949	-6.154	124
C	12.584	-37.884	-4.635	124
N	11.812	-38.618	-3.796	125
CA	11.949	-38.602	-2.344	125
C	12.952	-39.651	-1.84	125
N	13.8	-39.277	-0.879	126
CA	14.524	-40.242	-0.05	126
C	14.321	-39.95	1.438	126
N	13.702	-40.936	2.091	127
CA	13.548	-41.107	3.529	127
C	14.834	-40.794	4.299	127
N	14.724	-39.994	5.361	128
CA	15.459	-40.212	6.605	128
C	14.684	-39.606	7.781	128
N	14.254	-40.488	8.681	129
CA	13.67	-40.163	9.97	129
C	14.751	-39.728	10.978	129
N	14.307	-38.951	11.971	130
CA	15.004	-38.496	13.181	130
C	16.037	-37.373	13.028	130
N	15.617	-36.157	13.407	131
CA	16.342	-35.302	14.363	131
C	15.482	-34.123	14.817	131
N	15.291	-34.048	16.127	132
CA	14.838	-32.874	16.865	132
C	15.701	-31.648	16.526	132
N	15.062	-30.482	16.326	133
CA	15.539	-29.113	16.632	133
C	14.616	-28.054	16.005	133
N	13.891	-27.334	16.861	134
CA	14.004	-25.872	17.006	134
C	14.278	-25.077	15.706	134
N	13.257	-24.405	15.156	135
CA	13.445	-23.372	14.128	135
C	12.392	-23.363	13.022	135
N	11.268	-22.687	13.254	136
CA	10.46	-22.105	12.172	136
C	9.829	-20.803	12.683	136
N	10.685	-19.863	13.092	137
CA	10.293	-18.457	13.156	137
C	10.54	-17.891	11.754	137
N	9.638	-18.202	10.817	138
CA	9.532	-17.439	9.576	138
C	9.15	-16.019	9.98	138
N	10.173	-15.204	10.234	139
CA	10.037	-13.847	10.744	139
C	9.081	-13.061	9.851	139
N	7.896	-12.768	10.385	140
CA	6.898	-11.933	9.736	140
C	7.523	-10.587	9.347	140
N	7.092	-10.019	8.224	141
CA	7.608	-8.735	7.767	141
C	7.14	-7.587	8.68	141
N	7.876	-6.472	8.659	142
CA	7.51	-5.207	9.318	142
C	8.091	-4.015	8.562	142
N	7.548	-2.824	8.792	143
CA	8.126	-1.574	8.294	143
C	9.416	-1.21	9.044	143
N	10.374	-0.596	8.34	144
CA	11.571	0.01	8.942	144
C	12.511	-0.925	9.72	144
N	12.371	-2.248	9.598	145
CA	13.116	-3.212	10.408	145
C	13.532	-4.473	9.657	145
N	14.398	-5.259	10.298	146
CA	14.802	-6.578	9.81	146
C	13.67	-7.616	9.968	146
N	13.605	-8.639	9.087	147
CA	14.491	-8.843	7.932	147
C	14.17	-7.903	6.75	147
N	15.16	-7.563	5.899	148
CA	14.886	-6.881	4.639	148
C	13.91	-7.708	3.803	148
N	12.864	-7.078	3.273	149
CA	11.756	-7.788	2.627	149
C	12.147	-8.769	1.513	149
N	13.19	-8.541	0.683	150
CA	13.651	-9.547	-0.279	150
C	14.071	-10.897	0.326	150
N	14.34	-10.969	1.638	151
CA	14.568	-12.238	2.351	151
C	13.271	-12.952	2.737	151
N	12.175	-12.212	2.917	152
CA	10.835	-12.753	3.223	152
C	10.109	-13.131	1.932	152
N	10.116	-12.223	0.954	153
CA	9.602	-12.437	-0.395	153
C	10.601	-11.886	-1.421	153
N	11.313	-12.754	-2.169	154
CA	12.291	-12.334	-3.177	154
C	11.737	-11.369	-4.233	154
N	10.433	-11.439	-4.525	155
CA	9.759	-10.548	-5.467	155
C	9.81	-9.065	-5.046	155
N	10.048	-8.762	-3.763	156
CA	10.259	-7.394	-3.283	156
C	11.542	-6.734	-3.819	156
N	12.466	-7.502	-4.41	157
CA	13.62	-6.993	-5.162	157
C	13.36	-6.894	-6.682	157
N	12.099	-7.019	-7.113	158
CA	11.69	-6.859	-8.505	158
C	12.069	-5.492	-9.086	158
N	12.133	-5.396	-10.417	159
CA	12.538	-4.154	-11.102	159
C	11.414	-3.123	-11.207	159
N	10.156	-3.539	-11.148	160
CA	8.998	-2.683	-11.406	160
C	8.122	-2.599	-10.156	160
N	8.708	-2.081	-9.077	161
CA	8.08	-2.011	-7.757	161
C	7.341	-0.684	-7.53	161
N	6.537	-0.654	-6.474	162
CA	5.82	0.512	-5.944	162
C	6.154	0.716	-4.454	162
N	5.934	1.918	-3.881	163
CA	5.468	3.157	-4.528	163
C	6.569	3.818	-5.37	163
N	6.264	4.909	-6.075	164
CA	7.234	5.681	-6.878	164
C	7.119	7.177	-6.592	164
N	8.166	7.924	-6.939	165
CA	8.1	9.383	-7.005	165
C	7.485	9.82	-8.341	165
N	6.384	10.561	-8.27	166
CA	5.673	11.108	-9.419	166
C	6.265	12.475	-9.729	166
N	6.72	12.658	-10.965	167
CA	7.235	13.939	-11.456	167
C	6.293	14.463	-12.536	167
N	5.295	15.31	-12.203	168
CA	4.199	15.657	-13.11	168
C	4.657	16.208	-14.46	168
N	5.752	16.971	-14.474	169
CA	6.311	17.563	-15.693	169
C	6.983	16.532	-16.619	169
N	7.318	15.345	-16.101	170
CA	7.889	14.227	-16.861	170
C	6.853	13.145	-17.196	170
N	5.62	13.278	-16.702	171
CA	4.554	12.337	-16.997	171
C	4.106	12.478	-18.46	171
N	3.887	11.35	-19.131	172
CA	3.378	11.342	-20.492	172
C	1.883	11.674	-20.474	172
N	1.515	12.858	-20.966	173
CA	0.105	13.201	-21.117	173
C	-0.58	12.213	-22.065	173
N	-1.635	11.574	-21.568	174
CA	-2.333	10.511	-22.251	174
C	-3.84	10.788	-22.375	174
N	-4.304	11.353	-23.508	175
CA	-5.724	11.656	-23.732	175
C	-6.655	10.434	-23.754	175
N	-6.101	9.22	-23.85	176
CA	-6.873	7.981	-23.818	176
C	-7.352	7.621	-22.4	176
N	-6.699	8.159	-21.363	177
CA	-7.112	8.032	-19.969	177
C	-8.362	8.887	-19.734	177
N	-9.506	8.218	-19.578	178
CA	-10.814	8.849	-19.352	178
C	-11.078	9.027	-17.857	178
N	-12.047	9.867	-17.458	179
CA	-12.488	9.898	-16.07	179
C	-12.823	8.495	-15.555	179
N	-12.435	8.204	-14.314	180
CA	-12.735	6.924	-13.677	180
C	-14.242	6.785	-13.451	180
N	-14.759	5.572	-13.62	181
CA	-16.16	5.25	-13.348	181
C	-16.229	4.346	-12.117	181
N	-16.972	4.776	-11.094	182
CA	-17.197	4.038	-9.851	182
C	-18.705	3.83	-9.675	182
N	-19.136	2.579	-9.522	183
CA	-20.54	2.191	-9.367	183
C	-20.714	1.326	-8.115	183
N	-21.789	1.56	-7.359	184
CA	-22.09	0.794	-6.14	184
C	-21.31	1.213	-4.885	184
N	-20.546	2.312	-4.932	185
CA	-19.721	2.788	-3.805	185
C	-20.523	3.477	-2.687	185
N	-21.767	3.877	-2.959	186
CA	-22.694	4.44	-1.973	186
C	-23.408	3.31	-1.229	186
N	-22.789	2.805	-0.162	187
CA	-23.337	1.682	0.588	187
C	-24.458	2.128	1.539	187
N	-25.554	1.356	1.65	188
CA	-26.529	1.555	2.716	188
C	-25.914	1.211	4.087	188
N	-26.456	1.729	5.209	189
CA	-25.914	1.471	6.55	189
C	-25.798	-0.009	6.939	189
N	-26.633	-0.873	6.356	190
CA	-26.589	-2.322	6.537	190
C	-26.462	-3.021	5.175	190
N	-25.687	-4.118	5.064	191
CA	-24.93	-4.782	6.133	191
C	-23.706	-3.977	6.595	191
N	-23.257	-4.235	7.822	192
CA	-22.022	-3.652	8.352	192
C	-20.78	-4.227	7.658	192
N	-19.687	-3.477	7.737	193
CA	-18.4	-3.78	7.136	193
C	-17.369	-4.079	8.223	193
N	-16.478	-5.034	7.957	194
CA	-15.405	-5.408	8.886	194
C	-14.244	-4.428	8.789	194
N	-13.943	-3.746	9.891	195
CA	-12.764	-2.9	10.072	195
C	-11.775	-3.615	11.001	195
N	-10.524	-3.786	10.571	196
CA	-9.521	-4.572	11.306	196
C	-8.185	-3.847	11.384	196
N	-7.582	-3.827	12.57	197
CA	-6.163	-3.531	12.736	197
C	-5.375	-4.819	12.466	197
N	-4.623	-4.865	11.37	198
CA	-3.862	-6.058	10.99	198
C	-2.385	-6.009	11.423	198
N	-1.989	-4.993	12.197	199
CA	-0.611	-4.75	12.63	199
C	0.215	-3.904	11.656	199
N	-0.215	-3.785	10.398	200
CA	0.479	-3.026	9.347	200
C	-0.335	-1.838	8.838	200
N	-1.656	-1.904	8.963	201
CA	-2.608	-0.852	8.64	201
C	-3.949	-1.102	9.352	201
N	-4.873	-0.155	9.198	202
CA	-6.304	-0.394	9.378	202
C	-6.921	-0.715	8.02	202
N	-7.576	-1.871	7.921	203
CA	-8.181	-2.358	6.685	203
C	-9.698	-2.499	6.841	203
N	-10.45	-1.899	5.918	204
CA	-11.893	-2.074	5.776	204
C	-12.174	-3.076	4.651	204
N	-12.899	-4.15	4.959	205
CA	-13.331	-5.137	3.956	205
C	-14.557	-4.611	3.217	205
N	-14.483	-4.534	1.888	206
CA	-15.568	-4.022	1.053	206
C	-16.471	-5.167	0.573	206
N	-17.789	-4.938	0.462	207
CA	-18.712	-5.969	0.023	207
C	-18.631	-6.162	-1.503	207
N	-19.15	-7.282	-2.031	208
CA	-19.356	-7.437	-3.467	208
C	-20.265	-6.338	-4.044	208
N	-20.111	-6.045	-5.338	209
CA	-20.963	-5.094	-6.071	209
C	-20.391	-3.681	-6.231	209
N	-19.211	-3.398	-5.668	210
CA	-18.463	-2.17	-5.952	210
C	-17.647	-2.353	-7.23	210
N	-18.081	-1.719	-8.311	211
CA	-17.475	-1.822	-9.637	211
C	-16.674	-0.563	-9.969	211
N	-15.501	-0.756	-10.565	212
CA	-14.617	0.316	-11.005	212
C	-14.135	0.039	-12.428	212
N	-14.164	1.052	-13.293	213
CA	-13.584	0.972	-14.628	213
C	-12.493	2.034	-14.829	213
N	-11.295	1.578	-15.215	214
CA	-10.191	2.45	-15.65	214
C	-10.328	2.87	-17.125	214
N	-11.251	2.241	-17.852	215
CA	-11.491	2.426	-19.277	215
C	-12.062	1.158	-19.924	215
N	-12.387	1.197	-21.23	216
CA	-12.972	0.055	-21.93	216
C	-12.112	-1.214	-21.813	216
N	-12.707	-2.317	-21.345	217
CA	-12.021	-3.603	-21.161	217
C	-11.117	-3.688	-19.924	217
N	-11.145	-2.681	-19.041	218
CA	-10.37	-2.621	-17.791	218
C	-11.317	-2.408	-16.609	218
N	-12.156	-3.413	-16.377	219
CA	-13.195	-3.453	-15.342	219
C	-12.733	-4.286	-14.139	219
N	-12.969	-3.767	-12.938	220
CA	-12.524	-4.332	-11.671	220
C	-13.641	-4.275	-10.623	220
N	-13.529	-5.11	-9.588	221
CA	-14.367	-5.056	-8.382	221
C	-13.531	-4.721	-7.154	221
N	-14.026	-3.858	-6.275	222
CA	-13.318	-3.5	-5.048	222
C	-13.289	-4.679	-4.057	222
N	-12.213	-4.784	-3.275	223
CA	-12.012	-5.839	-2.271	223
C	-11.904	-5.272	-0.856	223
N	-11.05	-4.265	-0.699	224
CA	-10.727	-3.645	0.576	224
C	-10.179	-2.239	0.342	224
N	-10.192	-1.425	1.392	225
CA	-9.351	-0.237	1.477	225
C	-8.514	-0.246	2.757	225
N	-7.365	0.418	2.714	226
CA	-6.446	0.582	3.841	226
C	-5.68	1.905	3.725	226
N	-4.954	2.279	4.78	227
CA	-4.251	3.561	4.861	227
C	-2.761	3.396	5.18	227
N	-1.962	4.341	4.703	228
CA	-0.565	4.527	5.08	228
C	-0.393	5.923	5.669	228
N	0.306	6.035	6.792	229
CA	0.459	7.286	7.521	229
C	1.821	7.398	8.2	229
N	2.105	8.614	8.656	230
CA	3.363	8.945	9.298	230
C	3.303	8.85	10.82	230
N	3.742	9.915	11.479	231
CA	3.698	10.099	12.928	231
C	3.582	11.603	13.231	231
N	3.538	11.995	14.505	232
CA	3.524	13.408	14.889	232
C	4.664	14.202	14.208	232
N	4.296	15.201	13.395	233
CA	5.235	16.044	12.641	233
C	5.996	15.336	11.51	233
N	5.589	14.125	11.107	234
CA	6.258	13.327	10.07	234
C	5.226	12.802	9.066	234
N	5.311	13.144	7.768	235
CA	4.381	12.632	6.762	235
C	4.635	11.151	6.45	235
N	3.622	10.447	5.939	236
CA	3.714	9.015	5.649	236
C	2.787	8.479	4.561	236
N	2.442	9.29	3.558	237
CA	2.032	8.745	2.249	237
C	3.114	7.83	1.673	237
N	2.75	6.926	0.769	238
CA	3.675	5.997	0.121	238
C	4.307	6.637	-1.12	238
N	3.46	7.085	-2.051	239
CA	3.87	7.862	-3.213	239
C	4.365	9.243	-2.786	239
N	5.188	9.842	-3.637	240
CA	5.611	11.236	-3.49	240
C	5.379	11.987	-4.789	240
N	5.319	13.315	-4.719	241
CA	5.227	14.188	-5.897	241
C	6.404	15.161	-5.882	241
N	7.324	15.05	-6.844	242
CA	8.605	15.789	-6.87	242
C	9.356	15.708	-5.522	242
N	9.368	14.517	-4.92	243
CA	9.963	14.241	-3.613	243
C	9.137	14.7	-2.405	243
N	8.029	15.421	-2.601	244
CA	7.123	15.803	-1.521	244
C	6.298	14.6	-1.05	244
N	6.329	14.331	0.26	245
CA	5.524	13.296	0.918	245
C	4.377	13.956	1.676	245
N	3.158	13.542	1.365	246
CA	1.915	13.968	2.005	246
C	1.704	13.278	3.366	246
N	0.902	13.859	4.281	247
CA	0.64	13.31	5.614	247
C	0.258	11.825	5.645	247
N	-0.677	11.402	4.796	248
CA	-1.118	10.014	4.676	248
C	-1.604	9.704	3.247	248
N	-1.924	8.443	2.975	249
CA	-2.427	7.969	1.685	249
C	-3.443	6.842	1.898	249
N	-4.588	6.911	1.216	250
CA	-5.59	5.836	1.182	250
C	-5.394	4.993	-0.074	250
N	-5.463	3.668	0.06	251
CA	-5.455	2.713	-1.048	251
C	-6.77	1.944	-1.101	251
N	-7.439	1.95	-2.256	252
CA	-8.611	1.105	-2.534	252
C	-8.21	0.031	-3.538	252
N	-8.19	-1.222	-3.09	253
CA	-7.674	-2.361	-3.854	253
C	-8.799	-3.062	-4.598	253
N	-8.576	-3.305	-5.886	254
CA	-9.543	-3.915	-6.783	254
C	-8.968	-5.137	-7.502	254
N	-9.84	-6.106	-7.773	255
CA	-9.562	-7.319	-8.535	255
C	-10.186	-7.228	-9.92	255
N	-9.401	-7.516	-10.955	256
CA	-9.909	-7.544	-12.325	256
C	-11.039	-8.565	-12.465	256
N	-12.073	-8.194	-13.217	257
CA	-13.223	-9.062	-13.534	257
C	-12.832	-10.306	-14.34	257
N	-11.622	-10.338	-14.912	258
CA	-11.07	-11.508	-15.591	258
C	-10.649	-12.648	-14.639	258
N	-10.551	-12.389	-13.329	259
CA	-10.138	-13.366	-12.318	259
C	-11.213	-13.525	-11.248	259
N	-11.473	-14.766	-10.832	260
CA	-12.437	-15.053	-9.775	260
C	-11.828	-14.798	-8.391	260
N	-10.519	-15.027	-8.237	261
CA	-9.83	-14.935	-6.945	261
C	-8.536	-14.126	-7.033	261
N	-8.101	-13.59	-5.893	262
CA	-6.893	-12.751	-5.799	262
C	-5.629	-13.539	-6.133	262
N	-5.511	-14.773	-5.64	263
CA	-4.37	-15.662	-5.898	263
C	-4.164	-15.942	-7.396	263
N	-5.246	-15.952	-8.176	264
CA	-5.201	-16.083	-9.632	264
C	-4.672	-14.824	-10.321	264
N	-4.892	-13.645	-9.741	265
CA	-4.523	-12.352	-10.309	265
C	-3.109	-11.886	-9.924	265
N	-2.557	-12.37	-8.806	266
CA	-1.224	-11.987	-8.334	266
C	-0.149	-12.241	-9.396	266
N	0.665	-11.219	-9.669	267
CA	1.744	-11.301	-10.655	267
C	1.285	-11.185	-12.113	267
N	-0.027	-11.134	-12.387	268
CA	-0.552	-10.973	-13.748	268
C	-0.714	-9.487	-14.086	268
N	-0.269	-9.032	-15.273	269
CA	-0.448	-7.644	-15.7	269
C	-1.924	-7.239	-15.691	269
N	-2.274	-6.207	-14.924	270
CA	-3.661	-5.764	-14.766	270
C	-4.548	-6.716	-13.965	270
N	-3.973	-7.69	-13.25	271
CA	-4.735	-8.579	-12.372	271
C	-5.353	-7.829	-11.192	271
N	-4.613	-6.862	-10.649	272
CA	-5.056	-5.963	-9.589	272
C	-4.928	-4.506	-10.038	272
N	-5.803	-3.656	-9.514	273
CA	-5.701	-2.21	-9.64	273
C	-5.881	-1.548	-8.275	273
N	-5.092	-0.514	-8.001	274
CA	-5.181	0.263	-6.763	274
C	-5.456	1.715	-7.117	274
N	-6.53	2.26	-6.546	275
CA	-6.765	3.699	-6.523	275
C	-6.094	4.265	-5.274	275
N	-5.263	5.287	-5.442	276
CA	-4.522	5.916	-4.36	276
C	-4.794	7.421	-4.318	276
N	-5.114	7.95	-3.139	277
CA	-5.297	9.383	-2.926	277
C	-4.483	9.86	-1.724	277
N	-3.84	11.016	-1.871	278
CA	-3.144	11.666	-0.769	278
C	-4.134	12.315	0.191	278
N	-3.852	12.184	1.485	279
CA	-4.573	12.86	2.553	279
C	-3.727	14.023	3.052	279
N	-4.308	15.212	3.03	280
CA	-3.682	16.46	3.449	280
C	-4.39	17.056	4.66	280
N	-3.665	17.885	5.403	281
CA	-4.248	18.658	6.492	281
C	-5.117	19.786	5.921	281
N	-6.363	19.861	6.378	282
CA	-7.299	20.937	6.094	282
C	-7.889	21.547	7.369	282
N	-8.638	22.653	7.232	283
CA	-9.16	23.401	8.375	283
C	-10.356	22.727	9.064	283
N	-11.085	21.867	8.353	284
CA	-12.347	21.277	8.805	284
C	-12.243	19.758	8.955	284
N	-13.103	19.204	9.806	285
CA	-13.262	17.762	9.951	285
C	-13.92	17.16	8.705	285
N	-13.35	16.068	8.204	286
CA	-13.91	15.314	7.099	286
C	-14.913	14.277	7.619	286
N	-16.198	14.525	7.374	287
CA	-17.304	13.68	7.847	287
C	-17.318	12.258	7.268	287
N	-16.753	12.037	6.076	288
CA	-16.645	10.696	5.503	288
C	-15.592	9.871	6.255	288
N	-14.417	10.459	6.495	289
CA	-13.34	9.807	7.242	289
C	-13.684	9.597	8.715	289
N	-14.455	10.496	9.328	290
CA	-14.834	10.382	10.741	290
C	-15.592	9.083	11.052	290
N	-16.355	8.556	10.089	291
CA	-17.059	7.274	10.222	291
C	-16.108	6.083	10.435	291
N	-14.852	6.196	9.987	292
CA	-13.797	5.203	10.202	292
C	-12.879	5.594	11.368	292
N	-12.457	6.861	11.433	293
CA	-11.483	7.336	12.422	293
C	-12.017	7.257	13.858	293
N	-13.313	7.511	14.059	294
CA	-13.974	7.368	15.366	294
C	-13.994	5.928	15.899	294
N	-13.714	4.934	15.045	295
CA	-13.731	3.499	15.369	295
C	-12.353	2.929	15.677	295
N	-11.278	3.692	15.46	296
CA	-9.912	3.183	15.627	296
C	-9.599	2.78	17.069	296
N	-10.189	3.451	18.061	297
CA	-9.976	3.114	19.474	297
C	-10.537	1.722	19.817	297
N	-11.641	1.316	19.177	298
CA	-12.237	-0.02	19.345	298
C	-11.32	-1.136	18.819	298
N	-10.393	-0.789	17.918	299
CA	-9.429	-1.705	17.303	299
C	-7.97	-1.304	17.574	299
N	-7.72	-0.623	18.697	300
CA	-6.391	-0.127	19.036	300
C	-5.353	-1.258	19.128	300
N	-5.722	-2.421	19.668	301
CA	-4.827	-3.577	19.808	301
C	-4.555	-4.264	18.457	301
N	-3.312	-4.691	18.215	302
CA	-2.951	-5.45	17.011	302
C	-3.837	-6.7	16.863	302
N	-4.415	-6.887	15.676	303
CA	-5.219	-8.059	15.341	303
C	-6.701	-7.95	15.698	303
N	-7.1	-6.931	16.465	304
CA	-8.496	-6.661	16.822	304
C	-9.332	-6.168	15.63	304
N	-10.649	-6.355	15.727	305
CA	-11.613	-5.993	14.689	305
C	-12.937	-5.505	15.276	305
N	-13.626	-4.655	14.52	306
CA	-14.967	-4.146	14.823	306
C	-15.813	-4.106	13.545	306
N	-17.105	-3.838	13.702	307
CA	-18.056	-3.671	12.609	307
C	-18.428	-2.195	12.486	307
N	-18.467	-1.683	11.258	308
CA	-18.867	-0.3	10.977	308
C	-20.078	-0.276	10.047	308
N	-21.037	0.649	10.227	309
CA	-22.128	0.819	9.276	309
C	-21.602	1.043	7.857	309
N	-22.348	0.576	6.857	310
CA	-22.041	0.905	5.471	310
C	-22.071	2.422	5.244	310
N	-21.118	2.899	4.448	311
CA	-20.859	4.309	4.18	311
C	-20.593	4.542	2.689	311
N	-20.648	5.801	2.256	312
CA	-20.237	6.169	0.902	312
C	-18.711	6.096	0.76	312
N	-18.227	5.006	0.168	313
CA	-16.802	4.767	-0.069	313
C	-16.233	5.786	-1.063	313
N	-17.049	6.302	-1.99	314
CA	-16.592	7.314	-2.949	314
C	-16.349	8.675	-2.294	314
N	-16.997	8.956	-1.157	315
CA	-16.76	10.162	-0.362	315
C	-15.407	10.151	0.38	315
N	-14.729	8.997	0.443	316
CA	-13.346	8.884	0.921	316
C	-12.319	9.226	-0.173	316
N	-12.749	9.413	-1.422	317
CA	-11.874	9.708	-2.554	317
C	-12.006	11.179	-2.989	317
N	-11.021	11.721	-3.729	318
CA	-11.106	13.07	-4.279	318
C	-12.28	13.235	-5.245	318
N	-12.894	14.417	-5.271	319
CA	-14.04	14.704	-6.148	319
C	-13.738	14.644	-7.657	319
N	-12.486	14.878	-8.065	320
CA	-12.08	14.935	-9.471	320
C	-11.508	13.598	-9.957	320
N	-12.38	12.783	-10.547	321
CA	-12.011	11.501	-11.149	321
C	-11.378	11.622	-12.542	321
N	-11.219	12.837	-13.075	322
CA	-10.647	13.073	-14.404	322
C	-9.146	13.346	-14.387	322
N	-8.571	13.701	-13.229	323
CA	-7.158	14.084	-13.085	323
C	-6.392	13.108	-12.199	323
N	-5.643	12.213	-12.826	324
CA	-4.838	11.212	-12.142	324
C	-3.579	10.86	-12.939	324
N	-2.632	10.243	-12.247	325
CA	-1.478	9.576	-12.827	325
C	-1.722	8.073	-12.875	325
N	-1.181	7.387	-13.878	326
CA	-1.304	5.938	-13.996	326
C	0.027	5.283	-14.37	326
N	0.343	4.152	-13.735	327
CA	1.521	3.345	-14.061	327
C	1.349	1.881	-13.621	327
N	2.174	0.98	-14.159	328
CA	2.246	-0.417	-13.709	328
C	3.371	-0.606	-12.677	328
N	3.053	-1.254	-11.561	329
CA	3.972	-1.477	-10.452	329
C	3.687	-2.762	-9.689	329
N	3.796	-2.703	-8.362	330
CA	3.636	-3.858	-7.474	330
C	2.72	-3.574	-6.294	330
N	2.392	-4.606	-5.519	331
CA	2.002	-4.413	-4.12	331
C	3.143	-3.713	-3.361	331
N	2.799	-2.856	-2.404	332
CA	3.756	-2.099	-1.578	332
C	4.097	-2.795	-0.266	332
N	3.548	-3.986	-0.041	333
CA	3.863	-4.906	1.055	333
C	4.225	-6.284	0.483	333
N	4.975	-7.13	1.213	334
CA	5.18	-8.524	0.826	334
C	3.835	-9.226	0.539	334
N	3.715	-10.001	-0.559	335
CA	4.8	-10.556	-1.366	335
C	5.322	-9.646	-2.492	335
N	4.924	-8.373	-2.571	336
CA	5.392	-7.401	-3.568	336
C	5.155	-7.825	-5.032	336
N	4.061	-8.553	-5.28	337
CA	3.694	-9.035	-6.607	337
C	3.55	-7.862	-7.591	337
N	4.217	-7.951	-8.746	338
CA	4.128	-6.956	-9.822	338
C	2.863	-7.158	-10.677	338
N	2.6	-6.235	-11.603	339
CA	1.432	-6.275	-12.489	339
C	0.234	-5.485	-11.961	339
N	0.426	-4.733	-10.873	340
CA	-0.606	-3.88	-10.278	340
C	-0.698	-2.583	-11.071	340
N	-1.9	-2.216	-11.511	341
CA	-2.144	-0.897	-12.095	341
C	-2.411	0.098	-10.973	341
N	-1.519	1.063	-10.828	342
CA	-1.662	2.157	-9.883	342
C	-2.311	3.35	-10.555	342
N	-3.357	3.89	-9.934	343
CA	-3.974	5.16	-10.322	343
C	-3.925	6.11	-9.136	343
N	-3.099	7.15	-9.233	344
CA	-2.873	8.118	-8.152	344
C	-3.586	9.416	-8.5	344
N	-4.586	9.802	-7.71	345
CA	-5.327	11.04	-7.94	345
C	-4.411	12.26	-7.799	345
N	-4.599	13.252	-8.673	346
CA	-3.883	14.524	-8.565	346
C	-4.489	15.428	-7.483	346
N	-5.807	15.352	-7.286	347
CA	-6.489	16.049	-6.199	347
C	-6.318	15.251	-4.9	347
N	-6.123	15.951	-3.789	348
CA	-5.992	15.37	-2.45	348
C	-7.334	15.369	-1.72	348
N	-7.405	14.65	-0.602	349
CA	-8.525	14.725	0.34	349
C	-8.054	15.417	1.612	349
N	-8.808	16.408	2.08	350
CA	-8.485	17.136	3.306	350
C	-9.101	16.453	4.529	350
N	-8.305	16.276	5.582	351
CA	-8.699	15.856	6.932	351
C	-8.249	16.925	7.933	351
N	-8.941	17.068	9.062	352
CA	-8.471	17.987	10.106	352
C	-7.157	17.508	10.737	352
N	-6.394	18.429	11.334	353
CA	-5.194	18.08	12.102	353
C	-5.484	17.041	13.206	353
N	-6.655	17.142	13.856	354
CA	-7.124	16.17	14.855	354
C	-7.315	14.785	14.235	354
N	-7.956	14.701	13.071	355
CA	-8.185	13.438	12.368	355
C	-6.88	12.765	11.926	355
N	-5.922	13.533	11.395	356
CA	-4.591	13.014	11.059	356
C	-3.845	12.513	12.303	356
N	-3.985	13.207	13.436	357
CA	-3.415	12.752	14.698	357
C	-4.053	11.439	15.173	357
N	-5.39	11.339	15.187	358
CA	-6.13	10.104	15.51	358
C	-5.686	8.933	14.633	358
N	-5.571	9.136	13.316	359
CA	-5.063	8.106	12.406	359
C	-3.656	7.631	12.804	359
N	-2.772	8.569	13.154	360
CA	-1.357	8.275	13.392	360
C	-0.99	7.819	14.806	360
N	-1.839	8.022	15.817	361
CA	-1.467	7.785	17.223	361
C	-2.391	6.822	17.982	361
N	-3.453	6.298	17.363	362
CA	-4.387	5.39	18.053	362
C	-3.934	3.926	18.044	362
N	-3.524	3.396	16.89	363
CA	-3.331	1.954	16.695	363
C	-1.974	1.449	17.211	363
N	-1.951	0.207	17.687	364
CA	-0.75	-0.561	18.01	364
C	-0.46	-1.579	16.903	364
N	0.817	-1.731	16.568	365
CA	1.338	-2.746	15.658	365
C	2.21	-3.777	16.393	365
N	3.004	-4.569	15.651	366
CA	3.805	-5.651	16.208	366
C	4.751	-5.216	17.33	366
N	4.806	-6.022	18.394	367
CA	5.799	-5.891	19.465	367
C	5.587	-4.682	20.377	367
N	4.331	-4.399	20.739	368
CA	3.934	-3.294	21.625	368
C	4.463	-1.931	21.143	368
N	4.444	-1.712	19.824	369
CA	4.836	-0.448	19.198	369
C	3.618	0.263	18.623	369
N	3.596	1.6	18.649	370
CA	2.571	2.36	17.921	370
C	2.668	2.038	16.432	370
N	1.528	1.791	15.793	371
CA	1.452	1.591	14.352	371
C	1.652	2.955	13.683	371
N	2.899	3.264	13.343	372
CA	3.334	4.538	12.773	372
C	4.351	4.301	11.663	372
N	4.467	5.266	10.744	373
CA	5.418	5.218	9.624	373
C	5.263	3.933	8.794	373
N	4.019	3.502	8.599	374
CA	3.666	2.265	7.918	374
C	3.656	2.445	6.396	374
N	4.735	2.992	5.839	375
CA	4.895	3.21	4.404	375
C	6.236	2.672	3.908	375
N	6.259	2.211	2.66	376
CA	7.465	1.765	1.969	376
C	8.178	2.961	1.336	376
N	9.51	2.929	1.327	377
CA	10.295	3.893	0.56	377
C	9.965	3.813	-0.944	377
N	10.038	4.946	-1.645	378
CA	9.841	5.012	-3.1	378
C	10.863	4.161	-3.843	378
N	10.397	3.483	-4.882	379
CA	11.152	2.549	-5.698	379
C	11.527	3.195	-7.04	379
N	12.672	2.825	-7.637	380
CA	13.09	3.389	-8.913	380
C	12.119	3.022	-10.048	380
N	11.846	3.98	-10.941	381
CA	10.998	3.745	-12.117	381
C	11.575	2.689	-13.069	381
N	12.905	2.553	-13.141	382
CA	13.595	1.557	-13.973	382
C	13.153	1.557	-15.451	382
N	12.894	2.747	-16.001	383
CA	12.496	2.947	-17.398	383
C	10.987	2.931	-17.647	383
N	10.159	2.689	-16.621	384
CA	8.709	2.899	-16.714	384
C	8.395	4.377	-16.927	384
N	7.33	4.629	-17.676	385
CA	6.76	5.958	-17.893	385
C	5.48	6.048	-17.073	385
N	5.323	7.136	-16.325	386
CA	4.059	7.468	-15.666	386
C	3.214	8.243	-16.675	386
N	1.971	7.828	-16.874	387
CA	1.003	8.538	-17.707	387
C	0.198	9.528	-16.859	387
N	-0.243	10.635	-17.453	388
CA	-1.146	11.599	-16.823	388
C	-2.415	11.763	-17.666	388
N	-3.595	11.746	-17.042	389
CA	-4.882	11.951	-17.736	389
C	-5.164	13.417	-18.099	389
N	-4.26	14.322	-17.73	390
CA	-4.382	15.763	-17.898	390
C	-3.056	16.364	-18.382	390
N	-3.083	17.481	-19.132	391
CA	-1.857	18.145	-19.547	391
C	-1.123	18.698	-18.32	391
N	0.197	18.499	-18.263	392
CA	1.037	19.164	-17.275	392
C	0.858	20.686	-17.416	392
N	0.616	21.373	-16.296	393
CA	0.451	22.824	-16.285	393
C	1.685	23.481	-16.896	393
N	1.487	24.241	-17.975	394
CA	2.565	24.961	-18.653	394
C	2.909	26.179	-17.806	394
N	3.931	26.068	-16.96	395
CA	4.613	27.265	-16.489	395
C	5.211	27.949	-17.714	395
N	4.738	29.164	-17.956	396
CA	5.071	29.966	-19.122	396
C	6.555	30.337	-19.102	396
N	7.411	29.475	-19.651	397
CA	8.779	29.825	-20.024	397
C	9.145	29.159	-21.353	397
N	9.289	29.927	-22.449	398
CA	9.66	29.379	-23.741	398
C	11.169	29.119	-23.751	398
N	11.595	27.918	-23.355	399
CA	12.938	27.417	-23.675	399
C	12.846	26.028	-24.289	399
N	13.186	25.99	-25.578	400
CA	13.46	24.815	-26.4	400
C	12.403	23.7	-26.318	400
N	11.345	23.848	-27.118	401
CA	10.523	22.72	-27.531	401
C	11.377	21.766	-28.389	401
N	12.081	20.843	-27.737	402
CA	12.41	19.559	-28.349	402
C	11.085	18.863	-28.702	402
N	10.997	18.148	-29.835	403
CA	9.763	17.494	-30.231	403
C	9.352	16.527	-29.122	403
N	8.241	16.836	-28.443	404
CA	7.558	15.907	-27.543	404
C	7.36	14.634	-28.348	404
N	8.146	13.61	-28.017	405
CA	7.919	12.267	-28.504	405
C	6.499	11.94	-28.074	405
N	5.593	11.916	-29.05	406
CA	4.249	11.398	-28.896	406
C	4.407	9.894	-28.644	406
N	4.848	9.538	-27.436	407
CA	4.865	8.173	-26.962	407
C	3.407	7.755	-26.995	407
N	3.094	6.951	-28.004	408
CA	1.732	6.549	-28.28	408
C	1.249	5.762	-27.071	408
N	0.213	6.263	-26.398	409
CA	-0.529	5.6	-25.314	409
C	-1.151	4.245	-25.686	409
N	-0.832	3.725	-26.864	410
CA	-1.379	2.475	-27.333	410
C	-0.665	1.365	-26.577	410
N	-1.432	0.548	-25.857	411
CA	-0.888	-0.652	-25.251	411
C	-0.259	-1.52	-26.354	411
N	0.703	-2.378	-26.008	412
CA	1.314	-3.279	-26.991	412
C	0.257	-4.1	-27.767	412
N	-0.859	-4.441	-27.107	413
CA	-2.025	-5.077	-27.722	413
C	-2.726	-4.21	-28.773	413
N	-2.863	-2.903	-28.542	414
CA	-3.471	-1.969	-29.497	414
C	-2.592	-1.785	-30.734	414
N	-1.273	-1.664	-30.539	415
CA	-0.309	-1.594	-31.646	415
C	-0.403	-2.871	-32.484	415
N	-0.439	-4.033	-31.829	416
CA	-0.539	-5.322	-32.499	416
C	-1.877	-5.474	-33.243	416
N	-2.983	-5.031	-32.643	417
CA	-4.303	-5.017	-33.265	417
C	-4.347	-4.099	-34.496	417
N	-3.729	-2.916	-34.434	418
CA	-3.611	-2.009	-35.579	418
C	-2.755	-2.612	-36.697	418
N	-1.614	-3.221	-36.361	419
CA	-0.733	-3.879	-37.338	419
C	-1.454	-5.044	-38.018	419
N	-2.092	-5.936	-37.253	420
CA	-2.853	-7.05	-37.823	420
C	-4.087	-6.583	-38.596	420
N	-4.792	-5.554	-38.121	421
CA	-5.92	-4.947	-38.826	421
C	-5.509	-4.362	-40.18	421
N	-4.37	-3.664	-40.237	422
CA	-3.82	-3.116	-41.478	422
C	-3.361	-4.229	-42.434	422
N	-2.661	-5.252	-41.928	423
CA	-2.251	-6.42	-42.716	423
C	-3.465	-7.172	-43.284	423
N	-4.518	-7.358	-42.487	424
CA	-5.765	-7.981	-42.927	424
C	-6.471	-7.147	-44.006	424
N	-6.509	-5.82	-43.861	425
CA	-7.078	-4.929	-44.869	425
C	-6.292	-4.98	-46.194	425
N	-4.956	-4.912	-46.142	426
CA	-4.085	-4.978	-47.331	426
C	-4.228	-6.322	-48.05	426
N	-4.228	-7.435	-47.312	427
CA	-4.396	-8.779	-47.894	427
C	-5.797	-8.985	-48.473	427
N	-6.842	-8.474	-47.815	428
CA	-8.22	-8.498	-48.327	428
C	-8.369	-7.698	-49.625	428
N	-7.777	-6.5	-49.704	429
CA	-7.768	-5.69	-50.935	429
C	-6.983	-6.392	-52.046	429
N	-5.813	-6.966	-51.744	430
CA	-5.024	-7.723	-52.716	430
C	-5.808	-8.925	-53.275	430
N	-6.508	-9.666	-52.411	431
CA	-7.366	-10.783	-52.805	431
C	-8.532	-10.328	-53.699	431
N	-9.221	-9.235	-53.347	432
CA	-10.294	-8.66	-54.171	432
C	-9.79	-8.185	-55.545	432
N	-8.601	-7.577	-55.61	433
CA	-7.962	-7.177	-56.875	433
C	-7.612	-8.406	-57.718	433
N	-7.095	-9.473	-57.105	434
CA	-6.766	-10.72	-57.795	434
C	-8.02	-11.425	-58.335	434
N	-9.107	-11.473	-57.557	435
CA	-10.402	-12.0	-58.004	435
C	-10.979	-11.194	-59.176	435
N	-10.939	-9.853	-59.122	436
CA	-11.376	-9.001	-60.248	436
C	-10.527	-9.214	-61.506	436
N	-9.217	-9.45	-61.361	437
CA	-8.321	-9.778	-62.486	437
C	-8.632	-11.151	-63.091	437
N	-8.957	-12.157	-62.276	438
CA	-9.379	-13.476	-62.767	438
C	-10.734	-13.414	-63.48	438
N	-11.709	-12.685	-62.931	439
CA	-13.023	-12.542	-63.563	439
C	-12.94	-11.834	-64.927	439
N	-12.045	-10.841	-65.082	440
CA	-11.774	-10.193	-66.383	440
C	-11.037	-11.088	-67.384	440
N	-10.257	-12.075	-66.927	441
CA	-9.598	-13.048	-67.817	441
C	-10.543	-14.169	-68.259	441
N	-11.529	-14.541	-67.44	442
CA	-12.509	-15.582	-67.777	442
C	-13.528	-15.195	-68.858	442
N	-13.795	-13.904	-69.08	443
CA	-14.857	-13.467	-70.014	443
C	-14.425	-13.341	-71.481	443
N	-13.153	-13.587	-71.831	444
CA	-12.646	-13.426	-73.214	444
C	-12.493	-14.728	-74.025	444
N	-13.021	-15.864	-73.558	445
CA	-12.791	-17.185	-74.18	445
C	-13.968	-17.854	-74.909	445
N	-15.133	-17.212	-75.042	446
CA	-16.323	-17.833	-75.645	446
C	-16.363	-17.728	-77.172	446
N	-15.969	-18.802	-77.855	447
CA	-16.071	-19.014	-79.31	447
C	-17.538	-18.964	-79.767	447
N	-17.853	-18.144	-80.776	448
CA	-19.118	-18.212	-81.524	448
C	-18.825	-18.558	-82.984	448
N	-19.137	-19.795	-83.364	449
CA	-19.092	-20.325	-84.73	449
C	-20.348	-19.861	-85.5	449
N	-20.218	-19.405	-86.754	450
CA	-21.343	-19.312	-87.71	450
C	-20.948	-20.009	-89.025	450
N	-21.766	-20.939	-89.562	451
CA	-21.403	-21.773	-90.707	451
C	-21.669	-21.115	-92.073	451
N	-21.077	-21.741	-93.094	452
CA	-20.848	-21.302	-94.47	452
C	-22.085	-21.227	-95.385	452
N	-21.952	-20.469	-96.479	453
CA	-22.754	-20.642	-97.693	453
C	-21.849	-20.568	-98.94	453
N	-22.169	-21.413	-99.919	454
CA	-21.375	-21.865	-101.073	454
C	-21.98	-21.292	-102.359	454
N	-21.162	-20.836	-103.316	455
CA	-21.395	-20.926	-104.775	455
C	-20.175	-20.303	-105.498	455
N	-19.252	-21.053	-106.105	456
CA	-19.266	-21.747	-107.411	456
C	-19.075	-20.84	-108.649	456
N	-18.262	-21.352	-109.59	457
CA	-17.916	-20.871	-110.952	457
C	-16.83	-19.778	-111.019	457
N	-15.74	-19.872	-111.785	458
CA	-15.319	-20.803	-112.832	458
C	-14.611	-20.009	-113.941	458
N	-13.273	-19.945	-113.915	459
CA	-12.361	-19.712	-115.048	459
C	-10.919	-19.996	-114.606	459
