ATOM	X	Y	Z	RESIDUE
N	10.081	13.155	10.607	1
CA	10.461	12.851	12.008	1
C	10.131	11.403	12.434	1
N	9.966	10.449	11.498	2
CA	9.574	9.048	11.775	2
C	10.707	8.003	11.598	2
N	11.969	8.424	11.422	3
CA	13.093	7.535	11.045	3
C	14.206	7.36	12.098	3
N	14.035	7.845	13.332	4
CA	15.093	7.785	14.361	4
C	14.908	6.702	15.444	4
N	13.912	5.812	15.333	5
CA	13.566	4.853	16.395	5
C	13.967	3.375	16.151	5
N	14.729	3.041	15.099	6
CA	15.057	1.634	14.75	6
C	16.494	1.185	15.07	6
N	17.311	2.029	15.709	7
CA	18.679	1.665	16.112	7
C	18.781	1.521	17.628	7
N	18.487	0.329	18.177	8
CA	19.042	-0.245	19.437	8
C	18.237	-1.474	19.898	8
N	18.658	-2.684	19.52	9
CA	18.435	-3.9	20.329	9
C	19.723	-4.748	20.263	9
N	20.438	-4.973	21.384	10
CA	21.629	-5.82	21.436	10
C	21.266	-7.31	21.651	10
N	22.154	-8.262	21.297	11
CA	21.874	-9.696	21.355	11
C	22.075	-10.252	22.775	11
N	21.078	-10.943	23.339	12
CA	21.23	-11.649	24.619	12
C	21.765	-13.079	24.418	12
N	22.966	-13.328	24.958	13
CA	23.656	-14.629	25.033	13
C	23.079	-15.508	26.159	13
N	22.905	-16.804	25.864	14
CA	22.527	-17.909	26.777	14
C	23.517	-18.138	27.936	14
N	23.006	-18.57	29.101	15
CA	23.642	-19.585	29.975	15
C	22.587	-20.488	30.641	15
N	22.856	-21.798	30.589	16
CA	22.07	-22.946	31.083	16
C	22.337	-23.217	32.574	16
N	21.331	-23.695	33.321	17
CA	21.466	-24.762	34.346	17
C	20.103	-25.216	34.921	17
N	19.648	-26.377	34.427	18
CA	19.019	-27.585	35.042	18
C	18.146	-27.58	36.329	18
N	17.239	-28.588	36.475	19
CA	15.944	-28.5	37.175	19
C	15.809	-29.398	38.43	19
N	14.754	-29.202	39.238	20
CA	14.24	-30.242	40.145	20
C	12.707	-30.202	40.301	20
N	12.123	-31.393	40.163	21
CA	10.713	-31.792	40.231	21
C	10.117	-31.805	41.652	21
N	8.786	-31.618	41.751	22
CA	7.763	-32.468	42.431	22
C	6.464	-31.634	42.627	22
N	5.386	-31.818	41.828	23
CA	4.21	-32.728	42.015	23
C	3.575	-32.608	43.416	23
N	2.273	-32.433	43.689	24
CA	0.932	-32.442	43.047	24
C	-0.008	-31.854	44.153	24
N	-1.077	-31.072	43.947	25
CA	-2.434	-31.519	43.565	25
C	-3.488	-30.413	43.855	25
N	-4.425	-30.252	42.908	26
CA	-5.838	-29.801	42.953	26
C	-6.352	-28.724	43.943	26
N	-6.883	-27.597	43.42	27
CA	-8.339	-27.313	43.309	27
C	-8.677	-25.909	42.718	27
N	-9.585	-25.921	41.725	28
CA	-10.686	-24.984	41.368	28
C	-10.519	-23.454	41.164	28
N	-10.96	-23.047	39.955	29
CA	-11.954	-21.997	39.599	29
C	-11.596	-20.496	39.515	29
N	-11.906	-19.956	38.32	30
CA	-12.493	-18.645	37.968	30
C	-11.677	-17.621	37.149	30
N	-12.4	-17.067	36.155	31
CA	-12.164	-15.912	35.27	31
C	-11.493	-16.145	33.902	31
N	-12.299	-16.524	32.898	32
CA	-11.969	-16.407	31.471	32
C	-13.093	-15.692	30.712	32
N	-12.824	-14.486	30.199	33
CA	-13.568	-13.882	29.079	33
C	-12.674	-13.083	28.097	33
N	-11.337	-13.207	28.168	34
CA	-10.392	-12.539	27.244	34
C	-9.367	-13.498	26.585	34
N	-9.621	-14.816	26.585	35
CA	-8.656	-15.84	26.118	35
C	-8.889	-16.3	24.661	35
N	-10.021	-15.98	24.034	36
CA	-10.364	-16.53	22.71	36
C	-9.578	-15.931	21.529	36
N	-9.12	-14.676	21.606	37
CA	-8.265	-14.092	20.556	37
C	-6.81	-14.561	20.682	37
N	-6.313	-14.661	21.919	38
CA	-4.942	-15.072	22.214	38
C	-4.739	-16.574	21.971	38
N	-5.738	-17.411	22.272	39
CA	-5.698	-18.854	21.994	39
C	-5.743	-19.177	20.496	39
N	-6.502	-18.419	19.688	40
CA	-6.51	-18.551	18.217	40
C	-5.171	-18.159	17.59	40
N	-4.548	-17.084	18.077	41
CA	-3.211	-16.685	17.641	41
C	-2.153	-17.731	18.038	41
N	-2.2	-18.239	19.278	42
CA	-1.307	-19.308	19.758	42
C	-1.472	-20.579	18.915	42
N	-2.701	-20.996	18.594	43
CA	-2.959	-22.162	17.746	43
C	-2.305	-22.038	16.354	43
N	-2.336	-20.851	15.739	44
CA	-1.695	-20.584	14.442	44
C	-0.16	-20.553	14.522	44
N	0.423	-19.986	15.588	45
CA	1.874	-20.084	15.833	45
C	2.339	-21.542	15.983	45
N	1.447	-22.413	16.46	46
CA	1.706	-23.85	16.604	46
C	1.807	-24.532	15.228	46
N	1.024	-24.098	14.231	47
CA	1.052	-24.642	12.862	47
C	2.351	-24.301	12.111	47
N	2.831	-23.056	12.212	48
CA	4.108	-22.619	11.614	48
C	5.316	-23.356	12.223	48
N	5.215	-23.731	13.496	49
CA	6.222	-24.519	14.186	49
C	6.294	-25.978	13.707	49
N	5.134	-26.625	13.529	50
CA	5.021	-27.978	12.945	50
C	5.579	-28.012	11.513	50
N	5.428	-26.913	10.77	51
CA	5.986	-26.723	9.43	51
C	7.523	-26.816	9.396	51
N	8.212	-26.262	10.396	52
CA	9.674	-26.291	10.46	52
C	10.242	-27.671	10.853	52
N	9.535	-28.447	11.691	53
CA	9.922	-29.841	12.02	53
C	9.811	-30.74	10.794	53
N	8.773	-30.519	9.985	54
CA	8.591	-31.215	8.722	54
C	9.783	-30.984	7.775	54
N	10.329	-29.771	7.689	55
CA	11.474	-29.503	6.808	55
C	12.807	-30.088	7.301	55
N	13.061	-30.129	8.615	56
CA	14.255	-30.803	9.167	56
C	14.251	-32.32	8.901	56
N	13.066	-32.91	8.725	57
CA	12.936	-34.31	8.316	57
C	13.365	-34.543	6.857	57
N	13.228	-33.519	6.0	58
CA	13.655	-33.538	4.6	58
C	15.176	-33.569	4.421	58
N	15.928	-32.901	5.3	59
CA	17.402	-32.925	5.299	59
C	17.986	-34.201	5.942	59
N	17.23	-34.896	6.805	60
CA	17.696	-36.09	7.54	60
C	17.245	-37.437	6.956	60
N	16.416	-37.439	5.905	61
CA	15.923	-38.659	5.253	61
C	14.995	-39.528	6.119	61
N	14.531	-39.032	7.275	62
CA	13.585	-39.737	8.157	62
C	12.152	-39.299	7.851	62
N	11.233	-40.253	7.71	63
CA	9.808	-39.987	7.473	63
C	9.157	-39.273	8.667	63
N	8.572	-38.092	8.448	64
CA	7.834	-37.334	9.465	64
C	6.39	-37.831	9.614	64
N	6.001	-38.189	10.84	65
CA	4.651	-38.634	11.167	65
C	3.821	-37.478	11.753	65
N	3.036	-36.817	10.898	66
CA	2.161	-35.686	11.253	66
C	1.179	-36.003	12.403	66
N	0.861	-37.286	12.617	67
CA	-0.106	-37.718	13.632	67
C	0.424	-37.698	15.073	67
N	1.746	-37.651	15.278	68
CA	2.342	-37.472	16.611	68
C	2.471	-35.99	16.994	68
N	2.607	-35.092	16.015	69
CA	2.78	-33.645	16.231	69
C	1.482	-32.931	16.625	69
N	0.331	-33.439	16.17	70
CA	-1.0	-32.914	16.534	70
C	-1.392	-33.301	17.975	70
N	-0.805	-34.364	18.551	71
CA	-1.03	-34.731	19.965	71
C	-0.295	-33.824	20.958	71
N	0.594	-32.961	20.468	72
CA	1.423	-32.045	21.263	72
C	0.872	-30.603	21.186	72
N	-0.258	-30.355	20.505	73
CA	-0.846	-29.017	20.309	73
C	-1.366	-28.311	21.589	73
N	-1.173	-28.904	22.772	74
CA	-1.306	-28.235	24.075	74
C	0.032	-27.739	24.652	74
N	1.152	-27.96	23.961	75
CA	2.494	-27.512	24.336	75
C	3.014	-26.506	23.294	75
N	3.463	-25.34	23.763	76
CA	4.023	-24.261	22.942	76
C	5.156	-24.766	22.039	76
N	5.051	-24.586	20.718	77
CA	6.17	-24.901	19.816	77
C	7.341	-23.954	20.114	77
N	8.595	-24.443	20.209	78
CA	9.734	-23.579	20.475	78
C	9.885	-22.505	19.392	78
N	9.962	-21.246	19.818	79
CA	10.18	-20.018	19.026	79
C	11.265	-20.153	17.923	79
N	12.224	-21.068	18.117	80
CA	13.298	-21.414	17.176	80
C	12.8	-21.95	15.821	80
N	11.663	-22.646	15.783	81
CA	11.14	-23.286	14.572	81
C	10.429	-22.297	13.636	81
N	9.581	-21.417	14.174	82
CA	8.953	-20.308	13.427	82
C	10.034	-19.382	12.846	82
N	11.076	-19.12	13.643	83
CA	12.245	-18.344	13.214	83
C	12.949	-18.985	12.011	83
N	12.984	-20.318	11.899	84
CA	13.661	-21.001	10.793	84
C	12.954	-20.805	9.438	84
N	11.619	-20.907	9.383	85
CA	10.858	-20.667	8.146	85
C	10.955	-19.202	7.695	85
N	10.828	-18.265	8.643	86
CA	11.04	-16.838	8.395	86
C	12.436	-16.567	7.826	86
N	13.481	-17.131	8.438	87
CA	14.86	-16.983	7.957	87
C	15.026	-17.569	6.554	87
N	14.423	-18.725	6.24	88
CA	14.497	-19.32	4.893	88
C	13.862	-18.439	3.818	88
N	12.712	-17.812	4.081	89
CA	12.104	-16.896	3.1	89
C	12.931	-15.612	2.972	89
N	13.409	-15.065	4.091	90
CA	14.17	-13.814	4.1	90
C	15.567	-13.96	3.476	90
N	16.18	-15.143	3.593	91
CA	17.573	-15.436	3.22	91
C	17.674	-16.684	2.337	91
N	16.768	-16.81	1.364	92
CA	16.659	-17.999	0.509	92
C	17.872	-18.264	-0.388	92
N	18.689	-17.247	-0.69	93
CA	19.901	-17.399	-1.51	93
C	19.646	-17.626	-3.007	93
N	18.413	-17.405	-3.472	94
CA	18.019	-17.532	-4.874	94
C	17.255	-16.294	-5.357	94
N	17.465	-15.93	-6.621	95
CA	16.742	-14.863	-7.321	95
C	16.041	-15.399	-8.579	95
N	15.125	-14.619	-9.14	96
CA	14.492	-14.886	-10.427	96
C	15.435	-14.528	-11.591	96
N	15.365	-15.241	-12.729	97
CA	16.349	-15.111	-13.808	97
C	16.18	-13.879	-14.711	97
N	15.113	-13.085	-14.553	98
CA	14.839	-11.937	-15.433	98
C	15.768	-10.732	-15.2	98
N	16.521	-10.737	-14.101	99
CA	17.538	-9.748	-13.764	99
C	18.712	-10.401	-13.037	99
N	19.644	-9.598	-12.536	100
CA	20.737	-10.051	-11.67	100
C	20.817	-9.206	-10.417	100
N	21.447	-9.752	-9.388	101
CA	21.618	-9.074	-8.114	101
C	23.104	-8.986	-7.782	101
N	23.539	-7.827	-7.287	102
CA	24.893	-7.589	-6.778	102
C	24.784	-6.962	-5.386	102
N	25.328	-7.623	-4.371	103
CA	25.478	-7.085	-3.026	103
C	26.864	-6.449	-2.867	103
N	26.917	-5.251	-2.293	104
CA	28.109	-4.4	-2.231	104
C	28.304	-3.867	-0.814	104
N	29.549	-3.845	-0.352	105
CA	29.944	-3.174	0.883	105
C	29.873	-1.648	0.705	105
N	29.098	-0.978	1.559	106
CA	28.762	0.447	1.422	106
C	29.993	1.382	1.408	106
N	30.978	1.274	2.326	107
CA	32.139	2.163	2.315	107
C	33.196	1.81	1.258	107
N	33.41	0.526	0.94	108
CA	34.49	0.119	0.025	108
C	34.07	-0.043	-1.436	108
N	32.765	-0.045	-1.731	109
CA	32.191	-0.346	-3.052	109
C	32.55	-1.743	-3.59	109
N	33.037	-2.645	-2.729	110
CA	33.447	-3.999	-3.114	110
C	32.271	-4.963	-3.115	110
N	32.231	-5.849	-4.104	111
CA	31.184	-6.868	-4.23	111
C	31.318	-7.909	-3.106	111
N	30.277	-8.023	-2.278	112
CA	30.097	-9.027	-1.218	112
C	29.386	-10.291	-1.719	112
N	28.598	-10.166	-2.783	113
CA	27.9	-11.281	-3.408	113
C	27.283	-10.88	-4.738	113
N	27.036	-11.848	-5.605	114
CA	26.393	-11.646	-6.898	114
C	25.629	-12.903	-7.318	114
N	24.64	-12.766	-8.194	115
CA	23.958	-13.917	-8.792	115
C	24.763	-14.523	-9.943	115
N	24.704	-15.847	-10.12	116
CA	25.494	-16.563	-11.142	116
C	25.314	-16.001	-12.568	116
N	24.123	-15.486	-12.885	117
CA	23.801	-14.889	-14.184	117
C	24.327	-13.45	-14.38	117
N	24.894	-12.806	-13.352	118
CA	25.317	-11.406	-13.419	118
C	26.416	-11.165	-14.467	118
N	27.362	-12.106	-14.602	119
CA	28.474	-12.031	-15.569	119
C	27.974	-11.987	-17.008	119
N	27.097	-12.925	-17.351	120
CA	26.531	-13.045	-18.694	120
C	25.643	-11.838	-19.022	120
N	24.785	-11.438	-18.078	121
CA	23.859	-10.335	-18.315	121
C	24.572	-8.985	-18.495	121
N	25.655	-8.732	-17.75	122
CA	26.491	-7.544	-17.941	122
C	27.339	-7.606	-19.223	122
N	27.499	-8.781	-19.841	123
CA	28.327	-9.002	-21.028	123
C	29.812	-9.129	-20.695	123
N	30.132	-9.859	-19.626	124
CA	31.488	-10.129	-19.14	124
C	31.737	-11.638	-19.295	124
N	31.89	-12.111	-20.532	125
CA	32.285	-13.501	-20.825	125
C	33.728	-13.545	-21.333	125
N	34.585	-14.456	-20.834	126
CA	35.917	-14.661	-21.397	126
C	35.789	-15.209	-22.827	126
N	36.453	-14.575	-23.796	127
CA	36.557	-15.105	-25.155	127
C	37.5	-16.315	-25.147	127
N	36.962	-17.525	-25.015	128
CA	37.702	-18.758	-25.289	128
C	36.953	-19.603	-26.318	128
N	37.333	-19.415	-27.585	129
CA	37.178	-20.451	-28.611	129
C	38.047	-21.634	-28.16	129
N	37.517	-22.86	-28.007	130
CA	38.348	-24.006	-27.679	130
C	39.171	-24.372	-28.918	130
N	40.476	-24.106	-28.897	131
CA	41.404	-24.812	-29.777	131
C	41.399	-26.284	-29.367	131
N	41.056	-27.166	-30.308	132
CA	41.226	-28.607	-30.162	132
C	42.716	-28.903	-30.014	132
N	43.18	-29.119	-28.793	133
CA	44.295	-29.99	-28.418	133
C	44.222	-30.135	-26.885	133
N	44.552	-31.313	-26.362	134
CA	44.601	-31.654	-24.927	134
C	43.283	-32.085	-24.251	134
N	42.651	-33.106	-24.841	135
CA	42.067	-34.195	-24.042	135
C	43.168	-35.218	-23.78	135
N	43.616	-35.346	-22.533	136
CA	43.983	-36.605	-21.868	136
C	44.687	-36.298	-20.54	136
N	43.967	-36.524	-19.443	137
CA	44.365	-37.443	-18.367	137
C	43.912	-36.95	-16.993	137
N	43.015	-37.752	-16.432	138
CA	42.396	-37.567	-15.146	138
C	43.277	-38.11	-14.01	138
N	43.035	-37.525	-12.835	139
CA	43.061	-38.145	-11.511	139
C	44.341	-38.045	-10.653	139
N	44.056	-37.847	-9.358	140
CA	44.883	-38.018	-8.156	140
C	45.746	-36.844	-7.632	140
N	45.169	-36.193	-6.61	141
CA	45.705	-36.105	-5.242	141
C	46.751	-35.032	-4.842	141
N	46.337	-34.284	-3.802	142
CA	47.084	-33.841	-2.608	142
C	48.192	-32.771	-2.726	142
N	47.902	-31.611	-2.121	143
CA	48.843	-30.904	-1.234	143
C	49.424	-29.582	-1.767	143
N	49.549	-28.524	-0.933	144
CA	49.552	-27.132	-1.388	144
C	50.952	-26.491	-1.44	144
N	51.005	-25.286	-2.026	145
CA	52.099	-24.292	-2.047	145
C	52.962	-24.27	-3.316	145
N	52.559	-23.426	-4.264	146
CA	53.496	-22.66	-5.084	146
C	52.843	-21.348	-5.531	146
N	53.655	-20.303	-5.481	147
CA	53.345	-18.879	-5.625	147
C	53.059	-18.557	-7.102	147
N	51.976	-17.853	-7.494	148
CA	51.841	-17.395	-8.871	148
C	52.583	-16.069	-9.057	148
N	53.553	-16.114	-9.961	149
CA	54.265	-14.996	-10.563	149
C	53.319	-13.942	-11.144	149
N	53.746	-12.678	-11.059	150
CA	53.212	-11.575	-11.852	150
C	53.278	-11.971	-13.334	150
N	52.131	-12.114	-14.012	151
CA	51.915	-11.747	-15.433	151
C	50.515	-12.115	-16.009	151
N	49.571	-12.677	-15.236	152
CA	48.182	-12.95	-15.698	152
C	47.193	-11.775	-15.491	152
N	47.458	-10.611	-16.101	153
CA	46.68	-9.371	-15.857	153
C	45.351	-9.202	-16.619	153
N	44.873	-10.179	-17.394	154
CA	43.697	-9.979	-18.265	154
C	42.414	-10.769	-17.92	154
N	42.403	-11.647	-16.908	155
CA	41.209	-12.453	-16.549	155
C	40.427	-11.963	-15.301	155
N	40.817	-10.838	-14.691	156
CA	40.347	-10.414	-13.36	156
C	39.094	-9.497	-13.32	156
N	38.227	-9.492	-14.338	157
CA	37.26	-8.393	-14.504	157
C	35.987	-8.44	-13.616	157
N	35.541	-9.601	-13.111	158
CA	34.317	-9.709	-12.285	158
C	34.428	-10.831	-11.233	158
N	34.842	-10.478	-10.013	159
CA	34.99	-11.398	-8.885	159
C	34.466	-10.788	-7.57	159
N	34.336	-11.622	-6.531	160
CA	34.134	-11.127	-5.165	160
C	35.291	-10.186	-4.795	160
N	34.981	-9.069	-4.14	161
CA	35.961	-8.04	-3.79	161
C	36.292	-7.028	-4.898	161
N	35.816	-7.217	-6.137	162
CA	35.94	-6.216	-7.214	162
C	35.119	-4.965	-6.881	162
N	35.606	-3.783	-7.266	163
CA	34.859	-2.526	-7.142	163
C	33.713	-2.477	-8.164	163
N	32.475	-2.346	-7.686	164
CA	31.271	-2.356	-8.53	164
C	31.27	-1.23	-9.576	164
N	31.932	-0.1	-9.298	165
CA	32.014	1.052	-10.214	165
C	32.804	0.726	-11.48	165
N	33.681	-0.279	-11.433	166
CA	34.437	-0.741	-12.594	166
C	33.55	-1.421	-13.654	166
N	32.357	-1.883	-13.27	167
CA	31.453	-2.648	-14.132	167
C	30.558	-1.775	-15.015	167
N	30.364	-0.515	-14.63	168
CA	29.458	0.41	-15.301	168
C	30.205	1.583	-15.946	168
N	29.514	2.319	-16.82	169
CA	30.042	3.559	-17.409	169
C	30.362	4.592	-16.323	169
N	31.25	5.548	-16.612	170
CA	31.627	6.577	-15.633	170
C	30.42	7.397	-15.137	170
N	29.465	7.711	-16.022	171
CA	28.207	8.37	-15.645	171
C	27.366	7.524	-14.684	171
N	27.294	6.213	-14.917	172
CA	26.582	5.271	-14.045	172
C	27.257	5.128	-12.676	172
N	28.593	5.157	-12.627	173
CA	29.348	5.126	-11.374	173
C	29.061	6.36	-10.499	173
N	28.982	7.556	-11.097	174
CA	28.608	8.783	-10.379	174
C	27.176	8.717	-9.82	174
N	26.237	8.119	-10.565	175
CA	24.869	7.894	-10.082	175
C	24.835	6.922	-8.897	175
N	25.626	5.845	-8.945	176
CA	25.768	4.893	-7.84	176
C	26.362	5.548	-6.587	176
N	27.429	6.341	-6.712	177
CA	28.026	7.067	-5.578	177
C	27.032	8.044	-4.935	177
N	26.254	8.749	-5.766	178
CA	25.187	9.638	-5.299	178
C	24.075	8.865	-4.587	178
N	23.679	7.705	-5.115	179
CA	22.668	6.85	-4.502	179
C	23.148	6.289	-3.154	179
N	24.379	5.774	-3.068	180
CA	24.974	5.271	-1.82	180
C	25.06	6.369	-0.747	180
N	25.301	7.619	-1.149	181
CA	25.36	8.766	-0.23	181
C	23.98	9.295	0.194	181
N	22.89	8.839	-0.433	182
CA	21.546	9.313	-0.126	182
C	21.099	8.829	1.263	182
N	20.499	9.729	2.054	183
CA	19.91	9.377	3.358	183
C	18.812	8.327	3.195	183
N	17.978	8.519	2.18	184
CA	16.872	7.644	1.819	184
C	17.121	7.089	0.411	184
N	17.731	5.901	0.322	185
CA	18.1	5.282	-0.967	185
C	16.867	4.978	-1.82	185
N	15.742	4.637	-1.188	186
CA	14.496	4.291	-1.876	186
C	13.998	5.402	-2.815	186
N	14.231	6.682	-2.482	187
CA	13.86	7.842	-3.312	187
C	14.703	7.994	-4.586	187
N	15.87	7.348	-4.645	188
CA	16.726	7.345	-5.833	188
C	16.354	6.22	-6.804	188
N	15.509	5.27	-6.388	189
CA	15.104	4.153	-7.227	189
C	14.004	4.572	-8.226	189
N	14.059	4.096	-9.482	190
CA	15.164	3.347	-10.071	190
C	16.284	4.295	-10.536	190
N	17.547	3.895	-10.37	191
CA	18.656	4.556	-11.069	191
C	18.846	3.925	-12.447	191
N	19.292	4.706	-13.424	192
CA	19.578	4.19	-14.759	192
C	21.08	4.002	-14.937	192
N	21.505	2.754	-15.122	193
CA	22.916	2.391	-15.256	193
C	23.173	1.603	-16.54	193
N	24.367	1.772	-17.098	194
CA	24.793	1.149	-18.348	194
C	26.027	0.291	-18.099	194
N	26.001	-0.958	-18.573	195
CA	27.184	-1.824	-18.522	195
C	28.332	-1.196	-19.309	195
N	29.538	-1.224	-18.736	196
CA	30.746	-0.734	-19.405	196
C	31.116	-1.587	-20.617	196
N	30.94	-2.906	-20.529	197
CA	31.406	-3.85	-21.557	197
C	30.405	-4.005	-22.693	197
N	29.112	-4.122	-22.376	198
CA	28.066	-4.365	-23.378	198
C	27.269	-3.124	-23.775	198
N	27.354	-2.027	-23.014	199
CA	26.527	-0.832	-23.219	199
C	25.036	-1.029	-22.911	199
N	24.614	-2.237	-22.505	200
CA	23.211	-2.557	-22.216	200
C	22.683	-1.697	-21.054	200
N	21.473	-1.123	-21.178	201
CA	20.85	-0.341	-20.12	201
C	20.135	-1.239	-19.101	201
N	20.211	-0.855	-17.83	202
CA	19.518	-1.507	-16.724	202
C	18.85	-0.472	-15.819	202
N	17.687	-0.829	-15.278	203
CA	17.195	-0.22	-14.049	203
C	17.965	-0.832	-12.876	203
N	18.657	0.012	-12.116	204
CA	19.273	-0.328	-10.841	204
C	18.323	0.012	-9.698	204
N	17.941	-0.983	-8.904	205
CA	17.095	-0.812	-7.721	205
C	17.927	-1.158	-6.49	205
N	18.11	-0.182	-5.603	206
CA	19.025	-0.266	-4.475	206
C	18.277	-0.397	-3.153	206
N	18.768	-1.279	-2.286	207
CA	18.194	-1.53	-0.963	207
C	19.313	-1.692	0.063	207
N	19.249	-0.972	1.188	208
CA	20.171	-1.192	2.316	208
C	19.754	-2.437	3.093	208
N	20.709	-3.327	3.334	209
CA	20.563	-4.529	4.159	209
C	21.516	-4.467	5.362	209
N	21.513	-5.505	6.193	210
CA	22.319	-5.601	7.415	210
C	23.838	-5.552	7.181	210
N	24.315	-6.032	6.03	211
CA	25.753	-6.121	5.704	211
C	26.233	-5.127	4.639	211
N	25.338	-4.371	3.996	212
CA	25.695	-3.502	2.87	212
C	24.489	-3.07	2.037	212
N	24.676	-2.927	0.725	213
CA	23.641	-2.506	-0.23	213
C	23.451	-3.588	-1.295	213
N	22.204	-3.972	-1.554	214
CA	21.817	-4.853	-2.663	214
C	21.408	-3.997	-3.854	214
N	21.959	-4.298	-5.027	215
CA	21.642	-3.676	-6.312	215
C	20.981	-4.74	-7.19	215
N	19.675	-4.616	-7.405	216
CA	18.963	-5.401	-8.411	216
C	19.106	-4.717	-9.774	216
N	19.486	-5.488	-10.786	217
CA	19.696	-5.053	-12.158	217
C	18.639	-5.69	-13.044	217
N	17.712	-4.874	-13.521	218
CA	16.667	-5.31	-14.437	218
C	16.923	-4.758	-15.843	218
N	16.927	-5.598	-16.894	219
CA	17.12	-5.144	-18.265	219
C	16.067	-4.111	-18.675	219
N	16.522	-2.946	-19.125	220
CA	15.668	-1.928	-19.72	220
C	15.55	-2.186	-21.233	220
N	14.334	-2.223	-21.794	221
CA	14.168	-2.345	-23.253	221
C	14.436	-0.99	-23.897	221
N	15.3	-0.923	-24.906	222
CA	15.546	0.328	-25.653	222
C	14.27	0.879	-26.312	222
N	13.284	0.007	-26.541	223
CA	11.963	0.305	-27.109	223
C	10.849	0.421	-26.052	223
N	11.153	0.316	-24.749	224
CA	10.113	0.404	-23.719	224
C	9.437	1.78	-23.814	224
N	8.1	1.862	-23.939	225
CA	7.401	3.138	-23.892	225
C	7.789	3.921	-22.637	225
N	7.998	3.229	-21.51	226
CA	8.458	3.811	-20.249	226
C	9.833	4.515	-20.33	226
N	10.641	4.234	-21.359	227
CA	11.936	4.871	-21.634	227
C	11.849	6.025	-22.639	227
N	10.771	6.106	-23.42	228
CA	10.399	7.358	-24.071	228
C	9.768	8.272	-23.022	228
N	10.138	9.559	-23.0	229
CA	9.442	10.576	-22.185	229
C	7.921	10.433	-22.365	229
N	7.468	10.064	-23.569	230
CA	6.064	9.826	-23.867	230
C	5.424	8.681	-23.059	230
N	6.048	7.507	-22.905	231
CA	5.39	6.393	-22.208	231
C	5.575	6.421	-20.689	231
N	6.654	7.031	-20.176	232
CA	6.734	7.391	-18.757	232
C	5.606	8.368	-18.39	232
N	5.413	9.415	-19.203	233
CA	4.324	10.388	-19.038	233
C	2.96	9.719	-19.186	233
N	2.727	8.872	-20.195	234
CA	1.447	8.159	-20.343	234
C	1.121	7.271	-19.136	234
N	2.11	6.556	-18.585	235
CA	1.901	5.735	-17.384	235
C	1.626	6.583	-16.136	235
N	2.267	7.752	-16.018	236
CA	2.009	8.713	-14.945	236
C	0.646	9.397	-15.103	236
N	0.244	9.772	-16.314	237
CA	-1.076	10.335	-16.611	237
C	-2.185	9.317	-16.355	237
N	-1.994	8.058	-16.754	238
CA	-2.927	6.984	-16.437	238
C	-3.005	6.736	-14.917	238
N	-1.88	6.814	-14.191	239
CA	-1.863	6.756	-12.725	239
C	-2.63	7.926	-12.091	239
N	-2.371	9.164	-12.52	240
CA	-3.045	10.36	-11.99	240
C	-4.542	10.283	-12.27	240
N	-4.939	9.878	-13.484	241
CA	-6.346	9.632	-13.833	241
C	-6.975	8.573	-12.931	241
N	-6.305	7.442	-12.71	242
CA	-6.796	6.39	-11.821	242
C	-6.941	6.874	-10.365	242
N	-5.97	7.628	-9.831	243
CA	-6.043	8.197	-8.473	243
C	-7.188	9.214	-8.367	243
N	-7.332	10.121	-9.338	244
CA	-8.433	11.092	-9.371	244
C	-9.794	10.413	-9.507	244
N	-9.884	9.336	-10.289	245
CA	-11.096	8.532	-10.391	245
C	-11.434	7.903	-9.036	245
N	-10.468	7.267	-8.362	246
CA	-10.648	6.685	-7.026	246
C	-11.121	7.705	-5.979	246
N	-10.56	8.916	-5.997	247
CA	-10.893	9.98	-5.042	247
C	-12.221	10.689	-5.347	247
N	-12.718	10.605	-6.585	248
CA	-13.989	11.221	-7.002	248
C	-15.21	10.31	-6.833	248
N	-15.01	9.042	-6.455	249
CA	-16.104	8.112	-6.185	249
C	-16.973	8.59	-5.004	249
N	-18.304	8.391	-5.067	250
CA	-19.201	8.728	-3.969	250
C	-18.878	7.896	-2.722	250
N	-18.938	8.53	-1.549	251
CA	-18.692	7.851	-0.275	251
C	-19.745	6.776	0.027	251
N	-19.345	5.779	0.816	252
CA	-20.1	4.643	1.351	252
C	-20.241	3.379	0.473	252
N	-19.455	3.213	-0.6	253
CA	-19.443	1.966	-1.39	253
C	-18.036	1.358	-1.563	253
N	-17.67	0.473	-0.627	254
CA	-16.408	-0.289	-0.667	254
C	-16.332	-1.208	-1.892	254
N	-17.468	-1.698	-2.403	255
CA	-17.486	-2.598	-3.559	255
C	-17.138	-1.832	-4.832	255
N	-17.771	-0.678	-5.051	256
CA	-17.455	0.208	-6.176	256
C	-15.983	0.646	-6.16	256
N	-15.439	0.905	-4.966	257
CA	-14.027	1.231	-4.786	257
C	-13.116	0.075	-5.235	257
N	-13.431	-1.163	-4.837	258
CA	-12.677	-2.349	-5.252	258
C	-12.78	-2.606	-6.767	258
N	-13.976	-2.461	-7.349	259
CA	-14.239	-2.666	-8.781	259
C	-13.442	-1.668	-9.646	259
N	-13.435	-0.391	-9.26	260
CA	-12.667	0.654	-9.962	260
C	-11.155	0.387	-9.922	260
N	-10.646	-0.14	-8.801	261
CA	-9.222	-0.475	-8.642	261
C	-8.815	-1.634	-9.547	261
N	-9.589	-2.727	-9.596	262
CA	-9.23	-3.881	-10.442	262
C	-9.257	-3.531	-11.927	262
N	-10.178	-2.666	-12.359	263
CA	-10.246	-2.168	-13.737	263
C	-9.029	-1.306	-14.08	263
N	-8.727	-0.312	-13.239	264
CA	-7.587	0.593	-13.433	264
C	-6.254	-0.161	-13.447	264
N	-6.046	-1.091	-12.506	265
CA	-4.821	-1.906	-12.439	265
C	-4.715	-2.837	-13.647	265
N	-5.827	-3.406	-14.129	266
CA	-5.819	-4.256	-15.326	266
C	-5.471	-3.458	-16.578	266
N	-5.998	-2.246	-16.729	267
CA	-5.668	-1.35	-17.843	267
C	-4.198	-0.906	-17.798	267
N	-3.716	-0.476	-16.626	268
CA	-2.334	-0.031	-16.423	268
C	-1.315	-1.144	-16.663	268
N	-1.57	-2.33	-16.111	269
CA	-0.586	-3.415	-16.122	269
C	-0.764	-4.35	-17.309	269
N	-1.975	-4.509	-17.848	270
CA	-2.344	-5.446	-18.917	270
C	-2.358	-6.93	-18.516	270
N	-2.393	-7.252	-17.215	271
CA	-2.499	-8.646	-16.755	271
C	-3.838	-9.264	-17.188	271
N	-3.9	-10.597	-17.295	272
CA	-5.114	-11.24	-17.818	272
C	-6.25	-11.173	-16.799	272
N	-5.918	-11.283	-15.511	273
CA	-6.838	-11.235	-14.375	273
C	-6.244	-10.36	-13.281	273
N	-7.056	-9.507	-12.675	274
CA	-6.726	-8.68	-11.511	274
C	-7.85	-8.824	-10.495	274
N	-7.502	-9.042	-9.232	275
CA	-8.449	-9.342	-8.161	275
C	-8.096	-8.584	-6.888	275
N	-9.106	-8.174	-6.123	276
CA	-8.93	-7.752	-4.726	276
C	-9.213	-8.954	-3.828	276
N	-8.217	-9.342	-3.037	277
CA	-8.247	-10.454	-2.095	277
C	-8.273	-9.91	-0.662	277
N	-9.42	-9.995	0.011	278
CA	-9.633	-9.475	1.369	278
C	-9.329	-10.556	2.406	278
N	-8.59	-10.226	3.467	279
CA	-8.438	-11.104	4.634	279
C	-9.602	-10.914	5.619	279
N	-10.145	-12.021	6.123	280
CA	-11.14	-12.045	7.201	280
C	-10.464	-12.16	8.576	280
N	-11.238	-12.141	9.662	281
CA	-10.714	-12.159	11.043	281
C	-9.99	-13.456	11.421	281
N	-10.435	-14.582	10.872	282
CA	-9.763	-15.884	10.933	282
C	-8.636	-16.007	9.895	282
N	-8.324	-14.904	9.211	283
CA	-7.202	-14.743	8.303	283
C	-7.246	-15.626	7.038	283
N	-8.375	-16.281	6.755	284
CA	-8.661	-16.78	5.411	284
C	-8.917	-15.583	4.489	284
N	-8.879	-15.781	3.173	285
CA	-9.215	-14.682	2.277	285
C	-10.224	-15.007	1.202	285
N	-10.791	-13.939	0.663	286
CA	-11.919	-13.94	-0.258	286
C	-11.626	-13.005	-1.429	286
N	-11.941	-13.445	-2.647	287
CA	-11.907	-12.579	-3.831	287
C	-13.176	-11.726	-3.876	287
N	-13.081	-10.468	-3.441	288
CA	-14.237	-9.555	-3.312	288
C	-14.555	-8.78	-4.594	288
N	-13.572	-8.624	-5.483	289
CA	-13.715	-7.969	-6.787	289
C	-12.715	-8.554	-7.784	289
N	-13.077	-8.578	-9.066	290
CA	-12.285	-9.183	-10.135	290
C	-12.531	-8.504	-11.49	290
N	-11.449	-8.211	-12.216	291
CA	-11.462	-7.857	-13.637	291
C	-10.589	-8.843	-14.41	291
N	-11.136	-9.496	-15.44	292
CA	-10.454	-10.59	-16.15	292
C	-10.698	-10.582	-17.654	292
N	-9.828	-11.269	-18.393	293
CA	-10.05	-11.64	-19.791	293
C	-11.302	-12.539	-19.875	293
N	-12.214	-12.307	-20.836	294
CA	-13.544	-12.924	-20.833	294
C	-13.539	-14.46	-20.913	294
N	-12.508	-15.065	-21.504	295
CA	-12.324	-16.513	-21.686	295
C	-11.957	-17.283	-20.405	295
N	-11.452	-16.607	-19.368	296
CA	-10.991	-17.266	-18.143	296
C	-12.14	-17.557	-17.163	296
N	-12.05	-18.633	-16.377	297
CA	-13.049	-18.949	-15.338	297
C	-13.067	-17.876	-14.231	297
N	-14.221	-17.376	-13.761	298
CA	-14.267	-16.352	-12.711	298
C	-13.841	-16.902	-11.341	298
N	-13.047	-16.132	-10.587	299
CA	-12.662	-16.464	-9.204	299
C	-13.381	-15.606	-8.158	299
N	-14.187	-14.632	-8.588	300
CA	-14.978	-13.78	-7.696	300
C	-15.867	-14.59	-6.733	300
N	-15.825	-14.227	-5.449	301
CA	-16.538	-14.888	-4.354	301
C	-15.918	-16.203	-3.871	301
N	-14.758	-16.619	-4.401	302
CA	-14.036	-17.781	-3.882	302
C	-13.261	-17.434	-2.607	302
N	-13.393	-18.306	-1.612	303
CA	-12.647	-18.295	-0.363	303
C	-11.479	-19.28	-0.421	303
N	-10.359	-18.879	0.168	304
CA	-9.12	-19.643	0.235	304
C	-8.647	-19.735	1.692	304
N	-8.177	-20.91	2.151	305
CA	-7.707	-21.102	3.52	305
C	-6.589	-20.132	3.92	305
N	-6.503	-19.808	5.213	306
CA	-5.433	-18.962	5.751	306
C	-4.024	-19.513	5.441	306
N	-3.888	-20.838	5.358	307
CA	-2.632	-21.549	5.078	307
C	-2.047	-21.267	3.694	307
N	-2.86	-20.823	2.73	308
CA	-2.407	-20.557	1.356	308
C	-1.447	-19.358	1.298	308
N	-1.578	-18.43	2.253	309
CA	-0.653	-17.313	2.461	309
C	-0.206	-17.339	3.928	309
N	0.914	-18.01	4.258	310
CA	1.399	-18.128	5.634	310
C	1.629	-16.768	6.303	310
N	1.47	-16.692	7.628	311
CA	1.614	-15.448	8.401	311
C	2.975	-14.77	8.163	311
N	4.043	-15.563	8.04	312
CA	5.373	-15.098	7.651	312
C	5.383	-14.32	6.32	312
N	4.677	-14.816	5.298	313
CA	4.572	-14.135	4.0	313
C	3.749	-12.853	4.102	313
N	2.69	-12.84	4.918	314
CA	1.886	-11.63	5.164	314
C	2.68	-10.537	5.862	314
N	3.515	-10.902	6.833	315
CA	4.424	-9.957	7.475	315
C	5.419	-9.361	6.468	315
N	5.928	-10.172	5.534	316
CA	6.803	-9.686	4.464	316
C	6.081	-8.736	3.504	316
N	4.811	-8.98	3.163	317
CA	4.012	-8.049	2.35	317
C	3.798	-6.68	3.017	317
N	3.848	-6.597	4.356	318
CA	3.821	-5.301	5.059	318
C	5.097	-4.483	4.821	318
N	6.242	-5.146	4.635	319
CA	7.537	-4.503	4.38	319
C	7.769	-4.263	2.886	319
N	7.616	-5.309	2.073	320
CA	7.742	-5.257	0.625	320
C	6.346	-5.282	-0.009	320
N	5.868	-4.093	-0.381	321
CA	4.477	-3.858	-0.783	321
C	4.146	-4.357	-2.182	321
N	5.138	-4.624	-3.033	322
CA	4.929	-5.081	-4.413	322
C	5.864	-6.242	-4.72	322
N	5.301	-7.384	-5.117	323
CA	6.06	-8.577	-5.502	323
C	5.647	-9.044	-6.889	323
N	6.622	-9.249	-7.77	324
CA	6.406	-9.773	-9.12	324
C	7.08	-11.136	-9.274	324
N	6.381	-12.083	-9.893	325
CA	6.9	-13.37	-10.353	325
C	6.71	-13.399	-11.866	325
N	7.807	-13.373	-12.623	326
CA	7.745	-13.257	-14.093	326
C	7.31	-14.561	-14.749	326
N	7.798	-15.681	-14.222	327
CA	7.505	-17.029	-14.696	327
C	7.723	-18.019	-13.542	327
N	6.677	-18.752	-13.158	328
CA	6.736	-19.753	-12.094	328
C	7.5	-21.032	-12.485	328
N	7.709	-21.285	-13.78	329
CA	8.465	-22.43	-14.293	329
C	9.954	-22.131	-14.494	329
N	10.365	-20.869	-14.365	330
CA	11.742	-20.475	-14.594	330
C	12.67	-20.954	-13.465	330
N	13.82	-21.516	-13.843	331
CA	14.842	-21.959	-12.893	331
C	15.402	-20.774	-12.106	331
N	15.331	-20.849	-10.777	332
CA	15.896	-19.827	-9.905	332
C	17.432	-19.793	-10.008	332
N	18.014	-18.598	-9.916	333
CA	19.46	-18.37	-10.02	333
C	20.055	-18.272	-8.624	333
N	21.131	-19.018	-8.371	334
CA	21.818	-19.022	-7.079	334
C	22.614	-17.728	-6.873	334
N	22.649	-17.271	-5.625	335
CA	23.507	-16.177	-5.164	335
C	24.833	-16.749	-4.659	335
N	25.935	-16.293	-5.249	336
CA	27.301	-16.514	-4.766	336
C	27.637	-15.382	-3.81	336
N	28.096	-15.711	-2.611	337
CA	28.407	-14.737	-1.569	337
C	29.783	-15.019	-0.971	337
N	30.38	-14.006	-0.352	338
CA	31.623	-14.149	0.4	338
C	31.443	-15.138	1.567	338
N	32.357	-16.105	1.68	339
CA	32.386	-17.092	2.766	339
C	32.606	-16.441	4.141	339
N	33.122	-15.206	4.18	340
CA	33.262	-14.429	5.406	340
C	31.913	-13.99	6.019	340
N	30.807	-14.031	5.264	341
CA	29.48	-13.665	5.764	341
C	28.9	-14.772	6.66	341
N	28.555	-14.414	7.903	342
CA	28.049	-15.348	8.936	342
C	26.702	-15.983	8.563	342
N	25.907	-15.29	7.751	343
CA	24.557	-15.686	7.364	343
C	24.306	-15.338	5.892	343
N	23.404	-16.053	5.192	344
CA	23.106	-15.746	3.799	344
C	22.517	-14.344	3.642	344
N	22.747	-13.683	2.509	345
CA	22.265	-12.314	2.273	345
C	20.738	-12.191	2.461	345
N	20.285	-11.083	3.059	346
CA	18.858	-10.781	3.197	346
C	18.295	-10.28	1.86	346
N	17.315	-10.994	1.301	347
CA	16.705	-10.697	-0.002	347
C	15.259	-10.191	0.109	347
N	14.797	-9.824	1.309	348
CA	13.415	-9.354	1.545	348
C	13.059	-8.124	0.71	348
N	13.992	-7.172	0.62	349
CA	13.827	-5.958	-0.18	349
C	14.099	-6.162	-1.67	349
N	14.748	-7.266	-2.063	350
CA	15.088	-7.5	-3.467	350
C	13.823	-7.741	-4.288	350
N	13.691	-6.975	-5.364	351
CA	12.647	-7.121	-6.386	351
C	12.758	-8.445	-7.144	351
N	13.951	-9.05	-7.134	352
CA	14.281	-10.294	-7.82	352
C	14.168	-11.524	-6.914	352
N	13.77	-11.389	-5.644	353
CA	13.69	-12.519	-4.712	353
C	12.877	-13.693	-5.278	353
N	13.462	-14.897	-5.287	354
CA	12.8	-16.078	-5.838	354
C	11.534	-16.451	-5.035	354
N	10.463	-16.933	-5.691	355
CA	9.335	-17.521	-4.982	355
C	9.741	-18.823	-4.285	355
N	9.07	-19.139	-3.177	356
CA	9.228	-20.443	-2.54	356
C	8.669	-21.545	-3.456	356
N	9.324	-22.711	-3.516	357
CA	8.961	-23.789	-4.449	357
C	7.513	-24.281	-4.312	357
N	6.963	-24.285	-3.091	358
CA	5.549	-24.611	-2.855	358
C	4.604	-23.635	-3.58	358
N	4.902	-22.331	-3.529	359
CA	4.089	-21.307	-4.183	359
C	4.246	-21.336	-5.71	359
N	5.453	-21.595	-6.225	360
CA	5.663	-21.777	-7.664	360
C	4.829	-22.949	-8.217	360
N	4.787	-24.072	-7.494	361
CA	3.96	-25.215	-7.873	361
C	2.453	-24.941	-7.684	361
N	2.051	-24.167	-6.668	362
CA	0.669	-23.687	-6.514	362
C	0.226	-22.868	-7.735	362
N	1.054	-21.91	-8.162	363
CA	0.813	-21.083	-9.347	363
C	0.681	-21.927	-10.62	363
N	1.574	-22.906	-10.801	364
CA	1.51	-23.849	-11.913	364
C	0.199	-24.656	-11.912	364
N	-0.239	-25.145	-10.746	365
CA	-1.497	-25.884	-10.607	365
C	-2.732	-25.004	-10.896	365
N	-2.656	-23.698	-10.614	366
CA	-3.738	-22.729	-10.841	366
C	-3.783	-22.203	-12.288	366
N	-2.746	-22.473	-13.091	367
CA	-2.6	-21.953	-14.455	367
C	-2.139	-20.491	-14.529	367
N	-1.628	-19.928	-13.43	368
CA	-1.041	-18.584	-13.393	368
C	0.471	-18.674	-13.613	368
N	0.954	-18.331	-14.809	369
CA	2.388	-18.406	-15.14	369
C	3.147	-17.217	-14.544	369
N	2.602	-16.007	-14.686	370
CA	3.145	-14.795	-14.074	370
C	2.179	-14.217	-13.036	370
N	2.731	-13.537	-12.033	371
CA	1.963	-12.888	-10.973	371
C	2.549	-11.533	-10.58	371
N	1.68	-10.566	-10.3	372
CA	2.018	-9.318	-9.617	372
C	1.085	-9.175	-8.418	372
N	1.646	-9.063	-7.22	373
CA	0.892	-8.941	-5.971	373
C	1.264	-7.64	-5.288	373
N	0.259	-6.879	-4.864	374
CA	0.442	-5.604	-4.182	374
C	-0.335	-5.572	-2.866	374
N	0.286	-5.058	-1.809	375
CA	-0.286	-5.028	-0.47	375
C	-1.256	-3.854	-0.281	375
N	-2.43	-4.127	0.295	376
CA	-3.395	-3.103	0.718	376
C	-3.291	-2.949	2.231	376
N	-2.703	-1.837	2.666	377
CA	-2.435	-1.549	4.077	377
C	-3.4	-0.47	4.558	377
N	-4.009	-0.71	5.716	378
CA	-4.827	0.264	6.444	378
C	-4.193	0.55	7.807	378
N	-4.496	1.714	8.372	379
CA	-4.07	2.049	9.725	379
C	-5.038	1.386	10.713	379
N	-4.536	0.503	11.574	380
CA	-5.32	-0.087	12.652	380
C	-5.631	0.945	13.735	380
N	-6.838	0.857	14.294	381
CA	-7.285	1.644	15.448	381
C	-7.011	0.926	16.785	381
N	-6.184	-0.124	16.796	382
CA	-5.94	-0.917	18.002	382
C	-5.143	-0.086	19.026	382
N	-5.852	0.581	19.94	383
CA	-5.27	1.273	21.098	383
C	-4.646	0.297	22.121	383
N	-4.792	-1.018	21.92	384
CA	-4.372	-2.064	22.866	384
C	-2.934	-2.586	22.67	384
N	-2.157	-1.998	21.759	385
CA	-0.731	-2.294	21.641	385
C	0.091	-1.587	22.722	385
N	0.621	-2.334	23.698	386
CA	1.68	-1.871	24.615	386
C	2.86	-1.346	23.781	386
N	2.889	-0.035	23.518	387
CA	3.955	0.607	22.747	387
C	3.547	1.509	21.578	387
N	2.416	2.224	21.612	388
CA	2.242	3.542	20.957	388
C	2.592	3.7	19.462	388
N	2.703	2.616	18.689	389
CA	2.928	2.64	17.239	389
C	1.594	2.367	16.555	389
N	1.144	3.31	15.721	390
CA	0.09	3.099	14.715	390
C	0.294	1.727	14.06	390
N	-0.611	0.781	14.321	391
CA	-0.446	-0.598	13.874	391
C	-0.884	-0.687	12.411	391
N	0.069	-0.699	11.478	392
CA	-0.252	-0.982	10.075	392
C	-0.806	-2.415	9.958	392
N	-2.069	-2.545	9.542	393
CA	-2.744	-3.828	9.305	393
C	-2.8	-4.109	7.804	393
N	-2.478	-5.344	7.417	394
CA	-2.658	-5.816	6.044	394
C	-4.137	-6.182	5.886	394
N	-4.91	-5.363	5.176	395
CA	-6.343	-5.605	4.969	395
C	-6.59	-6.645	3.873	395
N	-5.743	-6.629	2.847	396
CA	-5.877	-7.483	1.68	396
C	-4.702	-7.343	0.724	396
N	-4.829	-7.982	-0.432	397
CA	-3.88	-7.932	-1.537	397
C	-4.623	-7.612	-2.836	397
N	-3.988	-6.879	-3.745	398
CA	-4.381	-6.857	-5.157	398
C	-3.489	-7.839	-5.901	398
N	-4.097	-8.876	-6.472	399
CA	-3.409	-10.009	-7.098	399
C	-3.704	-10.018	-8.592	399
N	-2.658	-9.925	-9.404	400
CA	-2.728	-9.98	-10.855	400
C	-2.149	-11.307	-11.354	400
N	-2.893	-12.058	-12.165	401
CA	-2.442	-13.299	-12.803	401
C	-2.363	-13.139	-14.322	401
N	-1.348	-13.754	-14.926	402
CA	-1.202	-13.836	-16.376	402
C	-0.985	-15.283	-16.817	402
N	-1.558	-15.631	-17.966	403
CA	-1.494	-16.979	-18.55	403
C	-0.188	-17.256	-19.295	403
N	0.654	-16.24	-19.5	404
CA	2.017	-16.356	-20.031	404
C	3.024	-15.637	-19.13	404
N	4.321	-15.828	-19.38	405
CA	5.357	-15.064	-18.693	405
C	5.171	-13.559	-18.946	405
N	5.313	-12.74	-17.9	406
CA	5.111	-11.29	-17.995	406
C	6.014	-10.545	-17.032	406
N	6.757	-9.587	-17.567	407
CA	7.598	-8.684	-16.796	407
C	7.125	-7.258	-17.062	407
N	6.793	-6.522	-16.004	408
CA	6.469	-5.096	-16.086	408
C	7.64	-4.263	-15.544	408
N	7.96	-3.112	-16.158	409
CA	9.125	-2.321	-15.771	409
C	8.951	-1.702	-14.371	409
N	10.062	-1.403	-13.683	410
CA	10.038	-0.838	-12.321	410
C	9.171	0.425	-12.171	410
N	9.225	1.427	-13.077	411
CA	8.374	2.613	-12.968	411
C	6.875	2.295	-12.891	411
N	6.405	1.285	-13.634	412
CA	5.0	0.876	-13.614	412
C	4.633	0.152	-12.308	412
N	5.54	-0.667	-11.752	413
CA	5.36	-1.274	-10.416	413
C	5.264	-0.21	-9.327	413
N	6.124	0.803	-9.391	414
CA	6.134	1.911	-8.439	414
C	4.872	2.781	-8.553	414
N	4.392	3.03	-9.777	415
CA	3.099	3.671	-10.015	415
C	1.941	2.884	-9.376	415
N	1.908	1.561	-9.56	416
CA	0.879	0.725	-8.947	416
C	0.978	0.706	-7.41	416
N	2.184	0.786	-6.835	417
CA	2.359	0.944	-5.386	417
C	1.681	2.224	-4.874	417
N	1.884	3.36	-5.548	418
CA	1.209	4.612	-5.192	418
C	-0.312	4.512	-5.312	418
N	-0.814	3.844	-6.354	419
CA	-2.244	3.577	-6.502	419
C	-2.791	2.762	-5.318	419
N	-2.047	1.759	-4.833	420
CA	-2.438	0.975	-3.652	420
C	-2.419	1.788	-2.358	420
N	-1.509	2.755	-2.221	421
CA	-1.503	3.664	-1.071	421
C	-2.732	4.583	-1.081	421
N	-3.088	5.136	-2.246	422
CA	-4.309	5.925	-2.41	422
C	-5.565	5.082	-2.126	422
N	-5.612	3.848	-2.641	423
CA	-6.696	2.905	-2.371	423
C	-6.807	2.555	-0.88	423
N	-5.695	2.229	-0.212	424
CA	-5.676	1.921	1.222	424
C	-6.144	3.089	2.095	424
N	-5.799	4.329	1.725	425
CA	-6.272	5.531	2.417	425
C	-7.783	5.738	2.238	425
N	-8.287	5.633	1.003	426
CA	-9.717	5.775	0.713	426
C	-10.532	4.685	1.417	426
N	-10.057	3.438	1.376	427
CA	-10.676	2.315	2.071	427
C	-10.734	2.542	3.589	427
N	-9.652	3.046	4.19	428
CA	-9.626	3.356	5.617	428
C	-10.645	4.447	5.983	428
N	-10.786	5.477	5.143	429
CA	-11.793	6.523	5.331	429
C	-13.215	5.945	5.29	429
N	-13.521	5.092	4.31	430
CA	-14.839	4.454	4.183	430
C	-15.175	3.548	5.377	430
N	-14.206	2.755	5.85	431
CA	-14.385	1.905	7.031	431
C	-14.623	2.732	8.304	431
N	-13.904	3.846	8.478	432
CA	-14.092	4.745	9.62	432
C	-15.457	5.444	9.586	432
N	-15.9	5.922	8.418	433
CA	-17.224	6.532	8.252	433
C	-18.353	5.534	8.55	433
N	-18.217	4.283	8.098	434
CA	-19.18	3.224	8.387	434
C	-19.257	2.906	9.892	434
N	-18.106	2.8	10.569	435
CA	-18.034	2.564	12.011	435
C	-18.667	3.713	12.818	435
N	-18.34	4.968	12.487	436
CA	-18.919	6.15	13.141	436
C	-20.439	6.244	12.949	436
N	-20.939	5.903	11.758	437
CA	-22.379	5.909	11.478	437
C	-23.123	4.855	12.305	437
N	-22.534	3.66	12.448	438
CA	-23.067	2.593	13.292	438
C	-23.097	3.008	14.769	438
N	-21.989	3.526	15.3	439
CA	-21.869	3.969	16.695	439
C	-22.878	5.079	17.028	439
N	-23.016	6.081	16.148	440
CA	-24.004	7.159	16.306	440
C	-25.441	6.635	16.322	440
N	-25.753	5.627	15.498	441
CA	-27.079	4.994	15.48	441
C	-27.34	4.242	16.783	441
N	-26.383	3.428	17.228	442
CA	-26.468	2.652	18.475	442
C	-26.668	3.577	19.678	442
N	-25.846	4.623	19.82	443
CA	-25.938	5.584	20.926	443
C	-27.29	6.32	20.954	443
N	-27.818	6.695	19.78	444
CA	-29.135	7.339	19.666	444
C	-30.26	6.405	20.108	444
N	-30.245	5.146	19.668	445
CA	-31.255	4.158	20.075	445
C	-31.163	3.867	21.568	445
N	-29.949	3.712	22.098	446
CA	-29.729	3.492	23.521	446
C	-30.285	4.646	24.369	446
N	-30.018	5.897	23.981	447
CA	-30.517	7.083	24.699	447
C	-32.049	7.113	24.755	447
N	-32.718	6.726	23.662	448
CA	-34.181	6.653	23.597	448
C	-34.739	5.54	24.495	448
N	-34.114	4.357	24.498	449
CA	-34.517	3.25	25.373	449
C	-34.338	3.599	26.859	449
N	-33.27	4.319	27.212	450
CA	-33.055	4.796	28.578	450
C	-34.117	5.819	29.016	450
N	-34.494	6.771	28.151	451
CA	-35.565	7.74	28.451	451
C	-36.922	7.039	28.635	451
N	-37.193	5.985	27.855	452
CA	-38.396	5.159	28.008	452
C	-38.423	4.401	29.341	452
N	-37.296	3.826	29.775	453
CA	-37.203	3.119	31.062	453
C	-37.414	4.025	32.276	453
N	-37.048	5.303	32.167	454
CA	-37.246	6.277	33.24	454
C	-38.697	6.771	33.339	454
N	-39.463	6.724	32.241	455
CA	-40.836	7.257	32.176	455
C	-41.911	6.189	32.333	455
N	-41.687	5.01	31.763	456
CA	-42.692	3.964	31.612	456
C	-42.298	2.671	32.343	456
N	-43.234	1.722	32.44	457
CA	-42.933	0.398	33.002	457
C	-41.849	-0.327	32.18	457
N	-41.127	-1.313	32.747	458
CA	-40.119	-2.104	32.03	458
C	-40.601	-2.744	30.725	458
N	-41.913	-2.945	30.584	459
CA	-42.532	-3.454	29.353	459
C	-42.477	-2.451	28.187	459
N	-42.169	-1.176	28.453	460
CA	-42.037	-0.096	27.471	460
C	-41.0	-0.389	26.388	460
N	-39.874	-1.012	26.755	461
CA	-38.768	-1.33	25.828	461
C	-39.139	-2.364	24.753	461
N	-40.234	-3.1	24.963	462
CA	-40.772	-4.087	24.013	462
C	-42.034	-3.56	23.323	462
N	-42.829	-2.739	24.012	463
CA	-44.152	-2.299	23.534	463
C	-44.127	-1.026	22.691	463
N	-43.09	-0.194	22.804	464
CA	-42.976	1.064	22.062	464
C	-41.879	1.008	20.986	464
N	-41.827	2.053	20.155	465
CA	-40.834	2.237	19.095	465
C	-40.018	3.507	19.381	465
N	-38.673	3.455	19.415	466
CA	-37.833	2.288	19.14	466
C	-37.915	1.224	20.243	466
N	-37.75	-0.029	19.845	467
CA	-37.761	-1.201	20.718	467
C	-36.348	-1.756	20.92	467
N	-36.2	-2.762	21.783	468
CA	-34.934	-3.503	21.927	468
C	-34.446	-4.166	20.622	468
N	-35.313	-4.384	19.621	469
CA	-34.903	-4.869	18.292	469
C	-34.209	-3.795	17.442	469
N	-34.406	-2.508	17.734	470
CA	-33.775	-1.416	16.979	470
C	-32.347	-1.116	17.465	470
N	-31.971	-1.657	18.631	471
CA	-30.642	-1.488	19.222	471
C	-29.586	-2.314	18.478	471
N	-29.962	-3.522	18.057	472
CA	-29.074	-4.544	17.494	472
C	-29.753	-5.178	16.289	472
N	-29.013	-5.535	15.23	473
CA	-29.629	-6.243	14.096	473
C	-30.066	-7.641	14.547	473
N	-31.362	-7.872	14.719	474
CA	-31.916	-9.176	15.082	474
C	-33.255	-9.442	14.377	474
N	-33.666	-10.712	14.328	475
CA	-34.965	-11.116	13.764	475
C	-36.073	-11.135	14.826	475
N	-35.682	-11.213	16.096	476
CA	-36.578	-11.113	17.234	476
C	-35.836	-10.773	18.517	476
N	-36.596	-10.362	19.518	477
CA	-36.126	-10.12	20.869	477
C	-37.24	-10.442	21.87	477
N	-36.9	-10.719	23.123	478
CA	-37.901	-10.949	24.156	478
C	-37.426	-10.501	25.535	478
N	-38.377	-10.056	26.352	479
CA	-38.189	-9.8	27.775	479
C	-38.939	-10.874	28.566	479
N	-38.239	-11.572	29.453	480
CA	-38.85	-12.448	30.444	480
C	-38.744	-11.757	31.802	480
N	-39.873	-11.294	32.34	481
CA	-39.906	-10.454	33.538	481
C	-41.052	-10.862	34.463	481
N	-40.744	-11.113	35.739	482
CA	-41.718	-11.51	36.771	482
C	-42.609	-12.699	36.359	482
N	-42.02	-13.686	35.677	483
CA	-42.72	-14.888	35.212	483
C	-43.619	-14.691	33.987	483
N	-43.702	-13.47	33.447	484
CA	-44.398	-13.148	32.204	484
C	-43.41	-13.06	31.033	484
N	-43.854	-13.505	29.858	485
CA	-43.064	-13.51	28.632	485
C	-43.572	-12.457	27.64	485
N	-42.698	-11.526	27.25	486
CA	-42.986	-10.433	26.319	486
C	-42.14	-10.589	25.041	486
N	-42.644	-11.303	24.019	487
CA	-41.94	-11.502	22.754	487
C	-42.125	-10.34	21.768	487
N	-41.129	-10.131	20.904	488
CA	-41.154	-9.197	19.779	488
C	-40.426	-9.802	18.566	488
N	-41.048	-9.767	17.387	489
CA	-40.483	-10.369	16.172	489
C	-40.538	-11.903	16.173	489
N	-39.498	-12.552	15.644	490
CA	-39.401	-14.018	15.556	490
C	-38.789	-14.568	16.845	490
N	-39.615	-15.146	17.722	491
CA	-39.175	-15.662	19.029	491
C	-39.642	-17.102	19.285	491
N	-38.945	-17.867	20.147	492
CA	-39.425	-19.167	20.606	492
C	-40.715	-19.053	21.43	492
N	-41.397	-20.18	21.618	493
CA	-42.557	-20.269	22.517	493
C	-42.137	-20.115	23.98	493
N	-43.061	-19.699	24.849	494
CA	-42.785	-19.545	26.285	494
C	-42.244	-20.839	26.927	494
N	-42.76	-22.005	26.52	495
CA	-42.272	-23.301	26.992	495
C	-40.807	-23.562	26.593	495
N	-40.404	-23.152	25.386	496
CA	-39.018	-23.263	24.919	496
C	-38.095	-22.281	25.649	496
N	-38.557	-21.057	25.924	497
CA	-37.781	-20.071	26.692	497
C	-37.525	-20.559	28.117	497
N	-38.527	-21.149	28.782	498
CA	-38.359	-21.72	30.129	498
C	-37.316	-22.846	30.157	498
N	-37.341	-23.749	29.175	499
CA	-36.354	-24.837	29.035	499
C	-34.922	-24.3	28.828	499
N	-34.776	-23.206	28.076	500
CA	-33.476	-22.562	27.838	500
C	-32.986	-21.795	29.067	500
N	-33.869	-21.125	29.812	501
CA	-33.514	-20.48	31.087	501
C	-33.002	-21.525	32.088	501
N	-33.635	-22.7	32.162	502
CA	-33.178	-23.801	33.021	502
C	-31.777	-24.294	32.616	502
N	-31.515	-24.437	31.312	503
CA	-30.181	-24.766	30.798	503
C	-29.139	-23.667	31.079	503
N	-29.485	-22.395	30.862	504
CA	-28.605	-21.251	31.119	504
C	-28.221	-21.158	32.596	504
N	-29.175	-21.308	33.515	505
CA	-28.895	-21.291	34.952	505
C	-28.061	-22.503	35.397	505
N	-28.26	-23.674	34.781	506
CA	-27.531	-24.892	35.133	506
C	-26.061	-24.9	34.67	506
N	-25.762	-24.36	33.482	507
CA	-24.419	-24.426	32.875	507
C	-23.692	-23.076	32.799	507
N	-24.432	-21.968	32.83	508
CA	-23.937	-20.601	32.649	508
C	-24.462	-19.64	33.734	508
N	-24.823	-20.139	34.923	509
CA	-25.353	-19.309	36.016	509
C	-24.362	-18.266	36.552	509
N	-23.056	-18.524	36.416	510
CA	-21.987	-17.648	36.917	510
C	-21.618	-16.5	35.951	510
N	-22.182	-16.463	34.736	511
CA	-21.919	-15.399	33.757	511
C	-22.974	-14.289	33.818	511
N	-22.679	-13.125	33.235	512
CA	-23.668	-12.044	33.053	512
C	-24.598	-12.286	31.859	512
N	-24.417	-13.382	31.128	513
CA	-25.086	-13.621	29.86	513
C	-24.362	-14.64	28.988	513
N	-24.898	-14.861	27.79	514
CA	-24.334	-15.754	26.777	514
C	-24.486	-15.123	25.392	514
N	-23.413	-15.16	24.6	515
CA	-23.422	-14.834	23.173	515
C	-23.023	-16.053	22.361	515
N	-23.812	-16.409	21.353	516
CA	-23.457	-17.471	20.411	516
C	-24.069	-17.227	19.034	516
N	-23.332	-17.59	17.982	517
CA	-23.811	-17.661	16.596	517
C	-24.403	-19.041	16.25	517
N	-24.248	-20.016	17.15	518
CA	-24.682	-21.403	17.017	518
C	-25.025	-21.97	18.389	518
N	-26.317	-22.007	18.713	519
CA	-26.796	-22.648	19.94	519
C	-26.366	-24.13	20.03	519
N	-26.12	-24.77	18.879	520
CA	-25.63	-26.142	18.821	520
C	-24.175	-26.298	19.238	520
N	-23.303	-25.398	18.782	521
CA	-21.894	-25.392	19.191	521
C	-21.73	-24.905	20.643	521
N	-22.691	-24.125	21.157	522
CA	-22.759	-23.722	22.565	522
C	-23.153	-24.866	23.525	522
N	-23.648	-26.003	23.016	523
CA	-23.9	-27.208	23.818	523
C	-25.321	-27.372	24.373	523
N	-26.317	-26.639	23.864	524
CA	-27.711	-26.811	24.293	524
C	-28.313	-28.136	23.768	524
N	-28.829	-29.023	24.641	525
CA	-29.301	-30.354	24.241	525
C	-30.662	-30.353	23.517	525
N	-31.468	-29.294	23.658	526
CA	-32.842	-29.214	23.143	526
C	-32.986	-28.834	21.662	526
N	-31.886	-28.759	20.897	527
CA	-31.865	-28.344	19.481	527
C	-32.957	-28.962	18.594	527
N	-33.288	-30.272	18.663	528
CA	-34.287	-30.857	17.763	528
C	-35.696	-30.271	17.932	528
N	-35.974	-29.636	19.08	529
CA	-37.262	-29.004	19.397	529
C	-37.306	-27.526	19.003	529
N	-36.157	-26.897	18.75	530
CA	-36.053	-25.536	18.23	530
C	-35.881	-25.592	16.705	530
N	-36.71	-24.853	15.967	531
CA	-36.551	-24.744	14.516	531
C	-35.253	-24.022	14.13	531
N	-34.874	-24.098	12.849	532
CA	-33.723	-23.369	12.271	532
C	-33.866	-21.827	12.319	532
N	-34.919	-21.302	12.944	533
CA	-35.176	-19.87	13.12	533
C	-34.482	-19.285	14.363	533
N	-33.9	-20.114	15.238	534
CA	-33.351	-19.671	16.529	534
C	-31.93	-20.19	16.731	534
N	-31.0	-19.692	15.922	535
CA	-29.636	-20.226	15.869	535
C	-28.656	-19.343	16.626	535
N	-28.718	-18.036	16.374	536
CA	-27.938	-17.037	17.088	536
C	-28.689	-16.554	18.312	536
N	-28.021	-16.579	19.457	537
CA	-28.587	-16.196	20.741	537
C	-27.687	-15.19	21.423	537
N	-28.317	-14.162	21.968	538
CA	-27.678	-13.227	22.865	538
C	-28.59	-13.015	24.062	538
N	-28.067	-13.304	25.249	539
CA	-28.825	-13.287	26.499	539
C	-28.122	-12.398	27.503	539
N	-28.868	-11.48	28.109	540
CA	-28.391	-10.614	29.178	540
C	-29.206	-10.861	30.453	540
N	-28.52	-11.16	31.557	541
CA	-29.163	-11.454	32.839	541
C	-29.406	-10.149	33.595	541
N	-30.663	-9.819	33.883	542
CA	-30.979	-8.634	34.688	542
C	-30.948	-9.023	36.169	542
N	-31.678	-10.084	36.505	543
CA	-31.686	-10.746	37.814	543
C	-31.584	-12.26	37.597	543
N	-31.548	-13.057	38.667	544
CA	-31.634	-14.525	38.55	544
C	-32.983	-15.007	37.975	544
N	-33.992	-14.125	37.909	545
CA	-35.353	-14.436	37.444	545
C	-35.728	-13.735	36.139	545
N	-35.039	-12.649	35.795	546
CA	-35.403	-11.756	34.699	546
C	-34.294	-11.677	33.644	546
N	-34.675	-11.879	32.383	547
CA	-33.749	-12.081	31.269	547
C	-34.176	-11.28	30.039	547
N	-33.188	-10.75	29.32	548
CA	-33.355	-10.2	27.978	548
C	-32.746	-11.131	26.942	548
N	-33.463	-11.321	25.841	549
CA	-33.058	-12.185	24.744	549
C	-33.089	-11.441	23.413	549
N	-32.094	-11.703	22.57	550
CA	-32.1	-11.384	21.146	550
C	-31.836	-12.647	20.334	550
N	-32.557	-12.778	19.222	551
CA	-32.526	-13.955	18.364	551
C	-32.13	-13.583	16.941	551
N	-31.28	-14.419	16.348	552
CA	-30.995	-14.403	14.916	552
C	-31.316	-15.756	14.302	552
N	-31.988	-15.692	13.169	553
CA	-32.339	-16.827	12.338	553
C	-31.104	-17.428	11.695	553
N	-31.257	-18.657	11.211	554
CA	-30.267	-19.239	10.331	554
C	-30.086	-18.363	9.09	554
N	-28.868	-17.871	8.901	555
CA	-28.446	-17.31	7.624	555
C	-27.638	-18.384	6.923	555
N	-28.155	-18.904	5.808	556
CA	-27.39	-19.808	4.961	556
C	-26.184	-19.042	4.407	556
N	-25.02	-19.216	5.041	557
CA	-23.76	-18.7	4.519	557
C	-23.208	-19.745	3.564	557
N	-23.405	-19.48	2.284	558
CA	-22.807	-20.243	1.202	558
C	-21.365	-19.77	1.008	558
N	-20.403	-20.533	1.525	559
CA	-18.981	-20.254	1.321	559
C	-18.529	-21.066	0.111	559
N	-18.199	-20.385	-0.987	560
CA	-17.616	-21.028	-2.169	560
C	-16.117	-21.163	-1.95	560
N	-15.637	-22.358	-1.65	561
CA	-14.212	-22.606	-1.456	561
C	-13.517	-22.891	-2.787	561
N	-12.361	-22.268	-3.019	562
CA	-11.457	-22.613	-4.115	562
C	-10.579	-23.807	-3.739	562
N	-10.981	-25.028	-4.108	563
CA	-10.188	-26.24	-3.867	563
C	-10.703	-27.122	-2.729	563
N	-10.12	-27.041	-1.525	564
CA	-10.506	-27.867	-0.37	564
C	-10.488	-27.068	0.946	564
N	-11.48	-27.29	1.82	565
CA	-11.419	-26.843	3.218	565
C	-10.443	-27.762	3.935	565
N	-9.397	-27.208	4.546	566
CA	-8.54	-27.981	5.438	566
C	-9.36	-28.326	6.69	566
N	-10.111	-29.42	6.613	567
CA	-10.829	-29.972	7.75	567
C	-9.754	-30.448	8.732	567
N	-9.683	-29.824	9.914	568
CA	-8.889	-30.228	11.094	568
C	-9.096	-31.705	11.542	568
N	-9.84	-32.528	10.788	569
CA	-10.237	-33.906	11.121	569
C	-9.847	-34.993	10.112	569
N	-9.238	-34.705	8.96	570
CA	-8.936	-35.782	7.994	570
C	-7.575	-36.433	8.263	570
N	-7.563	-37.386	9.204	571
CA	-6.596	-38.496	9.225	571
C	-6.672	-39.216	7.873	571
N	-5.62	-39.188	7.044	572
CA	-5.111	-40.26	6.148	572
C	-4.106	-39.67	5.127	572
N	-2.961	-40.349	4.949	573
CA	-1.855	-40.122	3.984	573
C	-0.791	-39.066	4.35	573
N	0.272	-39.509	5.034	574
CA	1.509	-38.744	5.193	574
C	2.436	-38.898	3.986	574
N	2.739	-37.799	3.288	575
CA	3.92	-37.591	2.43	575
C	3.821	-36.206	1.761	575
N	4.857	-35.358	1.916	576
CA	5.078	-34.057	1.232	576
C	3.981	-32.982	1.386	576
N	4.376	-31.741	1.687	577
CA	3.507	-30.59	1.419	577
C	3.384	-30.409	-0.087	577
N	2.309	-30.951	-0.635	578
CA	1.893	-30.671	-1.99	578
C	0.972	-29.448	-1.953	578
N	1.198	-28.427	-2.798	579
CA	0.181	-27.405	-3.001	579
C	-1.107	-28.062	-3.502	579
N	-2.245	-27.4	-3.273	580
CA	-3.541	-27.862	-3.765	580
C	-3.436	-28.224	-5.254	580
N	-3.833	-29.449	-5.595	581
CA	-3.838	-29.952	-6.974	581
C	-5.109	-29.568	-7.733	581
N	-6.152	-29.147	-7.015	582
CA	-7.439	-28.748	-7.572	582
C	-7.895	-27.444	-6.937	582
N	-8.297	-26.502	-7.787	583
CA	-8.92	-25.225	-7.424	583
C	-10.414	-25.186	-7.761	583
N	-11.021	-26.35	-8.048	584
CA	-12.454	-26.431	-8.346	584
C	-13.267	-25.847	-7.196	584
N	-14.197	-24.967	-7.551	585
CA	-15.136	-24.394	-6.608	585
C	-16.013	-25.501	-6.005	585
N	-16.108	-25.563	-4.68	586
CA	-17.145	-26.342	-4.007	586
C	-17.863	-25.473	-2.976	586
N	-19.168	-25.692	-2.849	587
CA	-20.026	-24.92	-1.964	587
C	-20.047	-25.585	-0.587	587
N	-19.54	-24.906	0.436	588
CA	-19.87	-25.239	1.815	588
C	-21.118	-24.456	2.211	588
N	-22.207	-25.181	2.448	589
CA	-23.398	-24.609	3.069	589
C	-23.223	-24.761	4.572	589
N	-22.784	-23.692	5.239	590
CA	-22.713	-23.666	6.703	590
C	-24.145	-23.614	7.221	590
N	-24.673	-24.771	7.621	591
CA	-26.003	-24.887	8.228	591
C	-25.925	-24.561	9.714	591
N	-27.035	-24.081	10.271	592
CA	-27.178	-23.874	11.718	592
C	-26.173	-22.88	12.314	592
N	-25.858	-21.803	11.579	593
CA	-25.258	-20.576	12.136	593
C	-26.057	-19.321	11.776	593
N	-25.991	-18.299	12.626	594
CA	-26.48	-16.941	12.359	594
C	-25.353	-16.015	11.888	594
N	-25.678	-14.744	11.632	595
CA	-24.655	-13.695	11.591	595
C	-24.007	-13.54	12.984	595
N	-22.676	-13.354	13.072	596
CA	-21.977	-13.148	14.341	596
C	-22.355	-11.8	14.968	596
N	-22.403	-11.733	16.297	597
CA	-22.683	-10.5	17.04	597
C	-21.469	-9.568	16.982	597
N	-21.663	-8.332	16.521	598
CA	-20.582	-7.347	16.412	598
C	-20.255	-6.755	17.799	598
N	-18.999	-6.36	18.05	599
CA	-18.591	-5.797	19.352	599
C	-19.444	-4.58	19.76	599
N	-19.759	-3.691	18.811	600
CA	-20.617	-2.53	19.059	600
C	-22.049	-2.912	19.488	600
N	-22.569	-4.042	18.999	601
CA	-23.879	-4.567	19.398	601
C	-23.819	-5.155	20.814	601
N	-22.74	-5.877	21.122	602
CA	-22.487	-6.453	22.443	602
C	-22.329	-5.375	23.518	602
N	-21.57	-4.319	23.228	603
CA	-21.389	-3.179	24.127	603
C	-22.721	-2.471	24.409	603
N	-23.57	-2.317	23.388	604
CA	-24.903	-1.737	23.533	604
C	-25.808	-2.571	24.454	604
N	-25.782	-3.899	24.302	605
CA	-26.558	-4.83	25.13	605
C	-26.061	-4.827	26.572	605
N	-24.746	-4.906	26.793	606
CA	-24.173	-4.847	28.138	606
C	-24.482	-3.512	28.821	606
N	-24.454	-2.409	28.074	607
CA	-24.813	-1.104	28.617	607
C	-26.299	-1.029	29.003	607
N	-27.212	-1.55	28.171	608
CA	-28.64	-1.649	28.511	608
C	-28.89	-2.579	29.712	608
N	-28.171	-3.702	29.789	609
CA	-28.249	-4.658	30.892	609
C	-27.915	-4.003	32.235	609
N	-26.832	-3.22	32.289	610
CA	-26.421	-2.502	33.497	610
C	-27.518	-1.532	33.959	610
N	-28.067	-0.744	33.032	611
CA	-29.116	0.247	33.319	611
C	-30.403	-0.424	33.826	611
N	-30.803	-1.546	33.222	612
CA	-31.992	-2.291	33.639	612
C	-31.835	-2.943	35.007	612
N	-30.666	-3.539	35.269	613
CA	-30.348	-4.158	36.558	613
C	-30.47	-3.149	37.691	613
N	-30.027	-1.92	37.455	614
CA	-30.156	-0.827	38.414	614
C	-31.627	-0.399	38.579	614
N	-32.381	-0.243	37.483	615
CA	-33.798	0.166	37.54	615
C	-34.73	-0.827	38.263	615
N	-34.484	-2.14	38.158	616
CA	-35.344	-3.161	38.782	616
C	-35.073	-3.315	40.272	616
N	-33.811	-3.139	40.677	617
CA	-33.433	-3.063	42.088	617
C	-34.182	-1.929	42.793	617
N	-34.373	-0.788	42.134	618
CA	-35.147	0.338	42.677	618
C	-36.665	0.062	42.776	618
N	-37.216	-0.808	41.918	619
CA	-38.65	-1.11	41.857	619
C	-39.108	-2.185	42.865	619
N	-38.32	-3.243	43.107	620
CA	-38.658	-4.279	44.107	620
C	-38.749	-3.709	45.532	620
N	-37.976	-2.664	45.838	621
CA	-38.04	-1.97	47.126	621
C	-39.351	-1.186	47.343	621
N	-40.158	-0.942	46.294	622
CA	-41.422	-0.181	46.388	622
C	-42.675	-1.042	46.614	622
N	-42.698	-2.315	46.199	623
CA	-43.928	-3.135	46.175	623
C	-44.197	-3.98	47.44	623
N	-43.239	-4.114	48.357	624
CA	-43.357	-4.982	49.547	624
C	-44.058	-4.335	50.76	624
N	-44.529	-3.081	50.655	625
CA	-45.015	-2.253	51.785	625
C	-46.538	-2.028	51.86	625
N	-47.358	-2.751	51.098	626
CA	-48.808	-2.532	51.083	626
C	-49.588	-3.849	51.213	626
N	-50.016	-4.208	52.44	627
CA	-51.255	-4.943	52.828	627
C	-51.135	-5.414	54.306	627
N	-51.866	-4.713	55.198	628
CA	-52.414	-5.109	56.533	628
C	-51.561	-4.914	57.821	628
N	-51.985	-3.909	58.608	629
CA	-51.713	-3.528	60.027	629
C	-52.574	-4.394	61.013	629
N	-52.515	-4.354	62.382	630
CA	-51.686	-3.553	63.311	630
C	-51.194	-4.277	64.608	630
N	-50.069	-3.862	65.213	631
CA	-49.911	-3.7	66.683	631
C	-48.513	-3.171	67.067	631
N	-48.459	-1.849	67.241	632
CA	-47.748	-1.065	68.271	632
C	-46.843	-1.881	69.213	632
N	-45.629	-2.154	68.747	633
CA	-44.392	-2.509	69.478	633
C	-43.236	-2.639	68.475	633
N	-43.56	-2.855	67.195	634
CA	-42.597	-2.944	66.097	634
C	-42.305	-1.608	65.41	634
N	-42.964	-0.486	65.725	635
CA	-42.707	0.79	65.025	635
C	-41.289	1.356	65.24	635
N	-40.599	0.989	66.325	636
CA	-39.164	1.28	66.475	636
C	-38.286	0.257	65.732	636
N	-38.709	-1.01	65.604	637
CA	-37.985	-2.026	64.824	637
C	-38.203	-1.902	63.308	637
N	-39.388	-1.509	62.836	638
CA	-39.722	-1.206	61.44	638
C	-39.016	0.063	60.979	638
N	-38.9	1.079	61.843	639
CA	-38.048	2.235	61.571	639
C	-36.58	1.828	61.424	639
N	-36.091	0.926	62.283	640
CA	-34.715	0.403	62.242	640
C	-34.484	-0.557	61.071	640
N	-35.457	-1.379	60.671	641
CA	-35.366	-2.293	59.524	641
C	-35.506	-1.556	58.191	641
N	-36.34	-0.516	58.126	642
CA	-36.389	0.395	56.984	642
C	-35.113	1.235	56.89	642
N	-34.598	1.77	58.004	643
CA	-33.299	2.454	58.047	643
C	-32.144	1.503	57.718	643
N	-32.211	0.243	58.146	644
CA	-31.25	-0.829	57.848	644
C	-31.303	-1.246	56.382	644
N	-32.499	-1.306	55.793	645
CA	-32.71	-1.563	54.369	645
C	-32.21	-0.397	53.522	645
N	-32.545	0.841	53.894	646
CA	-32.065	2.058	53.222	646
C	-30.552	2.187	53.379	646
N	-30.002	1.872	54.554	647
CA	-28.562	1.85	54.785	647
C	-27.87	0.759	53.957	647
N	-28.44	-0.451	53.854	648
CA	-27.905	-1.525	52.997	648
C	-27.934	-1.155	51.517	648
N	-29.009	-0.533	51.04	649
CA	-29.087	-0.039	49.66	649
C	-28.107	1.115	49.418	649
N	-27.969	2.058	50.356	650
CA	-26.959	3.119	50.27	650
C	-25.534	2.559	50.239	650
N	-25.213	1.579	51.089	651
CA	-23.905	0.905	51.083	651
C	-23.675	0.201	49.749	651
N	-24.673	-0.523	49.222	652
CA	-24.545	-1.206	47.929	652
C	-24.333	-0.218	46.783	652
N	-25.092	0.88	46.745	653
CA	-24.941	1.949	45.752	653
C	-23.549	2.586	45.812	653
N	-23.008	2.783	47.019	654
CA	-21.657	3.312	47.22	654
C	-20.604	2.31	46.729	654
N	-20.734	1.025	47.073	655
CA	-19.791	-0.029	46.676	655
C	-19.762	-0.272	45.164	655
N	-20.92	-0.244	44.495	656
CA	-21.03	-0.452	43.041	656
C	-20.858	0.824	42.222	656
N	-20.684	1.983	42.863	657
CA	-20.515	3.24	42.153	657
C	-19.282	3.193	41.237	657
N	-19.474	3.584	39.977	658
CA	-18.394	3.763	38.99	658
C	-17.508	4.976	39.296	658
N	-17.929	5.806	40.253	659
CA	-17.185	6.927	40.797	659
C	-16.403	6.503	42.057	659
N	-15.148	6.947	42.243	660
CA	-14.441	6.783	43.509	660
C	-15.157	7.514	44.653	660
N	-15.613	6.778	45.668	661
CA	-16.267	7.325	46.865	661
C	-15.465	6.918	48.099	661
N	-15.115	7.9	48.925	662
CA	-14.452	7.683	50.207	662
C	-14.973	8.662	51.258	662
N	-14.97	8.264	52.523	663
CA	-15.472	9.075	53.625	663
C	-14.495	9.063	54.8	663
N	-14.494	10.156	55.561	664
CA	-13.673	10.339	56.76	664
C	-14.516	10.753	57.957	664
N	-14.059	10.384	59.148	665
CA	-14.624	10.835	60.417	665
C	-14.179	12.264	60.793	665
N	-14.566	12.702	61.994	666
CA	-14.2	14.008	62.572	666
C	-12.7	14.187	62.814	666
N	-11.942	13.096	62.914	667
CA	-10.496	13.097	63.139	667
C	-9.703	12.93	61.823	667
N	-10.391	12.823	60.678	668
CA	-9.78	12.667	59.356	668
C	-9.347	11.234	59.019	668
N	-9.853	10.231	59.743	669
CA	-9.605	8.818	59.457	669
C	-10.663	8.254	58.517	669
N	-10.235	7.395	57.593	670
CA	-11.118	6.77	56.604	670
C	-12.134	5.847	57.281	670
N	-13.421	6.117	57.053	671
CA	-14.554	5.309	57.516	671
C	-15.468	4.818	56.373	671
N	-15.154	5.164	55.121	672
CA	-15.814	4.637	53.93	672
C	-14.85	4.578	52.749	672
N	-14.869	3.471	52.007	673
CA	-13.955	3.216	50.891	673
C	-14.593	2.249	49.892	673
N	-14.949	2.714	48.693	674
CA	-15.634	1.864	47.718	674
C	-14.687	1.079	46.79	674
N	-15.249	0.126	46.035	675
CA	-14.492	-0.739	45.128	675
C	-13.686	0.061	44.091	675
N	-14.226	1.191	43.61	676
CA	-13.549	2.009	42.603	676
C	-12.304	2.717	43.133	676
N	-12.329	3.264	44.354	677
CA	-11.109	3.828	44.971	677
C	-10.081	2.72	45.222	677
N	-10.53	1.526	45.622	678
CA	-9.652	0.371	45.843	678
C	-8.925	-0.059	44.564	678
N	-9.638	-0.139	43.438	679
CA	-9.069	-0.41	42.11	679
C	-8.058	0.673	41.69	679
N	-8.407	1.954	41.867	680
CA	-7.576	3.086	41.436	680
C	-6.288	3.244	42.245	680
N	-6.36	2.993	43.55	681
CA	-5.222	3.147	44.463	681
C	-4.445	1.85	44.65	681
N	-5.008	0.69	44.306	682
CA	-4.433	-0.62	44.623	682
C	-4.427	-0.942	46.124	682
N	-5.197	-0.201	46.934	683
CA	-5.327	-0.41	48.375	683
C	-6.666	-1.108	48.685	683
N	-6.662	-2.343	49.218	684
CA	-7.889	-3.05	49.581	684
C	-8.626	-2.339	50.727	684
N	-9.957	-2.488	50.785	685
CA	-10.831	-1.833	51.785	685
C	-10.335	-2.09	53.212	685
N	-9.997	-3.341	53.527	686
CA	-9.504	-3.782	54.841	686
C	-8.246	-3.03	55.307	686
N	-7.381	-2.622	54.375	687
CA	-6.157	-1.872	54.671	687
C	-6.345	-0.351	54.62	687
N	-7.449	0.13	54.05	688
CA	-7.762	1.55	53.94	688
C	-8.484	2.077	55.186	688
N	-9.329	1.249	55.806	689
CA	-10.111	1.618	56.987	689
C	-9.209	2.046	58.154	689
N	-9.492	3.215	58.736	690
CA	-8.747	3.767	59.872	690
C	-7.42	4.458	59.531	690
N	-6.999	4.514	58.259	691
CA	-5.833	5.319	57.845	691
C	-6.154	6.81	57.816	691
N	-5.139	7.646	58.029	692
CA	-5.274	9.098	57.894	692
C	-5.322	9.49	56.417	692
N	-6.389	10.178	55.993	693
CA	-6.509	10.651	54.609	693
C	-5.342	11.579	54.229	693
N	-4.982	12.501	55.123	694
CA	-3.961	13.532	54.881	694
C	-2.551	12.947	54.912	694
N	-2.236	12.107	55.901	695
CA	-0.859	11.657	56.13	695
C	-0.48	10.391	55.342	695
N	-1.424	9.461	55.153	696
CA	-1.124	8.132	54.607	696
C	-1.458	8.002	53.115	696
N	-2.54	8.645	52.662	697
CA	-3.177	8.348	51.369	697
C	-2.964	9.427	50.296	697
N	-2.64	10.657	50.693	698
CA	-2.5	11.816	49.797	698
C	-1.018	12.194	49.6	698
N	-0.675	12.748	48.433	699
CA	0.658	13.309	48.176	699
C	0.854	14.64	48.913	699
N	2.101	14.945	49.299	700
CA	2.47	16.166	50.044	700
C	1.963	17.473	49.408	700
N	1.873	17.503	48.08	701
CA	1.373	18.632	47.277	701
C	-0.13	18.916	47.468	701
N	-0.912	17.931	47.919	702
CA	-2.367	18.029	48.103	702
C	-2.788	18.066	49.58	702
N	-1.846	18.024	50.531	703
CA	-2.141	18.032	51.975	703
C	-2.873	19.307	52.417	703
N	-2.436	20.478	51.947	704
CA	-3.045	21.769	52.3	704
C	-4.491	21.87	51.791	704
N	-4.725	21.419	50.558	705
CA	-6.046	21.386	49.925	705
C	-7.002	20.438	50.649	705
N	-6.545	19.229	50.986	706
CA	-7.364	18.239	51.703	706
C	-7.626	18.676	53.145	706
N	-6.652	19.291	53.824	707
CA	-6.864	19.889	55.148	707
C	-7.941	20.979	55.126	707
N	-7.998	21.779	54.057	708
CA	-9.059	22.774	53.884	708
C	-10.436	22.116	53.721	708
N	-10.536	21.022	52.967	709
CA	-11.784	20.257	52.82	709
C	-12.252	19.599	54.13	709
N	-11.32	19.22	55.009	710
CA	-11.633	18.715	56.352	710
C	-12.178	19.807	57.291	710
N	-11.937	21.09	56.989	711
CA	-12.354	22.234	57.816	711
C	-13.841	22.622	57.7	711
N	-14.677	21.727	57.141	712
CA	-16.153	21.818	57.032	712
C	-16.695	22.749	55.937	712
N	-15.899	23.079	54.924	713
CA	-16.391	23.771	53.724	713
C	-16.912	22.754	52.69	713
N	-18.159	22.934	52.238	714
CA	-18.726	22.192	51.105	714
C	-18.151	22.777	49.811	714
N	-17.081	22.164	49.31	715
CA	-16.38	22.617	48.111	715
C	-16.561	21.624	46.954	715
N	-16.656	22.162	45.736	716
CA	-16.942	21.389	44.519	716
C	-15.752	21.435	43.571	716
N	-15.496	20.318	42.898	717
CA	-14.472	20.157	41.868	717
C	-13.035	20.402	42.356	717
N	-12.684	19.897	43.538	718
CA	-11.341	20.07	44.097	718
C	-10.403	18.974	43.596	718
N	-9.267	19.344	43.005	719
CA	-8.263	18.371	42.562	719
C	-7.459	17.81	43.745	719
N	-7.328	16.486	43.803	720
CA	-6.56	15.759	44.819	720
C	-5.7	14.67	44.183	720
N	-4.463	14.546	44.674	721
CA	-3.464	13.589	44.189	721
C	-3.255	12.483	45.226	721
N	-3.711	11.268	44.923	722
CA	-3.627	10.106	45.819	722
C	-2.446	9.19	45.484	722
N	-1.904	8.531	46.513	723
CA	-0.841	7.522	46.393	723
C	-1.408	6.194	45.886	723
N	-0.625	5.473	45.084	724
CA	-0.95	4.108	44.638	724
C	-0.067	3.069	45.331	724
N	-0.625	1.895	45.607	725
CA	-0.032	0.782	46.341	725
C	-0.041	-0.482	45.454	725
N	1.007	-1.317	45.522	726
CA	1.109	-2.575	44.755	726
C	2.394	-2.746	43.926	726
N	2.738	-4.005	43.592	727
CA	3.978	-4.377	42.865	727
C	4.029	-3.861	41.42	727
N	2.877	-3.642	40.79	728
CA	2.767	-3.158	39.402	728
C	2.707	-1.618	39.286	728
N	2.642	-0.905	40.42	729
CA	2.278	0.519	40.486	729
C	3.253	1.388	41.307	729
N	4.467	0.906	41.608	730
CA	5.483	1.728	42.284	730
C	5.736	3.033	41.494	730
N	5.519	4.187	42.144	731
CA	5.617	5.565	41.617	731
C	4.51	6.082	40.67	731
N	3.334	5.452	40.585	732
CA	2.178	6.071	39.905	732
C	1.359	6.935	40.882	732
N	0.645	7.929	40.356	733
CA	-0.248	8.796	41.127	733
C	-1.641	8.758	40.497	733
N	-2.676	8.668	41.33	734
CA	-4.064	8.764	40.894	734
C	-4.547	10.211	41.065	734
N	-5.085	10.799	39.996	735
CA	-5.638	12.153	40.015	735
C	-7.161	12.087	40.104	735
N	-7.715	12.697	41.15	736
CA	-9.149	12.751	41.41	736
C	-9.63	14.197	41.477	736
N	-10.761	14.48	40.841	737
CA	-11.547	15.692	41.108	737
C	-12.641	15.3	42.085	737
N	-12.629	15.85	43.296	738
CA	-13.522	15.455	44.389	738
C	-14.497	16.565	44.759	738
N	-15.728	16.162	45.052	739
CA	-16.742	16.986	45.695	739
C	-16.83	16.575	47.162	739
N	-16.665	17.53	48.077	740
CA	-16.743	17.284	49.511	740
C	-18.147	17.609	50.039	740
N	-18.782	16.639	50.692	741
CA	-20.088	16.782	51.321	741
C	-19.976	16.543	52.83	741
N	-20.37	17.54	53.624	742
CA	-20.377	17.436	55.085	742
C	-21.476	16.473	55.541	742
N	-21.102	15.361	56.172	743
CA	-22.061	14.447	56.799	743
C	-22.55	15.062	58.108	743
N	-23.855	15.336	58.219	744
CA	-24.467	16.01	59.375	744
C	-25.365	15.039	60.138	744
N	-25.203	15.016	61.452	745
CA	-26.106	14.358	62.385	745
C	-27.484	15.043	62.374	745
N	-28.534	14.384	62.878	746
CA	-29.887	14.968	62.957	746
C	-29.961	16.252	63.809	746
N	-28.954	16.495	64.655	747
CA	-28.763	17.731	65.435	747
C	-27.954	18.806	64.697	747
N	-27.745	18.654	63.385	748
CA	-26.964	19.548	62.524	748
C	-25.456	19.634	62.87	748
N	-24.938	18.682	63.658	749
CA	-23.51	18.556	63.969	749
C	-22.793	17.769	62.865	749
N	-21.668	18.273	62.357	750
CA	-20.853	17.55	61.365	750
C	-20.182	16.34	62.024	750
N	-20.433	15.146	61.486	751
CA	-19.9	13.842	61.937	751
C	-18.79	13.296	61.033	751
N	-18.567	13.914	59.874	752
CA	-17.533	13.514	58.925	752
C	-17.677	14.227	57.584	752
N	-16.837	13.858	56.622	753
CA	-16.874	14.382	55.248	753
C	-16.884	13.211	54.269	753
N	-17.822	13.225	53.325	754
CA	-17.898	12.267	52.228	754
C	-17.36	12.92	50.953	754
N	-16.469	12.224	50.259	755
CA	-15.856	12.655	49.016	755
C	-16.371	11.795	47.87	755
N	-16.949	12.449	46.866	756
CA	-17.336	11.814	45.603	756
C	-16.389	12.314	44.527	756
N	-15.569	11.411	44.007	757
CA	-14.507	11.705	43.064	757
C	-14.841	11.33	41.625	757
N	-14.16	11.977	40.69	758
CA	-14.067	11.585	39.292	758
C	-12.607	11.269	38.971	758
N	-12.357	10.105	38.365	759
CA	-11.02	9.748	37.906	759
C	-10.635	10.604	36.695	759
N	-9.72	11.547	36.906	760
CA	-9.147	12.386	35.849	760
C	-7.716	11.975	35.518	760
N	-7.263	10.791	35.938	761
CA	-5.901	10.307	35.659	761
C	-5.646	10.213	34.156	761
N	-6.587	9.66	33.38	762
CA	-6.493	9.614	31.915	762
C	-6.439	11.012	31.294	762
N	-7.33	11.915	31.719	763
CA	-7.329	13.313	31.279	763
C	-6.056	14.056	31.677	763
N	-5.506	13.853	32.879	764
CA	-4.24	14.456	33.318	764
C	-3.055	13.864	32.571	764
N	-3.051	12.574	32.234	765
CA	-2.015	11.969	31.38	765
C	-2.093	12.547	29.965	765
N	-3.294	12.676	29.394	766
CA	-3.507	13.291	28.076	766
C	-3.193	14.781	28.114	766
N	-3.564	15.498	29.173	767
CA	-3.239	16.906	29.394	767
C	-1.742	17.088	29.615	767
N	-1.052	16.18	30.303	768
CA	0.401	16.234	30.469	768
C	1.113	15.877	29.163	768
N	0.569	14.941	28.37	769
CA	0.99	14.722	26.981	769
C	0.695	15.948	26.124	769
N	-0.419	16.646	26.322	770
CA	-0.795	17.848	25.583	770
C	0.06	19.043	25.989	770
N	0.348	19.246	27.273	771
CA	1.283	20.253	27.789	771
C	2.695	19.925	27.306	771
N	3.08	18.644	27.262	772
CA	4.337	18.222	26.648	772
C	4.327	18.46	25.136	772
N	3.248	18.156	24.409	773
CA	3.115	18.388	22.96	773
C	3.014	19.881	22.65	773
N	2.403	20.69	23.51	774
CA	2.297	22.142	23.395	774
C	3.636	22.79	23.759	774
N	4.344	22.23	24.743	775
CA	5.725	22.55	25.083	775
C	6.683	22.189	23.95	775
N	6.534	21.004	23.358	776
CA	7.277	20.508	22.201	776
C	6.925	21.32	20.958	776
N	5.653	21.641	20.729	777
CA	5.189	22.505	19.647	777
C	5.827	23.883	19.774	777
N	5.747	24.504	20.957	778
CA	6.377	25.799	21.215	778
C	7.899	25.702	21.072	778
N	8.516	24.598	21.498	779
CA	9.947	24.341	21.341	779
C	10.371	24.058	19.887	779
N	9.5	23.468	19.061	780
CA	9.726	23.157	17.643	780
C	9.515	24.412	16.796	780
N	8.393	25.113	16.967	781
CA	8.053	26.319	16.198	781
C	9.029	27.451	16.502	781
N	9.392	27.645	17.773	782
CA	10.441	28.585	18.185	782
C	11.831	27.934	18.25	782
N	12.013	26.757	17.638	783
CA	13.333	26.142	17.559	783
C	14.254	27.053	16.748	783
N	15.493	27.308	17.2	784
CA	16.461	28.078	16.426	784
C	16.964	27.336	15.171	784
N	16.434	26.142	14.881	785
CA	16.819	25.285	13.77	785
C	16.469	25.925	12.406	785
N	17.437	26.073	11.479	786
CA	17.213	26.655	10.15	786
C	16.249	25.859	9.252	786
N	15.88	24.629	9.631	787
CA	14.862	23.833	8.937	787
C	13.423	24.279	9.238	787
N	13.203	25.067	10.295	788
CA	11.88	25.601	10.624	788
C	11.661	26.867	9.785	788
N	10.669	26.89	8.877	789
CA	10.418	28.063	8.053	789
C	9.899	29.234	8.903	789
N	9.971	30.475	8.397	790
CA	9.267	31.594	9.007	790
C	7.75	31.336	9.036	790
N	7.167	31.388	10.236	791
CA	5.77	31.053	10.538	791
C	5.135	32.187	11.345	791
N	3.901	32.542	10.989	792
CA	3.033	33.388	11.804	792
C	1.59	32.866	11.787	792
N	0.81	33.165	12.823	793
CA	-0.595	32.761	12.911	793
C	-1.493	33.95	13.252	793
N	-2.753	33.879	12.83	794
CA	-3.803	34.848	13.151	794
C	-4.953	34.228	13.928	794
N	-5.725	35.079	14.598	795
CA	-7.072	34.773	15.079	795
C	-8.141	35.0	13.987	795
N	-9.405	34.829	14.365	796
CA	-10.598	35.103	13.56	796
C	-10.765	36.589	13.19	796
N	-10.183	37.493	13.98	797
CA	-10.162	38.939	13.759	797
C	-8.937	39.419	12.963	797
N	-8.132	38.505	12.408	798
CA	-6.908	38.789	11.632	798
C	-5.753	39.418	12.43	798
N	-5.807	39.357	13.758	799
CA	-4.746	39.789	14.659	799
C	-3.692	38.691	14.832	799
N	-2.426	39.085	14.97	800
CA	-1.302	38.161	15.081	800
C	-1.295	37.431	16.437	800
N	-1.309	36.097	16.42	801
CA	-1.233	35.233	17.606	801
C	0.132	34.561	17.78	801
N	0.794	34.202	16.681	802
CA	2.12	33.579	16.714	802
C	3.069	34.273	15.752	802
N	4.326	34.367	16.171	803
CA	5.431	34.906	15.394	803
C	6.695	34.151	15.802	803
N	7.2	33.274	14.935	804
CA	8.255	32.34	15.326	804
C	9.675	32.922	15.196	804
N	10.675	32.233	15.751	805
CA	12.078	32.695	15.733	805
C	12.648	32.844	14.318	805
N	12.174	32.056	13.349	806
CA	12.573	32.214	11.952	806
C	12.022	33.513	11.33	806
N	10.827	33.979	11.726	807
CA	10.324	35.312	11.363	807
C	11.178	36.434	11.954	807
N	11.627	36.287	13.204	808
CA	12.512	37.263	13.86	808
C	13.881	37.353	13.156	808
N	14.382	36.224	12.631	809
CA	15.679	36.091	11.936	809
C	15.661	36.425	10.44	809
N	14.521	36.819	9.868	810
CA	14.477	37.303	8.481	810
C	15.284	38.608	8.282	810
N	15.759	39.232	9.371	811
CA	16.79	40.279	9.41	811
C	18.206	39.673	9.59	811
N	19.059	39.639	8.547	812
CA	20.338	38.931	8.604	812
C	21.507	39.731	9.204	812
N	21.297	40.903	9.827	813
CA	22.401	41.875	9.963	813
C	22.738	42.47	11.338	813
N	22.086	42.118	12.457	814
CA	22.611	42.519	13.776	814
C	22.057	41.709	14.964	814
N	22.939	41.248	15.856	815
CA	22.623	40.433	17.048	815
C	21.853	41.176	18.168	815
N	21.475	42.453	17.999	816
CA	21.028	43.303	19.12	816
C	19.691	44.052	18.954	816
N	18.933	43.866	17.866	817
CA	17.608	44.509	17.705	817
C	16.633	43.533	17.051	817
N	16.284	42.47	17.769	818
CA	15.224	41.557	17.339	818
C	13.874	42.223	17.534	818
N	13.025	42.163	16.511	819
CA	11.581	42.234	16.723	819
C	11.219	41.024	17.564	819
N	11.251	41.151	18.886	820
CA	10.72	40.091	19.727	820
C	9.252	39.92	19.365	820
N	8.754	38.684	19.301	821
CA	7.332	38.409	19.055	821
C	6.37	39.284	19.884	821
N	6.827	39.8	21.031	822
CA	6.152	40.784	21.897	822
C	5.666	42.053	21.165	822
N	6.352	42.527	20.12	823
CA	5.996	43.772	19.41	823
C	4.891	43.607	18.351	823
N	4.618	42.37	17.928	824
CA	3.754	42.041	16.777	824
C	2.5	41.288	17.216	824
N	2.598	40.487	18.28	825
CA	1.463	39.769	18.866	825
C	0.367	40.764	19.288	825
N	-0.879	40.465	18.918	826
CA	-2.064	41.283	19.191	826
C	-2.336	42.406	18.185	826
N	-1.448	42.642	17.21	827
CA	-1.651	43.644	16.15	827
C	-2.319	43.049	14.919	827
N	-3.08	43.864	14.197	828
CA	-3.749	43.456	12.962	828
C	-2.716	43.173	11.861	828
N	-2.719	41.954	11.304	829
CA	-1.75	41.555	10.274	829
C	-1.821	42.489	9.064	829
N	-3.045	42.747	8.608	830
CA	-3.333	43.686	7.531	830
C	-3.414	45.085	8.138	830
N	-2.469	45.968	7.819	831
CA	-2.471	47.356	8.299	831
C	-1.387	47.65	9.331	831
N	-1.4	47.01	10.5	832
CA	-0.394	47.306	11.529	832
C	0.916	46.564	11.271	832
N	0.885	45.251	11.036	833
CA	2.114	44.464	10.817	833
C	2.65	44.682	9.402	833
N	1.876	44.28	8.391	834
CA	2.273	44.385	6.983	834
C	2.012	45.766	6.348	834
N	1.575	46.749	7.144	835
CA	1.488	48.158	6.737	835
C	2.476	49.096	7.444	835
N	3.137	48.67	8.532	836
CA	4.176	49.471	9.204	836
C	5.561	48.822	9.155	836
N	5.765	47.711	9.865	837
CA	7.083	47.124	10.086	837
C	7.51	46.132	8.994	837
N	6.552	45.589	8.236	838
CA	6.78	44.719	7.082	838
C	6.002	45.219	5.847	838
N	6.301	46.419	5.34	839
CA	5.463	47.081	4.327	839
C	5.337	46.307	3.005	839
N	4.097	46.015	2.607	840
CA	3.761	45.485	1.283	840
C	3.859	46.573	0.2	840
N	4.332	46.21	-1.002	841
CA	4.42	47.145	-2.141	841
C	3.028	47.447	-2.715	841
N	2.401	48.511	-2.218	842
CA	1.191	49.115	-2.784	842
C	-0.129	48.487	-2.324	842
N	-1.23	49.201	-2.582	843
CA	-2.59	48.811	-2.179	843
C	-3.021	47.454	-2.745	843
N	-2.649	47.14	-3.988	844
CA	-2.956	45.858	-4.641	844
C	-2.359	44.651	-3.888	844
N	-1.135	44.778	-3.363	845
CA	-0.495	43.716	-2.569	845
C	-1.219	43.481	-1.241	845
N	-1.705	44.555	-0.61	846
CA	-2.498	44.492	0.626	846
C	-3.838	43.803	0.357	846
N	-4.541	44.192	-0.712	847
CA	-5.819	43.577	-1.096	847
C	-5.658	42.089	-1.383	847
N	-4.614	41.694	-2.118	848
CA	-4.358	40.276	-2.4	848
C	-4.037	39.478	-1.139	848
N	-3.235	40.028	-0.228	849
CA	-2.963	39.383	1.058	849
C	-4.236	39.231	1.901	849
N	-5.097	40.251	1.914	850
CA	-6.393	40.201	2.588	850
C	-7.287	39.086	2.025	850
N	-7.342	38.919	0.697	851
CA	-8.09	37.83	0.04	851
C	-7.559	36.463	0.482	851
N	-6.236	36.281	0.488	852
CA	-5.596	35.022	0.906	852
C	-5.959	34.674	2.351	852
N	-5.913	35.66	3.25	853
CA	-6.24	35.463	4.659	853
C	-7.731	35.131	4.864	853
N	-8.63	35.821	4.155	854
CA	-10.072	35.559	4.225	854
C	-10.459	34.213	3.607	854
N	-9.767	33.759	2.559	855
CA	-9.981	32.422	2.002	855
C	-9.642	31.336	3.032	855
N	-8.523	31.485	3.753	856
CA	-8.146	30.572	4.833	856
C	-9.176	30.577	5.979	856
N	-9.672	31.755	6.374	857
CA	-10.76	31.888	7.356	857
C	-12.097	31.312	6.851	857
N	-12.336	31.342	5.538	858
CA	-13.479	30.72	4.863	858
C	-13.342	29.209	4.642	858
N	-12.257	28.592	5.125	859
CA	-12.021	27.148	5.062	859
C	-11.281	26.65	3.817	859
N	-10.84	27.554	2.935	860
CA	-10.042	27.244	1.748	860
C	-8.55	27.447	2.021	860
N	-7.786	26.361	1.97	861
CA	-6.332	26.417	2.097	861
C	-5.71	26.949	0.791	861
N	-4.684	27.795	0.903	862
CA	-4.069	28.479	-0.249	862
C	-2.636	28.019	-0.472	862
N	-2.33	27.571	-1.693	863
CA	-1.006	27.059	-2.053	863
C	-0.126	28.134	-2.732	863
N	1.073	28.374	-2.176	864
CA	2.184	29.191	-2.728	864
C	1.796	30.545	-3.363	864
N	1.153	31.42	-2.593	865
CA	0.857	32.801	-2.987	865
C	2.127	33.686	-3.001	865
N	2.448	34.422	-4.086	866
CA	3.591	35.342	-4.106	866
C	3.432	36.458	-3.078	866
N	4.314	36.491	-2.088	867
CA	4.234	37.427	-0.979	867
C	5.563	38.153	-0.821	867
N	5.546	39.475	-0.973	868
CA	6.769	40.277	-0.939	868
C	6.568	41.535	-0.119	868
N	7.459	41.758	0.836	869
CA	7.416	42.883	1.761	869
C	8.81	43.492	1.92	869
N	8.846	44.721	2.414	870
CA	10.059	45.375	2.88	870
C	10.259	45.003	4.344	870
N	11.462	44.583	4.717	871
CA	11.819	44.48	6.13	871
C	11.974	45.875	6.771	871
N	12.267	45.916	8.077	872
CA	12.418	47.172	8.836	872
C	13.567	48.063	8.34	872
N	14.5	47.522	7.554	873
CA	15.643	48.243	6.98	873
C	15.427	48.608	5.505	873
N	14.227	48.363	4.966	874
CA	13.88	48.661	3.578	874
C	14.444	47.663	2.563	874
N	14.957	46.508	3.0	875
CA	15.397	45.441	2.1	875
C	14.19	44.619	1.66	875
N	14.164	44.318	0.368	876
CA	13.054	43.627	-0.269	876
C	13.168	42.112	-0.071	876
N	12.17	41.516	0.58	877
CA	12.098	40.079	0.859	877
C	11.035	39.453	-0.044	877
N	11.429	38.458	-0.844	878
CA	10.53	37.72	-1.738	878
C	10.298	36.305	-1.221	878
N	9.031	35.982	-0.986	879
CA	8.604	34.714	-0.395	879
C	7.359	34.166	-1.089	879
N	7.054	32.899	-0.832	880
CA	5.725	32.338	-1.034	880
C	5.024	32.176	0.304	880
N	3.81	32.698	0.398	881
CA	2.912	32.521	1.522	881
C	1.995	31.326	1.256	881
N	1.905	30.423	2.223	882
CA	0.888	29.365	2.278	882
C	0.044	29.63	3.512	882
N	-1.261	29.844	3.352	883
CA	-2.171	30.09	4.468	883
C	-3.171	28.937	4.585	883
N	-3.183	28.299	5.754	884
CA	-4.063	27.189	6.104	884
C	-5.043	27.61	7.198	884
N	-6.224	26.999	7.244	885
CA	-7.167	27.207	8.354	885
C	-6.616	26.662	9.673	885
N	-6.866	27.385	10.761	886
CA	-6.589	26.939	12.128	886
C	-7.907	26.564	12.789	886
N	-8.011	25.34	13.3	887
CA	-9.243	24.811	13.905	887
C	-9.073	24.53	15.397	887
N	-10.142	24.717	16.173	888
CA	-10.209	24.275	17.567	888
C	-10.548	22.771	17.666	888
N	-10.651	22.253	18.895	889
CA	-10.976	20.842	19.174	889
C	-12.365	20.412	18.665	889
N	-13.253	21.366	18.383	890
CA	-14.611	21.146	17.867	890
C	-14.671	21.246	16.329	890
N	-13.53	21.477	15.664	891
CA	-13.443	21.652	14.212	891
C	-13.863	23.038	13.705	891
N	-14.126	24.0	14.593	892
CA	-14.455	25.378	14.218	892
C	-13.183	26.144	13.85	892
N	-13.26	26.967	12.804	893
CA	-12.147	27.805	12.351	893
C	-11.968	28.966	13.337	893
N	-10.782	29.064	13.935	894
CA	-10.401	30.081	14.932	894
C	-9.322	31.044	14.422	894
N	-8.927	30.928	13.152	895
CA	-7.884	31.76	12.563	895
C	-7.215	31.13	11.346	895
N	-6.077	31.693	10.939	896
CA	-5.25	31.167	9.853	896
C	-3.785	30.979	10.28	896
N	-3.165	29.9	9.809	897
CA	-1.769	29.537	10.03	897
C	-0.959	29.737	8.745	897
N	0.077	30.571	8.798	898
CA	0.785	31.072	7.625	898
C	2.259	30.648	7.612	898
N	2.701	30.074	6.493	899
CA	4.082	29.657	6.249	899
C	4.709	30.5	5.141	899
N	5.933	30.988	5.353	900
CA	6.706	31.689	4.33	900
C	7.848	30.815	3.812	900
N	7.893	30.607	2.501	901
CA	9.0	29.945	1.82	901
C	9.868	30.991	1.115	901
N	11.135	31.103	1.512	902
CA	12.099	32.025	0.897	902
C	12.455	31.503	-0.503	902
N	12.354	32.352	-1.53	903
CA	12.628	31.94	-2.911	903
C	14.136	31.771	-3.15	903
N	14.579	30.579	-3.575	904
CA	15.914	30.434	-4.172	904
C	15.941	31.068	-5.576	904
N	17.11	31.526	-6.059	905
CA	17.242	32.1	-7.398	905
C	16.799	31.15	-8.526	905
N	17.03	29.833	-8.407	906
CA	16.616	28.871	-9.443	906
C	15.091	28.698	-9.491	906
N	14.444	28.638	-8.321	907
CA	12.99	28.512	-8.215	907
C	12.274	29.745	-8.802	907
N	12.894	30.929	-8.714	908
CA	12.388	32.166	-9.318	908
C	12.29	32.119	-10.844	908
N	13.298	31.566	-11.522	909
CA	13.309	31.488	-12.984	909
C	12.305	30.456	-13.501	909
N	12.253	29.272	-12.885	910
CA	11.338	28.207	-13.29	910
C	9.862	28.632	-13.17	910
N	9.478	29.248	-12.045	911
CA	8.095	29.69	-11.821	911
C	7.691	30.893	-12.68	911
N	8.62	31.801	-13.019	912
CA	8.33	32.886	-13.975	912
C	8.045	32.337	-15.371	912
N	8.83	31.36	-15.828	913
CA	8.618	30.719	-17.122	913
C	7.269	29.982	-17.166	913
N	6.961	29.188	-16.133	914
CA	5.689	28.467	-16.03	914
C	4.484	29.42	-16.003	914
N	4.517	30.472	-15.171	915
CA	3.414	31.447	-15.085	915
C	3.186	32.22	-16.373	915
N	4.253	32.546	-17.102	916
CA	4.118	33.225	-18.386	916
C	3.418	32.308	-19.396	916
N	3.791	31.026	-19.426	917
CA	3.182	30.03	-20.302	917
C	1.713	29.752	-19.94	917
N	1.388	29.566	-18.655	918
CA	0.007	29.37	-18.182	918
C	-0.877	30.589	-18.468	918
N	-0.358	31.809	-18.276	919
CA	-1.117	33.038	-18.542	919
C	-1.37	33.241	-20.037	919
N	-0.391	32.933	-20.888	920
CA	-0.555	32.949	-22.346	920
C	-1.54	31.871	-22.817	920
N	-1.47	30.664	-22.252	921
CA	-2.39	29.567	-22.555	921
C	-3.83	29.887	-22.129	921
N	-4.035	30.333	-20.883	922
CA	-5.35	30.729	-20.366	922
C	-5.94	31.914	-21.151	922
N	-5.094	32.846	-21.605	923
CA	-5.491	33.935	-22.499	923
C	-6.044	33.414	-23.827	923
N	-5.295	32.534	-24.507	924
CA	-5.713	31.92	-25.781	924
C	-6.972	31.066	-25.636	924
N	-7.11	30.302	-24.55	925
CA	-8.329	29.528	-24.281	925
C	-9.562	30.422	-24.118	925
N	-9.445	31.55	-23.4	926
CA	-10.552	32.511	-23.252	926
C	-10.938	33.151	-24.586	926
N	-9.957	33.492	-25.42	927
CA	-10.19	34.014	-26.772	927
C	-10.9	32.981	-27.663	927
N	-10.45	31.721	-27.655	928
CA	-11.08	30.622	-28.397	928
C	-12.512	30.353	-27.925	928
N	-12.741	30.297	-26.61	929
CA	-14.073	30.117	-26.037	929
C	-15.025	31.254	-26.447	929
N	-14.54	32.502	-26.452	930
CA	-15.305	33.659	-26.921	930
C	-15.654	33.556	-28.413	930
N	-14.692	33.197	-29.272	931
CA	-14.921	33.015	-30.717	931
C	-15.955	31.907	-30.958	931
N	-15.814	30.763	-30.288	932
CA	-16.741	29.636	-30.399	932
C	-18.163	30.016	-29.96	932
N	-18.293	30.785	-28.875	933
CA	-19.577	31.333	-28.437	933
C	-20.152	32.341	-29.448	933
N	-19.293	33.159	-30.062	934
CA	-19.642	34.116	-31.11	934
C	-20.191	33.456	-32.377	934
N	-19.631	32.315	-32.797	935
CA	-20.063	31.563	-33.995	935
C	-21.329	30.734	-33.738	935
N	-21.526	30.224	-32.516	936
CA	-22.675	29.365	-32.171	936
C	-24.038	30.04	-32.389	936
N	-24.143	31.349	-32.129	937
CA	-25.39	32.123	-32.293	937
C	-25.844	32.241	-33.76	937
N	-25.048	32.791	-34.699	938
CA	-25.44	32.86	-36.107	938
C	-25.657	31.468	-36.709	938
N	-24.854	30.474	-36.313	939
CA	-25.025	29.09	-36.756	939
C	-26.382	28.501	-36.34	939
N	-26.862	28.822	-35.133	940
CA	-28.209	28.434	-34.686	940
C	-29.316	29.081	-35.532	940
N	-29.098	30.306	-36.027	941
CA	-30.007	30.984	-36.959	941
C	-30.027	30.346	-38.353	941
N	-28.86	29.952	-38.878	942
CA	-28.75	29.197	-40.141	942
C	-29.473	27.855	-40.007	942
N	-29.24	27.123	-38.91	943
CA	-29.917	25.849	-38.629	943
C	-31.43	25.969	-38.615	943
N	-31.939	26.999	-37.943	944
CA	-33.369	27.281	-37.905	944
C	-33.92	27.54	-39.314	944
N	-33.216	28.339	-40.119	945
CA	-33.611	28.644	-41.504	945
C	-33.59	27.397	-42.389	945
N	-32.552	26.564	-42.277	946
CA	-32.459	25.293	-42.991	946
C	-33.613	24.353	-42.612	946
N	-33.931	24.246	-41.317	947
CA	-35.06	23.437	-40.826	947
C	-36.41	23.931	-41.369	947
N	-36.589	25.252	-41.518	948
CA	-37.783	25.823	-42.152	948
C	-37.841	25.517	-43.653	948
N	-36.707	25.572	-44.36	949
CA	-36.632	25.231	-45.784	949
C	-36.925	23.747	-46.029	949
N	-36.461	22.845	-45.157	950
CA	-36.755	21.404	-45.238	950
C	-38.265	21.116	-45.17	950
N	-39.042	21.982	-44.507	951
CA	-40.5	21.88	-44.422	951
C	-41.243	22.418	-45.665	951
N	-40.534	22.993	-46.643	952
CA	-41.121	23.498	-47.896	952
C	-41.034	22.471	-49.031	952
N	-41.799	22.675	-50.107	953
CA	-41.698	21.86	-51.322	953
C	-40.451	22.246	-52.128	953
N	-39.372	21.478	-51.981	954
CA	-38.083	21.718	-52.638	954
C	-37.941	20.904	-53.932	954
N	-37.289	21.471	-54.951	955
CA	-36.809	20.69	-56.104	955
C	-35.664	19.758	-55.686	955
N	-35.351	18.732	-56.487	956
CA	-34.239	17.816	-56.183	956
C	-32.894	18.551	-56.022	956
N	-32.654	19.583	-56.835	957
CA	-31.441	20.404	-56.764	957
C	-31.413	21.258	-55.483	957
N	-32.539	21.894	-55.132	958
CA	-32.675	22.65	-53.881	958
C	-32.504	21.756	-52.65	958
N	-33.043	20.534	-52.695	959
CA	-32.879	19.543	-51.633	959
C	-31.41	19.158	-51.458	959
N	-30.678	18.924	-52.549	960
CA	-29.245	18.629	-52.487	960
C	-28.434	19.807	-51.916	960
N	-28.755	21.052	-52.291	961
CA	-28.11	22.236	-51.709	961
C	-28.381	22.361	-50.211	961
N	-29.611	22.078	-49.785	962
CA	-29.993	22.11	-48.382	962
C	-29.301	21.004	-47.574	962
N	-29.263	19.77	-48.084	963
CA	-28.525	18.654	-47.471	963
C	-27.029	18.977	-47.322	963
N	-26.435	19.609	-48.34	964
CA	-25.035	20.059	-48.314	964
C	-24.82	21.167	-47.272	964
N	-25.757	22.118	-47.164	965
CA	-25.73	23.184	-46.152	965
C	-25.814	22.62	-44.731	965
N	-26.751	21.701	-44.485	966
CA	-26.933	21.031	-43.189	966
C	-25.702	20.198	-42.815	966
N	-25.042	19.548	-43.778	967
CA	-23.798	18.819	-43.526	967
C	-22.65	19.748	-43.08	967
N	-22.493	20.92	-43.708	968
CA	-21.497	21.923	-43.301	968
C	-21.825	22.53	-41.926	968
N	-23.107	22.771	-41.654	969
CA	-23.59	23.276	-40.37	969
C	-23.301	22.301	-39.216	969
N	-23.591	21.007	-39.411	970
CA	-23.28	19.949	-38.439	970
C	-21.776	19.821	-38.194	970
N	-20.951	19.914	-39.243	971
CA	-19.49	19.912	-39.111	971
C	-19.011	21.081	-38.234	971
N	-19.502	22.306	-38.466	972
CA	-19.152	23.467	-37.633	972
C	-19.561	23.284	-36.167	972
N	-20.761	22.756	-35.9	973
CA	-21.204	22.483	-34.529	973
C	-20.316	21.453	-33.825	973
N	-19.858	20.42	-34.541	974
CA	-18.945	19.408	-33.995	974
C	-17.586	20.024	-33.65	974
N	-17.024	20.853	-34.534	975
CA	-15.765	21.579	-34.275	975
C	-15.891	22.517	-33.059	975
N	-17.017	23.228	-32.91	976
CA	-17.275	24.146	-31.779	976
C	-17.496	23.41	-30.447	976
N	-17.96	22.158	-30.471	977
CA	-18.109	21.353	-29.249	977
C	-16.771	20.81	-28.776	977
N	-15.931	20.414	-29.719	978
CA	-14.687	19.703	-29.447	978
C	-13.498	20.694	-29.363	978
N	-13.723	21.866	-28.744	979
CA	-12.749	22.983	-28.606	979
C	-11.624	22.659	-27.627	979
N	-11.764	21.567	-26.883	980
CA	-10.741	21.11	-25.966	980
C	-9.543	20.552	-26.746	980
N	-8.58	21.433	-27.033	981
CA	-7.321	21.104	-27.705	981
C	-6.59	19.964	-26.989	981
N	-6.753	19.839	-25.665	982
CA	-6.152	18.759	-24.88	982
C	-6.684	17.396	-25.344	982
N	-7.995	17.275	-25.599	983
CA	-8.625	16.018	-26.05	983
C	-8.173	15.536	-27.439	983
N	-7.729	16.463	-28.294	984
CA	-7.193	16.133	-29.622	984
C	-5.682	15.876	-29.535	984
N	-4.986	16.522	-28.595	985
CA	-3.562	16.306	-28.356	985
C	-3.259	14.96	-27.696	985
N	-4.057	14.549	-26.708	986
CA	-3.91	13.292	-25.965	986
C	-4.547	12.074	-26.673	986
N	-5.331	12.31	-27.732	987
CA	-6.015	11.274	-28.508	987
C	-7.31	10.753	-27.875	987
N	-7.841	11.427	-26.852	988
CA	-9.1	11.082	-26.176	988
C	-10.364	11.529	-26.926	988
N	-10.226	12.194	-28.08	989
CA	-11.345	12.622	-28.922	989
C	-12.259	11.447	-29.336	989
N	-13.488	11.43	-28.82	990
CA	-14.505	10.435	-29.173	990
C	-15.088	10.665	-30.587	990
N	-15.08	9.616	-31.422	991
CA	-15.642	9.63	-32.782	991
C	-17.136	9.258	-32.782	991
N	-17.989	10.096	-33.375	992
CA	-19.434	9.852	-33.507	992
C	-19.721	9.08	-34.809	992
N	-19.623	7.745	-34.759	993
CA	-19.765	6.877	-35.944	993
C	-21.237	6.603	-36.297	993
N	-21.582	6.673	-37.583	994
CA	-22.905	6.346	-38.125	994
C	-22.861	5.954	-39.607	994
N	-24.006	5.566	-40.174	995
CA	-24.134	5.26	-41.607	995
C	-24.359	6.542	-42.423	995
N	-23.588	6.733	-43.495	996
CA	-23.737	7.866	-44.41	996
C	-23.34	7.5	-45.848	996
N	-23.777	8.311	-46.816	997
CA	-23.373	8.184	-48.219	997
C	-22.096	8.988	-48.47	997
N	-21.074	8.37	-49.067	998
CA	-19.805	9.062	-49.332	998
C	-19.972	10.231	-50.321	998
N	-20.959	10.151	-51.22	999
CA	-21.33	11.254	-52.108	999
C	-21.719	12.536	-51.364	999
N	-22.361	12.425	-50.194	1000
CA	-22.751	13.588	-49.39	1000
C	-21.525	14.286	-48.79	1000
N	-20.536	13.51	-48.332	1001
CA	-19.256	14.042	-47.837	1001
C	-18.52	14.778	-48.951	1001
N	-18.418	14.173	-50.136	1002
CA	-17.744	14.778	-51.292	1002
C	-18.427	16.088	-51.707	1002
N	-19.763	16.117	-51.768	1003
CA	-20.512	17.334	-52.093	1003
C	-20.233	18.455	-51.081	1003
N	-20.231	18.135	-49.783	1004
CA	-19.949	19.095	-48.718	1004
C	-18.494	19.594	-48.723	1004
N	-17.52	18.714	-48.973	1005
CA	-16.099	19.08	-49.118	1005
C	-15.909	20.033	-50.298	1005
N	-16.505	19.711	-51.446	1006
CA	-16.383	20.531	-52.653	1006
C	-17.106	21.873	-52.506	1006
N	-18.269	21.916	-51.846	1007
CA	-18.98	23.179	-51.612	1007
C	-18.193	24.148	-50.732	1007
N	-17.363	23.642	-49.815	1008
CA	-16.557	24.475	-48.916	1008
C	-15.398	25.191	-49.626	1008
N	-14.92	24.671	-50.762	1009
CA	-13.807	25.275	-51.519	1009
C	-14.252	26.043	-52.765	1009
N	-15.517	25.907	-53.184	1010
CA	-15.987	26.424	-54.478	1010
C	-15.896	27.948	-54.597	1010
N	-16.105	28.675	-53.494	1011
CA	-15.995	30.132	-53.482	1011
C	-14.536	30.561	-53.671	1011
N	-13.605	29.932	-52.946	1012
CA	-12.174	30.218	-53.06	1012
C	-11.615	29.854	-54.446	1012
N	-12.079	28.749	-55.038	1013
CA	-11.747	28.382	-56.42	1013
C	-12.163	29.478	-57.411	1013
N	-13.364	30.055	-57.245	1014
CA	-13.847	31.168	-58.081	1014
C	-13.043	32.445	-57.851	1014
N	-12.732	32.773	-56.598	1015
CA	-11.925	33.948	-56.238	1015
C	-10.511	33.89	-56.828	1015
N	-9.902	32.699	-56.878	1016
CA	-8.562	32.479	-57.449	1016
C	-8.574	32.109	-58.939	1016
N	-9.739	32.136	-59.593	1017
CA	-9.918	31.736	-60.993	1017
C	-9.264	30.373	-61.323	1017
N	-9.546	29.365	-60.49	1018
CA	-9.032	28.002	-60.62	1018
C	-10.12	27.047	-61.106	1018
N	-9.771	26.163	-62.037	1019
CA	-10.668	25.097	-62.473	1019
C	-10.607	23.905	-61.507	1019
N	-11.763	23.42	-61.043	1020
CA	-11.848	22.174	-60.276	1020
C	-12.177	21.0	-61.2	1020
N	-11.229	20.084	-61.35	1021
CA	-11.404	18.803	-62.031	1021
C	-11.864	17.778	-60.985	1021
N	-12.923	17.023	-61.285	1022
CA	-13.483	16.008	-60.38	1022
C	-13.452	14.656	-61.083	1022
N	-12.474	13.816	-60.761	1023
CA	-12.433	12.418	-61.204	1023
C	-12.937	11.513	-60.07	1023
N	-14.264	11.415	-59.974	1024
CA	-14.959	10.707	-58.897	1024
C	-15.95	9.724	-59.53	1024
N	-15.715	8.402	-59.434	1025
CA	-16.619	7.393	-59.982	1025
C	-18.039	7.527	-59.414	1025
N	-19.07	7.516	-60.266	1026
CA	-20.478	7.645	-59.83	1026
C	-20.892	6.558	-58.822	1026
N	-20.319	5.357	-58.942	1027
CA	-20.524	4.234	-58.019	1027
C	-20.237	4.625	-56.562	1027
N	-19.176	5.409	-56.33	1028
CA	-18.755	5.794	-54.981	1028
C	-19.727	6.781	-54.332	1028
N	-20.425	7.596	-55.136	1029
CA	-21.382	8.586	-54.627	1029
C	-22.614	7.921	-54.016	1029
N	-22.971	6.731	-54.503	1030
CA	-24.129	5.951	-54.03	1030
C	-23.796	4.941	-52.927	1030
N	-22.513	4.766	-52.59	1031
CA	-22.073	3.788	-51.601	1031
C	-22.352	4.276	-50.169	1031
N	-23.03	3.438	-49.383	1032
CA	-23.252	3.656	-47.959	1032
C	-22.111	3.029	-47.143	1032
N	-21.516	3.831	-46.265	1033
CA	-20.361	3.473	-45.438	1033
C	-20.619	3.836	-43.977	1033
N	-19.897	3.195	-43.06	1034
CA	-20.008	3.421	-41.619	1034
C	-18.76	4.118	-41.061	1034
N	-18.929	5.228	-40.344	1035
CA	-17.824	6.014	-39.779	1035
C	-18.285	7.384	-39.28	1035
N	-17.357	8.271	-38.927	1036
CA	-17.7	9.643	-38.525	1036
C	-17.733	10.567	-39.756	1036
N	-18.937	10.789	-40.298	1037
CA	-19.156	11.605	-41.499	1037
C	-18.537	13.005	-41.369	1037
N	-18.725	13.653	-40.215	1038
CA	-18.38	15.059	-40.008	1038
C	-16.868	15.238	-39.878	1038
N	-16.185	14.291	-39.224	1039
CA	-14.722	14.286	-39.12	1039
C	-14.045	13.983	-40.449	1039
N	-14.578	13.058	-41.249	1040
CA	-14.065	12.808	-42.609	1040
C	-14.26	14.049	-43.49	1040
N	-15.432	14.688	-43.418	1041
CA	-15.714	15.935	-44.131	1041
C	-14.712	17.036	-43.759	1041
N	-14.41	17.205	-42.465	1042
CA	-13.416	18.165	-41.97	1042
C	-12.011	17.9	-42.496	1042
N	-11.544	16.662	-42.373	1043
CA	-10.197	16.29	-42.807	1043
C	-10.027	16.519	-44.311	1043
N	-10.992	16.069	-45.118	1044
CA	-10.921	16.218	-46.57	1044
C	-11.09	17.68	-47.017	1044
N	-11.939	18.473	-46.347	1045
CA	-12.078	19.903	-46.647	1045
C	-10.8	20.671	-46.338	1045
N	-10.135	20.381	-45.217	1046
CA	-8.904	21.067	-44.813	1046
C	-7.758	20.795	-45.796	1046
N	-7.58	19.539	-46.227	1047
CA	-6.575	19.199	-47.239	1047
C	-6.88	19.85	-48.591	1047
N	-8.132	19.786	-49.062	1048
CA	-8.505	20.369	-50.351	1048
C	-8.378	21.895	-50.328	1048
N	-8.783	22.544	-49.234	1049
CA	-8.67	23.989	-49.063	1049
C	-7.207	24.441	-49.118	1049
N	-6.29	23.707	-48.481	1050
CA	-4.86	24.001	-48.562	1050
C	-4.311	23.815	-49.988	1050
N	-4.712	22.766	-50.715	1051
CA	-4.343	22.608	-52.137	1051
C	-4.857	23.79	-52.969	1051
N	-6.116	24.193	-52.775	1052
CA	-6.718	25.334	-53.481	1052
C	-6.037	26.652	-53.128	1052
N	-5.556	26.857	-51.896	1053
CA	-4.829	28.08	-51.495	1053
C	-3.461	28.21	-52.162	1053
N	-2.753	27.098	-52.353	1054
CA	-1.381	27.092	-52.881	1054
C	-1.27	26.697	-54.356	1054
N	-2.379	26.345	-55.01	1055
CA	-2.391	26.14	-56.452	1055
C	-1.959	27.426	-57.205	1055
N	-1.213	27.324	-58.316	1056
CA	-0.877	28.464	-59.169	1056
C	-2.136	29.178	-59.678	1056
N	-2.172	30.51	-59.623	1057
CA	-3.305	31.354	-60.045	1057
C	-2.77	32.611	-60.743	1057
N	-3.441	33.153	-61.783	1058
CA	-4.71	32.696	-62.384	1058
C	-4.543	31.519	-63.375	1058
N	-5.656	30.888	-63.778	1059
CA	-5.76	29.813	-64.796	1059
C	-5.113	28.462	-64.432	1059
N	-4.841	28.244	-63.146	1060
CA	-4.478	26.929	-62.634	1060
C	-5.68	26.002	-62.479	1060
N	-5.385	24.758	-62.129	1061
CA	-6.393	23.749	-61.845	1061
C	-6.088	23.039	-60.532	1061
N	-7.143	22.53	-59.914	1062
CA	-7.081	21.615	-58.78	1062
C	-7.91	20.402	-59.144	1062
N	-7.395	19.214	-58.878	1063
CA	-8.083	17.963	-59.166	1063
C	-8.365	17.206	-57.873	1063
N	-9.593	16.715	-57.716	1064
CA	-9.931	15.713	-56.707	1064
C	-10.224	14.387	-57.408	1064
N	-9.368	13.406	-57.148	1065
CA	-9.442	12.055	-57.689	1065
C	-9.783	11.088	-56.556	1065
N	-10.793	10.232	-56.731	1066
CA	-11.133	9.191	-55.743	1066
C	-11.088	7.801	-56.376	1066
N	-10.252	6.895	-55.847	1067
CA	-10.213	5.481	-56.267	1067
C	-10.774	4.578	-55.173	1067
N	-11.941	3.952	-55.387	1068
CA	-12.43	2.915	-54.495	1068
C	-11.735	1.578	-54.786	1068
N	-11.305	0.875	-53.737	1069
CA	-10.941	-0.546	-53.781	1069
C	-11.761	-1.289	-52.739	1069
N	-12.717	-2.09	-53.19	1070
CA	-13.542	-2.896	-52.292	1070
C	-12.801	-4.202	-51.995	1070
N	-12.502	-4.458	-50.719	1071
CA	-11.948	-5.73	-50.239	1071
C	-13.024	-6.47	-49.447	1071
N	-13.322	-7.707	-49.834	1072
CA	-14.101	-8.608	-48.985	1072
C	-13.18	-9.214	-47.929	1072
N	-13.546	-9.063	-46.658	1073
CA	-12.888	-9.753	-45.55	1073
C	-13.652	-11.052	-45.273	1073
N	-12.918	-12.097	-44.894	1074
CA	-13.446	-13.357	-44.373	1074
C	-14.226	-13.102	-43.078	1074
N	-15.506	-12.738	-43.216	1075
CA	-16.604	-12.759	-42.217	1075
C	-17.872	-12.03	-42.736	1075
N	-17.992	-11.813	-44.054	1076
CA	-19.135	-11.108	-44.655	1076
C	-19.062	-9.578	-44.559	1076
N	-18.088	-9.035	-43.821	1077
CA	-17.761	-7.611	-43.804	1077
C	-17.04	-7.212	-45.099	1077
N	-17.58	-6.199	-45.769	1078
CA	-16.987	-5.6	-46.967	1078
C	-16.356	-4.273	-46.558	1078
N	-15.045	-4.104	-46.74	1079
CA	-14.368	-2.827	-46.498	1079
C	-14.173	-2.077	-47.815	1079
N	-14.494	-0.789	-47.802	1080
CA	-14.065	0.163	-48.809	1080
C	-12.71	0.72	-48.381	1080
N	-11.685	0.452	-49.177	1081
CA	-10.426	1.178	-49.12	1081
C	-10.521	2.337	-50.121	1081
N	-10.758	3.553	-49.628	1082
CA	-10.932	4.745	-50.452	1082
C	-9.629	5.547	-50.503	1082
N	-9.071	5.7	-51.704	1083
CA	-7.892	6.529	-51.942	1083
C	-8.33	7.895	-52.486	1083
N	-8.12	8.966	-51.723	1084
CA	-8.358	10.341	-52.164	1084
C	-7.03	10.989	-52.56	1084
N	-6.986	11.581	-53.752	1085
CA	-5.866	12.385	-54.246	1085
C	-6.354	13.789	-54.548	1085
N	-5.723	14.786	-53.943	1086
CA	-6.028	16.199	-54.177	1086
C	-4.793	16.851	-54.777	1086
N	-4.837	17.156	-56.07	1087
CA	-3.669	17.491	-56.891	1087
C	-3.717	18.955	-57.316	1087
N	-2.567	19.625	-57.309	1088
CA	-2.355	20.897	-57.998	1088
C	-1.018	20.884	-58.759	1088
N	-0.891	21.652	-59.852	1089
CA	0.4	21.885	-60.488	1089
C	1.298	22.775	-59.607	1089
N	2.604	22.795	-59.88	1090
CA	3.565	23.709	-59.237	1090
C	4.182	23.204	-57.925	1090
N	4.833	24.107	-57.176	1091
CA	5.647	23.78	-55.982	1091
C	4.839	23.258	-54.778	1091
N	3.522	23.488	-54.776	1092
CA	2.616	23.019	-53.735	1092
C	2.652	23.857	-52.452	1092
N	2.338	23.231	-51.316	1093
CA	2.32	23.879	-50.002	1093
C	3.743	24.278	-49.585	1093
N	3.974	25.433	-48.94	1094
CA	5.243	25.799	-48.313	1094
C	5.848	24.692	-47.424	1094
N	7.188	24.524	-47.386	1095
CA	7.846	23.515	-46.545	1095
C	7.501	23.628	-45.054	1095
N	7.299	24.853	-44.566	1096
CA	6.917	25.163	-43.182	1096
C	5.573	24.522	-42.808	1096
N	4.582	24.56	-43.709	1097
CA	3.28	23.922	-43.484	1097
C	3.359	22.403	-43.444	1097
N	4.227	21.826	-44.272	1098
CA	4.464	20.384	-44.259	1098
C	5.132	20.004	-42.935	1098
N	6.134	20.76	-42.475	1099
CA	6.766	20.525	-41.173	1099
C	5.762	20.64	-40.019	1099
N	4.927	21.681	-40.006	1100
CA	3.878	21.87	-38.998	1100
C	2.858	20.715	-38.996	1100
N	2.497	20.178	-40.17	1101
CA	1.607	19.014	-40.281	1101
C	2.197	17.764	-39.606	1101
N	3.528	17.601	-39.62	1102
CA	4.197	16.434	-39.038	1102
C	4.696	16.622	-37.593	1102
N	4.917	17.859	-37.138	1103
CA	5.394	18.193	-35.792	1103
C	4.29	18.102	-34.721	1103
N	4.667	17.657	-33.514	1104
CA	3.718	17.338	-32.439	1104
C	3.511	18.443	-31.384	1104
N	4.333	19.502	-31.319	1105
CA	4.323	20.408	-30.146	1105
C	4.611	21.896	-30.395	1105
N	4.995	22.308	-31.611	1106
CA	5.198	23.724	-31.972	1106
C	4.814	23.94	-33.431	1106
N	3.698	24.624	-33.663	1107
CA	3.257	25.039	-34.997	1107
C	3.687	26.48	-35.259	1107
N	4.274	26.74	-36.424	1108
CA	4.591	28.092	-36.878	1108
C	3.379	28.841	-37.442	1108
N	2.377	28.121	-37.958	1109
CA	1.267	28.689	-38.746	1109
C	-0.11	28.14	-38.342	1109
N	-1.177	28.908	-38.605	1110
CA	-2.559	28.486	-38.322	1110
C	-3.009	27.343	-39.244	1110
N	-2.608	27.377	-40.515	1111
CA	-2.886	26.317	-41.483	1111
C	-2.16	25.017	-41.124	1111
N	-0.93	25.121	-40.609	1112
CA	-0.145	23.991	-40.128	1112
C	-0.805	23.269	-38.951	1112
N	-1.388	24.022	-38.006	1113
CA	-2.214	23.466	-36.927	1113
C	-3.414	22.689	-37.492	1113
N	-4.154	23.269	-38.445	1114
CA	-5.306	22.614	-39.079	1114
C	-4.939	21.296	-39.771	1114
N	-3.832	21.278	-40.521	1115
CA	-3.311	20.069	-41.168	1115
C	-2.84	19.015	-40.149	1115
N	-2.174	19.434	-39.067	1116
CA	-1.725	18.545	-37.985	1116
C	-2.91	17.904	-37.252	1116
N	-3.939	18.695	-36.924	1117
CA	-5.192	18.209	-36.335	1117
C	-5.916	17.249	-37.282	1117
N	-6.032	17.597	-38.567	1118
CA	-6.634	16.729	-39.583	1118
C	-5.9	15.391	-39.721	1118
N	-4.561	15.377	-39.642	1119
CA	-3.765	14.138	-39.593	1119
C	-4.051	13.308	-38.336	1119
N	-4.166	13.934	-37.156	1120
CA	-4.488	13.234	-35.895	1120
C	-5.893	12.619	-35.941	1120
N	-6.892	13.378	-36.398	1121
CA	-8.273	12.9	-36.587	1121
C	-8.313	11.745	-37.598	1121
N	-7.581	11.859	-38.71	1122
CA	-7.486	10.794	-39.706	1122
C	-6.887	9.506	-39.116	1122
N	-5.836	9.611	-38.289	1123
CA	-5.251	8.462	-37.577	1123
C	-6.239	7.792	-36.617	1123
N	-7.064	8.561	-35.896	1124
CA	-8.131	8.013	-35.037	1124
C	-9.178	7.213	-35.837	1124
N	-9.341	7.513	-37.13	1125
CA	-10.226	6.796	-38.058	1125
C	-9.509	5.691	-38.857	1125
N	-8.324	5.243	-38.42	1126
CA	-7.468	4.278	-39.127	1126
C	-7.123	4.696	-40.57	1126
N	-7.049	6.0	-40.824	1127
CA	-6.587	6.549	-42.088	1127
C	-5.148	7.051	-42.013	1127
N	-4.546	7.237	-43.18	1128
CA	-3.209	7.807	-43.326	1128
C	-3.209	8.91	-44.379	1128
N	-2.356	9.916	-44.194	1129
CA	-2.135	10.973	-45.183	1129
C	-0.652	11.111	-45.47	1129
N	-0.335	11.258	-46.747	1130
CA	0.98	11.632	-47.236	1130
C	0.851	12.877	-48.106	1130
N	1.898	13.693	-48.127	1131
CA	2.017	14.793	-49.071	1131
C	3.178	14.503	-50.011	1131
N	2.882	14.374	-51.299	1132
CA	3.842	13.957	-52.318	1132
C	4.071	15.133	-53.263	1132
N	5.343	15.493	-53.461	1133
CA	5.776	16.474	-54.459	1133
C	6.492	15.747	-55.596	1133
N	5.889	15.734	-56.777	1134
CA	6.496	15.266	-58.028	1134
C	6.947	16.48	-58.864	1134
N	7.742	16.264	-59.918	1135
CA	8.373	17.35	-60.683	1135
C	7.388	18.388	-61.267	1135
N	6.16	17.981	-61.608	1136
CA	5.151	18.855	-62.235	1136
C	3.882	19.047	-61.39	1136
N	3.714	18.264	-60.32	1137
CA	2.483	18.239	-59.524	1137
C	2.756	17.892	-58.073	1137
N	1.975	18.481	-57.186	1138
CA	1.967	18.14	-55.774	1138
C	0.571	17.673	-55.37	1138
N	0.482	16.712	-54.452	1139
CA	-0.811	16.215	-53.996	1139
C	-0.803	15.674	-52.573	1139
N	-1.952	15.795	-51.908	1140
CA	-2.258	14.959	-50.751	1140
C	-2.746	13.595	-51.226	1140
N	-2.207	12.534	-50.633	1141
CA	-2.675	11.163	-50.775	1141
C	-3.253	10.711	-49.437	1141
N	-4.579	10.611	-49.365	1142
CA	-5.325	10.239	-48.158	1142
C	-5.918	8.85	-48.358	1142
N	-5.595	7.945	-47.444	1143
CA	-6.105	6.583	-47.378	1143
C	-7.089	6.482	-46.222	1143
N	-8.27	5.93	-46.485	1144
CA	-9.285	5.705	-45.464	1144
C	-9.945	4.341	-45.665	1144
N	-10.058	3.573	-44.584	1145
CA	-10.749	2.284	-44.575	1145
C	-12.1	2.415	-43.872	1145
N	-13.187	2.193	-44.615	1146
CA	-14.551	2.308	-44.101	1146
C	-15.349	1.021	-44.358	1146
N	-16.065	0.474	-43.361	1147
CA	-17.019	-0.61	-43.581	1147
C	-18.17	-0.193	-44.504	1147
N	-18.488	-1.026	-45.498	1148
CA	-19.618	-0.843	-46.425	1148
C	-20.875	-1.474	-45.836	1148
N	-21.975	-0.726	-45.79	1149
CA	-23.273	-1.225	-45.319	1149
C	-24.106	-1.737	-46.5	1149
N	-24.632	-2.97	-46.414	1150
CA	-25.623	-3.455	-47.391	1150
C	-26.977	-2.852	-47.031	1150
N	-27.445	-1.853	-47.789	1151
CA	-28.855	-1.437	-47.731	1151
C	-29.727	-2.649	-48.051	1151
N	-30.368	-3.219	-47.032	1152
CA	-31.474	-4.142	-47.242	1152
C	-32.554	-3.369	-47.986	1152
N	-32.865	-3.759	-49.218	1153
CA	-34.079	-3.324	-49.898	1153
C	-35.291	-3.873	-49.134	1153
N	-35.646	-3.221	-48.023	1154
CA	-36.971	-3.363	-47.432	1154
C	-37.927	-2.602	-48.338	1154
N	-38.796	-3.372	-48.994	1155
CA	-40.009	-2.936	-49.689	1155
C	-40.649	-1.725	-48.99	1155
N	-40.644	-0.581	-49.668	1156
CA	-41.76	0.353	-49.828	1156
C	-41.469	1.223	-51.05	1156
