ATOM	X	Y	Z	RESIDUE
N	75.94	66.489	-146.493	1
CA	77.265	67.102	-146.336	1
C	77.395	67.887	-145.04	1
N	76.532	68.912	-144.818	2
CA	75.81	69.661	-143.742	2
C	74.804	68.786	-142.984	2
N	73.631	69.1	-142.278	3
CA	72.258	68.452	-142.446	3
C	70.863	68.822	-141.79	3
N	69.686	68.023	-141.682	4
CA	68.177	68.079	-141.984	4
C	66.846	68.007	-141.084	4
N	65.625	68.521	-141.627	5
CA	64.171	69.0	-141.354	5
C	62.881	68.28	-140.687	5
N	61.512	68.612	-140.782	6
CA	60.341	67.762	-141.247	6
C	58.752	67.489	-140.859	6
N	57.37	67.488	-140.241	7
CA	56.241	67.654	-139.157	7
C	54.621	67.25	-139.11	7
N	53.289	67.326	-138.475	8
CA	51.797	67.888	-138.543	8
C	50.193	68.191	-138.182	8
N	49.085	67.986	-137.233	9
CA	47.635	68.348	-136.575	9
C	45.993	68.7	-136.71	9
N	44.615	68.649	-136.1	10
CA	43.133	68.158	-135.655	10
C	41.546	67.684	-136.0	10
N	40.197	67.743	-135.254	11
CA	38.652	67.195	-135.184	11
C	37.211	67.093	-134.165	11
N	35.695	66.636	-133.954	12
CA	34.146	67.008	-133.342	12
C	32.564	66.577	-132.658	12
N	31.233	67.179	-132.064	13
CA	29.63	67.233	-131.493	13
C	28.273	66.914	-130.415	13
N	26.756	67.264	-130.186	14
CA	25.509	67.468	-129.066	14
C	23.705	67.349	-128.842	14
N	22.414	67.363	-127.849	15
CA	20.795	67.529	-127.266	15
C	19.064	67.111	-127.319	15
N	17.71	66.982	-126.456	16
CA	16.014	66.644	-126.447	16
C	14.493	66.32	-125.534	16
N	12.896	66.118	-125.574	17
CA	11.445	65.921	-124.686	17
C	9.704	65.544	-124.315	17
N	8.401	65.972	-123.411	18
CA	6.815	66.081	-122.642	18
C	5.38	65.67	-121.584	18
N	4.008	66.409	-121.131	19
CA	2.69	66.49	-121.833	19
C	2.147	65.087	-122.122	19
N	0.823	64.938	-122.091	20
CA	0.212	63.636	-122.331	20
C	-0.964	63.642	-123.306	20
N	-1.648	64.773	-123.439	21
CA	-2.785	64.818	-124.349	21
C	-2.94	66.151	-125.069	21
N	-3.101	66.071	-126.386	22
CA	-3.276	67.255	-127.215	22
C	-4.698	67.26	-127.761	22
N	-5.407	68.357	-127.552	23
CA	-6.767	68.434	-128.044	23
C	-6.953	69.625	-128.963	23
N	-7.331	69.327	-130.202	24
CA	-7.576	70.358	-131.19	24
C	-9.066	70.628	-131.169	24
N	-9.44	71.895	-131.242	25
CA	-10.84	72.269	-131.186	25
C	-11.257	73.173	-132.334	25
N	-12.404	72.871	-132.939	26
CA	-12.961	73.699	-134.001	26
C	-14.19	74.362	-133.373	26
N	-14.16	75.68	-133.216	27
CA	-15.288	76.382	-132.611	27
C	-15.373	77.853	-133.017	27
N	-16.602	78.344	-133.146	28
CA	-16.871	79.732	-133.491	28
C	-16.732	80.634	-132.258	28
N	-16.54	80.025	-131.09	29
CA	-16.385	80.785	-129.844	29
C	-15.22	80.241	-129.028	29
N	-13.996	80.364	-129.564	30
CA	-12.742	79.905	-128.958	30
C	-12.506	80.32	-127.508	30
N	-12.939	81.522	-127.157	31
CA	-12.742	82.042	-125.808	31
C	-13.534	81.315	-124.719	31
N	-14.594	80.609	-125.105	32
CA	-15.388	79.874	-124.122	32
C	-14.508	78.856	-123.394	32
N	-13.541	78.3	-124.119	33
CA	-12.65	77.296	-123.559	33
C	-11.723	77.756	-122.439	33
N	-11.657	79.06	-122.211	34
CA	-10.84	79.551	-121.114	34
C	-11.492	79.07	-119.816	34
N	-12.756	78.661	-119.908	35
CA	-13.479	78.173	-118.74	35
C	-12.767	76.958	-118.15	35
N	-12.138	76.156	-119.01	36
CA	-11.394	74.987	-118.549	36
C	-9.874	75.183	-118.612	36
N	-9.399	76.075	-119.478	37
CA	-7.96	76.278	-119.595	37
C	-7.341	77.245	-118.588	37
N	-8.172	78.0	-117.878	38
CA	-7.669	78.994	-116.935	38
C	-8.172	78.871	-115.497	38
N	-8.932	77.819	-115.204	39
CA	-9.464	77.639	-113.853	39
C	-9.38	76.209	-113.361	39
N	-9.246	76.06	-112.044	40
CA	-9.188	74.748	-111.419	40
C	-8.082	73.812	-111.866	40
N	-8.248	72.524	-111.563	41
CA	-7.268	71.505	-111.929	41
C	-7.024	71.421	-113.432	41
N	-8.053	71.677	-114.236	42
CA	-7.868	71.624	-115.679	42
C	-6.997	72.803	-116.113	42
N	-7.236	73.97	-115.523	43
CA	-6.432	75.127	-115.867	43
C	-4.989	74.836	-115.5	43
N	-4.811	74.188	-114.351	44
CA	-3.498	73.806	-113.833	44
C	-2.808	72.853	-114.8	44
N	-3.55	71.842	-115.24	45
CA	-3.036	70.851	-116.171	45
C	-2.609	71.502	-117.491	45
N	-3.362	72.501	-117.937	46
CA	-3.023	73.183	-119.181	46
C	-1.792	74.042	-118.939	46
N	-1.833	74.831	-117.871	47
CA	-0.723	75.708	-117.531	47
C	0.595	74.947	-117.397	47
N	0.523	73.695	-116.958	48
CA	1.729	72.893	-116.783	48
C	2.03	71.96	-117.955	48
N	1.35	72.187	-119.075	49
CA	1.533	71.403	-120.293	49
C	1.22	69.908	-120.205	49
N	0.321	69.514	-119.31	50
CA	-0.062	68.104	-119.207	50
C	-1.178	67.885	-120.215	50
N	-1.891	68.969	-120.497	51
CA	-3.002	68.972	-121.439	51
C	-2.824	70.18	-122.346	51
N	-2.91	69.956	-123.65	52
CA	-2.765	71.04	-124.609	52
C	-4.082	71.227	-125.337	52
N	-4.562	72.463	-125.379	53
CA	-5.81	72.769	-126.057	53
C	-5.608	73.905	-127.064	53
N	-5.724	73.582	-128.354	54
CA	-5.573	74.569	-129.424	54
C	-6.9	74.697	-130.16	54
N	-7.275	75.923	-130.497	55
CA	-8.532	76.158	-131.184	55
C	-8.341	76.802	-132.548	55
N	-9.3	76.548	-133.43	56
CA	-9.328	77.106	-134.774	56
C	-10.763	77.553	-134.98	56
N	-10.931	78.82	-135.325	57
CA	-12.253	79.387	-135.525	57
C	-12.589	79.43	-137.013	57
N	-13.709	78.8	-137.416	58
CA	-14.131	78.779	-138.825	58
C	-14.242	80.188	-139.391	58
N	-14.593	81.129	-138.523	59
CA	-14.761	82.513	-138.937	59
C	-13.496	83.066	-139.588	59
N	-12.351	82.598	-139.113	60
CA	-11.074	83.041	-139.634	60
C	-10.79	82.485	-141.027	60
N	-11.637	81.575	-141.495	61
CA	-11.434	80.991	-142.81	61
C	-12.443	81.48	-143.844	61
N	-13.238	82.485	-143.476	62
CA	-14.24	83.052	-144.383	62
C	-13.578	83.99	-145.397	62
N	-14.182	84.127	-146.576	63
CA	-13.63	84.991	-147.613	63
C	-14.481	86.211	-147.915	63
N	-15.738	86.199	-147.482	64
CA	-16.629	87.326	-147.746	64
C	-16.455	88.451	-146.729	64
N	-16.774	89.662	-147.167	65
CA	-16.653	90.847	-146.328	65
C	-17.294	90.698	-144.952	65
N	-18.374	89.93	-144.865	66
CA	-19.058	89.786	-143.586	66
C	-18.796	88.518	-142.794	66
N	-17.75	87.79	-143.169	67
CA	-17.365	86.568	-142.474	67
C	-18.553	85.675	-142.131	67
N	-19.307	85.291	-143.152	68
CA	-20.478	84.441	-142.983	68
C	-20.083	83.002	-142.665	68
N	-20.496	82.518	-141.498	69
CA	-20.183	81.152	-141.088	69
C	-21.408	80.235	-141.067	69
N	-22.532	80.728	-141.573	70
CA	-23.75	79.922	-141.613	70
C	-24.278	79.875	-143.049	70
N	-25.249	79.005	-143.318	71
CA	-25.795	78.879	-144.673	71
C	-27.176	78.231	-144.603	71
N	-27.972	78.411	-145.653	72
CA	-29.319	77.844	-145.721	72
C	-29.312	76.355	-146.053	72
N	-30.12	75.562	-145.341	73
CA	-30.144	74.132	-145.646	73
C	-30.962	73.865	-146.908	73
N	-30.502	72.938	-147.746	74
CA	-31.24	72.6	-148.96	74
C	-32.585	72.068	-148.486	74
N	-33.656	72.394	-149.198	75
CA	-34.958	71.925	-148.762	75
C	-35.471	72.881	-147.704	75
N	-34.703	73.946	-147.497	76
CA	-35.056	74.972	-146.538	76
C	-35.42	74.477	-145.158	76
N	-36.47	75.069	-144.602	77
CA	-36.913	74.688	-143.278	77
C	-36.459	75.748	-142.309	77
N	-36.736	75.578	-141.013	78
CA	-36.313	76.583	-140.039	78
C	-34.854	76.363	-139.677	78
N	-34.17	77.439	-139.31	79
CA	-32.781	77.323	-138.91	79
C	-31.768	77.443	-140.023	79
N	-30.506	77.531	-139.621	80
CA	-29.399	77.639	-140.556	80
C	-28.402	76.54	-140.218	80
N	-27.498	76.261	-141.149	81
CA	-26.456	75.268	-140.921	81
C	-25.132	76.02	-140.922	81
N	-24.092	75.414	-140.365	82
CA	-22.792	76.064	-140.387	82
C	-22.375	76.027	-141.853	82
N	-21.692	77.065	-142.316	83
CA	-21.251	77.088	-143.698	83
C	-20.152	76.051	-143.863	83
N	-20.286	75.216	-144.881	84
CA	-19.331	74.144	-145.141	84
C	-17.866	74.517	-145.333	84
N	-17.573	75.344	-146.33	85
CA	-16.191	75.725	-146.622	85
C	-15.383	76.255	-145.426	85
N	-15.934	77.214	-144.676	86
CA	-15.169	77.729	-143.531	86
C	-14.89	76.651	-142.488	86
N	-15.909	75.843	-142.21	87
CA	-15.832	74.768	-141.23	87
C	-14.882	73.658	-141.663	87
N	-14.952	73.298	-142.936	88
CA	-14.109	72.244	-143.489	88
C	-12.641	72.677	-143.5	88
N	-12.388	73.936	-143.843	89
CA	-11.016	74.439	-143.867	89
C	-10.42	74.457	-142.451	89
N	-11.23	74.82	-141.461	90
CA	-10.76	74.849	-140.074	90
C	-10.402	73.44	-139.615	90
N	-11.25	72.48	-139.97	91
CA	-11.027	71.087	-139.607	91
C	-9.742	70.535	-140.238	91
N	-9.519	70.864	-141.509	92
CA	-8.33	70.412	-142.226	92
C	-7.081	71.029	-141.619	92
N	-7.17	72.305	-141.268	93
CA	-6.04	72.985	-140.655	93
C	-5.731	72.31	-139.31	93
N	-6.781	71.999	-138.553	94
CA	-6.618	71.343	-137.263	94
C	-5.959	69.974	-137.457	94
N	-6.416	69.225	-138.458	95
CA	-5.845	67.911	-138.743	95
C	-4.383	68.022	-139.168	95
N	-4.045	69.109	-139.858	96
CA	-2.675	69.321	-140.315	96
C	-1.737	69.483	-139.125	96
N	-2.196	70.202	-138.104	97
CA	-1.393	70.432	-136.913	97
C	-1.348	69.193	-136.022	97
N	-2.436	68.434	-136.012	98
CA	-2.516	67.23	-135.19	98
C	-1.509	66.176	-135.625	98
N	-1.078	66.252	-136.877	99
CA	-0.169	65.241	-137.368	99
C	-1.045	64.013	-137.49	99
N	-0.453	62.829	-137.515	100
CA	-1.243	61.613	-137.632	100
C	-1.624	61.005	-136.282	100
N	-2.72	60.252	-136.27	101
CA	-3.165	59.603	-135.048	101
C	-4.275	60.298	-134.279	101
N	-4.743	61.433	-134.78	102
CA	-5.794	62.153	-134.085	102
C	-7.165	61.58	-134.401	102
N	-7.962	61.363	-133.359	103
CA	-9.315	60.853	-133.531	103
C	-10.205	62.085	-133.643	103
N	-10.919	62.196	-134.758	104
CA	-11.798	63.335	-135.012	104
C	-13.197	63.073	-134.472	104
N	-13.617	63.899	-133.519	105
CA	-14.918	63.735	-132.893	105
C	-15.882	64.89	-133.103	105
N	-17.112	64.556	-133.473	106
CA	-18.136	65.567	-133.646	106
C	-19.068	65.483	-132.431	106
N	-19.237	66.606	-131.735	107
CA	-20.125	66.657	-130.573	107
C	-21.543	66.738	-131.114	107
N	-22.374	65.77	-130.745	108
CA	-23.748	65.744	-131.232	108
C	-24.682	64.979	-130.3	108
N	-25.922	65.467	-130.143	109
CA	-26.881	64.789	-129.267	109
C	-27.335	63.453	-129.871	109
N	-26.877	63.17	-131.087	110
CA	-27.23	61.928	-131.77	110
C	-26.072	60.933	-131.755	110
N	-24.987	61.295	-131.074	111
CA	-23.835	60.412	-131.012	111
C	-23.896	59.437	-129.849	111
N	-22.794	58.734	-129.616	112
CA	-22.728	57.791	-128.515	112
C	-22.85	58.558	-127.199	112
N	-23.829	58.188	-126.387	113
CA	-24.018	58.862	-125.115	113
C	-22.809	58.59	-124.224	113
N	-22.223	59.659	-123.696	114
CA	-21.051	59.549	-122.843	114
C	-21.322	58.941	-121.471	114
N	-20.344	58.186	-120.975	115
CA	-20.403	57.566	-119.651	115
C	-18.974	57.25	-119.256	115
N	-18.739	57.03	-117.962	116
CA	-17.391	56.762	-117.446	116
C	-16.581	55.8	-118.309	116
N	-17.223	54.726	-118.769	117
CA	-16.549	53.749	-119.608	117
C	-16.067	54.416	-120.88	117
N	-16.949	55.212	-121.479	118
CA	-16.611	55.934	-122.686	118
C	-15.502	56.922	-122.386	118
N	-15.538	57.513	-121.194	119
CA	-14.512	58.471	-120.799	119
C	-13.134	57.82	-120.785	119
N	-13.038	56.656	-120.159	120
CA	-11.759	55.961	-120.066	120
C	-11.284	55.527	-121.451	120
N	-12.24	55.18	-122.303	121
CA	-11.94	54.768	-123.658	121
C	-11.334	55.969	-124.384	121
N	-12.005	57.114	-124.295	122
CA	-11.525	58.334	-124.935	122
C	-10.187	58.775	-124.362	122
N	-9.965	58.483	-123.084	123
CA	-8.723	58.868	-122.413	123
C	-7.486	58.152	-122.955	123
N	-7.696	57.081	-123.709	124
CA	-6.582	56.327	-124.27	124
C	-5.911	57.048	-125.436	124
N	-6.666	57.901	-126.116	125
CA	-6.136	58.658	-127.243	125
C	-5.108	59.679	-126.776	125
N	-4.066	59.874	-127.577	126
CA	-3.041	60.849	-127.248	126
C	-3.429	62.162	-127.922	126
N	-4.174	62.061	-129.021	127
CA	-4.608	63.233	-129.779	127
C	-6.092	63.206	-130.129	127
N	-6.76	64.328	-129.901	128
CA	-8.172	64.436	-130.218	128
C	-8.451	65.737	-130.925	128
N	-9.483	65.717	-131.748	129
CA	-9.933	66.904	-132.446	129
C	-11.425	66.891	-132.206	129
N	-11.926	67.965	-131.618	130
CA	-13.34	68.059	-131.306	130
C	-13.994	69.146	-132.142	130
N	-14.984	68.75	-132.935	131
CA	-15.71	69.674	-133.802	131
C	-16.989	70.126	-133.09	131
N	-17.099	71.429	-132.844	132
CA	-18.264	71.983	-132.163	132
C	-19.232	72.609	-133.154	132
N	-20.478	72.148	-133.126	133
CA	-21.475	72.694	-134.024	133
C	-22.248	73.842	-133.397	133
N	-22.979	74.558	-134.238	134
CA	-23.803	75.679	-133.802	134
C	-25.033	75.653	-134.686	134
N	-26.036	76.45	-134.348	135
CA	-27.247	76.49	-135.15	135
C	-27.863	75.092	-135.206	135
N	-28.355	74.704	-136.381	136
CA	-28.99	73.403	-136.553	136
C	-27.993	72.265	-136.634	136
N	-26.727	72.602	-136.847	137
CA	-25.701	71.581	-136.944	137
C	-24.835	71.74	-138.181	137
N	-24.357	70.613	-138.706	138
CA	-23.501	70.64	-139.875	138
C	-23.977	69.672	-140.964	138
N	-23.546	69.921	-142.199	139
CA	-23.916	69.09	-143.349	139
C	-23.584	67.614	-143.058	139
N	-24.538	66.728	-143.328	140
CA	-24.345	65.303	-143.059	140
C	-23.17	64.678	-143.834	140
N	-22.838	65.227	-145.001	141
CA	-21.722	64.704	-145.78	141
C	-20.395	65.015	-145.083	141
N	-20.322	66.159	-144.414	142
CA	-19.104	66.505	-143.696	142
C	-18.863	65.457	-142.627	142
N	-19.931	65.075	-141.936	143
CA	-19.837	64.077	-140.884	143
C	-19.329	62.752	-141.438	143
N	-19.824	62.373	-142.61	144
CA	-19.428	61.105	-143.215	144
C	-18.001	61.129	-143.736	144
N	-17.521	62.316	-144.089	145
CA	-16.181	62.452	-144.638	145
C	-15.083	63.023	-143.731	145
N	-15.454	63.642	-142.616	146
CA	-14.451	64.218	-141.716	146
C	-14.482	63.691	-140.28	146
N	-15.567	63.035	-139.9	147
CA	-15.691	62.565	-138.535	147
C	-15.449	61.079	-138.344	147
N	-14.781	60.724	-137.248	148
CA	-14.517	59.318	-136.943	148
C	-15.605	58.78	-136.033	148
N	-16.026	59.6	-135.077	149
CA	-17.064	59.201	-134.131	149
C	-17.888	60.402	-133.691	149
N	-19.143	60.137	-133.347	150
CA	-20.048	61.161	-132.856	150
C	-20.305	60.872	-131.376	150
N	-20.264	61.913	-130.551	151
CA	-20.5	61.747	-129.12	151
C	-21.472	62.766	-128.555	151
N	-22.309	62.304	-127.634	152
CA	-23.287	63.146	-126.963	152
C	-22.998	63.123	-125.465	152
N	-23.276	64.216	-124.768	153
CA	-23.057	64.227	-123.325	153
C	-24.354	63.905	-122.608	153
N	-25.429	63.699	-123.365	154
CA	-26.711	63.385	-122.749	154
C	-27.891	63.622	-123.671	154
N	-29.054	63.087	-123.306	155
CA	-30.254	63.233	-124.134	155
C	-30.986	64.553	-123.92	155
N	-30.345	65.624	-124.35	156
CA	-30.894	66.959	-124.23	156
C	-30.155	67.796	-125.258	156
N	-30.744	68.919	-125.651	157
CA	-30.137	69.775	-126.665	157
C	-29.618	71.104	-126.153	157
N	-28.368	71.399	-126.499	158
CA	-27.706	72.643	-126.113	158
C	-27.544	73.532	-127.355	158
N	-27.132	74.778	-127.136	159
CA	-26.96	75.751	-128.214	159
C	-25.725	75.524	-129.083	159
N	-24.756	74.772	-128.574	160
CA	-23.547	74.514	-129.333	160
C	-22.758	73.345	-128.776	160
N	-21.689	72.964	-129.476	161
CA	-20.868	71.847	-129.033	161
C	-19.768	72.215	-128.049	161
N	-19.624	73.506	-127.774	162
CA	-18.593	73.99	-126.861	162
C	-18.673	73.408	-125.44	162
N	-19.82	73.549	-124.783	163
CA	-19.955	73.01	-123.438	163
C	-19.719	71.492	-123.461	163
N	-20.355	70.772	-124.4	164
CA	-20.158	69.317	-124.47	164
C	-18.685	68.965	-124.695	164
N	-18.012	69.761	-125.517	165
CA	-16.603	69.54	-125.803	165
C	-15.781	69.727	-124.524	165
N	-16.109	70.76	-123.757	166
CA	-15.401	71.022	-122.512	166
C	-15.716	69.94	-121.486	166
N	-16.941	69.422	-121.537	167
CA	-17.348	68.365	-120.626	167
C	-16.478	67.155	-120.915	167
N	-16.296	66.874	-122.197	168
CA	-15.492	65.738	-122.599	168
C	-14.033	65.919	-122.184	168
N	-13.48	67.102	-122.43	169
CA	-12.089	67.37	-122.07	169
C	-11.872	67.239	-120.563	169
N	-12.733	67.884	-119.785	170
CA	-12.619	67.839	-118.333	170
C	-12.652	66.399	-117.825	170
N	-13.559	65.605	-118.381	171
CA	-13.7	64.21	-117.981	171
C	-12.446	63.369	-118.245	171
N	-11.872	63.487	-119.449	172
CA	-10.671	62.721	-119.794	172
C	-9.415	63.285	-119.132	172
N	-9.453	64.554	-118.738	173
CA	-8.293	65.171	-118.102	173
C	-8.024	64.563	-116.731	173
N	-9.082	64.116	-116.061	174
CA	-8.958	63.513	-114.739	174
C	-8.096	62.255	-114.788	174
N	-7.889	61.729	-115.99	175
CA	-7.097	60.523	-116.167	175
C	-5.627	60.776	-116.475	175
N	-5.311	61.952	-117.01	176
CA	-3.927	62.278	-117.308	176
C	-3.154	62.272	-115.991	176
N	-2.021	61.558	-115.947	177
CA	-1.233	61.509	-114.714	177
C	-0.718	62.895	-114.332	177
N	-0.738	63.19	-113.038	178
CA	-0.262	64.474	-112.569	178
C	-1.323	65.556	-112.518	178
N	-2.505	65.274	-113.058	179
CA	-3.588	66.251	-113.06	179
C	-4.277	66.436	-111.708	179
N	-4.692	65.337	-111.089	180
CA	-5.373	65.414	-109.799	180
C	-4.406	65.391	-108.629	180
N	-4.763	66.105	-107.563	181
CA	-3.918	66.171	-106.38	181
C	-4.529	65.587	-105.111	181
N	-4.189	66.172	-103.962	182
CA	-4.689	65.696	-102.675	182
C	-6.135	66.065	-102.358	182
N	-6.748	66.89	-103.202	183
CA	-8.135	67.298	-102.995	183
C	-9.085	66.467	-103.85	183
N	-8.378	65.663	-104.591	184
CA	-8.683	65.103	-105.893	184
C	-9.617	63.939	-106.04	184
N	-10.115	63.395	-104.921	185
CA	-10.199	61.943	-105.06	185
C	-11.502	61.313	-105.559	185
N	-11.09	60.371	-106.398	186
CA	-10.779	60.177	-107.81	186
C	-11.023	58.723	-108.197	186
N	-10.54	57.806	-107.368	187
CA	-10.73	56.386	-107.626	187
C	-11.92	55.911	-106.804	187
N	-12.398	56.793	-105.933	188
CA	-13.525	56.505	-105.054	188
C	-14.83	57.108	-105.57	188
N	-14.723	58.027	-106.525	189
CA	-15.892	58.704	-107.082	189
C	-16.854	57.795	-107.854	189
N	-18.103	58.248	-107.949	190
CA	-19.175	57.539	-108.641	190
C	-18.764	56.96	-109.992	190
N	-19.25	55.755	-110.277	191
CA	-18.97	55.052	-111.53	191
C	-17.529	54.526	-111.655	191
N	-16.637	54.965	-110.768	192
CA	-15.244	54.504	-110.799	192
C	-15.207	52.977	-110.832	192
N	-15.889	52.367	-109.87	193
CA	-15.974	50.916	-109.776	193
C	-17.376	50.493	-110.207	193
N	-18.079	51.402	-110.871	194
CA	-19.425	51.114	-111.328	194
C	-20.48	51.494	-110.306	194
N	-20.034	51.863	-109.111	195
CA	-20.947	52.233	-108.035	195
C	-20.932	53.729	-107.737	195
N	-22.023	54.223	-107.157	196
CA	-22.102	55.632	-106.788	196
C	-21.177	55.8	-105.598	196
N	-20.761	57.031	-105.343	197
CA	-19.882	57.309	-104.217	197
C	-20.699	57.308	-102.921	197
N	-20.019	57.186	-101.791	198
CA	-20.689	57.194	-100.499	198
C	-20.82	58.645	-100.022	198
N	-21.61	58.883	-98.956	199
CA	-21.761	60.251	-98.455	199
C	-20.468	60.626	-97.75	199
N	-20.248	61.923	-97.569	200
CA	-19.053	62.401	-96.893	200
C	-19.415	63.539	-95.958	200
N	-18.679	63.637	-94.858	201
CA	-18.917	64.66	-93.851	201
C	-17.633	65.387	-93.453	201
N	-17.795	66.596	-92.923	202
CA	-16.672	67.395	-92.446	202
C	-17.207	68.307	-91.331	202
N	-16.38	69.214	-90.822	203
CA	-16.811	70.093	-89.736	203
C	-18.013	70.947	-90.12	203
N	-18.878	71.284	-89.146	204
CA	-18.833	70.957	-87.715	204
C	-19.384	69.574	-87.36	204
N	-19.214	69.186	-86.098	205
CA	-19.695	67.895	-85.616	205
C	-21.207	67.826	-85.747	205
N	-21.863	68.942	-85.452	206
CA	-23.312	69.02	-85.543	206
C	-23.661	70.12	-86.531	206
N	-24.501	69.786	-87.506	207
CA	-24.908	70.742	-88.521	207
C	-26.419	70.773	-88.647	207
N	-27.019	71.893	-88.256	208
CA	-28.465	72.024	-88.326	208
C	-29.122	70.896	-87.545	208
N	-28.542	70.56	-86.399	209
CA	-29.101	69.505	-85.574	209
C	-28.758	68.105	-86.045	209
N	-28.026	68.002	-87.151	210
CA	-27.646	66.695	-87.684	210
C	-26.2	66.355	-87.333	210
N	-25.983	65.125	-86.878	211
CA	-24.653	64.663	-86.494	211
C	-24.039	63.78	-87.573	211
N	-22.75	63.513	-87.407	212
CA	-21.984	62.672	-88.307	212
C	-22.093	61.227	-87.832	212
N	-22.25	60.275	-88.763	213
CA	-22.344	58.879	-88.338	213
C	-21.165	58.597	-87.395	213
N	-21.454	58.121	-86.167	214
CA	-20.433	57.811	-85.16	214
C	-19.217	57.043	-85.672	214
N	-19.436	56.074	-86.553	215
CA	-18.33	55.289	-87.094	215
C	-17.266	56.16	-87.775	215
N	-17.673	57.263	-88.397	216
CA	-16.699	58.127	-89.062	216
C	-15.868	58.92	-88.05	216
N	-16.286	58.893	-86.787	217
CA	-15.581	59.6	-85.718	217
C	-14.767	58.62	-84.876	217
N	-15.073	57.332	-85.016	218
CA	-14.415	56.265	-84.257	218
C	-12.959	56.022	-84.613	218
N	-12.568	56.377	-85.831	219
CA	-11.192	56.17	-86.242	219
C	-10.844	54.721	-86.549	219
N	-11.855	53.879	-86.743	220
CA	-11.625	52.468	-87.06	220
C	-11.522	52.33	-88.575	220
N	-10.303	52.443	-89.088	221
CA	-10.053	52.376	-90.522	221
C	-10.827	51.307	-91.294	221
N	-10.769	50.064	-90.833	222
CA	-11.458	48.977	-91.52	222
C	-12.979	49.131	-91.469	222
N	-13.492	49.553	-90.32	223
CA	-14.924	49.75	-90.167	223
C	-15.405	50.874	-91.076	223
N	-14.614	51.938	-91.158	224
CA	-14.953	53.071	-92.001	224
C	-14.946	52.631	-93.461	224
N	-14.024	51.738	-93.809	225
CA	-13.948	51.241	-95.175	225
C	-15.252	50.527	-95.528	225
N	-15.667	49.593	-94.679	226
CA	-16.901	48.858	-94.922	226
C	-18.123	49.777	-94.937	226
N	-18.158	50.765	-94.047	227
CA	-19.289	51.691	-94.011	227
C	-19.426	52.405	-95.353	227
N	-18.293	52.806	-95.921	228
CA	-18.282	53.508	-97.201	228
C	-18.7	52.637	-98.385	228
N	-18.24	51.39	-98.398	229
CA	-18.571	50.479	-99.48	229
C	-20.049	50.114	-99.371	229
N	-20.516	49.955	-98.135	230
CA	-21.909	49.612	-97.876	230
C	-22.827	50.735	-98.37	230
N	-22.461	51.974	-98.049	231
CA	-23.227	53.147	-98.455	231
C	-23.193	53.3	-99.966	231
N	-22.031	53.03	-100.551	232
CA	-21.86	53.105	-102.0	232
C	-22.823	52.114	-102.657	232
N	-22.91	50.917	-102.084	233
CA	-23.796	49.875	-102.601	233
C	-25.28	50.184	-102.382	233
N	-25.617	50.666	-101.188	234
CA	-27.006	50.991	-100.856	234
C	-27.535	52.104	-101.761	234
N	-26.75	53.173	-101.896	235
CA	-27.125	54.315	-102.724	235
C	-27.304	53.918	-104.192	235
N	-26.456	53.021	-104.686	236
CA	-26.561	52.56	-106.072	236
C	-27.85	51.75	-106.202	236
N	-28.069	50.862	-105.237	237
CA	-29.268	50.03	-105.197	237
C	-30.531	50.894	-105.184	237
N	-30.553	51.893	-104.31	238
CA	-31.707	52.77	-104.192	238
C	-31.894	53.769	-105.337	238
N	-30.806	54.362	-105.822	239
CA	-30.922	55.349	-106.892	239
C	-30.757	54.81	-108.308	239
N	-29.79	53.922	-108.51	240
CA	-29.539	53.386	-109.84	240
C	-29.49	51.865	-109.881	240
N	-30.586	51.201	-109.478	241
CA	-30.642	49.735	-109.475	241
C	-30.161	49.059	-110.763	241
N	-30.449	49.667	-111.911	242
CA	-30.034	49.092	-113.192	242
C	-28.52	48.914	-113.252	242
N	-27.788	49.809	-112.595	243
CA	-26.334	49.724	-112.588	243
C	-25.882	48.448	-111.886	243
N	-26.479	48.154	-110.735	244
CA	-26.12	46.949	-109.995	244
C	-26.325	45.72	-110.863	244
N	-27.491	45.647	-111.494	245
CA	-27.828	44.521	-112.354	245
C	-26.761	44.303	-113.415	245
N	-26.08	45.379	-113.796	246
CA	-25.053	45.275	-114.814	246
C	-23.698	44.836	-114.297	246
N	-23.377	45.217	-113.065	247
CA	-22.09	44.877	-112.463	247
C	-22.005	43.46	-111.909	247
N	-20.777	42.961	-111.803	248
CA	-20.505	41.638	-111.255	248
C	-19.769	41.904	-109.946	248
N	-20.492	41.821	-108.837	249
CA	-19.902	42.096	-107.54	249
C	-18.981	41.006	-107.024	249
N	-18.021	41.413	-106.197	250
CA	-17.087	40.482	-105.592	250
C	-17.821	39.903	-104.391	250
N	-17.239	38.887	-103.763	251
CA	-17.868	38.277	-102.604	251
C	-18.147	39.328	-101.529	251
N	-17.136	40.129	-101.194	252
CA	-17.3	41.159	-100.171	252
C	-18.408	42.149	-100.531	252
N	-18.464	42.547	-101.799	253
CA	-19.493	43.478	-102.245	253
C	-20.876	42.86	-102.115	253
N	-21.001	41.581	-102.462	254
CA	-22.293	40.91	-102.349	254
C	-22.713	40.807	-100.882	254
N	-21.734	40.726	-99.986	255
CA	-22.014	40.622	-98.555	255
C	-22.42	41.972	-97.978	255
N	-21.725	43.018	-98.407	256
CA	-22.002	44.357	-97.927	256
C	-23.301	44.897	-98.508	256
N	-23.67	44.413	-99.692	257
CA	-24.914	44.849	-100.31	257
C	-26.062	44.223	-99.538	257
N	-25.893	42.96	-99.148	258
CA	-26.921	42.268	-98.381	258
C	-27.156	43.023	-97.077	258
N	-26.064	43.37	-96.398	259
CA	-26.141	44.097	-95.136	259
C	-26.757	45.479	-95.311	259
N	-26.372	46.182	-96.369	260
CA	-26.92	47.513	-96.61	260
C	-28.429	47.448	-96.84	260
N	-28.883	46.443	-97.576	261
CA	-30.308	46.328	-97.851	261
C	-31.066	45.94	-96.595	261
N	-30.451	45.069	-95.8	262
CA	-31.038	44.59	-94.56	262
C	-31.169	45.729	-93.56	262
N	-30.173	46.611	-93.531	263
CA	-30.191	47.748	-92.618	263
C	-31.292	48.716	-93.034	263
N	-31.437	48.881	-94.341	264
CA	-32.448	49.762	-94.887	264
C	-33.845	49.213	-94.597	264
N	-34.014	47.902	-94.737	265
CA	-35.316	47.294	-94.5	265
C	-35.663	47.195	-93.022	265
N	-34.753	47.675	-92.178	266
CA	-34.944	47.642	-90.74	266
C	-35.414	48.982	-90.189	266
N	-35.499	49.989	-91.047	267
CA	-35.895	51.309	-90.581	267
C	-37.121	51.865	-91.28	267
N	-37.761	52.826	-90.618	268
CA	-38.925	53.507	-91.173	268
C	-38.374	54.431	-92.261	268
N	-39.207	54.793	-93.233	269
CA	-38.78	55.678	-94.317	269
C	-39.882	56.672	-94.675	269
N	-39.53	57.686	-95.46	270
CA	-40.499	58.686	-95.892	270
C	-40.971	58.366	-97.305	270
N	-41.6	59.619	-97.429	271
CA	-41.69	60.993	-96.794	271
C	-42.869	61.437	-95.836	271
N	-42.404	62.516	-95.134	272
CA	-41.834	63.034	-93.871	272
C	-42.372	63.425	-92.493	272
N	-43.643	63.424	-92.054	273
CA	-43.625	64.737	-91.384	273
C	-45.028	65.357	-91.352	273
N	-45.586	66.591	-91.056	274
CA	-46.646	67.177	-90.247	274
C	-47.796	66.235	-90.745	274
