ATOM	X	Y	Z	RESIDUE
N	49.723	-44.195	68.556	1
CA	51.129	-44.021	68.165	1
C	51.649	-42.587	68.041	1
N	50.838	-41.651	67.502	2
CA	51.068	-41.145	66.159	2
C	50.462	-39.982	65.279	2
N	49.567	-38.893	65.092	3
CA	48.403	-38.8	64.128	3
C	47.231	-38.001	63.391	3
N	46.613	-36.695	63.255	4
CA	45.66	-36.394	62.064	4
C	44.618	-35.482	61.181	4
N	44.026	-34.176	61.152	5
CA	43.302	-33.114	60.253	5
C	41.983	-32.865	59.316	5
N	41.402	-31.619	58.837	6
CA	40.534	-31.32	57.558	6
C	39.786	-30.303	56.451	6
N	39.508	-28.917	56.017	7
CA	38.836	-27.909	54.915	7
C	37.429	-27.238	54.26	7
N	36.829	-26.296	53.252	8
CA	36.427	-25.799	51.769	8
C	35.296	-24.683	51.19	8
N	34.707	-23.95	50.024	9
CA	33.772	-22.674	49.635	9
C	32.818	-21.912	48.393	9
N	32.01	-20.664	47.918	10
CA	31.747	-19.226	47.127	10
C	30.366	-18.347	46.566	10
N	29.793	-17.057	45.908	11
CA	28.653	-16.395	44.887	11
C	27.948	-14.863	44.531	11
N	27.063	-13.905	43.687	12
CA	26.235	-13.187	42.434	12
C	25.12	-11.952	41.974	12
N	24.55	-11.24	40.722	13
CA	23.354	-10.271	40.079	13
C	22.681	-9.572	38.636	13
N	21.684	-8.615	37.885	14
CA	20.596	-7.375	37.503	14
C	19.84	-6.532	36.143	14
N	18.849	-5.435	35.537	15
CA	18.398	-3.917	34.919	15
C	17.148	-3.0	34.064	15
N	16.453	-1.686	33.539	16
CA	15.954	-0.399	32.529	16
C	14.55	0.397	31.848	16
N	13.976	1.492	30.852	17
CA	12.907	2.129	29.671	17
C	12.16	3.593	28.924	17
N	11.219	4.247	27.769	18
CA	10.087	5.457	27.195	18
C	9.196	6.354	25.867	18
N	7.887	7.185	25.348	19
CA	6.815	8.35	24.516	19
C	6.041	9.233	23.062	19
N	4.823	10.038	22.228	20
CA	4.178	11.152	20.936	20
C	2.857	11.919	19.733	20
N	2.818	13.108	18.459	21
CA	2.843	14.465	19.0	21
C	2.827	15.539	17.905	21
N	2.274	16.71	18.224	22
CA	2.137	17.794	17.251	22
C	3.488	18.346	16.85	22
N	3.598	18.792	15.6	23
CA	4.7	19.668	15.221	23
C	4.552	20.998	15.942	23
N	5.665	21.736	16.099	24
CA	5.498	23.115	16.532	24
C	4.724	23.902	15.464	24
N	4.005	24.966	15.864	25
CA	3.383	25.803	14.839	25
C	4.432	26.564	13.998	25
N	3.979	27.104	12.874	26
CA	4.824	27.836	11.923	26
C	5.64	28.957	12.573	26
N	5.008	29.694	13.483	27
CA	5.667	30.803	14.196	27
C	6.71	30.348	15.221	27
N	6.697	29.071	15.617	28
CA	7.779	28.474	16.423	28
C	8.685	27.524	15.617	28
N	8.926	27.844	14.345	29
CA	9.863	27.09	13.503	29
C	9.415	25.71	13.046	29
N	8.118	25.42	13.12	30
CA	7.607	24.135	12.66	30
C	7.499	24.138	11.147	30
N	7.5	22.947	10.524	31
CA	7.396	22.891	9.072	31
C	5.993	23.21	8.573	31
N	5.902	23.559	7.301	32
CA	4.61	23.599	6.636	32
C	4.067	22.183	6.504	32
N	2.767	22.043	6.708	33
CA	2.115	20.742	6.755	33
C	1.98	20.191	5.344	33
N	2.243	18.895	5.204	34
CA	2.033	18.177	3.951	34
C	1.176	16.943	4.269	34
N	0.771	16.197	3.241	35
CA	-0.09	15.01	3.425	35
C	0.563	13.847	4.196	35
N	1.889	13.87	4.332	36
CA	2.616	12.893	5.146	36
C	2.286	13.028	6.637	36
N	1.959	14.239	7.085	37
CA	1.847	14.511	8.513	37
C	0.726	15.498	8.847	37
N	-0.408	15.327	8.17	38
CA	-1.646	16.06	8.468	38
C	-1.978	16.07	9.946	38
N	-1.877	14.881	10.54	39
CA	-2.292	14.625	11.914	39
C	-1.442	15.354	12.953	39
N	-0.279	15.845	12.532	40
CA	0.642	16.56	13.398	40
C	0.509	18.081	13.341	40
N	-0.445	18.603	12.566	41
CA	-0.679	20.05	12.533	41
C	-1.321	20.512	13.835	41
N	-0.7	21.492	14.533	42
CA	-1.275	21.981	15.773	42
C	-2.353	23.018	15.469	42
N	-3.49	22.517	14.994	43
CA	-4.543	23.369	14.443	43
C	-5.168	24.281	15.488	43
N	-5.094	23.858	16.743	44
CA	-5.598	24.603	17.889	44
C	-4.797	25.863	18.272	44
N	-3.561	25.978	17.782	45
CA	-2.691	27.109	18.115	45
C	-2.076	27.732	16.853	45
N	-2.93	28.183	15.914	46
CA	-2.424	28.792	14.688	46
C	-1.821	30.182	14.862	46
N	-2.0	30.823	16.016	47
CA	-1.448	32.165	16.249	47
C	-2.036	33.218	15.326	47
N	-3.259	32.968	14.859	48
CA	-3.902	33.822	13.873	48
C	-5.395	33.555	13.804	48
N	-6.102	34.489	13.188	49
CA	-7.545	34.439	13.103	49
C	-8.011	34.735	11.697	49
N	-9.298	34.506	11.494	50
CA	-9.961	34.845	10.254	50
C	-10.315	36.339	10.276	50
N	-10.137	37.042	9.134	51
CA	-10.2	38.514	9.083	51
C	-11.585	39.157	9.22	51
N	-12.65	38.37	9.263	52
CA	-14.0	38.923	9.411	52
C	-14.338	39.346	10.836	52
N	-13.464	39.043	11.792	53
CA	-13.58	39.581	13.143	53
C	-12.232	40.004	13.679	53
N	-12.243	40.441	14.93	54
CA	-11.022	40.794	15.637	54
C	-10.955	39.965	16.908	54
N	-9.736	39.721	17.356	55
CA	-9.5	38.956	18.559	55
C	-8.51	39.702	19.433	55
N	-8.879	39.846	20.702	56
CA	-8.003	40.317	21.748	56
C	-7.864	39.204	22.77	56
N	-6.669	39.049	23.323	57
CA	-6.517	38.294	24.562	57
C	-6.18	39.284	25.658	57
N	-6.709	39.022	26.847	58
CA	-6.511	39.888	27.993	58
C	-6.267	39.073	29.25	58
N	-5.447	39.623	30.146	59
CA	-5.196	39.01	31.438	59
C	-6.509	38.927	32.219	59
N	-6.823	37.744	32.73	60
CA	-8.081	37.509	33.442	60
C	-8.251	38.174	34.798	60
N	-7.199	38.799	35.322	61
CA	-7.286	39.591	36.541	61
C	-7.318	41.082	36.22	61
N	-6.286	41.573	35.551	62
CA	-6.148	43.006	35.286	62
C	-6.98	43.48	34.089	62
N	-7.393	42.553	33.226	63
CA	-7.997	42.93	31.966	63
C	-7.039	43.639	31.031	63
N	-5.733	43.544	31.288	64
CA	-4.738	44.139	30.409	64
C	-4.806	43.383	29.09	64
N	-4.919	44.122	27.991	65
CA	-4.892	43.548	26.651	65
C	-3.462	43.098	26.352	65
N	-3.291	41.781	26.238	66
CA	-1.998	41.141	26.073	66
C	-1.677	40.86	24.622	66
N	-2.674	40.42	23.859	67
CA	-2.498	40.191	22.432	67
C	-3.669	40.761	21.675	67
N	-3.399	41.141	20.434	68
CA	-4.432	41.596	19.522	68
C	-4.158	41.018	18.15	68
N	-5.222	40.736	17.418	69
CA	-5.091	40.443	16.002	69
C	-4.685	41.754	15.326	69
N	-3.827	41.68	14.31	70
CA	-3.287	42.891	13.645	70
C	-4.34	43.776	12.974	70
N	-5.521	43.222	12.712	71
CA	-6.644	43.968	12.145	71
C	-7.525	44.683	13.184	71
N	-7.137	44.664	14.46	72
CA	-8.004	45.16	15.55	72
C	-8.517	46.609	15.404	72
N	-7.784	47.461	14.674	73
CA	-8.226	48.845	14.379	73
C	-9.428	48.929	13.418	73
N	-9.493	48.018	12.449	74
CA	-10.641	47.924	11.529	74
C	-11.989	47.781	12.259	74
N	-11.989	47.092	13.401	75
CA	-13.21	46.841	14.175	75
C	-13.341	47.708	15.423	75
N	-12.222	47.963	16.105	76
CA	-12.236	48.619	17.421	76
C	-11.793	50.09	17.413	76
N	-11.454	50.637	16.243	77
CA	-11.238	52.08	16.092	77
C	-9.866	52.599	16.492	77
N	-9.414	52.253	17.697	78
CA	-8.105	52.688	18.191	78
C	-6.959	52.103	17.364	78
N	-5.781	52.712	17.486	79
CA	-4.577	52.228	16.799	79
C	-4.148	50.872	17.391	79
N	-3.498	49.996	16.589	80
CA	-3.048	48.719	17.177	80
C	-2.0	48.891	18.289	80
N	-0.986	49.709	18.027	81
CA	0.074	49.977	18.999	81
C	-0.391	50.7	20.28	81
N	-1.564	51.344	20.247	82
CA	-2.15	51.977	21.44	82
C	-3.085	51.045	22.237	82
N	-3.734	50.088	21.565	83
CA	-4.568	49.071	22.242	83
C	-3.764	48.146	23.16	83
N	-2.555	47.784	22.731	84
CA	-1.665	46.92	23.506	84
C	-1.327	47.581	24.836	84
N	-1.521	46.848	25.931	85
CA	-1.234	47.36	27.269	85
C	-2.427	47.982	27.973	85
N	-3.37	48.563	27.225	86
CA	-4.603	49.096	27.824	86
C	-5.402	47.996	28.501	86
N	-6.309	48.389	29.388	87
CA	-7.153	47.434	30.093	87
C	-8.568	47.448	29.549	87
N	-9.264	46.337	29.763	88
CA	-10.668	46.216	29.408	88
C	-11.584	47.136	30.233	88
N	-11.125	47.593	31.4	89
CA	-11.805	48.647	32.17	89
C	-11.93	49.94	31.357	89
N	-10.838	50.328	30.699	90
CA	-10.829	51.476	29.787	90
C	-11.633	51.204	28.517	90
N	-11.343	50.09	27.838	91
CA	-11.977	49.775	26.541	91
C	-13.464	49.419	26.641	91
N	-13.805	48.557	27.592	92
CA	-15.137	47.98	27.716	92
C	-15.673	48.189	29.134	92
N	-15.873	49.463	29.538	93
CA	-16.223	49.796	30.927	93
C	-17.539	49.207	31.445	93
N	-18.515	49.005	30.566	94
CA	-19.802	48.409	30.963	94
C	-19.773	46.883	30.989	94
N	-18.946	46.273	30.137	95
CA	-18.821	44.806	30.072	95
C	-17.796	44.243	31.048	95
N	-16.702	44.969	31.273	96
CA	-15.594	44.458	32.088	96
C	-16.005	43.819	33.432	96
N	-16.902	44.47	34.222	97
CA	-17.361	43.851	35.478	97
C	-18.232	42.598	35.297	97
N	-19.113	42.6	34.297	98
CA	-19.95	41.431	33.975	98
C	-19.096	40.274	33.455	98
N	-18.13	40.625	32.608	99
CA	-17.144	39.691	32.058	99
C	-16.405	38.95	33.18	99
N	-15.864	39.706	34.14	100
CA	-15.159	39.139	35.305	100
C	-16.051	38.203	36.13	100
N	-17.264	38.659	36.425	101
CA	-18.238	37.858	37.163	101
C	-18.671	36.594	36.411	101
N	-18.804	36.689	35.09	102
CA	-19.253	35.553	34.273	102
C	-18.165	34.501	34.053	102
N	-16.9	34.933	34.022	103
CA	-15.784	34.054	33.679	103
C	-14.712	34.108	34.759	103
N	-15.052	33.649	35.979	104
CA	-14.066	33.709	37.052	104
C	-12.979	32.641	36.854	104
N	-11.819	32.807	37.52	105
CA	-10.757	31.797	37.526	105
C	-11.249	30.371	37.811	105
N	-10.824	29.417	36.988	106
CA	-11.172	28.011	37.172	106
C	-12.338	27.489	36.345	106
N	-13.137	28.382	35.754	107
CA	-14.3	27.952	34.973	107
C	-13.851	27.248	33.689	107
N	-14.709	26.371	33.122	108
CA	-14.329	25.625	31.91	108
C	-14.3	26.476	30.634	108
N	-13.43	26.108	29.694	109
CA	-13.245	26.875	28.448	109
C	-14.41	26.804	27.433	109
N	-15.418	25.971	27.707	110
CA	-16.668	25.955	26.935	110
C	-17.656	27.035	27.403	110
N	-17.497	27.514	28.639	111
CA	-18.301	28.625	29.158	111
C	-17.948	29.933	28.427	111
N	-18.971	30.646	27.96	112
CA	-18.787	31.833	27.134	112
C	-19.627	33.004	27.615	112
N	-18.99	34.161	27.766	113
CA	-19.702	35.413	27.931	113
C	-19.963	35.968	26.535	113
N	-21.217	36.34	26.274	114
CA	-21.636	36.896	24.991	114
C	-22.327	38.226	25.243	114
N	-21.858	39.284	24.582	115
CA	-22.506	40.595	24.648	115
C	-22.613	41.24	23.264	115
N	-23.659	42.046	23.089	116
CA	-23.839	42.871	21.902	116
C	-23.466	44.304	22.262	116
N	-22.496	44.864	21.541	117
CA	-22.026	46.222	21.772	117
C	-22.512	47.139	20.665	117
N	-22.801	48.385	21.027	118
CA	-22.976	49.457	20.053	118
C	-21.603	50.079	19.845	118
N	-21.242	50.342	18.592	119
CA	-19.91	50.858	18.258	119
C	-20.003	51.958	17.193	119
N	-18.92	52.753	17.013	120
CA	-18.932	53.836	16.019	120
C	-19.351	53.384	14.609	120
N	-20.485	53.915	14.139	121
CA	-21.114	53.535	12.863	121
C	-21.573	52.076	12.853	121
N	-21.03	51.586	13.949	122
CA	-21.821	50.837	14.877	122
C	-23.088	51.643	15.172	122
N	-23.72	50.945	16.09	123
CA	-23.342	49.546	16.247	123
C	-23.545	48.711	14.978	123
N	-23.205	47.395	14.985	124
CA	-23.175	46.538	16.168	124
C	-22.064	45.484	16.084	124
N	-21.412	45.225	17.22	125
CA	-20.416	44.155	17.339	125
C	-20.885	43.122	18.351	125
N	-20.8	41.849	17.97	126
CA	-20.96	40.74	18.907	126
C	-19.615	40.471	19.58	126
N	-19.631	40.41	20.909	127
CA	-18.453	40.099	21.71	127
C	-18.659	38.721	22.296	127
N	-17.73	37.806	22.029	128
CA	-17.717	36.492	22.671	128
C	-16.414	36.365	23.452	128
N	-16.539	35.994	24.721	129
CA	-15.399	35.838	25.603	129
C	-15.423	34.441	26.199	129
N	-14.272	33.776	26.185	130
CA	-14.047	32.593	27.011	130
C	-12.692	32.697	27.719	130
N	-12.54	31.895	28.765	131
CA	-11.324	31.865	29.571	131
C	-10.571	30.573	29.322	131
N	-9.269	30.699	29.125	132
CA	-8.367	29.56	29.154	132
C	-7.284	29.903	30.159	132
N	-7.28	29.192	31.28	133
CA	-6.342	29.446	32.365	133
C	-6.549	30.847	32.891	133
N	-5.514	31.678	32.768	134
CA	-5.541	33.053	33.258	134
C	-5.787	34.061	32.131	134
N	-6.072	33.557	30.929	135
CA	-6.263	34.384	29.748	135
C	-7.738	34.467	29.39	135
N	-8.222	35.687	29.168	136
CA	-9.516	35.902	28.537	136
C	-9.258	36.055	27.049	136
N	-10.085	35.397	26.244	137
CA	-10.036	35.499	24.796	137
C	-11.326	36.186	24.345	137
N	-11.164	37.332	23.695	138
CA	-12.26	38.177	23.267	138
C	-12.319	38.166	21.749	138
N	-13.479	37.789	21.224	139
CA	-13.737	37.761	19.797	139
C	-14.8	38.783	19.464	139
N	-14.463	39.689	18.561	140
CA	-15.368	40.727	18.091	140
C	-15.727	40.407	16.666	140
N	-17.014	40.358	16.371	141
CA	-17.446	40.377	14.987	141
C	-18.757	41.126	14.812	141
N	-19.017	41.612	13.582	142
CA	-20.29	42.3	13.32	142
C	-21.491	41.377	13.506	142
N	-22.568	41.903	14.075	143
CA	-23.819	41.16	14.24	143
C	-24.952	42.0	13.679	143
N	-26.121	41.373	13.529	144
CA	-27.243	41.874	12.712	144
C	-26.949	41.534	11.253	144
N	-28.255	41.681	11.162	145
CA	-28.576	40.285	10.928	145
C	-29.991	40.305	10.353	145
N	-30.347	41.621	10.471	146
CA	-31.446	41.676	11.443	146
C	-32.895	41.517	10.988	146
N	-33.739	40.627	11.576	147
CA	-33.06	39.58	12.345	147
C	-33.91	38.393	12.799	147
N	-35.225	38.457	12.564	148
CA	-36.079	38.296	13.728	148
C	-37.38	38.063	12.993	148
N	-37.695	37.943	11.697	149
CA	-39.027	38.552	11.653	149
C	-39.558	38.038	13.047	149
N	-38.817	37.182	13.799	150
CA	-38.045	37.71	14.951	150
C	-37.219	36.839	15.903	150
N	-37.467	35.668	15.373	151
CA	-36.974	35.131	14.128	151
C	-37.841	33.951	13.689	151
N	-38.79	33.624	14.56	152
CA	-39.437	32.362	14.52	152
C	-38.338	31.338	14.292	152
N	-39.215	30.423	13.882	153
CA	-38.694	29.976	12.618	153
C	-37.64	28.946	12.759	153
N	-37.608	28.655	14.07	154
CA	-36.665	28.304	15.127	154
C	-37.25	27.234	16.051	154
N	-38.488	27.446	16.503	155
CA	-39.117	26.59	17.525	155
C	-39.636	25.255	16.97	155
N	-40.186	25.28	15.755	156
CA	-40.679	24.065	15.088	156
C	-39.565	23.083	14.683	156
N	-38.329	23.576	14.557	157
CA	-37.16	22.735	14.257	157
C	-37.005	21.566	15.23	157
N	-37.116	21.862	16.525	158
CA	-36.94	20.859	17.586	158
C	-37.96	19.718	17.504	158
N	-39.212	20.074	17.233	159
CA	-40.287	19.093	17.106	159
C	-40.251	18.355	15.762	159
N	-39.62	18.957	14.751	160
CA	-39.363	18.286	13.468	160
C	-38.338	17.159	13.617	160
N	-37.3	17.405	14.418	161
CA	-36.289	16.387	14.733	161
C	-36.895	15.25	15.546	161
N	-37.65	15.627	16.571	162
CA	-38.36	14.681	17.435	162
C	-39.358	13.778	16.67	162
N	-40.083	14.359	15.713	163
CA	-41.075	13.625	14.908	163
C	-40.504	12.593	13.924	163
N	-39.202	12.643	13.637	164
CA	-38.595	11.705	12.686	164
C	-38.714	10.245	13.154	164
N	-39.331	9.371	12.331	165
CA	-39.558	7.983	12.748	165
C	-38.313	7.098	12.763	165
N	-37.342	7.395	11.9	166
CA	-36.104	6.618	11.812	166
C	-34.913	7.562	11.664	166
N	-33.706	7.003	11.713	167
CA	-32.477	7.801	11.644	167
C	-32.395	8.587	10.335	167
N	-32.692	7.923	9.219	168
CA	-32.684	8.581	7.906	168
C	-33.585	9.831	7.865	168
N	-34.834	9.684	8.291	169
CA	-35.768	10.806	8.32	169
C	-35.22	11.965	9.157	169
N	-34.689	11.629	10.335	170
CA	-34.047	12.591	11.234	170
C	-32.878	13.296	10.535	170
N	-32.009	12.5	9.908	171
CA	-30.873	13.014	9.133	171
C	-31.316	14.043	8.085	171
N	-32.327	13.672	7.301	172
CA	-32.889	14.536	6.258	172
C	-33.544	15.81	6.788	172
N	-34.339	15.699	7.849	173
CA	-34.972	16.895	8.425	173
C	-33.934	17.809	9.076	173
N	-32.898	17.216	9.674	174
CA	-31.815	17.98	10.287	174
C	-31.09	18.823	9.248	174
N	-30.692	18.211	8.136	175
CA	-29.977	18.95	7.087	175
C	-30.882	19.98	6.41	175
N	-32.143	19.612	6.19	176
CA	-33.1	20.514	5.551	176
C	-33.42	21.712	6.446	176
N	-33.616	21.461	7.738	177
CA	-33.847	22.537	8.698	177
C	-32.657	23.498	8.793	177
N	-31.451	22.947	8.908	178
CA	-30.239	23.762	9.003	178
C	-30.078	24.638	7.754	178
N	-30.362	24.079	6.583	179
CA	-30.3	24.841	5.333	179
C	-31.304	25.996	5.299	179
N	-32.53	25.741	5.747	180
CA	-33.548	26.8	5.839	180
C	-33.121	27.932	6.772	180
N	-32.599	27.585	7.947	181
CA	-32.163	28.599	8.912	181
C	-30.953	29.409	8.438	181
N	-30.073	28.793	7.65	182
CA	-28.782	29.407	7.33	182
C	-28.656	29.917	5.916	182
N	-29.417	29.337	4.984	183
CA	-29.268	29.654	3.573	183
C	-28.04	29.049	2.933	183
N	-27.341	28.146	3.633	184
CA	-26.147	27.499	3.06	184
C	-26.517	26.721	1.803	184
N	-25.62	26.724	0.823	185
CA	-25.846	26.07	-0.445	185
C	-25.934	24.561	-0.265	185
N	-25.213	24.015	0.709	186
CA	-25.235	22.584	0.96	186
C	-25.088	22.315	2.438	186
N	-25.971	21.47	2.965	187
CA	-25.901	21.0	4.333	187
C	-25.916	19.476	4.296	187
N	-24.922	18.852	4.915	188
CA	-24.759	17.408	4.917	188
C	-24.773	16.908	6.343	188
N	-25.265	15.684	6.523	189
CA	-25.013	14.965	7.747	189
C	-23.914	13.997	7.388	189
N	-22.757	14.197	8.012	190
CA	-21.548	13.466	7.709	190
C	-21.33	12.507	8.87	190
N	-21.471	11.205	8.622	191
CA	-21.398	10.184	9.669	191
C	-20.036	9.52	9.674	191
N	-19.409	9.439	10.848	192
CA	-18.155	8.698	10.996	192
C	-18.448	7.217	11.189	192
N	-17.706	6.372	10.485	193
CA	-17.753	4.924	10.684	193
C	-16.743	4.594	11.789	193
N	-16.731	3.329	12.278	194
CA	-15.772	2.953	13.321	194
C	-14.302	3.137	12.941	194
N	-13.971	3.024	11.66	195
CA	-12.592	3.261	11.206	195
C	-12.307	4.75	10.897	195
N	-13.216	5.64	11.316	196
CA	-13.112	7.085	11.121	196
C	-13.232	7.554	9.667	196
N	-13.519	6.649	8.731	197
CA	-13.941	7.064	7.407	197
C	-15.305	7.71	7.616	197
N	-15.69	8.569	6.69	198
CA	-16.93	9.302	6.826	198
C	-17.855	9.055	5.674	198
N	-19.142	9.266	5.914	199
CA	-20.124	9.145	4.864	199
C	-21.174	10.229	4.963	199
N	-21.555	10.774	3.811	200
CA	-22.676	11.692	3.739	200
C	-23.945	10.841	3.709	200
N	-24.663	10.805	4.826	201
CA	-25.875	9.965	4.949	201
C	-27.18	10.722	4.666	201
N	-27.084	12.043	4.55	202
CA	-28.203	12.892	4.214	202
C	-27.637	14.232	3.781	202
N	-28.331	14.913	2.879	203
CA	-27.967	16.282	2.559	203
C	-29.103	17.054	1.936	203
N	-29.099	18.357	2.193	204
CA	-30.03	19.298	1.601	204
C	-29.157	20.22	0.8	204
N	-29.414	20.331	-0.491	205
CA	-28.531	21.112	-1.347	205
C	-29.284	22.042	-2.265	205
N	-28.582	23.092	-2.674	206
CA	-29.051	24.024	-3.67	206
C	-29.227	23.283	-4.983	206
N	-30.224	23.707	-5.75	207
CA	-30.492	23.119	-7.061	207
C	-29.275	23.348	-7.955	207
N	-28.883	22.303	-8.676	208
CA	-27.718	22.352	-9.546	208
C	-26.444	21.799	-8.952	208
N	-26.379	21.672	-7.625	209
CA	-25.228	21.034	-6.987	209
C	-25.337	19.521	-7.124	209
N	-24.219	18.871	-7.415	210
CA	-24.187	17.413	-7.487	210
C	-24.238	16.802	-6.076	210
N	-24.81	15.607	-5.995	211
CA	-24.984	14.901	-4.733	211
C	-23.665	14.378	-4.179	211
N	-23.49	14.497	-2.865	212
CA	-22.497	13.712	-2.13	212
C	-23.161	12.569	-1.356	212
N	-24.485	12.453	-1.444	213
CA	-25.211	11.451	-0.683	213
C	-24.663	10.056	-0.962	213
N	-24.281	9.364	0.104	214
CA	-23.774	8.006	0.014	214
C	-22.294	7.913	-0.28	214
N	-21.643	9.051	-0.553	215
CA	-20.211	9.053	-0.829	215
C	-19.496	8.935	0.493	215
N	-18.429	8.155	0.474	216
CA	-17.611	7.92	1.632	216
C	-16.253	8.536	1.397	216
N	-15.592	8.915	2.479	217
CA	-14.309	9.608	2.38	217
C	-13.294	9.023	3.363	217
N	-11.983	9.068	3.005	218
CA	-10.929	8.548	3.884	218
C	-10.897	9.224	5.253	218
N	-10.443	8.473	6.256	219
CA	-10.269	8.979	7.618	219
C	-9.413	10.234	7.669	219
N	-8.402	10.3	6.803	220
CA	-7.442	11.404	6.789	220
C	-8.02	12.771	6.38	220
N	-9.194	12.807	5.75	221
CA	-9.855	14.076	5.416	221
C	-10.224	14.933	6.629	221
N	-10.56	14.283	7.738	222
CA	-10.726	14.941	9.031	222
C	-9.798	14.189	9.977	222
N	-8.528	14.637	10.088	223
CA	-7.544	13.848	10.838	223
C	-7.779	13.837	12.347	223
N	-7.101	12.905	13.013	224
CA	-7.344	12.565	14.421	224
C	-7.394	13.745	15.372	224
N	-6.484	14.697	15.21	225
CA	-6.464	15.87	16.095	225
C	-7.659	16.783	15.856	225
N	-8.116	16.872	14.603	226
CA	-9.338	17.628	14.306	226
C	-10.522	16.934	14.974	226
N	-10.625	15.616	14.781	227
CA	-11.694	14.824	15.396	227
C	-11.697	14.968	16.917	227
N	-10.505	14.947	17.529	228
CA	-10.349	15.201	18.968	228
C	-10.824	16.599	19.337	228
N	-10.337	17.603	18.608	229
CA	-10.733	18.983	18.867	229
C	-12.25	19.136	18.733	229
N	-12.82	18.478	17.726	230
CA	-14.247	18.599	17.451	230
C	-15.145	17.894	18.453	230
N	-14.586	17.025	19.287	231
CA	-15.361	16.405	20.365	231
C	-15.56	17.373	21.533	231
N	-14.618	18.303	21.694	232
CA	-14.627	19.304	22.774	232
C	-15.301	20.614	22.367	232
N	-14.954	21.122	21.187	233
CA	-15.439	22.416	20.697	233
C	-16.316	22.155	19.488	233
N	-17.594	22.486	19.622	234
CA	-18.613	21.855	18.81	234
C	-18.911	22.541	17.493	234
N	-18.384	23.747	17.295	235
CA	-18.626	24.498	16.073	235
C	-17.346	25.14	15.575	235
N	-17.115	25.045	14.274	236
CA	-16.039	25.787	13.633	236
C	-16.434	26.113	12.222	236
N	-15.706	27.055	11.637	237
CA	-16.063	27.634	10.349	237
C	-14.882	28.28	9.663	237
N	-15.014	28.411	8.354	238
CA	-14.131	29.21	7.546	238
C	-15.073	30.076	6.755	238
N	-15.16	31.351	7.114	239
CA	-16.028	32.3	6.421	239
C	-15.595	32.534	4.993	239
N	-14.292	32.465	4.747	240
CA	-13.759	32.729	3.434	240
C	-12.551	31.842	3.21	240
N	-12.704	30.868	2.312	241
CA	-11.664	29.881	2.088	241
C	-10.435	30.424	1.332	241
N	-10.51	31.672	0.849	242
CA	-9.375	32.364	0.234	242
C	-8.784	33.487	1.097	242
N	-9.308	33.716	2.297	243
CA	-8.826	34.827	3.118	243
C	-7.541	34.423	3.818	243
N	-6.543	35.295	3.74	244
CA	-5.33	35.172	4.537	244
C	-5.652	35.314	6.023	244
N	-4.975	34.521	6.839	245
CA	-5.122	34.561	8.286	245
C	-4.395	35.785	8.865	245
N	-5.025	36.423	9.845	246
CA	-4.502	37.63	10.479	246
C	-3.724	37.221	11.741	246
N	-2.405	37.533	11.807	247
CA	-1.606	37.172	12.986	247
C	-2.098	37.781	14.3	247
N	-1.914	37.045	15.392	248
CA	-1.995	37.619	16.729	248
C	-0.636	38.234	17.028	248
N	-0.656	39.421	17.614	249
CA	0.552	40.119	18.022	249
C	0.407	40.524	19.488	249
N	1.343	40.157	20.365	250
CA	2.411	39.199	20.098	250
C	1.827	37.8	19.95	250
N	2.528	36.947	19.215	251
CA	1.997	35.656	18.838	251
C	1.87	34.712	20.037	251
N	2.822	34.775	20.971	252
CA	2.753	33.982	22.191	252
C	2.079	34.79	23.277	252
N	1.411	34.081	24.176	253
CA	0.844	34.681	25.372	253
C	1.998	35.125	26.288	253
N	2.114	36.442	26.575	254
CA	3.199	36.868	27.474	254
C	3.079	36.39	28.938	254
N	1.918	35.871	29.349	255
CA	1.781	35.222	30.652	255
C	2.641	33.971	30.751	255
N	2.707	33.223	29.651	256
CA	3.287	31.886	29.63	256
C	4.481	31.731	28.675	256
N	4.73	32.716	27.807	257
CA	5.644	32.56	26.653	257
C	5.37	31.271	25.886	257
N	4.087	30.995	25.682	258
CA	3.651	29.789	25.01	258
C	2.464	30.134	24.112	258
N	2.143	29.253	23.152	259
CA	1.041	29.541	22.238	259
C	-0.296	29.816	22.936	259
N	-1.091	30.702	22.36	260
CA	-2.421	30.998	22.879	260
C	-3.39	29.919	22.378	260
N	-4.03	29.155	23.294	261
CA	-4.961	28.135	22.805	261
C	-6.187	28.782	22.158	261
N	-6.423	28.452	20.893	262
CA	-7.537	29.018	20.128	262
C	-8.578	27.977	19.708	262
N	-8.516	26.777	20.289	263
CA	-9.493	25.736	20.01	263
C	-10.933	26.159	20.248	263
N	-11.151	27.002	21.256	264
CA	-12.486	27.525	21.575	264
C	-12.854	28.84	20.918	264
N	-11.98	29.357	20.059	265
CA	-12.231	30.596	19.343	265
C	-12.726	30.251	17.946	265
N	-13.951	30.661	17.628	266
CA	-14.521	30.452	16.289	266
C	-13.755	31.256	15.225	266
N	-13.156	32.376	15.639	267
CA	-12.289	33.166	14.766	267
C	-10.944	32.514	14.461	267
N	-10.569	31.473	15.204	268
CA	-9.382	30.674	14.914	268
C	-9.165	30.456	13.418	268
N	-7.928	30.66	12.979	269
CA	-7.55	30.358	11.607	269
C	-7.717	28.859	11.353	269
N	-8.296	28.538	10.209	270
CA	-8.478	27.18	9.758	270
C	-7.177	26.652	9.168	270
N	-6.933	25.357	9.328	271
CA	-5.796	24.687	8.693	271
C	-5.699	25.05	7.211	271
N	-4.531	25.541	6.754	272
CA	-4.294	25.732	5.315	272
C	-4.654	24.509	4.462	272
N	-4.362	23.311	4.969	273
CA	-4.67	22.071	4.263	273
C	-6.165	21.906	4.02	273
N	-6.969	22.216	5.034	274
CA	-8.416	22.13	4.888	274
C	-8.933	23.226	3.964	274
N	-8.44	24.448	4.128	275
CA	-8.837	25.567	3.253	275
C	-8.61	25.25	1.779	275
N	-7.457	24.661	1.477	276
CA	-7.164	24.225	0.114	276
C	-8.148	23.158	-0.356	276
N	-8.412	22.186	0.507	277
CA	-9.387	21.142	0.202	277
C	-10.719	21.786	-0.205	277
N	-11.189	22.722	0.612	278
CA	-12.431	23.434	0.338	278
C	-12.371	24.232	-0.964	278
N	-11.268	24.945	-1.194	279
CA	-11.094	25.673	-2.454	279
C	-11.168	24.744	-3.663	279
N	-10.527	23.582	-3.577	280
CA	-10.585	22.612	-4.68	280
C	-11.975	22.009	-4.924	280
N	-12.812	21.965	-3.889	281
CA	-14.228	21.613	-4.019	281
C	-15.118	22.767	-4.493	281
N	-14.568	23.969	-4.667	282
CA	-15.361	25.153	-4.988	282
C	-16.186	25.697	-3.827	282
N	-15.709	25.485	-2.605	283
CA	-16.384	25.933	-1.4	283
C	-15.7	27.228	-0.948	283
N	-16.481	28.299	-0.844	284
CA	-16.0	29.61	-0.406	284
C	-16.211	29.864	1.071	284
N	-17.173	29.154	1.667	285
CA	-17.465	29.253	3.088	285
C	-17.82	27.863	3.6	285
N	-17.335	27.532	4.788	286
CA	-17.611	26.231	5.369	286
C	-17.901	26.39	6.835	286
N	-18.765	25.521	7.334	287
CA	-19.137	25.524	8.732	287
C	-19.587	24.128	9.076	287
N	-19.154	23.638	10.231	288
CA	-19.701	22.399	10.735	288
C	-19.959	22.436	12.221	288
N	-20.891	21.582	12.617	289
CA	-21.314	21.418	13.987	289
C	-21.102	19.952	14.329	289
N	-20.487	19.693	15.474	290
CA	-20.258	18.339	15.938	290
C	-21.555	17.719	16.431	290
N	-21.773	16.458	16.066	291
CA	-22.829	15.631	16.647	291
C	-22.109	14.654	17.567	291
N	-22.281	14.83	18.875	292
CA	-21.529	14.061	19.877	292
C	-22.476	13.127	20.624	292
N	-22.24	11.826	20.487	293
CA	-23.115	10.782	21.029	293
C	-22.262	9.878	21.909	293
N	-22.664	9.725	23.171	294
CA	-21.906	8.945	24.155	294
C	-20.502	9.467	24.408	294
N	-20.317	10.784	24.291	295
CA	-18.988	11.394	24.377	295
C	-18.06	11.145	23.191	295
N	-18.589	10.572	22.105	296
CA	-17.822	10.285	20.899	296
C	-18.344	11.105	19.73	296
N	-17.433	11.494	18.842	297
CA	-17.773	12.235	17.646	297
C	-18.516	11.31	16.678	297
N	-19.838	11.428	16.675	298
CA	-20.691	10.568	15.877	298
C	-20.692	11.042	14.432	298
N	-20.697	12.353	14.251	299
CA	-20.774	12.922	12.922	299
C	-20.667	14.426	12.938	299
N	-20.902	15.019	11.781	300
CA	-20.926	16.465	11.624	300
C	-22.139	16.879	10.827	300
N	-22.739	18.0	11.21	301
CA	-23.576	18.769	10.311	301
C	-22.566	19.648	9.586	301
N	-22.367	19.406	8.299	302
CA	-21.322	20.075	7.536	302
C	-21.985	20.944	6.487	302
N	-21.603	22.218	6.447	303
CA	-22.249	23.203	5.575	303
C	-21.252	23.838	4.634	303
N	-21.667	24.017	3.382	304
CA	-20.882	24.707	2.389	304
C	-21.671	25.863	1.802	304
N	-20.971	26.95	1.515	305
CA	-21.469	27.996	0.625	305
C	-20.452	28.166	-0.486	305
N	-20.919	28.391	-1.711	306
CA	-20.002	28.63	-2.821	306
C	-19.264	29.966	-2.685	306
N	-19.94	30.982	-2.174	307
CA	-19.308	32.273	-1.948	307
C	-18.914	32.399	-0.483	307
N	-17.93	33.272	-0.174	308
CA	-17.676	33.578	1.232	308
C	-18.959	34.019	1.91	308
N	-19.083	33.703	3.177	309
CA	-20.332	33.881	3.845	309
C	-20.085	33.862	5.326	309
N	-20.461	34.954	5.984	310
CA	-20.373	35.059	7.432	310
C	-21.774	34.856	7.97	310
N	-21.97	33.749	8.671	311
CA	-23.241	33.471	9.323	311
C	-23.294	34.382	10.557	311
N	-24.452	35.026	10.828	312
CA	-24.601	35.812	12.059	312
C	-24.285	35.017	13.333	312
N	-23.609	35.641	14.315	313
CA	-23.288	34.947	15.572	313
C	-24.489	34.375	16.335	313
N	-25.62	35.076	16.307	314
CA	-26.869	34.555	16.876	314
C	-27.276	33.251	16.187	314
N	-27.181	33.238	14.857	315
CA	-27.538	32.067	14.049	315
C	-26.664	30.852	14.401	315
N	-25.363	31.082	14.576	316
CA	-24.435	30.031	15.006	316
C	-24.834	29.409	16.336	316
N	-25.276	30.246	17.273	317
CA	-25.761	29.769	18.573	317
C	-26.944	28.812	18.401	317
N	-27.87	29.149	17.509	318
CA	-28.965	28.239	17.143	318
C	-28.466	26.885	16.629	318
N	-27.434	26.907	15.781	319
CA	-26.849	25.683	15.217	319
C	-26.173	24.804	16.25	319
N	-25.477	25.426	17.198	320
CA	-24.875	24.705	18.314	320
C	-25.948	23.927	19.072	320
N	-27.028	24.628	19.41	321
CA	-28.176	24.054	20.119	321
C	-28.855	22.968	19.285	321
N	-29.125	23.261	18.015	322
CA	-29.635	22.241	17.081	322
C	-28.755	20.985	17.019	322
N	-27.436	21.166	17.064	323
CA	-26.498	20.043	17.084	323
C	-26.571	19.225	18.36	323
N	-26.777	19.904	19.487	324
CA	-26.986	19.227	20.77	324
C	-28.283	18.426	20.74	324
N	-29.356	19.064	20.288	325
CA	-30.643	18.392	20.172	325
C	-30.584	17.208	19.208	325
N	-29.906	17.393	18.073	326
CA	-29.715	16.315	17.104	326
C	-28.953	15.154	17.725	326
N	-27.935	15.463	18.524	327
CA	-27.136	14.439	19.208	327
C	-27.95	13.556	20.161	327
N	-28.919	14.151	20.855	328
CA	-29.814	13.396	21.744	328
C	-30.732	12.494	20.927	328
N	-31.344	13.07	19.892	329
CA	-32.214	12.327	18.966	329
C	-31.518	11.149	18.271	329
N	-30.284	11.364	17.819	330
CA	-29.503	10.321	17.146	330
C	-29.204	9.133	18.073	330
N	-28.905	9.416	19.338	331
CA	-28.681	8.358	20.332	331
C	-29.904	7.434	20.443	331
N	-31.078	8.05	20.587	332
CA	-32.353	7.342	20.723	332
C	-32.618	6.469	19.499	332
N	-32.695	7.108	18.335	333
CA	-33.151	6.44	17.111	333
C	-32.166	5.399	16.562	333
N	-30.866	5.58	16.811	334
CA	-29.862	4.582	16.402	334
C	-29.853	3.335	17.303	334
N	-30.411	3.441	18.511	335
CA	-30.566	2.283	19.408	335
C	-31.565	1.229	18.886	335
N	-32.497	1.655	18.033	336
CA	-33.569	0.794	17.53	336
C	-33.106	-0.038	16.331	336
N	-34.203	-1.059	16.565	337
CA	-34.718	-2.17	17.636	337
C	-35.918	-3.346	17.589	337
N	-36.544	-4.221	18.614	338
CA	-37.773	-5.24	18.664	338
C	-38.345	-6.323	19.777	338
N	-39.577	-6.997	19.567	339
CA	-40.658	-7.94	20.181	339
C	-40.841	-9.393	20.829	339
N	-42.115	-10.039	20.724	340
CA	-42.75	-11.17	21.557	340
C	-43.961	-12.194	21.192	340
N	-44.344	-13.194	22.079	341
CA	-45.16	-14.521	22.097	341
C	-46.337	-15.652	21.993	341
N	-47.649	-16.001	21.671	342
CA	-48.76	-16.894	22.314	342
C	-48.557	-18.473	22.499	342
N	-49.652	-19.288	22.542	343
CA	-49.864	-20.331	23.625	343
C	-50.347	-21.764	23.367	343
