ATOM	X	Y	Z	RESIDUE
N	-28.83	-5.078	-8.106	1
CA	-27.652	-5.622	-8.805	1
C	-26.652	-4.495	-8.761	1
N	-25.53	-4.653	-8.06	2
CA	-24.422	-3.691	-8.154	2
C	-24.121	-3.519	-9.633	2
N	-24.147	-2.287	-10.135	3
CA	-23.815	-2.016	-11.529	3
C	-22.473	-2.692	-11.823	3
N	-22.471	-3.68	-12.717	4
CA	-21.359	-4.615	-12.839	4
C	-20.081	-3.94	-13.36	4
N	-20.094	-2.631	-13.634	5
CA	-18.921	-1.818	-13.947	5
C	-18.547	-0.764	-12.895	5
N	-19.319	-0.58	-11.816	6
CA	-19.04	0.477	-10.833	6
C	-17.916	0.101	-9.86	6
N	-17.257	1.128	-9.323	7
CA	-16.186	1.032	-8.329	7
C	-16.638	1.74	-7.05	7
N	-16.478	1.085	-5.9	8
CA	-16.876	1.648	-4.612	8
C	-15.836	2.626	-4.055	8
N	-16.239	3.508	-3.142	9
CA	-15.267	4.281	-2.371	9
C	-14.501	3.367	-1.405	9
N	-13.185	3.563	-1.331	10
CA	-12.287	2.84	-0.427	10
C	-11.883	3.748	0.731	10
N	-11.984	3.21	1.942	11
CA	-11.542	3.864	3.171	11
C	-10.004	3.897	3.245	11
N	-9.435	5.026	3.679	12
CA	-7.988	5.185	3.897	12
C	-7.561	4.521	5.199	12
N	-7.51	3.194	5.185	13
CA	-7.196	2.372	6.349	13
C	-6.091	1.361	5.991	13
N	-5.009	1.264	6.785	14
CA	-3.899	0.351	6.499	14
C	-4.337	-1.119	6.459	14
N	-5.348	-1.5	7.246	15
CA	-5.926	-2.838	7.231	15
C	-6.681	-3.138	5.938	15
N	-7.366	-2.153	5.35	16
CA	-8.004	-2.283	4.028	16
C	-6.949	-2.476	2.945	16
N	-5.907	-1.643	2.919	17
CA	-4.844	-1.751	1.915	17
C	-4.027	-3.04	2.061	17
N	-3.741	-3.468	3.29	18
CA	-3.085	-4.757	3.554	18
C	-3.95	-5.934	3.093	18
N	-5.268	-5.899	3.311	19
CA	-6.16	-6.926	2.76	19
C	-6.313	-6.838	1.233	19
N	-6.222	-5.648	0.625	20
CA	-6.2	-5.497	-0.837	20
C	-4.968	-6.178	-1.435	20
N	-3.778	-5.954	-0.862	21
CA	-2.542	-6.643	-1.258	21
C	-2.733	-8.163	-1.261	21
N	-3.246	-8.713	-0.154	22
CA	-3.543	-10.149	-0.036	22
C	-4.577	-10.613	-1.062	22
N	-5.606	-9.806	-1.316	23
CA	-6.637	-10.082	-2.317	23
C	-6.087	-10.147	-3.742	23
N	-5.095	-9.317	-4.064	24
CA	-4.363	-9.371	-5.331	24
C	-3.376	-10.548	-5.424	24
N	-3.135	-11.246	-4.311	25
CA	-2.152	-12.321	-4.211	25
C	-0.726	-11.829	-3.964	25
N	-0.555	-10.565	-3.563	26
CA	0.748	-10.022	-3.179	26
C	1.195	-10.66	-1.866	26
N	2.439	-11.122	-1.831	27
CA	3.095	-11.701	-0.659	27
C	4.377	-10.921	-0.336	27
N	4.734	-10.873	0.948	28
CA	5.923	-10.16	1.429	28
C	5.712	-8.698	1.823	28
N	4.496	-8.155	1.693	29
CA	4.209	-6.733	1.92	29
C	3.037	-6.496	2.877	29
N	3.041	-5.33	3.521	30
CA	1.902	-4.78	4.257	30
C	1.899	-3.249	4.2	30
N	0.795	-2.644	4.632	31
CA	0.648	-1.189	4.707	31
C	0.527	-0.754	6.161	31
N	1.296	0.261	6.55	32
CA	1.267	0.864	7.886	32
C	0.818	2.324	7.8	32
N	0.084	2.787	8.806	33
CA	-0.273	4.198	8.936	33
C	0.894	4.999	9.521	33
N	1.133	6.196	8.978	34
CA	2.184	7.099	9.43	34
C	1.588	8.322	10.127	34
N	1.813	8.42	11.437	35
CA	1.512	9.631	12.212	35
C	2.654	10.652	12.17	35
N	3.874	10.18	11.912	36
CA	5.073	10.993	11.742	36
C	5.989	10.35	10.706	36
N	6.722	11.183	9.969	37
CA	7.812	10.746	9.09	37
C	9.093	10.391	9.867	37
N	9.049	10.454	11.2	38
CA	10.096	10.001	12.128	38
C	9.724	8.678	12.836	38
N	8.588	8.059	12.488	39
CA	8.162	6.778	13.065	39
C	8.908	5.588	12.431	39
N	10.096	5.286	12.957	40
CA	10.924	4.157	12.507	40
C	10.214	2.797	12.623	40
N	9.269	2.651	13.565	41
CA	8.543	1.39	13.768	41
C	7.542	1.156	12.641	41
N	6.779	2.185	12.279	42
CA	5.827	2.117	11.175	42
C	6.549	2.029	9.822	42
N	7.7	2.686	9.685	43
CA	8.473	2.688	8.449	43
C	9.564	1.601	8.421	43
N	9.168	0.336	8.577	44
CA	10.105	-0.795	8.446	44
C	10.841	-0.729	7.098	44
N	12.176	-0.838	7.127	45
CA	13.024	-0.691	5.937	45
C	13.167	-2.011	5.156	45
N	13.267	-1.95	3.815	46
CA	13.121	-0.745	2.992	46
C	11.657	-0.285	2.921	46
N	11.39	1.017	3.04	47
CA	10.045	1.547	2.765	47
C	9.9	1.728	1.256	47
N	8.971	1.002	0.633	48
CA	8.849	0.911	-0.83	48
C	8.127	2.097	-1.462	48
N	7.285	2.777	-0.694	49
CA	6.551	3.94	-1.16	49
C	5.606	4.463	-0.094	49
N	5.076	5.658	-0.327	50
CA	4.085	6.288	0.539	50
C	2.787	6.503	-0.226	50
N	1.655	6.205	0.395	51
CA	0.32	6.487	-0.13	51
C	-0.23	7.675	0.649	51
N	-0.598	8.737	-0.058	52
CA	-1.082	9.974	0.536	52
C	-2.498	10.27	0.06	52
N	-3.41	10.413	1.016	53
CA	-4.768	10.882	0.798	53
C	-4.872	12.346	1.209	53
N	-5.501	13.165	0.375	54
CA	-5.808	14.558	0.694	54
C	-7.115	14.999	0.038	54
N	-7.704	16.087	0.537	55
CA	-8.865	16.735	-0.084	55
C	-8.422	17.509	-1.328	55
N	-8.808	17.036	-2.508	56
CA	-8.446	17.633	-3.791	56
C	-9.157	18.974	-3.997	56
N	-8.404	20.014	-4.373	57
CA	-8.955	21.317	-4.764	57
C	-8.547	21.643	-6.196	57
N	-9.493	22.174	-6.965	58
CA	-9.219	22.613	-8.327	58
C	-8.205	23.764	-8.315	58
N	-7.157	23.652	-9.131	59
CA	-6.113	24.674	-9.23	59
C	-5.029	24.582	-8.157	59
N	-4.983	23.503	-7.367	60
CA	-3.826	23.236	-6.518	60
C	-2.562	23.119	-7.382	60
N	-1.76	24.186	-7.4	61
CA	-0.42	24.157	-7.975	61
C	0.412	23.129	-7.215	61
N	1.038	22.227	-7.962	62
CA	1.831	21.144	-7.395	62
C	3.297	21.322	-7.692	62
N	4.094	21.079	-6.663	63
CA	5.545	21.145	-6.69	63
C	6.105	19.868	-7.308	63
N	6.973	20.02	-8.307	64
CA	7.666	18.919	-8.971	64
C	7.902	19.182	-10.457	64
N	8.794	18.404	-11.064	65
CA	9.146	18.504	-12.485	65
C	8.467	17.345	-13.227	65
N	7.577	17.604	-14.204	66
CA	6.99	16.545	-15.019	66
C	8.066	15.701	-15.705	66
N	7.912	14.38	-15.656	67
CA	8.884	13.422	-16.18	67
C	8.219	12.452	-17.151	67
N	8.775	12.331	-18.353	68
CA	8.358	11.414	-19.424	68
C	9.223	10.137	-19.496	68
N	10.019	9.883	-18.448	69
CA	10.883	8.704	-18.336	69
C	10.099	7.403	-18.524	69
N	10.532	6.615	-19.504	70
CA	9.883	5.363	-19.908	70
C	10.009	4.232	-18.878	70
N	11.002	4.296	-17.985	71
CA	11.215	3.276	-16.958	71
C	10.31	3.446	-15.725	71
N	9.452	4.47	-15.694	72
CA	8.47	4.667	-14.628	72
C	7.165	4.013	-15.072	72
N	6.741	2.961	-14.372	73
CA	5.395	2.449	-14.578	73
C	4.399	3.476	-14.047	73
N	3.501	3.926	-14.909	74
CA	2.481	4.889	-14.541	74
C	1.231	4.619	-15.353	74
N	0.111	4.467	-14.66	75
CA	-1.209	4.303	-15.233	75
C	-2.11	5.462	-14.786	75
N	-2.89	6.002	-15.723	76
CA	-3.893	7.029	-15.448	76
C	-5.145	6.426	-14.821	76
N	-5.815	7.214	-13.996	77
CA	-7.123	6.878	-13.477	77
C	-8.18	7.234	-14.526	77
N	-8.757	6.21	-15.151	78
CA	-9.769	6.363	-16.216	78
C	-11.211	6.257	-15.707	78
N	-11.383	6.001	-14.408	79
CA	-12.658	5.688	-13.754	79
C	-12.758	6.359	-12.379	79
N	-13.981	6.661	-11.95	80
CA	-14.24	7.239	-10.629	80
C	-14.044	6.198	-9.519	80
N	-13.762	6.667	-8.3	81
CA	-13.598	5.87	-7.073	81
C	-12.46	4.828	-7.062	81
N	-11.709	4.668	-8.153	82
CA	-10.603	3.713	-8.229	82
C	-9.258	4.244	-7.7	82
N	-9.187	5.505	-7.257	83
CA	-7.946	6.189	-6.866	83
C	-7.102	5.402	-5.849	83
N	-7.727	4.762	-4.856	84
CA	-7.025	3.946	-3.861	84
C	-6.265	2.765	-4.494	84
N	-6.947	1.982	-5.335	85
CA	-6.335	0.851	-6.047	85
C	-5.345	1.323	-7.101	85
N	-5.63	2.437	-7.775	86
CA	-4.723	3.045	-8.741	86
C	-3.392	3.433	-8.089	86
N	-3.438	4.14	-6.957	87
CA	-2.249	4.547	-6.217	87
C	-1.447	3.324	-5.755	87
N	-2.128	2.307	-5.215	88
CA	-1.488	1.07	-4.773	88
C	-0.823	0.305	-5.929	88
N	-1.495	0.163	-7.074	89
CA	-0.943	-0.545	-8.238	89
C	0.206	0.244	-8.872	89
N	0.074	1.563	-9.044	90
CA	1.175	2.401	-9.528	90
C	2.412	2.277	-8.627	90
N	2.232	2.185	-7.305	91
CA	3.324	1.917	-6.369	91
C	3.94	0.535	-6.642	91
N	3.136	-0.53	-6.554	92
CA	3.592	-1.922	-6.663	92
C	4.321	-2.228	-7.974	92
N	3.886	-1.637	-9.087	93
CA	4.492	-1.889	-10.397	93
C	5.913	-1.33	-10.532	93
N	6.289	-0.377	-9.675	94
CA	7.632	0.201	-9.592	94
C	8.481	-0.404	-8.458	94
N	7.966	-1.384	-7.706	95
CA	8.772	-2.119	-6.724	95
C	9.671	-3.114	-7.463	95
N	10.987	-2.951	-7.311	96
CA	12.017	-3.79	-7.953	96
C	12.601	-4.867	-7.023	96
N	12.144	-4.926	-5.772	97
CA	12.633	-5.889	-4.788	97
C	12.227	-7.32	-5.161	97
N	13.222	-8.198	-5.283	98
CA	13.044	-9.594	-5.693	98
C	12.36	-10.459	-4.642	98
N	12.356	-10.032	-3.377	99
CA	11.662	-10.74	-2.3	99
C	10.143	-10.491	-2.345	99
N	9.704	-9.458	-3.075	100
CA	8.292	-9.113	-3.25	100
C	7.673	-9.93	-4.38	100
N	6.578	-10.633	-4.075	101
CA	5.826	-11.421	-5.062	101
C	4.495	-10.742	-5.338	101
N	4.273	-10.279	-6.569	102
CA	3.039	-9.569	-6.951	102
C	1.784	-10.461	-7.006	102
N	1.956	-11.78	-7.102	103
CA	0.851	-12.713	-7.316	103
C	0.337	-12.723	-8.759	103
N	-0.555	-13.668	-9.066	104
CA	-0.982	-13.935	-10.444	104
C	-1.741	-12.761	-11.078	104
N	-2.67	-12.14	-10.341	105
CA	-3.529	-11.056	-10.852	105
C	-2.667	-9.88	-11.324	105
N	-1.733	-9.441	-10.477	106
CA	-0.879	-8.303	-10.796	106
C	0.242	-8.657	-11.772	106
N	0.756	-9.891	-11.774	107
CA	1.709	-10.325	-12.799	107
C	1.075	-10.338	-14.194	107
N	-0.155	-10.842	-14.328	108
CA	-0.885	-10.804	-15.598	108
C	-1.144	-9.364	-16.035	108
N	-1.639	-8.515	-15.129	109
CA	-1.807	-7.095	-15.431	109
C	-0.486	-6.445	-15.871	109
N	0.622	-6.711	-15.165	110
CA	1.956	-6.201	-15.511	110
C	2.377	-6.655	-16.906	110
N	2.22	-7.936	-17.231	111
CA	2.557	-8.5	-18.545	111
C	1.808	-7.798	-19.687	111
N	0.512	-7.52	-19.516	112
CA	-0.271	-6.811	-20.532	112
C	0.024	-5.31	-20.599	112
N	0.318	-4.676	-19.463	113
CA	0.347	-3.221	-19.338	113
C	1.754	-2.608	-19.465	113
N	2.826	-3.387	-19.279	114
CA	4.192	-2.853	-19.156	114
C	4.635	-2.044	-20.383	114
N	4.268	-2.47	-21.592	115
CA	4.672	-1.825	-22.852	115
C	3.651	-0.801	-23.39	115
N	2.567	-0.544	-22.651	116
CA	1.495	0.368	-23.065	116
C	1.719	1.794	-22.542	116
N	1.067	2.781	-23.16	117
CA	1.062	4.157	-22.658	117
C	0.223	4.296	-21.365	117
N	0.451	5.339	-20.542	118
CA	-0.234	5.502	-19.258	118
C	-1.764	5.483	-19.309	118
N	-2.367	6.037	-20.362	119
CA	-3.818	6.065	-20.495	119
C	-4.356	4.662	-20.807	119
N	-3.709	3.946	-21.73	120
CA	-4.076	2.561	-22.051	120
C	-3.86	1.621	-20.861	120
N	-2.781	1.783	-20.079	121
CA	-2.591	1.049	-18.809	121
C	-3.77	1.264	-17.855	121
N	-4.223	2.513	-17.733	122
CA	-5.412	2.878	-16.965	122
C	-6.692	2.191	-17.446	122
N	-6.865	2.04	-18.76	123
CA	-7.98	1.287	-19.34	123
C	-7.866	-0.226	-19.111	123
N	-6.663	-0.8	-19.153	124
CA	-6.451	-2.206	-18.804	124
C	-6.832	-2.479	-17.343	124
N	-6.482	-1.566	-16.431	125
CA	-6.829	-1.672	-15.014	125
C	-8.345	-1.603	-14.807	125
N	-9.02	-0.624	-15.418	126
CA	-10.469	-0.45	-15.249	126
C	-11.299	-1.601	-15.822	126
N	-10.781	-2.295	-16.839	127
CA	-11.413	-3.472	-17.437	127
C	-11.04	-4.802	-16.757	127
N	-10.142	-4.805	-15.767	128
CA	-9.807	-6.022	-15.025	128
C	-10.906	-6.361	-14.015	128
N	-11.675	-7.413	-14.303	129
CA	-12.712	-7.913	-13.396	129
C	-12.128	-8.42	-12.073	129
N	-10.948	-9.038	-12.094	130
CA	-10.281	-9.55	-10.894	130
C	-9.851	-8.414	-9.961	130
N	-9.194	-7.377	-10.5	131
CA	-8.786	-6.203	-9.713	131
C	-10.022	-5.509	-9.137	131
N	-11.045	-5.301	-9.972	132
CA	-12.305	-4.678	-9.558	132
C	-13.041	-5.503	-8.506	132
N	-12.985	-6.831	-8.581	133
CA	-13.586	-7.732	-7.585	133
C	-12.906	-7.584	-6.228	133
N	-11.57	-7.533	-6.19	134
CA	-10.823	-7.298	-4.943	134
C	-11.145	-5.916	-4.377	134
N	-11.13	-4.874	-5.21	135
CA	-11.488	-3.512	-4.812	135
C	-12.916	-3.446	-4.238	135
N	-13.911	-3.926	-4.985	136
CA	-15.312	-3.895	-4.567	136
C	-15.634	-4.866	-3.426	136
N	-14.717	-5.768	-3.057	137
CA	-14.897	-6.623	-1.88	137
C	-15.051	-5.812	-0.593	137
N	-14.587	-4.557	-0.568	138
CA	-14.697	-3.633	0.564	138
C	-15.926	-2.715	0.491	138
N	-16.755	-2.851	-0.55	139
CA	-17.989	-2.079	-0.679	139
C	-18.965	-2.411	0.453	139
N	-19.557	-1.373	1.056	140
CA	-20.678	-1.555	1.983	140
C	-21.891	-1.994	1.168	140
N	-22.212	-3.286	1.178	141
CA	-23.453	-3.772	0.574	141
C	-24.644	-3.146	1.313	141
N	-25.303	-2.172	0.692	142
CA	-26.501	-1.52	1.23	142
C	-27.745	-1.994	0.477	142
N	-28.869	-2.086	1.2	143
CA	-30.197	-2.506	0.711	143
C	-30.673	-1.754	-0.526	143
N	-30.296	-0.491	-0.557	144
CA	-30.595	0.45	-1.593	144
C	-29.284	1.199	-1.789	144
N	-28.75	1.192	-3.009	145
CA	-28.139	2.409	-3.532	145
C	-29.287	3.424	-3.557	145
N	-29.648	3.952	-2.382	146
CA	-30.314	5.228	-2.343	146
C	-29.303	6.1	-3.062	146
N	-29.659	6.518	-4.271	147
CA	-29.138	7.709	-4.916	147
C	-29.363	8.848	-3.903	147
N	-28.589	8.882	-2.812	148
CA	-28.444	10.033	-1.936	148
C	-27.579	10.998	-2.743	148
N	-28.128	11.437	-3.875	149
CA	-27.719	12.622	-4.604	149
C	-28.149	13.796	-3.735	149
N	-27.447	14.052	-2.631	150
CA	-27.902	15.103	-1.719	150
C	-27.247	15.232	-0.35	150
N	-26.035	14.723	-0.137	151
CA	-25.149	15.294	0.882	151
C	-24.299	16.375	0.224	151
N	-24.045	17.487	0.911	152
CA	-23.141	18.564	0.479	152
C	-21.916	17.996	-0.246	152
N	-21.607	18.553	-1.432	153
CA	-20.475	18.218	-2.315	153
C	-19.576	17.131	-1.736	153
N	-19.711	15.875	-2.19	154
CA	-18.804	14.797	-1.777	154
C	-17.39	15.368	-1.753	154
N	-16.808	15.448	-0.558	155
CA	-15.475	15.994	-0.412	155
C	-14.564	15.131	-1.284	155
N	-14.033	15.711	-2.364	156
CA	-13.267	14.978	-3.367	156
C	-11.9	14.604	-2.788	156
N	-11.844	13.568	-1.962	157
CA	-10.589	13.014	-1.483	157
C	-9.891	12.25	-2.609	157
N	-8.577	12.426	-2.72	158
CA	-7.77	11.812	-3.765	158
C	-6.52	11.133	-3.21	158
N	-6.218	9.947	-3.741	159
CA	-5.027	9.174	-3.401	159
C	-3.935	9.383	-4.448	159
N	-2.724	9.66	-3.975	160
CA	-1.493	9.648	-4.774	160
C	-0.461	8.756	-4.101	160
N	0.541	8.309	-4.852	161
CA	1.669	7.569	-4.277	161
C	2.996	8.257	-4.559	161
N	3.918	8.172	-3.607	162
CA	5.315	8.564	-3.739	162
C	6.177	7.316	-3.817	162
N	7.032	7.231	-4.833	163
CA	7.859	6.047	-5.086	163
C	9.307	6.46	-5.357	163
N	10.301	5.86	-4.677	164
CA	11.702	6.0	-5.047	164
C	11.991	5.183	-6.316	164
N	12.513	5.826	-7.361	165
CA	12.916	5.171	-8.613	165
C	14.303	5.687	-8.996	165
N	15.304	4.809	-8.915	166
CA	16.706	5.202	-9.043	166
C	17.135	6.112	-7.888	166
N	17.626	7.312	-8.201	167
CA	18.078	8.311	-7.223	167
C	17.053	9.439	-6.988	167
N	15.811	9.254	-7.444	168
CA	14.764	10.28	-7.436	168
C	13.475	9.73	-6.857	168
N	12.667	10.615	-6.293	169
CA	11.333	10.295	-5.785	169
C	10.307	10.89	-6.731	169
N	9.327	10.076	-7.106	170
CA	8.26	10.455	-8.018	170
C	6.905	10.412	-7.33	170
N	6.095	11.438	-7.559	171
CA	4.664	11.414	-7.293	171
C	3.928	10.856	-8.507	171
N	3.173	9.787	-8.28	172
CA	2.322	9.147	-9.27	172
C	0.865	9.456	-8.918	172
N	0.34	10.497	-9.555	173
CA	-1.049	10.932	-9.441	173
C	-1.827	10.474	-10.678	173
N	-2.757	9.528	-10.518	174
CA	-3.532	8.982	-11.636	174
C	-4.369	10.013	-12.407	174
N	-4.655	11.187	-11.837	175
CA	-5.4	12.259	-12.507	175
C	-4.499	13.208	-13.313	175
N	-3.175	13.013	-13.283	176
CA	-2.213	13.81	-14.051	176
C	-1.754	13.12	-15.317	176
N	-1.299	13.944	-16.256	177
CA	-0.722	13.491	-17.517	177
C	0.606	12.746	-17.316	177
N	1.484	13.246	-16.439	178
CA	2.826	12.7	-16.218	178
C	3.154	12.543	-14.722	178
N	4.021	11.574	-14.362	179
CA	4.698	11.54	-13.07	179
C	5.408	12.861	-12.77	179
N	5.424	13.272	-11.502	180
CA	6.227	14.416	-11.068	180
C	7.449	13.951	-10.297	180
N	8.624	14.386	-10.723	181
CA	9.829	14.322	-9.91	181
C	9.733	15.35	-8.779	181
N	9.787	14.889	-7.532	182
CA	9.528	15.723	-6.346	182
C	10.726	15.841	-5.41	182
N	11.659	14.889	-5.454	183
CA	12.9	14.939	-4.688	183
C	14.013	14.127	-5.37	183
N	15.257	14.41	-4.997	184
CA	16.455	13.659	-5.379	184
C	17.219	13.272	-4.107	184
N	17.793	12.071	-4.082	185
CA	18.535	11.534	-2.943	185
C	19.778	10.773	-3.41	185
N	20.796	10.7	-2.553	186
CA	22.005	9.92	-2.837	186
C	21.8	8.446	-2.473	186
N	22.583	7.541	-3.07	187
CA	22.422	6.085	-2.895	187
C	22.554	5.629	-1.434	187
N	23.349	6.341	-0.642	188
CA	23.594	6.067	0.776	188
C	22.56	6.729	1.7	188
N	21.698	7.592	1.158	189
CA	20.674	8.306	1.908	189
C	19.335	7.589	1.812	189
N	18.586	7.659	2.902	190
CA	17.196	7.251	2.906	190
C	16.347	8.258	2.123	190
N	15.593	7.775	1.141	191
CA	14.734	8.619	0.315	191
C	13.611	9.285	1.126	191
N	13.234	8.707	2.277	192
CA	12.252	9.293	3.195	192
C	12.721	10.669	3.684	192
N	14.012	10.834	3.983	193
CA	14.565	12.125	4.413	193
C	14.51	13.174	3.295	193
N	14.672	12.753	2.037	194
CA	14.599	13.65	0.887	194
C	13.165	14.11	0.58	194
N	12.165	13.236	0.745	195
CA	10.76	13.574	0.462	195
C	10.065	14.282	1.632	195
N	10.594	14.15	2.851	196
CA	9.995	14.683	4.079	196
C	9.625	16.169	4.016	196
N	10.474	17.088	3.509	197
CA	10.093	18.494	3.361	197
C	8.889	18.701	2.431	197
N	8.785	17.909	1.357	198
CA	7.686	17.99	0.38	198
C	6.37	17.552	1.018	198
N	6.383	16.427	1.739	199
CA	5.197	15.92	2.438	199
C	4.768	16.881	3.545	199
N	5.708	17.406	4.335	200
CA	5.409	18.387	5.38	200
C	4.782	19.661	4.804	200
N	5.298	20.165	3.678	201
CA	4.715	21.317	2.991	201
C	3.278	21.03	2.527	201
N	3.01	19.828	2.001	202
CA	1.649	19.414	1.62	202
C	0.724	19.292	2.823	202
N	1.172	18.648	3.896	203
CA	0.404	18.527	5.137	203
C	0.041	19.903	5.71	203
N	0.965	20.871	5.683	204
CA	0.708	22.254	6.106	204
C	-0.315	22.961	5.211	204
N	-0.216	22.795	3.886	205
CA	-1.169	23.378	2.928	205
C	-2.608	22.901	3.173	205
N	-2.785	21.648	3.595	206
CA	-4.108	21.061	3.825	206
C	-4.59	21.128	5.28	206
N	-3.726	21.432	6.257	207
CA	-4.105	21.496	7.678	207
C	-4.719	22.831	8.112	207
N	-4.687	23.864	7.263	208
CA	-5.357	25.144	7.517	208
C	-6.89	24.976	7.508	208
N	-7.451	24.627	8.668	209
CA	-8.892	24.588	8.934	209
C	-9.371	23.259	9.515	209
N	-8.987	22.137	8.905	210
CA	-9.336	20.772	9.324	210
C	-8.218	19.801	8.907	210
N	-7.936	18.764	9.707	211
CA	-6.993	17.708	9.303	211
C	-7.712	16.801	8.301	211
N	-7.51	17.049	7.008	212
CA	-8.148	16.292	5.916	212
C	-7.13	15.497	5.094	212
N	-6.121	14.91	5.745	213
CA	-5.13	14.067	5.075	213
C	-4.844	12.779	5.847	213
N	-4.361	11.772	5.126	214
CA	-3.873	10.513	5.675	214
C	-2.598	10.102	4.93	214
N	-1.633	9.528	5.645	215
CA	-0.387	9.038	5.069	215
C	-0.158	7.595	5.515	215
N	0.162	6.734	4.559	216
CA	0.498	5.336	4.791	216
C	1.802	4.975	4.081	216
N	2.496	3.955	4.57	217
CA	3.707	3.41	3.974	217
C	3.482	1.975	3.504	217
N	3.964	1.65	2.302	218
CA	4.12	0.266	1.867	218
C	5.476	-0.244	2.352	218
N	5.453	-1.282	3.177	219
CA	6.633	-1.824	3.858	219
C	6.668	-3.351	3.733	219
N	7.818	-3.995	4.005	220
CA	7.895	-5.441	4.083	220
C	6.928	-5.965	5.138	220
N	6.473	-7.2	4.961	221
CA	5.685	-7.876	5.973	221
C	6.494	-7.961	7.279	221
N	6.041	-7.231	8.298	222
CA	6.77	-7.028	9.55	222
C	6.89	-8.327	10.324	222
N	5.85	-9.164	10.297	223
CA	5.893	-10.489	10.918	223
C	6.973	-11.357	10.279	223
N	7.008	-11.439	8.949	224
CA	8.02	-12.222	8.235	224
C	9.432	-11.725	8.57	224
N	9.663	-10.404	8.579	225
CA	10.961	-9.834	8.979	225
C	11.349	-10.163	10.42	225
N	10.414	-10.07	11.365	226
CA	10.671	-10.44	12.76	226
C	10.973	-11.938	12.909	226
N	10.298	-12.795	12.139	227
CA	10.552	-14.236	12.12	227
C	11.935	-14.559	11.544	227
N	12.325	-13.939	10.426	228
CA	13.674	-14.056	9.849	228
C	14.756	-13.636	10.86	228
N	14.566	-12.496	11.537	229
CA	15.485	-12.026	12.581	229
C	15.568	-13.007	13.754	229
N	14.431	-13.553	14.184	230
CA	14.367	-14.496	15.296	230
C	15.055	-15.819	14.958	230
N	14.839	-16.354	13.756	231
CA	15.507	-17.569	13.282	231
C	17.03	-17.397	13.266	231
N	17.519	-16.246	12.795	232
CA	18.945	-15.919	12.809	232
C	19.515	-15.834	14.238	232
N	18.794	-15.216	15.184	233
CA	19.234	-15.157	16.584	233
C	19.251	-16.536	17.243	233
N	18.246	-17.379	16.993	234
CA	18.201	-18.748	17.527	234
C	19.402	-19.561	17.032	234
N	19.764	-19.434	15.752	235
CA	20.932	-20.118	15.191	235
C	22.255	-19.629	15.797	235
N	22.349	-18.346	16.157	236
CA	23.535	-17.757	16.778	236
C	23.611	-17.951	18.308	236
N	22.546	-18.444	18.952	237
CA	22.419	-18.511	20.411	237
C	23.142	-19.723	21.034	237
N	24.426	-19.917	20.722	238
CA	25.209	-21.078	21.181	238
C	25.365	-21.143	22.715	238
N	25.378	-19.988	23.395	239
CA	25.636	-19.871	24.838	239
C	24.422	-19.399	25.663	239
N	23.208	-19.403	25.099	240
CA	21.988	-18.861	25.729	240
C	22.057	-17.365	26.116	240
N	23.008	-16.607	25.57	241
CA	23.172	-15.176	25.864	241
C	22.123	-14.296	25.159	241
N	21.397	-14.847	24.177	242
CA	20.435	-14.111	23.351	242
C	18.967	-14.326	23.762	242
N	18.711	-14.974	24.905	243
CA	17.351	-15.312	25.363	243
C	16.439	-14.082	25.5	243
N	16.961	-12.965	26.013	244
CA	16.196	-11.722	26.175	244
C	15.776	-11.136	24.818	244
N	16.69	-11.074	23.84	245
CA	16.357	-10.548	22.51	245
C	15.381	-11.463	21.759	245
N	15.51	-12.783	21.929	246
CA	14.554	-13.752	21.382	246
C	13.171	-13.567	22.029	246
N	13.102	-13.3	23.336	247
CA	11.842	-13.028	24.026	247
C	11.178	-11.731	23.527	247
N	11.961	-10.676	23.301	248
CA	11.471	-9.409	22.754	248
C	10.932	-9.558	21.325	248
N	11.628	-10.307	20.46	249
CA	11.134	-10.61	19.113	249
C	9.84	-11.426	19.152	249
N	9.747	-12.435	20.022	250
CA	8.514	-13.208	20.196	250
C	7.334	-12.323	20.61	250
N	7.567	-11.37	21.516	251
CA	6.549	-10.396	21.91	251
C	6.144	-9.499	20.738	251
N	7.104	-8.996	19.964	252
CA	6.82	-8.172	18.79	252
C	6.023	-8.936	17.714	252
N	6.32	-10.224	17.507	253
CA	5.554	-11.104	16.611	253
C	4.114	-11.261	17.117	253
N	3.926	-11.471	18.423	254
CA	2.598	-11.595	19.021	254
C	1.771	-10.301	18.893	254
N	2.403	-9.137	19.066	255
CA	1.763	-7.833	18.864	255
C	1.328	-7.643	17.398	255
N	2.164	-8.068	16.445	256
CA	1.856	-8.005	15.013	256
C	0.704	-8.949	14.633	256
N	0.689	-10.17	15.175	257
CA	-0.409	-11.125	14.989	257
C	-1.733	-10.592	15.544	257
N	-1.699	-9.975	16.727	258
CA	-2.875	-9.335	17.305	258
C	-3.399	-8.203	16.41	258
N	-2.51	-7.349	15.886	259
CA	-2.878	-6.266	14.961	259
C	-3.536	-6.81	13.688	259
N	-2.949	-7.832	13.066	260
CA	-3.494	-8.451	11.85	260
C	-4.86	-9.101	12.086	260
N	-5.071	-9.718	13.249	261
CA	-6.382	-10.253	13.625	261
C	-7.428	-9.14	13.811	261
N	-7.032	-7.985	14.352	262
CA	-7.921	-6.825	14.464	262
C	-8.303	-6.257	13.093	262
N	-7.354	-6.141	12.157	263
CA	-7.65	-5.773	10.766	263
C	-8.596	-6.769	10.107	263
N	-8.37	-8.073	10.293	264
CA	-9.257	-9.111	9.762	264
C	-10.683	-8.963	10.293	264
N	-10.852	-8.73	11.598	265
CA	-12.17	-8.499	12.212	265
C	-12.852	-7.259	11.648	265
N	-12.13	-6.151	11.512	266
CA	-12.694	-4.917	10.964	266
C	-13.067	-5.07	9.49	266
N	-12.202	-5.68	8.687	267
CA	-12.502	-5.937	7.286	267
C	-13.692	-6.887	7.136	267
N	-13.817	-7.921	7.972	268
CA	-15.031	-8.74	8.001	268
C	-16.287	-7.904	8.29	268
N	-16.211	-6.895	9.171	269
CA	-17.323	-5.961	9.406	269
C	-17.613	-5.103	8.174	269
N	-16.59	-4.567	7.497	270
CA	-16.729	-3.756	6.268	270
C	-17.382	-4.538	5.122	270
N	-17.031	-5.822	4.977	271
CA	-17.565	-6.724	3.939	271
C	-18.937	-7.324	4.277	271
N	-19.372	-7.263	5.537	272
CA	-20.603	-7.923	5.966	272
C	-21.847	-7.14	5.541	272
N	-22.777	-7.828	4.881	273
CA	-24.065	-7.253	4.534	273
C	-25.035	-7.32	5.723	273
N	-25.143	-6.224	6.474	274
CA	-26.058	-6.117	7.619	274
C	-27.543	-6.025	7.229	274
N	-27.873	-5.954	5.936	275
CA	-29.251	-5.864	5.423	275
C	-30.21	-6.888	6.03	275
N	-29.92	-8.207	6.004	276
CA	-30.879	-9.194	6.488	276
C	-31.122	-9.038	7.989	276
N	-30.069	-8.698	8.74	277
CA	-30.162	-8.404	10.164	277
C	-31.038	-7.175	10.432	277
N	-30.827	-6.07	9.709	278
CA	-31.622	-4.84	9.863	278
C	-33.097	-5.092	9.547	278
N	-33.403	-5.829	8.474	279
CA	-34.787	-6.183	8.121	279
C	-35.435	-7.017	9.223	279
N	-34.732	-8.023	9.738	280
CA	-35.3	-8.888	10.767	280
C	-35.489	-8.138	12.088	280
N	-34.535	-7.28	12.456	281
CA	-34.669	-6.374	13.59	281
C	-35.897	-5.465	13.435	281
N	-36.102	-4.868	12.257	282
CA	-37.285	-4.047	11.975	282
C	-38.589	-4.843	12.106	282
N	-38.637	-6.085	11.609	283
CA	-39.815	-6.957	11.755	283
C	-40.11	-7.288	13.215	283
N	-39.087	-7.577	14.021	284
CA	-39.244	-7.847	15.457	284
C	-39.796	-6.603	16.16	284
N	-39.204	-5.431	15.917	285
CA	-39.673	-4.168	16.493	285
C	-41.112	-3.83	16.079	285
N	-41.515	-4.163	14.849	286
CA	-42.885	-3.972	14.38	286
C	-43.866	-4.902	15.107	286
N	-43.517	-6.188	15.256	287
CA	-44.322	-7.174	16.0	287
C	-44.496	-6.789	17.468	287
N	-43.472	-6.195	18.074	288
CA	-43.525	-5.695	19.451	288
C	-44.226	-4.331	19.587	288
N	-44.71	-3.734	18.491	289
CA	-45.35	-2.414	18.502	289
C	-44.397	-1.252	18.817	289
N	-43.079	-1.487	18.802	290
CA	-42.044	-0.5	19.157	290
C	-41.512	0.276	17.956	290
N	-41.62	-0.277	16.744	291
CA	-40.979	0.294	15.554	291
C	-41.408	1.742	15.287	291
N	-42.715	2.023	15.246	292
CA	-43.234	3.365	14.916	292
C	-42.733	4.403	15.919	292
N	-42.869	4.129	17.222	293
CA	-42.399	5.048	18.261	293
C	-40.886	5.289	18.215	293
N	-40.088	4.263	17.896	294
CA	-38.638	4.415	17.73	294
C	-38.273	5.238	16.489	294
N	-38.972	5.032	15.371	295
CA	-38.77	5.803	14.136	295
C	-39.16	7.266	14.343	295
N	-40.285	7.535	15.006	296
CA	-40.725	8.896	15.325	296
C	-39.718	9.607	16.237	296
N	-39.227	8.921	17.274	297
CA	-38.195	9.456	18.163	297
C	-36.892	9.753	17.409	297
N	-36.452	8.843	16.534	298
CA	-35.268	9.048	15.706	298
C	-35.446	10.235	14.745	298
N	-36.638	10.394	14.162	299
CA	-36.966	11.519	13.291	299
C	-36.938	12.859	14.042	299
N	-37.521	12.934	15.246	300
CA	-37.464	14.153	16.063	300
C	-36.029	14.486	16.485	300
N	-35.251	13.492	16.924	301
CA	-33.848	13.686	17.289	301
C	-33.0	14.181	16.102	301
N	-33.206	13.624	14.903	302
CA	-32.536	14.088	13.688	302
C	-32.906	15.544	13.35	302
N	-34.183	15.916	13.51	303
CA	-34.686	17.28	13.285	303
C	-34.157	18.293	14.307	303
N	-33.948	17.893	15.558	304
CA	-33.3	18.739	16.57	304
C	-31.816	18.939	16.257	304
N	-31.119	17.865	15.867	305
CA	-29.708	17.927	15.471	305
C	-29.489	18.813	14.242	305
N	-30.377	18.754	13.245	306
CA	-30.259	19.597	12.049	306
C	-30.408	21.09	12.361	306
N	-31.25	21.462	13.34	307
CA	-31.397	22.859	13.79	307
C	-30.135	23.377	14.484	307
N	-29.501	22.547	15.318	308
CA	-28.253	22.898	16.006	308
C	-27.095	23.128	15.022	308
N	-26.979	22.298	13.979	309
CA	-25.923	22.45	12.97	309
C	-26.039	23.765	12.176	309
N	-27.253	24.271	11.925	310
CA	-27.451	25.569	11.251	310
C	-27.119	26.791	12.112	310
N	-27.154	26.675	13.443	311
CA	-26.896	27.816	14.333	311
C	-25.393	28.083	14.534	311
N	-24.531	27.067	14.39	312
CA	-23.07	27.226	14.524	312
C	-22.492	28.106	13.4	312
N	-23.104	28.125	12.211	313
CA	-22.644	28.956	11.083	313
C	-22.906	30.46	11.276	313
N	-23.655	30.871	12.313	314
CA	-24.021	32.278	12.58	314
C	-23.276	32.924	13.753	314
N	-22.096	32.431	14.123	315
CA	-21.216	33.168	15.036	315
C	-20.571	34.351	14.296	315
N	-21.332	35.441	14.16	316
CA	-20.823	36.733	13.707	316
C	-19.692	37.183	14.643	316
N	-18.471	37.21	14.104	317
CA	-17.281	37.75	14.751	317
C	-17.578	39.173	15.239	317
N	-17.791	39.319	16.553	318
CA	-17.95	40.613	17.223	318
C	-16.792	41.526	16.823	318
N	-17.099	42.551	16.024	319
CA	-16.171	43.633	15.69	319
C	-15.75	44.315	16.992	319
N	-14.448	44.273	17.289	320
CA	-13.832	45.064	18.361	320
C	-14.128	46.542	18.082	320
N	-14.758	47.211	19.047	321
CA	-14.885	48.671	19.078	321
C	-13.537	49.317	19.371	321
