ATOM	X	Y	Z	RESIDUE
N	-4.686	36.136	8.63	1
CA	-3.561	37.059	8.311	1
C	-3.901	37.94	7.141	1
N	-3.389	39.156	7.16	2
CA	-3.452	40.018	5.987	2
C	-2.333	39.689	5.001	2
N	-2.464	40.208	3.785	3
CA	-1.525	39.926	2.715	3
C	-0.255	40.772	2.882	3
N	-0.352	41.856	3.62	4
CA	0.666	42.879	3.683	4
C	0.975	43.359	5.11	4
N	1.166	42.451	6.042	5
CA	1.477	42.815	7.397	5
C	2.834	43.425	7.434	5
N	3.002	44.489	8.173	6
CA	4.247	45.204	8.276	6
C	5.424	44.312	8.623	6
N	5.258	43.479	9.649	7
CA	6.358	42.647	10.106	7
C	6.693	41.508	9.108	7
N	5.672	40.999	8.442	8
CA	5.869	40.045	7.367	8
C	6.659	40.666	6.242	8
N	6.369	41.917	5.931	9
CA	7.056	42.589	4.848	9
C	8.571	42.684	5.103	9
N	8.963	43.115	6.296	10
CA	10.39	43.287	6.597	10
C	11.11	41.927	6.7	10
N	10.401	40.907	7.174	11
CA	10.979	39.584	7.259	11
C	11.187	39.057	5.864	11
N	10.151	39.141	5.032	12
CA	10.241	38.626	3.657	12
C	11.319	39.316	2.872	12
N	11.503	40.616	3.092	13
CA	12.572	41.384	2.418	13
C	13.946	40.779	2.686	13
N	14.157	40.366	3.92	14
CA	15.409	39.816	4.311	14
C	15.587	38.442	3.694	14
N	14.532	37.642	3.734	15
CA	14.602	36.286	3.205	15
C	14.881	36.296	1.7	15
N	14.222	37.204	0.993	16
CA	14.484	37.451	-0.423	16
C	15.938	37.857	-0.717	16
N	16.467	38.792	0.045	17
CA	17.887	39.138	-0.013	17
C	18.735	37.895	0.003	17
N	18.427	37.0	0.939	18
CA	19.152	35.724	1.103	18
C	18.807	34.642	0.102	18
N	17.906	34.925	-0.832	19
CA	17.492	33.938	-1.832	19
C	16.609	32.817	-1.296	19
N	15.981	33.036	-0.143	20
CA	15.108	32.038	0.479	20
C	13.637	32.273	0.083	20
N	13.06	31.262	-0.557	21
CA	11.718	31.307	-1.105	21
C	10.761	30.393	-0.406	21
N	11.29	29.523	0.435	22
CA	10.48	28.545	1.142	22
C	11.07	28.273	2.467	22
N	10.209	27.9	3.379	23
CA	10.613	27.553	4.727	23
C	9.713	26.447	5.228	23
N	10.314	25.4	5.791	24
CA	9.553	24.369	6.494	24
C	9.286	24.839	7.917	24
N	7.999	25.014	8.266	25
CA	7.603	25.721	9.475	25
C	7.062	24.774	10.54	25
N	6.842	23.516	10.187	26
CA	6.495	22.514	11.191	26
C	5.109	22.753	11.732	26
N	5.032	22.916	13.055	27
CA	3.778	23.187	13.764	27
C	3.484	24.676	13.948	27
N	4.37	25.558	13.477	28
CA	4.188	26.982	13.727	28
C	2.985	27.475	12.992	28
N	2.452	28.592	13.438	29
CA	1.408	29.288	12.719	29
C	1.938	29.772	11.377	29
N	1.127	29.613	10.327	30
CA	1.53	29.906	8.959	30
C	1.45	31.395	8.638	30
N	2.355	32.179	9.219	31
CA	2.371	33.611	9.051	31
C	3.793	34.061	9.324	31
N	4.39	34.838	8.421	32
CA	5.764	35.326	8.633	32
C	5.828	36.178	9.859	32
N	4.703	36.775	10.242	33
CA	4.686	37.631	11.435	33
C	4.806	36.795	12.683	33
N	4.174	35.623	12.664	34
CA	4.238	34.655	13.771	34
C	5.648	34.092	13.872	34
N	6.274	33.865	12.751	35
CA	7.598	33.322	12.775	35
C	8.53	34.381	13.285	35
N	8.355	35.613	12.811	36
CA	9.224	36.714	13.245	36
C	9.178	36.864	14.746	36
N	7.983	36.795	15.317	37
CA	7.831	36.934	16.741	37
C	8.638	35.876	17.472	37
N	8.556	34.63	17.011	38
CA	9.278	33.555	17.68	38
C	10.792	33.732	17.514	38
N	11.19	34.316	16.405	39
CA	12.595	34.485	16.136	39
C	13.131	35.597	16.992	39
N	12.328	36.635	17.196	40
CA	12.759	37.801	17.954	40
C	12.729	37.567	19.452	40
N	11.765	36.789	19.928	41
CA	11.535	36.655	21.366	41
C	11.909	35.287	21.954	41
N	11.76	34.192	21.191	42
CA	11.717	32.826	21.784	42
C	12.863	31.893	21.407	42
N	13.937	32.42	20.828	43
CA	15.074	31.579	20.403	43
C	14.773	30.548	19.275	43
N	14.019	30.985	18.27	44
CA	13.836	30.224	17.042	44
C	14.721	30.802	15.938	44
N	15.092	29.987	14.971	45
CA	15.675	30.518	13.766	45
C	15.616	29.497	12.673	45
N	16.461	29.681	11.678	46
CA	16.497	28.829	10.517	46
C	17.615	27.791	10.612	46
N	17.299	26.581	10.179	47
CA	18.267	25.54	10.02	47
C	18.322	25.104	8.546	47
N	19.527	24.981	8.022	48
CA	19.721	24.617	6.658	48
C	19.589	23.131	6.51	48
N	18.63	22.723	5.728	49
CA	18.268	21.344	5.603	49
C	17.152	21.164	4.603	49
N	17.207	20.062	3.922	50
CA	16.3	19.794	2.824	50
C	15.062	19.025	3.307	50
N	13.883	19.567	3.044	51
CA	12.635	18.95	3.433	51
C	11.652	19.044	2.3	51
N	10.648	18.206	2.343	52
CA	9.547	18.352	1.454	52
C	8.37	18.658	2.336	52
N	7.297	19.165	1.779	53
CA	6.126	19.374	2.584	53
C	5.053	19.875	1.694	53
N	3.917	20.184	2.268	54
CA	2.831	20.676	1.465	54
C	2.756	22.149	1.684	54
N	2.392	22.887	0.651	55
CA	2.233	24.328	0.75	55
C	1.085	24.697	1.66	55
N	1.388	25.443	2.717	56
CA	0.374	25.894	3.629	56
C	-0.102	27.286	3.257	56
N	0.835	28.183	2.978	57
CA	0.51	29.552	2.612	57
C	1.723	30.145	1.935	57
N	1.493	31.177	1.131	58
CA	2.567	31.955	0.568	58
C	2.429	33.414	0.996	58
N	3.431	33.911	1.705	59
CA	3.336	35.201	2.422	59
C	4.439	36.073	1.896	59
N	4.07	37.15	1.244	60
CA	5.018	38.012	0.605	60
C	5.97	37.182	-0.238	60
N	5.42	36.227	-0.972	61
CA	6.169	35.392	-1.905	61
C	7.02	34.309	-1.264	61
N	6.964	34.174	0.061	62
CA	7.704	33.109	0.719	62
C	6.74	31.984	0.939	62
N	7.051	30.811	0.404	63
CA	6.248	29.63	0.653	63
C	6.509	29.046	2.037	63
N	5.427	28.822	2.787	64
CA	5.528	28.201	4.112	64
C	4.945	26.836	4.033	64
N	5.776	25.835	4.288	65
CA	5.393	24.474	4.028	65
C	5.526	23.63	5.236	65
N	4.768	22.546	5.255	66
CA	4.779	21.664	6.392	66
C	4.239	20.277	6.028	66
N	4.502	19.293	6.883	67
CA	3.988	17.932	6.671	67
C	4.704	17.244	5.524	67
N	3.925	16.695	4.59	68
CA	4.491	16.002	3.433	68
C	3.796	16.412	2.155	68
N	4.557	16.426	1.063	69
CA	4.025	16.872	-0.213	69
C	5.102	17.204	-1.215	69
N	4.725	17.946	-2.241	70
CA	5.552	18.05	-3.437	70
C	6.494	19.241	-3.421	70
N	6.4	20.086	-2.394	71
CA	7.229	21.272	-2.329	71
C	8.522	20.929	-1.585	71
N	9.562	21.68	-1.852	72
CA	10.845	21.532	-1.181	72
C	11.156	22.826	-0.465	72
N	11.836	22.754	0.676	73
CA	12.509	23.932	1.261	73
C	13.934	23.546	1.551	73
N	14.81	24.542	1.69	74
CA	16.227	24.346	2.071	74
C	16.515	24.88	3.46	74
N	15.488	25.464	4.092	75
CA	15.595	26.059	5.419	75
C	14.37	25.667	6.221	75
N	14.62	25.225	7.451	76
CA	13.582	24.821	8.363	76
C	13.55	25.768	9.555	76
N	12.357	26.223	9.92	77
CA	12.219	27.157	11.02	77
C	12.109	26.362	12.307	77
N	13.01	26.582	13.244	78
CA	12.842	25.958	14.548	78
C	13.723	26.428	15.675	78
N	13.452	25.835	16.829	79
CA	14.062	26.189	18.085	79
C	15.57	26.019	17.966	79
N	16.341	27.011	18.407	80
CA	17.81	26.923	18.372	80
C	18.422	27.179	17.009	80
N	17.599	27.494	16.01	81
CA	18.099	27.91	14.71	81
C	18.732	29.304	14.737	81
N	19.391	29.681	13.64	82
CA	20.046	30.974	13.555	82
C	19.056	32.048	13.218	82
N	19.211	33.199	13.839	83
CA	18.416	34.377	13.576	83
C	18.876	35.103	12.352	83
N	17.97	35.769	11.671	84
CA	18.39	36.726	10.644	84
C	17.925	38.105	11.056	84
N	18.765	39.103	10.818	85
CA	18.455	40.485	11.137	85
C	17.336	40.991	10.269	85
N	16.374	41.67	10.871	86
CA	15.371	42.358	10.087	86
C	15.191	43.794	10.566	86
N	14.775	44.669	9.671	87
CA	14.639	46.045	10.052	87
C	13.298	46.241	10.731	87
N	13.317	46.278	12.046	88
CA	12.092	46.338	12.809	88
C	11.365	47.661	12.538	88
N	10.08	47.584	12.193	89
CA	9.289	48.747	11.821	89
C	9.138	49.821	12.934	89
N	9.275	51.09	12.581	90
CA	9.037	52.143	13.548	90
C	7.533	52.291	13.768	90
N	6.801	52.181	12.69	91
CA	5.395	52.461	12.685	91
C	4.644	51.201	12.344	91
N	3.374	51.125	12.763	92
CA	2.745	52.168	13.54	92
C	3.085	52.073	15.024	92
N	2.814	53.16	15.75	93
CA	3.07	53.243	17.187	93
C	1.784	53.265	17.935	93
N	1.688	52.415	18.938	94
CA	0.545	52.354	19.808	94
C	1.02	52.856	21.163	94
N	0.401	53.914	21.652	95
CA	0.873	54.599	22.857	95
C	-0.198	54.518	23.893	95
N	0.122	53.901	25.02	96
CA	-0.776	53.908	26.171	96
C	-0.351	55.025	27.113	96
N	-1.244	55.995	27.287	97
CA	-0.932	57.193	28.081	97
C	-1.418	57.017	29.511	97
N	-0.489	56.699	30.392	98
CA	-0.811	56.501	31.791	98
C	-0.382	57.686	32.664	98
N	-0.149	58.844	32.062	99
CA	0.001	60.09	32.825	99
C	-1.06	60.263	33.915	99
N	-2.305	59.893	33.635	100
CA	-3.407	60.064	34.587	100
C	-3.434	59.076	35.789	100
N	-2.493	58.127	35.867	101
CA	-2.693	56.927	36.683	101
C	-3.082	57.263	38.126	101
N	-2.401	58.232	38.715	102
CA	-2.636	58.6	40.108	102
C	-3.97	59.329	40.359	102
N	-4.679	59.708	39.303	103
CA	-6.013	60.298	39.425	103
C	-7.115	59.23	39.42	103
N	-6.772	57.97	39.127	104
CA	-7.764	56.917	39.0	104
C	-8.137	56.381	40.37	104
N	-9.377	55.976	40.527	105
CA	-9.729	55.219	41.706	105
C	-9.135	53.793	41.621	105
N	-9.377	52.99	42.645	106
CA	-8.62	51.758	42.835	106
C	-9.061	50.683	41.858	106
N	-10.369	50.598	41.596	107
CA	-10.912	49.697	40.594	107
C	-10.352	50.045	39.203	107
N	-10.379	51.335	38.876	108
CA	-9.846	51.827	37.608	108
C	-8.351	51.515	37.44	108
N	-7.561	51.79	38.469	109
CA	-6.14	51.428	38.449	109
C	-5.918	49.934	38.147	109
N	-6.749	49.09	38.755	110
CA	-6.53	47.657	38.671	110
C	-6.887	47.185	37.277	110
N	-8.092	47.51	36.809	111
CA	-8.46	47.261	35.411	111
C	-7.36	47.718	34.489	111
N	-6.985	48.966	34.62	112
CA	-6.011	49.557	33.71	112
C	-4.733	48.747	33.637	112
N	-4.231	48.291	34.766	113
CA	-2.946	47.554	34.741	113
C	-3.09	46.19	34.074	113
N	-4.285	45.611	34.219	114
CA	-4.569	44.325	33.61	114
C	-4.679	44.511	32.1	114
N	-5.423	45.548	31.687	115
CA	-5.551	45.901	30.289	115
C	-4.204	46.197	29.647	115
N	-3.354	46.912	30.337	116
CA	-2.072	47.196	29.769	116
C	-1.315	45.928	29.5	116
N	-1.266	45.047	30.48	117
CA	-0.582	43.774	30.321	117
C	-1.113	42.953	29.144	117
N	-2.44	42.89	29.017	118
CA	-3.098	42.287	27.88	118
C	-2.693	42.878	26.532	118
N	-2.355	44.17	26.512	119
CA	-1.876	44.843	25.308	119
C	-0.591	44.231	24.819	119
N	0.253	43.738	25.724	120
CA	1.457	43.065	25.288	120
C	1.122	41.805	24.47	120
N	0.052	41.094	24.842	121
CA	-0.382	39.902	24.049	121
C	-0.979	40.301	22.723	121
N	-1.77	41.355	22.722	122
CA	-2.274	41.908	21.484	122
C	-1.155	42.374	20.549	122
N	-0.24	43.193	21.033	123
CA	0.797	43.73	20.125	123
C	1.594	42.59	19.472	123
N	1.774	41.531	20.216	124
CA	2.521	40.384	19.732	124
C	1.792	39.544	18.689	124
N	0.491	39.733	18.588	125
CA	-0.331	39.119	17.59	125
C	-0.196	39.811	16.231	125
N	0.113	41.103	16.242	126
CA	0.146	41.874	15.005	126
C	1.542	42.371	14.65	126
N	2.237	42.933	15.632	127
CA	3.53	43.516	15.391	127
C	4.549	42.902	16.316	127
N	5.246	43.71	17.096	128
CA	6.07	43.213	18.165	128
C	6.117	44.219	19.294	128
N	6.67	43.814	20.429	129
CA	6.767	44.661	21.618	129
C	7.131	46.11	21.312	129
N	8.019	46.31	20.357	130
CA	8.704	47.612	20.19	130
C	7.795	48.664	19.595	130
N	6.625	48.237	19.155	131
CA	5.621	49.115	18.595	131
C	4.653	49.567	19.657	131
N	4.873	49.152	20.872	132
CA	4.06	49.532	21.976	132
C	4.889	50.427	22.877	132
N	4.285	51.543	23.267	133
CA	4.874	52.491	24.193	133
C	3.872	52.746	25.312	133
N	4.359	52.65	26.543	134
CA	3.596	53.045	27.73	134
C	4.215	54.261	28.339	134
N	3.404	55.267	28.503	135
CA	3.917	56.511	28.971	135
C	3.205	57.01	30.185	135
N	3.978	57.45	31.143	136
CA	3.379	58.077	32.291	136
C	4.03	57.669	33.557	136
N	4.818	56.611	33.502	137
CA	5.533	56.096	34.656	137
C	6.755	55.399	34.209	137
N	7.914	55.872	34.621	138
CA	9.18	55.33	34.182	138
C	9.621	53.985	34.785	138
N	8.997	53.553	35.875	139
CA	9.422	52.344	36.587	139
C	8.954	50.997	35.995	139
N	7.685	50.921	35.622	140
CA	7.038	49.738	35.079	140
C	7.802	48.953	34.02	140
N	7.489	47.669	33.875	141
CA	8.158	46.824	32.894	141
C	7.24	45.708	32.409	141
N	7.16	45.714	31.072	142
CA	6.208	45.019	30.228	142
C	6.879	44.471	28.966	142
N	7.431	43.28	29.044	143
CA	8.207	42.745	27.962	143
C	9.203	43.742	27.467	143
N	9.302	43.867	26.156	144
CA	10.202	44.804	25.504	144
C	9.567	46.082	24.984	144
N	8.403	46.401	25.492	145
CA	7.732	47.613	25.122	145
C	8.558	48.821	25.546	145
N	8.351	49.958	24.895	146
CA	9.038	51.202	25.299	146
C	8.323	51.842	26.478	146
N	9.073	52.076	27.545	147
CA	8.527	52.648	28.776	147
C	9.18	53.997	29.035	147
N	8.39	55.059	28.976	148
CA	8.909	56.397	29.192	148
C	8.027	57.174	30.136	148
N	8.621	58.179	30.775	149
CA	7.876	59.06	31.65	149
C	7.12	60.107	30.874	149
N	7.775	60.665	29.863	150
CA	7.164	61.688	29.036	150
C	7.2	61.327	27.567	150
N	6.266	61.892	26.815	151
CA	6.128	61.594	25.394	151
C	7.206	62.27	24.549	151
N	7.918	61.465	23.785	152
CA	8.901	61.945	22.832	152
C	8.273	61.865	21.438	152
N	8.264	62.966	20.708	153
CA	7.468	63.048	19.497	153
C	8.356	63.425	18.348	153
N	8.404	62.577	17.32	154
CA	9.255	62.831	16.171	154
C	8.558	63.643	15.055	154
N	9.396	64.245	14.213	155
CA	8.993	64.904	12.963	155
C	7.934	64.167	12.167	155
N	7.975	62.84	12.231	156
CA	7.21	61.997	11.329	156
C	5.994	61.387	11.973	156
N	5.874	61.499	13.295	157
CA	4.719	60.972	14.001	157
C	3.526	61.73	13.592	157
N	2.459	61.037	13.286	158
CA	1.235	61.7	12.895	158
C	0.071	61.17	13.72	158
N	-0.056	61.66	14.975	159
CA	-0.821	60.997	16.019	159
C	-2.277	61.313	15.959	159
N	-3.09	60.375	16.408	160
CA	-4.466	60.673	16.725	160
C	-4.746	60.167	18.137	160
N	-5.714	60.779	18.815	161
CA	-6.044	60.441	20.184	161
C	-7.388	59.728	20.168	161
N	-7.44	58.567	20.795	162
CA	-8.672	57.828	20.876	162
C	-9.451	58.279	22.077	162
N	-10.657	58.753	21.822	163
CA	-11.434	59.481	22.807	163
C	-12.923	59.263	22.52	163
N	-13.625	58.552	23.412	164
CA	-15.081	58.345	23.26	164
C	-15.848	59.639	23.056	164
N	-15.279	60.735	23.532	165
CA	-15.936	62.024	23.48	165
C	-15.221	62.964	22.519	165
N	-14.346	62.415	21.675	166
CA	-13.748	63.189	20.598	166
C	-14.823	63.698	19.664	166
N	-14.468	64.604	18.764	167
CA	-15.448	65.175	17.843	167
C	-15.367	64.556	16.447	167
N	-14.241	63.928	16.129	168
CA	-14.093	63.216	14.871	168
C	-14.562	61.775	15.069	168
N	-15.309	61.254	14.106	169
CA	-15.73	59.859	14.136	169
C	-14.714	59.032	13.361	169
N	-14.265	57.923	13.932	170
CA	-13.256	57.131	13.265	170
C	-13.835	56.477	12.005	170
N	-13.075	56.543	10.925	171
CA	-13.365	55.788	9.729	171
C	-12.16	54.921	9.426	171
N	-12.333	54.013	8.482	172
CA	-11.257	53.141	8.045	172
C	-10.055	53.975	7.624	172
N	-10.302	55.03	6.867	173
CA	-9.205	55.759	6.276	173
C	-8.546	56.682	7.291	173
N	-9.328	57.272	8.19	174
CA	-8.709	58.057	9.262	174
C	-7.614	57.229	9.924	174
N	-7.935	55.974	10.215	175
CA	-6.994	55.09	10.878	175
C	-5.808	54.71	10.022	175
N	-6.04	54.392	8.748	176
CA	-4.939	53.971	7.887	176
C	-4.034	55.155	7.616	176
N	-4.609	56.343	7.619	177
CA	-3.845	57.544	7.341	177
C	-3.027	58.064	8.498	177
N	-3.147	57.485	9.681	178
CA	-2.353	57.935	10.803	178
C	-1.371	56.881	11.223	178
N	-0.278	57.261	11.844	179
CA	0.744	56.257	12.171	179
C	1.066	56.125	13.664	179
N	0.405	56.931	14.488	180
CA	0.6	56.908	15.955	180
C	-0.773	57.042	16.635	180
N	-1.07	56.136	17.563	181
CA	-2.398	56.066	18.224	181
C	-2.276	56.133	19.719	181
N	-2.919	57.143	20.313	182
CA	-2.814	57.419	21.728	182
C	-4.126	57.046	22.422	182
N	-3.999	56.137	23.396	183
CA	-5.09	55.675	24.254	183
C	-4.729	55.938	25.718	183
N	-5.487	56.816	26.359	184
CA	-5.31	57.088	27.786	184
C	-6.278	56.269	28.602	184
N	-6.484	56.68	29.846	185
CA	-7.396	55.995	30.758	185
C	-8.772	56.647	30.836	185
N	-9.733	55.909	31.365	186
CA	-11.078	56.409	31.581	186
C	-11.175	57.076	32.92	186
N	-11.497	58.35	32.904	187
CA	-11.543	59.104	34.131	187
C	-12.947	59.557	34.435	187
N	-13.766	58.659	34.948	188
CA	-15.076	59.034	35.437	188
C	-16.046	59.24	34.321	188
N	-17.016	58.337	34.226	189
CA	-18.07	58.41	33.214	189
C	-17.581	58.534	31.776	189
N	-16.436	57.944	31.473	190
CA	-16.056	57.807	30.084	190
C	-14.936	58.594	29.459	190
N	-14.791	59.882	29.717	191
CA	-13.741	60.49	28.955	191
C	-12.459	59.788	29.224	191
N	-11.617	59.858	28.236	192
CA	-10.336	59.189	28.267	192
C	-9.277	60.246	28.208	192
N	-8.741	60.55	29.363	193
CA	-7.696	61.53	29.489	193
C	-6.346	60.924	29.11	193
N	-5.737	61.535	28.104	194
CA	-4.349	61.317	27.744	194
C	-3.497	62.457	28.323	194
N	-3.052	62.287	29.556	195
CA	-2.504	63.382	30.302	195
C	-1.065	63.745	29.88	195
N	-0.214	62.756	29.63	196
CA	1.189	63.064	29.312	196
C	1.277	63.645	27.89	196
N	0.333	63.278	27.047	197
CA	0.282	63.867	25.725	197
C	-0.362	65.277	25.74	197
N	-1.366	65.484	26.579	198
CA	-1.9	66.838	26.825	198
C	-0.815	67.793	27.316	198
N	0.055	67.279	28.158	199
CA	1.145	68.059	28.679	199
C	2.11	68.473	27.573	199
N	2.426	67.544	26.676	200
CA	3.287	67.869	25.535	200
C	2.635	68.914	24.61	200
N	1.369	68.675	24.274	201
CA	0.58	69.533	23.412	201
C	0.496	70.973	23.904	201
N	0.047	71.147	25.147	202
CA	0.01	72.477	25.789	202
C	1.362	73.158	25.848	202
N	2.413	72.388	25.975	203
CA	3.718	72.963	26.18	203
C	4.328	73.482	24.866	203
N	3.862	72.946	23.736	204
CA	4.441	73.277	22.435	204
C	3.419	73.82	21.449	204
N	2.182	73.98	21.911	205
CA	1.116	74.507	21.103	205
C	0.593	73.576	20.035	205
N	0.636	72.251	20.277	206
CA	0.077	71.284	19.307	206
C	-1.355	70.946	19.629	206
N	-2.044	70.428	18.634	207
CA	-3.384	69.927	18.794	207
C	-3.531	68.7	17.908	207
N	-3.795	67.56	18.522	208
CA	-3.959	66.338	17.787	208
C	-5.432	65.987	17.706	208
N	-5.848	65.369	16.6	209
CA	-7.257	65.059	16.423	209
C	-7.72	64.046	17.426	209
N	-8.984	64.148	17.814	210
CA	-9.561	63.3	18.825	210
C	-10.678	62.509	18.19	210
N	-10.552	61.189	18.23	211
CA	-11.287	60.33	17.343	211
C	-12.128	59.361	18.167	211
N	-13.446	59.392	17.954	212
CA	-14.34	58.447	18.623	212
C	-14.698	57.287	17.691	212
N	-14.558	56.084	18.209	213
CA	-14.893	54.899	17.468	213
C	-16.363	54.565	17.714	213
N	-17.155	54.5	16.639	214
CA	-18.606	54.189	16.718	214
C	-18.984	52.949	15.905	214
N	-20.007	52.252	16.361	215
CA	-20.607	51.189	15.594	215
C	-22.022	51.627	15.258	215
N	-22.339	51.673	13.965	216
CA	-23.675	52.044	13.505	216
C	-24.068	53.397	14.092	216
N	-23.142	54.347	14.01	217
CA	-23.423	55.729	14.378	217
C	-23.426	55.969	15.874	217
N	-23.241	54.912	16.661	218
CA	-23.28	55.039	18.105	218
C	-22.012	54.526	18.781	218
N	-21.556	55.262	19.789	219
CA	-20.555	54.745	20.722	219
C	-21.295	53.864	21.729	219
N	-21.86	52.768	21.234	220
CA	-22.683	51.893	22.056	220
C	-22.121	50.48	22.138	220
N	-22.001	49.814	20.993	221
CA	-21.525	48.415	20.994	221
C	-20.007	48.245	21.151	221
N	-19.302	49.326	21.488	222
CA	-17.851	49.381	21.32	222
C	-17.135	49.058	22.624	222
N	-16.15	48.148	22.593	223
CA	-15.367	47.883	23.812	223
C	-14.686	49.14	24.324	223
N	-14.545	49.278	25.642	224
CA	-13.761	50.396	26.189	224
C	-12.484	49.939	26.873	224
N	-12.202	48.645	26.792	225
CA	-10.942	48.097	27.253	225
C	-9.795	48.516	26.318	225
N	-8.698	48.967	26.912	226
CA	-7.55	49.506	26.162	226
C	-7.053	48.442	25.217	226
N	-6.771	47.255	25.735	227
CA	-6.396	46.111	24.901	227
C	-7.375	45.766	23.735	227
N	-8.671	45.975	23.932	228
CA	-9.644	45.716	22.881	228
C	-9.651	46.827	21.813	228
N	-9.578	48.076	22.251	229
CA	-9.388	49.204	21.35	229
C	-8.11	49.027	20.514	229
N	-7.008	48.684	21.176	230
CA	-5.752	48.424	20.467	230
C	-5.957	47.379	19.359	230
N	-6.554	46.256	19.709	231
CA	-6.755	45.198	18.733	231
C	-7.624	45.637	17.54	231
N	-8.62	46.469	17.791	232
CA	-9.418	47.013	16.706	232
C	-8.578	47.813	15.733	232
N	-7.705	48.665	16.263	233
CA	-6.875	49.532	15.408	233
C	-6.0	48.613	14.562	233
N	-5.395	47.644	15.204	234
CA	-4.474	46.746	14.524	234
C	-5.206	45.819	13.521	234
N	-6.472	45.467	13.777	235
CA	-7.238	44.666	12.808	235
C	-7.27	45.415	11.522	235
N	-7.581	46.703	11.634	236
CA	-7.869	47.532	10.492	236
C	-6.571	47.824	9.736	236
N	-5.503	48.1	10.461	237
CA	-4.274	48.545	9.819	237
C	-3.408	47.42	9.303	237
N	-3.422	46.277	9.978	238
CA	-2.479	45.206	9.642	238
C	-3.175	44.041	8.957	238
N	-4.464	43.898	9.205	239
CA	-5.233	42.816	8.6	239
C	-6.125	43.318	7.492	239
N	-6.111	44.615	7.26	240
CA	-7.021	45.225	6.302	240
C	-8.472	44.888	6.6	240
N	-8.821	44.829	7.869	241
CA	-10.156	44.581	8.217	241
C	-10.934	45.867	8.198	241
N	-12.2	45.718	7.86	242
CA	-13.2	46.742	8.07	242
C	-13.259	47.149	9.572	242
N	-13.367	48.444	9.825	243
CA	-13.599	48.949	11.171	243
C	-14.83	48.294	11.77	243
N	-15.917	48.288	11.008	244
CA	-17.139	47.607	11.417	244
C	-16.899	46.152	11.834	244
N	-16.132	45.409	11.038	245
CA	-15.909	43.991	11.318	245
C	-14.88	43.797	12.397	245
N	-13.935	44.733	12.473	246
CA	-12.94	44.715	13.529	246
C	-13.66	44.887	14.862	246
N	-14.604	45.821	14.917	247
CA	-15.324	46.049	16.154	247
C	-16.139	44.828	16.498	247
N	-16.823	44.269	15.496	248
CA	-17.661	43.074	15.694	248
C	-16.83	41.966	16.31	248
N	-15.696	41.661	15.696	249
CA	-14.901	40.511	16.118	249
C	-14.456	40.601	17.597	249
N	-14.526	41.803	18.192	250
CA	-14.17	42.01	19.62	250
C	-15.367	42.202	20.559	250
