ATOM	X	Y	Z	RESIDUE
N	32.295	-0.653	8.063	1
CA	31.191	-0.086	8.881	1
C	30.381	-1.175	9.478	1
N	29.44	-0.766	10.313	2
CA	28.804	-1.724	11.17	2
C	27.81	-2.512	10.408	2
N	27.589	-3.707	10.927	3
CA	26.598	-4.583	10.321	3
C	26.256	-5.737	11.267	3
N	25.964	-6.904	10.718	4
CA	25.62	-8.05	11.52	4
C	26.443	-9.279	11.204	4
N	27.564	-9.043	10.529	5
CA	28.48	-10.193	10.244	5
C	29.472	-10.49	11.356	5
N	30.397	-11.434	11.072	6
CA	31.403	-11.778	12.056	6
C	32.379	-10.649	12.332	6
N	32.679	-9.834	11.311	7
CA	33.702	-8.853	11.663	7
C	33.202	-7.485	11.982	7
N	31.876	-7.318	11.893	8
CA	31.319	-5.96	12.128	8
C	29.974	-5.975	12.874	8
N	29.723	-7.12	13.496	9
CA	28.42	-7.38	14.174	9
C	28.41	-6.742	15.568	9
N	27.3	-7.013	16.313	10
CA	27.068	-6.463	17.633	10
C	28.194	-6.477	18.613	10
N	29.083	-7.486	18.585	11
CA	30.16	-7.515	19.528	11
C	31.278	-6.515	19.186	11
N	31.228	-5.925	17.988	12
CA	32.203	-4.931	17.525	12
C	31.71	-3.522	17.711	12
N	30.37	-3.298	17.837	13
CA	29.866	-1.947	17.73	13
C	30.404	-0.976	18.772	13
N	30.761	-1.478	19.94	14
CA	31.281	-0.608	21.008	14
C	32.562	0.219	20.638	14
N	33.273	-0.292	19.658	15
CA	34.516	0.419	19.332	15
C	34.164	1.717	18.643	15
N	33.234	1.76	17.702	16
CA	32.791	3.033	17.128	16
C	31.72	3.791	17.962	16
N	30.953	3.024	18.775	17
CA	29.827	3.595	19.511	17
C	29.921	3.128	20.948	17
N	30.771	3.786	21.774	18
CA	31.028	3.278	23.131	18
C	29.767	3.129	24.033	18
N	28.71	3.871	23.654	19
CA	27.458	3.819	24.427	19
C	26.878	2.4	24.301	19
N	27.428	1.568	23.413	20
CA	27.002	0.144	23.329	20
C	27.09	-0.539	24.673	20
N	27.988	-0.073	25.562	21
CA	28.168	-0.678	26.895	21
C	27.598	0.27	27.969	21
N	26.591	1.074	27.565	22
CA	25.98	2.081	28.445	22
C	25.037	1.453	29.5	22
N	24.342	2.356	30.186	23
CA	23.563	2.013	31.303	23
C	22.11	1.652	30.969	23
N	21.675	1.931	29.719	24
CA	20.247	1.597	29.384	24
C	20.12	1.124	27.942	24
N	20.935	0.102	27.641	25
CA	20.955	-0.444	26.29	25
C	19.845	-1.443	26.047	25
N	19.472	-1.527	24.764	26
CA	18.4	-2.411	24.266	26
C	18.909	-3.328	23.171	26
N	18.251	-4.443	22.932	27
CA	17.045	-4.984	23.658	27
C	17.451	-5.614	24.96	27
N	16.466	-6.106	25.69	28
CA	16.666	-6.9	26.928	28
C	15.748	-8.11	26.885	28
N	16.082	-9.055	27.766	29
CA	15.186	-10.164	28.03	29
C	14.141	-9.639	28.984	29
N	12.876	-9.944	28.698	30
CA	11.728	-9.594	29.58	30
C	11.431	-10.832	30.41	30
N	11.842	-10.703	31.679	31
CA	11.484	-11.802	32.651	31
C	10.015	-11.54	33.112	31
N	9.08	-12.285	32.605	32
CA	7.646	-12.02	32.889	32
C	7.274	-12.187	34.315	32
N	8.035	-13.003	35.04	33
CA	7.69	-13.206	36.444	33
C	8.067	-12.003	37.308	33
N	9.158	-11.311	36.962	34
CA	9.626	-10.164	37.702	34
C	9.254	-8.793	37.17	34
N	8.556	-8.763	36.066	35
CA	7.999	-7.491	35.552	35
C	6.744	-7.116	36.369	35
N	6.805	-6.099	37.187	36
CA	5.676	-5.86	38.056	36
C	4.53	-5.129	37.37	36
N	3.28	-5.541	37.693	37
CA	2.144	-4.769	37.233	37
C	2.179	-3.36	37.829	37
N	1.955	-2.349	36.997	38
CA	1.939	-0.942	37.45	38
C	0.539	-0.327	37.217	38
N	-0.315	-0.312	38.267	39
CA	-1.719	0.128	38.094	39
C	-1.749	1.634	37.76	39
N	-0.647	2.362	37.91	40
CA	-0.634	3.759	37.429	40
C	-0.447	3.923	35.918	40
N	-0.071	2.875	35.187	41
CA	0.035	3.017	33.706	41
C	-1.344	3.234	33.11	41
N	-1.408	4.115	32.112	42
CA	-2.659	4.327	31.309	42
C	-2.794	3.421	30.137	42
N	-4.055	3.246	29.593	43
CA	-4.039	2.339	28.458	43
C	-3.246	3.087	27.389	43
N	-2.709	2.311	26.51	44
CA	-1.982	2.908	25.47	44
C	-3.006	3.489	24.501	44
N	-2.718	4.599	23.844	45
CA	-3.52	5.134	22.746	45
C	-2.678	5.11	21.493	45
N	-3.117	4.324	20.523	46
CA	-2.513	4.259	19.175	46
C	-3.479	4.856	18.237	46
N	-3.253	6.063	17.678	47
CA	-4.186	6.718	16.744	47
C	-3.559	6.799	15.419	47
N	-3.793	5.767	14.613	48
CA	-3.202	5.657	13.286	48
C	-4.167	5.916	12.112	48
N	-5.368	6.396	12.452	49
CA	-6.377	6.587	11.326	49
C	-5.968	7.592	10.272	49
N	-5.162	8.57	10.648	50
CA	-4.696	9.448	9.604	50
C	-3.267	9.252	9.089	50
N	-2.664	8.116	9.402	51
CA	-1.277	7.849	8.961	51
C	-1.075	7.943	7.467	51
N	-0.015	8.625	7.026	52
CA	0.308	8.814	5.644	52
C	1.662	8.223	5.328	52
N	1.675	7.003	4.801	53
CA	2.953	6.421	4.352	53
C	3.4	7.091	3.078	53
N	4.703	7.14	2.886	54
CA	5.272	7.767	1.706	54
C	6.038	6.773	0.849	54
N	6.896	5.949	1.458	55
CA	7.988	5.358	0.706	55
C	8.473	4.155	1.539	55
N	9.144	3.23	0.867	56
CA	9.781	2.105	1.531	56
C	11.213	2.08	1.074	56
N	12.164	1.927	1.987	57
CA	13.603	2.065	1.721	57
C	14.375	0.869	2.248	57
N	15.246	0.278	1.438	58
CA	16.233	-0.694	1.957	58
C	17.467	0.108	2.362	58
N	17.725	0.213	3.676	59
CA	18.828	1.09	4.173	59
C	20.098	0.333	4.401	59
N	20.143	-0.952	3.959	60
CA	21.293	-1.729	4.158	60
C	21.335	-2.557	5.457	60
N	20.353	-2.312	6.352	61
CA	20.228	-3.022	7.668	61
C	18.824	-3.579	7.853	61
N	17.841	-2.929	7.231	62
CA	16.424	-3.326	7.331	62
C	15.707	-2.643	6.16	62
N	14.399	-2.854	6.029	63
CA	13.594	-1.981	5.188	63
C	12.7	-1.098	6.052	63
N	12.696	0.217	5.744	64
CA	11.88	1.126	6.515	64
C	10.686	1.593	5.719	64
N	9.515	1.493	6.267	65
CA	8.291	2.087	5.713	65
C	8.178	3.474	6.382	65
N	8.338	4.52	5.565	66
CA	8.484	5.936	6.077	66
C	7.128	6.643	5.999	66
N	6.866	7.533	6.961	67
CA	5.591	8.268	7.037	67
C	5.886	9.748	6.884	67
N	4.868	10.484	6.374	68
CA	4.897	11.972	6.441	68
C	4.636	12.321	7.877	68
N	5.639	12.826	8.596	69
CA	5.483	13.243	9.983	69
C	5.484	14.753	10.127	69
N	5.038	15.443	9.057	70
CA	5.057	16.965	9.109	70
C	3.821	17.526	9.759	70
N	2.796	16.702	9.997	71
CA	1.565	17.121	10.669	71
C	1.23	16.145	11.79	71
N	0.229	16.549	12.571	72
CA	-0.176	15.823	13.699	72
C	-1.124	14.676	13.213	72
N	-0.588	13.497	12.886	73
CA	-1.348	12.433	12.102	73
C	-1.464	10.954	12.556	73
N	-0.414	10.444	13.064	74
CA	-0.313	9.023	13.473	74
C	0.422	9.109	14.789	74
N	-0.29	9.113	15.867	75
CA	0.367	9.368	17.191	75
C	0.143	8.296	18.215	75
N	1.127	8.133	19.068	76
CA	1.127	7.267	20.202	76
C	1.18	8.153	21.432	76
N	0.288	7.883	22.381	77
CA	0.271	8.575	23.668	77
C	-0.319	7.65	24.757	77
N	-0.386	8.139	25.983	78
CA	-0.951	7.293	27.071	78
C	0.114	6.26	27.411	78
N	-0.319	5.133	27.974	79
CA	0.64	4.192	28.546	79
C	1.621	4.891	29.456	79
N	2.94	4.587	29.356	80
CA	3.944	5.229	30.16	80
C	4.34	6.637	29.725	80
N	3.765	7.113	28.62	81
CA	4.285	8.315	27.949	81
C	3.67	9.593	28.494	81
N	4.479	10.615	28.612	82
CA	4.064	12.003	28.851	82
C	4.044	12.646	27.512	82
N	2.936	13.223	27.156	83
CA	2.847	13.891	25.856	83
C	2.557	12.991	24.659	83
N	2.914	13.472	23.47	84
CA	2.506	12.907	22.198	84
C	3.729	12.553	21.409	84
N	3.73	11.347	20.855	85
CA	4.847	10.875	20.029	85
C	4.29	10.579	18.634	85
N	4.988	11.059	17.626	86
CA	4.545	10.974	16.228	86
C	5.273	9.899	15.468	86
N	4.513	9.057	14.708	87
CA	5.102	7.982	13.934	87
C	5.949	8.513	12.818	87
N	7.186	8.048	12.709	88
CA	8.08	8.424	11.608	88
C	8.306	7.255	10.614	88
N	8.489	6.041	11.148	89
CA	8.775	4.912	10.274	89
C	8.553	3.636	11.035	89
N	8.286	2.528	10.325	90
CA	8.458	1.21	10.957	90
C	9.364	0.344	10.141	90
N	9.841	-0.747	10.794	91
CA	10.699	-1.728	10.137	91
C	10.625	-2.945	11.03	91
N	11.34	-3.968	10.575	92
CA	11.423	-5.231	11.288	92
C	12.888	-5.655	11.456	92
N	13.062	-6.574	12.417	93
CA	14.31	-7.345	12.595	93
C	13.861	-8.813	12.541	93
N	14.658	-9.642	11.891	94
CA	14.266	-11.056	11.655	94
C	15.409	-11.967	11.516	94
N	15.053	-13.259	11.519	95
CA	16.125	-14.293	11.538	95
C	16.367	-14.99	10.227	95
N	17.434	-15.818	10.214	96
CA	17.647	-16.718	9.031	96
C	16.744	-17.969	9.157	96
N	16.167	-18.231	10.338	97
CA	15.381	-19.449	10.665	97
C	14.252	-18.923	11.567	97
N	13.121	-19.65	11.56	98
CA	11.946	-19.211	12.357	98
C	12.229	-19.19	13.863	98
N	13.266	-19.932	14.303	99
CA	13.539	-19.993	15.724	99
C	14.309	-18.819	16.353	99
N	14.653	-17.833	15.503	100
CA	15.333	-16.65	16.023	100
C	14.957	-15.462	15.192	100
N	15.28	-14.264	15.681	101
CA	14.971	-13.061	14.873	101
C	14.558	-11.887	15.65	101
N	13.85	-12.133	16.745	102
CA	13.487	-10.965	17.553	102
C	14.716	-10.46	18.361	102
N	14.576	-9.216	18.763	103
CA	15.615	-8.525	19.566	103
C	15.253	-8.675	21.038	103
N	14.06	-8.17	21.482	104
CA	13.602	-8.564	22.803	104
C	13.287	-10.021	22.795	104
N	13.444	-10.587	24.011	105
CA	13.051	-11.961	24.227	105
C	12.106	-11.971	25.455	105
N	11.314	-13.059	25.55	106
CA	10.287	-13.113	26.702	106
C	10.664	-14.406	27.401	106
N	11.137	-14.275	28.638	107
CA	11.691	-15.474	29.364	107
C	12.587	-16.305	28.476	107
N	13.495	-15.595	27.815	108
CA	14.574	-16.102	26.91	108
C	14.045	-16.622	25.56	108
N	12.72	-16.602	25.305	109
CA	12.14	-17.015	24.027	109
C	12.379	-15.988	22.974	109
N	12.959	-16.46	21.889	110
CA	13.114	-15.625	20.656	110
C	11.979	-15.846	19.665	110
N	11.317	-14.779	19.235	111
CA	10.329	-14.907	18.208	111
C	10.949	-14.838	16.823	111
N	10.203	-15.146	15.761	112
CA	10.793	-15.133	14.413	112
C	11.151	-13.765	13.882	112
N	10.525	-12.739	14.442	113
CA	10.853	-11.367	14.023	113
C	10.272	-10.391	15.041	113
N	10.611	-9.121	14.849	114
CA	10.09	-8.051	15.71	114
C	9.868	-6.825	14.871	114
N	8.681	-6.258	14.973	115
CA	8.268	-5.019	14.347	115
C	8.519	-3.876	15.296	115
N	9.158	-2.822	14.789	116
CA	9.391	-1.553	15.543	116
C	8.691	-0.445	14.818	116
N	7.704	0.153	15.537	117
CA	7.017	1.426	15.087	117
C	7.652	2.549	15.831	117
N	8.394	3.355	15.088	118
CA	9.276	4.413	15.732	118
C	8.575	5.734	15.777	118
N	8.573	6.34	16.962	119
CA	7.885	7.617	17.143	119
C	8.771	8.583	17.865	119
N	8.643	9.88	17.543	120
CA	9.4	10.945	18.283	120
C	8.509	11.859	19.036	120
N	9.065	12.321	20.193	121
CA	8.294	13.18	21.119	121
C	8.107	14.563	20.477	121
N	6.844	14.951	20.295	122
CA	6.638	16.174	19.517	122
C	7.092	17.454	20.261	122
N	7.299	17.342	21.59	123
CA	7.857	18.536	22.28	123
C	9.196	18.927	21.757	123
N	9.921	18.056	21.081	124
CA	11.261	18.375	20.543	124
C	11.248	18.747	19.067	124
N	10.077	18.814	18.454	125
CA	10.043	19.529	17.123	125
C	10.312	18.65	15.94	125
N	11.334	17.804	15.965	126
CA	11.487	16.768	14.91	126
C	12.335	15.624	15.431	126
N	12.537	14.64	14.562	127
CA	13.271	13.473	14.976	127
C	14.676	13.793	15.347	127
N	15.371	14.643	14.553	128
CA	16.742	14.872	14.876	128
C	17.017	15.54	16.213	128
N	16.145	16.44	16.65	129
CA	16.319	17.035	17.972	129
C	15.839	16.03	19.059	129
N	14.835	15.242	18.739	130
CA	14.385	14.25	19.731	130
C	15.442	13.229	20.113	130
N	16.303	12.816	19.152	131
CA	17.409	11.797	19.517	131
C	18.578	12.406	20.282	131
N	18.455	13.662	20.631	132
CA	19.386	14.324	21.587	132
C	18.824	14.349	22.985	132
N	17.71	13.579	23.218	133
CA	17.061	13.682	24.54	133
C	16.782	12.317	25.089	133
N	16.755	12.147	26.396	134
CA	16.545	10.819	26.989	134
C	15.108	10.33	26.931	134
N	14.229	11.282	26.609	135
CA	12.824	10.83	26.423	135
C	12.39	11.246	24.994	135
N	13.277	11.213	24.008	136
CA	12.95	11.692	22.662	136
C	12.176	10.685	21.846	136
N	12.295	9.367	22.146	137
CA	11.621	8.389	21.263	137
C	10.683	7.461	22.071	137
N	9.689	6.915	21.365	138
CA	8.942	5.778	21.875	138
C	8.857	4.79	20.735	138
N	9.292	3.536	21.044	139
CA	9.2	2.489	20.004	139
C	8.229	1.446	20.535	139
N	7.231	1.229	19.691	140
CA	6.203	0.183	19.922	140
C	6.757	-1.037	19.236	140
N	7.045	-2.062	20.045	141
CA	7.631	-3.341	19.553	141
C	6.581	-4.428	19.557	141
N	6.546	-5.179	18.47	142
CA	5.463	-6.21	18.315	142
C	6.218	-7.456	17.784	142
N	6.016	-8.563	18.464	143
CA	6.608	-9.834	18.059	143
C	5.857	-10.489	16.904	143
N	6.601	-11.182	16.054	144
CA	5.995	-11.958	14.973	144
C	6.355	-13.43	15.232	144
N	5.314	-14.275	15.149	145
CA	5.448	-15.733	15.05	145
C	4.966	-16.204	13.725	145
N	5.493	-17.332	13.311	146
CA	5.104	-17.992	12.03	146
C	3.884	-18.92	12.245	146
N	2.86	-18.591	11.467	147
CA	1.604	-19.442	11.465	147
C	0.744	-18.969	10.341	147
N	-0.463	-18.511	10.733	148
CA	-1.382	-17.895	9.728	148
C	-0.758	-16.636	9.124	148
N	-1.034	-16.335	7.852	149
CA	-0.604	-15.068	7.249	149
C	-1.274	-13.882	7.952	149
N	-0.589	-12.736	7.886	150
CA	-1.145	-11.434	8.348	150
C	-1.53	-10.668	7.055	150
N	-2.866	-10.544	6.828	151
CA	-3.226	-9.995	5.484	151
C	-2.755	-8.563	5.282	151
N	-2.676	-7.81	6.414	152
CA	-2.284	-6.416	6.438	152
C	-0.801	-6.201	6.147	152
N	0.01	-7.28	6.273	153
CA	1.405	-7.277	5.874	153
C	1.674	-7.458	4.399	153
N	0.694	-8.071	3.667	154
CA	1.013	-8.484	2.342	154
C	1.42	-7.391	1.378	154
N	0.892	-6.175	1.518	155
CA	1.344	-5.117	0.602	155
C	2.837	-4.803	0.785	155
N	3.319	-4.908	2.052	156
CA	4.741	-4.724	2.267	156
C	5.535	-5.82	1.615	156
N	5.134	-7.077	1.859	157
CA	5.897	-8.201	1.297	157
C	5.94	-8.092	-0.235	157
N	4.833	-7.677	-0.861	158
CA	4.834	-7.672	-2.353	158
C	5.735	-6.639	-2.985	158
N	6.094	-5.592	-2.243	159
CA	6.908	-4.534	-2.795	159
C	8.409	-4.83	-2.597	159
N	8.783	-5.845	-1.811	160
CA	10.184	-6.086	-1.475	160
C	11.078	-6.402	-2.653	160
N	10.497	-7.058	-3.672	161
CA	11.379	-7.408	-4.8	161
C	11.8	-6.095	-5.544	161
N	11.119	-4.966	-5.328	162
CA	11.602	-3.692	-5.936	162
C	12.612	-2.937	-5.131	162
N	12.944	-3.444	-3.915	163
CA	13.955	-2.815	-3.114	163
C	14.955	-3.797	-2.565	163
N	15.357	-4.709	-3.437	164
CA	16.174	-5.817	-2.974	164
C	17.451	-5.419	-2.302	164
N	18.16	-4.406	-2.827	165
CA	19.456	-4.064	-2.376	165
C	19.52	-2.675	-1.723	165
N	20.6	-2.543	-0.961	166
CA	20.869	-1.315	-0.176	166
C	20.771	-0.045	-1.014	166
N	20.037	0.936	-0.502	167
CA	19.888	2.204	-1.192	167
C	18.689	2.284	-2.113	167
N	18.023	1.15	-2.42	168
CA	16.851	1.202	-3.266	168
C	15.653	1.707	-2.459	168
N	14.786	2.525	-3.035	169
CA	13.488	2.876	-2.452	169
C	12.367	2.727	-3.427	169
N	11.144	2.689	-2.949	170
CA	9.979	2.637	-3.815	170
C	8.862	3.486	-3.213	170
N	8.053	4.173	-4.03	171
CA	6.812	4.752	-3.532	171
C	6.005	3.769	-2.754	171
N	5.434	4.235	-1.642	172
CA	4.68	3.291	-0.863	172
C	3.599	4.038	-0.124	172
N	2.595	4.518	-0.847	173
CA	1.534	5.351	-0.257	173
C	0.346	4.539	0.229	173
N	-0.448	5.114	1.115	174
CA	-1.722	4.598	1.542	174
C	-1.619	3.24	2.302	174
N	-0.437	2.984	2.882	175
CA	-0.353	1.762	3.708	175
C	-0.842	2.052	5.102	175
N	-1.728	1.189	5.625	176
CA	-2.379	1.383	6.918	176
C	-1.672	0.495	7.965	176
N	-0.886	1.129	8.858	177
CA	-0.165	0.3	9.901	177
C	-1.094	-0.298	10.93	177
N	-2.384	0.055	10.937	178
CA	-3.338	-0.606	11.888	178
C	-3.459	-2.09	11.588	178
N	-3.208	-2.472	10.34	179
CA	-3.318	-3.879	9.943	179
C	-2.182	-4.733	10.454	179
N	-1.192	-4.129	11.125	180
CA	-0.067	-4.91	11.672	180
C	-0.22	-5.093	13.168	180
N	-1.309	-4.567	13.784	181
CA	-1.438	-4.63	15.255	181
C	-2.19	-5.856	15.752	181
N	-1.768	-6.441	16.866	182
CA	-2.559	-7.552	17.446	182
C	-3.856	-7.023	18.103	182
N	-4.733	-7.932	18.596	183
CA	-5.95	-7.497	19.22	183
C	-5.659	-6.721	20.468	183
N	-4.811	-7.272	21.349	184
CA	-4.6	-6.651	22.657	184
C	-3.462	-5.645	22.647	184
N	-3.609	-4.589	23.393	185
CA	-2.481	-3.588	23.54	185
C	-1.861	-3.777	24.953	185
N	-2.013	-4.907	25.644	186
CA	-1.282	-5.178	26.908	186
C	0.244	-5.101	26.554	186
N	1.064	-4.523	27.43	187
CA	2.48	-4.298	27.07	187
C	3.356	-4.354	28.31	187
N	4.644	-4.531	28.055	188
CA	5.724	-4.249	29.02	188
C	6.416	-2.96	28.62	188
N	6.99	-2.248	29.575	189
CA	7.7	-0.983	29.222	189
C	8.914	-0.811	30.132	189
N	9.933	-0.242	29.497	190
CA	11.185	0.065	30.233	190
C	11.967	1.108	29.459	190
N	12.949	1.784	30.08	191
CA	13.773	2.768	29.381	191
C	14.964	2.088	28.717	191
N	15.155	2.437	27.444	192
CA	16.302	1.821	26.774	192
C	16.81	2.664	25.63	192
N	17.261	1.984	24.592	193
CA	18.077	2.628	23.553	193
C	17.637	2.18	22.139	193
N	18.142	2.822	21.091	194
CA	18.075	2.203	19.756	194
C	18.854	0.932	19.787	194
N	18.431	-0.032	18.99	195
CA	19.142	-1.358	18.978	195
C	20.143	-1.435	17.818	195
N	20.307	-0.373	17.03	196
CA	21.4	-0.345	16.03	196
C	22.176	0.915	16.309	196
N	23.471	0.906	15.89	197
CA	24.146	2.211	15.936	197
C	23.233	3.342	15.402	197
N	23.237	4.508	15.976	198
CA	24.16	4.963	16.983	198
C	23.836	4.59	18.463	198
N	22.861	3.664	18.664	199
CA	22.629	3.08	19.99	199
C	22.199	4.12	21.068	199
N	21.575	5.192	20.579	200
CA	21.317	6.326	21.467	200
C	20.251	5.989	22.538	200
N	20.456	6.523	23.741	201
CA	19.58	6.135	24.876	201
C	18.404	7.077	25.016	201
N	17.504	6.985	24.031	202
CA	16.392	7.973	23.935	202
C	15.054	7.336	24.18	202
N	15.016	6.011	24.301	203
CA	13.761	5.269	23.944	203
C	12.96	4.823	25.191	203
N	11.659	5.163	25.234	204
CA	10.71	4.485	26.091	204
C	10.207	3.314	25.26	204
N	10.589	2.103	25.632	205
CA	10.128	0.905	24.912	205
C	8.774	0.496	25.438	205
N	7.92	0.149	24.467	206
CA	6.559	-0.379	24.775	206
C	6.479	-1.654	23.955	206
N	6.576	-2.781	24.61	207
CA	6.639	-4.094	23.877	207
C	5.315	-4.843	24.152	207
N	4.532	-5.048	23.107	208
CA	3.211	-5.74	23.271	208
C	3.428	-7.215	23.62	208
N	2.549	-7.659	24.532	209
CA	2.586	-9.075	24.952	209
C	2.09	-10.058	23.891	209
N	1.107	-9.616	23.073	210
CA	0.516	-10.505	22.117	210
C	1.255	-10.404	20.773	210
N	1.82	-11.509	20.284	211
CA	2.431	-11.448	18.975	211
C	1.447	-11.434	17.857	211
N	1.891	-11.031	16.677	212
CA	1.031	-11.24	15.469	212
C	1.565	-12.437	14.793	212
N	0.697	-13.112	14.021	213
CA	1.116	-14.282	13.24	213
C	1.321	-13.834	11.795	213
N	2.435	-14.267	11.187	214
CA	2.687	-14.066	9.757	214
C	2.93	-15.43	9.139	214
N	2.797	-15.595	7.839	215
CA	3.017	-16.953	7.306	215
C	4.481	-17.17	7.024	215
N	4.843	-18.446	6.908	216
CA	6.188	-18.792	6.564	216
C	6.534	-18.138	5.224	216
N	5.579	-18.014	4.274	217
CA	5.933	-17.44	2.978	217
C	6.199	-15.948	3.104	217
N	5.484	-15.244	4.011	218
CA	5.696	-13.816	4.226	218
C	7.133	-13.617	4.772	218
N	7.522	-14.374	5.828	219
CA	8.876	-14.159	6.352	219
C	10.015	-14.614	5.417	219
N	9.708	-15.591	4.56	220
CA	10.686	-16.042	3.573	220
C	11.01	-14.928	2.64	220
N	10.026	-14.103	2.339	221
CA	10.279	-13.008	1.437	221
C	11.172	-11.9	2.081	221
N	11.027	-11.673	3.386	222
CA	11.974	-10.781	4.093	222
C	13.381	-11.278	3.882	222
N	13.585	-12.598	3.965	223
CA	14.922	-13.221	3.863	223
C	15.544	-13.232	2.485	223
N	14.812	-12.788	1.487	224
CA	15.375	-12.616	0.129	224
C	15.955	-11.25	-0.097	224
N	15.77	-10.311	0.879	225
CA	16.4	-9.011	0.683	225
C	17.915	-9.181	0.855	225
N	18.64	-8.099	0.505	226
CA	20.112	-8.114	0.544	226
C	20.607	-6.951	1.392	226
N	21.637	-7.221	2.15	227
CA	22.378	-6.139	2.863	227
C	23.293	-5.336	1.914	227
N	23.768	-5.988	0.867	228
CA	24.674	-5.336	-0.069	228
C	23.9	-4.451	-1.048	228
N	24.671	-3.55	-1.692	229
CA	24.121	-2.801	-2.843	229
C	24.065	-3.61	-4.136	229
N	23.295	-3.146	-5.117	230
CA	23.323	-3.678	-6.503	230
C	24.748	-3.755	-7.068	230
N	25.06	-4.899	-7.667	231
CA	26.384	-5.08	-8.238	231
C	27.457	-5.442	-7.257	231
N	27.043	-5.825	-6.036	232
CA	28.008	-6.244	-4.996	232
C	27.683	-7.653	-4.699	232
N	28.634	-8.397	-4.096	233
CA	28.37	-9.789	-3.738	233
C	27.064	-9.869	-2.848	233
N	26.244	-10.86	-3.147	234
CA	24.944	-10.998	-2.537	234
C	25.167	-11.548	-1.087	234
N	24.641	-10.823	-0.108	235
CA	24.641	-11.281	1.282	235
C	23.229	-11.099	1.766	235
N	22.582	-12.226	2.075	236
CA	21.134	-12.128	2.375	236
C	20.917	-11.302	3.674	236
N	19.87	-10.466	3.64	237
CA	19.485	-9.68	4.847	237
C	18.669	-10.578	5.77	237
N	19.431	-11.215	6.643	238
CA	18.884	-12.155	7.675	238
C	19.682	-11.918	8.981	238
N	19.053	-12.221	10.121	239
CA	19.761	-12.087	11.41	239
C	20.211	-10.687	11.691	239
N	19.32	-9.729	11.336	240
CA	19.633	-8.295	11.656	240
C	19.049	-7.899	13.024	240
N	19.364	-8.717	14.026	241
CA	18.95	-8.468	15.394	241
C	20.16	-8.369	16.29	241
N	20.048	-7.468	17.264	242
CA	21.006	-7.381	18.37	242
C	20.558	-8.273	19.512	242
N	21.458	-9.08	20.148	243
CA	21.039	-9.894	21.3	243
C	20.778	-9.072	22.546	243
N	20.097	-9.704	23.503	244
CA	19.787	-9.039	24.724	244
C	20.994	-8.52	25.493	244
N	20.825	-7.323	26.025	245
CA	21.85	-6.586	26.784	245
C	21.558	-6.598	28.271	245
N	22.577	-6.269	29.111	246
CA	22.385	-6.347	30.507	246
C	21.331	-5.344	30.953	246
N	20.474	-5.833	31.843	247
CA	19.417	-4.967	32.38	247
C	19.898	-3.866	33.253	247
N	21.0	-4.117	33.975	248
CA	21.582	-3.02	34.822	248
C	20.507	-2.514	35.838	248
N	20.455	-1.218	36.046	249
CA	19.676	-0.726	37.152	249
C	18.399	-0.31	36.479	249
N	17.644	-1.349	35.939	250
CA	16.323	-1.05	35.364	250
C	15.231	-1.988	35.802	250
N	13.996	-1.468	35.826	251
CA	12.807	-2.272	36.097	251
C	11.944	-2.252	34.86	251
N	11.366	-3.421	34.555	252
CA	10.392	-3.606	33.46	252
C	9.005	-3.669	34.102	252
N	8.11	-2.778	33.591	253
CA	6.798	-2.67	34.205	253
C	5.763	-3.294	33.259	253
N	4.726	-3.968	33.777	254
CA	3.628	-4.545	32.954	254
C	2.379	-3.744	33.117	254
N	1.659	-3.61	32.01	255
CA	0.443	-2.793	31.99	255
C	-0.737	-3.658	32.416	255
N	-0.537	-4.936	32.665	256
CA	-1.654	-5.891	32.791	256
C	-1.352	-6.755	33.985	256
N	-2.439	-7.292	34.57	257
CA	-2.314	-8.339	35.627	257
C	-2.072	-9.707	34.986	257
