ATOM	X	Y	Z	RESIDUE
N	48.281	17.596	29.883	1
CA	49.442	17.155	29.073	1
C	49.115	15.742	28.622	1
N	48.934	15.426	27.344	2
CA	49.883	15.612	26.242	2
C	49.128	15.944	24.949	2
N	49.561	17.023	24.309	3
CA	49.298	17.406	22.92	3
C	50.19	16.585	21.989	3
N	49.617	15.925	20.979	4
CA	50.37	15.406	19.834	4
C	50.037	16.248	18.599	4
N	50.903	17.217	18.333	5
CA	50.983	17.959	17.077	5
C	51.97	17.28	16.13	5
N	51.49	17.029	14.911	6
CA	52.157	17.202	13.618	6
C	53.585	16.666	13.412	6
N	53.751	15.702	12.489	7
CA	54.858	15.711	11.511	7
C	54.4	15.073	10.173	7
N	54.834	15.715	9.079	8
CA	55.109	15.224	7.707	8
C	54.08	15.551	6.607	8
N	54.44	16.584	5.836	9
CA	53.977	16.921	4.487	9
C	54.804	16.152	3.405	9
N	54.707	16.446	2.094	10
CA	53.748	15.863	1.16	10
C	54.425	15.08	0.008	10
N	53.86	13.938	-0.404	11
CA	54.123	13.355	-1.731	11
C	52.997	13.744	-2.695	11
N	53.071	14.981	-3.179	12
CA	52.38	15.391	-4.391	12
C	53.234	15.041	-5.606	12
N	52.653	14.255	-6.524	13
CA	52.946	14.085	-7.97	13
C	53.096	12.611	-8.334	13
N	52.006	12.026	-8.836	14
CA	51.955	11.082	-9.97	14
C	50.773	10.115	-9.831	14
N	49.523	10.588	-9.9	15
CA	48.459	9.898	-10.664	15
C	47.5	10.988	-11.167	15
N	47.981	11.782	-12.122	16
CA	47.153	12.691	-12.906	16
C	47.077	12.101	-14.311	16
N	46.086	11.232	-14.546	17
CA	45.438	10.965	-15.844	17
C	44.413	9.842	-15.669	17
N	43.203	10.098	-16.162	18
CA	42.049	9.191	-16.262	18
C	41.079	9.104	-15.08	18
N	40.539	10.242	-14.63	19
CA	39.148	10.305	-14.143	19
C	38.603	11.742	-14.209	19
N	38.662	12.343	-15.401	20
CA	37.775	13.463	-15.752	20
C	36.619	12.857	-16.542	20
N	35.72	12.161	-15.842	21
CA	34.369	11.914	-16.35	21
C	33.469	12.908	-15.64	21
N	32.886	13.79	-16.443	22
CA	31.917	14.813	-16.084	22
C	31.058	14.448	-14.866	22
N	31.386	15.025	-13.71	23
CA	30.374	15.321	-12.698	23
C	29.511	16.406	-13.329	23
N	28.412	15.996	-13.97	24
CA	27.318	16.917	-14.272	24
C	26.946	17.546	-12.938	24
N	27.092	18.863	-12.848	25
CA	26.596	19.628	-11.718	25
C	25.14	19.231	-11.5	25
N	24.856	18.636	-10.342	26
CA	23.489	18.461	-9.886	26
C	22.873	19.859	-9.897	26
N	21.948	20.089	-10.834	27
CA	21.117	21.285	-10.822	27
C	20.352	21.224	-9.512	27
N	20.667	22.135	-8.602	28
CA	19.867	22.396	-7.418	28
C	18.435	22.668	-7.883	28
N	17.55	21.682	-7.735	29
CA	16.118	21.91	-7.891	29
C	15.716	22.693	-6.64	29
N	15.185	23.919	-6.765	30
CA	14.762	24.67	-5.597	30
C	13.652	23.889	-4.886	30
N	13.912	23.497	-3.637	31
CA	12.895	22.958	-2.748	31
C	11.758	23.981	-2.643	31
N	10.518	23.533	-2.842	32
CA	9.341	24.372	-2.604	32
C	8.815	24.038	-1.22	32
N	8.536	25.064	-0.424	33
CA	7.689	24.899	0.745	33
C	6.303	24.467	0.251	33
N	5.905	23.227	0.525	34
CA	4.51	22.851	0.365	34
C	3.77	23.321	1.597	34
N	3.295	24.548	1.493	35
CA	2.29	25.058	2.389	35
C	0.967	24.392	2.001	35
N	0.69	23.214	2.576	36
CA	-0.626	22.57	2.49	36
C	-1.748	23.544	2.884	36
N	-1.443	24.57	3.689	37
CA	-2.31	25.721	3.997	37
C	-2.925	26.396	2.768	37
N	-2.233	26.449	1.625	38
CA	-2.792	27.025	0.4	38
C	-3.824	26.099	-0.277	38
N	-3.6	24.779	-0.257	39
CA	-4.484	23.794	-0.901	39
C	-5.684	23.386	-0.03	39
N	-5.611	23.604	1.285	40
CA	-6.643	23.196	2.252	40
C	-7.408	24.366	2.88	40
N	-7.293	25.572	2.308	41
CA	-7.992	26.789	2.762	41
C	-9.529	26.7	2.804	41
N	-10.142	25.588	2.371	42
CA	-11.598	25.388	2.425	42
C	-12.124	24.365	3.425	42
N	-11.304	23.672	4.21	43
CA	-11.838	22.711	5.179	43
C	-11.021	22.744	6.47	43
N	-11.708	22.726	7.61	44
CA	-11.186	22.59	8.981	44
C	-10.387	21.295	9.247	44
N	-9.891	20.644	8.195	45
CA	-9.107	19.407	8.201	45
C	-7.686	19.664	8.723	45
N	-7.156	20.883	8.578	46
CA	-5.782	21.218	8.981	46
C	-5.511	21.038	10.482	46
N	-6.499	21.294	11.343	47
CA	-6.372	21.026	12.782	47
C	-6.518	19.543	13.14	47
N	-6.964	18.705	12.2	48
CA	-7.21	17.272	12.395	48
C	-6.094	16.378	11.83	48
N	-5.141	16.929	11.067	49
CA	-4.011	16.174	10.497	49
C	-2.79	16.18	11.419	49
N	-1.983	15.121	11.314	50
CA	-0.766	14.901	12.102	50
C	0.204	16.114	12.081	50
N	0.893	16.458	13.198	51
CA	1.815	17.604	13.294	51
C	2.892	17.714	12.207	51
N	3.347	16.596	11.637	52
CA	4.281	16.594	10.496	52
C	3.759	17.368	9.272	52
N	2.437	17.465	9.105	53
CA	1.79	18.233	8.037	53
C	1.445	19.675	8.447	53
N	1.719	20.053	9.701	54
CA	1.49	21.4	10.236	54
C	2.714	22.307	10.027	54
N	3.916	21.727	9.934	55
CA	5.161	22.44	9.624	55
C	5.47	22.429	8.111	55
N	6.125	23.47	7.556	56
CA	6.566	23.469	6.166	56
C	7.601	22.364	5.928	56
N	7.181	21.267	5.304	57
CA	8.114	20.27	4.798	57
C	8.858	20.865	3.597	57
N	10.19	20.78	3.616	58
CA	11.005	21.002	2.431	58
C	10.719	19.861	1.45	58
N	9.689	20.034	0.624	59
CA	9.353	19.077	-0.419	59
C	10.436	19.203	-1.493	59
N	11.156	18.119	-1.839	60
CA	11.792	18.061	-3.138	60
C	10.647	18.196	-4.133	60
N	10.553	19.357	-4.78	61
CA	9.524	19.583	-5.78	61
C	9.532	18.464	-6.819	61
N	8.448	18.355	-7.564	62
CA	8.384	17.429	-8.675	62
C	6.999	17.413	-9.293	62
N	6.895	16.734	-10.427	63
CA	5.676	16.681	-11.23	63
C	4.949	15.339	-11.112	63
N	5.428	14.466	-10.222	64
CA	4.945	13.103	-10.024	64
C	4.625	12.784	-8.56	64
N	4.054	13.73	-7.822	65
CA	3.676	13.515	-6.42	65
C	2.451	12.596	-6.253	65
N	2.38	11.919	-5.113	66
CA	1.307	11.005	-4.7	66
C	0.717	11.435	-3.348	66
N	-0.515	11.025	-3.002	67
CA	-1.421	10.159	-3.767	67
C	-2.189	10.939	-4.845	67
N	-2.93	10.244	-5.709	68
CA	-3.789	10.849	-6.746	68
C	-5.231	10.333	-6.642	68
N	-6.166	11.039	-7.276	69
CA	-7.48	10.489	-7.633	69
C	-7.345	9.677	-8.926	69
N	-7.821	8.436	-8.904	70
CA	-7.814	7.543	-10.057	70
C	-9.147	7.697	-10.78	70
N	-9.124	8.443	-11.881	71
CA	-10.281	8.594	-12.759	71
C	-10.406	7.373	-13.684	71
N	-11.348	6.47	-13.393	72
CA	-11.435	5.143	-14.037	72
C	-11.542	5.27	-15.553	72
N	-12.401	6.183	-16.019	73
CA	-12.656	6.422	-17.45	73
C	-11.489	7.073	-18.193	73
N	-10.539	7.678	-17.477	74
CA	-9.326	8.276	-18.056	74
C	-8.113	7.353	-17.962	74
N	-8.221	6.235	-17.241	75
CA	-7.152	5.242	-17.202	75
C	-6.926	4.624	-18.585	75
N	-5.658	4.461	-18.951	76
CA	-5.243	3.918	-20.242	76
C	-5.019	2.42	-20.078	76
N	-5.908	1.616	-20.659	77
CA	-5.717	0.17	-20.697	77
C	-4.391	-0.166	-21.385	77
N	-3.54	-0.91	-20.685	78
CA	-2.229	-1.311	-21.165	78
C	-2.139	-2.849	-21.187	78
N	-2.375	-3.494	-22.348	79
CA	-2.32	-4.951	-22.468	79
C	-0.902	-5.529	-22.341	79
N	0.139	-4.69	-22.326	80
CA	1.526	-5.109	-22.117	80
C	1.88	-5.252	-20.629	80
N	1.007	-4.814	-19.712	81
CA	1.178	-5.071	-18.285	81
C	1.192	-6.581	-18.031	81
N	2.301	-7.061	-17.464	82
CA	2.5	-8.485	-17.175	82
C	1.624	-8.905	-15.988	82
N	1.378	-10.203	-15.764	83
CA	0.814	-10.644	-14.493	83
C	1.693	-10.179	-13.325	83
N	1.078	-9.586	-12.301	84
CA	1.758	-9.268	-11.052	84
C	2.024	-10.572	-10.295	84
N	3.265	-10.774	-9.861	85
CA	3.686	-11.96	-9.118	85
C	4.182	-11.519	-7.755	85
N	3.418	-11.87	-6.732	86
CA	3.759	-11.675	-5.323	86
C	4.145	-13.02	-4.725	86
N	5.194	-13.033	-3.918	87
CA	5.587	-14.195	-3.139	87
C	6.149	-13.693	-1.822	87
N	5.476	-13.993	-0.717	88
CA	5.922	-13.596	0.611	88
C	6.174	-14.831	1.467	88
N	7.33	-14.874	2.12	89
CA	7.637	-15.866	3.139	89
C	7.256	-15.285	4.508	89
N	6.242	-15.833	5.201	90
CA	5.791	-15.294	6.484	90
C	6.891	-15.286	7.552	90
N	7.929	-16.117	7.384	91
CA	9.075	-16.21	8.296	91
C	10.009	-15.008	8.208	91
N	9.906	-14.169	7.173	92
CA	10.685	-12.925	7.118	92
C	10.039	-11.799	7.919	92
N	8.796	-11.938	8.391	93
CA	8.168	-10.961	9.288	93
C	8.91	-10.91	10.634	93
N	9.256	-9.708	11.105	94
CA	10.097	-9.49	12.289	94
C	9.32	-8.861	13.457	94
N	8.778	-7.66	13.254	95
CA	8.229	-6.847	14.34	95
C	7.16	-5.871	13.862	95
N	6.362	-5.388	14.814	96
CA	5.501	-4.22	14.641	96
C	6.052	-3.111	15.524	96
N	6.108	-1.888	15.014	97
CA	6.418	-0.728	15.842	97
C	5.616	0.498	15.428	97
N	5.386	1.391	16.384	98
CA	4.658	2.637	16.191	98
C	5.652	3.794	16.072	98
N	5.744	4.397	14.889	99
CA	6.693	5.48	14.621	99
C	6.147	6.881	14.947	99
N	4.977	6.957	15.583	100
CA	4.283	8.206	15.877	100
C	3.487	8.777	14.709	100
N	3.468	8.121	13.546	101
CA	2.645	8.48	12.382	101
C	1.705	7.342	11.961	101
N	2.217	6.119	12.001	102
CA	1.503	4.865	11.797	102
C	2.175	3.793	12.658	102
N	1.581	2.607	12.718	103
CA	2.385	1.411	12.933	103
C	2.973	0.923	11.601	103
N	4.109	0.237	11.671	104
CA	4.75	-0.46	10.561	104
C	4.976	-1.908	10.955	104
N	4.826	-2.808	9.99	105
CA	5.199	-4.215	10.132	105
C	6.405	-4.471	9.253	105
N	7.518	-4.845	9.869	106
CA	8.815	-4.957	9.205	106
C	9.152	-6.392	8.816	106
N	9.84	-6.516	7.686	107
CA	10.262	-7.773	7.096	107
C	11.771	-7.771	6.849	107
N	12.405	-8.932	6.999	108
CA	13.782	-9.167	6.566	108
C	13.84	-9.145	5.032	108
N	14.543	-8.15	4.502	109
CA	14.721	-7.859	3.083	109
C	16.151	-8.155	2.586	109
N	16.953	-8.864	3.386	110
CA	18.316	-9.268	3.005	110
C	18.331	-10.366	1.936	110
N	17.204	-11.063	1.742	111
CA	17.053	-12.185	0.802	111
C	15.815	-12.046	-0.086	111
N	15.784	-12.769	-1.209	112
CA	14.652	-12.785	-2.154	112
C	13.46	-13.657	-1.706	112
N	13.32	-13.92	-0.402	113
CA	12.239	-14.766	0.135	113
C	10.865	-14.099	0.064	113
N	10.83	-12.769	0.146	114
CA	9.608	-11.967	0.11	114
C	9.736	-10.883	-0.955	114
N	9.121	-11.098	-2.119	115
CA	9.33	-10.281	-3.319	115
C	8.057	-10.025	-4.121	115
N	8.105	-8.959	-4.92	116
CA	7.149	-8.662	-5.987	116
C	7.888	-8.447	-7.307	116
N	7.303	-8.925	-8.407	117
CA	7.798	-8.707	-9.774	117
C	6.682	-8.812	-10.805	117
N	7.001	-8.487	-12.054	118
CA	6.007	-8.455	-13.123	118
C	5.122	-7.218	-13.01	118
N	3.92	-7.268	-13.577	119
CA	3.102	-6.068	-13.698	119
C	3.827	-4.942	-14.447	119
N	3.87	-3.722	-13.878	120
CA	4.613	-2.587	-14.427	120
C	6.116	-2.614	-14.102	120
N	6.577	-3.538	-13.255	121
CA	7.937	-3.537	-12.719	121
C	8.896	-4.2	-13.699	121
N	10.018	-3.554	-14.014	122
CA	11.085	-4.133	-14.846	122
C	11.94	-5.143	-14.065	122
N	12.175	-4.86	-12.78	123
CA	13.01	-5.626	-11.853	123
C	12.197	-6.418	-10.814	123
N	12.894	-7.226	-10.013	124
CA	12.384	-7.777	-8.762	124
C	12.584	-6.782	-7.614	124
N	11.582	-6.699	-6.74	125
CA	11.601	-5.832	-5.571	125
C	11.391	-6.664	-4.308	125
N	12.151	-6.383	-3.248	126
CA	12.039	-7.06	-1.947	126
C	11.109	-6.308	-1.014	126
N	10.269	-7.046	-0.295	127
CA	9.379	-6.513	0.734	127
C	10.201	-6.003	1.92	127
N	10.004	-4.74	2.293	128
CA	10.638	-4.127	3.463	128
C	9.636	-3.985	4.616	128
N	8.458	-3.426	4.331	129
CA	7.424	-3.207	5.339	129
C	6.033	-3.104	4.722	129
N	5.004	-3.198	5.559	130
CA	3.712	-2.598	5.239	130
C	3.199	-1.712	6.377	130
N	2.329	-0.773	6.024	131
CA	1.643	0.124	6.951	131
C	0.269	0.505	6.398	131
N	-0.502	1.252	7.184	132
CA	-1.843	1.67	6.802	132
C	-2.031	3.171	6.985	132
N	-2.94	3.71	6.19	133
CA	-3.568	4.999	6.407	133
C	-5.044	4.784	6.722	133
N	-5.59	5.497	7.702	134
CA	-6.997	5.367	8.074	134
C	-7.584	6.671	8.599	134
N	-8.9	6.792	8.455	135
CA	-9.644	7.944	8.938	135
C	-10.297	7.699	10.289	135
N	-10.744	8.792	10.892	136
CA	-11.461	8.801	12.168	136
C	-12.82	8.081	12.117	136
N	-13.395	7.898	10.925	137
CA	-14.678	7.225	10.72	137
C	-14.642	6.29	9.498	137
N	-15.758	5.613	9.22	138
CA	-15.829	4.544	8.217	138
C	-15.979	5.044	6.767	138
N	-16.091	6.355	6.543	139
CA	-16.446	6.91	5.234	139
C	-15.236	7.399	4.428	139
N	-14.105	7.655	5.083	140
CA	-12.89	8.187	4.466	140
C	-11.667	7.856	5.323	140
N	-10.477	7.899	4.72	141
CA	-9.234	7.464	5.356	141
C	-8.169	6.921	4.408	141
N	-8.551	6.514	3.194	142
CA	-7.596	6.211	2.127	142
C	-6.894	7.469	1.615	142
N	-5.67	7.301	1.127	143
CA	-4.877	8.355	0.498	143
C	-5.273	8.532	-0.972	143
N	-5.385	7.425	-1.7	144
CA	-5.957	7.398	-3.036	144
C	-7.488	7.431	-2.976	144
N	-8.095	7.824	-4.09	145
CA	-9.531	7.695	-4.324	145
C	-9.776	7.175	-5.737	145
N	-10.975	6.643	-5.971	146
CA	-11.424	6.197	-7.294	146
C	-12.623	7.051	-7.678	146
N	-12.52	7.823	-8.758	147
CA	-13.535	8.806	-9.158	147
C	-14.002	9.659	-7.954	147
N	-13.036	10.146	-7.16	148
CA	-13.208	10.929	-5.918	148
C	-13.844	10.194	-4.742	148
N	-14.1	8.895	-4.866	149
CA	-14.589	8.07	-3.764	149
C	-13.427	7.583	-2.904	149
N	-13.439	7.99	-1.64	150
CA	-12.518	7.519	-0.607	150
C	-13.026	6.227	0.052	150
N	-12.107	5.53	0.714	151
CA	-12.343	4.328	1.512	151
C	-11.962	4.574	2.974	151
N	-12.373	3.684	3.881	152
CA	-12.16	3.857	5.322	152
C	-10.672	3.82	5.713	152
N	-9.879	3.058	4.961	153
CA	-8.44	2.947	5.121	153
C	-7.777	2.49	3.81	153
N	-6.454	2.56	3.768	154
CA	-5.614	2.072	2.68	154
C	-4.36	1.404	3.246	154
N	-4.069	0.194	2.779	155
CA	-2.844	-0.55	3.059	155
C	-1.79	-0.207	2.014	155
N	-0.564	0.059	2.456	156
CA	0.619	0.179	1.608	156
C	1.611	-0.934	1.92	156
N	1.878	-1.796	0.939	157
CA	2.926	-2.822	1.013	157
C	4.137	-2.321	0.225	157
N	5.22	-2.014	0.933	158
CA	6.379	-1.284	0.414	158
C	7.522	-2.233	0.094	158
N	7.984	-2.15	-1.149	159
CA	9.091	-2.936	-1.666	159
C	10.156	-2.03	-2.28	159
N	11.398	-2.505	-2.344	160
CA	12.518	-1.771	-2.939	160
C	13.265	-2.582	-3.998	160
N	13.845	-1.887	-4.978	161
CA	14.481	-2.471	-6.158	161
C	15.886	-2.995	-5.835	161
N	15.943	-4.205	-5.289	162
CA	17.188	-4.883	-4.919	162
C	18.037	-5.329	-6.113	162
N	17.468	-5.393	-7.323	163
CA	18.243	-5.704	-8.535	163
C	19.052	-4.49	-9.02	163
N	18.559	-3.272	-8.753	164
CA	19.13	-2.018	-9.266	164
C	19.971	-1.27	-8.23	164
N	19.599	-1.326	-6.952	165
CA	20.265	-0.595	-5.867	165
C	20.866	-1.542	-4.837	165
N	21.928	-1.092	-4.166	166
CA	22.633	-1.921	-3.186	166
C	22.039	-1.807	-1.784	166
N	21.401	-0.672	-1.488	167
CA	20.813	-0.348	-0.194	167
C	19.412	0.248	-0.366	167
N	18.554	0.04	0.634	168
CA	17.214	0.625	0.672	168
C	17.276	2.16	0.637	168
N	18.216	2.761	1.367	169
CA	18.388	4.213	1.466	169
C	18.759	4.857	0.125	169
N	19.493	4.137	-0.729	170
CA	19.775	4.564	-2.103	170
C	18.508	4.488	-2.958	170
N	17.781	3.371	-2.865	171
CA	16.564	3.141	-3.632	171
C	15.482	4.193	-3.324	171
N	15.301	4.577	-2.058	172
CA	14.323	5.603	-1.641	172
C	14.539	6.952	-2.34	172
N	15.77	7.257	-2.752	173
CA	16.146	8.55	-3.325	173
C	16.163	8.569	-4.858	173
N	15.933	7.432	-5.515	174
CA	16.209	7.255	-6.941	174
C	15.006	6.715	-7.736	174
N	14.958	7.017	-9.037	175
CA	13.84	6.618	-9.903	175
C	13.694	5.091	-10.008	175
N	12.452	4.607	-9.912	176
CA	12.112	3.182	-9.868	176
C	12.774	2.443	-8.695	176
N	13.163	3.154	-7.638	177
CA	13.737	2.545	-6.45	177
C	12.721	1.808	-5.591	177
N	11.448	2.208	-5.612	178
CA	10.399	1.579	-4.812	178
C	9.223	1.094	-5.664	178
N	8.563	0.044	-5.185	179
CA	7.267	-0.409	-5.667	179
C	6.311	-0.515	-4.477	179
N	5.16	0.151	-4.562	180
CA	4.165	0.143	-3.482	180
C	2.851	-0.413	-4.003	180
N	2.386	-1.493	-3.373	181
CA	1.039	-2.016	-3.595	181
C	0.086	-1.288	-2.647	181
N	-0.897	-0.588	-3.213	182
CA	-1.989	0.05	-2.482	182
C	-3.243	-0.824	-2.499	182
N	-3.848	-1.084	-1.339	183
CA	-5.114	-1.831	-1.222	183
C	-6.116	-1.028	-0.406	183
N	-7.294	-0.781	-0.97	184
CA	-8.375	-0.103	-0.261	184
C	-9.055	-1.024	0.755	184
N	-9.385	-0.478	1.925	185
CA	-10.137	-1.155	2.977	185
C	-11.52	-0.518	3.122	185
N	-12.558	-1.337	2.977	186
CA	-13.956	-0.939	3.161	186
C	-14.532	-1.624	4.396	186
N	-15.358	-0.915	5.164	187
CA	-16.103	-1.555	6.258	187
C	-17.133	-2.535	5.698	187
N	-17.078	-3.776	6.174	188
CA	-17.905	-4.891	5.723	188
C	-17.703	-6.12	6.607	188
N	-17.518	-7.289	5.988	189
CA	-17.243	-8.535	6.709	189
C	-15.915	-8.457	7.479	189
N	-15.856	-9.134	8.632	190
CA	-14.612	-9.372	9.382	190
C	-13.559	-10.032	8.488	190
N	-12.34	-9.508	8.543	191
CA	-11.204	-10.022	7.794	191
C	-10.371	-10.974	8.656	191
N	-10.484	-12.285	8.447	192
CA	-9.8	-13.267	9.307	192
C	-8.268	-13.161	9.236	192
N	-7.701	-12.937	8.043	193
CA	-6.248	-12.764	7.876	193
C	-5.665	-11.547	8.61	193
N	-6.485	-10.522	8.872	194
CA	-6.057	-9.297	9.547	194
C	-6.05	-9.466	11.073	194
N	-6.76	-10.468	11.603	195
CA	-7.035	-10.544	13.035	195
C	-5.766	-10.68	13.874	195
N	-4.798	-11.473	13.412	196
CA	-3.517	-11.623	14.106	196
C	-2.789	-10.284	14.28	196
N	-2.843	-9.411	13.27	197
CA	-2.287	-8.063	13.367	197
C	-3.092	-7.23	14.369	197
N	-4.424	-7.227	14.244	198
CA	-5.341	-6.513	15.153	198
C	-5.096	-6.881	16.618	198
N	-4.859	-8.157	16.92	199
CA	-4.596	-8.635	18.282	199
C	-3.251	-8.133	18.842	199
N	-2.277	-7.831	17.976	200
CA	-0.961	-7.323	18.364	200
C	-0.919	-5.79	18.508	200
N	-1.793	-5.057	17.807	201
CA	-1.815	-3.587	17.812	201
C	-1.91	-2.937	19.21	201
N	-2.643	-3.483	20.203	202
CA	-2.64	-2.931	21.558	202
C	-1.252	-2.861	22.211	202
N	-0.329	-3.767	21.862	203
CA	1.041	-3.75	22.381	203
C	1.872	-2.586	21.819	203
N	1.456	-2.019	20.679	204
CA	2.106	-0.869	20.035	204
C	1.247	0.401	20.06	204
N	0.413	0.538	21.098	205
CA	-0.565	1.628	21.212	205
C	0.065	3.021	21.141	205
N	1.207	3.215	21.792	206
CA	1.875	4.512	21.931	206
C	3.032	4.653	20.946	206
N	3.38	5.882	20.573	207
CA	4.592	6.156	19.792	207
C	5.841	5.543	20.45	207
N	6.786	5.118	19.614	208
CA	8.085	4.516	19.946	208
C	8.0	3.119	20.594	208
N	6.795	2.554	20.712	209
CA	6.605	1.167	21.14	209
C	6.9	0.174	20.013	209
N	7.416	-0.995	20.393	210
CA	7.786	-2.093	19.495	210
C	7.41	-3.43	20.125	210
N	6.959	-4.374	19.304	211
CA	6.662	-5.748	19.713	211
C	7.133	-6.73	18.647	211
N	7.677	-7.864	19.084	212
CA	8.0	-8.973	18.191	212
C	6.723	-9.494	17.515	212
N	6.78	-9.671	16.197	213
CA	5.639	-10.093	15.403	213
C	6.112	-10.923	14.219	213
N	6.086	-12.239	14.397	214
CA	6.622	-13.18	13.418	214
C	5.52	-13.951	12.698	214
N	5.867	-14.611	11.585	215
CA	4.984	-15.554	10.867	215
C	3.683	-14.889	10.406	215
N	3.774	-13.718	9.783	216
CA	2.626	-13.024	9.198	216
C	2.812	-12.896	7.687	216
N	1.857	-13.436	6.933	217
CA	1.853	-13.403	5.473	217
C	1.056	-12.186	4.982	217
N	1.682	-11.156	4.391	218
CA	0.937	-10.015	3.878	218
C	0.085	-10.373	2.652	218
N	0.273	-11.55	2.035	219
CA	-0.594	-12.033	0.949	219
C	-2.043	-12.167	1.404	219
N	-2.28	-12.437	2.696	220
CA	-3.64	-12.52	3.22	220
C	-4.37	-11.171	3.207	220
N	-3.655	-10.051	3.057	221
CA	-4.219	-8.702	2.989	221
C	-4.42	-8.211	1.547	221
N	-4.029	-9.013	0.557	222
CA	-4.313	-8.738	-0.844	222
C	-5.743	-9.186	-1.184	222
N	-6.417	-8.508	-2.127	223
CA	-7.703	-8.975	-2.626	223
C	-7.56	-10.301	-3.385	223
N	-8.67	-11.024	-3.547	224
CA	-8.704	-12.283	-4.306	224
C	-8.226	-12.1	-5.756	224
N	-8.613	-10.993	-6.403	225
CA	-8.125	-10.626	-7.726	225
C	-7.012	-9.571	-7.642	225
N	-5.766	-10.034	-7.75	226
CA	-4.573	-9.177	-7.878	226
C	-4.18	-8.871	-9.334	226
N	-4.926	-9.385	-10.318	227
CA	-4.647	-9.149	-11.743	227
C	-5.189	-7.801	-12.217	227
N	-6.216	-7.274	-11.547	228
CA	-6.835	-5.986	-11.846	228
C	-6.27	-4.882	-10.938	228
N	-5.481	-3.977	-11.51	229
CA	-4.902	-2.844	-10.795	229
C	-4.687	-1.647	-11.725	229
N	-4.522	-0.476	-11.116	230
CA	-3.977	0.71	-11.763	230
C	-2.511	0.892	-11.405	230
N	-1.751	1.523	-12.291	231
CA	-0.344	1.819	-12.041	231
C	0.074	3.156	-12.628	231
N	0.961	3.845	-11.912	232
CA	1.542	5.113	-12.328	232
C	2.88	5.368	-11.6	232
N	3.819	6.115	-12.21	233
CA	5.006	6.606	-11.517	233
C	4.631	7.76	-10.58	233
N	5.029	7.651	-9.319	234
CA	4.626	8.544	-8.245	234
C	5.701	8.773	-7.188	234
N	5.261	9.227	-6.016	235
CA	6.132	9.53	-4.884	235
C	5.77	8.739	-3.637	235
N	6.653	8.779	-2.639	236
CA	6.252	8.516	-1.261	236
C	5.176	9.522	-0.826	236
N	4.282	9.08	0.049	237
CA	3.198	9.895	0.616	237
C	3.53	10.387	2.026	237
N	4.665	9.951	2.569	238
CA	5.317	10.472	3.773	238
C	6.719	10.995	3.433	238
N	7.301	11.905	4.241	239
CA	8.664	12.381	4.018	239
C	9.654	11.232	3.781	239
N	10.588	11.372	2.821	240
CA	10.972	12.606	2.121	240
C	10.136	12.971	0.875	240
N	9.011	12.291	0.602	241
CA	8.122	12.56	-0.549	241
C	8.82	12.429	-1.92	241
N	9.864	11.605	-1.991	242
CA	10.673	11.376	-3.193	242
C	9.874	10.692	-4.297	242
N	10.097	11.102	-5.55	243
CA	9.444	10.558	-6.758	243
C	10.1	9.251	-7.243	243
N	10.258	8.306	-6.313	244
CA	10.947	7.026	-6.484	244
C	9.991	5.827	-6.65	244
N	8.677	6.052	-6.542	245
CA	7.686	4.985	-6.352	245
C	6.995	4.625	-7.661	245
N	6.971	3.34	-8.004	246
CA	5.965	2.79	-8.92	246
C	4.763	2.327	-8.107	246
N	3.633	3.018	-8.251	247
CA	2.393	2.648	-7.572	247
C	1.676	1.521	-8.308	247
N	1.126	0.58	-7.545	248
CA	0.28	-0.518	-8.015	248
C	-0.962	-0.538	-7.12	248
N	-2.016	0.158	-7.532	249
CA	-3.234	0.324	-6.729	249
C	-4.253	-0.727	-7.145	249
N	-4.571	-1.645	-6.237	250
CA	-5.518	-2.727	-6.488	250
C	-6.917	-2.179	-6.766	250
N	-7.578	-2.737	-7.786	251
CA	-8.959	-2.374	-8.126	251
C	-9.954	-2.875	-7.089	251
N	-9.76	-4.11	-6.637	252
CA	-10.613	-4.737	-5.641	252
C	-10.166	-4.313	-4.238	252
N	-11.113	-3.814	-3.447	253
CA	-10.913	-3.544	-2.027	253
C	-11.038	-4.834	-1.205	253
N	-10.43	-4.867	-0.024	254
CA	-10.74	-5.873	0.999	254
C	-11.792	-5.328	1.973	254
N	-12.575	-6.223	2.571	255
CA	-13.52	-5.859	3.628	255
C	-12.902	-6.081	5.002	255
N	-13.164	-5.169	5.934	256
CA	-12.754	-5.262	7.341	256
C	-13.939	-4.931	8.24	256
N	-14.028	-5.525	9.433	257
CA	-15.127	-5.172	10.34	257
C	-14.913	-3.795	10.973	257
N	-16.008	-3.19	11.444	258
CA	-15.944	-1.947	12.21	258
C	-15.029	-2.078	13.437	258
N	-15.144	-3.187	14.173	259
CA	-14.363	-3.442	15.387	259
C	-12.866	-3.583	15.092	259
N	-12.503	-4.213	13.968	260
CA	-11.104	-4.302	13.545	260
C	-10.521	-2.906	13.291	260
N	-11.233	-2.022	12.579	261
CA	-10.784	-0.633	12.394	261
C	-10.846	0.206	13.676	261
N	-11.733	-0.11	14.62	262
CA	-11.768	0.575	15.909	262
C	-10.459	0.372	16.692	262
N	-9.815	-0.796	16.564	263
CA	-8.49	-1.04	17.159	263
C	-7.423	-0.131	16.544	263
N	-7.434	0.077	15.224	264
CA	-6.505	0.997	14.547	264
C	-6.672	2.426	15.075	264
N	-7.923	2.889	15.187	265
CA	-8.268	4.217	15.727	265
C	-7.956	4.379	17.219	265
N	-7.655	3.286	17.923	266
CA	-7.261	3.31	19.333	266
C	-5.766	3.582	19.541	266
N	-4.954	3.482	18.482	267
CA	-3.533	3.826	18.505	267
C	-3.336	5.334	18.687	267
N	-2.122	5.728	19.059	268
CA	-1.782	7.094	19.434	268
C	-0.527	7.568	18.696	268
N	-0.561	8.816	18.22	269
CA	0.605	9.514	17.661	269
C	1.639	9.881	18.737	269
N	1.222	9.864	20.002	270
CA	1.983	10.342	21.155	270
C	2.565	9.198	21.975	270
N	3.691	9.455	22.641	271
CA	4.276	8.507	23.593	271
C	3.419	8.413	24.865	271
N	3.72	7.454	25.74	272
CA	2.987	7.285	26.997	272
C	3.238	8.437	27.991	272
N	4.375	9.121	27.866	273
CA	4.829	10.196	28.754	273
C	4.265	11.572	28.367	273
N	3.758	11.722	27.139	274
CA	3.17	12.975	26.673	274
C	1.863	13.297	27.419	274
N	1.746	14.525	27.934	275
CA	0.578	14.961	28.719	275
C	-0.726	14.964	27.91	275
N	-0.634	15.255	26.61	276
CA	-1.785	15.302	25.706	276
C	-1.711	14.111	24.77	276
N	-2.552	13.118	25.032	277
CA	-2.667	11.942	24.181	277
C	-3.45	12.283	22.908	277
N	-2.927	11.903	21.736	278
CA	-3.569	12.17	20.436	278
C	-3.829	10.876	19.682	278
N	-5.099	10.612	19.381	279
CA	-5.519	9.484	18.545	279
C	-4.837	9.515	17.189	279
N	-4.269	8.376	16.811	280
CA	-3.735	8.123	15.486	280
C	-4.91	7.912	14.537	280
N	-5.413	9.004	13.977	281
CA	-6.466	9.028	12.958	281
C	-6.13	10.103	11.941	281
N	-6.642	9.951	10.722	282
CA	-6.414	10.892	9.627	282
C	-4.915	11.035	9.31	282
N	-4.183	9.921	9.391	283
CA	-2.747	9.85	9.132	283
C	-2.433	9.739	7.63	283
N	-3.276	10.296	6.762	284
CA	-3.141	10.26	5.307	284
C	-2.699	11.622	4.757	284
N	-2.017	11.608	3.617	285
CA	-1.675	12.782	2.817	285
C	-2.83	13.147	1.885	285
N	-3.044	14.447	1.685	286
CA	-4.015	14.944	0.695	286
C	-3.578	14.625	-0.737	286
N	-4.548	14.419	-1.624	287
CA	-4.298	14.111	-3.032	287
C	-3.572	15.245	-3.764	287
N	-2.736	14.858	-4.721	288
CA	-1.859	15.712	-5.51	288
C	-2.31	15.707	-6.974	288
N	-1.968	16.762	-7.71	289
CA	-2.312	16.853	-9.126	289
C	-1.582	15.791	-9.965	289
N	-2.287	15.24	-10.956	290
CA	-1.719	14.25	-11.872	290
C	-0.633	14.845	-12.789	290
N	-0.71	16.156	-13.073	291
CA	0.257	16.931	-13.878	291
C	0.612	16.295	-15.232	291
N	-0.395	15.769	-15.927	292
CA	-0.235	15.194	-17.268	292
C	0.343	13.777	-17.305	292
N	0.64	13.156	-16.153	293
CA	0.959	11.723	-16.099	293
C	-0.225	10.886	-16.58	293
N	0.072	9.757	-17.21	294
CA	-0.92	8.732	-17.489	294
C	-1.059	7.781	-16.294	294
N	-2.294	7.374	-16.006	295
CA	-2.582	6.221	-15.149	295
C	-2.927	5.057	-16.063	295
N	-2.194	3.957	-15.95	296
CA	-2.456	2.75	-16.725	296
C	-3.319	1.769	-15.939	296
N	-4.11	0.961	-16.638	297
CA	-4.907	-0.127	-16.061	297
C	-4.563	-1.462	-16.72	297
N	-4.494	-2.532	-15.921	298
CA	-4.281	-3.912	-16.402	298
C	-5.553	-4.576	-16.942	298
N	-6.687	-3.886	-16.845	299
CA	-8.005	-4.334	-17.273	299
C	-8.657	-3.258	-18.141	299
N	-9.58	-3.653	-19.017	300
CA	-10.318	-2.674	-19.815	300
C	-11.315	-1.918	-18.925	300
N	-11.239	-0.577	-18.824	301
CA	-12.207	0.205	-18.056	301
C	-13.6	0.244	-18.719	301
N	-13.734	-0.256	-19.957	302
CA	-14.952	-0.199	-20.776	302
C	-15.591	-1.573	-21.038	302
N	-15.579	-2.497	-20.076	303
CA	-16.43	-3.684	-20.2	303
C	-17.889	-3.281	-19.945	303
N	-18.63	-3.118	-21.05	304
CA	-20.094	-3.01	-21.096	304
C	-20.704	-4.158	-20.291	304
N	-21.736	-3.877	-19.497	305
CA	-22.636	-4.924	-19.009	305
C	-23.054	-5.784	-20.207	305
N	-22.69	-7.063	-20.186	306
CA	-23.247	-8.036	-21.121	306
C	-24.752	-8.064	-20.852	306
N	-25.634	-7.76	-21.825	307
CA	-27.068	-7.824	-21.583	307
C	-27.417	-9.24	-21.133	307
N	-28.16	-9.36	-20.032	308
CA	-28.746	-10.631	-19.617	308
C	-29.483	-11.224	-20.813	308
N	-29.12	-12.448	-21.209	309
CA	-29.944	-13.213	-22.143	309
C	-31.302	-13.415	-21.47	309
N	-32.343	-12.868	-22.091	310
CA	-33.741	-13.242	-21.846	310
C	-33.942	-14.753	-22.02	310
