ATOM	X	Y	Z	RESIDUE
N	-31.037	8.807	-11.753	1
CA	-30.059	8.45	-10.711	1
C	-28.911	9.412	-10.904	1
N	-28.687	10.319	-9.957	2
CA	-27.546	11.242	-10.025	2
C	-26.263	10.449	-9.79	2
N	-25.278	10.625	-10.663	3
CA	-23.96	9.999	-10.549	3
C	-22.879	11.071	-10.554	3
N	-21.703	10.741	-10.032	4
CA	-20.533	11.615	-10.079	4
C	-19.286	10.817	-10.455	4
N	-18.263	11.509	-10.958	5
CA	-16.99	10.902	-11.332	5
C	-15.954	11.139	-10.234	5
N	-15.301	10.07	-9.785	6
CA	-14.17	10.137	-8.863	6
C	-12.961	9.433	-9.475	6
N	-11.776	10.026	-9.336	7
CA	-10.545	9.513	-9.947	7
C	-9.491	9.232	-8.89	7
N	-8.875	8.055	-8.973	8
CA	-7.668	7.71	-8.221	8
C	-6.579	7.259	-9.186	8
N	-5.329	7.445	-8.788	9
CA	-4.156	6.978	-9.52	9
C	-3.309	6.032	-8.669	9
N	-2.384	5.346	-9.331	10
CA	-1.336	4.538	-8.726	10
C	-0.124	4.503	-9.649	10
N	1.028	4.172	-9.089	11
CA	2.264	3.952	-9.838	11
C	2.861	2.625	-9.394	11
N	3.579	1.958	-10.288	12
CA	4.189	0.675	-9.967	12
C	5.53	0.844	-9.222	12
N	6.176	-0.274	-8.885	13
CA	7.462	-0.29	-8.168	13
C	8.622	0.416	-8.892	13
N	8.529	0.62	-10.21	14
CA	9.588	1.244	-11.003	14
C	9.503	2.766	-11.061	14
N	8.426	3.377	-10.568	15
CA	8.344	4.833	-10.484	15
C	9.441	5.379	-9.552	15
N	10.149	6.478	-9.88	16
CA	11.308	6.929	-9.1	16
C	10.982	7.262	-7.636	16
N	9.842	7.9	-7.347	17
CA	9.404	8.07	-5.947	17
C	9.149	6.728	-5.237	17
N	8.589	5.728	-5.937	18
CA	8.36	4.401	-5.351	18
C	9.626	3.589	-5.193	18
N	10.61	3.782	-6.06	19
CA	11.958	3.274	-5.853	19
C	12.541	3.828	-4.543	19
N	12.391	5.131	-4.284	20
CA	12.846	5.739	-3.034	20
C	12.125	5.175	-1.806	20
N	10.794	5.063	-1.84	21
CA	10.03	4.442	-0.75	21
C	10.516	3.01	-0.46	21
N	10.743	2.21	-1.507	22
CA	11.212	0.828	-1.376	22
C	12.626	0.75	-0.798	22
N	13.56	1.6	-1.235	23
CA	14.911	1.644	-0.653	23
C	14.848	2.017	0.831	23
N	14.072	3.043	1.183	24
CA	13.924	3.495	2.568	24
C	13.38	2.384	3.474	24
N	12.386	1.619	3.011	25
CA	11.874	0.47	3.766	25
C	12.778	-0.768	3.724	25
N	13.586	-0.962	2.679	26
CA	14.605	-2.01	2.665	26
C	15.698	-1.742	3.716	26
N	16.093	-0.475	3.9	27
CA	16.996	-0.064	4.987	27
C	16.345	-0.306	6.349	27
N	15.077	0.086	6.523	28
CA	14.332	-0.182	7.756	28
C	14.269	-1.68	8.078	28
N	13.893	-2.51	7.103	29
CA	13.805	-3.959	7.273	29
C	15.154	-4.541	7.712	29
N	16.263	-4.107	7.101	30
CA	17.607	-4.568	7.451	30
C	18.043	-4.148	8.867	30
N	17.672	-2.942	9.311	31
CA	17.9	-2.501	10.688	31
C	17.1	-3.353	11.684	31
N	15.796	-3.518	11.445	32
CA	14.881	-4.219	12.35	32
C	15.102	-5.737	12.398	32
N	15.647	-6.336	11.336	33
CA	16.029	-7.754	11.321	33
C	17.098	-8.077	12.377	33
N	18.064	-7.176	12.576	34
CA	19.17	-7.367	13.522	34
C	18.922	-6.691	14.878	34
N	18.222	-5.557	14.886	35
CA	17.902	-4.777	16.079	35
C	16.447	-4.28	16.007	35
N	15.487	-5.038	16.572	36
CA	14.069	-4.672	16.583	36
C	13.772	-3.337	17.285	36
N	14.709	-2.813	18.082	37
CA	14.573	-1.524	18.758	37
C	15.148	-0.353	17.954	37
N	15.656	-0.585	16.74	38
CA	16.212	0.459	15.872	38
C	15.291	1.677	15.769	38
N	15.883	2.87	15.83	39
CA	15.213	4.136	15.515	39
C	15.63	4.519	14.111	39
N	14.675	4.593	13.196	40
CA	14.936	4.777	11.767	40
C	14.025	5.882	11.247	40
N	14.64	6.879	10.625	41
CA	14.033	7.896	9.78	41
C	14.897	8.002	8.511	41
N	14.847	6.957	7.682	42
CA	15.649	6.85	6.469	42
C	14.906	7.479	5.293	42
N	15.472	8.548	4.759	43
CA	15.017	9.204	3.549	43
C	15.882	8.769	2.367	43
N	15.249	8.608	1.212	44
CA	15.929	8.33	-0.055	44
C	15.517	9.357	-1.098	44
N	16.481	9.854	-1.876	45
CA	16.223	10.566	-3.125	45
C	17.042	9.988	-4.287	45
N	16.567	10.181	-5.515	46
CA	17.238	9.676	-6.717	46
C	17.071	10.617	-7.904	46
N	18.091	10.646	-8.762	47
CA	18.079	11.272	-10.089	47
C	19.097	10.543	-10.976	47
N	19.305	11.01	-12.205	48
CA	20.243	10.44	-13.181	48
C	21.556	9.987	-12.538	48
N	21.819	8.68	-12.619	49
CA	23.04	8.03	-12.14	49
C	23.352	8.238	-10.636	49
N	22.336	8.503	-9.807	50
CA	22.507	8.797	-8.383	50
C	21.342	8.283	-7.531	50
N	21.682	7.659	-6.409	51
CA	20.794	7.452	-5.265	51
C	21.476	8.034	-4.03	51
N	20.742	8.78	-3.212	52
CA	21.207	9.234	-1.905	52
C	20.273	8.697	-0.828	52
N	20.844	8.057	0.19	53
CA	20.161	7.726	1.446	53
C	20.661	8.662	2.542	53
N	19.741	9.259	3.287	54
CA	20.037	10.265	4.301	54
C	19.005	10.244	5.432	54
N	19.267	10.973	6.514	55
CA	18.38	11.057	7.679	55
C	19.018	10.463	8.929	55
N	18.198	9.932	9.834	56
CA	18.649	9.561	11.175	56
C	18.397	8.085	11.496	56
N	19.468	7.351	11.808	57
CA	19.409	5.945	12.208	57
C	20.228	5.72	13.481	57
N	19.546	5.287	14.54	58
CA	20.17	4.766	15.762	58
C	19.853	3.282	15.867	58
N	20.847	2.443	15.589	59
CA	20.709	0.982	15.551	59
C	21.986	0.298	16.032	59
N	21.848	-0.921	16.557	60
CA	22.955	-1.859	16.804	60
C	23.253	-2.746	15.589	60
N	22.407	-2.707	14.559	61
CA	22.568	-3.489	13.342	61
C	23.854	-3.108	12.596	61
N	24.512	-4.098	11.994	62
CA	25.581	-3.845	11.021	62
C	24.949	-3.78	9.636	62
N	24.855	-2.573	9.076	63
CA	24.123	-2.301	7.832	63
C	25.076	-1.771	6.765	63
N	25.1	-2.435	5.61	64
CA	25.729	-1.923	4.391	64
C	24.659	-1.231	3.536	64
N	24.527	0.084	3.724	65
CA	23.528	0.896	3.029	65
C	23.704	0.865	1.51	65
N	24.949	0.88	1.027	66
CA	25.221	0.859	-0.406	66
C	24.734	-0.45	-1.023	66
N	25.043	-1.584	-0.389	67
CA	24.553	-2.885	-0.844	67
C	23.023	-2.938	-0.894	67
N	22.328	-2.451	0.138	68
CA	20.852	-2.447	0.19	68
C	20.257	-1.619	-0.951	68
N	20.801	-0.424	-1.196	69
CA	20.378	0.441	-2.306	69
C	20.508	-0.295	-3.637	69
N	21.683	-0.878	-3.904	70
CA	21.957	-1.568	-5.172	70
C	21.069	-2.796	-5.351	70
N	20.911	-3.606	-4.309	71
CA	20.071	-4.805	-4.348	71
C	18.601	-4.467	-4.61	71
N	18.092	-3.405	-3.983	72
CA	16.712	-2.941	-4.178	72
C	16.489	-2.434	-5.607	72
N	17.385	-1.586	-6.13	73
CA	17.341	-1.122	-7.524	73
C	17.336	-2.296	-8.518	73
N	18.219	-3.28	-8.301	74
CA	18.357	-4.452	-9.173	74
C	17.094	-5.311	-9.17	74
N	16.499	-5.547	-7.999	75
CA	15.284	-6.353	-7.851	75
C	14.053	-5.743	-8.554	75
N	13.969	-4.41	-8.612	76
CA	12.907	-3.673	-9.321	76
C	13.071	-3.773	-10.852	76
N	14.318	-3.891	-11.315	77
CA	14.684	-4.045	-12.725	77
C	15.54	-2.91	-13.287	77
N	16.113	-2.054	-12.438	78
CA	17.052	-1.006	-12.845	78
C	18.473	-1.566	-12.98	78
N	18.742	-2.192	-14.128	79
CA	19.978	-2.949	-14.413	79
C	20.842	-2.341	-15.524	79
N	20.458	-1.182	-16.064	80
CA	21.222	-0.469	-17.093	80
C	20.771	0.988	-17.233	80
N	21.639	1.839	-17.785	81
CA	21.281	3.224	-18.121	81
C	20.119	3.295	-19.126	81
N	19.99	2.287	-19.999	82
CA	18.908	2.195	-20.984	82
C	17.527	2.161	-20.328	82
N	17.392	1.564	-19.137	83
CA	16.122	1.526	-18.389	83
C	15.961	2.684	-17.401	83
N	16.962	3.562	-17.278	84
CA	16.887	4.816	-16.52	84
C	17.698	4.857	-15.221	84
N	18.278	3.733	-14.796	85
CA	19.254	3.636	-13.707	85
C	19.953	2.268	-13.789	85
N	21.267	2.247	-13.581	86
CA	22.06	1.023	-13.454	86
C	22.474	0.809	-11.989	86
N	21.902	-0.206	-11.333	87
CA	22.186	-0.539	-9.936	87
C	23.673	-0.808	-9.644	87
N	24.448	-1.257	-10.631	88
CA	25.852	-1.633	-10.461	88
C	26.817	-0.483	-10.789	88
N	26.337	0.581	-11.449	89
CA	27.164	1.732	-11.866	89
C	26.77	3.059	-11.223	89
N	25.558	3.168	-10.676	90
CA	25.094	4.413	-10.078	90
C	25.905	4.811	-8.844	90
N	26.006	6.124	-8.616	91
CA	26.57	6.664	-7.379	91
C	25.581	6.417	-6.249	91
N	26.054	5.83	-5.156	92
CA	25.296	5.751	-3.908	92
C	25.944	6.692	-2.904	92
N	25.197	7.708	-2.485	93
CA	25.625	8.685	-1.492	93
C	24.931	8.364	-0.169	93
N	25.685	8.36	0.926	94
CA	25.163	8.057	2.263	94
C	25.457	9.242	3.172	94
N	24.409	9.86	3.712	95
CA	24.51	10.921	4.712	95
C	23.548	10.64	5.875	95
N	23.874	9.607	6.653	96
CA	23.067	9.116	7.772	96
C	23.771	9.471	9.08	96
N	23.054	10.14	9.975	97
CA	23.506	10.457	11.331	97
C	22.713	9.659	12.376	97
N	23.098	9.762	13.649	98
CA	22.28	9.224	14.737	98
C	21.069	10.122	14.994	98
N	19.998	9.542	15.538	99
CA	18.851	10.317	16.006	99
C	19.285	11.372	17.028	99
N	18.749	12.589	16.89	100
CA	18.972	13.665	17.856	100
C	18.705	13.192	19.297	100
N	19.633	13.439	20.243	101
CA	19.457	13.045	21.638	101
C	18.254	13.739	22.298	101
N	17.908	14.954	21.861	102
CA	16.764	15.722	22.373	102
C	15.422	15.072	22.003	102
N	15.363	14.443	20.822	103
CA	14.219	13.632	20.386	103
C	14.215	12.306	21.154	103
N	15.374	11.654	21.266	104
CA	15.493	10.343	21.896	104
C	15.04	10.338	23.368	104
N	15.378	11.376	24.144	105
CA	14.93	11.493	25.537	105
C	13.406	11.662	25.643	105
N	12.805	12.483	24.771	106
CA	11.374	12.789	24.815	106
C	10.503	11.607	24.393	106
N	10.941	10.863	23.376	107
CA	10.164	9.772	22.772	107
C	10.32	8.467	23.551	107
N	11.558	8.014	23.765	108
CA	11.848	6.689	24.334	108
C	12.821	6.728	25.523	108
N	13.16	7.916	26.04	109
CA	14.037	8.074	27.202	109
C	15.422	7.468	26.982	109
N	15.99	7.564	25.776	110
CA	17.198	6.806	25.406	110
C	17.059	5.291	25.649	110
N	15.914	4.73	25.244	111
CA	15.583	3.3	25.348	111
C	15.28	2.827	26.781	111
N	14.89	3.736	27.682	112
CA	14.55	3.4	29.08	112
C	13.051	3.378	29.377	112
N	12.216	4.018	28.547	113
CA	10.756	4.067	28.743	113
C	10.106	2.698	28.52	113
N	9.133	2.351	29.362	114
CA	8.263	1.195	29.134	114
C	7.335	1.439	27.924	114
N	6.804	0.394	27.256	115
CA	5.985	0.547	26.046	115
C	4.801	1.518	26.181	115
N	4.089	1.482	27.301	116
CA	2.965	2.366	27.611	116
C	3.367	3.833	27.844	116
N	4.651	4.096	28.107	117
CA	5.222	5.428	28.342	117
C	5.928	6.005	27.108	117
N	6.069	5.212	26.037	118
CA	6.647	5.667	24.77	118
C	5.77	6.787	24.217	118
N	6.359	7.976	24.125	119
CA	5.719	9.134	23.528	119
C	5.665	9.026	22.009	119
N	4.768	9.779	21.373	120
CA	4.758	9.872	19.918	120
C	6.108	10.387	19.4	120
N	6.634	9.754	18.346	121
CA	7.918	10.114	17.74	121
C	7.955	11.511	17.119	121
N	6.784	12.056	16.791	122
CA	6.574	13.409	16.285	122
C	5.127	13.85	16.588	122
N	4.825	15.131	16.391	123
CA	3.453	15.607	16.279	123
C	2.846	15.21	14.928	123
N	1.522	15.139	14.863	124
CA	0.831	14.93	13.597	124
C	-0.595	14.452	13.788	124
N	-1.28	14.243	12.673	125
CA	-2.582	13.595	12.641	125
C	-2.64	12.576	11.509	125
N	-3.42	11.519	11.695	126
CA	-3.489	10.378	10.787	126
C	-4.946	10.001	10.568	126
N	-5.251	9.481	9.379	127
CA	-6.601	9.077	9.005	127
C	-6.661	7.613	8.573	127
N	-7.697	6.944	9.056	128
CA	-8.074	5.575	8.771	128
C	-9.361	5.57	7.979	128
N	-9.432	4.823	6.884	129
CA	-10.646	4.755	6.08	129
C	-10.993	3.321	5.696	129
N	-12.291	3.035	5.656	130
CA	-12.856	1.816	5.1	130
C	-14.235	2.09	4.487	130
N	-14.599	1.267	3.513	131
CA	-15.819	1.356	2.697	131
C	-16.183	-0.05	2.233	131
N	-17.465	-0.373	2.104	132
CA	-17.942	-1.713	1.733	132
C	-17.99	-1.98	0.216	132
N	-17.462	-1.066	-0.599	133
CA	-17.53	-1.153	-2.063	133
C	-16.642	-2.252	-2.683	133
N	-15.614	-2.729	-1.966	134
CA	-14.794	-3.889	-2.364	134
C	-14.608	-4.893	-1.22	134
N	-14.286	-6.171	-1.52	135
CA	-14.035	-7.186	-0.49	135
C	-12.902	-6.829	0.481	135
N	-11.906	-6.066	0.025	136
CA	-10.766	-5.618	0.836	136
C	-11.097	-4.389	1.71	136
N	-12.353	-3.936	1.67	137
CA	-12.875	-2.753	2.345	137
C	-12.127	-1.465	1.97	137
N	-11.885	-1.281	0.672	138
CA	-11.128	-0.17	0.092	138
C	-11.911	0.511	-1.037	138
N	-11.598	1.774	-1.381	139
CA	-12.228	2.433	-2.517	139
C	-11.89	1.752	-3.849	139
N	-12.892	1.452	-4.676	140
CA	-12.74	0.75	-5.948	140
C	-11.809	1.503	-6.901	140
N	-11.921	2.833	-7.008	141
CA	-11.032	3.622	-7.877	141
C	-9.556	3.422	-7.517	141
N	-9.235	3.389	-6.22	142
CA	-7.884	3.136	-5.73	142
C	-7.464	1.675	-5.944	142
N	-8.331	0.714	-5.602	143
CA	-8.069	-0.725	-5.781	143
C	-7.759	-1.051	-7.239	143
N	-8.55	-0.535	-8.183	144
CA	-8.345	-0.797	-9.606	144
C	-7.055	-0.155	-10.118	144
N	-6.79	1.12	-9.811	145
CA	-5.537	1.766	-10.212	145
C	-4.321	0.988	-9.677	145
N	-4.328	0.64	-8.392	146
CA	-3.239	-0.111	-7.761	146
C	-3.059	-1.513	-8.347	146
N	-4.147	-2.266	-8.568	147
CA	-4.074	-3.596	-9.197	147
C	-3.605	-3.521	-10.655	147
N	-3.953	-2.466	-11.402	148
CA	-3.425	-2.234	-12.754	148
C	-1.91	-2.0	-12.722	148
N	-1.416	-1.178	-11.79	149
CA	0.02	-0.941	-11.615	149
C	0.791	-2.214	-11.249	149
N	0.236	-3.042	-10.359	150
CA	0.815	-4.338	-10.003	150
C	0.824	-5.315	-11.191	150
N	-0.29	-5.416	-11.928	151
CA	-0.393	-6.274	-13.115	151
C	0.563	-5.839	-14.223	151
N	0.754	-4.533	-14.416	152
CA	1.717	-3.981	-15.372	152
C	3.147	-4.458	-15.067	152
N	3.542	-4.461	-13.791	153
CA	4.82	-5.051	-13.366	153
C	4.868	-6.557	-13.602	153
N	3.793	-7.275	-13.285	154
CA	3.739	-8.729	-13.433	154
C	3.984	-9.157	-14.886	154
N	3.294	-8.532	-15.851	155
CA	3.435	-8.864	-17.281	155
C	4.801	-8.486	-17.861	155
N	5.513	-7.54	-17.232	156
CA	6.928	-7.264	-17.514	156
C	7.809	-8.39	-16.98	156
N	7.698	-8.7	-15.683	157
CA	8.576	-9.668	-15.002	157
C	8.401	-11.101	-15.508	157
N	7.205	-11.475	-15.96	158
CA	6.938	-12.803	-16.52	158
C	7.152	-12.892	-18.046	158
N	7.532	-11.789	-18.703	159
CA	7.832	-11.744	-20.136	159
C	6.624	-11.71	-21.079	159
N	5.385	-11.637	-20.573	160
CA	4.171	-11.514	-21.411	160
C	4.251	-10.288	-22.322	160
N	4.714	-9.156	-21.786	161
CA	4.979	-7.936	-22.545	161
C	6.458	-7.554	-22.38	161
N	7.347	-8.249	-23.096	162
CA	8.803	-8.118	-22.944	162
C	9.369	-6.721	-23.279	162
N	8.621	-5.903	-24.026	163
CA	8.976	-4.522	-24.367	163
C	8.808	-3.538	-23.194	163
N	8.168	-3.96	-22.094	164
CA	7.955	-3.123	-20.915	164
C	9.255	-2.84	-20.164	164
N	9.391	-1.595	-19.715	165
CA	10.435	-1.159	-18.781	165
C	9.837	-0.861	-17.395	165
N	10.66	-0.644	-16.35	166
CA	10.166	-0.621	-14.975	166
C	9.123	0.455	-14.651	166
N	9.261	1.689	-15.142	167
CA	8.435	2.833	-14.714	167
C	7.029	2.819	-15.343	167
N	5.981	2.825	-14.517	168
CA	4.595	2.78	-14.975	168
C	3.622	3.518	-14.058	168
N	2.641	4.183	-14.674	169
CA	1.59	4.977	-14.024	169
C	0.219	4.527	-14.511	169
N	-0.754	4.533	-13.613	170
CA	-2.129	4.101	-13.88	170
C	-3.116	5.047	-13.213	170
N	-4.262	5.278	-13.842	171
CA	-5.315	6.127	-13.296	171
C	-6.682	5.594	-13.717	171
N	-7.633	5.598	-12.787	172
CA	-8.986	5.082	-13.001	172
C	-9.998	6.112	-12.521	172
N	-10.871	6.532	-13.432	173
CA	-12.059	7.332	-13.134	173
C	-13.259	6.4	-13.06	173
N	-13.897	6.333	-11.897	174
CA	-15.084	5.514	-11.637	174
C	-16.299	6.426	-11.511	174
N	-17.406	5.988	-12.095	175
CA	-18.715	6.605	-11.934	175
C	-19.422	5.995	-10.719	175
N	-19.856	6.845	-9.792	176
CA	-20.432	6.454	-8.509	176
C	-21.862	6.957	-8.342	176
N	-22.66	6.165	-7.633	177
CA	-23.922	6.565	-7.025	177
C	-23.753	6.677	-5.502	177
N	-24.387	7.685	-4.896	178
CA	-24.444	7.85	-3.444	178
C	-25.747	7.247	-2.893	178
N	-25.639	6.102	-2.222	179
CA	-26.741	5.42	-1.542	179
C	-26.734	5.77	-0.05	179
N	-27.378	6.891	0.306	180
CA	-27.496	7.378	1.697	180
C	-26.152	7.392	2.437	180
N	-25.149	7.986	1.802	181
CA	-23.79	8.062	2.317	181
C	-22.882	6.935	1.835	181
N	-23.396	5.765	1.45	182
CA	-22.572	4.673	0.933	182
C	-22.177	4.891	-0.537	182
N	-20.958	4.483	-0.901	183
CA	-20.441	4.621	-2.265	183
C	-20.759	3.363	-3.064	183
N	-21.513	3.511	-4.152	184
CA	-21.88	2.399	-5.035	184
C	-21.249	2.628	-6.409	184
N	-20.174	1.899	-6.761	185
CA	-19.589	1.976	-8.092	185
C	-20.561	1.462	-9.157	185
N	-20.769	2.247	-10.213	186
CA	-21.647	1.898	-11.336	186
C	-20.832	1.298	-12.481	186
N	-19.803	2.021	-12.936	187
CA	-18.922	1.627	-14.045	187
C	-17.588	2.364	-13.981	187
N	-16.592	1.864	-14.699	188
CA	-15.348	2.586	-14.965	188
C	-15.563	3.496	-16.171	188
N	-15.455	4.801	-15.935	189
CA	-15.601	5.822	-16.964	189
C	-14.35	5.937	-17.835	189
N	-13.176	6.056	-17.211	190
CA	-11.895	6.212	-17.914	190
C	-10.819	5.357	-17.262	190
N	-10.011	4.685	-18.082	191
CA	-8.758	4.037	-17.676	191
C	-7.601	4.705	-18.407	191
N	-6.565	5.081	-17.667	192
CA	-5.312	5.587	-18.208	192
C	-4.155	4.705	-17.748	192
N	-3.269	4.37	-18.683	193
CA	-1.978	3.741	-18.405	193
C	-0.911	4.487	-19.201	193
N	0.138	4.925	-18.509	194
CA	1.38	5.41	-19.108	194
C	2.508	4.511	-18.632	194
N	3.092	3.727	-19.528	195
CA	4.166	2.789	-19.199	195
C	5.42	3.075	-19.997	195
N	6.56	2.944	-19.328	196
CA	7.862	2.971	-19.955	196
C	8.019	1.742	-20.86	196
N	8.637	1.927	-22.022	197
CA	8.809	0.874	-23.022	197
C	10.146	0.999	-23.76	197
N	10.564	-0.065	-24.439	198
CA	11.702	-0.024	-25.354	198
C	11.331	0.547	-26.74	198
N	12.306	0.58	-27.645	199
CA	12.16	1.135	-28.998	199
C	11.47	0.185	-29.991	199
N	11.155	-1.049	-29.588	200
CA	10.762	-2.125	-30.513	200
C	9.265	-2.179	-30.79	200
N	8.454	-1.559	-29.93	201
CA	6.993	-1.67	-29.94	201
C	6.322	-0.395	-30.463	201
N	5.27	-0.557	-31.266	202
CA	4.45	0.561	-31.761	202
C	3.353	0.956	-30.767	202
N	2.823	2.181	-30.865	203
CA	1.727	2.622	-29.989	203
C	0.447	1.782	-30.134	203
N	0.158	1.263	-31.33	204
CA	-1.005	0.396	-31.555	204
C	-0.842	-0.954	-30.842	204
N	0.369	-1.517	-30.855	205
CA	0.698	-2.738	-30.115	205
C	0.677	-2.501	-28.605	205
N	1.256	-1.392	-28.12	206
CA	1.155	-0.984	-26.709	206
C	-0.32	-0.918	-26.294	206
N	-1.159	-0.216	-27.061	207
CA	-2.571	-0.05	-26.739	207
C	-3.322	-1.393	-26.705	207
N	-3.081	-2.265	-27.69	208
CA	-3.671	-3.608	-27.745	208
C	-3.255	-4.45	-26.538	208
N	-1.956	-4.548	-26.288	209
CA	-1.381	-5.429	-25.274	209
C	-1.748	-4.957	-23.858	209
N	-1.749	-3.644	-23.595	210
CA	-2.207	-3.098	-22.313	210
C	-3.688	-3.4	-22.068	210
N	-4.539	-3.262	-23.09	211
CA	-5.965	-3.573	-22.953	211
C	-6.191	-5.059	-22.661	211
N	-5.501	-5.943	-23.382	212
CA	-5.684	-7.394	-23.273	212
C	-5.031	-8.001	-22.031	212
N	-3.788	-7.626	-21.732	213
CA	-2.967	-8.313	-20.734	213
C	-2.899	-7.595	-19.384	213
N	-3.294	-6.316	-19.321	214
CA	-3.266	-5.514	-18.086	214
C	-4.666	-5.109	-17.634	214
N	-5.477	-4.51	-18.51	215
CA	-6.773	-3.936	-18.116	215
C	-7.847	-5.005	-17.919	215
N	-8.121	-5.814	-18.952	216
CA	-9.161	-6.856	-18.898	216
C	-8.958	-7.875	-17.763	216
N	-7.725	-8.305	-17.421	217
CA	-7.518	-9.231	-16.306	217
C	-7.769	-8.621	-14.921	217
N	-7.738	-7.29	-14.793	218
CA	-7.844	-6.597	-13.498	218
C	-9.238	-6.039	-13.252	218
N	-9.829	-5.364	-14.24	219
CA	-11.118	-4.695	-14.061	219
C	-12.243	-5.704	-14.319	219
N	-13.117	-5.981	-13.33	220
CA	-14.274	-6.846	-13.535	220
C	-15.13	-6.389	-14.719	220
N	-15.534	-7.332	-15.573	221
CA	-16.27	-7.057	-16.817	221
C	-17.539	-6.225	-16.59	221
N	-18.234	-6.425	-15.461	222
CA	-19.424	-5.64	-15.081	222
C	-19.194	-4.126	-14.966	222
N	-17.944	-3.678	-14.844	223
CA	-17.596	-2.261	-14.769	223
C	-17.064	-1.701	-16.096	223
N	-16.884	-2.526	-17.132	224
CA	-16.432	-2.098	-18.456	224
C	-17.582	-2.175	-19.459	224
N	-17.736	-1.135	-20.273	225
CA	-18.715	-1.101	-21.36	225
C	-18.143	-0.428	-22.616	225
N	-18.949	-0.341	-23.673	226
CA	-18.561	0.269	-24.946	226
C	-18.265	1.776	-24.853	226
N	-18.622	2.421	-23.735	227
CA	-18.392	3.846	-23.472	227
C	-17.178	4.09	-22.581	227
N	-16.506	3.054	-22.075	228
CA	-15.29	3.241	-21.275	228
C	-14.187	3.839	-22.149	228
N	-13.601	4.944	-21.687	229
CA	-12.528	5.656	-22.384	229
C	-11.18	5.056	-21.978	229
N	-10.307	4.812	-22.955	230
CA	-8.965	4.277	-22.73	230
C	-7.904	5.262	-23.229	230
N	-7.062	5.761	-22.323	231
CA	-5.869	6.547	-22.649	231
C	-4.617	5.696	-22.414	231
N	-4.061	5.127	-23.484	232
CA	-2.945	4.178	-23.417	232
C	-1.699	4.818	-24.034	232
N	-0.709	5.125	-23.193	233
CA	0.455	5.959	-23.509	233
C	0.084	7.27	-24.237	233
N	-0.77	8.132	-23.645	234
CA	-1.26	9.343	-24.311	234
C	-0.163	10.361	-24.672	234
N	1.028	10.287	-24.061	235
CA	2.192	11.099	-24.457	235
C	2.812	10.666	-25.792	235
N	2.434	9.496	-26.307	236
CA	2.916	8.91	-27.554	236
C	4.286	8.239	-27.463	236
N	5.165	8.649	-26.542	237
CA	6.482	8.025	-26.359	237
C	6.95	8.136	-24.915	237
N	7.311	7.004	-24.314	238
CA	7.828	6.933	-22.947	238
C	9.013	5.954	-22.858	238
N	10.11	6.26	-23.558	239
CA	11.311	5.396	-23.568	239
C	12.242	5.693	-22.386	239
N	12.52	6.98	-22.153	240
CA	13.261	7.461	-20.981	240
C	12.304	7.457	-19.79	240
N	12.674	6.78	-18.708	241
CA	11.88	6.698	-17.482	241
C	12.763	6.537	-16.253	241
N	12.145	6.209	-15.119	242
CA	12.852	6.04	-13.853	242
C	13.591	7.316	-13.414	242
N	14.661	7.186	-12.609	243
CA	15.438	8.326	-12.106	243
C	16.046	9.232	-13.188	243
N	16.323	8.688	-14.377	244
CA	16.77	9.483	-15.519	244
C	15.652	10.419	-16.006	244
N	14.43	9.904	-16.168	245
CA	13.27	10.686	-16.604	245
C	12.813	11.723	-15.576	245
N	12.671	11.329	-14.311	246
CA	12.137	12.18	-13.236	246
C	12.929	11.986	-11.931	246
N	12.928	12.972	-11.036	247
CA	13.505	12.788	-9.704	247
C	12.568	11.926	-8.846	247
N	13.133	11.183	-7.9	248
CA	12.371	10.433	-6.903	248
C	12.726	10.872	-5.494	248
N	11.738	10.918	-4.604	249
CA	11.916	11.141	-3.175	249
C	10.946	10.264	-2.373	249
N	11.41	9.809	-1.212	250
CA	10.585	9.1	-0.221	250
C	9.398	9.97	0.191	250
N	8.231	9.36	0.393	251
CA	7.053	10.066	0.891	251
C	6.398	11.021	-0.109	251
N	6.667	10.894	-1.416	252
CA	6.002	11.696	-2.469	252
C	4.81	11.005	-3.125	252
N	4.374	9.881	-2.554	253
CA	3.255	9.063	-3.038	253
C	2.226	8.736	-1.948	253
N	2.129	9.561	-0.902	254
CA	1.282	9.312	0.284	254
C	-0.213	9.072	-0.007	254
N	-0.78	9.685	-1.051	255
CA	-2.176	9.42	-1.449	255
C	-2.315	8.074	-2.181	255
N	-1.29	7.675	-2.941	256
CA	-1.176	6.344	-3.558	256
C	-0.908	5.275	-2.491	256
N	-0.245	5.623	-1.393	257
CA	-0.023	4.698	-0.278	257
C	-1.259	4.419	0.558	257
N	-2.237	5.321	0.498	258
CA	-3.408	5.3	1.366	258
C	-4.68	4.952	0.607	258
N	-5.515	5.942	0.299	259
CA	-6.898	5.719	-0.13	259
C	-7.208	6.359	-1.487	259
N	-6.192	6.773	-2.252	260
CA	-6.378	7.315	-3.601	260
C	-7.245	8.578	-3.656	260
N	-7.236	9.383	-2.591	261
CA	-8.008	10.622	-2.453	261
C	-9.292	10.478	-1.632	261
N	-9.712	9.251	-1.314	262
CA	-10.843	8.996	-0.42	262
C	-10.472	9.162	1.056	262
N	-11.488	9.266	1.913	263
CA	-11.292	9.483	3.343	263
C	-10.624	10.832	3.594	263
N	-9.392	10.804	4.099	264
CA	-8.537	11.972	4.283	264
C	-7.069	11.537	4.444	264
N	-6.153	12.505	4.496	265
CA	-4.733	12.277	4.749	265
C	-4.178	13.377	5.659	265
N	-3.306	13.025	6.607	266
CA	-2.753	13.988	7.571	266
C	-1.364	14.535	7.226	266
N	-0.755	14.019	6.159	267
CA	0.471	14.554	5.551	267
C	1.737	13.737	5.817	267
N	1.749	12.892	6.849	268
CA	2.889	12.037	7.179	268
C	3.141	10.925	6.155	268
N	4.388	10.789	5.699	269
CA	4.846	9.642	4.909	269
C	5.076	8.395	5.779	269
N	5.109	7.209	5.163	270
CA	5.279	5.934	5.87	270
C	6.691	5.36	5.752	270
N	7.191	5.212	4.524	271
CA	8.432	4.497	4.22	271
C	9.651	5.067	4.936	271
N	10.559	4.186	5.364	272
CA	11.789	4.564	6.067	272
C	11.627	4.894	7.55	272
N	10.414	4.779	8.104	273
CA	10.125	5.133	9.5	273
C	9.883	3.907	10.377	273
N	10.566	3.843	11.518	274
CA	10.286	2.861	12.575	274
C	8.936	3.15	13.279	274
N	8.329	2.182	13.991	275
CA	6.952	2.315	14.471	275
C	6.756	3.314	15.621	275
N	7.824	3.896	16.182	276
CA	7.675	5.052	17.087	276
C	7.152	6.296	16.365	276
N	7.309	6.373	15.036	277
CA	6.78	7.464	14.213	277
C	5.301	7.205	13.959	277
N	4.467	7.979	14.646	278
CA	3.005	7.848	14.608	278
C	2.406	8.104	13.228	278
N	3.132	8.753	12.314	279
CA	2.743	8.833	10.9	279
C	2.433	7.456	10.311	279
N	3.257	6.45	10.63	280
CA	3.089	5.072	10.162	280
C	2.209	4.262	11.109	280
N	2.605	4.127	12.376	281
CA	1.895	3.256	13.328	281
C	0.489	3.767	13.656	281
N	0.332	5.086	13.789	282
CA	-0.956	5.749	13.964	282
C	-1.862	5.544	12.755	282
N	-1.369	5.752	11.526	283
CA	-2.141	5.494	10.304	283
C	-2.585	4.025	10.183	283
N	-1.701	3.082	10.511	284
CA	-2.01	1.653	10.488	284
C	-3.1	1.287	11.503	284
N	-3.029	1.782	12.746	285
CA	-4.061	1.457	13.741	285
C	-5.417	2.069	13.372	285
N	-5.456	3.278	12.794	286
CA	-6.738	3.871	12.383	286
C	-7.309	3.188	11.142	286
N	-6.475	2.647	10.238	287
CA	-6.937	1.71	9.199	287
C	-7.578	0.48	9.836	287
N	-6.926	-0.14	10.822	288
CA	-7.483	-1.299	11.526	288
C	-8.823	-0.962	12.193	288
N	-8.931	0.209	12.825	289
CA	-10.159	0.68	13.454	289
C	-11.288	0.878	12.436	289
N	-11.056	1.664	11.379	290
CA	-12.045	1.914	10.332	290
C	-12.489	0.61	9.649	290
N	-11.527	-0.243	9.27	291
CA	-11.792	-1.553	8.662	291
C	-12.628	-2.43	9.584	291
N	-12.313	-2.448	10.878	292
CA	-13.065	-3.231	11.858	292
C	-14.488	-2.707	12.046	292
N	-14.706	-1.388	12.041	293
CA	-16.056	-0.801	12.116	293
C	-16.928	-1.284	10.954	293
N	-16.42	-1.197	9.721	294
CA	-17.161	-1.627	8.523	294
C	-17.339	-3.149	8.493	294
N	-16.284	-3.92	8.77	295
CA	-16.331	-5.385	8.754	295
C	-17.281	-5.99	9.806	295
N	-17.474	-5.325	10.952	296
CA	-18.439	-5.76	11.971	296
C	-19.893	-5.373	11.627	296
N	-20.115	-4.665	10.513	297
CA	-21.429	-4.223	10.05	297
C	-22.002	-3.045	10.836	297
N	-21.17	-2.278	11.552	298
CA	-21.631	-1.087	12.283	298
C	-21.894	0.102	11.364	298
N	-21.207	0.163	10.226	299
CA	-21.366	1.19	9.208	299
C	-20.979	0.624	7.837	299
N	-21.384	1.293	6.755	300
CA	-20.935	0.952	5.391	300
C	-19.654	1.689	5.001	300
N	-19.389	2.834	5.632	301
CA	-18.158	3.623	5.511	301
C	-17.742	4.13	6.883	301
N	-16.441	4.256	7.107	302
CA	-15.906	4.831	8.334	302
C	-14.627	5.616	8.043	302
N	-14.566	6.852	8.535	303
CA	-13.358	7.658	8.652	303
C	-12.987	7.768	10.133	303
N	-11.733	7.479	10.469	304
CA	-11.187	7.597	11.825	304
C	-9.993	8.538	11.787	304
N	-9.962	9.567	12.628	305
CA	-8.785	10.421	12.811	305
C	-8.163	10.162	14.183	305
N	-6.836	10.217	14.262	306
CA	-6.076	10.32	15.516	306
C	-5.043	11.443	15.399	306
N	-4.688	12.108	16.501	307
CA	-3.603	13.101	16.52	307
C	-2.722	13.003	17.761	307
N	-1.477	13.465	17.646	308
CA	-0.453	13.357	18.684	308
C	0.375	14.637	18.815	308
N	0.955	14.821	20.001	309
CA	2.093	15.704	20.24	309
C	3.343	14.859	20.513	309
N	4.505	15.32	20.042	310
CA	5.783	14.638	20.271	310
C	6.027	14.396	21.77	310
N	6.465	13.187	22.123	311
CA	6.76	12.797	23.505	311
C	5.538	12.478	24.381	311
N	4.31	12.65	23.879	312
CA	3.069	12.314	24.602	312
C	2.547	10.945	24.134	312
N	2.309	9.967	25.032	313
CA	1.794	8.655	24.632	313
C	0.333	8.699	24.169	313
N	-0.541	9.37	24.919	314
CA	-1.968	9.447	24.613	314
C	-2.253	10.375	23.419	314
N	-3.229	10.031	22.557	315
CA	-3.623	10.914	21.471	315
C	-4.311	12.183	21.999	315
N	-4.035	13.322	21.359	316
CA	-4.686	14.607	21.64	316
C	-6.154	14.616	21.2	316
N	-6.464	13.933	20.098	317
CA	-7.828	13.774	19.601	317
C	-8.046	12.409	18.955	317
N	-9.301	11.95	19.0	318
CA	-9.812	10.824	18.209	318
C	-11.178	11.23	17.661	318
N	-11.402	11.045	16.364	319
CA	-12.661	11.365	15.683	319
C	-13.123	10.174	14.844	319
N	-14.438	9.972	14.765	320
CA	-15.082	8.95	13.934	320
C	-16.253	9.597	13.205	320
N	-16.353	9.345	11.903	321
CA	-17.481	9.724	11.048	321
C	-17.861	8.545	10.155	321
N	-19.154	8.241	10.072	322
CA	-19.649	7.129	9.245	322
C	-20.289	7.564	7.936	322
N	-20.195	8.844	7.574	323
CA	-20.9	9.436	6.44	323
C	-22.397	9.109	6.468	323
N	-23.002	9.139	7.659	324
CA	-24.41	8.784	7.903	324
C	-24.772	7.313	7.606	324
N	-23.781	6.437	7.403	325
CA	-24.008	5.001	7.162	325
C	-24.007	4.151	8.436	325
N	-23.737	4.756	9.597	326
CA	-23.722	4.094	10.897	326
C	-25.101	3.585	11.323	326
N	-25.162	2.335	11.786	327
CA	-26.368	1.729	12.365	327
C	-26.579	2.109	13.841	327
N	-25.561	2.706	14.46	328
CA	-25.59	3.341	15.781	328
C	-24.921	4.723	15.682	328
N	-25.186	5.66	16.612	329
CA	-24.609	7.001	16.553	329
C	-23.073	7.002	16.535	329
N	-22.462	7.884	15.74	330
CA	-20.996	8.002	15.618	330
C	-20.289	8.216	16.969	330
N	-20.94	8.894	17.928	331
CA	-20.428	9.054	19.304	331
C	-20.265	7.72	20.052	331
N	-21.123	6.741	19.775	332
CA	-21.069	5.409	20.382	332
C	-20.022	4.548	19.68	332
N	-19.905	4.661	18.352	333
CA	-18.812	4.036	17.591	333
C	-17.46	4.567	18.08	333
N	-17.323	5.883	18.276	334
CA	-16.126	6.5	18.854	334
C	-15.787	5.911	20.23	334
N	-16.787	5.706	21.095	335
CA	-16.582	5.074	22.404	335
C	-16.055	3.643	22.251	335
N	-16.696	2.826	21.414	336
CA	-16.278	1.44	21.141	336
C	-14.848	1.401	20.589	336
N	-14.5	2.316	19.678	337
CA	-13.144	2.442	19.128	337
C	-12.138	2.758	20.238	337
N	-12.406	3.746	21.099	338
CA	-11.508	4.089	22.218	338
C	-11.368	2.969	23.256	338
N	-12.387	2.128	23.426	339
CA	-12.34	0.959	24.318	339
C	-11.617	-0.246	23.688	339
N	-11.576	-0.332	22.353	340
CA	-11.069	-1.507	21.626	340
C	-9.653	-1.338	21.069	340
N	-9.185	-0.102	20.89	341
CA	-7.897	0.218	20.274	341
C	-7.048	1.068	21.219	341
N	-5.853	0.572	21.541	342
CA	-4.864	1.333	22.299	342
C	-4.004	2.147	21.332	342
N	-4.202	3.462	21.359	343
CA	-3.549	4.415	20.467	343
C	-2.163	4.853	20.956	343
N	-1.659	4.347	22.088	344
CA	-0.318	4.72	22.564	344
C	0.76	4.088	21.668	344
N	1.789	4.823	21.205	345
CA	2.742	4.349	20.192	345
C	3.434	3.023	20.509	345
N	3.907	2.831	21.744	346
CA	4.518	1.558	22.132	346
C	3.508	0.409	22.184	346
N	2.247	0.693	22.52	347
CA	1.168	-0.299	22.511	347
C	0.751	-0.665	21.085	347
N	0.61	0.314	20.182	348
CA	0.377	0.069	18.75	348
C	1.487	-0.797	18.154	348
N	2.736	-0.479	18.5	349
CA	3.922	-1.212	18.052	349
C	3.866	-2.691	18.437	349
N	3.472	-3.007	19.675	350
CA	3.344	-4.391	20.155	350
C	2.122	-5.072	19.533	350
N	0.956	-4.424	19.594	351
CA	-0.32	-4.999	19.16	351
C	-0.349	-5.341	17.663	351
N	0.422	-4.615	16.851	352
CA	0.556	-4.831	15.412	352
C	1.893	-5.494	15.023	352
N	2.719	-5.924	15.985	353
CA	4.006	-6.597	15.732	353
C	4.952	-5.781	14.813	353
N	5.041	-4.464	15.024	354
CA	5.697	-3.544	14.078	354
C	7.215	-3.408	14.264	354
N	7.804	-4.067	15.265	355
CA	9.269	-4.138	15.42	355
C	9.9	-5.285	14.645	355
N	9.101	-6.247	14.18	356
CA	9.596	-7.279	13.275	356
C	9.984	-6.602	11.964	356
N	11.186	-6.871	11.468	357
CA	11.66	-6.511	10.129	357
C	12.201	-7.74	9.405	357
N	13.015	-7.523	8.373	358
CA	13.553	-8.594	7.535	358
C	12.493	-9.255	6.649	358
N	12.936	-10.171	5.781	359
CA	12.082	-10.888	4.817	359
C	11.159	-9.967	3.976	359
N	11.591	-8.72	3.752	360
CA	10.85	-7.691	3.023	360
C	9.538	-7.246	3.677	360
N	9.39	-7.361	5.003	361
CA	8.137	-7.061	5.71	361
C	7.61	-5.656	5.412	361
N	8.425	-4.616	5.595	362
CA	8.04	-3.239	5.274	362
C	8.28	-2.906	3.802	362
N	9.3	-3.488	3.165	363
CA	9.558	-3.321	1.731	363
C	8.326	-3.659	0.872	363
N	7.575	-4.712	1.224	364
CA	6.325	-5.093	0.537	364
C	5.22	-4.037	0.627	364
N	5.284	-3.139	1.611	365
CA	4.315	-2.047	1.795	365
C	4.621	-0.85	0.897	365
N	5.899	-0.647	0.56	366
CA	6.398	0.548	-0.112	366
C	5.948	0.702	-1.575	366
N	5.31	-0.311	-2.162	367
CA	4.631	-0.221	-3.447	367
C	3.276	-0.942	-3.398	367
N	2.359	-0.492	-4.257	368
CA	1.019	-1.066	-4.406	368
C	0.112	-0.914	-3.168	368
N	0.268	0.195	-2.439	369
CA	-0.582	0.586	-1.313	369
C	-0.287	-0.174	-0.017	369
N	-0.334	0.548	1.104	370
CA	-0.156	-0.025	2.442	370
C	-1.417	-0.741	2.947	370
N	-2.573	-0.476	2.333	371
CA	-3.886	-0.914	2.803	371
C	-4.617	-1.774	1.771	371
N	-5.566	-2.586	2.239	372
CA	-6.36	-3.479	1.387	372
C	-5.585	-4.674	0.838	372
N	-4.573	-5.134	1.575	373
CA	-3.708	-6.262	1.216	373
C	-3.962	-7.415	2.187	373
N	-3.906	-8.639	1.689	374
CA	-4.19	-9.877	2.426	374
C	-2.925	-10.631	2.867	374
N	-1.747	-10.081	2.571	375
CA	-0.477	-10.593	3.071	375
C	-0.455	-10.524	4.614	375
N	-0.144	-11.634	5.31	376
CA	-0.218	-11.718	6.768	376
C	0.745	-10.774	7.498	376
N	1.742	-10.206	6.814	377
CA	2.593	-9.18	7.409	377
C	1.857	-7.865	7.686	377
N	0.742	-7.618	7.0	378
CA	-0.052	-6.399	7.066	378
C	-1.047	-6.535	8.22	378
N	-0.519	-6.641	9.436	379
CA	-1.266	-6.961	10.667	379
C	-2.407	-5.982	10.968	379
N	-2.326	-4.75	10.463	380
CA	-3.389	-3.744	10.542	380
C	-4.601	-4.041	9.65	380
N	-4.481	-4.955	8.688	381
CA	-5.603	-5.441	7.882	381
C	-6.412	-6.535	8.603	381
N	-5.945	-7.035	9.756	382
CA	-6.688	-7.989	10.59	382
C	-7.831	-7.273	11.306	382
N	-9.057	-7.712	11.025	383
CA	-10.283	-7.188	11.636	383
C	-10.361	-7.591	13.108	383
N	-10.587	-6.616	13.994	384
CA	-10.903	-6.877	15.403	384
C	-12.413	-7.09	15.57	384
N	-12.863	-8.118	16.31	385
CA	-14.256	-8.213	16.739	385
C	-14.609	-7.027	17.64	385
N	-15.722	-6.349	17.36	386
CA	-16.179	-5.192	18.135	386
C	-17.482	-5.537	18.858	386
N	-17.564	-5.197	20.147	387
CA	-18.745	-5.455	20.977	387
C	-19.737	-4.303	20.83	387
N	-20.929	-4.597	20.321	388
CA	-22.02	-3.636	20.168	388
C	-23.37	-4.353	20.058	388
N	-24.454	-3.628	20.325	389
CA	-25.815	-4.148	20.222	389
C	-26.339	-3.942	18.796	389
N	-26.381	-5.026	18.012	390
CA	-26.916	-4.995	16.643	390
C	-28.408	-4.628	16.668	390
N	-28.866	-3.642	15.872	391
CA	-30.287	-3.359	15.722	391
C	-31.045	-4.614	15.285	391
N	-32.209	-4.861	15.888	392
CA	-33.112	-5.906	15.409	392
C	-33.67	-5.478	14.045	392
N	-33.599	-6.39	13.071	393
CA	-34.024	-6.171	11.688	393
C	-35.54	-5.989	11.545	393
