ATOM	X	Y	Z	RESIDUE
N	11.208	-0.652	7.939	1
CA	10.103	-0.017	8.728	1
C	9.275	-1.094	9.451	1
N	8.354	-0.672	10.316	2
CA	7.669	-1.601	11.222	2
C	6.644	-2.408	10.451	2
N	6.38	-3.611	10.931	3
CA	5.298	-4.442	10.396	3
C	4.972	-5.584	11.333	3
N	4.654	-6.757	10.784	4
CA	4.28	-7.897	11.595	4
C	5.172	-9.13	11.411	4
N	6.282	-8.993	10.687	5
CA	7.2	-10.136	10.485	5
C	8.167	-10.404	11.626	5
N	8.97	-11.463	11.462	6
CA	10.082	-11.798	12.39	6
C	11.021	-10.642	12.632	6
N	11.314	-9.9	11.565	7
CA	12.358	-8.931	11.644	7
C	11.872	-7.549	11.999	7
N	10.567	-7.274	11.861	8
CA	10.038	-5.925	12.126	8
C	8.715	-5.872	12.923	8
N	8.391	-6.991	13.554	9
CA	7.121	-7.206	14.237	9
C	7.033	-6.578	15.614	9
N	5.924	-6.86	16.336	10
CA	5.671	-6.254	17.653	10
C	6.82	-6.29	18.661	10
N	7.631	-7.344	18.662	11
CA	8.768	-7.419	19.575	11
C	9.903	-6.446	19.242	11
N	9.876	-5.836	18.056	12
CA	10.88	-4.864	17.642	12
C	10.442	-3.414	17.792	12
N	9.138	-3.189	17.909	13
CA	8.607	-1.84	17.844	13
C	9.157	-0.867	18.904	13
N	9.531	-1.383	20.065	14
CA	10.033	-0.533	21.126	14
C	11.29	0.273	20.761	14
N	12.065	-0.208	19.791	15
CA	13.294	0.485	19.4	15
C	13.023	1.813	18.715	15
N	12.037	1.863	17.832	16
CA	11.583	3.158	17.308	16
C	10.55	3.882	18.189	16
N	9.766	3.132	18.978	17
CA	8.637	3.682	19.718	17
C	8.726	3.184	21.145	17
N	9.593	3.81	21.962	18
CA	9.827	3.351	23.332	18
C	8.582	3.224	24.228	18
N	7.535	3.976	23.902	19
CA	6.274	3.897	24.639	19
C	5.659	2.501	24.519	19
N	6.195	1.684	23.614	20
CA	5.767	0.288	23.499	20
C	5.854	-0.466	24.827	20
N	6.768	-0.052	25.716	21
CA	6.913	-0.661	27.048	21
C	6.303	0.225	28.136	21
N	5.329	1.054	27.755	22
CA	4.718	2.025	28.647	22
C	3.749	1.455	29.655	22
N	3.064	2.365	30.333	23
CA	2.198	2.0	31.44	23
C	0.745	1.731	31.058	23
N	0.321	2.089	29.846	24
CA	-1.074	1.858	29.461	24
C	-1.146	1.404	27.99	24
N	-0.422	0.331	27.685	25
CA	-0.382	-0.233	26.344	25
C	-1.515	-1.217	26.062	25
N	-1.879	-1.281	24.784	26
CA	-2.937	-2.156	24.273	26
C	-2.41	-3.058	23.175	26
N	-3.043	-4.195	22.917	27
CA	-4.182	-4.726	23.624	27
C	-3.801	-5.399	24.927	27
N	-4.81	-5.908	25.634	28
CA	-4.629	-6.691	26.866	28
C	-5.512	-7.918	26.863	28
N	-5.157	-8.871	27.717	29
CA	-6.059	-9.96	28.027	29
C	-7.116	-9.433	28.998	29
N	-8.365	-9.751	28.69	30
CA	-9.494	-9.437	29.552	30
C	-9.828	-10.68	30.375	30
N	-9.441	-10.625	31.635	31
CA	-9.753	-11.671	32.619	31
C	-11.179	-11.415	33.102	31
N	-12.114	-12.228	32.643	32
CA	-13.529	-11.975	32.867	32
C	-13.892	-12.086	34.33	32
N	-13.15	-12.904	35.068	33
CA	-13.462	-13.093	36.473	33
C	-12.996	-11.927	37.327	33
N	-11.98	-11.197	36.851	34
CA	-11.384	-10.082	37.572	34
C	-11.979	-8.716	37.185	34
N	-12.575	-8.619	36.009	35
CA	-13.186	-7.364	35.58	35
C	-14.378	-7.103	36.489	35
N	-14.433	-5.917	37.075	36
CA	-15.5	-5.619	38.007	36
C	-16.645	-4.896	37.342	36
N	-17.849	-5.374	37.62	37
CA	-19.047	-4.669	37.212	37
C	-19.03	-3.28	37.856	37
N	-19.264	-2.259	37.05	38
CA	-19.299	-0.883	37.528	38
C	-20.697	-0.355	37.238	38
N	-21.583	-0.366	38.261	39
CA	-22.971	0.074	38.051	39
C	-23.095	1.546	37.656	39
N	-22.062	2.348	37.906	40
CA	-22.042	3.745	37.45	40
C	-21.772	3.928	35.95	40
N	-21.34	2.882	35.244	41
CA	-21.172	2.989	33.78	41
C	-22.523	3.093	33.086	41
N	-22.576	3.925	32.055	42
CA	-23.786	4.098	31.251	42
C	-23.834	3.141	30.084	42
N	-25.04	3.006	29.478	43
CA	-25.116	2.328	28.206	43
C	-24.323	3.122	27.199	43
N	-23.629	2.423	26.321	44
CA	-23.03	3.057	25.176	44
C	-24.104	3.705	24.321	44
N	-23.77	4.843	23.724	45
CA	-24.595	5.476	22.713	45
C	-23.855	5.454	21.398	45
N	-24.323	4.634	20.476	46
CA	-23.709	4.49	19.156	46
C	-24.694	5.104	18.176	46
N	-24.375	6.281	17.649	47
CA	-25.274	7.0	16.753	47
C	-24.65	7.073	15.377	47
N	-24.908	6.031	14.572	48
CA	-24.357	5.896	13.23	48
C	-25.346	6.112	12.089	48
N	-26.588	6.519	12.377	49
CA	-27.584	6.734	11.299	49
C	-27.106	7.664	10.166	49
N	-26.37	8.715	10.496	50
CA	-25.886	9.657	9.475	50
C	-24.431	9.424	9.039	50
N	-23.894	8.235	9.296	51
CA	-22.515	7.944	8.913	51
C	-22.321	8.056	7.399	51
N	-21.239	8.734	7.005	52
CA	-20.854	8.92	5.607	52
C	-19.481	8.289	5.348	52
N	-19.468	7.075	4.835	53
CA	-18.216	6.399	4.441	53
C	-17.763	7.0	3.142	53
N	-16.463	7.077	2.934	54
CA	-15.931	7.678	1.707	54
C	-15.113	6.737	0.852	54
N	-14.227	5.98	1.492	55
CA	-13.157	5.338	0.771	55
C	-12.627	4.177	1.593	55
N	-12.039	3.218	0.906	56
CA	-11.348	2.11	1.551	56
C	-9.903	2.091	1.08	56
N	-8.965	1.925	2.009	57
CA	-7.539	2.071	1.749	57
C	-6.772	0.868	2.295	57
N	-5.964	0.23	1.464	58
CA	-4.931	-0.689	1.955	58
C	-3.7	0.112	2.312	58
N	-3.408	0.198	3.596	59
CA	-2.289	1.041	4.064	59
C	-1.0	0.264	4.343	59
N	-0.961	-1.007	3.939	60
CA	0.178	-1.873	4.158	60
C	0.182	-2.632	5.472	60
N	-0.712	-2.28	6.399	61
CA	-0.869	-3.045	7.674	61
C	-2.284	-3.525	7.929	61
N	-3.278	-2.892	7.324	62
CA	-4.677	-3.311	7.386	62
C	-5.368	-2.618	6.238	62
N	-6.691	-2.717	6.163	63
CA	-7.464	-1.817	5.327	63
C	-8.368	-0.947	6.189	63
N	-8.422	0.327	5.833	64
CA	-9.22	1.272	6.581	64
C	-10.409	1.663	5.741	64
N	-11.61	1.57	6.312	65
CA	-12.798	2.197	5.737	65
C	-12.903	3.565	6.41	65
N	-12.814	4.611	5.589	66
CA	-12.699	5.967	6.058	66
C	-14.038	6.67	5.96	66
N	-14.295	7.525	6.944	67
CA	-15.539	8.308	7.045	67
C	-15.303	9.811	6.942	67
N	-16.329	10.514	6.472	68
CA	-16.352	11.972	6.561	68
C	-16.552	12.367	8.023	68
N	-15.504	12.892	8.643	69
CA	-15.539	13.359	10.033	69
C	-15.43	14.898	10.148	69
N	-15.852	15.608	9.096	70
CA	-15.862	17.096	9.084	70
C	-17.027	17.714	9.864	70
N	-17.974	16.876	10.281	71
CA	-18.991	17.281	11.252	71
C	-19.517	16.072	12.017	71
N	-20.304	16.325	13.064	72
CA	-20.902	15.27	13.893	72
C	-21.992	14.577	13.068	72
N	-21.638	13.404	12.563	73
CA	-22.481	12.548	11.698	73
C	-22.592	11.107	12.203	73
N	-21.492	10.571	12.698	74
CA	-21.444	9.24	13.292	74
C	-20.668	9.387	14.583	74
N	-21.329	9.304	15.734	75
CA	-20.642	9.572	17.011	75
C	-20.899	8.515	18.061	75
N	-19.906	8.387	18.932	76
CA	-19.938	7.526	20.069	76
C	-19.94	8.413	21.293	76
N	-20.863	8.135	22.205	77
CA	-20.991	8.87	23.467	77
C	-21.417	7.903	24.57	77
N	-21.489	8.402	25.8	78
CA	-21.949	7.597	26.902	78
C	-20.949	6.523	27.248	78
N	-21.426	5.424	27.812	79
CA	-20.515	4.409	28.344	79
C	-19.586	5.021	29.381	79
N	-18.249	4.801	29.26	80
CA	-17.291	5.469	30.148	80
C	-16.9	6.885	29.723	80
N	-17.446	7.373	28.611	81
CA	-16.905	8.556	27.976	81
C	-17.562	9.829	28.485	81
N	-16.765	10.885	28.516	82
CA	-17.249	12.263	28.663	82
C	-17.185	12.885	27.286	82
N	-18.257	13.53	26.859	83
CA	-18.268	14.205	25.581	83
C	-18.485	13.302	24.369	83
N	-18.163	13.852	23.212	84
CA	-18.589	13.319	21.946	84
C	-17.374	12.907	21.167	84
N	-17.394	11.67	20.671	85
CA	-16.332	11.155	19.837	85
C	-16.815	10.819	18.423	85
N	-16.122	11.338	17.434	86
CA	-16.514	11.221	16.035	86
C	-15.817	10.064	15.314	86
N	-16.589	9.224	14.621	87
CA	-16.037	8.124	13.867	87
C	-15.183	8.646	12.726	87
N	-13.958	8.156	12.631	88
CA	-13.037	8.505	11.538	88
C	-12.761	7.333	10.611	88
N	-12.544	6.145	11.17	89
CA	-12.299	4.968	10.326	89
C	-12.599	3.705	11.102	89
N	-12.838	2.61	10.38	90
CA	-12.756	1.284	10.988	90
C	-11.805	0.415	10.206	90
N	-11.239	-0.561	10.898	91
CA	-10.389	-1.57	10.276	91
C	-10.452	-2.827	11.118	91
N	-9.788	-3.871	10.616	92
CA	-9.707	-5.159	11.311	92
C	-8.277	-5.609	11.533	92
N	-8.153	-6.549	12.461	93
CA	-6.949	-7.379	12.664	93
C	-7.361	-8.835	12.555	93
N	-6.573	-9.665	11.879	94
CA	-6.977	-11.051	11.654	94
C	-5.788	-11.948	11.537	94
N	-6.08	-13.237	11.541	95
CA	-5.066	-14.261	11.563	95
C	-4.835	-14.95	10.238	95
N	-3.795	-15.762	10.235	96
CA	-3.544	-16.698	9.136	96
C	-4.457	-17.925	9.236	96
N	-4.952	-18.223	10.443	97
CA	-5.911	-19.285	10.709	97
C	-6.976	-18.788	11.686	97
N	-8.073	-19.526	11.813	98
CA	-9.207	-19.068	12.62	98
C	-8.911	-18.997	14.101	98
N	-7.902	-19.746	14.581	99
CA	-7.551	-19.772	16.004	99
C	-6.702	-18.62	16.54	99
N	-6.457	-17.614	15.701	100
CA	-5.766	-16.416	16.143	100
C	-6.171	-15.247	15.241	100
N	-5.886	-14.034	15.692	101
CA	-6.216	-12.876	14.881	101
C	-6.633	-11.685	15.704	101
N	-7.301	-11.913	16.837	102
CA	-7.73	-10.784	17.664	102
C	-6.536	-10.227	18.433	102
N	-6.669	-8.97	18.807	103
CA	-5.66	-8.276	19.58	103
C	-6.001	-8.442	21.064	103
N	-7.182	-7.994	21.479	104
CA	-7.666	-8.362	22.802	104
C	-7.944	-9.838	22.828	104
N	-7.753	-10.419	24.004	105
CA	-8.147	-11.784	24.272	105
C	-9.075	-11.797	25.473	105
N	-9.838	-12.873	25.593	106
CA	-10.832	-13.008	26.663	106
C	-10.492	-14.295	27.397	106
N	-10.002	-14.174	28.633	107
CA	-9.494	-15.342	29.363	107
C	-8.531	-16.147	28.497	107
N	-7.663	-15.409	27.803	108
CA	-6.619	-15.914	26.923	108
C	-7.125	-16.487	25.593	108
N	-8.44	-16.512	25.36	109
CA	-9.01	-16.912	24.085	109
C	-8.731	-15.839	23.039	109
N	-8.137	-16.281	21.938	110
CA	-8.004	-15.476	20.722	110
C	-9.165	-15.74	19.78	110
N	-9.808	-14.678	19.327	111
CA	-10.795	-14.776	18.263	111
C	-10.155	-14.708	16.871	111
N	-10.929	-15.051	15.837	112
CA	-10.42	-15.098	14.443	112
C	-10.062	-13.708	13.925	112
N	-10.77	-12.69	14.418	113
CA	-10.493	-11.324	14.013	113
C	-11.042	-10.36	15.045	113
N	-10.702	-9.09	14.885	114
CA	-11.191	-8.036	15.752	114
C	-11.36	-6.774	14.911	114
N	-12.549	-6.196	14.992	115
CA	-12.928	-4.949	14.361	115
C	-12.716	-3.774	15.322	115
N	-12.086	-2.694	14.83	116
CA	-11.844	-1.475	15.579	116
C	-12.508	-0.318	14.859	116
N	-13.477	0.29	15.533	117
CA	-14.115	1.521	15.081	117
C	-13.488	2.659	15.87	117
N	-12.713	3.465	15.159	118
CA	-11.888	4.53	15.775	118
C	-12.624	5.853	15.778	118
N	-12.71	6.491	16.952	119
CA	-13.401	7.753	17.111	119
C	-12.514	8.751	17.853	119
N	-12.644	10.021	17.526	120
CA	-11.813	11.053	18.194	120
C	-12.679	12.075	18.913	120
N	-12.137	12.596	20.018	121
CA	-12.835	13.489	20.926	121
C	-12.938	14.881	20.308	121
N	-14.163	15.342	20.037	122
CA	-14.326	16.538	19.212	122
C	-13.908	17.775	19.981	122
N	-13.665	17.64	21.567	123
CA	-13.16	18.858	22.195	123
C	-11.756	19.237	21.743	123
N	-11.02	18.346	21.044	124
CA	-9.677	18.669	20.556	124
C	-9.625	19.116	19.1	124
N	-10.786	19.218	18.448	125
CA	-10.857	19.895	17.147	125
C	-10.46	19.087	15.927	125
N	-9.351	18.341	15.993	126
CA	-8.962	17.44	14.902	126
C	-8.314	16.196	15.463	126
N	-8.229	15.187	14.604	127
CA	-7.709	13.874	14.991	127
C	-6.255	13.943	15.423	127
N	-5.422	14.667	14.66	128
CA	-4.026	14.823	14.988	128
C	-3.777	15.451	16.355	128
N	-4.643	16.359	16.779	129
CA	-4.575	16.911	18.127	129
C	-5.107	15.953	19.171	129
N	-6.173	15.246	18.823	130
CA	-6.759	14.307	19.771	130
C	-5.779	13.227	20.185	130
N	-4.99	12.691	19.246	131
CA	-4.061	11.581	19.581	131
C	-2.945	11.985	20.55	131
N	-2.801	13.294	20.779	132
CA	-1.851	13.817	21.747	132
C	-2.413	13.92	23.155	132
N	-3.651	13.464	23.359	133
CA	-4.351	13.641	24.648	133
C	-4.713	12.277	25.227	133
N	-4.724	12.174	26.562	134
CA	-4.984	10.876	27.195	134
C	-6.393	10.388	27.002	134
N	-7.318	11.323	26.757	135
CA	-8.684	10.967	26.441	135
C	-9.052	11.394	25.003	135
N	-8.107	11.259	24.079	136
CA	-8.278	11.726	22.717	136
C	-9.122	10.821	21.83	136
N	-8.98	9.513	22.01	137
CA	-9.673	8.563	21.165	137
C	-10.526	7.62	21.978	137
N	-11.568	7.115	21.328	138
CA	-12.374	6.01	21.851	138
C	-12.415	4.977	20.759	138
N	-11.939	3.764	21.043	139
CA	-12.002	2.704	20.061	139
C	-12.947	1.634	20.548	139
N	-13.916	1.314	19.685	140
CA	-14.924	0.303	19.931	140
C	-14.411	-0.968	19.274	140
N	-14.121	-1.988	20.085	141
CA	-13.562	-3.232	19.621	141
C	-14.609	-4.336	19.605	141
N	-14.681	-5.08	18.508	142
CA	-15.706	-6.123	18.341	142
C	-15.001	-7.366	17.818	142
N	-15.145	-8.45	18.546	143
CA	-14.575	-9.746	18.151	143
C	-15.35	-10.409	17.02	143
N	-14.613	-11.07	16.131	144
CA	-15.184	-11.907	15.081	144
C	-14.831	-13.368	15.315	144
N	-15.874	-14.211	15.256	145
CA	-15.738	-15.652	15.21	145
C	-16.266	-16.144	13.87	145
N	-15.791	-17.32	13.471	146
CA	-16.135	-17.936	12.19	146
C	-17.331	-18.872	12.38	146
N	-18.395	-18.579	11.661	147
CA	-19.62	-19.383	11.717	147
C	-20.491	-18.968	10.562	147
N	-21.664	-18.433	10.874	148
CA	-22.588	-17.894	9.869	148
C	-22.004	-16.627	9.264	148
N	-22.347	-16.352	8.004	149
CA	-21.897	-15.128	7.357	149
C	-22.539	-13.893	8.013	149
N	-21.811	-12.778	7.988	150
CA	-22.341	-11.492	8.392	150
C	-22.75	-10.72	7.135	150
N	-24.062	-10.63	6.851	151
CA	-24.464	-9.956	5.607	151
C	-23.935	-8.521	5.467	151
N	-23.921	-7.773	6.56	152
CA	-23.432	-6.404	6.547	152
C	-21.947	-6.234	6.291	152
N	-21.178	-7.324	6.331	153
CA	-19.745	-7.289	6.0	153
C	-19.424	-7.527	4.534	153
N	-20.356	-8.098	3.781	154
CA	-20.011	-8.601	2.457	154
C	-19.639	-7.477	1.476	154
N	-20.252	-6.303	1.583	155
CA	-19.82	-5.17	0.717	155
C	-18.312	-4.843	0.915	155
N	-17.832	-4.972	2.153	156
CA	-16.416	-4.769	2.432	156
C	-15.601	-5.885	1.769	156
N	-15.982	-7.134	2.02	157
CA	-15.27	-8.291	1.468	157
C	-15.176	-8.181	-0.051	157
N	-16.249	-7.729	-0.69	158
CA	-16.251	-7.759	-2.152	158
C	-15.418	-6.683	-2.827	158
N	-15.054	-5.618	-2.109	159
CA	-14.171	-4.59	-2.649	159
C	-12.664	-4.913	-2.471	159
N	-12.335	-5.915	-1.651	160
CA	-10.933	-6.16	-1.289	160
C	-10.043	-6.53	-2.476	160
N	-10.596	-7.194	-3.486	161
CA	-9.813	-7.52	-4.681	161
C	-9.285	-6.261	-5.365	161
N	-10.009	-5.14	-5.244	162
CA	-9.593	-3.873	-5.843	162
C	-8.534	-3.083	-5.062	162
N	-8.228	-3.508	-3.824	163
CA	-7.184	-2.852	-3.016	163
C	-6.216	-3.887	-2.474	163
N	-5.778	-4.779	-3.36	164
CA	-4.988	-5.921	-2.943	164
C	-3.692	-5.52	-2.263	164
N	-3.032	-4.468	-2.766	165
CA	-1.702	-4.119	-2.35	165
C	-1.641	-2.745	-1.697	165
N	-0.568	-2.533	-0.94	166
CA	-0.309	-1.317	-0.17	166
C	-0.401	-0.084	-1.026	166
N	-1.144	0.921	-0.561	167
CA	-1.309	2.182	-1.287	167
C	-2.478	2.236	-2.251	167
N	-3.146	1.115	-2.494	168
CA	-4.369	1.109	-3.28	168
C	-5.563	1.533	-2.445	168
N	-6.414	2.354	-3.05	169
CA	-7.684	2.738	-2.473	169
C	-8.816	2.608	-3.497	169
N	-10.039	2.612	-2.977	170
CA	-11.215	2.564	-3.82	170
C	-12.333	3.362	-3.188	170
N	-13.183	3.958	-4.041	171
CA	-14.391	4.609	-3.559	171
C	-15.202	3.624	-2.737	171
N	-15.733	4.083	-1.609	172
CA	-16.511	3.204	-0.736	172
C	-17.536	4.024	0.007	172
N	-18.523	4.507	-0.74	173
CA	-19.543	5.339	-0.177	173
C	-20.76	4.54	0.238	173
N	-21.548	5.153	1.111	174
CA	-22.83	4.657	1.542	174
C	-22.771	3.324	2.283	174
N	-21.643	3.034	2.92	175
CA	-21.545	1.816	3.71	175
C	-22.043	2.098	5.116	175
N	-22.914	1.232	5.632	176
CA	-23.55	1.417	6.922	176
C	-22.857	0.555	7.976	176
N	-22.09	1.184	8.879	177
CA	-21.368	0.336	9.855	177
C	-22.25	-0.287	10.936	177
N	-23.505	0.131	11.029	178
CA	-24.457	-0.516	11.953	178
C	-24.641	-1.99	11.624	178
N	-24.4	-2.379	10.371	179
CA	-24.444	-3.775	9.975	179
C	-23.307	-4.636	10.484	179
N	-22.34	-4.043	11.197	180
CA	-21.23	-4.803	11.791	180
C	-21.351	-5.008	13.298	180
N	-22.426	-4.527	13.921	181
CA	-22.558	-4.546	15.381	181
C	-23.291	-5.81	15.832	181
N	-22.894	-6.374	16.97	182
CA	-23.675	-7.474	17.543	182
C	-24.996	-6.958	18.158	182
N	-25.854	-7.859	18.648	183
CA	-27.099	-7.445	19.301	183
C	-26.854	-6.647	20.561	183
N	-26.01	-7.182	21.44	184
CA	-25.75	-6.545	22.737	184
C	-24.623	-5.542	22.65	184
N	-24.764	-4.463	23.408	185
CA	-23.736	-3.454	23.586	185
C	-23.085	-3.574	24.983	185
N	-23.25	-4.713	25.657	186
CA	-22.474	-4.985	26.886	186
C	-20.984	-4.923	26.559	186
N	-20.203	-4.311	27.446	187
CA	-18.797	-4.068	27.145	187
C	-17.892	-4.116	28.352	187
N	-16.6	-4.303	28.07	188
CA	-15.53	-4.015	29.005	188
C	-14.839	-2.731	28.593	188
N	-14.278	-1.999	29.552	189
CA	-13.547	-0.768	29.232	189
C	-12.297	-0.608	30.091	189
N	-11.269	0.0	29.513	190
CA	-10.017	0.255	30.216	190
C	-9.244	1.317	29.432	190
N	-8.329	2.049	30.108	191
CA	-7.48	3.028	29.448	191
C	-6.287	2.36	28.768	191
N	-6.049	2.673	27.501	192
CA	-4.977	2.074	26.772	192
C	-4.417	2.932	25.667	192
N	-4.003	2.261	24.604	193
CA	-3.192	2.871	23.55	193
C	-3.608	2.444	22.172	193
N	-3.03	3.104	21.173	194
CA	-3.052	2.577	19.82	194
C	-2.324	1.24	19.851	194
N	-2.758	0.3	19.017	195
CA	-2.092	-1.008	18.977	195
C	-1.111	-1.102	17.845	195
N	-0.96	-0.032	17.066	196
CA	0.114	0.059	16.062	196
C	0.976	1.258	16.399	196
N	2.254	1.255	15.962	197
CA	3.013	2.498	16.014	197
C	2.168	3.665	15.486	197
N	2.198	4.822	16.135	198
CA	3.144	5.221	17.192	198
C	2.792	4.828	18.642	198
N	1.8	3.953	18.826	199
CA	1.501	3.362	20.139	199
C	1.121	4.371	21.219	199
N	0.545	5.478	20.776	200
CA	0.211	6.575	21.656	200
C	-0.82	6.179	22.683	200
N	-0.632	6.658	23.902	201
CA	-1.483	6.298	25.034	201
C	-2.66	7.267	25.17	201
N	-3.552	7.203	24.184	202
CA	-4.598	8.184	23.975	202
C	-5.979	7.579	23.822	202
N	-6.134	6.285	24.147	203
CA	-7.343	5.538	23.826	203
C	-8.113	5.085	25.076	203
N	-9.399	5.415	25.119	204
CA	-10.358	4.701	25.957	204
C	-10.891	3.525	25.145	204
N	-10.557	2.319	25.574	205
CA	-10.986	1.1	24.888	205
C	-12.344	0.681	25.408	205
N	-13.233	0.347	24.475	206
CA	-14.551	-0.193	24.777	206
C	-14.669	-1.453	23.927	206
N	-14.548	-2.608	24.577	207
CA	-14.559	-3.888	23.886	207
C	-15.875	-4.623	24.169	207
N	-16.652	-4.885	23.121	208
CA	-17.945	-5.542	23.282	208
C	-17.777	-7.012	23.667	208
N	-18.631	-7.464	24.583	209
CA	-18.598	-8.869	25.014	209
C	-19.082	-9.85	23.943	209
N	-20.084	-9.459	23.16	210
CA	-20.713	-10.357	22.177	210
C	-19.945	-10.268	20.857	210
N	-19.349	-11.379	20.407	211
CA	-18.726	-11.358	19.076	211
C	-19.766	-11.37	17.965	211
N	-19.357	-10.935	16.764	212
CA	-20.157	-11.129	15.569	212
C	-19.641	-12.385	14.891	212
N	-20.535	-13.075	14.186	213
CA	-20.167	-14.231	13.374	213
C	-19.956	-13.804	11.928	213
N	-18.87	-14.261	11.32	214
CA	-18.602	-14.068	9.897	214
C	-18.329	-15.454	9.315	214
N	-18.435	-15.609	7.997	215
CA	-18.204	-16.918	7.401	215
C	-16.735	-17.167	7.138	215
N	-16.393	-18.443	7.046	216
CA	-15.042	-18.818	6.695	216
C	-14.65	-18.177	5.36	216
N	-15.584	-18.134	4.4	217
CA	-15.326	-17.536	3.086	217
C	-15.018	-16.037	3.211	217
N	-15.741	-15.35	4.091	218
CA	-15.496	-13.937	4.334	218
C	-14.098	-13.667	4.842	218
N	-13.705	-14.355	5.904	219
CA	-12.377	-14.132	6.467	219
C	-11.24	-14.624	5.522	219
N	-11.51	-15.663	4.726	220
CA	-10.528	-16.117	3.723	220
C	-10.185	-15.011	2.741	220
N	-11.161	-14.163	2.411	221
CA	-10.932	-13.047	1.508	221
C	-10.076	-11.951	2.182	221
N	-10.21	-11.723	3.484	222
CA	-9.271	-10.83	4.186	222
C	-7.838	-11.34	3.966	222
N	-7.659	-12.657	4.049	223
CA	-6.325	-13.26	3.976	223
C	-5.71	-13.284	2.58	223
N	-6.436	-12.809	1.576	224
CA	-5.889	-12.687	0.216	224
C	-5.284	-11.318	-0.026	224
N	-5.501	-10.379	0.897	225
CA	-4.822	-9.092	0.779	225
C	-3.314	-9.228	0.903	225
N	-2.611	-8.16	0.552	226
CA	-1.148	-8.109	0.578	226
C	-0.638	-6.955	1.445	226
N	0.41	-7.217	2.231	227
CA	1.151	-6.179	2.938	227
C	2.01	-5.324	1.984	227
N	2.536	-6.015	0.98	228
CA	3.404	-5.425	-0.024	228
C	2.662	-4.551	-1.022	228
N	3.439	-3.686	-1.68	229
CA	2.976	-2.912	-2.821	229
C	2.866	-3.731	-4.107	229
N	2.161	-3.158	-5.076	230
CA	1.973	-3.745	-6.395	230
C	3.31	-4.131	-7.019	230
N	3.364	-5.341	-7.549	231
CA	4.562	-5.887	-8.172	231
C	5.661	-6.385	-7.259	231
N	5.565	-6.165	-5.946	232
CA	6.629	-6.553	-5.011	232
C	6.39	-7.986	-4.604	232
N	7.382	-8.635	-3.972	233
CA	7.153	-10.016	-3.579	233
C	5.935	-10.135	-2.664	233
N	5.065	-11.082	-2.988	234
CA	3.8	-11.214	-2.294	234
C	3.973	-11.707	-0.866	234
N	3.491	-10.898	0.071	235
CA	3.437	-11.233	1.481	235
C	1.983	-11.114	1.866	235
N	1.315	-12.237	2.121	236
CA	-0.1	-12.185	2.46	236
C	-0.294	-11.344	3.734	236
N	-1.334	-10.497	3.726	237
CA	-1.704	-9.688	4.891	237
C	-2.472	-10.606	5.84	237
N	-1.723	-11.241	6.722	238
CA	-2.285	-12.105	7.761	238
C	-1.486	-11.874	9.023	238
N	-2.1	-12.199	10.156	239
CA	-1.47	-12.033	11.467	239
C	-0.984	-10.612	11.713	239
N	-1.859	-9.663	11.387	240
CA	-1.581	-8.252	11.624	240
C	-2.146	-7.783	12.973	240
N	-1.837	-8.529	14.024	241
CA	-2.3	-8.275	15.383	241
C	-1.095	-8.158	16.302	241
N	-1.176	-7.233	17.246	242
CA	-0.234	-7.129	18.335	242
C	-0.718	-8.018	19.472	242
N	0.166	-8.813	20.08	243
CA	-0.277	-9.627	21.224	243
C	-0.563	-8.798	22.477	243
N	-1.211	-9.444	23.437	244
CA	-1.58	-8.815	24.7	244
C	-0.356	-8.293	25.429	244
N	-0.529	-7.133	26.051	245
CA	0.507	-6.397	26.75	245
C	0.215	-6.378	28.246	245
N	1.237	-6.101	29.074	246
CA	1.022	-6.11	30.525	246
C	-0.052	-5.122	30.989	246
N	-0.935	-5.597	31.863	247
CA	-2.03	-4.776	32.348	247
C	-1.506	-3.682	33.259	247
N	-0.443	-3.974	34.008	248
CA	0.178	-2.985	34.895	248
C	-0.863	-2.428	35.866	248
N	-0.872	-1.127	36.089	249
CA	-1.673	-0.552	37.117	249
C	-2.95	-0.086	36.466	249
N	-3.763	-1.049	35.965	250
CA	-5.074	-0.764	35.359	250
C	-6.17	-1.728	35.761	250
N	-7.404	-1.227	35.813	251
CA	-8.554	-2.059	36.103	251
C	-9.432	-2.092	34.862	251
N	-9.898	-3.278	34.494	252
CA	-10.874	-3.425	33.431	252
C	-12.247	-3.431	34.093	252
N	-13.144	-2.58	33.608	253
CA	-14.476	-2.448	34.188	253
C	-15.473	-3.061	33.239	253
N	-16.508	-3.712	33.78	254
CA	-17.598	-4.316	32.983	254
C	-18.847	-3.49	33.114	254
N	-19.59	-3.379	32.015	255
CA	-20.854	-2.636	32.006	255
C	-22.036	-3.487	32.447	255
N	-21.8	-4.762	32.691	256
CA	-22.856	-5.778	32.863	256
C	-22.502	-6.712	34.031	256
N	-23.524	-7.378	34.573	257
CA	-23.357	-8.476	35.543	257
C	-24.244	-9.65	35.154	257
