ATOM	X	Y	Z	RESIDUE
N	-31.729	-5.784	3.808	1
CA	-30.432	-6.292	3.31	1
C	-30.196	-5.765	1.896	1
N	-30.058	-4.447	1.743	2
CA	-29.579	-3.839	0.498	2
C	-28.093	-3.561	0.658	2
N	-27.31	-4.609	0.902	3
CA	-25.904	-4.456	1.262	3
C	-25.089	-4.148	0.003	3
N	-24.616	-2.906	-0.112	4
CA	-23.285	-2.556	-0.623	4
C	-22.817	-3.036	-2.005	4
N	-23.652	-3.648	-2.852	5
CA	-23.228	-4.421	-4.034	5
C	-22.491	-3.64	-5.153	5
N	-22.237	-2.344	-4.968	6
CA	-21.397	-1.519	-5.839	6
C	-20.539	-0.475	-5.119	6
N	-20.645	-0.347	-3.792	7
CA	-20.073	0.795	-3.08	7
C	-18.643	0.519	-2.589	7
N	-17.833	1.573	-2.544	8
CA	-16.464	1.581	-2.032	8
C	-16.41	2.5	-0.805	8
N	-15.782	2.05	0.28	9
CA	-15.604	2.854	1.487	9
C	-14.44	3.845	1.336	9
N	-14.361	4.844	2.215	10
CA	-13.139	5.639	2.324	10
C	-12.109	4.864	3.147	10
N	-10.873	4.841	2.656	11
CA	-9.73	4.234	3.334	11
C	-8.907	5.335	3.993	11
N	-8.561	5.114	5.257	12
CA	-7.66	5.984	6.005	12
C	-6.235	5.883	5.447	12
N	-5.561	7.026	5.303	13
CA	-4.163	7.094	4.865	13
C	-3.244	6.641	5.994	13
N	-3.079	5.328	6.116	14
CA	-2.313	4.689	7.178	14
C	-1.432	3.576	6.583	14
N	-0.116	3.564	6.87	15
CA	0.807	2.593	6.283	15
C	0.483	1.151	6.693	15
N	-0.055	0.939	7.898	16
CA	-0.471	-0.377	8.372	16
C	-1.71	-0.89	7.649	16
N	-2.679	-0.008	7.386	17
CA	-3.849	-0.319	6.552	17
C	-3.413	-0.674	5.134	17
N	-2.539	0.127	4.521	18
CA	-2.084	-0.099	3.148	18
C	-1.268	-1.391	3.027	18
N	-0.369	-1.651	3.98	19
CA	0.426	-2.887	4.03	19
C	-0.461	-4.128	4.13	19
N	-1.436	-4.136	5.042	20
CA	-2.33	-5.289	5.189	20
C	-3.281	-5.421	3.988	20
N	-3.705	-4.319	3.369	21
CA	-4.548	-4.342	2.172	21
C	-3.811	-4.939	0.958	21
N	-2.529	-4.609	0.766	22
CA	-1.657	-5.232	-0.248	22
C	-1.546	-6.743	-0.016	22
N	-1.326	-7.156	1.237	23
CA	-1.262	-8.573	1.612	23
C	-2.581	-9.301	1.351	23
N	-3.717	-8.704	1.7	24
CA	-5.046	-9.303	1.494	24
C	-5.437	-9.385	0.008	24
N	-4.852	-8.554	-0.864	25
CA	-4.944	-8.769	-2.314	25
C	-4.168	-10.002	-2.799	25
N	-3.297	-10.563	-1.961	26
CA	-2.422	-11.685	-2.284	26
C	-1.033	-11.265	-2.759	26
N	-0.723	-9.964	-2.755	27
CA	0.608	-9.485	-3.092	27
C	1.574	-9.781	-1.94	27
N	2.7	-10.398	-2.271	28
CA	3.704	-10.861	-1.325	28
C	5.031	-10.121	-1.52	28
N	5.736	-9.859	-0.417	29
CA	7.057	-9.22	-0.425	29
C	7.068	-7.691	-0.474	29
N	5.908	-7.034	-0.417	30
CA	5.794	-5.577	-0.364	30
C	5.232	-5.095	0.984	30
N	5.688	-3.932	1.448	31
CA	5.082	-3.19	2.556	31
C	5.034	-1.692	2.251	31
N	4.249	-0.955	3.033	32
CA	4.108	0.496	2.907	32
C	4.613	1.174	4.168	32
N	5.408	2.22	3.979	33
CA	5.99	3.034	5.04	33
C	5.601	4.491	4.89	33
N	5.423	5.183	6.005	34
CA	5.122	6.611	5.998	34
C	6.407	7.442	5.963	34
N	6.41	8.47	5.115	35
CA	7.512	9.409	4.935	35
C	7.146	10.726	5.612	35
N	7.867	11.039	6.683	36
CA	7.609	12.216	7.518	36
C	8.354	13.467	7.059	36
N	9.413	13.292	6.272	37
CA	10.262	14.378	5.805	37
C	10.79	14.077	4.408	37
N	10.957	15.138	3.62	38
CA	11.444	15.078	2.244	38
C	12.968	15.209	2.155	38
N	13.706	15.072	3.254	39
CA	15.168	15.003	3.231	39
C	15.655	13.635	2.714	39
N	16.87	13.577	2.165	40
CA	17.42	12.345	1.578	40
C	17.601	11.205	2.586	40
N	17.854	11.517	3.859	41
CA	18.132	10.512	4.888	41
C	16.87	9.713	5.231	41
N	15.714	10.385	5.249	42
CA	14.399	9.764	5.442	42
C	14.091	8.654	4.427	42
N	14.544	8.78	3.175	43
CA	14.331	7.751	2.144	43
C	15.394	6.653	2.167	43
N	16.649	6.998	2.479	44
CA	17.79	6.075	2.389	44
C	17.596	4.806	3.223	44
N	16.984	4.935	4.398	45
CA	16.744	3.802	5.296	45
C	15.664	2.828	4.791	45
N	14.896	3.221	3.773	46
CA	13.758	2.477	3.234	46
C	14.044	1.823	1.88	46
N	15.229	2.033	1.308	47
CA	15.592	1.414	0.035	47
C	15.592	-0.13	0.113	47
N	15.172	-0.827	-0.966	48
CA	14.698	-0.279	-2.245	48
C	13.259	0.269	-2.174	48
N	13.063	1.485	-2.703	49
CA	11.742	2.113	-2.844	49
C	11.241	1.896	-4.268	49
N	10.025	1.372	-4.371	50
CA	9.394	0.951	-5.622	50
C	8.426	1.989	-6.185	50
N	7.841	2.794	-5.303	51
CA	6.947	3.882	-5.663	51
C	6.555	4.702	-4.441	51
N	6.028	5.899	-4.672	52
CA	5.465	6.76	-3.638	52
C	3.967	6.933	-3.866	52
N	3.204	6.985	-2.784	53
CA	1.785	7.316	-2.77	53
C	1.648	8.644	-2.044	53
N	1.13	9.649	-2.738	54
CA	0.977	10.991	-2.202	54
C	-0.501	11.353	-2.091	54
N	-0.918	11.728	-0.887	55
CA	-2.233	12.26	-0.568	55
C	-2.14	13.769	-0.386	55
N	-3.049	14.488	-1.026	56
CA	-3.171	15.933	-0.89	56
C	-4.627	16.367	-1.037	56
N	-4.931	17.581	-0.586	57
CA	-6.232	18.214	-0.801	57
C	-6.411	18.552	-2.28	57
N	-7.433	18.002	-2.918	58
CA	-7.696	18.222	-4.333	58
C	-8.135	19.663	-4.608	58
N	-7.568	20.256	-5.659	59
CA	-7.948	21.571	-6.184	59
C	-8.261	21.457	-7.674	59
N	-9.322	22.138	-8.108	60
CA	-9.945	21.93	-9.419	60
C	-9.074	22.375	-10.61	60
N	-8.12	23.281	-10.386	61
CA	-7.26	23.881	-11.42	61
C	-5.792	23.419	-11.335	61
N	-5.524	22.208	-10.837	62
CA	-4.147	21.704	-10.792	62
C	-3.678	21.307	-12.205	62
N	-2.801	22.1	-12.822	63
CA	-2.135	21.711	-14.07	63
C	-1.149	20.556	-13.817	63
N	-1.088	19.555	-14.722	64
CA	-0.166	18.437	-14.574	64
C	1.279	18.945	-14.556	64
N	2.11	18.377	-13.681	65
CA	3.509	18.791	-13.538	65
C	4.382	18.46	-14.768	65
N	3.877	17.626	-15.681	66
CA	4.562	17.17	-16.885	66
C	3.598	16.864	-18.033	66
N	4.08	16.135	-19.044	67
CA	3.293	15.818	-20.245	67
C	2.454	14.56	-20.017	67
N	1.14	14.649	-20.222	68
CA	0.271	13.461	-20.266	68
C	0.607	12.642	-21.517	68
N	0.945	11.366	-21.338	69
CA	1.272	10.431	-22.422	69
C	0.152	9.406	-22.586	69
N	-0.335	9.231	-23.815	70
CA	-1.445	8.316	-24.136	70
C	-0.989	7.117	-24.981	70
N	0.213	7.195	-25.545	71
CA	0.826	6.254	-26.483	71
C	1.778	5.252	-25.797	71
N	1.571	4.987	-24.5	72
CA	2.412	4.103	-23.672	72
C	1.649	2.862	-23.212	72
N	1.454	1.908	-24.118	73
CA	0.733	0.652	-23.827	73
C	1.429	-0.239	-22.783	73
N	2.732	-0.038	-22.57	74
CA	3.512	-0.771	-21.578	74
C	3.264	-0.304	-20.133	74
N	2.598	0.839	-19.93	75
CA	2.276	1.368	-18.602	75
C	0.846	0.969	-18.244	75
N	0.688	0.3	-17.108	76
CA	-0.621	0.083	-16.524	76
C	-1.143	1.401	-15.943	76
N	-2.195	1.952	-16.537	77
CA	-2.847	3.158	-16.041	77
C	-4.359	3.005	-16.124	77
N	-5.033	3.252	-15.006	78
CA	-6.481	3.206	-14.894	78
C	-6.997	4.589	-14.5	78
N	-8.045	5.054	-15.181	79
CA	-8.757	6.283	-14.831	79
C	-9.714	6.01	-13.675	79
N	-9.833	6.946	-12.749	80
CA	-10.699	6.824	-11.589	80
C	-12.153	6.998	-12.01	80
N	-12.939	5.945	-11.79	81
CA	-14.381	5.924	-12.083	81
C	-15.213	6.076	-10.803	81
N	-14.647	5.738	-9.637	82
CA	-15.302	5.847	-8.325	82
C	-14.4	6.622	-7.364	82
N	-14.941	7.672	-6.738	83
CA	-14.18	8.572	-5.862	83
C	-13.534	7.856	-4.671	83
N	-14.284	6.991	-3.99	84
CA	-13.811	6.341	-2.767	84
C	-12.785	5.217	-3.018	84
N	-12.559	4.825	-4.276	85
CA	-11.596	3.782	-4.628	85
C	-10.158	4.313	-4.81	85
N	-9.937	5.626	-4.658	86
CA	-8.68	6.312	-4.977	86
C	-7.445	5.695	-4.297	86
N	-7.529	5.354	-3.006	87
CA	-6.432	4.728	-2.262	87
C	-6.004	3.386	-2.88	87
N	-6.969	2.491	-3.119	88
CA	-6.704	1.201	-3.768	88
C	-6.202	1.393	-5.187	88
N	-6.76	2.339	-5.935	89
CA	-6.314	2.603	-7.292	89
C	-4.867	3.104	-7.34	89
N	-4.443	3.971	-6.417	90
CA	-3.054	4.417	-6.328	90
C	-2.107	3.243	-6.028	90
N	-2.45	2.398	-5.048	91
CA	-1.68	1.188	-4.712	91
C	-1.567	0.25	-5.917	91
N	-2.693	-0.078	-6.556	92
CA	-2.705	-0.99	-7.696	92
C	-1.97	-0.396	-8.896	92
N	-2.049	0.916	-9.114	93
CA	-1.295	1.573	-10.186	93
C	0.211	1.371	-10.013	93
N	0.725	1.405	-8.78	94
CA	2.131	1.097	-8.51	94
C	2.432	-0.398	-8.676	94
N	1.645	-1.266	-8.031	95
CA	1.838	-2.719	-8.083	95
C	1.794	-3.263	-9.515	95
N	0.839	-2.831	-10.335	96
CA	0.7	-3.345	-11.698	96
C	1.819	-2.892	-12.642	96
N	2.606	-1.879	-12.285	97
CA	3.776	-1.442	-13.051	97
C	5.102	-1.949	-12.469	97
N	5.067	-2.645	-11.331	98
CA	6.256	-3.213	-10.716	98
C	6.761	-4.439	-11.479	98
N	8.082	-4.501	-11.61	99
CA	8.843	-5.66	-12.064	99
C	10.091	-5.771	-11.176	99
N	9.952	-6.465	-10.043	100
CA	11.004	-6.607	-9.036	100
C	10.968	-8.01	-8.425	100
N	12.134	-8.635	-8.247	101
CA	12.248	-10.04	-7.82	101
C	11.655	-10.325	-6.429	101
N	11.734	-9.345	-5.526	102
CA	11.195	-9.455	-4.166	102
C	9.663	-9.507	-4.109	102
N	8.968	-8.947	-5.108	103
CA	7.53	-8.673	-5.034	103
C	6.77	-9.545	-6.025	103
N	5.798	-10.298	-5.51	104
CA	4.92	-11.155	-6.31	104
C	3.49	-10.669	-6.167	104
N	2.851	-10.301	-7.276	105
CA	1.484	-9.758	-7.277	105
C	0.427	-10.714	-6.709	105
N	0.68	-12.019	-6.792	106
CA	-0.292	-13.042	-6.431	106
C	-1.37	-13.221	-7.5	106
N	-2.124	-14.311	-7.38	107
CA	-3.07	-14.759	-8.408	107
C	-4.136	-13.703	-8.74	107
N	-4.749	-13.097	-7.72	108
CA	-5.814	-12.097	-7.888	108
C	-5.371	-10.925	-8.76	108
N	-4.218	-10.334	-8.437	109
CA	-3.728	-9.139	-9.114	109
C	-3.127	-9.475	-10.48	109
N	-2.432	-10.609	-10.613	110
CA	-1.94	-11.089	-11.912	110
C	-3.094	-11.317	-12.887	110
N	-4.124	-12.069	-12.486	111
CA	-5.286	-12.341	-13.336	111
C	-6.013	-11.045	-13.728	111
N	-6.158	-10.108	-12.784	112
CA	-6.762	-8.806	-13.054	112
C	-5.946	-7.984	-14.064	112
N	-4.618	-7.919	-13.893	113
CA	-3.705	-7.221	-14.809	113
C	-3.808	-7.792	-16.216	113
N	-3.695	-9.111	-16.352	114
CA	-3.767	-9.802	-17.642	114
C	-5.112	-9.576	-18.339	114
N	-6.215	-9.624	-17.586	115
CA	-7.559	-9.444	-18.128	115
C	-7.78	-8.06	-18.752	115
N	-7.239	-7.0	-18.143	116
CA	-7.484	-5.624	-18.584	116
C	-6.275	-4.939	-19.236	116
N	-5.167	-5.649	-19.481	117
CA	-3.916	-5.066	-19.988	117
C	-4.121	-4.249	-21.276	117
N	-4.933	-4.767	-22.2	118
CA	-5.222	-4.174	-23.508	118
C	-6.368	-3.148	-23.503	118
N	-6.974	-2.864	-22.348	119
CA	-8.039	-1.869	-22.253	119
C	-7.466	-0.449	-22.206	119
N	-8.257	0.512	-22.683	120
CA	-7.978	1.931	-22.468	120
C	-8.082	2.305	-20.97	120
N	-7.546	3.469	-20.554	121
CA	-7.574	3.903	-19.16	121
C	-8.953	3.891	-18.499	121
N	-9.995	4.311	-19.22	122
CA	-11.351	4.367	-18.684	122
C	-11.899	2.961	-18.444	122
N	-11.725	2.06	-19.409	123
CA	-12.16	0.675	-19.308	123
C	-11.355	-0.117	-18.265	123
N	-10.058	0.167	-18.069	124
CA	-9.284	-0.347	-16.916	124
C	-9.905	0.097	-15.59	124
N	-10.247	1.38	-15.477	125
CA	-10.927	1.95	-14.312	125
C	-12.3	1.343	-14.031	125
N	-13.109	1.169	-15.077	126
CA	-14.423	0.536	-14.991	126
C	-14.314	-0.952	-14.635	126
N	-13.272	-1.628	-15.109	127
CA	-13.005	-3.02	-14.739	127
C	-12.614	-3.114	-13.266	127
N	-11.758	-2.204	-12.785	128
CA	-11.378	-2.121	-11.373	128
C	-12.589	-1.875	-10.469	128
N	-13.462	-0.934	-10.829	129
CA	-14.636	-0.586	-10.019	129
C	-15.626	-1.747	-9.844	129
N	-15.628	-2.668	-10.812	130
CA	-16.444	-3.877	-10.843	130
C	-15.717	-5.135	-10.338	130
N	-14.432	-5.049	-9.983	131
CA	-13.658	-6.177	-9.476	131
C	-14.102	-6.544	-8.052	131
N	-15.054	-7.473	-7.948	132
CA	-15.706	-7.842	-6.686	132
C	-14.722	-8.288	-5.604	132
N	-13.706	-9.083	-5.949	133
CA	-12.703	-9.554	-4.992	133
C	-11.861	-8.401	-4.427	133
N	-11.381	-7.503	-5.295	134
CA	-10.624	-6.308	-4.891	134
C	-11.503	-5.411	-4.013	134
N	-12.758	-5.19	-4.416	135
CA	-13.719	-4.379	-3.661	135
C	-14.04	-4.974	-2.292	135
N	-14.184	-6.294	-2.189	136
CA	-14.408	-6.977	-0.908	136
C	-13.221	-6.786	0.028	136
N	-11.988	-6.959	-0.462	137
CA	-10.783	-6.717	0.345	137
C	-10.719	-5.259	0.784	137
N	-10.896	-4.306	-0.134	138
CA	-10.931	-2.875	0.174	138
C	-11.962	-2.556	1.271	138
N	-13.219	-2.966	1.08	139
CA	-14.293	-2.713	2.041	139
C	-14.094	-3.451	3.369	139
N	-13.266	-4.499	3.415	140
CA	-12.932	-5.152	4.678	140
C	-12.196	-4.212	5.636	140
N	-11.549	-3.147	5.143	141
CA	-10.868	-2.117	5.939	141
C	-11.755	-0.9	6.248	141
N	-13.053	-0.964	5.93	142
CA	-13.999	0.092	6.261	142
C	-14.131	0.289	7.779	142
N	-14.295	1.549	8.19	143
CA	-14.778	1.869	9.536	143
C	-16.243	1.426	9.667	143
N	-16.658	0.888	10.824	144
CA	-18.044	0.511	11.043	144
C	-18.948	1.744	10.977	144
N	-20.008	1.653	10.18	145
CA	-21.081	2.646	10.127	145
C	-21.922	2.545	11.396	145
N	-21.816	3.551	12.268	146
CA	-22.516	3.573	13.56	146
C	-24.005	3.909	13.409	146
N	-24.353	4.712	12.402	147
CA	-25.715	5.162	12.143	147
C	-26.015	5.097	10.641	147
N	-27.191	4.585	10.264	148
CA	-27.653	4.575	8.86	148
C	-27.807	5.997	8.282	148
N	-27.925	7.01	9.147	149
CA	-28.105	8.416	8.778	149
C	-26.814	9.14	8.366	149
N	-25.64	8.514	8.487	150
CA	-24.363	9.122	8.08	150
C	-24.119	9.067	6.563	150
N	-25.08	8.582	5.765	151
CA	-25.104	8.836	4.308	151
C	-25.441	10.295	3.959	151
N	-25.349	11.219	4.924	152
CA	-25.494	12.651	4.686	152
C	-24.362	13.112	3.781	152
N	-24.731	13.306	2.514	153
CA	-24.148	14.205	1.526	153
C	-22.928	14.95	2.072	153
N	-21.725	14.568	1.617	154
CA	-20.561	15.453	1.694	154
C	-21.049	16.854	1.341	154
N	-20.877	17.798	2.265	155
CA	-21.255	19.176	1.972	155
C	-20.399	19.615	0.787	155
N	-20.927	20.507	-0.055	156
CA	-20.192	21.022	-1.226	156
C	-18.81	21.615	-0.887	156
N	-18.569	21.953	0.382	157
CA	-17.315	22.507	0.906	157
C	-16.495	21.51	1.752	157
N	-16.824	20.212	1.768	158
CA	-15.956	19.244	2.447	158
C	-14.659	19.076	1.646	158
N	-13.527	19.195	2.337	159
CA	-12.205	19.024	1.748	159
C	-12.073	17.621	1.141	159
N	-11.988	17.568	-0.189	160
CA	-11.78	16.326	-0.933	160
C	-10.287	16.063	-1.005	160
N	-9.858	14.906	-0.519	161
CA	-8.474	14.461	-0.624	161
C	-8.308	13.472	-1.774	161
N	-7.154	13.52	-2.433	162
CA	-6.853	12.713	-3.609	162
C	-5.486	12.041	-3.517	162
N	-5.413	10.797	-3.996	163
CA	-4.186	10.007	-4.038	163
C	-3.611	9.961	-5.451	163
N	-2.296	10.13	-5.551	164
CA	-1.525	9.895	-6.778	164
C	-0.338	8.982	-6.492	164
N	0.073	8.208	-7.494	165
CA	1.281	7.385	-7.431	165
C	2.449	8.031	-8.173	165
N	3.67	7.883	-7.668	166
CA	4.907	8.208	-8.38	166
C	5.791	6.971	-8.466	166
N	6.325	6.648	-9.643	167
CA	7.303	5.562	-9.762	167
C	8.175	5.654	-11.016	167
N	9.378	5.054	-10.982	168
CA	10.197	4.867	-12.168	168
C	9.634	3.743	-13.055	168
N	9.51	3.984	-14.364	169
CA	9.142	2.967	-15.362	169
C	10.034	3.147	-16.592	169
N	10.84	2.135	-16.925	170
CA	11.696	2.16	-18.12	170
C	12.661	3.355	-18.178	170
N	13.303	3.7	-17.054	171
CA	14.264	4.812	-16.968	171
C	13.639	6.213	-16.976	171
N	12.316	6.328	-16.825	172
CA	11.602	7.61	-16.736	172
C	10.736	7.651	-15.487	172
N	10.531	8.839	-14.933	173
CA	9.664	9.045	-13.778	173
C	8.247	9.379	-14.251	173
N	7.246	8.725	-13.665	174
CA	5.842	8.983	-13.969	174
C	5.039	9.325	-12.722	174
N	4.066	10.216	-12.899	175
CA	2.926	10.375	-12.001	175
C	1.712	9.635	-12.576	175
N	1.103	8.8	-11.742	176
CA	-0.077	7.996	-12.024	176
C	-1.248	8.587	-11.233	176
N	-1.857	9.623	-11.804	177
CA	-3.029	10.304	-11.257	177
C	-4.299	9.782	-11.94	177
N	-5.136	9.065	-11.186	178
CA	-6.377	8.486	-11.697	178
C	-7.379	9.511	-12.242	178
N	-7.278	10.793	-11.888	179
CA	-8.16	11.839	-12.42	179
C	-7.696	12.385	-13.779	179
N	-6.525	11.966	-14.271	180
CA	-5.991	12.361	-15.582	180
C	-6.395	11.384	-16.679	180
N	-6.169	11.8	-17.922	181
CA	-6.425	10.962	-19.102	181
C	-5.37	9.863	-19.305	181
N	-4.182	10.016	-18.718	182
CA	-3.06	9.092	-18.863	182
C	-1.952	9.366	-17.844	182
N	-0.891	8.538	-17.829	183
CA	0.321	8.812	-17.066	183
C	0.899	10.185	-17.406	183
N	1.432	10.876	-16.406	184
CA	2.168	12.125	-16.592	184
C	3.658	11.788	-16.59	184
N	4.33	12.019	-17.714	185
CA	5.782	11.898	-17.835	185
C	6.457	13.102	-17.166	185
N	7.241	12.824	-16.124	186
CA	7.939	13.815	-15.305	186
C	9.415	13.979	-15.686	186
N	9.903	13.212	-16.663	187
CA	11.27	13.304	-17.16	187
C	12.06	12.001	-17.082	187
N	13.272	12.063	-17.621	188
CA	14.22	10.95	-17.647	188
C	14.991	10.842	-16.328	188
N	15.23	9.608	-15.888	189
CA	16.103	9.281	-14.764	189
C	17.45	8.874	-15.362	189
N	18.506	9.636	-15.07	190
CA	19.85	9.338	-15.591	190
C	20.366	8.017	-15.008	190
N	21.228	7.305	-15.736	191
CA	21.686	5.946	-15.385	191
C	22.35	5.787	-14.007	191
N	22.852	6.869	-13.407	192
CA	23.468	6.882	-12.066	192
C	22.641	7.671	-11.039	192
N	21.485	8.19	-11.449	193
CA	20.645	9.026	-10.611	193
C	19.604	8.172	-9.894	193
N	19.504	8.345	-8.578	194
CA	18.395	7.79	-7.822	194
C	17.106	8.538	-8.195	194
N	16.053	7.801	-8.542	195
CA	14.77	8.387	-8.927	195
C	14.118	9.179	-7.783	195
N	14.464	8.869	-6.528	196
CA	14.034	9.624	-5.349	196
C	14.545	11.072	-5.403	196
N	15.774	11.298	-5.871	197
CA	16.321	12.653	-6.025	197
C	15.645	13.436	-7.16	197
N	15.013	12.736	-8.11	198
CA	14.213	13.349	-9.181	198
C	12.817	13.721	-8.675	198
N	12.166	12.84	-7.906	199
CA	10.769	13.033	-7.475	199
C	10.63	14.014	-6.308	199
N	11.612	14.084	-5.396	200
CA	11.547	14.943	-4.199	200
C	11.258	16.417	-4.532	200
N	12.003	17.091	-5.437	201
CA	11.704	18.479	-5.805	201
C	10.319	18.669	-6.441	201
N	9.777	17.636	-7.096	202
CA	8.446	17.68	-7.719	202
C	7.365	17.673	-6.635	202
N	7.496	16.792	-5.638	203
CA	6.578	16.724	-4.493	203
C	6.682	18.001	-3.651	203
N	7.895	18.484	-3.359	204
CA	8.117	19.746	-2.633	204
C	7.445	20.924	-3.344	204
N	7.659	21.056	-4.66	205
CA	7.021	22.101	-5.466	205
C	5.498	21.983	-5.454	205
N	4.95	20.764	-5.407	206
CA	3.5	20.549	-5.314	206
C	2.961	20.967	-3.95	206
N	3.646	20.623	-2.86	207
CA	3.284	21.067	-1.507	207
C	3.307	22.598	-1.381	207
N	4.291	23.267	-1.991	208
CA	4.418	24.734	-1.996	208
C	3.287	25.477	-2.729	208
N	2.461	24.792	-3.535	209
CA	1.304	25.423	-4.202	209
C	0.157	25.713	-3.239	209
N	0.115	25.024	-2.106	210
CA	-0.92	25.212	-1.104	210
C	-0.527	26.336	-0.145	210
N	-1.528	26.967	0.467	211
CA	-1.35	28.071	1.412	211
C	-0.328	27.721	2.496	211
N	0.506	28.682	2.91	212
CA	1.381	28.552	4.084	212
C	0.527	28.231	5.328	212
N	0.387	26.945	5.654	213
CA	-0.494	26.45	6.717	213
C	-1.352	25.245	6.331	213
N	-1.484	24.934	5.041	214
CA	-2.023	23.646	4.612	214
C	-0.977	22.564	4.893	214
N	-1.298	21.665	5.818	215
CA	-0.406	20.591	6.274	215
C	-1.019	19.209	6.064	215
N	-2.218	19.126	5.48	216
CA	-2.914	17.86	5.274	216
C	-2.374	17.142	4.033	216
N	-1.108	16.755	4.126	217
CA	-0.439	15.879	3.188	217
C	-0.107	14.564	3.87	217
N	-0.128	13.49	3.096	218
CA	0.442	12.225	3.522	218
C	1.313	11.685	2.397	218
N	2.526	11.259	2.726	219
CA	3.417	10.62	1.774	219
C	3.772	9.243	2.307	219
N	3.552	8.233	1.481	220
CA	3.895	6.857	1.787	220
C	4.8	6.286	0.701	220
N	5.689	5.383	1.082	221
CA	6.586	4.658	0.206	221
C	6.172	3.189	0.142	221
N	6.003	2.673	-1.072	222
CA	5.897	1.246	-1.344	222
C	7.314	0.674	-1.444	222
N	7.648	-0.276	-0.576	223
CA	9.003	-0.824	-0.422	223
C	8.981	-2.356	-0.327	223
N	10.14	-3.001	-0.484	224
CA	10.28	-4.44	-0.196	224
C	10.05	-4.729	1.297	224
N	9.533	-5.919	1.632	225
CA	9.325	-6.346	3.026	225
C	10.653	-6.297	3.797	225
N	10.735	-5.388	4.772	226
CA	11.965	-5.092	5.514	226
C	12.469	-6.294	6.286	226
N	11.556	-7.102	6.816	227
CA	11.924	-8.313	7.533	227
C	12.694	-9.27	6.615	227
N	12.227	-9.46	5.373	228
CA	12.912	-10.314	4.389	228
C	14.279	-9.766	4.011	228
N	14.388	-8.451	3.822	229
CA	15.671	-7.801	3.524	229
C	16.683	-8.069	4.646	229
N	16.282	-7.911	5.909	230
CA	17.163	-8.188	7.044	230
C	17.516	-9.676	7.168	230
N	16.566	-10.58	6.922	231
CA	16.808	-12.029	6.914	231
C	17.832	-12.422	5.832	231
N	17.704	-11.881	4.617	232
CA	18.663	-12.088	3.525	232
C	20.05	-11.503	3.842	232
N	20.116	-10.334	4.489	233
CA	21.386	-9.739	4.925	233
C	22.08	-10.615	5.974	233
N	21.331	-11.144	6.948	234
CA	21.861	-12.103	7.926	234
C	22.39	-13.356	7.223	234
N	21.668	-13.899	6.241	235
CA	22.11	-15.088	5.503	235
C	23.439	-14.856	4.765	235
N	23.619	-13.675	4.158	236
CA	24.881	-13.269	3.514	236
C	26.028	-13.125	4.516	236
N	25.759	-12.607	5.715	237
CA	26.766	-12.479	6.776	237
C	27.133	-13.833	7.399	237
N	26.191	-14.776	7.479	238
CA	26.464	-16.143	7.936	238
C	27.25	-16.961	6.903	238
N	27.091	-16.646	5.616	239
CA	27.783	-17.297	4.506	239
C	28.618	-16.277	3.71	239
N	29.676	-15.702	4.315	240
CA	30.456	-14.656	3.675	240
C	31.143	-15.18	2.41	240
N	31.283	-14.308	1.411	241
CA	32.062	-14.625	0.221	241
C	33.526	-14.951	0.602	241
N	34.25	-15.778	-0.179	242
CA	35.632	-16.172	0.134	242
C	36.607	-15.0	0.326	242
N	36.277	-13.839	-0.247	243
CA	37.091	-12.626	-0.227	243
C	36.554	-11.559	0.747	243
N	35.609	-11.9	1.63	244
CA	35.083	-10.955	2.611	244
C	36.207	-10.477	3.544	244
N	36.344	-9.156	3.685	245
CA	37.379	-8.537	4.523	245
C	36.937	-8.371	5.98	245
N	35.633	-8.463	6.241	246
CA	35.062	-8.24	7.566	246
C	35.5	-9.34	8.532	246
N	35.79	-8.959	9.773	247
CA	36.117	-9.943	10.801	247
C	34.86	-10.702	11.23	247
N	35.039	-11.87	11.847	248
CA	33.909	-12.608	12.431	248
C	33.182	-11.779	13.502	248
N	33.922	-10.962	14.257	249
CA	33.363	-10.088	15.29	249
C	32.485	-8.983	14.684	249
N	32.94	-8.345	13.599	250
CA	32.166	-7.326	12.877	250
C	30.859	-7.913	12.325	250
N	30.935	-9.088	11.681	251
CA	29.745	-9.787	11.169	251
C	28.772	-10.142	12.286	251
N	29.272	-10.621	13.423	252
CA	28.421	-11.005	14.545	252
C	27.734	-9.793	15.197	252
N	28.404	-8.637	15.242	253
CA	27.815	-7.377	15.688	253
C	26.705	-6.907	14.733	253
N	26.94	-6.969	13.421	254
CA	25.941	-6.603	12.416	254
C	24.727	-7.543	12.437	254
N	24.938	-8.861	12.536	255
CA	23.854	-9.846	12.696	255
C	23.005	-9.534	13.937	255
N	23.625	-9.123	15.047	256
CA	22.902	-8.739	16.268	256
C	22.006	-7.513	16.042	256
N	22.524	-6.499	15.345	257
CA	21.753	-5.312	14.955	257
C	20.581	-5.678	14.042	257
N	20.822	-6.499	13.016	258
CA	19.788	-6.954	12.082	258
C	18.686	-7.763	12.774	258
N	19.034	-8.634	13.731	259
CA	18.041	-9.363	14.544	259
C	17.16	-8.423	15.36	259
N	17.729	-7.332	15.867	260
CA	16.966	-6.3	16.579	260
C	15.971	-5.61	15.642	260
N	16.371	-5.315	14.4	261
CA	15.466	-4.752	13.394	261
C	14.365	-5.728	12.96	261
N	14.669	-7.022	12.827	262
CA	13.656	-8.057	12.565	262
C	12.614	-8.096	13.686	262
N	13.041	-8.087	14.952	263
CA	12.101	-8.076	16.077	263
C	11.231	-6.812	16.059	263
N	11.812	-5.654	15.734	264
CA	11.051	-4.419	15.559	264
C	9.965	-4.554	14.476	264
N	10.303	-5.09	13.299	265
CA	9.353	-5.317	12.2	265
C	8.259	-6.329	12.577	265
N	8.602	-7.399	13.301	266
CA	7.625	-8.37	13.816	266
C	6.637	-7.686	14.767	266
N	7.131	-6.872	15.703	267
CA	6.273	-6.14	16.635	267
C	5.419	-5.096	15.916	267
N	5.957	-4.437	14.89	268
CA	5.216	-3.503	14.04	268
C	4.056	-4.182	13.313	268
N	4.3	-5.319	12.653	269
CA	3.253	-6.131	12.006	269
C	2.175	-6.567	13.011	269
N	2.553	-6.922	14.249	270
CA	1.586	-7.217	15.328	270
C	0.749	-5.991	15.707	270
N	1.363	-4.808	15.851	271
CA	0.641	-3.557	16.149	271
C	-0.386	-3.239	15.067	271
N	-0.016	-3.326	13.79	272
CA	-0.941	-3.078	12.678	272
C	-2.165	-3.99	12.709	272
N	-1.987	-5.282	13.008	273
CA	-3.118	-6.207	13.183	273
C	-4.048	-5.777	14.317	273
N	-3.491	-5.401	15.469	274
CA	-4.278	-4.936	16.625	274
C	-5.019	-3.64	16.305	274
N	-4.363	-2.689	15.65	275
CA	-4.998	-1.44	15.243	275
C	-6.106	-1.676	14.221	275
N	-5.917	-2.59	13.269	276
CA	-6.951	-2.938	12.301	276
C	-8.192	-3.539	12.984	276
N	-7.998	-4.391	13.999	277
CA	-9.104	-4.895	14.834	277
C	-9.84	-3.744	15.524	277
N	-9.116	-2.753	16.062	278
CA	-9.722	-1.56	16.681	278
C	-10.479	-0.71	15.659	278
N	-9.896	-0.451	14.482	279
CA	-10.51	0.347	13.403	279
C	-11.839	-0.25	12.931	279
N	-11.935	-1.583	12.876	280
CA	-13.142	-2.313	12.447	280
C	-14.165	-2.537	13.569	280
N	-13.832	-2.233	14.823	281
CA	-14.691	-2.559	15.958	281
C	-15.865	-1.582	16.098	281
N	-17.09	-2.105	16.211	282
CA	-18.265	-1.284	16.494	282
C	-18.316	-0.921	17.986	282
N	-17.937	0.314	18.312	283
CA	-17.93	0.823	19.685	283
C	-19.31	1.251	20.215	283
N	-20.38	1.256	19.407	284
CA	-21.7	1.729	19.85	284
C	-22.241	0.962	21.073	284
N	-22.216	-0.388	21.12	285
CA	-22.68	-1.12	22.298	285
C	-21.877	-0.769	23.554	285
N	-20.556	-0.619	23.416	286
CA	-19.68	-0.208	24.512	286
C	-20.028	1.195	25.025	286
N	-20.23	2.161	24.123	287
CA	-20.59	3.542	24.479	287
C	-21.94	3.578	25.2	287
N	-22.943	2.864	24.682	288
CA	-24.275	2.795	25.298	288
C	-24.186	2.225	26.71	288
N	-23.431	1.146	26.897	289
CA	-23.295	0.513	28.207	289
C	-22.519	1.387	29.198	289
N	-21.455	2.052	28.741	290
CA	-20.722	3.026	29.545	290
C	-21.638	4.157	30.039	290
N	-22.492	4.699	29.165	291
CA	-23.431	5.763	29.528	291
C	-24.476	5.296	30.549	291
N	-24.98	4.06	30.434	292
CA	-25.899	3.483	31.427	292
C	-25.245	3.377	32.801	292
N	-24.048	2.791	32.885	293
CA	-23.317	2.618	34.154	293
C	-23.046	3.976	34.817	293
N	-22.636	4.981	34.035	294
CA	-22.438	6.338	34.551	294
C	-23.746	6.967	35.049	294
N	-24.865	6.694	34.375	295
CA	-26.194	7.148	34.779	295
C	-26.638	6.52	36.098	295
N	-26.522	5.198	36.214	296
CA	-26.888	4.425	37.408	296
C	-26.065	4.826	38.637	296
N	-24.775	5.115	38.45	297
CA	-23.894	5.572	39.526	297
C	-24.035	7.074	39.847	297
N	-24.945	7.798	39.184	298
CA	-25.138	9.24	39.378	298
C	-23.957	10.108	38.917	298
N	-23.017	9.544	38.153	299
CA	-21.802	10.223	37.686	299
C	-22.002	10.94	36.345	299
N	-23.01	10.545	35.561	300
CA	-23.238	11.076	34.217	300
C	-23.527	12.584	34.211	300
N	-24.487	13.044	35.023	301
CA	-24.885	14.459	35.057	301
C	-23.759	15.392	35.537	301
N	-23.002	15.075	36.611	302
CA	-21.83	15.865	36.993	302
C	-20.778	15.993	35.883	302
N	-20.504	14.906	35.15	303
CA	-19.55	14.919	34.031	303
C	-20.078	15.798	32.892	303
N	-21.357	15.649	32.543	304
CA	-22.013	16.437	31.503	304
C	-21.975	17.94	31.809	304
N	-22.379	18.359	33.011	305
CA	-22.398	19.782	33.374	305
C	-20.988	20.385	33.387	305
N	-19.989	19.632	33.867	306
CA	-18.585	20.058	33.798	306
C	-18.105	20.225	32.354	306
N	-18.501	19.329	31.451	307
CA	-18.161	19.427	30.034	307
C	-18.852	20.626	29.362	307
N	-20.129	20.866	29.675	308
CA	-20.907	22.013	29.19	308
C	-20.303	23.346	29.632	308
N	-19.914	23.46	30.901	309
CA	-19.251	24.654	31.423	309
C	-17.936	24.941	30.679	309
N	-17.107	23.912	30.454	310
CA	-15.865	24.04	29.668	310
C	-16.114	24.465	28.22	310
N	-17.196	23.989	27.604	311
CA	-17.562	24.381	26.246	311
C	-17.94	25.871	26.176	311
N	-18.745	26.354	27.129	312
CA	-19.111	27.771	27.248	312
C	-17.887	28.669	27.48	312
N	-16.965	28.256	28.353	313
CA	-15.717	28.987	28.617	313
C	-14.836	29.095	27.366	313
N	-14.726	28.011	26.584	314
CA	-14.013	28.03	25.299	314
C	-14.664	28.974	24.296	314
N	-15.989	28.956	24.184	315
CA	-16.709	29.83	23.255	315
C	-16.524	31.313	23.617	315
N	-16.571	31.653	24.908	316
CA	-16.307	33.017	25.378	316
C	-14.861	33.459	25.125	316
N	-13.885	32.568	25.322	317
CA	-12.48	32.861	25.047	317
C	-12.217	33.075	23.548	317
N	-12.875	32.297	22.683	318
CA	-12.775	32.454	21.233	318
C	-13.369	33.794	20.784	318
N	-14.578	34.136	21.254	319
CA	-15.216	35.422	20.926	319
C	-14.374	36.626	21.334	319
N	-13.686	36.565	22.483	320
CA	-12.786	37.645	22.918	320
C	-11.609	37.835	21.962	320
N	-10.991	36.741	21.5	321
CA	-9.898	36.789	20.515	321
C	-10.326	37.346	19.161	321
N	-11.576	37.136	18.76	322
CA	-12.077	37.631	17.472	322
C	-12.461	39.129	17.522	322
N	-12.551	39.724	18.721	323
CA	-12.851	41.156	18.932	323
C	-11.637	42.042	19.229	323
N	-10.457	41.465	19.477	324
CA	-9.188	42.182	19.719	324
C	-8.32	42.223	18.447	324
