ATOM	X	Y	Z	RESIDUE
N	4.288	42.57	-84.458	1
CA	5.295	41.505	-84.258	1
C	6.633	42.177	-83.999	1
N	7.378	41.685	-83.005	2
CA	8.666	42.178	-82.494	2
C	8.643	43.501	-81.692	2
N	8.826	43.378	-80.374	3
CA	9.504	44.368	-79.542	3
C	10.361	43.61	-78.519	3
N	11.628	43.999	-78.447	4
CA	12.71	43.309	-77.774	4
C	13.03	43.936	-76.406	4
N	13.437	43.061	-75.483	5
CA	14.493	43.225	-74.465	5
C	14.55	44.501	-73.614	5
N	14.29	44.33	-72.314	6
CA	15.14	44.917	-71.27	6
C	15.233	43.981	-70.063	6
N	16.455	43.547	-69.788	7
CA	16.91	42.767	-68.638	7
C	16.923	43.622	-67.37	7
N	16.29	43.163	-66.287	8
CA	16.519	43.692	-64.937	8
C	16.926	42.572	-63.985	8
N	18.026	42.834	-63.293	9
CA	18.771	41.993	-62.368	9
C	17.942	41.372	-61.243	9
N	18.123	40.069	-61.059	10
CA	17.812	39.32	-59.842	10
C	18.809	39.676	-58.737	10
N	18.397	40.522	-57.793	11
CA	19.054	40.649	-56.497	11
C	18.338	39.722	-55.504	11
N	19.032	38.652	-55.117	12
CA	18.652	37.729	-54.053	12
C	18.503	38.499	-52.736	12
N	17.269	38.601	-52.247	13
CA	16.985	39.077	-50.906	13
C	17.472	38.037	-49.883	13
N	18.35	38.479	-48.986	14
CA	18.847	37.719	-47.846	14
C	17.71	37.118	-47.001	14
N	17.834	35.862	-46.532	15
CA	16.949	35.358	-45.501	15
C	17.262	36.111	-44.207	15
N	16.243	36.787	-43.672	16
CA	16.28	37.401	-42.347	16
C	16.732	36.353	-41.334	16
N	17.821	36.665	-40.648	17
CA	18.26	36.022	-39.418	17
C	17.115	36.053	-38.406	17
N	16.457	34.905	-38.235	18
CA	15.599	34.623	-37.091	18
C	16.504	34.558	-35.862	18
N	16.581	35.694	-35.181	19
CA	17.144	35.828	-33.853	19
C	16.406	34.836	-32.931	19
N	17.077	33.871	-32.272	20
CA	16.436	33.07	-31.252	20
C	16.334	33.969	-30.024	20
N	15.303	34.813	-30.003	21
CA	14.796	35.335	-28.755	21
C	14.32	34.11	-27.978	21
N	15.223	33.567	-27.16	22
CA	14.892	32.691	-26.063	22
C	13.793	33.409	-25.285	22
N	12.552	33.008	-25.549	23
CA	11.423	33.339	-24.724	23
C	11.756	32.738	-23.362	23
N	12.351	33.564	-22.496	24
CA	12.339	33.359	-21.058	24
C	10.866	33.322	-20.688	24
N	10.291	32.126	-20.728	25
CA	9.063	31.817	-20.018	25
C	9.397	32.151	-18.575	25
N	8.899	33.293	-18.111	26
CA	8.946	33.654	-16.708	26
C	8.123	32.602	-15.977	26
N	8.796	31.575	-15.466	27
CA	8.228	30.667	-14.482	27
C	7.668	31.527	-13.345	27
N	6.396	31.354	-12.948	28
CA	5.871	32.045	-11.783	28
C	6.804	31.756	-10.605	28
N	7.172	32.782	-9.837	29
CA	7.804	32.594	-8.533	29
C	6.791	31.905	-7.609	29
N	6.664	30.583	-7.71	30
CA	6.146	29.783	-6.606	30
C	7.297	29.699	-5.614	30
N	7.312	30.661	-4.694	31
CA	8.103	30.603	-3.467	31
C	7.756	29.254	-2.825	31
N	8.752	28.373	-2.675	32
CA	8.536	26.986	-2.258	32
C	7.695	26.898	-0.985	32
N	6.75	25.957	-0.951	33
CA	5.966	25.702	0.248	33
C	6.914	25.272	1.378	33
N	6.854	25.964	2.514	34
CA	7.603	25.575	3.712	34
C	7.078	24.242	4.223	34
N	7.979	23.337	4.615	35
CA	7.574	22.081	5.241	35
C	6.767	22.363	6.519	35
N	5.645	21.664	6.731	36
CA	4.835	21.795	7.93	36
C	5.625	21.279	9.137	36
N	5.574	22.001	10.255	37
CA	5.963	21.448	11.556	37
C	4.679	21.083	12.292	37
N	4.266	19.822	12.149	38
CA	3.114	19.263	12.853	38
C	3.572	18.735	14.212	38
N	2.942	19.234	15.27	39
CA	3.101	18.746	16.638	39
C	1.752	18.226	17.153	39
N	1.792	17.351	18.149	40
CA	0.619	16.723	18.743	40
C	0.833	16.471	20.231	40
N	-0.249	16.461	20.998	41
CA	-0.207	16.15	22.425	41
C	-0.742	14.742	22.681	41
N	0.012	13.967	23.455	42
CA	-0.304	12.589	23.845	42
C	-0.149	12.478	25.35	42
N	-1.164	11.941	26.023	43
CA	-1.121	11.713	27.469	43
C	-0.664	10.296	27.827	43
N	-0.671	9.382	26.847	44
CA	-0.423	7.948	27.054	44
C	0.947	7.515	26.537	44
N	1.328	7.975	25.346	45
CA	2.552	7.553	24.67	45
C	3.681	8.576	24.795	45
N	4.924	8.087	24.724	46
CA	6.119	8.933	24.689	46
C	6.279	9.556	23.296	46
N	6.061	10.87	23.198	47
CA	6.437	11.686	22.033	47
C	7.961	11.808	21.954	47
N	8.528	11.553	20.783	48
CA	9.965	11.644	20.527	48
C	10.226	12.588	19.352	48
N	11.244	13.441	19.479	49
CA	11.638	14.381	18.428	49
C	12.716	13.755	17.551	49
N	12.554	13.839	16.237	50
CA	13.558	13.457	15.238	50
C	13.933	14.675	14.404	50
N	15.202	14.782	14.009	51
CA	15.67	15.855	13.127	51
C	15.985	15.27	11.758	51
N	15.196	15.647	10.756	52
CA	15.307	15.167	9.384	52
C	15.778	16.321	8.503	52
N	17.058	16.29	8.117	53
CA	17.678	17.351	7.32	53
C	17.471	18.766	7.912	53
N	17.565	18.883	9.242	54
CA	17.384	20.142	9.971	54
C	15.933	20.508	10.299	54
N	14.95	19.686	9.918	55
CA	13.55	19.868	10.305	55
C	13.21	18.958	11.48	55
N	12.748	19.559	12.573	56
CA	12.246	18.815	13.72	56
C	10.839	18.284	13.408	56
N	10.67	16.975	13.561	57
CA	9.398	16.266	13.448	57
C	9.17	15.41	14.699	57
N	7.909	15.104	14.999	58
CA	7.531	14.327	16.176	58
C	6.967	12.963	15.786	58
N	7.406	11.931	16.505	59
CA	6.988	10.545	16.298	59
C	6.625	9.865	17.619	59
N	5.934	8.734	17.511	60
CA	5.822	7.727	18.572	60
C	6.431	6.429	18.06	60
N	7.442	5.896	18.754	61
CA	7.957	4.547	18.469	61
C	6.953	3.504	18.933	61
N	6.746	2.47	18.129	62
CA	5.96	1.311	18.525	62
C	6.789	0.244	19.226	62
N	6.11	-0.846	19.557	63
CA	6.703	-2.021	20.177	63
C	5.668	-2.789	20.984	63
N	5.824	-4.112	21.061	64
CA	4.901	-4.978	21.823	64
C	4.892	-4.632	23.313	64
N	6.013	-4.131	23.831	65
CA	6.124	-3.595	25.188	65
C	5.178	-2.413	25.492	65
N	4.568	-1.784	24.479	66
CA	3.603	-0.693	24.65	66
C	2.145	-1.166	24.7	66
N	1.858	-2.44	24.417	67
CA	0.489	-2.967	24.45	67
C	-0.233	-2.783	25.796	67
N	0.436	-2.849	26.967	68
CA	-0.209	-2.537	28.244	68
C	-0.8	-1.119	28.349	68
N	-0.427	-0.191	27.458	69
CA	-0.963	1.175	27.41	69
C	-2.257	1.289	26.585	69
N	-2.596	0.272	25.782	70
CA	-3.766	0.299	24.896	70
C	-5.099	0.519	25.634	70
N	-5.351	-0.055	26.831	71
CA	-6.58	0.234	27.571	71
C	-6.748	1.714	27.946	71
N	-5.66	2.426	28.27	72
CA	-5.735	3.868	28.555	72
C	-5.901	4.672	27.259	72
N	-5.182	4.303	26.191	73
CA	-5.318	4.936	24.876	73
C	-6.744	4.822	24.306	73
N	-7.41	3.69	24.541	74
CA	-8.772	3.415	24.081	74
C	-9.846	3.68	25.136	74
N	-9.582	4.573	26.089	75
CA	-10.575	4.952	27.091	75
C	-11.868	5.45	26.44	75
N	-12.989	4.889	26.89	76
CA	-14.317	5.166	26.334	76
C	-14.681	4.343	25.092	76
N	-13.778	3.503	24.579	77
CA	-14.055	2.557	23.495	77
C	-14.364	1.187	24.101	77
N	-15.498	0.593	23.725	78
CA	-15.88	-0.787	24.072	78
C	-15.913	-1.686	22.843	78
N	-16.254	-1.121	21.685	79
CA	-16.226	-1.829	20.409	79
C	-15.497	-1.018	19.334	79
N	-14.571	-1.689	18.646	80
CA	-13.932	-1.226	17.414	80
C	-14.6	-1.941	16.238	80
N	-15.329	-1.189	15.419	81
CA	-15.969	-1.696	14.21	81
C	-15.021	-1.615	13.029	81
N	-14.654	-2.743	12.432	82
CA	-13.814	-2.784	11.229	82
C	-14.698	-3.058	10.021	82
N	-14.897	-2.046	9.18	83
CA	-15.828	-2.121	8.055	83
C	-15.083	-2.476	6.775	83
N	-15.452	-3.61	6.179	84
CA	-14.837	-4.129	4.959	84
C	-13.719	-5.147	5.197	84
N	-13.523	-6.019	4.204	85
CA	-12.557	-7.128	4.235	85
C	-11.663	-7.134	2.985	85
N	-11.221	-5.943	2.564	86
CA	-10.334	-5.762	1.41	86
C	-8.875	-6.123	1.718	86
N	-7.938	-5.223	1.399	87
CA	-6.51	-5.422	1.714	87
C	-6.199	-5.086	3.182	87
N	-6.606	-3.899	3.65	88
CA	-6.327	-3.426	5.015	88
C	-7.212	-4.096	6.083	88
N	-8.501	-4.322	5.79	89
CA	-9.48	-4.902	6.726	89
C	-9.001	-6.165	7.458	89
N	-8.598	-7.234	6.739	90
CA	-8.133	-8.47	7.363	90
C	-6.89	-8.269	8.23	90
N	-5.922	-7.479	7.758	91
CA	-4.661	-7.265	8.458	91
C	-4.868	-6.483	9.756	91
N	-5.583	-5.363	9.673	92
CA	-5.807	-4.496	10.818	92
C	-6.711	-5.138	11.864	92
N	-7.786	-5.812	11.447	93
CA	-8.656	-6.535	12.367	93
C	-7.894	-7.59	13.181	93
N	-7.067	-8.403	12.516	94
CA	-6.288	-9.442	13.188	94
C	-5.204	-8.853	14.094	94
N	-4.502	-7.803	13.659	95
CA	-3.47	-7.166	14.479	95
C	-4.082	-6.493	15.718	95
N	-5.195	-5.763	15.568	96
CA	-5.939	-5.183	16.692	96
C	-6.392	-6.258	17.679	96
N	-7.02	-7.334	17.187	97
CA	-7.462	-8.453	18.028	97
C	-6.294	-9.064	18.804	97
N	-5.191	-9.369	18.12	98
CA	-4.015	-9.989	18.733	98
C	-3.401	-9.055	19.806	98
N	-3.24	-7.76	19.506	99
CA	-2.651	-6.77	20.424	99
C	-3.536	-6.484	21.643	99
N	-4.858	-6.395	21.463	100
CA	-5.811	-6.202	22.563	100
C	-5.875	-7.427	23.481	100
N	-5.807	-8.638	22.917	101
CA	-5.735	-9.869	23.7	101
C	-4.456	-9.923	24.553	101
N	-3.313	-9.521	23.993	102
CA	-2.039	-9.44	24.719	102
C	-2.056	-8.357	25.811	102
N	-2.729	-7.231	25.555	103
CA	-3.003	-6.186	26.542	103
C	-4.058	-6.58	27.596	103
N	-4.715	-7.742	27.446	104
CA	-5.852	-8.202	28.266	104
C	-7.001	-7.187	28.321	104
N	-7.233	-6.492	27.211	105
CA	-8.365	-5.585	27.045	105
C	-9.648	-6.369	26.75	105
N	-10.78	-5.851	27.22	106
CA	-12.132	-6.36	26.977	106
C	-12.795	-5.767	25.718	106
N	-12.088	-4.902	24.981	107
CA	-12.586	-4.277	23.753	107
C	-12.854	-5.334	22.678	107
N	-14.043	-5.272	22.079	108
CA	-14.445	-6.165	20.987	108
C	-14.045	-5.567	19.64	108
N	-13.321	-6.337	18.826	109
CA	-13.1	-6.032	17.403	109
C	-14.176	-6.751	16.59	109
N	-15.124	-5.998	16.02	110
CA	-16.261	-6.536	15.257	110
C	-16.16	-6.158	13.785	110
N	-16.269	-7.143	12.901	111
CA	-16.221	-6.938	11.453	111
C	-17.624	-6.658	10.928	111
N	-17.776	-5.562	10.187	112
CA	-19.02	-5.205	9.509	112
C	-18.905	-5.411	8.004	112
N	-19.733	-6.294	7.441	113
CA	-19.78	-6.56	6.001	113
C	-21.185	-6.347	5.442	113
N	-21.257	-5.855	4.2	114
CA	-22.527	-5.721	3.476	114
C	-23.189	-7.085	3.281	114
N	-24.517	-7.141	3.361	115
CA	-25.29	-8.354	3.061	115
C	-24.893	-8.949	1.701	115
N	-24.612	-10.253	1.675	116
CA	-24.161	-10.959	0.469	116
C	-22.692	-10.723	0.09	116
N	-21.88	-10.12	0.969	117
CA	-20.427	-10.067	0.779	117
C	-19.85	-11.475	0.6	117
N	-18.931	-11.643	-0.354	118
CA	-18.227	-12.92	-0.554	118
C	-17.197	-13.202	0.548	118
N	-16.859	-12.191	1.35	119
CA	-15.798	-12.261	2.359	119
C	-16.272	-12.641	3.765	119
N	-17.548	-13.009	3.954	120
CA	-18.007	-13.559	5.241	120
C	-17.23	-14.829	5.607	120
N	-17.072	-15.765	4.665	121
CA	-16.333	-17.01	4.926	121
C	-14.858	-16.757	5.248	121
N	-14.254	-15.74	4.634	122
CA	-12.873	-15.36	4.924	122
C	-12.719	-14.773	6.33	122
N	-13.667	-13.935	6.76	123
CA	-13.685	-13.397	8.115	123
C	-13.853	-14.522	9.15	123
N	-14.738	-15.497	8.883	124
CA	-14.896	-16.699	9.722	124
C	-13.634	-17.548	9.762	124
N	-12.988	-17.778	8.619	125
CA	-11.711	-18.49	8.554	125
C	-10.592	-17.769	9.33	125
N	-10.657	-16.438	9.432	126
CA	-9.754	-15.64	10.256	126
C	-10.152	-15.586	11.746	126
N	-11.259	-16.218	12.152	127
CA	-11.729	-16.312	13.539	127
C	-12.723	-15.23	13.977	127
N	-13.302	-14.465	13.048	128
CA	-14.38	-13.513	13.334	128
C	-15.725	-14.159	12.993	128
N	-16.603	-14.357	13.979	129
CA	-17.858	-15.112	13.801	129
C	-19.049	-14.387	14.409	129
N	-20.235	-14.657	13.871	130
CA	-21.495	-14.149	14.4	130
C	-21.734	-14.649	15.833	130
N	-21.395	-15.909	16.126	131
CA	-21.594	-16.54	17.435	131
C	-20.768	-15.873	18.54	131
N	-19.547	-15.436	18.221	132
CA	-18.698	-14.68	19.148	132
C	-19.007	-13.18	19.176	132
N	-19.977	-12.704	18.387	133
CA	-20.306	-11.281	18.269	133
C	-19.225	-10.441	17.58	133
N	-18.307	-11.071	16.84	134
CA	-17.159	-10.406	16.195	134
C	-17.301	-10.288	14.675	134
N	-18.413	-10.746	14.098	135
CA	-18.788	-10.558	12.695	135
C	-20.284	-10.234	12.606	135
N	-20.668	-9.33	11.708	136
CA	-22.069	-8.986	11.495	136
C	-22.31	-8.068	10.301	136
N	-23.528	-7.532	10.244	137
CA	-23.919	-6.554	9.233	137
C	-23.149	-5.234	9.404	137
N	-22.873	-4.577	8.278	138
CA	-22.185	-3.286	8.221	138
C	-22.882	-2.214	9.067	138
N	-24.196	-2.041	8.937	139
CA	-24.925	-0.942	9.572	139
C	-25.068	-1.164	11.074	139
N	-25.344	-2.405	11.485	140
CA	-25.358	-2.786	12.901	140
C	-23.987	-2.553	13.553	140
N	-22.908	-2.918	12.856	141
CA	-21.541	-2.719	13.347	141
C	-21.21	-1.233	13.454	141
N	-21.589	-0.405	12.473	142
CA	-21.411	1.054	12.541	142
C	-22.128	1.629	13.768	142
N	-23.415	1.324	13.943	143
CA	-24.222	1.886	15.033	143
C	-23.837	1.401	16.429	143
N	-23.143	0.268	16.542	144
CA	-22.69	-0.286	17.824	144
C	-21.232	0.031	18.165	144
N	-20.466	0.654	17.265	145
CA	-19.038	0.933	17.479	145
C	-18.773	2.317	18.068	145
N	-17.763	2.412	18.933	146
CA	-17.296	3.685	19.51	146
C	-16.107	4.247	18.717	146
N	-15.307	3.345	18.139	147
CA	-14.325	3.619	17.096	147
C	-14.72	2.827	15.847	147
N	-14.951	3.52	14.739	148
CA	-15.301	2.93	13.455	148
C	-14.131	3.043	12.481	148
N	-13.535	1.925	12.083	149
CA	-12.497	1.872	11.059	149
C	-13.132	1.611	9.691	149
N	-13.161	2.63	8.833	150
CA	-13.755	2.537	7.5	150
C	-12.709	2.057	6.481	150
N	-12.628	0.737	6.283	151
CA	-11.607	0.061	5.462	151
C	-12.188	-0.572	4.179	151
N	-13.303	-0.021	3.688	152
CA	-13.872	-0.332	2.367	152
C	-13.121	0.425	1.267	152
N	-13.356	0.061	0.003	153
CA	-12.765	0.787	-1.127	153
C	-13.158	2.261	-1.116	153
N	-12.228	3.132	-1.476	154
CA	-12.41	4.584	-1.446	154
C	-13.597	5.082	-2.286	154
N	-13.817	4.496	-3.469	155
CA	-15.001	4.789	-4.281	155
C	-16.316	4.443	-3.554	155
N	-16.33	3.369	-2.758	156
CA	-17.489	3.02	-1.942	156
C	-17.657	3.974	-0.751	156
N	-16.575	4.512	-0.177	157
CA	-16.692	5.58	0.823	157
C	-17.359	6.817	0.208	157
N	-16.892	7.257	-0.964	158
CA	-17.461	8.399	-1.681	158
C	-18.939	8.214	-2.07	158
N	-19.363	6.992	-2.393	159
CA	-20.754	6.724	-2.775	159
C	-21.695	6.486	-1.576	159
N	-21.178	6.255	-0.358	160
CA	-21.996	5.833	0.796	160
C	-21.744	6.639	2.086	160
N	-20.963	7.726	2.045	161
CA	-20.588	8.469	3.257	161
C	-21.799	8.999	4.034	161
N	-22.865	9.438	3.354	162
CA	-24.083	9.94	4.006	162
C	-24.752	8.857	4.863	162
N	-24.895	7.648	4.311	163
CA	-25.497	6.518	5.018	163
C	-24.611	6.079	6.189	163
N	-23.288	6.028	5.996	164
CA	-22.325	5.733	7.067	164
C	-22.456	6.755	8.201	164
N	-22.406	8.053	7.889	165
CA	-22.496	9.128	8.879	165
C	-23.817	9.093	9.649	165
N	-24.928	8.765	8.983	166
CA	-26.244	8.673	9.629	166
C	-26.351	7.554	10.674	166
N	-25.54	6.498	10.547	167
CA	-25.533	5.362	11.469	167
C	-24.546	5.526	12.628	167
N	-23.608	6.477	12.552	168
CA	-22.586	6.661	13.582	168
C	-23.185	7.165	14.895	168
N	-22.677	6.643	16.016	169
CA	-23.055	7.144	17.34	169
C	-22.596	8.602	17.502	169
N	-23.403	9.48	18.114	170
CA	-22.928	10.795	18.531	170
C	-21.689	10.682	19.433	170
N	-20.708	11.561	19.227	171
CA	-19.418	11.606	19.927	171
C	-18.537	10.349	19.763	171
N	-18.818	9.504	18.766	172
CA	-17.909	8.42	18.371	172
C	-16.767	8.926	17.489	172
N	-15.846	8.021	17.162	173
CA	-14.645	8.313	16.384	173
C	-14.714	7.563	15.054	173
N	-14.609	8.292	13.945	174
CA	-14.34	7.733	12.624	174
C	-12.825	7.645	12.421	174
N	-12.318	6.435	12.227	175
CA	-10.951	6.143	11.82	175
C	-10.879	5.805	10.332	175
N	-10.011	6.5	9.605	176
CA	-9.695	6.229	8.202	176
C	-8.26	5.703	8.076	176
N	-7.985	4.857	7.086	177
CA	-6.597	4.514	6.712	177
C	-6.154	5.155	5.406	177
N	-6.919	6.147	4.95	178
CA	-6.612	6.987	3.808	178
C	-7.512	8.237	3.823	178
N	-6.985	9.399	3.451	179
CA	-7.683	10.684	3.426	179
C	-8.541	10.929	2.189	179
N	-8.718	9.932	1.317	180
CA	-9.532	10.045	0.102	180
C	-10.918	10.635	0.355	180
N	-11.59	10.211	1.432	181
CA	-12.933	10.694	1.74	181
C	-12.943	12.204	2.016	181
N	-11.911	12.754	2.669	182
CA	-11.778	14.206	2.822	182
C	-11.646	14.883	1.456	182
N	-10.745	14.401	0.597	183
CA	-10.57	14.972	-0.74	183
C	-11.842	14.873	-1.596	183
N	-12.619	13.795	-1.445	184
CA	-13.931	13.669	-2.074	184
C	-14.922	14.716	-1.552	184
N	-15.084	14.83	-0.229	185
CA	-15.982	15.797	0.412	185
C	-15.628	17.234	0.005	185
N	-14.34	17.59	0.031	186
CA	-13.844	18.885	-0.443	186
C	-14.238	19.14	-1.909	186
N	-14.134	18.13	-2.787	187
CA	-14.501	18.257	-4.211	187
C	-15.99	18.534	-4.462	187
N	-16.854	18.252	-3.483	188
CA	-18.3	18.521	-3.537	188
C	-18.729	19.639	-2.579	188
N	-17.776	20.35	-1.966	189
CA	-18.046	21.477	-1.069	189
C	-18.603	21.077	0.3	189
N	-18.292	19.866	0.765	190
CA	-18.727	19.31	2.046	190
C	-17.533	19.026	2.973	190
N	-17.838	18.687	4.224	191
CA	-16.89	18.271	5.264	191
C	-17.569	17.226	6.172	191
N	-16.816	16.619	7.086	192
CA	-17.334	15.607	8.003	192
C	-18.357	16.179	9.01	192
N	-19.269	15.335	9.544	193
CA	-20.2	15.733	10.596	193
C	-19.477	16.304	11.821	193
N	-20.046	17.344	12.439	194
CA	-19.422	18.049	13.578	194
C	-19.597	17.354	14.93	194
N	-20.419	16.31	14.995	195
CA	-20.725	15.556	16.212	195
C	-19.91	14.256	16.354	195
N	-18.849	14.07	15.567	196
CA	-17.929	12.927	15.65	196
C	-16.478	13.413	15.564	196
N	-15.558	12.681	16.192	197
CA	-14.125	12.843	15.921	197
C	-13.77	12.139	14.614	197
N	-12.772	12.662	13.91	198
CA	-12.255	12.09	12.665	198
C	-10.743	12.009	12.778	198
N	-10.229	10.786	12.748	199
CA	-8.801	10.481	12.814	199
C	-8.401	9.589	11.652	199
N	-7.103	9.499	11.402	200
CA	-6.559	8.496	10.514	200
C	-5.302	7.85	11.066	200
N	-5.128	6.583	10.708	201
CA	-3.881	5.832	10.822	201
C	-3.688	5.132	9.491	201
N	-2.667	5.553	8.755	202
CA	-2.416	5.119	7.389	202
C	-1.1	4.336	7.347	202
N	-1.145	2.989	7.388	203
CA	0.041	2.173	7.176	203
C	0.654	2.464	5.806	203
N	1.943	2.805	5.787	204
CA	2.748	3.077	4.588	204
C	3.248	1.764	3.979	204
N	2.28	0.957	3.548	205
CA	2.471	-0.376	2.996	205
C	1.157	-1.134	2.805	205
N	1.173	-2.12	1.907	206
CA	-0.02	-2.908	1.582	206
C	-0.515	-3.747	2.772	206
N	-1.824	-3.996	2.863	207
CA	-2.429	-4.771	3.957	207
C	-1.754	-6.126	4.251	207
N	-1.439	-6.965	3.242	208
CA	-0.675	-8.199	3.445	208
C	0.658	-7.997	4.185	208
N	1.383	-6.913	3.888	209
CA	2.651	-6.583	4.552	209
C	2.454	-6.173	6.017	209
N	1.375	-5.435	6.322	210
CA	0.983	-5.052	7.691	210
C	0.776	-6.296	8.559	210
N	0.087	-7.324	8.041	211
CA	-0.096	-8.582	8.783	211
C	1.198	-9.384	8.875	211
N	1.922	-9.532	7.763	212
CA	3.11	-10.393	7.694	212
C	4.201	-9.937	8.656	212
N	4.544	-8.651	8.636	213
CA	5.57	-8.107	9.522	213
C	5.127	-8.129	10.988	213
N	3.848	-7.865	11.286	214
CA	3.309	-8.024	12.643	214
C	3.505	-9.446	13.182	214
N	3.233	-10.458	12.35	215
CA	3.435	-11.867	12.711	215
C	4.919	-12.18	12.913	215
N	5.806	-11.729	12.018	216
CA	7.259	-11.886	12.192	216
C	7.771	-11.171	13.459	216
N	7.118	-10.075	13.847	217
CA	7.447	-9.257	15.008	217
C	7.146	-9.879	16.368	217
N	6.394	-10.989	16.418	218
CA	6.049	-11.683	17.673	218
C	7.286	-12.116	18.462	218
N	8.379	-12.408	17.761	219
CA	9.63	-12.896	18.346	219
C	10.632	-11.778	18.717	219
N	10.392	-10.511	18.334	220
CA	11.406	-9.427	18.401	220
C	10.86	-8.055	18.841	220
N	10.157	-7.977	19.977	221
CA	9.507	-6.747	20.487	221
C	8.672	-5.964	19.44	221
N	8.18	-6.639	18.403	222
CA	7.427	-6.032	17.313	222
C	8.251	-5.783	16.048	222
N	7.581	-5.994	14.926	223
CA	7.948	-5.578	13.586	223
C	6.624	-5.257	12.883	223
N	6.645	-4.38	11.891	224
CA	5.425	-3.917	11.244	224
C	5.721	-2.914	10.146	224
N	4.668	-2.257	9.683	225
CA	4.718	-1.197	8.677	225
C	4.602	0.149	9.386	225
N	5.454	1.115	9.034	226
CA	5.347	2.476	9.57	226
C	3.978	3.056	9.227	226
N	3.443	3.919	10.082	227
CA	2.168	4.576	9.793	227
C	2.29	6.08	9.953	227
N	1.585	6.826	9.112	228
CA	1.235	8.199	9.453	228
C	-0.046	8.202	10.288	228
N	-0.26	9.247	11.081	229
CA	-1.549	9.489	11.719	229
C	-1.977	10.946	11.561	229
N	-3.286	11.174	11.557	230
CA	-3.876	12.504	11.498	230
C	-5.052	12.619	12.469	230
N	-5.252	13.816	13.014	231
CA	-6.46	14.196	13.752	231
C	-7.103	15.353	12.995	231
N	-8.185	15.07	12.269	232
CA	-8.928	16.072	11.49	232
C	-9.972	16.786	12.348	232
N	-10.659	16.032	13.208	233
CA	-11.634	16.551	14.165	233
C	-11.485	15.829	15.504	233
N	-11.481	16.586	16.599	234
CA	-11.474	16.061	17.965	234
C	-12.613	16.698	18.773	234
N	-13.63	15.908	19.13	235
CA	-14.831	16.413	19.821	235
C	-14.738	16.362	21.344	235
N	-13.797	15.596	21.901	236
CA	-13.734	15.33	23.344	236
C	-12.313	15.179	23.923	236
N	-11.269	15.398	23.119	237
CA	-9.866	15.365	23.537	237
C	-9.213	13.983	23.459	237
N	-9.945	12.936	23.048	238
CA	-9.418	11.557	22.996	238
C	-8.783	11.198	21.656	238
N	-8.988	12.01	20.619	239
CA	-8.696	11.628	19.24	239
C	-7.225	11.232	19.019	239
N	-6.277	12.007	19.558	240
CA	-4.841	11.736	19.39	240
C	-4.428	10.405	20.012	240
N	-4.746	10.175	21.289	241
CA	-4.348	8.944	21.984	241
C	-5.049	7.708	21.39	241
N	-6.295	7.833	20.909	242
CA	-6.979	6.747	20.184	242
C	-6.283	6.431	18.855	242
N	-5.891	7.443	18.074	243
CA	-5.168	7.234	16.818	243
C	-3.786	6.6	17.056	243
N	-3.039	7.09	18.048	244
CA	-1.745	6.518	18.425	244
C	-1.891	5.084	18.95	244
N	-2.897	4.816	19.787	245
CA	-3.212	3.477	20.283	245
C	-3.549	2.504	19.159	245
N	-4.328	2.945	18.169	246
CA	-4.602	2.165	16.962	246
C	-3.313	1.856	16.2	246
N	-2.481	2.856	15.904	247
CA	-1.214	2.641	15.193	247
C	-0.26	1.693	15.933	247
N	-0.101	1.86	17.25	248
CA	0.713	0.959	18.081	248
C	0.157	-0.464	18.041	248
N	-1.164	-0.633	18.139	249
CA	-1.809	-1.941	18.085	249
C	-1.703	-2.621	16.705	249
N	-1.499	-1.862	15.621	250
CA	-1.167	-2.414	14.302	250
C	0.278	-2.92	14.198	250
N	1.152	-2.529	15.13	251
CA	2.572	-2.88	15.15	251
C	3.483	-1.871	14.451	251
N	3.038	-0.624	14.256	252
CA	3.823	0.411	13.572	252
C	5.176	0.653	14.257	252
N	6.326	0.459	13.584	253
CA	7.655	0.653	14.181	253
C	7.87	2.089	14.66	253
N	7.409	3.048	13.863	254
CA	7.14	4.403	14.308	254
C	5.875	4.946	13.646	254
N	5.258	5.9	14.334	255
CA	4.081	6.638	13.886	255
C	4.434	8.115	13.793	255
N	4.231	8.743	12.635	256
CA	4.537	10.162	12.402	256
C	3.27	10.971	12.109	256
N	3.259	12.246	12.495	257
CA	2.1	13.113	12.302	257
C	1.994	13.621	10.855	257
N	0.773	13.63	10.327	258
CA	0.378	14.273	9.066	258
C	-1.025	14.883	9.222	258
N	-1.584	15.41	8.138	259
CA	-3.008	15.759	8.033	259
C	-3.687	14.841	7.024	259
N	-5.014	14.682	7.096	260
CA	-5.75	13.953	6.053	260
C	-5.487	14.527	4.651	260
N	-5.313	15.849	4.544	261
CA	-5.053	16.534	3.275	261
C	-3.672	16.215	2.697	261
N	-2.638	16.217	3.537	262
CA	-1.286	15.841	3.12	262
C	-1.183	14.348	2.827	262
N	-1.857	13.525	3.623	263
CA	-1.864	12.084	3.435	263
C	-2.503	11.703	2.099	263
N	-3.714	12.18	1.768	264
CA	-4.317	11.77	0.492	264
C	-3.527	12.301	-0.706	264
N	-2.893	13.474	-0.57	265
CA	-2.09	14.056	-1.648	265
C	-0.818	13.274	-1.893	265
N	-0.113	12.881	-0.837	266
CA	1.134	12.127	-0.954	266
C	0.888	10.666	-1.327	266
N	-0.107	10.011	-0.729	267
CA	-0.398	8.581	-0.899	267
C	-0.963	8.266	-2.3	267
N	-2.038	8.955	-2.737	268
CA	-2.632	8.761	-4.082	268
C	-1.589	9.045	-5.173	268
N	-0.738	10.049	-4.961	269
CA	0.383	10.361	-5.842	269
C	1.471	9.279	-5.797	269
N	1.882	8.83	-4.61	270
CA	2.941	7.846	-4.398	270
C	2.638	6.515	-5.08	270
N	1.408	6.001	-4.928	271
CA	0.941	4.759	-5.573	271
C	0.904	4.852	-7.114	271
N	0.86	6.064	-7.679	272
CA	0.981	6.32	-9.131	272
C	2.42	6.561	-9.56	272
N	3.215	7.123	-8.66	273
CA	4.65	7.301	-8.761	273
C	5.411	6.006	-8.486	273
N	6.529	6.119	-7.774	274
CA	7.532	5.058	-7.637	274
C	7.024	3.8	-6.934	274
N	5.965	3.898	-6.128	275
CA	5.472	2.764	-5.355	275
C	4.915	1.66	-6.26	275
N	4.142	2.017	-7.298	276
CA	3.537	1.04	-8.212	276
C	3.57	1.482	-9.681	276
N	2.937	2.612	-10.019	277
CA	2.741	3.03	-11.412	277
C	4.05	3.299	-12.151	277
N	4.873	4.208	-11.641	278
CA	6.13	4.56	-12.28	278
C	7.1	3.378	-12.333	278
N	7.254	2.604	-11.248	279
CA	8.134	1.422	-11.268	279
C	7.658	0.356	-12.266	279
N	6.348	0.202	-12.498	280
CA	5.841	-0.639	-13.591	280
C	6.225	-0.058	-14.962	280
N	5.999	1.237	-15.184	281
CA	6.345	1.893	-16.448	281
C	7.837	1.817	-16.792	281
N	8.724	2.037	-15.814	282
CA	10.172	2.01	-16.062	282
C	10.669	0.605	-16.413	282
N	10.147	-0.456	-15.775	283
CA	10.632	-1.819	-16.045	283
C	10.176	-2.298	-17.416	283
N	8.967	-1.928	-17.848	284
CA	8.472	-2.199	-19.206	284
C	9.329	-1.479	-20.26	284
N	9.617	-0.189	-20.048	285
CA	10.43	0.612	-20.962	285
C	11.875	0.1	-21.066	285
N	12.522	-0.165	-19.925	286
CA	13.895	-0.669	-19.882	286
C	13.999	-2.087	-20.447	286
N	13.048	-2.977	-20.136	287
CA	13.021	-4.33	-20.696	287
C	12.97	-4.267	-22.222	287
N	12.058	-3.45	-22.765	288
CA	11.923	-3.258	-24.21	288
C	13.226	-2.753	-24.819	288
N	13.789	-1.669	-24.274	289
CA	15.062	-1.091	-24.728	289
C	16.196	-2.114	-24.73	289
N	16.346	-2.882	-23.654	290
CA	17.414	-3.874	-23.554	290
C	17.257	-4.986	-24.59	290
N	16.034	-5.482	-24.804	291
CA	15.792	-6.491	-25.846	291
C	15.993	-5.95	-27.263	291
N	15.638	-4.69	-27.527	292
CA	15.888	-4.026	-28.816	292
C	17.385	-3.818	-29.081	292
N	18.184	-3.64	-28.025	293
CA	19.647	-3.554	-28.096	293
C	20.34	-4.932	-28.083	293
N	19.582	-6.019	-28.262	294
CA	20.115	-7.368	-28.458	294
C	20.407	-8.149	-27.178	294
N	20.028	-7.636	-26.003	295
CA	20.077	-8.424	-24.774	295
C	18.978	-9.497	-24.804	295
N	19.29	-10.717	-24.363	296
CA	18.282	-11.77	-24.269	296
C	17.201	-11.423	-23.232	296
N	16.014	-12.008	-23.39	297
CA	14.855	-11.666	-22.564	297
C	15.08	-11.951	-21.073	297
N	15.728	-13.068	-20.729	298
CA	15.958	-13.456	-19.335	298
C	16.916	-12.469	-18.668	298
N	18.004	-12.11	-19.353	299
CA	18.939	-11.082	-18.897	299
C	18.289	-9.7	-18.838	299
N	17.415	-9.344	-19.784	300
CA	16.683	-8.077	-19.76	300
C	15.725	-7.99	-18.564	300
N	15.012	-9.074	-18.239	301
CA	14.17	-9.14	-17.041	301
C	15.015	-9.063	-15.761	301
N	16.137	-9.795	-15.702	302
CA	17.061	-9.752	-14.558	302
C	17.662	-8.361	-14.349	302
N	18.097	-7.705	-15.42	303
CA	18.679	-6.364	-15.371	303
C	17.653	-5.251	-15.13	303
N	16.355	-5.563	-15.06	304
CA	15.289	-4.604	-14.739	304
C	14.597	-4.964	-13.43	304
N	13.684	-5.934	-13.458	305
CA	12.828	-6.283	-12.32	305
C	13.637	-6.886	-11.176	305
N	14.474	-7.895	-11.435	306
CA	15.277	-8.524	-10.369	306
C	16.295	-7.535	-9.792	306
N	16.905	-6.716	-10.653	307
CA	17.825	-5.65	-10.271	307
C	17.181	-4.641	-9.307	307
N	16.014	-4.089	-9.664	308
CA	15.308	-3.093	-8.841	308
C	14.813	-3.721	-7.539	308
N	14.127	-4.857	-7.638	309
CA	13.401	-5.45	-6.508	309
C	14.286	-6.266	-5.566	309
N	15.475	-6.671	-6.018	310
CA	16.484	-7.359	-5.221	310
C	17.557	-6.401	-4.699	310
N	18.697	-6.32	-5.389	311
CA	19.908	-5.663	-4.88	311
C	19.759	-4.151	-4.702	311
N	19.042	-3.455	-5.593	312
CA	18.798	-2.014	-5.442	312
C	17.924	-1.772	-4.211	312
N	16.777	-2.453	-4.099	313
CA	15.881	-2.313	-2.941	313
C	16.596	-2.637	-1.632	313
N	17.36	-3.735	-1.578	314
CA	18.13	-4.108	-0.383	314
C	19.194	-3.071	-0.022	314
N	19.91	-2.541	-1.012	315
CA	20.949	-1.527	-0.786	315
C	20.34	-0.215	-0.307	315
N	19.296	0.281	-0.98	316
CA	18.585	1.502	-0.579	316
C	17.984	1.334	0.806	316
N	17.363	0.179	1.068	317
CA	16.886	-0.17	2.392	317
C	18.04	-0.022	3.379	317
N	19.109	-0.814	3.324	318
CA	20.088	-0.828	4.426	318
C	21.044	0.368	4.485	318
N	21.323	1.032	3.363	319
CA	22.425	2.002	3.229	319
C	22.092	3.249	2.393	319
N	20.867	3.383	1.886	320
CA	20.444	4.542	1.096	320
C	20.912	4.532	-0.366	320
N	20.515	5.571	-1.107	321
CA	20.724	5.675	-2.56	321
C	22.185	5.911	-2.954	321
N	22.952	6.643	-2.139	322
CA	24.367	6.903	-2.418	322
C	25.185	5.611	-2.48	322
N	24.874	4.623	-1.638	323
CA	25.571	3.336	-1.669	323
C	25.309	2.569	-2.969	323
N	24.11	2.69	-3.557	324
CA	23.834	2.089	-4.871	324
C	24.856	2.596	-5.88	324
N	25.068	3.914	-5.954	325
CA	26.078	4.511	-6.83	325
C	27.512	4.116	-6.439	325
N	27.852	4.184	-5.149	326
CA	29.21	3.921	-4.665	326
C	29.649	2.466	-4.876	326
N	28.701	1.526	-4.902	327
CA	28.955	0.102	-5.145	327
C	29.224	-0.252	-6.616	327
N	29.009	0.685	-7.546	328
CA	29.259	0.481	-8.972	328
C	30.753	0.588	-9.307	328
N	31.158	-0.083	-10.387	329
CA	32.463	0.154	-11.021	329
C	32.534	1.572	-11.588	329
N	33.732	2.084	-11.873	330
CA	33.881	3.421	-12.476	330
C	33.148	3.56	-13.821	330
N	33.078	2.489	-14.615	331
CA	32.27	2.48	-15.84	331
C	30.767	2.439	-15.532	331
N	30.361	1.654	-14.53	332
CA	28.981	1.642	-14.053	332
C	28.53	3.003	-13.519	332
N	29.405	3.744	-12.833	333
CA	29.124	5.106	-12.359	333
C	28.819	6.064	-13.511	333
N	29.53	5.964	-14.643	334
CA	29.222	6.763	-15.845	334
C	27.843	6.428	-16.41	334
N	27.516	5.139	-16.529	335
CA	26.201	4.686	-17.003	335
C	25.063	5.107	-16.065	335
N	25.291	5.056	-14.749	336
CA	24.344	5.565	-13.76	336
C	24.101	7.06	-13.968	336
N	25.171	7.85	-14.09	337
CA	25.103	9.305	-14.264	337
C	24.391	9.68	-15.57	337
N	24.698	8.991	-16.67	338
CA	24.041	9.184	-17.965	338
C	22.532	8.927	-17.863	338
N	22.148	7.77	-17.317	339
CA	20.751	7.407	-17.12	339
C	20.028	8.376	-16.176	339
N	20.651	8.721	-15.045	340
CA	20.068	9.611	-14.047	340
C	19.827	11.005	-14.638	340
N	20.834	11.552	-15.328	341
CA	20.747	12.858	-15.982	341
C	19.673	12.912	-17.064	341
N	19.458	11.817	-17.794	342
CA	18.466	11.762	-18.859	342
C	17.041	11.498	-18.346	342
N	16.879	10.724	-17.269	343
CA	15.571	10.285	-16.78	343
C	14.915	11.241	-15.772	343
N	15.69	12.013	-15.0	344
CA	15.162	12.801	-13.877	344
C	14.032	13.765	-14.268	344
N	14.234	14.619	-15.279	345
CA	13.205	15.586	-15.684	345
C	12.007	14.946	-16.398	345
N	12.178	13.979	-17.323	346
CA	11.051	13.212	-17.857	346
C	10.201	12.538	-16.771	346
N	10.831	11.95	-15.749	347
CA	10.108	11.399	-14.604	347
C	9.397	12.498	-13.803	347
N	10.081	13.613	-13.524	348
CA	9.511	14.753	-12.802	348
C	8.307	15.361	-13.522	348
N	8.299	15.403	-14.854	349
CA	7.18	15.914	-15.655	349
C	5.883	15.158	-15.321	349
N	5.922	13.826	-15.43	350
CA	4.753	12.979	-15.157	350
C	4.39	12.968	-13.67	350
N	5.383	12.973	-12.776	351
CA	5.127	13.088	-11.34	351
C	4.454	14.426	-11.01	351
N	4.922	15.522	-11.598	352
CA	4.369	16.838	-11.336	352
C	2.918	16.931	-11.817	352
N	2.634	16.49	-13.048	353
CA	1.268	16.36	-13.579	353
C	0.383	15.538	-12.632	353
N	0.852	14.353	-12.23	354
CA	0.105	13.462	-11.351	354
C	-0.22	14.114	-10.003	354
N	0.739	14.806	-9.384	355
CA	0.502	15.468	-8.105	355
C	-0.57	16.561	-8.234	355
N	-0.542	17.365	-9.302	356
CA	-1.538	18.428	-9.506	356
C	-2.939	17.866	-9.801	356
N	-3.03	16.75	-10.526	357
CA	-4.285	16.021	-10.744	357
C	-4.885	15.494	-9.43	357
N	-4.046	15.012	-8.508	358
CA	-4.482	14.586	-7.168	358
C	-4.908	15.788	-6.332	358
N	-4.056	16.81	-6.249	359
CA	-4.276	17.995	-5.418	359
C	-5.513	18.798	-5.84	359
N	-5.842	18.811	-7.137	360
CA	-7.047	19.456	-7.679	360
C	-8.344	18.66	-7.47	360
N	-8.263	17.41	-6.999	361
CA	-9.405	16.498	-6.867	361
C	-9.812	15.792	-8.17	361
N	-9.128	16.067	-9.286	362
CA	-9.384	15.429	-10.585	362
C	-9.152	13.919	-10.524	362
N	-8.067	13.492	-9.878	363
CA	-7.737	12.073	-9.754	363
C	-8.697	11.33	-8.817	363
N	-9.108	11.964	-7.714	364
CA	-10.129	11.429	-6.8	364
C	-11.441	11.213	-7.558	364
N	-11.889	12.214	-8.329	365
CA	-13.096	12.095	-9.158	365
C	-12.975	10.96	-10.176	365
N	-11.816	10.823	-10.819	366
CA	-11.528	9.733	-11.757	366
C	-11.697	8.357	-11.099	366
N	-11.169	8.17	-9.884	367
CA	-11.293	6.92	-9.114	367
C	-12.75	6.614	-8.76	367
N	-13.521	7.601	-8.282	368
CA	-14.958	7.416	-7.986	368
C	-15.706	6.937	-9.231	368
N	-15.519	7.623	-10.362	369
CA	-16.19	7.256	-11.609	369
C	-15.725	5.897	-12.144	369
N	-14.457	5.529	-11.949	370
CA	-13.945	4.212	-12.31	370
C	-14.596	3.098	-11.481	370
N	-14.748	3.287	-10.166	371
CA	-15.454	2.339	-9.299	371
C	-16.892	2.082	-9.756	371
N	-17.595	3.131	-10.203	372
CA	-18.951	3.012	-10.767	372
C	-18.995	2.267	-12.108	372
N	-17.915	2.279	-12.904	373
CA	-17.814	1.536	-14.183	373
C	-17.544	0.039	-14.007	373
N	-17.318	-0.438	-12.784	374
CA	-17.226	-1.877	-12.509	374
C	-18.57	-2.603	-12.607	374
N	-19.666	-1.861	-12.756	375
CA	-21.017	-2.382	-12.889	375
C	-21.673	-1.796	-14.141	375
N	-22.617	-2.535	-14.722	376
CA	-23.384	-2.067	-15.877	376
C	-24.214	-0.834	-15.503	376
N	-24.159	0.202	-16.344	377
CA	-24.963	1.424	-16.21	377
C	-25.075	2.128	-17.556	377
N	-26.107	2.952	-17.739	378
CA	-26.276	3.791	-18.946	378
C	-26.275	2.99	-20.271	378
N	-26.687	1.716	-20.236	379
CA	-26.669	0.828	-21.406	379
C	-25.27	0.368	-21.838	379
N	-24.246	0.58	-21.004	380
CA	-22.872	0.148	-21.245	380
C	-22.489	-1.055	-20.362	380
N	-21.586	-1.935	-20.844	381
CA	-21.097	-3.077	-20.075	381
C	-20.336	-2.678	-18.804	381
N	-20.16	-3.646	-17.907	382
CA	-19.238	-3.547	-16.783	382
C	-17.776	-3.707	-17.241	382
N	-16.871	-2.905	-16.676	383
CA	-15.432	-2.938	-16.967	383
C	-14.603	-3.15	-15.69	383
N	-14.626	-4.352	-15.079	384
CA	-13.7	-4.67	-13.996	384
C	-12.244	-4.588	-14.486	384
N	-11.307	-4.356	-13.566	385
CA	-9.882	-4.284	-13.909	385
C	-9.381	-5.604	-14.511	385
N	-8.656	-5.517	-15.628	386
CA	-7.972	-6.656	-16.246	386
C	-6.598	-6.96	-15.634	386
N	-5.999	-8.059	-16.097	387
CA	-4.661	-8.507	-15.699	387
C	-3.573	-7.671	-16.389	387
N	-2.471	-7.407	-15.683	388
CA	-1.339	-6.602	-16.184	388
C	-0.051	-7.413	-16.392	388
N	-0.037	-8.688	-16.0	389
CA	1.14	-9.567	-15.984	389
C	1.098	-10.679	-17.049	389
N	0.255	-10.535	-18.074	390
CA	0.115	-11.538	-19.141	390
C	0.887	-11.178	-20.42	390
N	1.609	-10.054	-20.425	391
CA	2.425	-9.613	-21.565	391
C	3.803	-10.288	-21.576	391
N	4.562	-10.039	-22.653	392
CA	5.856	-10.665	-22.964	392
C	6.801	-10.743	-21.761	392
N	7.134	-9.611	-21.136	393
CA	8.156	-9.585	-20.082	393
C	7.733	-10.331	-18.814	393
N	6.436	-10.394	-18.522	394
CA	5.943	-11.055	-17.316	394
C	5.935	-12.577	-17.46	394
N	5.7	-13.092	-18.676	395
CA	5.922	-14.512	-19.011	395
C	7.394	-14.903	-18.964	395
N	8.282	-14.004	-19.38	396
CA	9.726	-14.164	-19.157	396
C	10.031	-14.195	-17.657	396
N	9.401	-13.327	-16.864	397
CA	9.542	-13.313	-15.409	397
C	9.127	-14.621	-14.731	397
N	8.038	-15.258	-15.175	398
CA	7.646	-16.6	-14.711	398
C	8.77	-17.622	-14.966	398
N	9.335	-17.633	-16.184	399
CA	10.472	-18.494	-16.556	399
C	11.703	-18.215	-15.69	399
N	12.117	-16.953	-15.565	400
CA	13.275	-16.543	-14.751	400
C	13.118	-17.002	-13.3	400
N	11.942	-16.785	-12.694	401
CA	11.674	-17.173	-11.301	401
C	11.625	-18.686	-11.098	401
N	11.169	-19.46	-12.087	402
CA	11.081	-20.928	-11.982	402
C	12.432	-21.619	-11.755	402
N	13.531	-20.977	-12.162	403
CA	14.903	-21.478	-11.99	403
C	15.752	-20.606	-11.063	403
N	15.158	-19.593	-10.416	404
CA	15.886	-18.654	-9.556	404
C	16.239	-19.324	-8.22	404
N	17.509	-19.298	-7.779	405
CA	17.882	-19.77	-6.451	405
C	17.173	-18.99	-5.335	405
N	16.913	-19.649	-4.206	406
CA	16.394	-18.965	-3.027	406
C	17.405	-17.918	-2.521	406
N	16.929	-16.704	-2.231	407
CA	17.768	-15.602	-1.745	407
C	18.582	-14.871	-2.82	407
N	18.346	-15.149	-4.106	408
CA	18.93	-14.387	-5.215	408
C	18.484	-12.912	-5.153	408
N	19.425	-11.98	-5.325	409
CA	19.177	-10.531	-5.302	409
C	19.204	-9.9	-6.699	409
N	19.384	-10.698	-7.746	410
CA	19.56	-10.221	-9.104	410
C	20.887	-9.478	-9.331	410
N	21.173	-9.126	-10.594	411
CA	22.326	-8.307	-10.953	411
C	22.108	-6.837	-10.567	411
N	23.193	-6.085	-10.359	412
CA	23.147	-4.622	-10.255	412
C	23.487	-4.005	-11.617	412
N	22.464	-3.682	-12.411	413
CA	22.644	-3.054	-13.719	413
C	22.743	-1.519	-13.584	413
N	23.886	-0.886	-13.918	414
CA	24.135	0.518	-13.579	414
C	23.153	1.507	-14.221	414
N	22.789	1.287	-15.489	415
CA	21.817	2.135	-16.188	415
C	20.412	2.033	-15.57	415
N	19.993	0.831	-15.149	416
CA	18.69	0.642	-14.484	416
C	18.691	1.324	-13.121	416
N	19.793	1.209	-12.371	417
CA	19.968	1.931	-11.118	417
C	19.861	3.452	-11.312	417
N	20.483	4.007	-12.357	418
CA	20.398	5.437	-12.664	418
C	18.972	5.912	-12.96	418
N	18.199	5.168	-13.766	419
CA	16.787	5.506	-14.05	419
C	15.922	5.421	-12.789	419
N	16.041	4.337	-12.017	420
CA	15.222	4.135	-10.819	420
C	15.514	5.175	-9.732	420
N	16.794	5.469	-9.48	421
CA	17.188	6.476	-8.485	421
C	16.822	7.889	-8.955	421
N	16.858	8.181	-10.261	422
CA	16.358	9.453	-10.79	422
C	14.857	9.637	-10.576	422
N	14.059	8.591	-10.806	423
CA	12.633	8.604	-10.489	423
C	12.396	8.846	-8.988	423
N	13.145	8.157	-8.119	424
CA	13.027	8.301	-6.663	424
C	13.314	9.736	-6.217	424
N	14.409	10.317	-6.707	425
CA	14.795	11.691	-6.391	425
C	13.838	12.727	-6.988	425
N	13.312	12.491	-8.193	426
CA	12.297	13.354	-8.789	426
C	11.01	13.366	-7.949	426
N	10.583	12.207	-7.433	427
CA	9.417	12.113	-6.553	427
C	9.638	12.856	-5.231	427
N	10.804	12.648	-4.611	428
CA	11.225	13.356	-3.396	428
C	11.163	14.87	-3.611	428
N	11.683	15.366	-4.736	429
CA	11.698	16.8	-5.024	429
C	10.293	17.367	-5.261	429
N	9.414	16.649	-5.971	430
CA	8.017	17.08	-6.163	430
C	7.319	17.236	-4.812	430
N	7.363	16.219	-3.946	431
CA	6.731	16.288	-2.624	431
C	7.372	17.357	-1.728	431
N	8.704	17.495	-1.768	432
CA	9.432	18.549	-1.047	432
C	8.96	19.939	-1.462	432
N	8.829	20.206	-2.765	433
CA	8.35	21.505	-3.278	433
C	6.868	21.746	-3.022	433
N	6.087	20.679	-2.857	434
CA	4.666	20.733	-2.502	434
C	4.409	20.787	-0.99	434
N	5.464	20.811	-0.17	435
CA	5.375	21.105	1.26	435
C	4.978	19.905	2.117	435
N	5.459	18.707	1.789	436
CA	5.331	17.53	2.656	436
C	6.494	17.44	3.656	436
N	6.265	16.805	4.809	437
CA	7.318	16.529	5.797	437
C	8.311	15.484	5.273	437
N	9.534	15.439	5.811	438
CA	10.513	14.441	5.377	438
C	10.088	13.026	5.759	438
N	9.435	12.829	6.911	439
CA	8.912	11.505	7.27	439
C	7.9	10.995	6.244	439
N	6.993	11.849	5.769	440
CA	6.026	11.481	4.736	440
C	6.727	11.231	3.396	440
N	7.605	12.142	2.959	441
CA	8.371	12.01	1.708	441
C	9.161	10.697	1.656	441
N	9.896	10.378	2.724	442
CA	10.778	9.208	2.777	442
C	9.962	7.915	2.83	442
N	8.831	7.886	3.543	443
CA	7.982	6.696	3.541	443
C	7.326	6.474	2.17	443
N	6.745	7.517	1.574	444
CA	5.998	7.458	0.303	444
C	6.881	7.309	-0.945	444
N	8.177	7.627	-0.845	445
CA	9.096	7.594	-1.997	445
C	10.191	6.546	-1.894	445
N	10.428	5.991	-0.704	446
CA	11.56	5.1	-0.471	446
C	11.186	3.898	0.387	446
N	10.819	4.099	1.658	447
CA	10.676	2.987	2.617	447
C	9.562	2.043	2.181	447
N	8.382	2.557	1.832	448
CA	7.279	1.7	1.399	448
C	7.658	0.893	0.149	448
N	8.317	1.532	-0.821	449
CA	8.781	0.855	-2.031	449
C	9.717	-0.312	-1.703	449
N	10.796	-0.068	-0.952	450
CA	11.869	-1.063	-0.777	450
C	11.605	-2.077	0.337	450
N	10.824	-1.71	1.356	451
CA	10.589	-2.537	2.547	451
C	9.176	-3.172	2.577	451
N	8.225	-2.717	1.74	452
CA	6.872	-3.302	1.631	452
C	6.548	-3.832	0.233	452
N	6.677	-3.015	-0.818	453
CA	6.074	-3.305	-2.127	453
C	6.969	-4.142	-3.05	453
N	8.209	-3.707	-3.28	454
CA	9.159	-4.375	-4.171	454
C	9.389	-5.861	-3.835	454
N	9.406	-6.3	-2.557	455
CA	9.463	-7.723	-2.219	455
C	8.353	-8.575	-2.862	455
N	7.146	-8.034	-3.067	456
CA	6.062	-8.751	-3.753	456
C	6.311	-8.849	-5.261	456
N	6.821	-7.784	-5.889	457
CA	7.208	-7.848	-7.301	457
C	8.368	-8.832	-7.501	457
N	9.326	-8.867	-6.572	458
CA	10.405	-9.85	-6.578	458
C	9.877	-11.284	-6.451	458
N	8.872	-11.503	-5.598	459
CA	8.3	-12.823	-5.367	459
C	7.567	-13.362	-6.604	459
N	6.684	-12.565	-7.229	460
CA	5.754	-13.062	-8.266	460
C	5.44	-12.089	-9.411	460
N	6.212	-11.021	-9.579	461
CA	6.027	-10.041	-10.655	461
C	5.001	-8.952	-10.328	461
N	4.776	-8.038	-11.28	462
CA	4.082	-6.762	-11.021	462
C	2.659	-6.915	-10.499	462
N	1.864	-7.854	-11.022	463
CA	0.487	-8.029	-10.561	463
C	0.438	-8.455	-9.089	463
N	1.413	-9.237	-8.614	464
CA	1.458	-9.639	-7.21	464
C	1.753	-8.472	-6.264	464
N	2.463	-7.445	-6.729	465
CA	2.635	-6.199	-5.985	465
C	1.397	-5.303	-6.112	465
N	1.007	-4.964	-7.344	466
CA	-0.049	-3.983	-7.637	466
C	-1.412	-4.455	-7.148	466
N	-1.794	-5.696	-7.446	467
CA	-3.148	-6.168	-7.171	467
C	-3.375	-6.548	-5.705	467
N	-2.319	-6.634	-4.885	468
CA	-2.432	-6.733	-3.425	468
C	-2.743	-5.389	-2.734	468
N	-2.524	-4.255	-3.406	469
CA	-2.846	-2.921	-2.891	469
C	-4.355	-2.592	-2.975	469
N	-4.724	-1.349	-2.652	470
CA	-6.105	-0.846	-2.69	470
C	-6.665	-0.8	-4.124	470
N	-7.979	-0.622	-4.274	471
CA	-8.571	-0.4	-5.606	471
C	-8.054	0.898	-6.239	471
N	-7.827	1.934	-5.43	472
CA	-7.293	3.238	-5.852	472
C	-5.871	3.088	-6.392	472
N	-5.007	2.36	-5.676	473
CA	-3.665	1.965	-6.106	473
C	-3.671	1.223	-7.437	473
N	-4.539	0.213	-7.553	474
CA	-4.63	-0.634	-8.747	474
C	-5.061	0.151	-9.979	474
N	-6.018	1.068	-9.819	475
CA	-6.459	1.984	-10.872	475
C	-5.364	2.997	-11.222	475
N	-4.714	3.574	-10.209	476
CA	-3.625	4.534	-10.359	476
C	-2.447	3.949	-11.129	476
N	-1.941	2.793	-10.701	477
CA	-0.858	2.083	-11.386	477
C	-1.195	1.823	-12.861	477
N	-2.408	1.333	-13.16	478
CA	-2.868	1.077	-14.54	478
C	-3.007	2.344	-15.389	478
N	-3.408	3.472	-14.793	479
CA	-3.54	4.759	-15.496	479
C	-2.174	5.389	-15.784	479
N	-1.247	5.332	-14.829	480
CA	-0.024	6.138	-14.858	480
C	1.229	5.372	-15.298	480
N	1.306	4.044	-15.137	481
CA	2.442	3.258	-15.639	481
C	2.739	3.486	-17.137	481
N	1.735	3.525	-18.042	482
CA	1.989	3.82	-19.453	482
C	2.596	5.209	-19.694	482
N	2.31	6.193	-18.828	483
CA	2.841	7.56	-18.954	483
C	4.347	7.585	-18.698	483
N	4.809	6.862	-17.677	484
CA	6.236	6.728	-17.371	484
C	6.991	5.922	-18.432	484
N	6.385	4.859	-18.966	485
CA	6.971	4.115	-20.087	485
C	7.191	5.036	-21.303	485
N	6.137	5.755	-21.7	486
CA	6.177	6.62	-22.873	486
C	7.146	7.788	-22.694	486
N	7.156	8.46	-21.537	487
CA	8.029	9.624	-21.331	487
C	9.511	9.227	-21.328	487
N	9.851	8.063	-20.759	488
CA	11.217	7.545	-20.796	488
C	11.626	7.192	-22.222	488
N	10.766	6.484	-22.952	489
CA	11.047	6.076	-24.332	489
C	11.183	7.279	-25.268	489
N	10.318	8.286	-25.131	490
CA	10.279	9.447	-26.025	490
C	11.343	10.501	-25.712	490
N	11.72	10.668	-24.44	491
CA	12.625	11.741	-24.02	491
C	13.932	11.217	-23.428	491
N	13.874	10.411	-22.365	492
CA	15.075	9.993	-21.641	492
C	15.992	9.128	-22.519	492
N	15.455	8.074	-23.131	493
CA	16.23	7.171	-23.982	493
C	16.75	7.881	-25.233	493
N	15.946	8.76	-25.839	494
CA	16.386	9.607	-26.96	494
C	17.532	10.541	-26.557	494
N	17.525	11.057	-25.327	495
CA	18.599	11.913	-24.797	495
C	19.904	11.133	-24.649	495
N	19.823	9.899	-24.141	496
CA	20.958	8.966	-24.06	496
C	21.477	8.612	-25.454	496
N	20.6	8.224	-26.382	497
CA	20.994	7.804	-27.736	497
C	21.609	8.95	-28.562	497
N	21.287	10.202	-28.217	498
CA	21.921	11.404	-28.781	498
C	23.27	11.744	-28.146	498
N	23.723	10.991	-27.144	499
CA	24.913	11.282	-26.341	499
C	24.885	12.718	-25.791	499
N	23.724	13.148	-25.284	500
CA	23.586	14.48	-24.712	500
C	24.541	14.658	-23.514	500
N	25.093	15.865	-23.302	501
CA	25.985	16.106	-22.18	501
C	25.256	15.9	-20.849	501
N	25.953	15.279	-19.9	502
CA	25.479	15.107	-18.525	502
C	25.235	16.471	-17.88	502
N	24.071	16.63	-17.255	503
CA	23.742	17.797	-16.45	503
C	24.483	17.736	-15.102	503
N	25.614	18.437	-15.008	504
CA	26.478	18.408	-13.822	504
C	25.808	18.975	-12.565	504
N	24.936	19.978	-12.695	505
CA	24.223	20.56	-11.55	505
C	23.29	19.526	-10.921	505
N	22.575	18.782	-11.76	506
CA	21.654	17.739	-11.331	506
C	22.378	16.573	-10.639	506
N	23.569	16.213	-11.116	507
CA	24.415	15.195	-10.481	507
C	25.012	15.71	-9.165	507
N	25.477	16.961	-9.123	508
CA	25.973	17.589	-7.893	508
C	24.876	17.692	-6.828	508
N	23.659	18.057	-7.236	509
CA	22.489	18.105	-6.365	509
C	22.122	16.716	-5.845	509
N	22.191	15.665	-6.672	510
CA	21.986	14.295	-6.193	510
C	22.953	13.94	-5.058	510
N	24.254	14.193	-5.216	511
CA	25.246	13.833	-4.194	511
C	25.167	14.673	-2.918	511
N	24.68	15.908	-3.02	512
CA	24.552	16.834	-1.89	512
C	23.133	16.925	-1.326	512
N	22.187	16.123	-1.833	513
CA	20.794	16.235	-1.417	513
C	20.653	15.898	0.078	513
N	20.039	16.786	0.877	514
CA	19.881	16.565	2.308	514
C	19.03	15.332	2.648	514
N	18.217	14.822	1.712	515
CA	17.388	13.634	1.94	515
C	18.216	12.406	2.316	515
N	19.462	12.27	1.841	516
CA	20.309	11.117	2.183	516
C	20.55	11.026	3.693	516
N	20.855	12.158	4.335	517
CA	21.004	12.231	5.795	517
C	19.693	11.955	6.54	517
N	18.559	12.415	6.005	518
CA	17.252	12.156	6.6	518
C	16.872	10.666	6.492	518
N	17.215	10.01	5.378	519
CA	17.043	8.566	5.179	519
C	17.874	7.78	6.194	519
N	19.114	8.187	6.479	520
CA	19.947	7.55	7.511	520
C	19.321	7.635	8.911	520
N	18.647	8.741	9.24	521
CA	17.91	8.879	10.507	521
C	16.667	7.986	10.51	521
N	15.835	8.034	9.463	522
CA	14.658	7.165	9.338	522
C	15.035	5.675	9.33	522
N	16.198	5.332	8.774	523
CA	16.719	3.976	8.724	523
C	16.9	3.353	10.115	523
N	17.212	4.167	11.129	524
CA	17.369	3.757	12.532	524
C	16.029	3.502	13.241	524
N	14.906	3.868	12.617	525
CA	13.557	3.681	13.162	525
C	12.871	2.413	12.641	525
N	13.47	1.74	11.657	526
CA	12.864	0.581	11.002	526
C	12.896	-0.677	11.864	526
N	12.013	-1.65	11.575	527
CA	12.148	-2.992	12.113	527
C	13.53	-3.573	11.822	527
N	14.024	-4.392	12.743	528
CA	15.239	-5.193	12.533	528
C	15.002	-6.405	11.628	528
N	13.745	-6.668	11.259	529
CA	13.319	-7.821	10.464	529
C	12.855	-7.367	9.088	529
N	13.424	-7.98	8.053	530
CA	12.97	-7.81	6.674	530
C	11.706	-8.644	6.422	530
N	10.812	-8.131	5.576	531
CA	9.604	-8.864	5.207	531
C	9.963	-10.143	4.447	531
N	9.335	-11.249	4.834	532
CA	9.424	-12.512	4.105	532
C	8.158	-12.708	3.273	532
N	8.283	-12.663	1.944	533
CA	7.168	-12.853	1.001	533
C	7.42	-14.092	0.136	533
N	6.919	-15.276	0.53	534
CA	7.038	-16.471	-0.295	534
C	6.046	-16.434	-1.471	534
N	6.29	-17.235	-2.511	535
CA	5.418	-17.27	-3.689	535
C	4.008	-17.817	-3.365	535
N	3.926	-18.773	-2.445	536
CA	2.705	-19.392	-1.921	536
C	2.131	-18.645	-0.701	536
N	2.429	-17.344	-0.558	537
CA	1.959	-16.534	0.564	537
C	0.436	-16.646	0.765	537
N	0.033	-17.04	1.971	538
CA	-1.356	-17.222	2.403	538
C	-1.984	-15.932	2.963	538
N	-1.149	-14.97	3.356	539
CA	-1.544	-13.676	3.917	539
C	-1.91	-12.614	2.862	539
N	-1.846	-12.954	1.572	540
CA	-2.248	-12.074	0.461	540
C	-3.752	-12.126	0.205	540
N	-4.233	-11.239	-0.677	541
CA	-5.626	-11.265	-1.135	541
C	-6.008	-12.668	-1.635	541
N	-7.189	-13.2	-1.277	542
CA	-7.584	-14.571	-1.61	542
C	-7.454	-14.909	-3.09	542
N	-7.842	-13.982	-3.965	543
CA	-7.786	-14.142	-5.417	543
C	-6.356	-14.218	-5.984	543
N	-5.336	-13.879	-5.186	544
CA	-3.919	-13.942	-5.56	544
C	-3.169	-15.11	-4.905	544
N	-3.796	-15.849	-3.982	545
CA	-3.191	-17.045	-3.379	545
C	-3.052	-18.127	-4.447	545
N	-1.873	-18.728	-4.535	546
CA	-1.637	-19.91	-5.36	546
C	-1.422	-21.088	-4.417	546
N	-2.143	-22.186	-4.65	547
CA	-1.839	-23.468	-4.011	547
C	-0.457	-23.905	-4.49	547
N	0.405	-24.324	-3.566	548
CA	1.671	-24.975	-3.901	548
C	1.477	-26.312	-4.608	548
