ATOM	X	Y	Z	RESIDUE
N	-30.961	18.557	-17.875	1
CA	-30.523	17.882	-16.636	1
C	-29.196	18.493	-16.273	1
N	-29.02	18.927	-15.033	2
CA	-27.733	19.468	-14.597	2
C	-26.727	18.324	-14.468	2
N	-25.574	18.493	-15.107	3
CA	-24.425	17.603	-14.979	3
C	-23.251	18.37	-14.387	3
N	-22.291	17.646	-13.826	4
CA	-21.047	18.212	-13.315	4
C	-19.875	17.288	-13.644	4
N	-18.663	17.841	-13.653	5
CA	-17.439	17.086	-13.905	5
C	-16.745	16.758	-12.585	5
N	-16.346	15.501	-12.414	6
CA	-15.519	15.063	-11.292	6
C	-14.305	14.298	-11.808	6
N	-13.156	14.48	-11.16	7
CA	-11.881	13.914	-11.607	7
C	-11.22	13.123	-10.49	7
N	-10.724	11.931	-10.818	8
CA	-9.821	11.162	-9.959	8
C	-8.555	10.802	-10.726	8
N	-7.443	10.695	-10.009	9
CA	-6.167	10.222	-10.542	9
C	-5.754	8.88	-9.93	9
N	-4.795	8.232	-10.582	10
CA	-4.063	7.077	-10.084	10
C	-2.637	7.103	-10.629	10
N	-1.734	6.403	-9.957	11
CA	-0.355	6.201	-10.404	11
C	-0.039	4.713	-10.342	11
N	0.826	4.237	-11.229	12
CA	1.166	2.819	-11.275	12
C	2.238	2.445	-10.228	12
N	2.582	1.156	-10.158	13
CA	3.577	0.616	-9.214	13
C	4.984	1.239	-9.328	13
N	5.306	1.91	-10.441	14
CA	6.619	2.506	-10.683	14
C	6.75	3.961	-10.234	14
N	5.656	4.611	-9.834	15
CA	5.712	5.966	-9.291	15
C	6.553	5.996	-8.005	15
N	7.456	6.972	-7.789	16
CA	8.395	6.936	-6.666	16
C	7.72	6.823	-5.29	16
N	6.637	7.564	-5.031	17
CA	5.849	7.368	-3.797	17
C	5.241	5.955	-3.679	17
N	4.819	5.34	-4.795	18
CA	4.282	3.973	-4.783	18
C	5.345	2.902	-4.639	18
N	6.584	3.16	-5.051	19
CA	7.719	2.304	-4.685	19
C	7.854	2.288	-3.161	19
N	7.812	3.46	-2.52	20
CA	7.931	3.576	-1.068	20
C	6.81	2.838	-0.331	20
N	5.554	3.018	-0.751	21
CA	4.42	2.269	-0.196	21
C	4.629	0.744	-0.304	21
N	5.031	0.254	-1.483	22
CA	5.253	-1.178	-1.717	22
C	6.429	-1.74	-0.913	22
N	7.514	-0.979	-0.735	23
CA	8.662	-1.385	0.096	23
C	8.259	-1.446	1.568	23
N	7.559	-0.42	2.057	24
CA	7.039	-0.363	3.423	24
C	6.146	-1.568	3.745	24
N	5.223	-1.928	2.849	25
CA	4.354	-3.091	3.058	25
C	5.033	-4.442	2.801	25
N	6.048	-4.516	1.937	26
CA	6.856	-5.729	1.801	26
C	7.622	-6.053	3.094	26
N	8.112	-5.024	3.795	27
CA	8.751	-5.181	5.108	27
C	7.725	-5.627	6.151	27
N	6.527	-5.034	6.155	28
CA	5.442	-5.476	7.03	28
C	5.085	-6.95	6.804	28
N	4.877	-7.36	5.551	29
CA	4.555	-8.747	5.205	29
C	5.636	-9.707	5.726	29
N	6.919	-9.357	5.562	30
CA	8.048	-10.165	6.03	30
C	8.147	-10.26	7.564	30
N	7.767	-9.201	8.288	31
CA	7.648	-9.229	9.745	31
C	6.505	-10.156	10.183	31
N	5.302	-9.959	9.633	32
CA	4.097	-10.694	10.029	32
C	4.127	-12.174	9.633	32
N	4.851	-12.536	8.571	33
CA	5.025	-13.936	8.16	33
C	5.726	-14.769	9.246	33
N	6.674	-14.167	9.971	34
CA	7.452	-14.839	11.018	34
C	6.93	-14.551	12.43	34
N	6.364	-13.365	12.646	35
CA	5.851	-12.911	13.932	35
C	4.565	-12.097	13.726	35
N	3.387	-12.744	13.789	36
CA	2.101	-12.065	13.672	36
C	1.907	-10.94	14.693	36
N	2.608	-10.959	15.835	37
CA	2.509	-9.924	16.872	37
C	3.407	-8.703	16.613	37
N	4.123	-8.67	15.483	38
CA	5.02	-7.573	15.111	38
C	4.334	-6.212	15.223	38
N	5.064	-5.234	15.758	39
CA	4.676	-3.822	15.763	39
C	5.521	-3.121	14.72	39
N	4.882	-2.573	13.693	40
CA	5.551	-2.039	12.502	40
C	4.992	-0.651	12.201	40
N	5.896	0.31	12.06	41
CA	5.693	1.647	11.518	41
C	6.879	1.941	10.581	41
N	6.922	1.233	9.45	42
CA	8.023	1.288	8.495	42
C	7.748	2.337	7.418	42
N	8.481	3.434	7.47	43
CA	8.496	4.461	6.441	43
C	9.588	4.169	5.41	43
N	9.343	4.582	4.171	44
CA	10.322	4.515	3.089	44
C	10.384	5.866	2.39	44
N	11.585	6.326	2.05	45
CA	11.773	7.41	1.092	45
C	12.798	7.029	0.021	45
N	12.723	7.671	-1.141	46
CA	13.635	7.407	-2.255	46
C	13.945	8.668	-3.049	46
N	15.171	8.731	-3.567	47
CA	15.623	9.705	-4.564	47
C	16.705	9.052	-5.428	47
N	17.291	9.793	-6.363	48
CA	18.349	9.323	-7.263	48
C	19.386	8.461	-6.536	48
N	19.483	7.195	-6.953	49
CA	20.427	6.199	-6.439	49
C	20.316	5.88	-4.93	49
N	19.171	6.142	-4.288	50
CA	18.987	5.897	-2.855	50
C	17.557	5.477	-2.497	50
N	17.452	4.482	-1.62	51
CA	16.235	4.141	-0.879	51
C	16.596	4.107	0.603	51
N	15.827	4.791	1.442	52
CA	15.964	4.734	2.893	52
C	14.698	4.138	3.489	52
N	14.859	3.141	4.355	53
CA	13.793	2.616	5.215	53
C	14.064	3.047	6.65	53
N	13.053	3.593	7.315	54
CA	13.177	4.187	8.644	54
C	11.868	4.095	9.437	54
N	11.91	4.398	10.734	55
CA	10.761	4.295	11.643	55
C	10.95	3.203	12.693	55
N	9.855	2.612	13.173	56
CA	9.882	1.759	14.363	56
C	9.353	0.343	14.103	56
N	10.183	-0.668	14.375	57
CA	9.829	-2.084	14.268	57
C	10.24	-2.832	15.54	57
N	9.245	-3.362	16.252	58
CA	9.436	-4.338	17.333	58
C	8.897	-5.682	16.863	58
N	9.795	-6.623	16.577	59
CA	9.456	-7.934	16.011	59
C	10.434	-9.01	16.48	59
N	9.962	-10.256	16.563	60
CA	10.788	-11.464	16.731	60
C	11.33	-11.982	15.387	60
N	10.831	-11.462	14.263	61
CA	11.225	-11.862	12.918	61
C	12.695	-11.529	12.623	61
N	13.356	-12.382	11.837	62
CA	14.685	-12.093	11.283	62
C	14.508	-11.536	9.877	62
N	14.566	-10.213	9.753	63
CA	14.268	-9.498	8.505	63
C	15.548	-8.927	7.898	63
N	15.817	-9.255	6.632	64
CA	16.86	-8.593	5.848	64
C	16.23	-7.434	5.063	64
N	16.166	-6.258	5.694	65
CA	15.543	-5.059	5.123	65
C	16.136	-4.685	3.765	65
N	17.467	-4.711	3.642	66
CA	18.14	-4.378	2.388	66
C	17.71	-5.31	1.254	66
N	17.682	-6.624	1.502	67
CA	17.227	-7.593	0.5	67
C	15.786	-7.316	0.06	67
N	14.88	-7.015	0.993	68
CA	13.466	-6.733	0.686	68
C	13.321	-5.473	-0.173	68
N	14.06	-4.407	0.155	69
CA	14.102	-3.173	-0.645	69
C	14.516	-3.494	-2.081	69
N	15.643	-4.197	-2.247	70
CA	16.183	-4.541	-3.57	70
C	15.229	-5.438	-4.358	70
N	14.673	-6.467	-3.724	71
CA	13.743	-7.399	-4.367	71
C	12.452	-6.714	-4.817	71
N	11.913	-5.81	-3.997	72
CA	10.718	-5.026	-4.334	72
C	10.978	-4.111	-5.531	72
N	12.061	-3.324	-5.507	73
CA	12.429	-2.455	-6.63	73
C	12.658	-3.253	-7.925	73
N	13.326	-4.411	-7.835	74
CA	13.56	-5.298	-8.982	74
C	12.251	-5.861	-9.54	74
N	11.33	-6.295	-8.675	75
CA	10.016	-6.83	-9.057	75
C	9.103	-5.816	-9.762	75
N	9.231	-4.53	-9.422	76
CA	8.55	-3.415	-10.107	76
C	9.14	-3.181	-11.514	76
N	10.448	-3.398	-11.672	77
CA	11.175	-3.263	-12.939	77
C	12.305	-2.232	-12.925	77
N	12.74	-1.771	-11.75	78
CA	13.88	-0.865	-11.595	78
C	15.205	-1.634	-11.596	78
N	15.68	-1.956	-12.801	79
CA	16.835	-2.843	-13.045	79
C	18.048	-2.13	-13.653	79
N	17.984	-0.808	-13.832	80
CA	19.097	-0.01	-14.353	80
C	18.927	1.476	-14.038	80
N	20.037	2.217	-14.031	81
CA	20.0	3.671	-13.882	81
C	19.159	4.346	-14.985	81
N	19.135	3.762	-16.19	82
CA	18.397	4.287	-17.342	82
C	16.886	4.307	-17.12	82
N	16.334	3.359	-16.353	83
CA	14.895	3.326	-16.034	83
C	14.533	4.136	-14.787	83
N	15.521	4.691	-14.075	84
CA	15.326	5.629	-12.962	84
C	15.848	5.153	-11.602	84
N	16.148	3.86	-11.453	85
CA	16.762	3.259	-10.266	85
C	17.322	1.877	-10.646	85
N	18.515	1.549	-10.152	86
CA	19.127	0.223	-10.288	86
C	19.07	-0.488	-8.928	86
N	18.158	-1.454	-8.774	87
CA	17.94	-2.175	-7.516	87
C	19.205	-2.861	-6.967	87
N	20.163	-3.209	-7.827	88
CA	21.385	-3.917	-7.441	88
C	22.552	-2.967	-7.121	88
N	22.437	-1.675	-7.465	89
CA	23.508	-0.676	-7.275	89
C	23.121	0.523	-6.417	89
N	21.832	0.745	-6.163	90
CA	21.4	1.857	-5.328	90
C	21.86	1.687	-3.876	90
N	22.097	2.818	-3.21	91
CA	22.334	2.849	-1.774	91
C	21.037	2.489	-1.048	91
N	21.107	1.533	-0.123	92
CA	19.997	1.213	0.775	92
C	20.399	1.616	2.184	92
N	19.689	2.59	2.745	93
CA	19.926	3.102	4.091	93
C	18.857	2.531	5.024	93
N	19.272	1.949	6.146	94
CA	18.363	1.353	7.134	94
C	18.518	2.113	8.444	94
N	17.46	2.803	8.864	95
CA	17.402	3.567	10.109	95
C	16.132	3.207	10.9	95
N	16.044	1.936	11.3	96
CA	14.9	1.349	12.007	96
C	15.258	1.173	13.484	96
N	14.416	1.694	14.371	97
CA	14.523	1.529	15.824	97
C	13.376	0.664	16.37	97
N	13.381	0.365	17.67	98
CA	12.239	-0.294	18.311	98
C	11.121	0.715	18.591	98
N	9.876	0.235	18.654	99
CA	8.746	1.061	19.077	99
C	8.99	1.64	20.475	99
N	8.658	2.923	20.656	100
CA	8.724	3.575	21.964	100
C	8.0	2.746	23.041	100
N	8.652	2.452	24.184	101
CA	8.027	1.707	25.273	101
C	6.794	2.426	25.846	101
N	6.763	3.763	25.804	102
CA	5.64	4.584	26.281	102
C	4.38	4.405	25.419	102
N	4.562	4.147	24.119	103
CA	3.475	3.788	23.199	103
C	3.062	2.332	23.447	103
N	4.035	1.423	23.546	104
CA	3.786	-0.01	23.691	104
C	2.946	-0.352	24.937	104
N	3.199	0.308	26.076	105
CA	2.416	0.105	27.302	105
C	0.949	0.543	27.141	105
N	0.7	1.667	26.458	106
CA	-0.646	2.217	26.276	106
C	-1.488	1.397	25.298	106
N	-0.876	0.961	24.196	107
CA	-1.556	0.264	23.093	107
C	-1.826	-1.199	23.438	107
N	-0.784	-1.968	23.761	108
CA	-0.872	-3.425	23.929	108
C	-0.259	-3.927	25.247	108
N	0.127	-3.029	26.163	109
CA	0.686	-3.39	27.469	109
C	1.967	-4.214	27.366	109
N	2.86	-3.912	26.417	110
CA	4.006	-4.784	26.098	110
C	3.6	-6.232	25.747	110
N	2.495	-6.374	25.001	111
CA	1.919	-7.641	24.517	111
C	1.223	-8.449	25.627	111
N	0.739	-7.775	26.677	112
CA	-0.001	-8.417	27.781	112
C	-1.511	-8.188	27.727	112
N	-1.982	-7.174	26.986	113
CA	-3.417	-6.884	26.847	113
C	-4.116	-7.94	25.998	113
N	-5.347	-8.295	26.367	114
CA	-6.209	-9.133	25.523	114
C	-6.711	-8.346	24.305	114
N	-7.133	-9.005	23.21	115
CA	-7.607	-8.321	22.005	115
C	-8.701	-7.269	22.246	115
N	-9.651	-7.543	23.138	116
CA	-10.735	-6.63	23.512	116
C	-10.276	-5.408	24.333	116
N	-9.053	-5.447	24.869	117
CA	-8.423	-4.399	25.683	117
C	-7.344	-3.617	24.912	117
N	-6.96	-4.066	23.706	118
CA	-5.976	-3.372	22.863	118
C	-6.506	-1.973	22.54	118
N	-5.755	-0.961	22.966	119
CA	-6.048	0.434	22.673	119
C	-5.649	0.808	21.251	119
N	-6.231	1.879	20.713	120
CA	-5.806	2.396	19.417	120
C	-4.316	2.766	19.436	120
N	-3.598	2.409	18.365	121
CA	-2.171	2.696	18.207	121
C	-1.831	4.186	18.193	121
N	-2.808	5.017	17.838	122
CA	-2.724	6.472	17.797	122
C	-4.144	7.071	17.864	122
N	-4.242	8.387	18.022	123
CA	-5.464	9.134	17.745	123
C	-5.674	9.32	16.237	123
N	-6.902	9.633	15.84	124
CA	-7.208	9.989	14.457	124
C	-8.654	9.697	14.106	124
N	-9.03	9.997	12.867	125
CA	-10.313	9.587	12.313	125
C	-10.131	8.988	10.924	125
N	-11.021	8.084	10.535	126
CA	-10.949	7.333	9.284	126
C	-12.313	7.358	8.604	126
N	-12.324	7.281	7.272	127
CA	-13.554	7.285	6.484	127
C	-13.67	6.055	5.589	127
N	-14.876	5.509	5.568	128
CA	-15.331	4.429	4.717	128
C	-16.302	4.979	3.697	128
N	-16.193	4.571	2.439	129
CA	-17.119	5.007	1.4	129
C	-17.505	3.855	0.479	129
N	-18.759	3.869	0.038	130
CA	-19.271	3.011	-1.017	130
C	-20.363	3.732	-1.813	130
N	-20.494	3.346	-3.075	131
CA	-21.42	3.916	-4.058	131
C	-21.836	2.819	-5.026	131
N	-23.059	2.85	-5.541	132
CA	-23.591	1.846	-6.469	132
C	-23.222	2.097	-7.944	132
N	-22.297	3.026	-8.206	133
CA	-21.822	3.382	-9.551	133
C	-21.139	2.227	-10.297	133
N	-20.445	1.333	-9.582	134
CA	-19.73	0.189	-10.171	134
C	-20.005	-1.106	-9.403	134
N	-19.806	-2.287	-10.022	135
CA	-19.999	-3.577	-9.351	135
C	-19.166	-3.756	-8.071	135
N	-17.981	-3.145	-8.006	136
CA	-17.069	-3.188	-6.855	136
C	-17.447	-2.186	-5.743	136
N	-18.559	-1.472	-5.928	137
CA	-19.096	-0.438	-5.052	137
C	-18.115	0.719	-4.804	137
N	-17.5	1.203	-5.884	138
CA	-16.492	2.266	-5.902	138
C	-16.866	3.37	-6.904	138
N	-16.354	4.605	-6.747	139
CA	-16.617	5.673	-7.709	139
C	-15.991	5.379	-9.075	139
N	-16.738	5.601	-10.163	140
CA	-16.276	5.244	-11.511	140
C	-14.981	5.978	-11.903	140
N	-14.833	7.265	-11.566	141
CA	-13.597	8.027	-11.852	141
C	-12.358	7.351	-11.273	141
N	-12.445	6.888	-10.023	142
CA	-11.344	6.234	-9.332	142
C	-11.063	4.851	-9.928	142
N	-12.111	4.053	-10.164	143
CA	-11.99	2.717	-10.768	143
C	-11.315	2.792	-12.135	143
N	-11.74	3.716	-13.001	144
CA	-11.171	3.855	-14.341	144
C	-9.716	4.329	-14.294	144
N	-9.391	5.369	-13.515	145
CA	-8.005	5.827	-13.378	145
C	-7.097	4.693	-12.866	145
N	-7.508	3.997	-11.808	146
CA	-6.742	2.884	-11.233	146
C	-6.574	1.712	-12.201	146
N	-7.636	1.303	-12.911	147
CA	-7.556	0.224	-13.91	147
C	-6.678	0.609	-15.108	147
N	-6.657	1.879	-15.532	148
CA	-5.723	2.36	-16.563	148
C	-4.266	2.244	-16.09	148
N	-3.976	2.657	-14.851	149
CA	-2.651	2.519	-14.238	149
C	-2.184	1.061	-14.151	149
N	-3.076	0.151	-13.752	150
CA	-2.801	-1.286	-13.732	150
C	-2.572	-1.851	-15.144	150
N	-3.384	-1.436	-16.128	151
CA	-3.257	-1.884	-17.519	151
C	-1.946	-1.43	-18.161	151
N	-1.467	-0.214	-17.867	152
CA	-0.135	0.261	-18.282	152
C	0.975	-0.687	-17.818	152
N	0.936	-1.091	-16.549	153
CA	1.888	-2.061	-16.003	153
C	1.766	-3.422	-16.675	153
N	0.544	-3.905	-16.895	154
CA	0.296	-5.191	-17.548	154
C	0.933	-5.23	-18.944	154
N	0.652	-4.23	-19.791	155
CA	1.15	-4.189	-21.178	155
C	2.661	-3.938	-21.271	155
N	3.266	-3.346	-20.23	156
CA	4.727	-3.277	-20.048	156
C	5.314	-4.643	-19.694	156
N	4.752	-5.32	-18.686	157
CA	5.269	-6.598	-18.165	157
C	5.093	-7.737	-19.172	157
N	3.97	-7.778	-19.891	158
CA	3.705	-8.777	-20.933	158
C	4.326	-8.434	-22.305	158
N	5.028	-7.294	-22.414	159
CA	5.722	-6.817	-23.624	159
C	4.823	-6.484	-24.823	159
N	3.522	-6.261	-24.623	160
CA	2.636	-5.698	-25.666	160
C	3.094	-4.294	-26.07	160
N	3.481	-3.468	-25.092	161
CA	4.097	-2.158	-25.314	161
C	5.508	-2.165	-24.694	161
N	6.518	-2.743	-25.376	162
CA	7.832	-3.009	-24.783	162
C	8.653	-1.742	-24.502	162
N	8.278	-0.614	-25.111	163
CA	8.89	0.704	-24.926	163
C	8.521	1.372	-23.59	163
N	7.518	0.847	-22.875	164
CA	7.091	1.374	-21.58	164
C	8.151	1.159	-20.499	164
N	8.354	2.19	-19.682	165
CA	9.141	2.133	-18.445	165
C	8.223	2.159	-17.211	165
N	8.739	1.872	-15.999	166
CA	7.885	1.61	-14.844	166
C	6.977	2.764	-14.41	166
N	7.424	4.022	-14.441	167
CA	6.673	5.163	-13.888	167
C	5.536	5.626	-14.818	167
N	4.346	5.855	-14.268	168
CA	3.186	6.3	-15.028	168
C	2.056	6.831	-14.152	168
N	1.342	7.824	-14.685	169
CA	0.204	8.499	-14.054	169
C	-0.992	8.497	-14.994	169
N	-2.175	8.386	-14.413	170
CA	-3.451	8.341	-15.129	170
C	-4.472	9.202	-14.407	170
N	-5.347	9.869	-15.147	171
CA	-6.401	10.695	-14.572	171
C	-7.633	10.65	-15.469	171
N	-8.805	10.518	-14.854	172
CA	-10.08	10.389	-15.559	172
C	-11.066	11.4	-14.997	172
N	-11.62	12.214	-15.89	173
CA	-12.738	13.115	-15.617	173
C	-14.01	12.485	-16.165	173
N	-15.002	12.271	-15.307	174
CA	-16.322	11.743	-15.676	174
C	-17.357	12.845	-15.497	174
N	-18.291	12.902	-16.437	175
CA	-19.493	13.712	-16.339	175
C	-20.582	12.929	-15.606	175
N	-21.143	13.538	-14.567	176
CA	-22.112	12.928	-13.668	176
C	-23.43	13.681	-13.652	176
N	-24.505	12.949	-13.363	177
CA	-25.786	13.495	-12.909	177
C	-26.036	13.072	-11.462	177
N	-26.593	13.978	-10.66	178
CA	-27.095	13.665	-9.323	178
C	-28.565	13.213	-9.394	178
N	-28.842	11.989	-8.95	179
CA	-30.169	11.367	-8.904	179
C	-30.584	11.131	-7.445	179
N	-31.206	12.138	-6.822	180
CA	-31.667	12.042	-5.431	180
C	-30.549	11.747	-4.422	180
N	-29.33	12.22	-4.691	181
CA	-28.136	11.926	-3.907	181
C	-27.26	10.823	-4.494	181
N	-27.768	9.965	-5.381	182
CA	-26.965	8.945	-6.053	182
C	-26.166	9.544	-7.219	182
N	-24.958	9.031	-7.457	183
CA	-24.118	9.47	-8.573	183
C	-24.378	8.568	-9.766	183
N	-24.767	9.165	-10.888	184
CA	-25.001	8.44	-12.136	184
C	-23.966	8.911	-13.156	184
N	-22.958	8.083	-13.49	185
CA	-22.021	8.384	-14.562	185
C	-22.759	8.496	-15.897	185
N	-22.455	9.534	-16.672	186
CA	-23.055	9.765	-17.992	186
C	-22.062	9.409	-19.094	186
N	-20.84	9.944	-19.009	187
CA	-19.755	9.711	-19.971	187
C	-18.397	10.064	-19.376	187
N	-17.328	9.537	-19.958	188
CA	-15.959	9.979	-19.689	188
C	-15.68	11.235	-20.51	188
N	-15.439	12.34	-19.808	189
CA	-15.153	13.636	-20.409	189
C	-13.703	13.757	-20.869	189
N	-12.753	13.42	-19.996	190
CA	-11.319	13.529	-20.288	190
C	-10.571	12.317	-19.758	190
N	-9.652	11.788	-20.564	191
CA	-8.664	10.784	-20.158	191
C	-7.266	11.369	-20.332	191
N	-6.478	11.347	-19.262	192
CA	-5.074	11.743	-19.244	192
C	-4.212	10.53	-18.893	192
N	-3.168	10.298	-19.686	193
CA	-2.105	9.338	-19.388	193
C	-0.76	10.018	-19.635	193
N	0.107	9.999	-18.625	194
CA	1.526	10.34	-18.742	194
C	2.335	9.126	-18.313	194
N	2.998	8.464	-19.252	195
CA	3.778	7.251	-18.991	195
C	5.232	7.432	-19.39	195
N	6.127	6.909	-18.557	196
CA	7.551	6.869	-18.826	196
C	7.83	5.916	-19.997	196
N	8.783	6.269	-20.854	197
CA	9.106	5.507	-22.061	197
C	10.608	5.505	-22.369	197
N	11.054	4.588	-23.226	198
CA	12.411	4.613	-23.776	198
C	12.579	5.653	-24.901	198
N	13.786	5.756	-25.458	199
CA	14.093	6.748	-26.496	199
C	13.661	6.339	-27.912	199
N	13.147	5.12	-28.095	200
CA	12.924	4.52	-29.419	200
C	11.531	4.793	-29.981	200
N	10.551	5.051	-29.112	201
CA	9.147	5.245	-29.491	201
C	8.834	6.718	-29.796	201
N	8.036	6.967	-30.838	202
CA	7.557	8.314	-31.195	202
C	6.283	8.672	-30.427	202
N	5.993	9.966	-30.255	203
CA	4.762	10.407	-29.583	203
C	3.48	9.933	-30.28	203
N	3.474	9.86	-31.612	204
CA	2.33	9.333	-32.367	204
C	2.096	7.848	-32.067	204
N	3.177	7.068	-31.961	205
CA	3.1	5.654	-31.608	205
C	2.66	5.469	-30.148	205
N	3.188	6.271	-29.21	206
CA	2.725	6.301	-27.811	206
C	1.214	6.56	-27.769	206
N	0.737	7.621	-28.426	207
CA	-0.675	7.993	-28.414	207
C	-1.57	6.882	-28.991	207
N	-1.15	6.268	-30.102	208
CA	-1.862	5.152	-30.733	208
C	-1.95	3.933	-29.811	208
N	-0.824	3.506	-29.249	209
CA	-0.741	2.315	-28.399	209
C	-1.493	2.501	-27.082	209
N	-1.411	3.684	-26.465	210
CA	-2.19	3.996	-25.267	210
C	-3.694	3.928	-25.546	210
N	-4.149	4.426	-26.699	211
CA	-5.569	4.366	-27.059	211
C	-6.043	2.924	-27.275	211
N	-5.29	2.122	-28.03	212
CA	-5.696	0.76	-28.411	212
C	-5.463	-0.281	-27.308	212
N	-4.318	-0.241	-26.626	213
CA	-3.892	-1.299	-25.704	213
C	-4.15	-0.984	-24.226	213
N	-4.456	0.273	-23.882	214
CA	-4.667	0.699	-22.487	214
C	-6.069	1.258	-22.263	214
N	-6.488	2.268	-23.028	215
CA	-7.766	2.961	-22.803	215
C	-8.954	2.097	-23.216	215
N	-8.982	1.661	-24.477	216
CA	-10.095	0.894	-25.048	216
C	-10.38	-0.427	-24.309	216
N	-9.381	-1.175	-23.793	217
CA	-9.648	-2.372	-22.995	217
C	-10.187	-2.098	-21.583	217
N	-10.038	-0.876	-21.058	218
CA	-10.391	-0.536	-19.667	218
C	-11.699	0.236	-19.573	218
N	-11.895	1.247	-20.421	219
CA	-13.072	2.113	-20.35	219
C	-14.205	1.484	-21.172	219
N	-15.369	1.175	-20.563	220
CA	-16.526	0.681	-21.3	220
C	-16.91	1.623	-22.445	220
N	-17.169	1.055	-23.625	221
CA	-17.417	1.825	-24.845	221
C	-18.62	2.777	-24.728	221
N	-19.608	2.442	-23.898	222
CA	-20.782	3.279	-23.613	222
C	-20.455	4.619	-22.938	222
N	-19.29	4.741	-22.293	223
CA	-18.837	5.996	-21.694	223
C	-17.905	6.805	-22.604	223
N	-17.528	6.286	-23.775	224
CA	-16.654	6.968	-24.729	224
C	-17.461	7.469	-25.925	224
N	-17.227	8.715	-26.322	225
CA	-17.827	9.303	-27.518	225
C	-16.829	10.181	-28.286	225
N	-17.282	10.743	-29.407	226
CA	-16.466	11.594	-30.281	226
C	-15.99	12.891	-29.598	226
N	-16.585	13.258	-28.456	227
CA	-16.227	14.435	-27.668	227
C	-15.319	14.097	-26.472	227
N	-14.913	12.837	-26.272	228
CA	-13.968	12.489	-25.201	228
C	-12.592	13.077	-25.512	228
N	-12.058	13.865	-24.577	229
CA	-10.753	14.516	-24.714	229
C	-9.655	13.56	-24.246	229
N	-8.608	13.404	-25.056	230
CA	-7.459	12.557	-24.74	230
C	-6.181	13.392	-24.625	230
N	-5.543	13.359	-23.455	231
CA	-4.2	13.897	-23.236	231
C	-3.221	12.734	-23.045	231
N	-2.427	12.424	-24.072	232
CA	-1.536	11.259	-24.092	232
C	-0.083	11.733	-24.167	232
N	0.658	11.574	-23.068	233
CA	1.972	12.181	-22.831	233
C	2.014	13.682	-23.198	233
N	1.162	14.534	-22.588	234
CA	1.058	15.95	-22.959	234
C	2.352	16.758	-22.753	234
N	3.307	16.273	-21.948	235
CA	4.639	16.886	-21.806	235
C	5.556	16.655	-23.015	235
N	5.175	15.77	-23.936	236
CA	5.926	15.424	-25.138	236
C	7.106	14.474	-24.917	236
N	7.828	14.532	-23.792	237
CA	8.915	13.582	-23.488	237
C	8.928	13.226	-22.007	237
N	8.952	11.929	-21.702	238
CA	9.032	11.407	-20.337	238
C	9.955	10.175	-20.269	238
N	11.256	10.381	-20.498	239
CA	12.254	9.288	-20.493	239
C	12.84	9.046	-19.098	239
N	13.215	10.128	-18.409	240
CA	13.661	10.103	-17.01	240
C	12.418	10.002	-16.124	240
N	12.368	9.008	-15.243	241
CA	11.247	8.771	-14.331	241
C	11.7	8.052	-13.064	241
N	10.743	7.604	-12.254	242
CA	11.03	6.973	-10.966	242
C	11.796	7.91	-10.014	242
N	12.591	7.364	-9.073	243
CA	13.333	8.158	-8.085	243
C	14.326	9.173	-8.678	243
N	14.839	8.899	-9.884	244
CA	15.689	9.83	-10.627	244
C	14.919	11.111	-10.97	244
N	13.706	10.974	-11.512	245
CA	12.865	12.108	-11.896	245
C	12.298	12.863	-10.694	245
N	11.799	12.15	-9.684	246
CA	11.055	12.743	-8.565	246
C	11.336	12.005	-7.242	246
N	11.221	12.689	-6.103	247
CA	11.365	12.039	-4.797	247
C	10.129	11.18	-4.503	247
N	10.3	10.118	-3.721	248
CA	9.199	9.286	-3.242	248
C	9.202	9.178	-1.728	248
N	8.02	9.147	-1.12	249
CA	7.811	8.86	0.293	249
C	6.543	8.016	0.483	249
N	6.577	7.114	1.461	250
CA	5.41	6.353	1.926	250
C	4.28	7.304	2.328	250
N	3.031	6.929	2.042	251
CA	1.865	7.694	2.485	251
C	1.629	9.013	1.745	251
N	2.195	9.197	0.546	252
CA	1.971	10.395	-0.295	252
C	0.934	10.199	-1.398	252
N	0.222	9.072	-1.368	253
CA	-0.8	8.686	-2.35	253
C	-2.128	8.274	-1.703	253
N	-2.409	8.759	-0.491	254
CA	-3.569	8.355	0.329	254
C	-4.942	8.523	-0.35	254
N	-5.112	9.518	-1.228	255
CA	-6.366	9.686	-1.985	255
C	-6.472	8.674	-3.139	255
N	-5.339	8.294	-3.738	256
CA	-5.249	7.206	-4.726	256
C	-5.43	5.847	-4.04	256
N	-5.031	5.711	-2.78	257
CA	-5.235	4.475	-2.021	257
C	-6.674	4.235	-1.592	257
N	-7.484	5.292	-1.598	258
CA	-8.85	5.274	-1.09	258
C	-9.877	5.462	-2.198	258
N	-10.439	6.662	-2.339	259
CA	-11.667	6.887	-3.108	259
C	-11.509	7.952	-4.199	259
N	-10.281	8.364	-4.53	260
CA	-10.026	9.299	-5.63	260
C	-10.676	10.676	-5.455	260
N	-10.863	11.129	-4.214	261
CA	-11.492	12.408	-3.868	261
C	-12.971	12.299	-3.486	261
N	-13.604	11.144	-3.709	262
CA	-14.955	10.861	-3.221	262
C	-14.965	10.496	-1.733	262
N	-16.148	10.527	-1.115	263
CA	-16.286	10.29	0.32	263
C	-15.537	11.357	1.12	263
N	-14.569	10.929	1.929	264
CA	-13.619	11.792	2.625	264
C	-12.35	10.995	2.98	264
N	-11.353	11.66	3.568	265
CA	-10.124	11.022	4.035	265
C	-9.731	11.508	5.433	265
N	-9.17	10.602	6.234	266
CA	-8.779	10.853	7.623	266
C	-7.44	11.561	7.816	266
N	-6.558	11.401	6.832	267
CA	-5.187	11.918	6.824	267
C	-4.135	10.83	7.046	267
N	-4.485	9.746	7.743	268
CA	-3.589	8.62	8.001	268
C	-3.244	7.804	6.751	268
N	-1.95	7.582	6.507	269
CA	-1.46	6.642	5.496	269
C	-1.651	5.178	5.927	269
N	-1.605	4.24	4.976	270
CA	-1.778	2.812	5.256	270
C	-0.454	2.051	5.291	270
N	0.319	2.115	4.206	271
CA	1.537	1.328	3.969	271
C	2.533	1.377	5.124	271
N	3.136	0.231	5.452	272
CA	4.152	0.123	6.504	272
C	3.613	0.062	7.931	272
N	2.291	-0.012	8.119	273
CA	1.663	-0.009	9.445	273
C	1.027	-1.351	9.786	273
N	1.352	-1.887	10.959	274
CA	0.666	-3.069	11.485	274
C	-0.789	-2.75	11.915	274
N	-1.658	-3.763	12.081	275
CA	-3.092	-3.561	12.3	275
C	-3.48	-2.837	13.596	275
N	-2.575	-2.669	14.573	276
CA	-2.887	-1.84	15.751	276
C	-2.955	-0.35	15.408	276
N	-2.414	0.072	14.254	277
CA	-2.536	1.445	13.751	277
C	-3.898	1.613	13.088	277
N	-4.786	2.3	13.8	278
CA	-6.183	2.516	13.401	278
C	-6.34	3.289	12.094	278
N	-5.314	4.011	11.635	279
CA	-5.285	4.579	10.28	279
C	-5.603	3.534	9.208	279
N	-5.031	2.331	9.338	280
CA	-5.236	1.219	8.409	280
C	-6.452	0.389	8.795	280
N	-6.442	-0.2	9.991	281
CA	-7.493	-1.139	10.409	281
C	-8.851	-0.45	10.557	281
N	-8.868	0.761	11.119	282
CA	-10.043	1.623	11.204	282
C	-10.601	1.963	9.824	282
N	-9.763	2.391	8.869	283
CA	-10.195	2.673	7.494	283
C	-10.768	1.435	6.781	283
N	-10.146	0.269	6.965	284
CA	-10.611	-0.988	6.378	284
C	-11.981	-1.399	6.929	284
N	-12.201	-1.313	8.247	285
CA	-13.495	-1.702	8.823	285
C	-14.617	-0.74	8.413	285
N	-14.347	0.566	8.284	286
CA	-15.373	1.502	7.795	286
C	-15.629	1.357	6.295	286
N	-14.641	0.942	5.482	287
CA	-14.891	0.49	4.1	287
C	-15.846	-0.7	4.095	287
N	-15.593	-1.715	4.925	288
CA	-16.477	-2.878	5.036	288
C	-17.895	-2.459	5.441	288
N	-18.031	-1.548	6.409	289
CA	-19.321	-1.034	6.859	289
C	-20.068	-0.287	5.744	289
N	-19.433	0.696	5.097	290
CA	-20.042	1.46	4.007	290
C	-20.45	0.554	2.833	290
N	-19.555	-0.356	2.42	291
CA	-19.816	-1.341	1.361	291
C	-20.992	-2.243	1.72	291
N	-21.06	-2.69	2.971	292
CA	-22.135	-3.544	3.476	292
C	-23.494	-2.846	3.483	292
N	-23.554	-1.555	3.829	293
CA	-24.791	-0.754	3.757	293
C	-25.323	-0.687	2.324	293
N	-24.461	-0.36	1.354	294
CA	-24.859	-0.251	-0.06	294
C	-25.217	-1.623	-0.64	294
N	-24.399	-2.649	-0.389	295
CA	-24.644	-4.015	-0.859	295
C	-25.915	-4.647	-0.263	295
N	-26.287	-4.279	0.968	296
CA	-27.549	-4.709	1.595	296
C	-28.772	-3.967	1.038	296
N	-28.569	-3.023	0.113	297
CA	-29.629	-2.243	-0.511	297
C	-30.289	-1.232	0.427	297
N	-29.63	-0.865	1.534	298
CA	-30.123	0.113	2.514	298
C	-29.922	1.556	2.047	298
N	-28.93	1.796	1.192	299
CA	-28.651	3.077	0.556	299
C	-27.994	2.843	-0.81	299
N	-27.931	3.877	-1.652	300
CA	-27.17	3.838	-2.918	300
C	-25.743	4.361	-2.749	300
N	-25.531	5.247	-1.775	301
CA	-24.232	5.789	-1.361	301
C	-24.169	5.864	0.153	301
N	-23.0	5.606	0.72	302
CA	-22.793	5.652	2.162	302
C	-21.375	6.124	2.472	302
N	-21.253	7.089	3.384	303
CA	-20.001	7.424	4.06	303
C	-20.113	7.067	5.544	303
N	-19.048	6.491	6.098	304
CA	-18.927	6.141	7.517	304
C	-17.653	6.772	8.063	304
N	-17.718	7.466	9.196	305
CA	-16.537	7.948	9.921	305
C	-16.39	7.182	11.236	305
N	-15.155	6.892	11.638	306
CA	-14.801	6.441	12.993	306
C	-13.638	7.28	13.52	306
N	-13.561	7.524	14.83	307
CA	-12.41	8.197	15.452	307
C	-11.957	7.533	16.748	307
N	-10.686	7.719	17.101	308
CA	-10.03	7.07	18.237	308
C	-9.145	8.04	19.027	308
N	-8.855	7.67	20.276	309
CA	-7.756	8.204	21.079	309
C	-6.724	7.1	21.338	309
N	-5.437	7.458	21.349	310
CA	-4.352	6.516	21.644	310
C	-4.589	5.792	22.98	310
N	-4.42	4.469	22.988	311
CA	-4.588	3.633	24.182	311
C	-6.038	3.344	24.598	311
N	-7.043	3.912	23.919	312
CA	-8.473	3.654	24.173	312
C	-9.002	2.617	23.168	312
N	-9.624	1.502	23.61	313
CA	-10.169	0.496	22.69	313
C	-11.41	0.975	21.932	313
N	-12.363	1.595	22.628	314
CA	-13.618	2.044	22.027	314
C	-13.427	3.304	21.164	314
N	-14.147	3.426	20.034	315
CA	-14.107	4.642	19.235	315
C	-14.733	5.825	19.989	315
N	-14.15	7.015	19.829	316
CA	-14.688	8.263	20.38	316
C	-15.957	8.711	19.649	316
N	-16.04	8.442	18.345	317
CA	-17.215	8.751	17.536	317
C	-17.388	7.76	16.389	317
N	-18.643	7.584	15.966	318
CA	-19.023	6.895	14.726	318
C	-20.126	7.715	14.061	318
N	-19.979	8.022	12.775	319
CA	-20.926	8.818	11.985	319
C	-21.275	8.107	10.677	319
N	-22.502	8.311	10.194	320
CA	-23.03	7.764	8.938	320
C	-23.812	8.854	8.212	320
N	-23.626	8.958	6.897	321
CA	-24.47	9.752	5.995	321
C	-24.665	8.986	4.682	321
N	-25.917	8.86	4.247	322
CA	-26.269	8.171	2.997	322
C	-26.458	9.106	1.81	322
N	-26.089	10.379	1.946	323
CA	-26.3	11.424	0.946	323
C	-27.767	11.525	0.513	323
N	-28.701	11.253	1.436	324
CA	-30.156	11.173	1.189	324
C	-30.612	9.998	0.316	324
N	-29.745	9.013	0.077	325
CA	-30.086	7.793	-0.675	325
C	-30.562	6.633	0.205	325
N	-30.532	6.794	1.532	326
CA	-30.991	5.799	2.495	326
C	-32.486	5.496	2.367	326
N	-32.844	4.21	2.417	327
CA	-34.238	3.731	2.482	327
C	-34.824	3.788	3.894	327
N	-33.96	3.937	4.893	328
CA	-34.282	4.16	6.303	328
C	-33.429	5.337	6.813	328
N	-33.783	5.968	7.946	329
CA	-32.994	7.052	8.526	329
C	-31.527	6.672	8.777	329
N	-30.605	7.62	8.578	330
CA	-29.167	7.414	8.832	330
C	-28.881	6.998	10.291	330
N	-29.736	7.398	11.244	331
CA	-29.675	6.966	12.649	331
C	-29.862	5.459	12.82	331
N	-30.742	4.862	12.023	332
CA	-31.073	3.441	12.107	332
C	-29.977	2.62	11.417	332
N	-29.406	3.151	10.33	333
CA	-28.208	2.586	9.691	333
C	-27.019	2.629	10.656	333
N	-26.823	3.735	11.379	334
CA	-25.787	3.843	12.407	334
C	-25.974	2.799	13.518	334
N	-27.211	2.557	13.963	335
CA	-27.51	1.52	14.949	335
C	-27.143	0.121	14.424	335
N	-27.543	-0.213	13.19	336
CA	-27.185	-1.481	12.54	336
C	-25.668	-1.658	12.407	336
N	-24.942	-0.6	12.03	337
CA	-23.478	-0.642	11.939	337
C	-22.863	-0.918	13.315	337
N	-23.281	-0.203	14.365	338
CA	-22.751	-0.412	15.724	338
C	-23.068	-1.798	16.292	338
N	-24.157	-2.421	15.854	339
CA	-24.519	-3.788	16.236	339
C	-23.65	-4.85	15.532	339
N	-23.302	-4.648	14.255	340
CA	-22.662	-5.676	13.413	340
C	-21.138	-5.512	13.238	340
N	-20.59	-4.36	13.629	341
CA	-19.175	-4.024	13.491	341
C	-18.568	-3.662	14.845	341
N	-17.601	-4.471	15.273	342
CA	-16.783	-4.18	16.443	342
C	-15.602	-3.299	16.032	342
N	-15.631	-2.044	16.475	343
CA	-14.635	-1.034	16.131	343
C	-13.404	-1.05	17.046	343
N	-13.298	-1.969	18.013	344
CA	-12.11	-2.053	18.875	344
C	-10.906	-2.579	18.072	344
N	-9.713	-1.951	18.116	345
CA	-8.584	-2.272	17.228	345
C	-8.162	-3.747	17.214	345
N	-8.094	-4.389	18.386	346
CA	-7.776	-5.817	18.468	346
C	-8.872	-6.698	17.864	346
N	-10.139	-6.305	18.02	347
CA	-11.28	-7.01	17.434	347
C	-11.349	-6.828	15.917	347
N	-11.051	-5.632	15.392	348
CA	-10.909	-5.4	13.945	348
C	-9.82	-6.313	13.375	348
N	-8.663	-6.368	14.042	349
CA	-7.516	-7.165	13.599	349
C	-7.846	-8.655	13.494	349
N	-8.648	-9.187	14.423	350
CA	-9.135	-10.574	14.386	350
C	-10.21	-10.751	13.308	350
N	-11.243	-9.905	13.308	351
CA	-12.414	-10.05	12.437	351
C	-12.083	-9.903	10.945	351
N	-11.043	-9.134	10.621	352
CA	-10.528	-8.964	9.263	352
C	-9.256	-9.786	9.001	352
N	-8.819	-10.628	9.942	353
CA	-7.623	-11.469	9.805	353
C	-6.388	-10.671	9.334	353
N	-6.117	-9.559	10.022	354
CA	-5.073	-8.603	9.646	354
C	-3.697	-8.99	10.207	354
N	-3.631	-9.862	11.207	355
CA	-2.339	-10.314	11.741	355
C	-1.67	-11.363	10.834	355
N	-2.386	-11.87	9.82	356
CA	-1.862	-12.822	8.838	356
C	-0.826	-12.152	7.935	356
N	0.438	-12.546	8.07	357
CA	1.495	-12.208	7.116	357
C	1.664	-13.24	5.999	357
N	2.691	-13.027	5.175	358
CA	3.022	-13.881	4.033	358
C	2.162	-13.62	2.789	358
N	2.531	-14.26	1.673	359
CA	1.855	-14.153	0.366	359
C	1.674	-12.718	-0.167	359
N	2.541	-11.787	0.246	360
CA	2.504	-10.386	-0.185	360
C	1.146	-9.715	0.097	360
N	0.467	-10.118	1.185	361
CA	-0.899	-9.694	1.526	361
C	-1.03	-8.175	1.513	361
N	-0.148	-7.48	2.226	362
CA	-0.156	-6.023	2.309	362
C	0.519	-5.377	1.107	362
N	1.605	-5.949	0.587	363
CA	2.273	-5.402	-0.593	363
C	1.331	-5.345	-1.807	363
N	0.405	-6.307	-1.946	364
CA	-0.653	-6.261	-2.965	364
C	-1.548	-5.033	-2.837	364
N	-1.769	-4.5	-1.633	365
CA	-2.605	-3.307	-1.389	365
C	-1.889	-2.002	-1.746	365
N	-0.556	-1.986	-1.648	366
CA	0.281	-0.793	-1.764	366
C	0.347	-0.175	-3.174	366
N	-0.223	-0.829	-4.188	367
CA	-0.446	-0.27	-5.516	367
C	-1.847	-0.637	-6.028	367
N	-2.412	0.253	-6.849	368
CA	-3.734	0.097	-7.47	368
C	-4.916	0.069	-6.483	368
N	-4.804	0.816	-5.381	369
CA	-5.878	1.023	-4.412	369
C	-6.038	-0.12	-3.407	369
N	-6.395	0.249	-2.175	370
CA	-6.693	-0.702	-1.101	370
C	-8.131	-1.242	-1.185	370
N	-9.021	-0.533	-1.884	371
CA	-10.46	-0.792	-1.909	371
C	-10.97	-1.146	-3.307	371
N	-12.118	-1.824	-3.367	372
CA	-12.774	-2.205	-4.622	372
C	-12.088	-3.344	-5.369	372
N	-11.478	-4.279	-4.638	373
CA	-10.728	-5.41	-5.194	373
C	-11.292	-6.73	-4.684	373
N	-11.223	-7.751	-5.521	374
CA	-11.841	-9.068	-5.332	374
C	-10.853	-10.149	-4.865	374
N	-9.601	-9.768	-4.604	375
CA	-8.601	-10.655	-4.02	375
C	-9.075	-11.135	-2.631	375
N	-9.11	-12.453	-2.357	376
CA	-9.616	-12.999	-1.095	376
C	-8.814	-12.559	0.135	376
N	-7.604	-12.025	-0.049	377
CA	-6.875	-11.409	1.048	377
C	-7.532	-10.111	1.548	377
N	-8.381	-9.47	0.753	378
CA	-8.894	-8.134	1.018	378
C	-10.199	-8.285	1.794	378
N	-10.081	-8.819	3.005	379
CA	-11.189	-9.284	3.855	379
C	-12.211	-8.194	4.188	379
N	-11.813	-6.92	4.135	380
CA	-12.703	-5.764	4.282	380
C	-13.625	-5.536	3.077	380
N	-13.336	-6.139	1.924	381
CA	-14.213	-6.12	0.751	381
C	-15.331	-7.174	0.841	381
N	-15.264	-8.103	1.803	382
CA	-16.333	-9.072	2.085	382
C	-17.514	-8.381	2.758	382
N	-18.668	-8.427	2.095	383
CA	-19.92	-7.819	2.558	383
C	-20.499	-8.583	3.75	383
N	-20.899	-7.85	4.793	384
CA	-21.803	-8.339	5.84	384
C	-23.228	-7.906	5.495	384
N	-24.156	-8.847	5.339	385
CA	-25.554	-8.503	5.036	385
C	-26.217	-7.919	6.284	385
N	-26.673	-6.673	6.181	386
CA	-27.369	-5.943	7.236	386
C	-28.872	-5.993	6.969	386
N	-29.653	-6.403	7.967	387
CA	-31.117	-6.416	7.893	387
C	-31.671	-5.513	8.99	387
N	-32.58	-4.574	8.678	388
CA	-33.321	-3.866	9.71	388
C	-34.05	-4.88	10.594	388
N	-34.038	-4.663	11.907	389
CA	-34.91	-5.399	12.821	389
C	-36.36	-5.214	12.366	389
N	-37.079	-6.333	12.245	390
CA	-38.429	-6.4	11.685	390
C	-39.457	-5.556	12.447	390
