ATOM	X	Y	Z	RESIDUE
N	33.167	66.499	14.634	1
CA	34.389	65.669	14.632	1
C	34.08	64.299	15.224	1
N	33.924	63.272	14.377	2
CA	34.332	61.909	14.729	2
C	34.992	61.209	13.524	2
N	36.281	60.882	13.617	3
CA	36.979	59.978	12.694	3
C	37.594	58.866	13.546	3
N	37.166	57.627	13.311	4
CA	37.669	56.422	13.964	4
C	38.373	55.54	12.927	4
N	39.619	55.2	13.266	5
CA	40.295	53.907	13.078	5
C	40.321	53.249	11.689	5
N	41.496	53.374	11.059	6
CA	42.066	52.457	10.072	6
C	42.262	51.035	10.641	6
N	41.779	50.055	9.878	7
CA	42.481	48.864	9.358	7
C	43.807	48.471	10.038	7
N	43.832	47.295	10.671	8
CA	45.015	46.418	10.652	8
C	44.558	44.963	10.589	8
N	44.749	44.398	9.4	9
CA	44.412	43.049	8.976	9
C	45.283	42.046	9.753	9
N	44.683	41.195	10.587	10
CA	45.401	40.06	11.187	10
C	45.216	38.854	10.276	10
N	46.307	38.477	9.618	11
CA	46.432	37.328	8.723	11
C	46.279	36.045	9.544	11
N	45.137	35.364	9.431	12
CA	45.011	33.963	9.855	12
C	45.052	33.103	8.601	12
N	46.212	32.488	8.395	13
CA	46.482	31.501	7.352	13
C	45.677	30.24	7.67	13
N	44.492	30.088	7.081	14
CA	43.83	28.779	6.999	14
C	44.2	28.188	5.648	14
N	45.111	27.222	5.702	15
CA	45.597	26.445	4.567	15
C	44.428	25.725	3.885	15
N	43.94	26.298	2.784	16
CA	42.975	25.676	1.882	16
C	43.668	24.523	1.153	16
N	43.436	23.315	1.664	17
CA	43.894	22.066	1.065	17
C	43.156	21.873	-0.263	17
N	43.892	22.075	-1.351	18
CA	43.474	21.913	-2.745	18
C	43.235	20.426	-3.044	18
N	42.029	19.908	-2.823	19
CA	41.641	18.59	-3.349	19
C	41.171	18.745	-4.792	19
N	42.005	18.255	-5.715	20
CA	41.671	18.035	-7.124	20
C	40.545	16.996	-7.203	20
N	39.391	17.372	-7.735	21
CA	38.296	16.451	-8.035	21
C	37.138	17.235	-8.625	21
N	37.03	17.211	-9.952	22
CA	36.093	18.02	-10.724	22
C	34.626	17.764	-10.388	22
N	33.846	18.807	-10.639	23
CA	32.41	18.911	-10.444	23
C	31.683	17.921	-11.365	23
N	30.752	17.134	-10.822	24
CA	29.871	16.237	-11.587	24
C	28.42	16.61	-11.246	24
N	27.723	17.418	-12.068	25
CA	26.324	17.776	-11.846	25
C	25.392	16.792	-12.566	25
N	24.408	16.264	-11.838	26
CA	23.471	15.241	-12.302	26
C	22.127	15.81	-12.77	26
N	21.61	15.178	-13.829	27
CA	20.373	15.446	-14.564	27
C	19.108	15.143	-13.734	27
N	18.129	16.052	-13.765	28
CA	16.759	15.837	-13.282	28
C	15.765	16.07	-14.432	28
N	15.182	14.977	-14.933	29
CA	14.035	14.966	-15.844	29
C	12.741	14.92	-15.014	29
N	11.995	16.026	-15.008	30
CA	10.629	16.134	-14.482	30
C	9.617	15.715	-15.569	30
N	8.754	14.704	-15.351	31
CA	7.627	14.432	-16.235	31
C	6.414	15.282	-15.828	31
N	5.918	16.083	-16.77	32
CA	4.702	16.9	-16.658	32
C	3.549	16.223	-17.411	32
N	2.457	15.799	-16.747	33
CA	1.232	15.405	-17.423	33
C	0.147	16.443	-17.127	33
N	0.064	17.505	-17.93	34
CA	-1.139	18.353	-17.924	34
C	-1.547	18.91	-19.291	34
N	-0.813	18.607	-20.368	35
CA	-1.145	19.121	-21.704	35
C	-1.661	18.083	-22.712	35
N	-1.6	16.779	-22.418	36
CA	-2.001	15.747	-23.391	36
C	-3.492	15.365	-23.391	36
N	-4.318	15.922	-22.497	37
CA	-5.752	15.57	-22.428	37
C	-6.625	16.42	-23.374	37
N	-6.123	17.526	-23.935	38
CA	-6.955	18.413	-24.765	38
C	-6.847	18.215	-26.284	38
N	-5.94	17.381	-26.801	39
CA	-5.778	17.221	-28.264	39
C	-6.19	15.863	-28.836	39
N	-6.539	14.87	-28.013	40
CA	-6.874	13.521	-28.502	40
C	-8.348	13.294	-28.881	40
N	-9.223	14.292	-28.734	41
CA	-10.624	14.162	-29.171	41
C	-10.855	14.4	-30.676	41
N	-9.812	14.6	-31.494	42
CA	-9.976	14.985	-32.908	42
C	-9.301	14.079	-33.95	42
N	-8.633	12.986	-33.561	43
CA	-7.963	12.09	-34.537	43
C	-8.631	10.703	-34.649	43
N	-9.632	10.391	-33.824	44
CA	-10.409	9.154	-33.948	44
C	-11.503	9.263	-35.032	44
N	-11.133	9.492	-36.294	45
CA	-12.081	9.493	-37.421	45
C	-11.418	9.176	-38.766	45
N	-10.586	8.135	-38.889	46
CA	-10.336	7.533	-40.212	46
C	-10.158	6.003	-40.123	46
N	-10.926	5.22	-40.908	47
CA	-10.955	3.763	-40.833	47
C	-9.771	3.119	-41.57	47
N	-9.16	2.129	-40.914	48
CA	-8.146	1.233	-41.468	48
C	-8.677	0.493	-42.709	48
N	-7.989	0.636	-43.845	49
CA	-8.125	-0.258	-44.999	49
C	-6.942	-1.247	-45.044	49
N	-7.183	-2.555	-45.264	50
CA	-6.155	-3.59	-45.226	50
C	-5.503	-3.768	-46.605	50
N	-4.195	-3.522	-46.708	51
CA	-3.422	-3.77	-47.928	51
C	-2.682	-5.11	-47.849	51
N	-2.939	-5.906	-48.88	52
CA	-2.507	-7.275	-49.103	52
C	-1.004	-7.408	-49.405	52
N	-0.446	-8.521	-48.906	53
CA	0.647	-9.36	-49.442	53
C	1.32	-8.9	-50.748	53
N	2.643	-8.723	-50.702	54
CA	3.554	-9.249	-51.728	54
C	4.854	-9.731	-51.073	54
N	5.084	-11.037	-51.171	55
CA	6.236	-11.759	-50.652	55
C	7.205	-11.917	-51.831	55
N	8.246	-11.082	-51.91	56
CA	9.289	-11.199	-52.943	56
C	10.569	-11.694	-52.288	56
N	10.961	-12.878	-52.73	57
CA	12.009	-13.724	-52.199	57
C	13.305	-13.414	-52.964	57
N	14.172	-12.546	-52.437	58
CA	15.536	-12.398	-52.958	58
C	16.509	-13.18	-52.079	58
N	16.899	-14.355	-52.572	59
CA	18.015	-15.115	-52.035	59
C	19.33	-14.544	-52.551	59
N	20.145	-13.986	-51.658	60
CA	21.574	-13.772	-51.906	60
C	22.337	-14.422	-50.76	60
N	22.938	-15.575	-51.065	61
CA	23.922	-16.252	-50.221	61
C	25.182	-15.381	-50.17	61
N	25.425	-14.677	-49.068	62
CA	26.777	-14.246	-48.707	62
C	27.213	-14.982	-47.448	62
N	28.081	-15.956	-47.676	63
CA	28.888	-16.65	-46.69	63
C	30.003	-15.723	-46.213	63
N	29.765	-14.975	-45.142	64
CA	30.835	-14.388	-44.332	64
C	30.494	-14.615	-42.868	64
N	31.35	-15.392	-42.219	65
CA	31.329	-15.729	-40.804	65
C	31.503	-14.463	-39.963	65
N	30.409	-13.74	-39.709	66
CA	30.362	-12.749	-38.633	66
C	30.341	-13.506	-37.298	66
N	31.295	-13.26	-36.385	67
CA	31.255	-13.836	-35.05	67
C	29.989	-13.338	-34.346	67
N	29.216	-14.288	-33.836	68
CA	27.902	-14.092	-33.24	68
C	27.954	-13.16	-32.03	68
N	27.152	-12.102	-32.111	69
CA	26.781	-11.172	-31.049	69
C	26.364	-11.905	-29.759	69
N	27.093	-11.671	-28.665	70
CA	26.79	-12.177	-27.318	70
C	25.586	-11.488	-26.658	70
N	25.172	-10.296	-27.104	71
CA	23.976	-9.626	-26.559	71
C	22.668	-10.35	-26.911	71
N	22.607	-11.03	-28.063	72
CA	21.414	-11.789	-28.472	72
C	21.171	-13.053	-27.628	72
N	22.21	-13.58	-26.968	73
CA	22.108	-14.812	-26.187	73
C	21.413	-14.617	-24.831	73
N	21.481	-13.437	-24.201	74
CA	20.835	-13.232	-22.89	74
C	19.3	-13.259	-22.983	74
N	18.714	-12.76	-24.08	75
CA	17.249	-12.711	-24.237	75
C	16.633	-14.071	-24.54	75
N	17.24	-14.84	-25.459	76
CA	16.831	-16.235	-25.703	76
C	17.027	-17.079	-24.443	76
N	18.089	-16.837	-23.664	77
CA	18.3	-17.545	-22.397	77
C	17.225	-17.205	-21.359	77
N	16.847	-15.928	-21.171	78
CA	15.8	-15.519	-20.208	78
C	14.426	-16.121	-20.526	78
N	13.991	-16.104	-21.792	79
CA	12.71	-16.724	-22.168	79
C	12.749	-18.248	-21.982	79
N	13.867	-18.884	-22.344	80
CA	14.084	-20.315	-22.123	80
C	14.07	-20.667	-20.63	80
N	14.718	-19.86	-19.785	81
CA	14.772	-20.044	-18.337	81
C	13.386	-19.921	-17.688	81
N	12.576	-18.928	-18.086	82
CA	11.195	-18.791	-17.585	82
C	10.302	-19.962	-17.98	82
N	10.437	-20.474	-19.205	83
CA	9.685	-21.653	-19.656	83
C	10.133	-22.924	-18.924	83
N	11.437	-23.072	-18.675	84
CA	11.973	-24.149	-17.85	84
C	11.424	-24.072	-16.414	84
N	11.434	-22.887	-15.796	85
CA	10.894	-22.678	-14.452	85
C	9.381	-22.928	-14.39	85
N	8.609	-22.453	-15.372	86
CA	7.169	-22.709	-15.436	86
C	6.846	-24.209	-15.56	86
N	7.701	-24.968	-16.25	87
CA	7.58	-26.428	-16.359	87
C	7.887	-27.114	-15.026	87
N	8.888	-26.629	-14.282	88
CA	9.195	-27.091	-12.917	88
C	8.022	-26.801	-11.977	88
N	7.492	-25.576	-11.99	89
CA	6.339	-25.171	-11.177	89
C	5.108	-26.053	-11.468	89
N	4.819	-26.308	-12.751	90
CA	3.702	-27.153	-13.168	90
C	3.883	-28.617	-12.744	90
N	5.12	-29.126	-12.787	91
CA	5.445	-30.475	-12.32	91
C	5.244	-30.597	-10.811	91
N	5.705	-29.623	-10.008	92
CA	5.509	-29.68	-8.546	92
C	4.02	-29.554	-8.198	92
N	3.253	-28.789	-8.98	93
CA	1.808	-28.69	-8.797	93
C	1.092	-30.015	-9.089	93
N	1.398	-30.669	-10.213	94
CA	0.783	-31.949	-10.565	94
C	1.036	-33.018	-9.487	94
N	2.263	-33.096	-8.968	95
CA	2.608	-34.015	-7.873	95
C	1.919	-33.663	-6.549	95
N	1.626	-32.38	-6.294	96
CA	0.863	-31.935	-5.119	96
C	-0.592	-32.37	-5.165	96
N	-1.253	-32.144	-6.297	97
CA	-2.648	-32.539	-6.492	97
C	-2.818	-34.065	-6.407	97
N	-1.896	-34.845	-6.985	98
CA	-1.969	-36.316	-6.963	98
C	-1.743	-36.916	-5.568	98
N	-0.815	-36.348	-4.8	99
CA	-0.358	-36.934	-3.532	99
C	-1.073	-36.355	-2.307	99
N	-1.747	-35.211	-2.465	100
CA	-2.407	-34.481	-1.389	100
C	-1.45	-34.173	-0.236	100
N	-1.773	-34.668	0.96	101
CA	-0.948	-34.5	2.164	101
C	0.351	-35.327	2.18	101
N	0.594	-36.176	1.169	102
CA	1.706	-37.15	1.109	102
C	2.832	-36.781	0.118	102
N	2.903	-35.508	-0.29	103
CA	3.987	-34.851	-1.048	103
C	5.43	-35.27	-0.653	103
N	6.37	-35.463	-1.587	104
CA	7.842	-35.371	-1.423	104
C	8.506	-34.407	-2.445	104
N	9.051	-33.286	-1.961	105
CA	9.636	-32.225	-2.797	105
C	10.984	-32.606	-3.398	105
N	11.782	-33.34	-2.622	106
CA	13.198	-33.555	-2.905	106
C	13.395	-34.379	-4.18	106
N	12.498	-35.337	-4.427	107
CA	12.469	-36.137	-5.651	107
C	12.004	-35.354	-6.884	107
N	11.244	-34.267	-6.719	108
CA	10.72	-33.488	-7.85	108
C	11.707	-32.453	-8.394	108
N	12.543	-31.855	-7.535	109
CA	13.565	-30.874	-7.956	109
C	14.83	-31.553	-8.5	109
N	15.184	-32.759	-8.023	110
CA	16.425	-33.462	-8.423	110
C	16.47	-33.975	-9.873	110
N	15.411	-33.826	-10.674	111
CA	15.361	-34.358	-12.058	111
C	15.91	-33.373	-13.108	111
N	16.731	-32.393	-12.723	112
CA	17.425	-31.518	-13.685	112
C	18.685	-32.148	-14.303	112
N	19.132	-33.314	-13.823	113
CA	20.242	-34.067	-14.408	113
C	19.77	-35.361	-15.07	113
N	19.86	-35.437	-16.401	114
CA	19.85	-36.671	-17.223	114
C	18.554	-37.509	-17.264	114
N	17.8	-37.455	-18.378	115
CA	17.168	-38.621	-19.038	115
C	16.27	-38.21	-20.234	115
N	16.653	-38.691	-21.42	116
CA	15.851	-39.08	-22.592	116
C	14.795	-38.126	-23.192	116
N	15.114	-37.639	-24.398	117
CA	14.319	-36.735	-25.234	117
C	13.039	-37.316	-25.85	117
N	12.147	-37.923	-25.057	118
CA	10.894	-38.522	-25.575	118
C	9.601	-37.902	-25.0	118
N	9.644	-36.996	-24.01	119
CA	8.418	-36.528	-23.316	119
C	8.045	-35.032	-23.439	119
N	8.543	-34.306	-24.442	120
CA	8.225	-32.878	-24.635	120
C	6.724	-32.537	-24.851	120
N	5.895	-33.307	-25.591	121
CA	4.487	-32.925	-25.775	121
C	3.612	-33.138	-24.525	121
N	4.074	-33.917	-23.531	122
CA	3.363	-34.071	-22.249	122
C	3.57	-32.86	-21.336	122
N	4.753	-32.235	-21.326	123
CA	5.034	-31.092	-20.442	123
C	4.17	-29.877	-20.77	123
N	4.017	-29.523	-22.048	124
CA	3.28	-28.311	-22.443	124
C	1.797	-28.366	-22.053	124
N	1.18	-29.554	-22.136	125
CA	-0.209	-29.762	-21.699	125
C	-0.362	-29.585	-20.19	125
N	0.574	-30.116	-19.399	126
CA	0.57	-29.984	-17.931	126
C	0.785	-28.525	-17.529	126
N	1.743	-27.833	-18.151	127
CA	2.003	-26.406	-17.907	127
C	0.792	-25.543	-18.259	127
N	0.135	-25.812	-19.391	128
CA	-1.075	-25.082	-19.802	128
C	-2.255	-25.356	-18.865	128
N	-2.42	-26.597	-18.398	129
CA	-3.45	-26.954	-17.424	129
C	-3.219	-26.258	-16.073	129
N	-1.977	-26.252	-15.579	130
CA	-1.574	-25.555	-14.356	130
C	-1.826	-24.044	-14.433	130
N	-1.395	-23.394	-15.52	131
CA	-1.631	-21.964	-15.735	131
C	-3.129	-21.638	-15.762	131
N	-3.928	-22.473	-16.431	132
CA	-5.38	-22.335	-16.434	132
C	-5.981	-22.522	-15.036	132
N	-5.502	-23.484	-14.246	133
CA	-5.984	-23.727	-12.885	133
C	-5.684	-22.542	-11.953	133
N	-4.464	-22.003	-12.015	134
CA	-4.059	-20.796	-11.284	134
C	-4.917	-19.564	-11.623	134
N	-5.37	-19.46	-12.876	135
CA	-6.203	-18.36	-13.372	135
C	-7.703	-18.553	-13.092	135
N	-8.18	-19.802	-13.097	136
CA	-9.582	-20.183	-12.891	136
C	-9.824	-20.526	-11.426	136
N	-10.2	-19.525	-10.638	137
CA	-10.781	-19.776	-9.322	137
C	-12.255	-20.163	-9.454	137
N	-12.674	-21.3	-8.885	138
CA	-14.106	-21.586	-8.614	138
C	-14.542	-21.132	-7.22	138
N	-13.627	-20.499	-6.492	139
CA	-13.781	-20.178	-5.086	139
C	-13.315	-18.756	-4.783	139
N	-13.994	-18.129	-3.829	140
CA	-13.671	-16.812	-3.284	140
C	-13.393	-16.891	-1.776	140
N	-12.79	-15.839	-1.235	141
CA	-12.638	-15.612	0.197	141
C	-13.983	-15.165	0.806	141
N	-14.3	-15.556	2.053	142
CA	-15.634	-15.361	2.633	142
C	-15.939	-13.936	3.119	142
N	-14.963	-13.019	3.139	143
CA	-15.17	-11.653	3.651	143
C	-16.026	-10.765	2.73	143
N	-16.282	-11.218	1.504	144
CA	-17.134	-10.561	0.523	144
C	-17.975	-11.583	-0.234	144
N	-18.794	-11.1	-1.16	145
CA	-19.534	-11.952	-2.088	145
C	-19.345	-11.485	-3.532	145
N	-19.603	-12.369	-4.489	146
CA	-19.338	-12.137	-5.906	146
C	-20.605	-12.374	-6.721	146
N	-20.882	-11.487	-7.68	147
CA	-21.871	-11.7	-8.74	147
C	-21.204	-11.573	-10.111	147
N	-21.458	-12.524	-11.003	148
CA	-21.177	-12.39	-12.425	148
C	-22.477	-12.077	-13.167	148
N	-22.427	-11.087	-14.048	149
CA	-23.583	-10.491	-14.708	149
C	-23.372	-10.569	-16.22	149
N	-24.414	-10.958	-16.949	150
CA	-24.451	-10.798	-18.401	150
C	-24.604	-9.313	-18.754	150
N	-23.647	-8.789	-19.516	151
CA	-23.585	-7.379	-19.898	151
C	-24.815	-6.92	-20.685	151
N	-25.419	-7.813	-21.481	152
CA	-26.554	-7.465	-22.348	152
C	-27.873	-7.445	-21.594	152
N	-28.094	-8.436	-20.733	153
CA	-29.382	-8.615	-20.046	153
C	-29.404	-8.047	-18.628	153
N	-28.245	-7.689	-18.062	154
CA	-28.065	-7.315	-16.653	154
C	-28.533	-8.397	-15.659	154
N	-28.577	-9.66	-16.096	155
CA	-28.978	-10.799	-15.265	155
C	-27.768	-11.492	-14.661	155
N	-27.939	-12.018	-13.454	156
CA	-26.931	-12.832	-12.77	156
C	-26.738	-14.146	-13.53	156
N	-25.51	-14.427	-13.955	157
CA	-25.104	-15.688	-14.601	157
C	-24.271	-16.572	-13.67	157
N	-23.693	-15.992	-12.618	158
CA	-23.093	-16.733	-11.52	158
C	-23.088	-15.897	-10.243	158
N	-23.05	-16.555	-9.093	159
CA	-22.984	-15.896	-7.794	159
C	-22.245	-16.771	-6.781	159
N	-21.631	-16.164	-5.769	160
CA	-21.039	-16.922	-4.665	160
C	-22.109	-17.473	-3.723	160
N	-21.863	-18.644	-3.136	161
CA	-22.805	-19.356	-2.254	161
C	-23.276	-18.501	-1.057	161
N	-22.446	-17.562	-0.587	162
CA	-22.77	-16.603	0.478	162
C	-23.464	-15.309	-0.002	162
N	-23.574	-15.062	-1.313	163
CA	-24.149	-13.823	-1.843	163
C	-25.613	-13.6	-1.429	163
N	-26.495	-14.625	-1.418	164
CA	-27.866	-14.444	-0.958	164
C	-27.897	-13.95	0.484	164
N	-27.15	-14.578	1.391	165
CA	-27.097	-14.186	2.804	165
C	-26.548	-12.761	3.001	165
N	-25.48	-12.395	2.281	166
CA	-24.838	-11.083	2.427	166
C	-25.652	-9.928	1.823	166
N	-26.221	-10.112	0.626	167
CA	-26.898	-9.04	-0.121	167
C	-28.388	-8.946	0.202	167
N	-29.027	-10.087	0.429	168
CA	-30.453	-10.185	0.705	168
C	-30.602	-10.884	2.04	168
N	-30.646	-10.162	3.163	169
CA	-31.043	-10.812	4.415	169
C	-32.486	-11.307	4.254	169
N	-32.65	-12.52	3.726	170
CA	-33.739	-13.401	4.088	170
C	-33.432	-13.679	5.544	170
N	-33.94	-12.833	6.435	171
CA	-33.956	-13.16	7.844	171
C	-34.553	-14.557	7.933	171
N	-33.753	-15.562	8.296	172
CA	-34.297	-16.863	8.683	172
C	-35.329	-16.711	9.818	172
N	-35.367	-15.545	10.478	173
CA	-36.38	-15.179	11.45	173
C	-37.771	-14.886	10.849	173
N	-37.895	-14.352	9.623	174
CA	-39.198	-13.976	9.037	174
C	-39.13	-13.897	7.5	174
N	-39.785	-14.795	6.746	175
CA	-40.113	-14.546	5.347	175
C	-41.234	-13.503	5.304	175
N	-40.853	-12.237	5.152	176
CA	-41.782	-11.155	4.826	176
C	-42.628	-11.568	3.614	176
N	-43.942	-11.331	3.68	177
CA	-44.992	-11.699	2.699	177
C	-44.797	-11.074	1.297	177
N	-43.697	-10.363	1.056	178
CA	-43.298	-9.976	-0.292	178
C	-42.594	-11.131	-0.996	178
N	-42.913	-11.356	-2.272	179
CA	-42.065	-12.086	-3.221	179
C	-40.681	-11.412	-3.284	179
N	-39.841	-11.614	-2.272	180
CA	-38.452	-11.203	-2.34	180
C	-37.782	-12.204	-3.272	180
N	-37.27	-11.77	-4.437	181
CA	-36.641	-12.684	-5.369	181
C	-35.45	-13.319	-4.659	181
N	-35.524	-14.627	-4.407	182
CA	-34.361	-15.388	-3.99	182
C	-33.26	-15.127	-5.027	182
N	-32.126	-14.587	-4.579	183
CA	-30.988	-14.347	-5.451	183
C	-30.555	-15.682	-6.065	183
N	-30.624	-15.772	-7.39	184
CA	-30.251	-16.953	-8.148	184
C	-29.836	-16.596	-9.571	184
N	-29.568	-17.622	-10.374	185
CA	-29.26	-17.445	-11.796	185
C	-30.493	-16.883	-12.517	185
N	-30.288	-15.827	-13.301	186
CA	-31.326	-15.126	-14.054	186
C	-31.958	-13.934	-13.328	186
N	-31.657	-13.717	-12.041	187
CA	-32.131	-12.547	-11.282	187
C	-31.607	-11.253	-11.918	187
N	-32.482	-10.267	-12.146	188
CA	-32.074	-8.937	-12.628	188
C	-31.445	-8.153	-11.468	188
N	-30.204	-7.691	-11.642	189
CA	-29.462	-6.96	-10.606	189
C	-30.178	-5.687	-10.133	189
N	-31.036	-5.096	-10.977	190
CA	-31.838	-3.909	-10.638	190
C	-32.803	-4.159	-9.477	190
N	-33.116	-5.422	-9.19	191
CA	-34.004	-5.806	-8.085	191
C	-33.297	-5.818	-6.727	191
N	-31.964	-5.952	-6.708	192
CA	-31.168	-6.17	-5.494	192
C	-30.729	-4.874	-4.807	192
N	-30.473	-3.814	-5.574	193
CA	-29.884	-2.571	-5.068	193
C	-30.843	-1.383	-5.176	193
N	-30.593	-0.345	-4.38	194
CA	-31.355	0.911	-4.453	194
C	-31.183	1.601	-5.815	194
N	-32.15	2.431	-6.225	195
CA	-32.13	3.078	-7.543	195
C	-30.837	3.88	-7.85	195
N	-30.251	4.657	-6.909	196
CA	-28.967	5.325	-7.141	196
C	-27.815	4.338	-7.372	196
N	-27.768	3.253	-6.596	197
CA	-26.756	2.2	-6.729	197
C	-26.866	1.459	-8.062	197
N	-28.093	1.18	-8.514	198
CA	-28.358	0.602	-9.839	198
C	-27.857	1.525	-10.949	198
N	-28.092	2.837	-10.844	199
CA	-27.563	3.806	-11.812	199
C	-26.029	3.802	-11.848	199
N	-25.373	3.705	-10.684	200
CA	-23.917	3.565	-10.583	200
C	-23.388	2.318	-11.3	200
N	-23.989	1.153	-11.042	201
CA	-23.619	-0.11	-11.695	201
C	-23.907	-0.101	-13.208	201
N	-25.008	0.517	-13.645	202
CA	-25.333	0.672	-15.07	202
C	-24.326	1.548	-15.817	202
N	-23.799	2.598	-15.178	203
CA	-22.711	3.395	-15.764	203
C	-21.447	2.556	-15.968	203
N	-21.128	1.656	-15.036	204
CA	-19.997	0.737	-15.182	204
C	-20.204	-0.286	-16.312	204
N	-21.439	-0.765	-16.512	205
CA	-21.79	-1.632	-17.644	205
C	-21.528	-0.957	-19.003	205
N	-21.736	0.36	-19.114	206
CA	-21.517	1.118	-20.354	206
C	-20.088	1.632	-20.586	206
N	-19.235	1.68	-19.559	207
CA	-17.867	2.194	-19.68	207
C	-16.909	1.089	-20.133	207
N	-16.014	1.346	-21.094	208
CA	-15.042	0.346	-21.555	208
C	-14.03	-0.032	-20.455	208
N	-13.481	0.971	-19.76	209
CA	-12.599	0.794	-18.604	209
C	-13.362	1.057	-17.299	209
N	-13.518	0.011	-16.492	210
CA	-14.232	0.055	-15.208	210
C	-13.321	0.421	-14.037	210
N	-12.0	0.398	-14.233	211
CA	-11.007	0.542	-13.16	211
C	-11.11	1.901	-12.464	211
N	-11.338	2.973	-13.233	212
CA	-11.491	4.344	-12.724	212
C	-12.778	4.572	-11.917	212
N	-13.777	3.699	-12.078	213
CA	-15.04	3.766	-11.341	213
C	-14.965	3.022	-10.004	213
N	-13.94	2.192	-9.799	214
CA	-13.806	1.408	-8.584	214
C	-13.303	2.263	-7.401	214
N	-13.85	2.06	-6.19	215
CA	-15.042	1.27	-5.887	215
C	-16.333	2.086	-6.098	215
N	-17.431	1.408	-6.441	216
CA	-18.772	2.008	-6.499	216
C	-19.491	1.703	-5.186	216
N	-19.902	2.728	-4.439	217
CA	-20.694	2.521	-3.227	217
C	-22.131	2.128	-3.596	217
N	-22.552	0.938	-3.176	218
CA	-23.896	0.413	-3.421	218
C	-24.606	0.075	-2.117	218
N	-25.927	0.228	-2.098	219
CA	-26.767	-0.115	-0.953	219
C	-27.778	-1.172	-1.373	219
N	-27.851	-2.252	-0.602	220
CA	-28.829	-3.309	-0.823	220
C	-30.24	-2.778	-0.563	220
N	-31.189	-3.111	-1.438	221
CA	-32.567	-2.615	-1.358	221
C	-33.32	-3.184	-0.154	221
N	-33.031	-4.432	0.212	222
CA	-33.715	-5.163	1.289	222
C	-33.098	-4.881	2.655	222
N	-31.773	-5.002	2.783	223
CA	-31.068	-4.836	4.063	223
C	-30.569	-3.414	4.332	223
N	-30.532	-2.535	3.323	224
CA	-29.917	-1.205	3.419	224
C	-28.386	-1.209	3.529	224
N	-27.756	-2.371	3.769	225
CA	-26.321	-2.483	4.061	225
C	-25.463	-1.939	2.902	225
N	-24.458	-1.091	3.196	226
CA	-23.554	-0.551	2.192	226
C	-22.441	-1.544	1.829	226
N	-22.127	-1.623	0.538	227
CA	-21.025	-2.407	-0.011	227
C	-20.198	-1.559	-0.98	227
N	-18.886	-1.77	-0.991	228
CA	-18.06	-1.398	-2.127	228
C	-18.252	-2.463	-3.199	228
N	-18.761	-2.058	-4.357	229
CA	-18.795	-2.87	-5.56	229
C	-17.519	-2.608	-6.373	229
N	-16.679	-3.633	-6.503	230
CA	-15.46	-3.632	-7.306	230
C	-15.746	-4.399	-8.589	230
N	-15.81	-3.661	-9.685	231
CA	-16.205	-4.169	-10.989	231
C	-14.967	-4.539	-11.797	231
N	-14.967	-5.73	-12.388	232
CA	-13.956	-6.161	-13.344	232
C	-14.598	-6.86	-14.544	232
N	-14.152	-6.488	-15.745	233
CA	-14.684	-7.027	-16.997	233
C	-13.889	-8.251	-17.441	233
N	-14.608	-9.318	-17.766	234
CA	-14.078	-10.576	-18.303	234
C	-14.77	-10.85	-19.641	234
N	-14.188	-11.692	-20.493	235
CA	-14.705	-11.967	-21.84	235
C	-16.176	-12.407	-21.811	235
N	-17.078	-11.497	-22.196	236
CA	-18.524	-11.729	-22.289	236
C	-19.319	-11.564	-20.987	236
N	-18.697	-11.151	-19.879	237
CA	-19.382	-10.996	-18.589	237
C	-18.721	-9.955	-17.692	237
N	-19.524	-9.293	-16.866	238
CA	-19.044	-8.377	-15.841	238
C	-19.06	-9.073	-14.482	238
N	-17.928	-9.117	-13.791	239
CA	-17.853	-9.663	-12.438	239
C	-17.78	-8.5	-11.451	239
N	-18.564	-8.59	-10.384	240
CA	-18.662	-7.577	-9.339	240
C	-18.398	-8.239	-7.996	240
N	-17.307	-7.832	-7.36	241
CA	-16.982	-8.197	-5.987	241
C	-17.635	-7.185	-5.041	241
N	-18.36	-7.66	-4.035	242
CA	-18.989	-6.834	-3.011	242
C	-18.261	-7.017	-1.685	242
N	-17.672	-5.93	-1.197	243
CA	-17.012	-5.865	0.104	243
C	-17.864	-5.034	1.069	243
N	-18.168	-5.529	2.281	244
CA	-18.979	-4.784	3.238	244
C	-18.27	-3.49	3.659	244
N	-19.017	-2.386	3.725	245
CA	-18.508	-1.091	4.204	245
C	-18.943	-0.904	5.644	245
N	-18.003	-0.564	6.523	246
CA	-18.359	-0.224	7.901	246
C	-19.039	1.153	7.926	246
N	-20.058	1.389	8.77	247
CA	-20.845	2.629	8.74	247
C	-20.003	3.913	8.831	247
N	-18.983	3.928	9.695	248
CA	-18.076	5.072	9.863	248
C	-17.098	5.284	8.685	248
N	-17.015	4.337	7.744	249
CA	-16.16	4.402	6.55	249
C	-16.922	4.874	5.304	249
N	-18.247	5.067	5.391	250
CA	-19.076	5.495	4.257	250
C	-18.597	6.875	3.783	250
N	-18.045	6.997	2.56	251
CA	-17.504	8.263	2.093	251
C	-18.617	9.301	1.935	251
N	-18.392	10.533	2.401	252
CA	-19.27	11.663	2.052	252
C	-19.2	12.032	0.555	252
N	-18.227	11.504	-0.202	253
CA	-17.978	11.87	-1.607	253
C	-17.959	10.665	-2.547	253
N	-18.645	10.787	-3.688	254
CA	-18.92	9.707	-4.644	254
C	-17.722	9.189	-5.477	254
N	-16.512	9.736	-5.326	255
CA	-15.356	9.371	-6.154	255
C	-14.247	8.731	-5.305	255
N	-14.279	7.403	-5.151	256
CA	-13.334	6.675	-4.295	256
C	-11.859	6.862	-4.678	256
N	-11.548	7.058	-5.966	257
CA	-10.183	7.336	-6.426	257
C	-9.564	8.594	-5.781	257
N	-10.361	9.646	-5.552	258
CA	-9.877	10.892	-4.945	258
C	-9.579	10.718	-3.449	258
N	-10.364	9.889	-2.757	259
CA	-10.105	9.526	-1.364	259
C	-8.818	8.703	-1.241	259
N	-8.619	7.715	-2.116	260
CA	-7.387	6.919	-2.168	260
C	-6.154	7.778	-2.426	260
N	-6.237	8.721	-3.369	261
CA	-5.15	9.665	-3.616	261
C	-4.842	10.517	-2.377	261
N	-5.871	11.035	-1.689	262
CA	-5.694	11.815	-0.453	262
C	-4.986	11.014	0.647	262
N	-5.275	9.716	0.772	263
CA	-4.595	8.824	1.72	263
C	-3.119	8.613	1.347	263
N	-2.81	8.476	0.054	264
CA	-1.443	8.273	-0.43	264
C	-0.607	9.564	-0.514	264
N	-1.23	10.748	-0.534	265
CA	-0.562	12.016	-0.838	265
C	0.659	12.303	0.054	265
N	0.542	12.113	1.378	266
CA	1.661	12.285	2.328	266
C	2.84	11.368	1.973	266
N	2.551	10.088	1.75	267
CA	3.549	9.074	1.427	267
C	4.236	9.353	0.081	267
N	3.456	9.754	-0.93	268
CA	3.95	10.122	-2.264	268
C	4.923	11.3	-2.168	268
N	4.559	12.365	-1.447	269
CA	5.428	13.537	-1.274	269
C	6.738	13.167	-0.586	269
N	6.689	12.325	0.457	270
CA	7.9	11.86	1.143	270
C	8.811	11.086	0.196	270
N	8.261	10.14	-0.567	271
CA	9.015	9.338	-1.531	271
C	9.666	10.207	-2.62	271
N	8.929	11.192	-3.142	272
CA	9.413	12.143	-4.151	272
C	10.47	13.119	-3.618	272
N	10.502	13.355	-2.305	273
CA	11.457	14.269	-1.669	273
C	12.826	13.647	-1.375	273
N	12.977	12.331	-1.565	274
CA	14.226	11.624	-1.301	274
C	15.307	12.002	-2.329	274
N	16.574	12.153	-1.901	275
CA	17.684	12.321	-2.829	275
C	17.906	11.033	-3.634	275
N	18.275	11.182	-4.907	276
CA	18.617	10.048	-5.776	276
C	19.988	9.447	-5.449	276
N	20.223	8.215	-5.903	277
CA	21.487	7.488	-5.751	277
C	21.554	6.568	-4.532	277
N	20.425	6.289	-3.874	278
CA	20.37	5.344	-2.76	278
C	19.078	4.511	-2.795	278
N	19.173	3.324	-3.401	279
CA	18.067	2.368	-3.506	279
C	17.577	1.873	-2.135	279
N	18.473	1.689	-1.16	280
CA	18.118	1.216	0.188	280
C	17.175	2.206	0.88	280
N	17.524	3.501	0.894	281
CA	16.677	4.559	1.478	281
C	15.309	4.663	0.809	281
N	15.256	4.453	-0.508	282
CA	14.006	4.438	-1.264	282
C	13.118	3.265	-0.816	282
N	13.698	2.07	-0.671	283
CA	12.996	0.869	-0.216	283
C	12.544	0.981	1.247	283
N	13.403	1.477	2.139	284
CA	13.083	1.707	3.553	284
C	11.909	2.673	3.715	284
N	11.905	3.762	2.941	285
CA	10.813	4.74	2.979	285
C	9.509	4.129	2.473	285
N	9.543	3.364	1.376	286
CA	8.358	2.671	0.857	286
C	7.771	1.699	1.888	286
N	8.632	0.903	2.52	287
CA	8.25	-0.059	3.554	287
C	7.652	0.649	4.774	287
N	8.251	1.755	5.225	288
CA	7.721	2.561	6.326	288
C	6.338	3.148	6.003	288
N	6.157	3.748	4.826	289
CA	4.88	4.37	4.456	289
C	3.761	3.331	4.309	289
N	4.05	2.162	3.726	290
CA	3.074	1.063	3.66	290
C	2.775	0.502	5.053	290
N	3.753	0.448	5.958	291
CA	3.528	0.049	7.348	291
C	2.603	1.024	8.087	291
N	2.82	2.337	7.951	292
CA	1.962	3.378	8.54	292
C	0.543	3.371	7.948	292
N	0.415	3.225	6.624	293
CA	-0.88	3.21	5.938	293
C	-1.682	1.958	6.261	293
N	-1.036	0.796	6.191	294
CA	-1.75	-0.469	6.284	294
C	-1.904	-0.908	7.722	294
N	-0.893	-0.783	8.589	295
CA	-0.898	-1.247	9.983	295
C	-0.681	-2.758	10.172	295
N	-0.082	-3.435	9.186	296
CA	0.343	-4.841	9.283	296
C	1.468	-5.033	10.313	296
N	1.644	-6.258	10.813	297
CA	2.72	-6.573	11.761	297
C	4.117	-6.535	11.121	297
N	4.217	-6.831	9.823	298
CA	5.457	-6.83	9.036	298
C	5.187	-6.254	7.653	298
N	6.079	-5.402	7.159	299
CA	6.115	-4.956	5.76	299
C	7.54	-5.092	5.243	299
N	7.697	-5.609	4.03	300
CA	9.0	-5.871	3.431	300
C	9.015	-5.576	1.932	300
N	10.151	-5.098	1.43	301
CA	10.433	-4.982	0.006	301
C	11.208	-6.222	-0.45	301
N	10.656	-6.921	-1.435	302
CA	11.154	-8.183	-1.96	302
C	11.572	-8.005	-3.424	302
N	12.861	-8.15	-3.73	303
CA	13.448	-7.938	-5.062	303
C	13.665	-9.268	-5.776	303
N	13.35	-9.34	-7.07	304
CA	13.708	-10.487	-7.912	304
C	15.067	-10.28	-8.59	304
N	15.904	-11.314	-8.562	305
CA	17.197	-11.367	-9.246	305
C	17.086	-11.993	-10.643	305
N	18.198	-12.05	-11.377	306
CA	18.217	-12.507	-12.775	306
C	17.89	-13.994	-12.954	306
N	18.297	-14.818	-11.998	307
CA	17.979	-16.242	-11.857	307
C	16.607	-16.478	-11.193	307
N	15.773	-15.436	-11.131	308
CA	14.401	-15.441	-10.631	308
C	14.24	-15.768	-9.131	308
N	15.304	-16.022	-8.362	309
CA	15.201	-16.043	-6.899	309
C	14.876	-14.633	-6.382	309
N	14.422	-14.518	-5.138	310
CA	14.166	-13.203	-4.568	310
C	14.685	-13.004	-3.16	310
N	14.885	-11.739	-2.827	311
CA	15.61	-11.264	-1.654	311
C	14.792	-10.196	-0.931	311
N	14.758	-10.253	0.4	312
CA	14.202	-9.171	1.221	312
C	15.256	-8.084	1.426	312
N	15.098	-6.958	0.735	313
CA	16.075	-5.854	0.724	313
C	15.752	-4.73	1.717	313
N	14.503	-4.637	2.176	314
CA	14.082	-3.71	3.226	314
C	12.942	-4.334	4.032	314
N	12.887	-4.058	5.332	315
CA	11.895	-4.635	6.237	315
C	11.613	-3.706	7.421	315
N	10.347	-3.651	7.829	316
CA	9.91	-3.086	9.102	316
C	8.951	-4.066	9.777	316
N	9.137	-4.285	11.076	317
CA	8.302	-5.193	11.865	317
C	7.841	-4.533	13.152	317
N	6.725	-5.015	13.694	318
CA	6.409	-4.81	15.104	318
C	7.454	-5.514	15.985	318
N	7.668	-5.033	17.222	319
CA	8.582	-5.675	18.16	319
C	8.189	-7.135	18.428	319
N	9.175	-8.036	18.458	320
CA	8.99	-9.45	18.816	320
C	8.908	-10.437	17.646	320
N	8.928	-9.971	16.393	321
CA	8.989	-10.841	15.213	321
C	10.434	-11.103	14.767	321
N	10.696	-12.303	14.242	322
CA	12.0	-12.649	13.662	322
C	12.233	-11.889	12.34	322
N	13.39	-11.219	12.163	323
CA	13.68	-10.426	10.971	323
C	13.997	-11.307	9.757	323
N	13.458	-10.933	8.598	324
CA	13.74	-11.545	7.298	324
C	14.652	-10.7	6.408	324
N	15.039	-9.497	6.836	325
CA	15.98	-8.649	6.108	325
C	17.254	-9.414	5.698	325
N	17.575	-9.359	4.404	326
CA	18.697	-10.042	3.76	326
C	18.462	-11.523	3.445	326
N	17.258	-12.067	3.676	327
CA	16.957	-13.46	3.343	327
C	16.625	-13.64	1.863	327
N	17.31	-14.598	1.245	328
CA	17.047	-15.083	-0.102	328
C	16.1	-16.286	-0.081	328
N	15.254	-16.361	-1.102	329
CA	14.243	-17.389	-1.306	329
C	14.265	-17.834	-2.773	329
N	14.15	-19.138	-3.067	330
CA	14.246	-19.643	-4.429	330
C	13.047	-19.244	-5.289	330
N	13.253	-19.277	-6.606	331
CA	12.253	-18.882	-7.593	331
C	10.915	-19.64	-7.473	331
N	10.948	-20.887	-6.989	332
CA	9.781	-21.767	-6.801	332
C	8.792	-21.261	-5.751	332
N	9.238	-20.451	-4.784	333
CA	8.367	-19.929	-3.719	333
C	7.355	-18.907	-4.273	333
N	7.715	-18.22	-5.367	334
CA	6.818	-17.352	-6.137	334
C	6.791	-17.84	-7.594	334
N	5.901	-18.799	-7.922	335
CA	5.819	-19.406	-9.247	335
C	5.623	-18.392	-10.376	335
N	6.067	-18.74	-11.583	336
CA	5.961	-17.872	-12.765	336
C	4.504	-17.495	-13.09	336
N	3.556	-18.399	-12.821	337
CA	2.119	-18.144	-12.943	337
C	1.653	-16.987	-12.037	337
N	2.126	-16.961	-10.788	338
CA	1.831	-15.898	-9.825	338
C	2.467	-14.576	-10.245	338
N	3.708	-14.598	-10.751	339
CA	4.377	-13.396	-11.288	339
C	3.609	-12.793	-12.462	339
N	3.074	-13.631	-13.351	340
CA	2.21	-13.177	-14.44	340
C	0.929	-12.518	-13.912	340
N	0.289	-13.118	-12.903	341
CA	-0.88	-12.524	-12.254	341
C	-0.554	-11.183	-11.589	341
N	0.603	-11.03	-10.939	342
CA	1.014	-9.765	-10.314	342
C	1.255	-8.628	-11.311	342
N	1.671	-8.936	-12.547	343
CA	1.762	-7.917	-13.608	343
C	0.383	-7.402	-14.015	343
N	-0.614	-8.291	-14.067	344
CA	-1.994	-7.935	-14.43	344
C	-2.748	-7.273	-13.273	344
N	-2.64	-7.851	-12.081	345
CA	-3.268	-7.386	-10.855	345
C	-2.192	-6.988	-9.854	345
N	-2.014	-5.679	-9.697	346
CA	-0.921	-5.108	-8.908	346
C	-1.141	-5.191	-7.4	346
N	-2.333	-5.584	-6.951	347
CA	-2.664	-5.73	-5.531	347
C	-3.325	-7.075	-5.275	347
N	-2.86	-7.778	-4.242	348
CA	-3.439	-9.042	-3.787	348
C	-3.554	-9.057	-2.271	348
N	-4.766	-9.251	-1.754	349
CA	-5.021	-9.4	-0.32	349
C	-5.54	-10.805	-0.003	349
N	-5.029	-11.379	1.079	350
CA	-5.518	-12.59	1.729	350
C	-5.836	-12.198	3.169	350
N	-7.117	-12.223	3.536	351
CA	-7.566	-11.758	4.863	351
C	-7.256	-12.786	5.939	351
N	-7.466	-14.055	5.609	352
CA	-7.258	-15.194	6.488	352
C	-6.986	-16.431	5.622	352
N	-5.797	-17.018	5.757	353
CA	-5.417	-18.23	5.031	353
C	-6.11	-19.507	5.541	353
N	-6.704	-19.486	6.739	354
CA	-7.448	-20.609	7.316	354
C	-8.952	-20.545	7.035	354
N	-9.442	-19.418	6.518	355
CA	-10.857	-19.236	6.256	355
C	-11.366	-20.208	5.181	355
N	-12.515	-20.838	5.449	356
CA	-13.164	-21.74	4.495	356
C	-13.6	-20.955	3.256	356
N	-13.083	-21.348	2.096	357
CA	-13.435	-20.713	0.832	357
C	-14.908	-20.94	0.462	357
N	-15.48	-19.987	-0.271	358
CA	-16.874	-20.009	-0.727	358
C	-16.917	-20.345	-2.21	358
N	-17.79	-21.271	-2.614	359
CA	-17.927	-21.672	-4.02	359
C	-18.7	-20.634	-4.825	359
N	-18.347	-20.508	-6.099	360
CA	-19.113	-19.753	-7.094	360
C	-19.998	-20.725	-7.87	360
N	-21.307	-20.493	-7.825	361
CA	-22.323	-21.243	-8.553	361
C	-22.589	-20.525	-9.878	361
N	-22.362	-21.202	-11.002	362
CA	-22.51	-20.645	-12.352	362
C	-23.65	-21.326	-13.116	362
N	-24.255	-20.615	-14.07	363
CA	-25.253	-21.174	-14.987	363
C	-24.651	-22.339	-15.786	363
N	-25.321	-23.493	-15.784	364
CA	-24.922	-24.675	-16.559	364
C	-24.859	-24.398	-18.071	364
N	-25.533	-23.342	-18.547	365
CA	-25.496	-22.906	-19.951	365
C	-24.18	-22.233	-20.351	365
N	-23.352	-21.802	-19.396	366
CA	-22.039	-21.228	-19.689	366
C	-21.115	-22.312	-20.255	366
N	-20.601	-22.095	-21.469	367
CA	-19.699	-23.051	-22.13	367
C	-18.288	-23.089	-21.526	367
N	-17.955	-22.132	-20.662	368
CA	-16.647	-22.009	-20.04	368
C	-16.782	-21.606	-18.573	368
N	-15.841	-22.079	-17.759	369
CA	-15.718	-21.664	-16.365	369
C	-15.29	-20.191	-16.267	369
N	-15.861	-19.473	-15.299	370
CA	-15.507	-18.082	-15.013	370
C	-14.03	-17.923	-14.625	370
N	-13.418	-16.847	-15.122	371
CA	-12.012	-16.524	-14.879	371
C	-11.932	-15.403	-13.841	371
N	-11.634	-15.76	-12.591	372
CA	-11.558	-14.819	-11.463	372
C	-10.218	-14.078	-11.355	372
N	-9.439	-14.008	-12.436	373
CA	-8.129	-13.356	-12.426	373
C	-8.199	-11.922	-11.904	373
N	-9.236	-11.158	-12.27	374
CA	-9.434	-9.757	-11.875	374
C	-10.087	-9.554	-10.503	374
N	-10.602	-10.617	-9.88	375
CA	-11.359	-10.517	-8.629	375
C	-10.438	-10.263	-7.435	375
N	-10.799	-9.29	-6.595	376
CA	-10.149	-9.05	-5.296	376
C	-10.451	-10.185	-4.319	376
N	-11.603	-10.844	-4.484	377
CA	-12.095	-11.912	-3.617	377
C	-11.581	-13.303	-3.987	377
N	-10.924	-13.504	-5.138	378
CA	-10.412	-14.826	-5.564	378
C	-9.699	-15.555	-4.415	378
N	-10.03	-16.819	-4.153	379
CA	-9.406	-17.602	-3.081	379
C	-7.892	-17.821	-3.31	379
N	-7.063	-17.871	-2.249	380
CA	-5.67	-18.292	-2.369	380
C	-5.563	-19.765	-2.788	380
N	-4.478	-20.104	-3.488	381
CA	-4.169	-21.494	-3.821	381
C	-3.819	-22.274	-2.542	381
N	-4.24	-23.538	-2.439	382
CA	-4.058	-24.4	-1.253	382
C	-2.598	-24.474	-0.786	382
N	-1.671	-24.748	-1.709	383
CA	-0.23	-24.731	-1.435	383
C	0.258	-23.391	-0.845	383
N	-0.266	-22.252	-1.31	384
CA	0.143	-20.941	-0.798	384
C	-0.485	-20.631	0.567	384
N	-1.737	-21.036	0.798	385
CA	-2.37	-20.916	2.111	385
C	-1.592	-21.701	3.181	385
N	-1.131	-22.909	2.848	386
CA	-0.295	-23.698	3.749	386
C	1.127	-23.107	3.901	386
N	1.68	-22.447	2.873	387
CA	2.948	-21.7	2.975	387
C	2.852	-20.569	3.989	387
N	1.781	-19.786	3.893	388
CA	1.471	-18.714	4.83	388
C	1.302	-19.233	6.262	388
N	0.57	-20.34	6.432	389
CA	0.376	-20.983	7.728	389
C	1.703	-21.422	8.366	389
N	2.622	-21.995	7.585	390
CA	3.922	-22.43	8.103	390
C	4.886	-21.267	8.397	390
N	4.615	-20.083	7.844	391
CA	5.357	-18.845	8.106	391
C	4.788	-18.063	9.301	391
N	3.758	-18.594	9.97	392
CA	2.982	-17.907	11.009	392
C	2.38	-16.562	10.537	392
N	2.044	-16.465	9.245	393
CA	1.437	-15.279	8.633	393
C	0.004	-15.569	8.189	393
N	-0.975	-15.29	9.05	394
CA	-2.393	-15.583	8.787	394
C	-2.985	-14.69	7.684	394
N	-2.624	-13.403	7.65	395
CA	-3.08	-12.458	6.627	395
C	-1.908	-11.903	5.81	395
N	-2.149	-11.597	4.534	396
CA	-1.138	-11.048	3.628	396
C	-1.713	-9.983	2.693	396
N	-0.944	-8.929	2.43	397
CA	-1.216	-7.941	1.385	397
C	0.044	-7.778	0.537	397
N	-0.082	-7.908	-0.778	398
CA	1.04	-7.844	-1.717	398
C	0.777	-6.766	-2.757	398
N	1.765	-5.898	-2.968	399
CA	1.783	-4.841	-3.977	399
C	2.882	-5.147	-5.002	399
N	2.542	-5.186	-6.285	400
CA	3.49	-5.469	-7.354	400
C	4.252	-4.209	-7.781	400
N	5.58	-4.307	-7.86	401
CA	6.453	-3.227	-8.336	401
C	6.866	-3.545	-9.769	401
N	6.179	-2.912	-10.719	402
CA	6.358	-3.14	-12.157	402
C	7.092	-1.956	-12.77	402
N	8.268	-2.224	-13.325	403
CA	9.144	-1.245	-13.967	403
C	9.069	-1.439	-15.479	403
N	9.075	-0.342	-16.229	404
CA	9.121	-0.402	-17.685	404
C	10.548	-0.702	-18.132	404
N	10.714	-1.717	-18.975	405
CA	11.983	-1.96	-19.648	405
C	12.0	-1.144	-20.947	405
N	12.973	-0.239	-21.078	406
CA	13.224	0.512	-22.312	406
C	14.257	-0.206	-23.189	406
N	14.447	-1.527	-23.065	407
CA	15.354	-2.215	-23.981	407
C	14.804	-2.104	-25.42	407
N	15.283	-1.089	-26.138	408
CA	15.205	-0.953	-27.582	408
C	15.925	-2.164	-28.217	408
N	15.711	-2.372	-29.505	409
CA	16.432	-3.34	-30.337	409
C	16.036	-4.809	-30.219	409
N	15.167	-5.219	-31.136	410
CA	15.013	-6.611	-31.521	410
C	14.092	-6.741	-32.718	410
N	14.564	-6.311	-33.896	411
CA	14.313	-6.767	-35.289	411
C	12.916	-7.26	-35.734	411
N	11.882	-7.116	-34.915	412
CA	10.506	-7.231	-35.366	412
C	10.141	-5.902	-35.998	412
N	10.231	-5.842	-37.327	413
CA	9.605	-4.846	-38.218	413
C	8.06	-4.757	-38.061	413
N	7.516	-5.19	-36.923	414
CA	6.108	-5.211	-36.596	414
C	5.803	-4.122	-35.558	414
N	5.391	-2.957	-36.064	415
CA	4.463	-2.003	-35.43	415
C	4.752	-1.677	-33.954	415
N	5.5	-0.588	-33.758	416
CA	5.669	0.157	-32.504	416
C	6.494	-0.553	-31.407	416
N	7.483	0.133	-30.8	417
CA	8.215	-0.389	-29.651	417
C	7.238	-0.57	-28.482	417
N	6.704	-1.779	-28.306	418
CA	5.93	-2.115	-27.118	418
C	6.897	-2.186	-25.936	418
N	7.014	-1.078	-25.191	419
CA	7.656	-1.04	-23.869	419
C	7.155	-2.22	-23.048	419
N	8.044	-3.159	-22.735	420
CA	7.661	-4.392	-22.052	420
C	7.748	-4.159	-20.547	420
N	6.662	-4.434	-19.837	421
CA	6.608	-4.324	-18.379	421
C	7.369	-5.483	-17.703	421
N	8.321	-5.156	-16.822	422
CA	9.092	-6.102	-16.004	422
C	8.639	-6.025	-14.545	422
N	8.386	-7.181	-13.929	423
CA	8.138	-7.259	-12.483	423
C	9.493	-7.21	-11.765	423
N	9.823	-6.076	-11.148	424
CA	11.088	-5.871	-10.431	424
C	11.07	-6.533	-9.052	424
N	9.919	-6.48	-8.385	425
CA	9.767	-6.972	-7.027	425
C	8.342	-6.833	-6.513	425
N	8.175	-7.079	-5.221	426
CA	6.918	-6.991	-4.491	426
C	7.136	-6.218	-3.186	426
N	6.153	-5.429	-2.764	427
CA	6.045	-4.981	-1.37	427
C	5.035	-5.889	-0.686	427
N	5.488	-6.642	0.309	428
CA	4.723	-7.707	0.959	428
C	4.463	-7.327	2.409	428
N	3.214	-7.434	2.842	429
CA	2.783	-7.19	4.208	429
C	2.274	-8.497	4.822	429
N	2.754	-8.865	6.01	430
CA	2.36	-10.073	6.747	430
C	1.794	-9.727	8.123	430
N	0.761	-10.456	8.538	431
CA	0.104	-10.264	9.825	431
C	-0.116	-11.607	10.514	431
N	0.133	-11.645	11.817	432
CA	-0.005	-12.848	12.655	432
C	-1.46	-13.23	12.929	432
N	-2.405	-12.326	12.667	433
CA	-3.854	-12.52	12.851	433
C	-4.629	-12.136	11.588	433
N	-5.885	-12.604	11.412	434
CA	-6.729	-12.189	10.298	434
C	-6.813	-10.67	10.183	434
N	-6.659	-10.147	8.966	435
CA	-6.604	-8.7	8.757	435
C	-7.192	-8.281	7.426	435
N	-8.094	-7.312	7.494	436
CA	-8.766	-6.734	6.341	436
C	-8.346	-5.274	6.158	436
N	-7.98	-4.906	4.929	437
CA	-7.704	-3.52	4.528	437
C	-8.79	-3.081	3.55	437
N	-9.562	-2.014	3.826	438
CA	-10.613	-1.538	2.926	438
C	-10.093	-1.161	1.534	438
N	-10.923	-1.335	0.499	439
CA	-10.534	-1.076	-0.894	439
C	-9.885	0.303	-1.123	439
N	-10.418	1.433	-0.604	440
CA	-9.801	2.741	-0.834	440
C	-8.354	2.835	-0.339	440
N	-8.027	2.154	0.761	441
CA	-6.677	2.121	1.315	441
C	-5.766	1.18	0.512	441
N	-6.287	0.048	0.018	442
CA	-5.545	-0.826	-0.912	442
C	-5.184	-0.099	-2.207	442
N	-6.116	0.684	-2.744	443
CA	-5.894	1.492	-3.941	443
C	-4.917	2.654	-3.683	443
N	-4.918	3.237	-2.476	444
CA	-3.9	4.208	-2.06	444
C	-2.488	3.59	-2.047	444
N	-2.353	2.377	-1.504	445
CA	-1.1	1.626	-1.537	445
C	-0.671	1.267	-2.968	445
N	-1.618	0.971	-3.864	446
CA	-1.328	0.756	-5.285	446
C	-0.718	2.002	-5.935	446
N	-1.316	3.182	-5.729	447
CA	-0.759	4.44	-6.234	447
C	0.654	4.686	-5.713	447
N	0.872	4.479	-4.413	448
CA	2.193	4.62	-3.812	448
C	3.208	3.653	-4.446	448
N	2.825	2.393	-4.676	449
CA	3.672	1.398	-5.334	449
C	4.002	1.76	-6.793	449
N	3.08	2.398	-7.521	450
CA	3.348	2.905	-8.872	450
C	4.357	4.061	-8.854	450
N	4.212	5.016	-7.928	451
CA	5.189	6.108	-7.76	451
C	6.553	5.553	-7.345	451
N	6.578	4.543	-6.477	452
CA	7.794	3.823	-6.113	452
C	8.447	3.151	-7.319	452
N	7.682	2.46	-8.167	453
CA	8.214	1.832	-9.374	453
C	8.871	2.838	-10.338	453
N	8.32	4.051	-10.459	454
CA	8.934	5.131	-11.251	454
C	10.281	5.566	-10.661	454
N	10.393	5.696	-9.336	455
CA	11.67	6.038	-8.697	455
C	12.682	4.894	-8.78	455
N	12.248	3.643	-8.613	456
CA	13.103	2.465	-8.819	456
C	13.655	2.449	-10.244	456
N	12.824	2.73	-11.256	457
CA	13.304	2.861	-12.634	457
C	14.381	3.943	-12.754	457
N	14.147	5.118	-12.16	458
CA	15.108	6.224	-12.176	458
C	16.452	5.807	-11.572	458
N	16.45	5.092	-10.449	459
CA	17.675	4.593	-9.808	459
C	18.391	3.529	-10.658	459
N	17.654	2.658	-11.353	460
CA	18.242	1.68	-12.284	460
C	18.907	2.382	-13.48	460
N	18.243	3.38	-14.066	461
CA	18.788	4.178	-15.175	461
C	20.092	4.879	-14.773	461
N	20.122	5.366	-13.54	462
CA	21.272	6.004	-12.93	462
C	22.455	5.044	-12.754	462
N	22.182	3.812	-12.318	463
CA	23.181	2.747	-12.258	463
C	23.719	2.413	-13.655	463
N	22.859	2.345	-14.678	464
CA	23.295	2.152	-16.065	464
C	24.2	3.288	-16.552	464
N	23.867	4.548	-16.263	465
CA	24.72	5.697	-16.598	465
C	26.079	5.643	-15.886	465
N	26.112	5.199	-14.624	466
CA	27.371	4.976	-13.902	466
C	28.187	3.868	-14.579	466
N	27.547	2.77	-14.988	467
CA	28.2	1.667	-15.704	467
C	28.761	2.158	-17.044	467
N	27.994	2.91	-17.83	468
CA	28.435	3.482	-19.108	468
C	29.62	4.44	-18.929	468
N	29.553	5.329	-17.933	469
CA	30.673	6.211	-17.585	469
C	31.916	5.418	-17.184	469
N	31.745	4.311	-16.461	470
CA	32.851	3.424	-16.117	470
C	33.428	2.758	-17.371	470
N	32.597	2.28	-18.303	471
CA	33.039	1.726	-19.594	471
C	33.889	2.745	-20.362	471
N	33.406	3.981	-20.518	472
CA	34.13	5.046	-21.223	472
C	35.444	5.413	-20.528	472
N	35.431	5.518	-19.193	473
CA	36.649	5.738	-18.403	473
C	37.647	4.607	-18.628	473
N	37.183	3.364	-18.598	474
CA	38.001	2.17	-18.801	474
C	38.598	2.149	-20.211	474
N	37.833	2.488	-21.256	475
CA	38.339	2.633	-22.631	475
C	39.393	3.745	-22.763	475
N	39.147	4.914	-22.165	476
CA	40.103	6.02	-22.171	476
C	41.404	5.649	-21.442	476
N	41.289	4.929	-20.324	477
CA	42.431	4.424	-19.572	477
C	43.242	3.411	-20.385	477
N	42.557	2.5	-21.081	478
CA	43.158	1.525	-21.988	478
C	44.031	2.224	-23.043	478
N	43.536	3.32	-23.632	479
CA	44.276	4.13	-24.606	479
C	45.497	4.842	-24.001	479
N	45.451	5.239	-22.724	480
CA	46.609	5.851	-22.057	480
C	47.68	4.82	-21.694	480
N	47.279	3.625	-21.239	481
CA	48.187	2.506	-20.947	481
C	49.003	2.065	-22.179	481
N	48.532	2.376	-23.394	482
CA	49.25	2.132	-24.652	482
C	50.599	2.842	-24.751	482
N	50.736	4.048	-24.176	483
CA	51.868	4.938	-24.49	483
C	53.222	4.373	-24.056	483
N	53.237	3.502	-23.043	484
CA	54.461	2.974	-22.423	484
C	54.428	1.439	-22.216	484
N	53.566	0.715	-22.943	485
CA	53.529	-0.751	-22.915	485
C	54.841	-1.368	-23.472	485
N	55.308	-2.534	-22.97	486
CA	54.597	-3.441	-22.07	486
C	54.866	-3.214	-20.579	486
N	55.987	-2.593	-20.195	487
CA	56.362	-2.441	-18.78	487
C	55.609	-1.294	-18.09	487
N	55.278	-0.227	-18.825	488
CA	54.57	0.951	-18.316	488
C	53.224	0.627	-17.68	488
N	52.554	-0.433	-18.148	489
CA	51.266	-0.876	-17.598	489
C	51.364	-1.293	-16.12	489
N	52.563	-1.67	-15.657	490
CA	52.825	-2.08	-14.271	490
C	53.632	-1.026	-13.511	490
N	54.52	-0.293	-14.188	491
CA	55.429	0.652	-13.532	491
C	54.877	2.067	-13.374	491
N	53.903	2.477	-14.188	492
CA	53.419	3.861	-14.221	492
C	52.034	4.052	-13.586	492
N	51.554	5.297	-13.567	493
CA	50.209	5.657	-13.12	493
C	49.531	6.464	-14.231	493
N	48.397	6.006	-14.782	494
CA	47.625	4.842	-14.343	494
C	48.283	3.499	-14.689	494
N	47.982	2.462	-13.908	495
CA	48.423	1.082	-14.159	495
C	47.23	0.14	-14.406	495
N	47.514	-1.143	-14.644	496
CA	46.503	-2.189	-14.879	496
C	45.47	-2.365	-13.752	496
N	45.751	-1.931	-12.517	497
CA	44.782	-1.954	-11.408	497
C	43.73	-0.853	-11.527	497
N	44.049	0.244	-12.213	498
CA	43.101	1.339	-12.413	498
C	42.047	0.982	-13.476	498
N	42.331	-0.036	-14.304	499
CA	41.459	-0.511	-15.381	499
C	40.241	-1.27	-14.847	499
N	40.45	-2.086	-13.814	500
CA	39.459	-3.006	-13.248	500
C	39.538	-2.954	-11.732	500
N	38.4	-2.984	-11.029	501
CA	38.424	-2.956	-9.562	501
C	38.956	-4.289	-9.019	501
N	40.198	-4.3	-8.551	502
CA	40.873	-5.465	-7.973	502
C	41.807	-5.063	-6.819	502
N	42.308	-6.05	-6.069	503
CA	43.188	-5.832	-4.908	503
C	44.668	-6.013	-5.249	503
N	44.967	-6.778	-6.302	504
CA	46.296	-6.831	-6.895	504
C	46.299	-7.298	-8.343	504
N	47.446	-7.14	-8.991	505
CA	47.677	-7.545	-10.366	505
C	49.132	-7.981	-10.567	505
N	49.378	-8.872	-11.523	506
CA	50.72	-9.344	-11.836	506
C	50.946	-9.51	-13.34	506
N	52.185	-9.299	-13.776	507
CA	52.638	-9.515	-15.148	507
C	53.82	-10.481	-15.138	507
N	53.699	-11.581	-15.872	508
CA	54.826	-12.431	-16.241	508
C	55.307	-11.95	-17.605	508
N	56.506	-11.372	-17.653	509
CA	57.144	-10.945	-18.897	509
C	58.603	-11.389	-18.93	509
N	59.024	-12.072	-20.004	510
CA	60.416	-12.549	-20.187	510
C	60.952	-13.322	-18.972	510
N	60.138	-14.234	-18.438	511
CA	60.434	-15.046	-17.249	511
C	60.649	-14.249	-15.94	511
N	60.365	-12.942	-15.918	512
CA	60.308	-12.121	-14.701	512
C	58.856	-11.875	-14.309	512
N	58.596	-11.825	-13.005	513
CA	57.262	-11.569	-12.454	513
C	57.238	-10.189	-11.814	513
N	56.312	-9.354	-12.261	514
CA	56.036	-8.039	-11.699	514
C	54.718	-8.095	-10.938	514
N	54.675	-7.52	-9.734	515
CA	53.531	-7.599	-8.813	515
C	53.107	-6.2	-8.374	515
N	51.8	-5.962	-8.336	516
CA	51.143	-4.74	-7.874	516
C	50.054	-5.095	-6.865	516
N	50.002	-4.391	-5.736	517
CA	48.981	-4.626	-4.712	517
C	49.059	-6.019	-4.072	517
N	47.897	-6.559	-3.71	518
CA	47.724	-7.849	-3.033	518
C	47.761	-8.984	-4.054	518
N	48.887	-9.686	-4.11	519
CA	49.133	-10.766	-5.076	519
C	49.704	-11.993	-4.372	519
N	49.55	-13.202	-4.946	520
CA	50.279	-14.371	-4.473	520
C	51.797	-14.16	-4.564	520
N	52.564	-14.989	-3.858	521
CA	54.025	-14.971	-3.98	521
C	54.474	-15.347	-5.4	521
N	55.671	-14.919	-5.817	522
CA	56.192	-15.237	-7.158	522
C	56.175	-16.748	-7.498	522
N	56.547	-17.676	-6.59	523
CA	56.411	-19.113	-6.837	523
C	54.959	-19.546	-7.081	523
N	54.007	-19.019	-6.303	524
CA	52.578	-19.323	-6.452	524
C	52.013	-18.773	-7.767	524
N	52.422	-17.573	-8.194	525
CA	52.025	-17.019	-9.502	525
C	52.515	-17.925	-10.641	525
N	53.741	-18.456	-10.542	526
CA	54.283	-19.403	-11.532	526
C	53.536	-20.736	-11.527	526
N	53.118	-21.211	-10.36	527
CA	52.295	-22.414	-10.219	527
C	50.908	-22.236	-10.854	527
N	50.252	-21.096	-10.617	528
CA	48.982	-20.736	-11.265	528
C	49.154	-20.675	-12.791	528
N	50.235	-20.055	-13.271	529
CA	50.567	-19.987	-14.693	529
C	50.767	-21.376	-15.332	529
N	51.392	-22.312	-14.611	530
CA	51.537	-23.707	-15.034	530
C	50.18	-24.414	-15.073	530
N	49.367	-24.282	-14.021	531
CA	48.019	-24.856	-13.95	531
C	47.118	-24.38	-15.103	531
N	47.102	-23.076	-15.401	532
CA	46.381	-22.533	-16.562	532
C	46.909	-23.081	-17.896	532
N	48.208	-23.37	-17.98	533
CA	48.834	-23.957	-19.172	533
C	48.687	-25.48	-19.247	533
N	48.174	-26.146	-18.219	534
CA	47.923	-27.59	-18.244	534
C	46.434	-27.88	-18.475	534
N	45.548	-27.162	-17.775	535
CA	44.104	-27.429	-17.769	535
C	43.281	-26.482	-18.658	535
N	43.828	-25.325	-19.051	536
CA	43.107	-24.281	-19.799	536
C	43.848	-23.828	-21.072	536
N	44.498	-24.762	-21.776	537
CA	45.318	-24.479	-22.968	537
C	44.574	-23.771	-24.104	537
N	43.306	-24.119	-24.32	538
CA	42.504	-23.585	-25.425	538
C	41.943	-22.182	-25.138	538
N	42.05	-21.695	-23.893	539
CA	41.509	-20.393	-23.507	539
C	42.575	-19.305	-23.483	539
N	42.28	-18.19	-24.147	540
CA	43.114	-16.988	-24.107	540
C	42.907	-16.199	-22.813	540
N	41.76	-16.349	-22.146	541
CA	41.462	-15.707	-20.868	541
C	40.666	-16.607	-19.926	541
N	40.86	-16.443	-18.624	542
CA	40.157	-17.219	-17.603	542
C	39.78	-16.316	-16.434	542
N	38.514	-16.351	-16.015	543
CA	38.024	-15.659	-14.824	543
C	37.324	-16.622	-13.872	543
N	37.57	-16.427	-12.583	544
CA	36.901	-17.132	-11.492	544
C	36.787	-16.216	-10.275	544
N	35.717	-16.377	-9.508	545
CA	35.525	-15.801	-8.177	545
C	36.064	-16.722	-7.063	545
N	36.261	-18.019	-7.346	546
CA	36.929	-18.993	-6.472	546
C	37.984	-19.819	-7.211	546
N	39.252	-19.667	-6.837	547
CA	40.321	-20.57	-7.27	547
C	40.118	-21.997	-6.738	547
N	39.468	-22.147	-5.58	548
CA	39.166	-23.455	-5.003	548
C	38.127	-24.206	-5.845	548
N	36.985	-23.579	-6.157	549
CA	35.942	-24.212	-6.985	549
C	36.383	-24.392	-8.446	549
N	37.292	-23.539	-8.933	550
CA	37.921	-23.702	-10.242	550
C	38.851	-24.928	-10.327	550
N	39.204	-25.547	-9.194	551
CA	40.043	-26.743	-9.148	551
C	41.547	-26.465	-9.113	551
N	41.981	-25.282	-8.661	552
CA	43.406	-25.007	-8.466	552
C	43.943	-25.788	-7.242	552
N	44.918	-26.713	-7.398	553
CA	45.332	-27.63	-6.326	553
C	45.849	-26.935	-5.06	553
N	46.571	-25.826	-5.23	554
CA	47.179	-25.064	-4.134	554
C	46.297	-23.911	-3.639	554
N	45.001	-23.888	-3.985	555
CA	44.075	-22.82	-3.592	555
C	44.004	-22.618	-2.07	555
N	43.987	-23.704	-1.289	556
CA	43.953	-23.632	0.179	556
C	45.204	-22.97	0.781	556
N	46.349	-23.022	0.09	557
CA	47.597	-22.401	0.559	557
C	47.616	-20.875	0.409	557
N	46.761	-20.32	-0.46	558
CA	46.626	-18.873	-0.661	558
C	45.867	-18.202	0.497	558
N	45.078	-18.976	1.251	559
CA	44.223	-18.479	2.326	559
C	43.213	-17.434	1.84	559
N	42.823	-16.523	2.732	560
CA	41.857	-15.453	2.43	560
C	42.464	-14.295	1.606	560
N	43.764	-14.363	1.286	561
CA	44.499	-13.282	0.61	561
C	44.059	-13.132	-0.845	561
N	43.819	-14.242	-1.551	562
CA	43.376	-14.251	-2.953	562
C	42.382	-15.384	-3.16	562
N	41.153	-15.035	-3.531	563
CA	40.087	-16.0	-3.803	563
C	39.674	-15.997	-5.273	563
N	39.556	-14.817	-5.891	564
CA	39.216	-14.7	-7.308	564
C	40.37	-14.202	-8.158	564
N	40.334	-14.586	-9.427	565
CA	41.355	-14.277	-10.413	565
C	40.721	-14.034	-11.779	565
N	41.218	-13.034	-12.497	566
CA	41.091	-12.936	-13.943	566
C	42.494	-12.986	-14.553	566
N	42.671	-13.73	-15.636	567
CA	43.966	-13.908	-16.291	567
C	43.818	-13.86	-17.802	567
N	44.824	-13.31	-18.479	568
CA	44.925	-13.311	-19.941	568
C	46.319	-13.702	-20.392	568
N	46.365	-14.544	-21.421	569
CA	47.595	-15.014	-22.05	569
C	47.95	-14.134	-23.24	569
N	49.02	-13.357	-23.12	570
CA	49.481	-12.458	-24.189	570
C	50.293	-13.251	-25.214	570
N	51.277	-14.016	-24.734	571
CA	52.08	-14.956	-25.531	571
C	52.117	-16.324	-24.843	571
N	52.763	-17.328	-25.448	572
CA	52.929	-18.636	-24.806	572
C	53.635	-18.555	-23.434	572
N	54.479	-17.534	-23.216	573
CA	55.263	-17.345	-21.983	573
C	54.82	-16.147	-21.143	573
N	54.104	-15.195	-21.736	574
CA	53.755	-13.936	-21.087	574
C	52.261	-13.875	-20.751	574
N	51.955	-13.576	-19.489	575
CA	50.598	-13.598	-18.935	575
C	50.368	-12.425	-17.988	575
N	49.135	-11.923	-17.967	576
CA	48.676	-10.874	-17.049	576
C	47.591	-11.439	-16.144	576
N	47.614	-11.033	-14.879	577
CA	46.712	-11.484	-13.83	577
C	46.128	-10.295	-13.072	577
N	44.861	-10.404	-12.69	578
CA	44.184	-9.573	-11.7	578
C	43.642	-10.475	-10.597	578
N	43.757	-10.029	-9.354	579
CA	43.409	-10.791	-8.164	579
C	42.441	-10.009	-7.279	579
N	41.469	-10.727	-6.716	580
CA	40.545	-10.223	-5.699	580
C	40.643	-11.088	-4.449	580
N	40.724	-10.424	-3.308	581
CA	40.808	-11.04	-1.987	581
C	39.477	-11.681	-1.604	581
N	39.484	-12.463	-0.526	582
CA	38.256	-12.993	0.048	582
C	37.27	-11.86	0.353	582
N	36.058	-11.967	-0.179	583
CA	34.936	-11.124	0.227	583
C	33.945	-12.037	0.916	583
N	33.788	-11.887	2.232	584
CA	32.774	-12.624	2.972	584
C	31.388	-12.197	2.463	584
N	30.83	-12.972	1.536	585
CA	29.444	-12.865	1.125	585
C	28.665	-13.929	1.899	585
N	28.033	-13.508	2.988	586
CA	27.109	-14.35	3.736	586
C	25.737	-14.249	3.068	586
N	25.412	-15.19	2.175	587
CA	24.05	-15.272	1.642	587
C	23.209	-15.98	2.695	587
N	22.352	-15.205	3.356	588
CA	21.383	-15.737	4.305	588
C	20.192	-16.23	3.502	588
N	19.925	-17.521	3.546	589
CA	18.764	-18.106	2.888	589
C	17.67	-18.378	3.92	589
N	16.414	-18.177	3.527	590
CA	15.262	-18.558	4.338	590
C	14.972	-20.06	4.237	590
N	15.189	-20.809	5.325	591
CA	14.854	-22.238	5.45	591
C	15.899	-23.193	4.857	591
N	16.248	-24.267	5.575	592
CA	17.425	-25.116	5.332	592
C	17.61	-25.621	3.881	592
N	18.823	-25.462	3.333	593
CA	19.322	-26.257	2.199	593
C	19.841	-27.574	2.773	593
N	19.287	-28.681	2.287	594
CA	19.583	-30.048	2.712	594
C	21.082	-30.3	2.954	594
N	21.481	-30.547	4.201	595
CA	22.656	-31.378	4.442	595
C	22.3	-32.816	4.055	595
N	23.211	-33.525	3.387	596
CA	22.938	-34.859	2.842	596
C	22.542	-35.92	3.899	596
N	22.664	-35.618	5.198	597
CA	22.407	-36.545	6.302	597
C	21.201	-36.231	7.195	597
N	20.64	-35.016	7.176	598
CA	19.494	-34.696	8.038	598
C	18.193	-35.211	7.413	598
N	17.666	-36.282	8.016	599
CA	16.365	-36.86	7.685	599
C	15.275	-35.905	8.154	599
N	14.765	-35.098	7.234	600
CA	13.442	-34.505	7.395	600
C	12.434	-35.642	7.642	600
N	11.394	-35.402	8.438	601
CA	10.344	-36.397	8.659	601
C	9.662	-36.67	7.308	601
N	10.145	-37.723	6.64	602
CA	9.933	-38.135	5.239	602
C	8.479	-38.357	4.799	602
N	7.501	-37.925	5.594	603
CA	6.073	-38.093	5.329	603
C	5.383	-36.826	4.837	603
N	6.08	-35.69	4.724	604
CA	5.434	-34.401	4.454	604
C	6.308	-33.434	3.653	604
N	6.05	-33.312	2.36	605
CA	6.239	-32.05	1.66	605
C	5.07	-31.148	2.016	605
N	5.318	-30.318	3.01	606
CA	4.56	-29.103	3.185	606
C	5.261	-27.99	2.406	606
N	4.57	-26.89	2.11	607
CA	5.221	-25.586	2.061	607
C	6.294	-25.445	3.144	607
N	7.328	-24.614	2.937	608
CA	8.474	-24.496	3.867	608
C	8.027	-24.628	5.322	608
N	8.463	-25.683	6.004	609
CA	8.104	-25.954	7.403	609
C	8.876	-25.062	8.376	609
N	9.977	-24.472	7.908	610
CA	10.831	-23.57	8.664	610
C	11.314	-22.431	7.774	610
N	11.226	-21.221	8.318	611
CA	11.724	-19.977	7.73	611
C	12.974	-19.463	8.448	611
N	13.559	-20.278	9.339	612
CA	14.772	-19.899	10.062	612
C	15.889	-19.611	9.069	612
N	16.53	-18.464	9.264	613
CA	17.698	-18.068	8.502	613
C	18.788	-19.131	8.667	613
N	19.296	-19.664	7.562	614
CA	20.551	-20.404	7.571	614
C	21.568	-19.652	6.718	614
N	22.823	-19.721	7.14	615
CA	23.916	-19.011	6.502	615
C	24.593	-19.964	5.518	615
N	24.514	-19.689	4.219	616
CA	25.447	-20.299	3.274	616
C	26.729	-19.461	3.337	616
N	27.671	-19.865	4.201	617
CA	28.993	-19.23	4.249	617
C	29.755	-19.695	3.015	617
N	29.719	-18.912	1.942	618
CA	30.562	-19.193	0.783	618
C	31.961	-18.66	1.081	618
N	32.77	-19.483	1.756	619
CA	34.185	-19.181	2.01	619
C	34.994	-19.328	0.724	619
N	36.172	-18.71	0.701	620
CA	37.109	-18.782	-0.421	620
C	36.54	-18.25	-1.758	620
N	35.699	-17.204	-1.692	621
CA	35.189	-16.456	-2.85	621
C	35.475	-14.964	-2.771	621
N	35.574	-14.336	-3.934	622
CA	35.688	-12.889	-4.092	622
C	34.437	-12.292	-4.745	622
N	34.432	-10.972	-4.96	623
CA	33.407	-10.329	-5.781	623
C	33.465	-10.832	-7.238	623
N	32.313	-11.113	-7.874	624
CA	32.26	-11.575	-9.258	624
C	32.751	-10.502	-10.239	624
N	33.437	-10.93	-11.299	625
CA	33.929	-10.054	-12.369	625
C	32.767	-9.574	-13.232	625
N	32.65	-8.259	-13.428	626
CA	31.58	-7.7	-14.26	626
C	31.914	-7.863	-15.742	626
N	30.896	-7.928	-16.594	627
CA	31.083	-8.131	-18.041	627
C	31.964	-7.048	-18.676	627
N	31.713	-5.769	-18.375	628
CA	32.541	-4.681	-18.908	628
C	33.999	-4.723	-18.426	628
N	34.25	-5.294	-17.242	629
CA	35.609	-5.499	-16.739	629
C	36.307	-6.585	-17.564	629
N	35.588	-7.659	-17.906	630
CA	36.088	-8.728	-18.772	630
C	36.333	-8.253	-20.208	630
N	35.46	-7.406	-20.753	631
CA	35.639	-6.807	-22.081	631
C	36.879	-5.906	-22.133	631
N	37.128	-5.143	-21.067	632
CA	38.324	-4.319	-20.938	632
C	39.602	-5.16	-20.828	632
N	39.561	-6.24	-20.042	633
CA	40.66	-7.205	-19.91	633
C	40.977	-7.852	-21.264	633
N	39.952	-8.273	-22.006	634
CA	40.121	-8.869	-23.328	634
C	40.656	-7.85	-24.347	634
N	40.189	-6.602	-24.29	635
CA	40.716	-5.519	-25.128	635
C	42.203	-5.269	-24.848	635
N	42.604	-5.249	-23.569	636
CA	44.008	-5.115	-23.174	636
C	44.85	-6.3	-23.662	636
N	44.321	-7.522	-23.612	637
CA	45.022	-8.698	-24.123	637
C	45.384	-8.559	-25.606	637
N	44.424	-8.15	-26.441	638
CA	44.635	-7.968	-27.885	638
C	45.726	-6.916	-28.121	638
N	45.658	-5.817	-27.374	639
CA	46.634	-4.727	-27.387	639
C	48.046	-5.202	-27.029	639
N	48.202	-5.884	-25.892	640
CA	49.514	-6.327	-25.423	640
C	50.097	-7.364	-26.379	640
N	49.256	-8.183	-27.015	641
CA	49.721	-9.163	-27.999	641
C	50.398	-8.502	-29.199	641
N	49.996	-7.285	-29.557	642
CA	50.644	-6.501	-30.606	642
C	51.943	-5.86	-30.091	642
N	51.908	-5.189	-28.935	643
CA	53.095	-4.545	-28.355	643
C	54.241	-5.537	-28.054	643
N	53.924	-6.745	-27.573	644
CA	54.933	-7.764	-27.251	644
C	55.572	-8.369	-28.514	644
N	54.882	-8.337	-29.664	645
CA	55.449	-8.779	-30.947	645
C	56.476	-7.776	-31.474	645
N	56.161	-6.48	-31.456	646
CA	57.09	-5.405	-31.858	646
C	58.384	-5.412	-31.018	646
N	58.269	-5.69	-29.717	647
CA	59.408	-5.797	-28.796	647
C	60.303	-7.021	-29.093	647
N	59.716	-8.088	-29.647	648
CA	60.457	-9.286	-30.067	648
C	61.151	-9.042	-31.408	648
N	60.5	-8.33	-32.329	649
CA	61.067	-7.948	-33.626	649
C	62.196	-6.925	-33.49	649
N	62.079	-5.925	-32.615	650
CA	63.158	-4.95	-32.38	650
C	64.423	-5.583	-31.776	650
N	64.283	-6.646	-30.976	651
CA	65.422	-7.425	-30.482	651
C	65.937	-8.441	-31.494	651
N	65.072	-9.083	-32.279	652
CA	65.534	-9.96	-33.355	652
C	66.183	-9.145	-34.48	652
N	65.822	-7.87	-34.656	653
CA	66.566	-6.924	-35.482	653
C	67.939	-6.608	-34.894	653
N	68.132	-6.575	-33.574	654
CA	69.473	-6.403	-32.999	654
C	70.298	-7.7	-33.023	654
N	69.683	-8.857	-32.768	655
CA	70.358	-10.15	-32.867	655
C	70.697	-10.49	-34.328	655
N	69.774	-10.236	-35.262	656
CA	70.048	-10.332	-36.695	656
C	70.925	-9.191	-37.173	656
N	70.877	-7.953	-36.689	657
CA	71.82	-6.928	-37.168	657
C	73.278	-7.3	-36.861	657
N	73.531	-8.012	-35.757	658
CA	74.874	-8.515	-35.455	658
C	75.212	-9.745	-36.314	658
N	74.286	-10.687	-36.531	659
CA	74.576	-11.865	-37.368	659
C	74.499	-11.624	-38.888	659
N	73.726	-10.648	-39.353	660
CA	73.526	-10.358	-40.786	660
C	74.666	-9.509	-41.338	660
N	75.443	-8.832	-40.478	661
CA	76.679	-8.167	-40.917	661
C	77.82	-9.133	-41.238	661
N	77.708	-10.429	-40.926	662
CA	78.805	-11.374	-41.163	662
C	78.6	-12.343	-42.333	662
N	77.499	-12.285	-43.079	663
CA	77.434	-13.078	-44.31	663
C	76.496	-12.484	-45.344	663
N	77.069	-11.603	-46.153	664
CA	76.744	-11.461	-47.566	664
C	76.688	-12.843	-48.242	664
N	75.528	-13.501	-48.251	665
CA	75.267	-14.603	-49.171	665
C	73.842	-14.521	-49.728	665
N	73.815	-14.03	-50.971	666
CA	72.887	-14.346	-52.068	666
C	71.581	-13.54	-52.134	666
N	71.542	-12.776	-53.221	667
CA	70.668	-11.667	-53.622	667
C	69.211	-12.08	-53.941	667
N	68.804	-13.333	-53.724	668
CA	67.444	-13.788	-54.077	668
C	66.37	-13.454	-53.022	668
N	66.739	-13.163	-51.769	669
CA	65.769	-12.857	-50.702	669
C	65.178	-11.439	-50.709	669
N	65.681	-10.511	-51.536	670
CA	65.221	-9.107	-51.512	670
C	63.78	-8.972	-52.02	670
N	63.347	-9.795	-52.98	671
CA	61.976	-9.711	-53.493	671
C	60.958	-10.248	-52.483	671
N	61.268	-11.352	-51.802	672
CA	60.394	-11.902	-50.762	672
C	60.324	-10.967	-49.549	672
N	61.449	-10.374	-49.117	673
CA	61.435	-9.357	-48.055	673
C	60.653	-8.096	-48.44	673
N	60.644	-7.705	-49.72	674
CA	59.88	-6.532	-50.168	674
C	58.382	-6.826	-50.176	674
N	57.997	-8.057	-50.524	675
CA	56.611	-8.533	-50.467	675
C	56.162	-8.67	-49.011	675
N	56.96	-9.293	-48.136	676
CA	56.68	-9.369	-46.694	676
C	56.544	-7.971	-46.09	676
N	57.494	-7.058	-46.337	677
CA	57.398	-5.671	-45.844	677
C	56.176	-4.924	-46.363	677
N	55.764	-5.18	-47.604	678
CA	54.576	-4.542	-48.17	678
C	53.302	-5.121	-47.551	678
N	53.247	-6.439	-47.337	679
CA	52.157	-7.105	-46.617	679
C	52.086	-6.669	-45.147	679
N	53.227	-6.463	-44.49	680
CA	53.316	-5.944	-43.122	680
C	52.827	-4.498	-43.044	680
N	53.255	-3.636	-43.973	681
CA	52.788	-2.253	-44.029	681
C	51.284	-2.187	-44.337	681
N	50.779	-3.055	-45.217	682
CA	49.344	-3.212	-45.48	682
C	48.591	-3.708	-44.24	682
N	49.152	-4.648	-43.473	683
CA	48.555	-5.146	-42.236	683
C	48.505	-4.066	-41.144	683
N	49.595	-3.313	-40.95	684
CA	49.648	-2.177	-40.012	684
C	48.652	-1.1	-40.428	684
N	48.601	-0.77	-41.719	685
CA	47.647	0.212	-42.247	685
C	46.209	-0.271	-42.052	685
N	45.928	-1.549	-42.325	686
CA	44.613	-2.162	-42.113	686
C	44.195	-2.122	-40.642	686
N	45.116	-2.373	-39.71	687
CA	44.823	-2.309	-38.276	687
C	44.612	-0.873	-37.785	687
N	45.406	0.097	-38.25	688
CA	45.197	1.518	-37.923	688
C	43.841	1.996	-38.451	688
N	43.487	1.639	-39.69	689
CA	42.169	1.944	-40.267	689
C	41.063	1.315	-39.423	689
N	41.209	0.046	-39.019	690
CA	40.237	-0.641	-38.157	690
C	40.085	0.042	-36.796	690
N	41.176	0.49	-36.174	691
CA	41.145	1.194	-34.885	691
C	40.434	2.548	-34.984	691
N	40.68	3.307	-36.054	692
CA	39.99	4.58	-36.305	692
C	38.5	4.336	-36.563	692
N	38.179	3.319	-37.366	693
CA	36.805	3.025	-37.767	693
C	35.956	2.521	-36.59	693
N	36.567	1.751	-35.685	694
CA	35.923	1.229	-34.466	694
C	35.984	2.176	-33.264	694
N	36.566	3.37	-33.411	695
CA	36.627	4.34	-32.327	695
C	35.216	4.801	-31.913	695
N	34.952	4.827	-30.604	696
CA	33.665	5.254	-30.012	696
C	33.454	6.769	-30.022	696
N	34.433	7.507	-30.534	697
CA	34.432	8.96	-30.674	697
C	34.262	9.275	-32.16	697
N	33.399	10.217	-32.572	698
CA	33.29	10.588	-33.978	698
C	34.613	11.165	-34.501	698
N	35.135	10.543	-35.557	699
CA	36.369	10.937	-36.237	699
C	36.047	11.112	-37.715	699
N	36.428	12.264	-38.253	700
CA	36.328	12.559	-39.675	700
C	37.622	13.219	-40.146	700
N	38.026	12.971	-41.382	701
CA	39.238	13.539	-41.956	701
C	38.96	14.069	-43.359	701
N	39.699	15.106	-43.741	702
CA	39.628	15.734	-45.059	702
C	41.016	15.892	-45.665	702
N	41.087	15.959	-46.987	703
CA	42.307	16.288	-47.726	703
C	42.561	17.809	-47.814	703
N	43.602	18.197	-48.559	704
CA	43.962	19.606	-48.805	704
C	42.879	20.409	-49.532	704
N	41.993	19.742	-50.276	705
CA	40.882	20.358	-51.005	705
C	39.598	20.427	-50.151	705
N	39.644	19.942	-48.904	706
CA	38.511	19.928	-47.979	706
C	37.497	18.812	-48.249	706
N	37.864	17.808	-49.05	707
CA	37.038	16.64	-49.344	707
C	37.236	15.571	-48.273	707
N	36.14	14.961	-47.83	708
CA	36.158	13.928	-46.792	708
C	36.875	12.677	-47.301	708
N	37.935	12.265	-46.609	709
CA	38.683	11.034	-46.879	709
C	38.65	10.04	-45.703	709
N	38.252	10.483	-44.508	710
CA	38.029	9.633	-43.34	710
C	36.655	9.885	-42.736	710
N	35.925	8.813	-42.43	711
CA	34.577	8.886	-41.866	711
C	34.27	7.63	-41.053	711
N	34.477	7.676	-39.739	712
CA	34.358	6.468	-38.926	712
C	32.907	6.016	-38.681	712
N	32.745	4.786	-38.182	713
CA	31.431	4.21	-37.851	713
C	30.636	5.143	-36.931	713
N	31.277	5.753	-35.924	714
CA	30.553	6.572	-34.949	714
C	29.925	7.827	-35.552	714
N	30.638	8.556	-36.413	715
CA	30.05	9.726	-37.081	715
C	28.963	9.304	-38.08	715
N	29.113	8.141	-38.723	716
CA	28.09	7.579	-39.6	716
C	26.802	7.222	-38.839	716
N	26.908	6.652	-37.635	717
CA	25.763	6.38	-36.753	717
C	25.034	7.659	-36.32	717
N	25.789	8.69	-35.918	718
CA	25.23	9.952	-35.423	718
C	24.54	10.749	-36.533	718
N	25.179	10.846	-37.699	719
CA	24.65	11.61	-38.838	719
C	23.656	10.813	-39.676	719
N	23.694	9.48	-39.636	720
CA	22.949	8.615	-40.553	720
C	23.542	8.549	-41.967	720
N	24.732	9.125	-42.197	721
CA	25.41	9.119	-43.493	721
C	26.525	8.055	-43.515	721
N	26.408	6.989	-44.328	722
CA	27.431	5.95	-44.405	722
C	28.717	6.462	-45.073	722
N	29.866	5.865	-44.722	723
CA	31.199	6.247	-45.235	723
C	31.234	6.395	-46.762	723
N	30.67	5.443	-47.514	724
CA	30.708	5.462	-48.982	724
C	30.004	6.662	-49.626	724
N	29.034	7.273	-48.941	725
CA	28.361	8.49	-49.408	725
C	28.984	9.775	-48.858	725
N	29.737	9.686	-47.762	726
CA	30.439	10.813	-47.163	726
C	31.773	11.077	-47.873	726
N	32.513	10.018	-48.218	727
CA	33.813	10.113	-48.888	727
C	33.706	10.892	-50.203	727
N	34.61	11.852	-50.401	728
CA	34.665	12.719	-51.578	728
C	33.701	13.91	-51.557	728
N	32.789	14.023	-50.579	729
CA	32.003	15.254	-50.387	729
C	32.838	16.31	-49.675	729
N	32.612	17.576	-50.01	730
CA	33.271	18.684	-49.325	730
C	32.674	18.872	-47.924	730
N	33.503	18.972	-46.879	731
CA	33.049	19.016	-45.477	731
C	31.966	20.074	-45.222	731
N	32.129	21.274	-45.784	732
CA	31.156	22.369	-45.642	732
C	29.741	22.037	-46.15	732
N	29.573	21.039	-47.024	733
CA	28.238	20.608	-47.485	733
C	27.499	19.751	-46.457	733
N	28.238	19.118	-45.541	734
CA	27.706	18.265	-44.478	734
C	27.403	19.054	-43.196	734
N	27.935	20.267	-43.062	735
CA	27.756	21.134	-41.889	735
C	26.459	21.939	-42.015	735
N	25.835	22.25	-40.88	736
CA	24.65	23.105	-40.823	736
C	24.972	24.539	-41.248	736
N	24.04	25.186	-41.954	737
CA	24.29	26.481	-42.598	737
C	24.714	27.559	-41.573	737
N	24.195	27.467	-40.341	738
CA	24.538	28.321	-39.191	738
C	26.008	28.229	-38.753	738
N	26.672	27.113	-39.05	739
CA	28.022	26.796	-38.586	739
C	29.086	26.845	-39.685	739
N	28.679	26.999	-40.944	740
CA	29.546	26.933	-42.13	740
C	30.755	27.866	-42.056	740
N	30.556	29.135	-41.682	741
CA	31.637	30.131	-41.616	741
C	32.711	29.76	-40.589	741
N	32.28	29.218	-39.447	742
CA	33.176	28.803	-38.368	742
C	33.993	27.579	-38.768	742
N	33.361	26.583	-39.392	743
CA	34.069	25.393	-39.892	743
C	35.033	25.761	-41.013	743
N	34.638	26.657	-41.921	744
CA	35.51	27.144	-42.996	744
C	36.756	27.837	-42.449	744
N	36.599	28.693	-41.433	745
CA	37.731	29.339	-40.755	745
C	38.647	28.309	-40.088	745
N	38.074	27.362	-39.344	746
CA	38.814	26.289	-38.669	746
C	39.618	25.444	-39.665	746
N	38.984	25.011	-40.758	747
CA	39.621	24.207	-41.798	747
C	40.803	24.949	-42.438	747
N	40.625	26.223	-42.8	748
CA	41.69	27.026	-43.406	748
C	42.893	27.222	-42.473	748
N	42.656	27.445	-41.175	749
CA	43.734	27.556	-40.186	749
C	44.498	26.233	-40.061	749
N	43.781	25.114	-39.933	750
CA	44.398	23.797	-39.812	750
C	45.207	23.408	-41.063	750
N	44.738	23.776	-42.261	751
CA	45.475	23.583	-43.518	751
C	46.743	24.448	-43.616	751
N	46.768	25.616	-42.966	752
CA	47.975	26.439	-42.805	752
C	48.914	25.909	-41.702	752
N	48.534	24.82	-41.025	753
CA	49.278	24.209	-39.925	753
C	48.936	24.76	-38.538	753
N	47.975	25.683	-38.432	754
CA	47.481	26.237	-37.167	754
C	46.292	25.41	-36.656	754
N	46.544	24.55	-35.671	755
CA	45.525	23.67	-35.093	755
C	44.539	24.426	-34.197	755
N	43.253	24.144	-34.38	756
CA	42.168	24.724	-33.591	756
C	41.577	23.682	-32.639	756
N	41.245	24.12	-31.422	757
CA	40.756	23.245	-30.35	757
C	39.425	23.751	-29.817	757
N	38.534	22.817	-29.499	758
CA	37.208	23.058	-28.934	758
C	36.3	23.934	-29.813	758
N	36.396	23.787	-31.133	759
CA	35.491	24.467	-32.058	759
C	34.168	23.721	-32.056	759
N	33.137	24.329	-31.482	760
CA	31.792	23.78	-31.596	760
C	31.294	23.935	-33.044	760
N	30.446	23.055	-33.562	761
CA	29.618	23.3	-34.75	761
C	28.508	22.258	-34.865	761
N	27.524	22.54	-35.711	762
CA	26.409	21.639	-35.992	762
C	26.601	20.945	-37.341	762
N	26.382	19.631	-37.378	763
CA	26.464	18.809	-38.589	763
C	25.078	18.27	-38.962	763
N	24.798	18.189	-40.266	764
CA	23.516	17.743	-40.818	764
C	23.31	16.249	-40.583	764
N	22.057	15.872	-40.354	765
CA	21.617	14.476	-40.328	765
C	20.991	14.08	-41.662	765
N	21.123	12.804	-42.008	766
CA	20.766	12.226	-43.294	766
C	19.971	10.927	-43.104	766
N	19.243	10.525	-44.15	767
CA	18.52	9.255	-44.184	767
C	17.509	9.121	-43.045	767
N	17.603	8.03	-42.284	768
CA	16.692	7.731	-41.17	768
C	16.803	8.706	-39.991	768
N	17.892	9.483	-39.897	769
CA	18.133	10.453	-38.818	769
C	17.707	11.879	-39.162	769
N	17.198	12.139	-40.364	770
CA	16.865	13.496	-40.819	770
C	15.839	14.207	-39.909	770
N	14.931	13.446	-39.288	771
CA	13.934	13.968	-38.339	771
C	14.514	14.307	-36.951	771
N	15.732	13.85	-36.632	772
CA	16.363	14.069	-35.318	772
C	17.015	15.449	-35.155	772
N	17.062	16.248	-36.227	773
CA	17.72	17.555	-36.246	773
C	19.249	17.458	-36.37	773
N	19.969	18.595	-36.358	774
CA	21.424	18.617	-36.484	774
C	22.128	18.157	-35.196	774
N	23.291	17.521	-35.345	775
CA	24.119	17.045	-34.225	775
C	25.112	18.14	-33.83	775
N	25.153	18.493	-32.546	776
CA	26.095	19.474	-32.0	776
C	27.397	18.803	-31.572	776
N	28.495	19.156	-32.234	777
CA	29.825	18.613	-31.978	777
C	30.754	19.683	-31.403	777
N	31.67	19.284	-30.521	778
CA	32.877	20.046	-30.162	778
C	34.07	19.347	-30.779	778
N	34.808	20.046	-31.631	779
CA	35.793	19.43	-32.515	779
C	37.177	20.019	-32.296	779
N	38.171	19.136	-32.302	780
CA	39.581	19.485	-32.388	780
C	40.077	19.159	-33.796	780
N	40.654	20.149	-34.469	781
CA	41.215	20.021	-35.805	781
C	42.738	19.877	-35.711	781
N	43.263	18.746	-36.174	782
CA	44.687	18.427	-36.187	782
C	45.18	18.313	-37.632	782
N	46.289	18.977	-37.95	783
CA	46.861	18.929	-39.29	783
C	47.502	17.552	-39.532	783
N	47.068	16.848	-40.576	784
CA	47.687	15.591	-41.01	784
C	48.896	15.904	-41.883	784
N	50.063	15.324	-41.578	785
CA	51.338	15.651	-42.24	785
C	52.008	14.432	-42.875	785
N	52.728	14.64	-43.979	786
CA	53.578	13.616	-44.604	786
C	54.93	13.456	-43.874	786
N	55.754	12.491	-44.304	787
CA	57.1	12.25	-43.749	787
C	58.076	13.432	-43.926	787
N	57.725	14.42	-44.755	788
CA	58.484	15.658	-44.973	788
C	57.846	16.846	-44.243	788
N	56.926	16.578	-43.314	789
CA	56.213	17.548	-42.479	789
C	55.242	18.481	-43.24	789
N	54.893	18.145	-44.49	790
CA	53.918	18.9	-45.281	790
C	52.494	18.515	-44.885	790
N	51.615	19.503	-44.71	791
CA	50.194	19.262	-44.432	791
C	49.522	18.642	-45.663	791
N	48.993	17.429	-45.509	792
CA	48.264	16.667	-46.541	792
C	46.75	16.655	-46.315	792
N	46.291	17.168	-45.177	793
CA	44.879	17.201	-44.827	793
C	44.659	17.58	-43.372	793
N	43.427	17.424	-42.901	794
CA	43.038	17.727	-41.52	794
C	42.225	16.568	-40.959	794
N	42.621	16.085	-39.786	795
CA	41.885	15.1	-39.009	795
C	41.114	15.817	-37.901	795
N	39.844	15.477	-37.752	796
CA	38.945	16.056	-36.775	796
C	38.512	14.982	-35.788	796
N	38.788	15.231	-34.512	797
CA	38.281	14.413	-33.41	797
C	37.171	15.198	-32.733	797
N	35.962	14.647	-32.753	798
CA	34.755	15.322	-32.307	798
C	34.19	14.699	-31.028	798
N	33.589	15.523	-30.181	799
CA	32.809	15.094	-29.032	799
C	31.355	15.51	-29.239	799
N	30.433	14.552	-29.168	800
CA	29.001	14.835	-29.241	800
C	28.532	15.494	-27.94	800
N	28.005	16.713	-28.057	801
CA	27.43	17.475	-26.943	801
C	25.933	17.735	-27.132	801
N	25.28	17.041	-28.065	802
CA	23.875	17.278	-28.422	802
C	22.964	17.1	-27.211	802
N	23.173	16.038	-26.427	803
CA	22.413	15.795	-25.204	803
C	22.613	16.913	-24.162	803
N	23.856	17.346	-23.937	804
CA	24.21	18.391	-22.975	804
C	23.651	19.755	-23.395	804
N	23.735	20.1	-24.685	805
CA	23.157	21.333	-25.233	805
C	21.637	21.338	-25.079	805
N	20.972	20.226	-25.398	806
CA	19.53	20.074	-25.194	806
C	19.116	20.254	-23.723	806
N	19.93	19.796	-22.766	807
CA	19.68	20.008	-21.33	807
C	19.898	21.47	-20.938	807
N	20.971	22.1	-21.415	808
CA	21.261	23.511	-21.149	808
C	20.165	24.429	-21.704	808
N	19.702	24.178	-22.926	809
CA	18.621	24.943	-23.549	809
C	17.293	24.74	-22.806	809
N	17.009	23.513	-22.34	810
CA	15.869	23.248	-21.446	810
C	15.998	24.009	-20.128	810
N	17.185	24.058	-19.524	811
CA	17.426	24.794	-18.282	811
C	17.203	26.297	-18.47	811
N	17.794	26.897	-19.508	812
CA	17.603	28.315	-19.85	812
C	16.116	28.61	-20.092	812
N	15.397	27.701	-20.766	813
CA	13.951	27.831	-20.979	813
C	13.162	27.753	-19.675	813
N	13.461	26.797	-18.795	814
CA	12.797	26.653	-17.488	814
C	13.076	27.867	-16.597	814
N	14.305	28.386	-16.584	815
CA	14.647	29.604	-15.844	815
C	13.871	30.815	-16.392	815
N	13.752	30.906	-17.721	816
CA	12.912	31.881	-18.412	816
C	11.429	31.75	-18.052	816
N	10.881	30.534	-18.08	817
CA	9.488	30.217	-17.745	817
C	9.189	30.52	-16.268	817
N	10.088	30.157	-15.348	818
CA	9.97	30.48	-13.924	818
C	9.934	31.996	-13.703	818
N	10.889	32.743	-14.283	819
CA	10.897	34.213	-14.203	819
C	9.621	34.785	-14.814	819
N	9.174	34.264	-15.955	820
CA	7.954	34.708	-16.615	820
C	6.696	34.447	-15.774	820
N	6.578	33.294	-15.104	821
CA	5.428	32.938	-14.259	821
C	5.446	33.754	-12.971	821
N	6.526	33.708	-12.19	822
CA	6.574	34.364	-10.873	822
C	6.514	35.886	-11.004	822
N	7.111	36.452	-12.058	823
CA	7.1	37.895	-12.311	823
C	5.918	38.356	-13.175	823
N	4.991	37.462	-13.526	824
CA	3.775	37.862	-14.216	824
C	2.911	38.733	-13.288	824
N	2.351	39.816	-13.831	825
CA	1.484	40.751	-13.093	825
C	0.035	40.262	-12.967	825
N	-0.256	39.036	-13.401	826
CA	-1.583	38.446	-13.309	826
C	-2.013	38.305	-11.829	826
N	-3.179	38.849	-11.427	827
CA	-3.671	38.785	-10.048	827
C	-3.958	37.369	-9.521	827
N	-3.984	36.345	-10.382	828
CA	-4.116	34.942	-9.971	828
C	-2.842	34.374	-9.332	828
N	-1.672	34.962	-9.601	829
CA	-0.43	34.532	-8.957	829
C	-0.394	35.125	-7.549	829
N	-0.287	34.283	-6.506	830
CA	-0.323	34.761	-5.137	830
C	0.901	35.638	-4.826	830
N	0.84	36.465	-3.772	831
CA	2.024	37.106	-3.219	831
C	3.051	36.048	-2.792	831
N	4.24	36.122	-3.39	832
CA	5.364	35.209	-3.161	832
C	6.578	36.039	-2.761	832
N	7.248	35.596	-1.705	833
CA	8.571	36.071	-1.32	833
C	9.447	34.892	-0.898	833
N	10.758	35.082	-0.81	834
CA	11.665	34.008	-0.419	834
C	12.974	34.507	0.165	834
N	13.641	33.632	0.913	835
CA	14.967	33.896	1.484	835
C	15.997	32.923	0.96	835
N	17.256	33.334	1.014	836
CA	18.392	32.425	0.923	836
C	18.639	31.684	2.254	836
N	19.742	30.941	2.303	837
CA	20.205	30.166	3.454	837
C	20.625	31.022	4.66	837
N	20.941	32.3	4.437	838
CA	21.369	33.241	5.473	838
C	20.223	34.134	5.981	838
N	19.045	34.067	5.352	839
CA	17.851	34.83	5.726	839
C	17.661	36.144	4.961	839
N	18.466	36.41	3.93	840
CA	18.308	37.572	3.055	840
C	17.206	37.333	2.032	840
N	16.43	38.372	1.739	841
CA	15.374	38.302	0.741	841
C	15.954	38.17	-0.673	841
N	15.757	37.004	-1.29	842
CA	16.177	36.721	-2.664	842
C	15.007	36.74	-3.66	842
N	13.763	36.738	-3.171	843
CA	12.581	36.792	-4.021	843
C	11.49	37.698	-3.468	843
N	10.945	38.524	-4.359	844
CA	9.834	39.427	-4.085	844
C	9.043	39.661	-5.372	844
N	7.859	39.056	-5.484	845
CA	7.089	39.076	-6.728	845
C	6.163	40.315	-6.854	845
N	5.586	40.595	-8.041	846
CA	4.72	41.762	-8.242	846
C	3.467	41.798	-7.365	846
N	2.884	40.639	-7.054	847
CA	1.756	40.55	-6.134	847
C	2.154	41.0	-4.717	847
N	3.381	40.695	-4.287	848
CA	3.939	41.168	-3.022	848
C	4.185	42.682	-3.021	848
N	4.662	43.25	-4.136	849
CA	4.777	44.71	-4.289	849
C	3.416	45.405	-4.164	849
N	2.367	44.838	-4.774	850
CA	0.999	45.37	-4.691	850
C	0.402	45.242	-3.287	850
N	0.648	44.123	-2.605	851
CA	0.101	43.854	-1.275	851
C	0.753	44.728	-0.195	851
N	2.074	44.907	-0.266	852
CA	2.847	45.626	0.761	852
C	3.063	47.106	0.464	852
N	3.108	47.499	-0.811	853
CA	3.521	48.834	-1.25	853
C	5.041	49.055	-1.306	853
N	5.854	48.017	-1.09	854
CA	7.314	48.08	-1.215	854
C	7.777	47.571	-2.573	854
N	8.677	48.316	-3.222	855
CA	9.268	47.886	-4.492	855
C	10.327	46.816	-4.254	855
N	10.556	45.95	-5.244	856
CA	11.554	44.875	-5.153	856
C	12.939	45.432	-4.811	856
N	13.366	46.507	-5.466	857
CA	14.696	47.102	-5.265	857
C	14.89	47.673	-3.847	857
N	13.8	47.953	-3.12	858
CA	13.846	48.44	-1.736	858
C	13.948	47.3	-0.703	858
N	13.695	46.047	-1.099	859
CA	13.494	44.896	-0.194	859
C	14.506	43.776	-0.432	859
N	14.953	43.597	-1.673	860
CA	15.996	42.628	-2.014	860
C	17.254	42.859	-1.172	860
N	17.927	41.766	-0.811	861
CA	19.169	41.762	-0.026	861
C	19.044	42.403	1.37	861
N	17.819	42.474	1.91	862
CA	17.545	42.802	3.318	862
C	17.152	41.566	4.109	862
N	17.436	41.584	5.406	863
CA	17.116	40.487	6.311	863
C	15.595	40.341	6.462	863
N	15.068	39.153	6.148	864
CA	13.624	38.91	6.159	864
C	13.019	39.098	7.556	864
N	13.663	38.532	8.577	865
CA	13.296	38.708	9.979	865
C	14.046	39.91	10.555	865
N	13.323	40.984	10.85	866
CA	13.875	42.214	11.411	866
C	13.657	43.399	10.483	866
N	14.364	43.451	9.351	867
CA	14.292	44.596	8.429	867
C	13.005	44.592	7.597	867
N	12.624	43.432	7.048	868
CA	11.397	43.306	6.249	868
C	10.201	43.072	7.165	868
N	10.193	41.977	7.925	869
CA	9.144	41.655	8.888	869
C	9.683	41.767	10.313	869
N	9.23	42.776	11.054	870
CA	9.708	43.067	12.408	870
C	8.667	43.798	13.251	870
N	8.917	43.939	14.552	871
CA	7.973	44.585	15.483	871
C	8.132	46.106	15.55	871
N	9.347	46.623	15.342	872
CA	9.68	48.053	15.328	872
C	10.555	48.381	14.11	872
N	10.334	49.541	13.474	873
CA	11.163	50.077	12.371	873
C	11.354	49.148	11.143	873
N	10.464	48.173	10.929	874
CA	10.501	47.25	9.789	874
C	9.618	47.718	8.621	874
N	9.912	47.246	7.406	875
CA	9.13	47.554	6.207	875
C	7.657	47.103	6.333	875
N	7.441	45.879	6.814	876
CA	6.148	45.248	7.059	876
C	6.017	44.898	8.548	876
N	5.426	45.804	9.332	877
CA	5.377	45.667	10.796	877
C	4.453	44.523	11.231	877
N	4.89	43.674	12.156	878
CA	4.064	42.615	12.752	878
C	3.258	43.131	13.955	878
N	2.136	42.468	14.264	879
CA	1.178	42.912	15.297	879
C	1.763	42.888	16.711	879
N	2.511	41.841	17.044	880
CA	3.089	41.607	18.363	880
C	4.38	40.774	18.252	880
N	5.097	40.641	19.371	881
CA	6.324	39.841	19.442	881
C	6.064	38.352	19.178	881
N	4.893	37.846	19.562	882
CA	4.492	36.459	19.316	882
C	4.421	36.138	17.815	882
N	3.836	37.023	17.001	883
CA	3.793	36.862	15.549	883
C	5.197	36.841	14.923	883
N	6.131	37.638	15.454	884
CA	7.531	37.632	15.021	884
C	8.222	36.303	15.341	884
N	8.058	35.805	16.57	885
CA	8.619	34.513	16.989	885
C	8.019	33.37	16.17	885
N	6.7	33.36	15.968	886
CA	6.016	32.328	15.19	886
C	6.5	32.29	13.736	886
N	6.684	33.451	13.095	887
CA	7.267	33.518	11.754	887
C	8.679	32.913	11.741	887
N	9.522	33.274	12.713	888
CA	10.869	32.715	12.841	888
C	10.886	31.199	13.059	888
N	9.966	30.662	13.863	889
CA	9.833	29.212	14.087	889
C	9.43	28.492	12.803	889
N	8.479	29.039	12.045	890
CA	7.988	28.421	10.804	890
C	9.082	28.403	9.739	890
N	9.797	29.518	9.557	891
CA	10.921	29.59	8.621	891
C	12.025	28.596	9.009	891
N	12.407	28.53	10.29	892
CA	13.42	27.577	10.758	892
C	12.979	26.109	10.631	892
N	11.695	25.798	10.848	893
CA	11.158	24.448	10.601	893
C	11.275	24.056	9.128	893
N	10.962	24.974	8.216	894
CA	11.131	24.734	6.787	894
C	12.616	24.593	6.397	894
N	13.502	25.423	6.964	895
CA	14.957	25.346	6.751	895
C	15.562	24.025	7.242	895
N	15.043	23.472	8.341	896
CA	15.458	22.158	8.874	896
C	14.833	20.972	8.131	896
N	14.07	21.228	7.064	897
CA	13.508	20.2	6.191	897
C	12.141	19.661	6.614	897
N	11.51	20.228	7.648	898
CA	10.15	19.853	8.051	898
C	9.11	20.549	7.167	898
N	8.114	19.811	6.665	899
CA	6.953	20.435	6.019	899
C	6.193	21.306	7.022	899
N	5.83	22.515	6.595	900
CA	5.062	23.44	7.428	900
C	3.609	23.454	6.982	900
N	2.696	23.236	7.929	901
CA	1.276	23.479	7.695	901
C	1.018	24.969	7.436	901
N	-0.102	25.275	6.771	902
CA	-0.54	26.657	6.554	902
C	-0.804	27.343	7.894	902
N	-0.01	28.356	8.212	903
CA	-0.075	29.092	9.48	903
C	-0.73	30.461	9.299	903
N	-1.561	30.918	10.252	904
CA	-2.054	32.291	10.261	904
C	-0.895	33.289	10.33	904
N	-0.895	34.27	9.433	905
CA	0.147	35.284	9.344	905
C	-0.448	36.649	8.995	905
N	0.066	37.718	9.606	906
CA	-0.409	39.061	9.298	906
C	0.541	40.185	9.689	906
N	0.529	41.246	8.885	907
CA	1.456	42.377	8.955	907
C	0.793	43.682	8.486	907
N	1.396	44.822	8.819	908
CA	1.001	46.143	8.333	908
C	1.776	46.485	7.058	908
N	1.056	46.789	5.98	909
CA	1.626	47.288	4.732	909
C	2.148	48.735	4.883	909
N	2.874	49.245	3.876	910
CA	3.466	50.602	3.86	910
C	2.437	51.72	4.064	910
N	1.193	51.509	3.633	911
CA	0.079	52.445	3.826	911
C	-0.591	52.345	5.215	911
N	-0.095	51.481	6.106	912
CA	-0.657	51.24	7.435	912
C	-1.827	50.251	7.48	912
N	-2.283	49.701	6.344	913
CA	-3.35	48.688	6.314	913
C	-2.835	47.358	6.868	913
N	-3.578	46.766	7.8	914
CA	-3.297	45.417	8.288	914
C	-3.794	44.362	7.293	914
N	-2.956	43.369	7.016	915
CA	-3.229	42.253	6.11	915
C	-3.171	40.966	6.917	915
N	-4.255	40.192	6.901	916
CA	-4.296	38.828	7.434	916
C	-4.373	37.823	6.288	916
N	-3.59	36.759	6.402	917
CA	-3.464	35.728	5.387	917
C	-3.007	34.406	6.014	917
N	-2.997	33.353	5.207	918
CA	-2.342	32.097	5.543	918
C	-0.98	32.061	4.853	918
N	0.067	31.8	5.624	919
CA	1.426	31.61	5.143	919
C	1.689	30.116	4.944	919
N	2.199	29.765	3.769	920
CA	2.741	28.442	3.461	920
C	4.221	28.592	3.145	920
N	5.084	27.828	3.816	921
CA	6.536	27.891	3.605	921
C	7.035	26.563	3.052	921
N	7.735	26.622	1.924	922
CA	8.381	25.476	1.29	922
C	9.881	25.708	1.177	922
N	10.678	24.676	1.436	923
CA	12.132	24.718	1.25	923
C	12.517	24.904	-0.22	923
N	13.577	25.671	-0.449	924
CA	14.291	25.781	-1.718	924
C	15.488	24.843	-1.639	924
N	15.566	23.898	-2.565	925
CA	16.615	22.886	-2.596	925
C	17.602	23.189	-3.718	925
N	18.88	22.912	-3.488	926
CA	19.838	22.74	-4.579	926
C	19.765	21.327	-5.19	926
N	20.668	21.062	-6.136	927
CA	20.842	19.762	-6.803	927
C	21.235	18.63	-5.851	927
N	21.859	18.94	-4.716	928
CA	22.287	17.964	-3.706	928
C	21.183	17.702	-2.665	928
N	20.051	18.408	-2.775	929
CA	18.957	18.349	-1.812	929
C	19.247	19.126	-0.527	929
N	20.286	19.965	-0.514	930
CA	20.555	20.894	0.57	930
C	19.572	22.061	0.496	930
N	19.131	22.531	1.659	931
CA	18.21	23.663	1.733	931
C	18.99	24.959	1.528	931
N	18.846	25.568	0.351	932
CA	19.47	26.856	-0.01	932
C	18.622	28.065	0.373	932
N	17.464	27.836	0.992	933
CA	16.545	28.885	1.407	933
C	15.099	28.411	1.471	933
N	14.156	29.35	1.454	934
CA	12.715	29.056	1.513	934
C	11.9	29.968	0.606	934
N	10.812	29.422	0.071	935
CA	9.732	30.145	-0.587	935
C	8.521	30.25	0.333	935
N	7.956	31.445	0.397	936
CA	6.808	31.799	1.209	936
C	5.658	32.236	0.303	936
N	4.53	31.542	0.413	937
CA	3.306	31.826	-0.326	937
C	2.265	32.396	0.626	937
N	1.718	33.563	0.288	938
CA	0.626	34.159	1.045	938
C	-0.704	33.876	0.365	938
N	-1.54	33.093	1.031	939
CA	-2.919	32.897	0.631	939
C	-3.791	33.901	1.382	939
N	-4.241	34.928	0.667	940
CA	-5.277	35.838	1.146	940
C	-6.576	35.031	1.218	940
N	-6.942	34.581	2.415	941
CA	-8.21	33.9	2.603	941
C	-9.336	34.919	2.403	941
N	-10.376	34.557	1.647	942
CA	-11.603	35.344	1.724	942
C	-12.131	35.25	3.165	942
N	-12.707	36.332	3.708	943
CA	-13.255	36.324	5.059	943
C	-14.3	35.211	5.262	943
N	-15.033	34.802	4.215	944
CA	-16.012	33.71	4.317	944
C	-15.357	32.34	4.576	944
N	-14.252	32.025	3.887	945
CA	-13.598	30.718	4.012	945
C	-12.939	30.532	5.389	945
N	-12.356	31.598	5.949	946
CA	-11.792	31.573	7.305	946
C	-12.862	31.317	8.367	946
N	-14.023	31.963	8.234	947
CA	-15.123	31.797	9.176	947
C	-15.668	30.361	9.153	947
N	-15.828	29.766	7.966	948
CA	-16.277	28.381	7.822	948
C	-15.314	27.376	8.484	948
N	-14.001	27.525	8.26	949
CA	-12.994	26.624	8.833	949
C	-12.926	26.725	10.369	949
N	-13.102	27.933	10.916	950
CA	-13.125	28.156	12.362	950
C	-14.346	27.501	13.023	950
N	-15.528	27.644	12.412	951
CA	-16.767	27.005	12.876	951
C	-16.62	25.479	12.866	951
N	-16.047	24.906	11.802	952
CA	-15.812	23.463	11.72	952
C	-14.924	22.967	12.872	952
N	-13.765	23.598	13.109	953
CA	-12.855	23.201	14.201	953
C	-13.511	23.289	15.581	953
N	-14.301	24.334	15.835	954
CA	-15.049	24.47	17.089	954
C	-16.101	23.363	17.25	954
N	-16.782	22.987	16.165	955
CA	-17.769	21.903	16.176	955
C	-17.128	20.541	16.47	955
N	-15.989	20.225	15.844	956
CA	-15.236	18.982	16.067	956
C	-14.713	18.889	17.506	956
N	-14.16	19.981	18.044	957
CA	-13.724	20.028	19.443	957
C	-14.892	19.855	20.42	957
N	-16.052	20.436	20.111	958
CA	-17.259	20.297	20.936	958
C	-17.787	18.863	20.902	958
N	-17.825	18.232	19.726	959
CA	-18.206	16.832	19.563	959
C	-17.247	15.89	20.312	959
N	-15.932	16.096	20.174	960
CA	-14.908	15.31	20.876	960
C	-15.036	15.41	22.404	960
N	-15.293	16.611	22.943	961
CA	-15.547	16.799	24.383	961
C	-16.798	16.053	24.859	961
N	-17.879	16.047	24.068	962
CA	-19.116	15.306	24.383	962
C	-18.887	13.792	24.397	962
N	-18.152	13.259	23.419	963
CA	-17.815	11.832	23.348	963
C	-16.972	11.37	24.552	963
N	-16.012	12.194	24.98	964
CA	-15.198	11.918	26.166	964
C	-16.036	11.927	27.455	964
N	-16.969	12.876	27.59	965
CA	-17.883	12.934	28.73	965
C	-18.797	11.696	28.796	965
N	-19.353	11.26	27.659	966
CA	-20.165	10.043	27.568	966
C	-19.368	8.787	27.952	966
N	-18.152	8.64	27.42	967
CA	-17.257	7.518	27.747	967
C	-16.93	7.455	29.243	967
N	-16.722	8.614	29.877	968
CA	-16.527	8.7	31.322	968
C	-17.773	8.242	32.097	968
N	-18.967	8.724	31.728	969
CA	-20.227	8.354	32.387	969
C	-20.523	6.857	32.269	969
N	-20.369	6.261	31.078	970
CA	-20.557	4.813	30.875	970
C	-19.686	3.984	31.818	970
N	-18.407	4.353	31.958	971
CA	-17.486	3.691	32.893	971
C	-17.933	3.842	34.351	971
N	-18.409	5.024	34.745	972
CA	-18.898	5.273	36.105	972
C	-20.227	4.572	36.419	972
N	-21.072	4.271	35.424	973
CA	-22.316	3.496	35.605	973
C	-22.032	1.986	35.634	973
N	-21.087	1.502	34.819	974
CA	-20.748	0.071	34.751	974
C	-20.227	-0.48	36.08	974
N	-19.424	0.298	36.803	975
CA	-18.847	-0.122	38.082	975
C	-19.907	-0.441	39.164	975
N	-20.845	0.465	39.514	976
CA	-21.914	0.155	40.46	976
C	-22.858	-0.925	39.927	976
N	-23.09	-0.994	38.608	977
CA	-23.864	-2.085	38.012	977
C	-23.232	-3.453	38.305	977
N	-21.907	-3.591	38.168	978
CA	-21.181	-4.816	38.533	978
C	-21.355	-5.174	40.019	978
N	-21.376	-4.171	40.903	979
CA	-21.682	-4.358	42.324	979
C	-23.096	-4.899	42.555	979
N	-24.101	-4.333	41.876	980
CA	-25.496	-4.805	41.928	980
C	-25.6	-6.249	41.417	980
N	-24.915	-6.584	40.314	981
CA	-24.867	-7.956	39.774	981
C	-24.313	-8.922	40.814	981
N	-23.195	-8.561	41.447	982
CA	-22.554	-9.384	42.463	982
C	-23.487	-9.613	43.657	982
N	-24.05	-8.549	44.237	983
CA	-24.971	-8.651	45.376	983
C	-26.217	-9.48	45.053	983
N	-26.805	-9.301	43.861	984
CA	-27.937	-10.108	43.383	984
C	-27.573	-11.59	43.316	984
N	-26.463	-11.927	42.647	985
CA	-25.987	-13.314	42.51	985
C	-25.675	-13.959	43.862	985
N	-25.15	-13.194	44.822	986
CA	-24.948	-13.685	46.189	986
C	-26.282	-13.993	46.882	986
N	-27.316	-13.163	46.684	987
CA	-28.637	-13.403	47.268	987
C	-29.338	-14.613	46.637	987
N	-29.179	-14.842	45.331	988
CA	-29.708	-16.03	44.634	988
C	-29.186	-17.356	45.21	988
N	-28.018	-17.339	45.864	989
CA	-27.45	-18.489	46.571	989
C	-28.032	-18.746	47.967	989
N	-28.988	-17.934	48.424	990
CA	-29.64	-18.07	49.74	990
C	-31.002	-18.768	49.646	990
N	-31.556	-19.185	50.788	991
CA	-32.894	-19.781	50.853	991
C	-33.991	-18.722	50.67	991
N	-34.491	-18.613	49.438	992
CA	-35.478	-17.611	49.036	992
C	-36.87	-18.205	48.794	992
N	-37.895	-17.488	49.258	993
CA	-39.297	-17.738	48.924	993
C	-39.618	-17.481	47.445	993
N	-40.795	-17.922	46.994	994
CA	-41.236	-17.784	45.592	994
C	-41.326	-16.324	45.142	994
N	-41.873	-15.446	45.985	995
CA	-41.976	-14.007	45.711	995
C	-40.592	-13.345	45.619	995
N	-39.685	-13.668	46.547	996
CA	-38.309	-13.158	46.54	996
C	-37.543	-13.603	45.286	996
N	-37.705	-14.864	44.861	997
CA	-37.12	-15.367	43.607	997
C	-37.647	-14.61	42.391	997
N	-38.94	-14.29	42.358	998
CA	-39.521	-13.52	41.259	998
C	-38.98	-12.083	41.213	998
N	-38.834	-11.43	42.37	999
CA	-38.22	-10.101	42.466	999
C	-36.763	-10.109	41.98	999
N	-35.987	-11.139	42.333	1000
CA	-34.605	-11.278	41.866	1000
C	-34.5	-11.524	40.36	1000
N	-35.389	-12.338	39.778	1001
CA	-35.458	-12.538	38.318	1001
C	-35.772	-11.24	37.582	1001
N	-36.756	-10.495	38.076	1002
CA	-37.124	-9.177	37.537	1002
C	-35.932	-8.21	37.606	1002
N	-35.226	-8.186	38.744	1003
CA	-34.005	-7.39	38.922	1003
C	-32.884	-7.801	37.957	1003
N	-32.721	-9.102	37.701	1004
CA	-31.742	-9.633	36.759	1004
C	-31.978	-9.124	35.334	1004
N	-33.231	-9.14	34.881	1005
CA	-33.6	-8.682	33.547	1005
C	-33.41	-7.169	33.372	1005
N	-33.781	-6.348	34.363	1006
CA	-33.478	-4.908	34.344	1006
C	-31.963	-4.645	34.264	1006
N	-31.171	-5.432	34.995	1007
CA	-29.713	-5.328	35.003	1007
C	-29.088	-5.739	33.659	1007
N	-29.62	-6.771	33.001	1008
CA	-29.2	-7.174	31.655	1008
C	-29.542	-6.103	30.615	1008
N	-30.75	-5.536	30.676	1009
CA	-31.161	-4.431	29.808	1009
C	-30.224	-3.222	29.957	1009
N	-29.906	-2.81	31.191	1010
CA	-28.997	-1.684	31.422	1010
C	-27.581	-1.961	30.897	1010
N	-27.071	-3.186	31.067	1011
CA	-25.776	-3.571	30.492	1011
C	-25.794	-3.434	28.972	1011
N	-26.852	-3.939	28.326	1012
CA	-27.021	-3.881	26.873	1012
C	-27.015	-2.44	26.346	1012
N	-27.681	-1.513	27.041	1013
CA	-27.699	-0.08	26.686	1013
C	-26.311	0.569	26.841	1013
N	-25.521	0.175	27.845	1014
CA	-24.174	0.732	28.034	1014
C	-23.206	0.298	26.925	1014
N	-23.383	-0.922	26.42	1015
CA	-22.562	-1.519	25.365	1015
C	-22.842	-0.917	23.971	1015
N	-23.966	-0.205	23.799	1016
CA	-24.309	0.535	22.576	1016
C	-23.324	1.686	22.345	1016
N	-22.244	1.405	21.618	1017
CA	-21.128	2.337	21.415	1017
C	-21.493	3.504	20.499	1017
N	-22.431	3.279	19.581	1018
CA	-22.82	4.221	18.542	1018
C	-24.349	4.257	18.397	1018
N	-24.979	5.293	18.957	1019
CA	-26.426	5.512	18.86	1019
C	-26.876	5.724	17.41	1019
N	-25.994	6.243	16.549	1020
CA	-26.31	6.49	15.145	1020
C	-26.595	5.162	14.431	1020
N	-25.944	4.057	14.825	1021
CA	-26.255	2.723	14.27	1021
C	-27.683	2.264	14.557	1021
N	-28.242	2.603	15.722	1022
CA	-29.629	2.264	16.065	1022
C	-30.584	3.174	15.293	1022
N	-30.263	4.468	15.217	1023
CA	-31.059	5.469	14.499	1023
C	-31.103	5.155	12.999	1023
N	-29.997	4.695	12.429	1024
CA	-29.89	4.308	11.025	1024
C	-30.448	2.903	10.745	1024
N	-30.683	2.095	11.786	1025
CA	-31.274	0.759	11.671	1025
C	-30.274	-0.344	11.304	1025
N	-29.011	-0.211	11.715	1026
CA	-27.931	-1.177	11.469	1026
C	-27.556	-2.035	12.693	1026
N	-28.388	-2.072	13.736	1027
CA	-28.118	-2.848	14.95	1027
C	-28.51	-4.327	14.774	1027
N	-27.573	-5.239	15.042	1028
CA	-27.853	-6.676	15.122	1028
C	-28.582	-7.014	16.441	1028
N	-29.733	-7.684	16.333	1029
CA	-30.567	-8.091	17.47	1029
C	-30.054	-9.393	18.108	1029
N	-30.058	-9.469	19.442	1030
CA	-29.671	-10.68	20.178	1030
C	-30.888	-11.579	20.407	1030
N	-31.038	-12.603	19.568	1031
CA	-32.222	-13.463	19.573	1031
C	-32.138	-14.552	20.655	1031
N	-33.119	-14.59	21.557	1032
CA	-33.242	-15.582	22.623	1032
C	-34.688	-16.081	22.771	1032
N	-34.86	-17.261	23.371	1033
CA	-36.179	-17.738	23.797	1033
C	-36.611	-17.009	25.073	1033
N	-37.839	-16.497	25.096	1034
CA	-38.413	-15.833	26.263	1034
C	-39.93	-16.024	26.326	1034
N	-40.516	-15.784	27.5	1035
CA	-41.979	-15.707	27.646	1035
C	-42.419	-14.254	27.686	1035
N	-43.546	-13.933	27.044	1036
CA	-44.076	-12.566	27.077	1036
C	-44.374	-12.109	28.515	1036
N	-44.748	-13.047	29.392	1037
CA	-44.921	-12.794	30.818	1037
C	-43.687	-12.146	31.457	1037
N	-42.49	-12.674	31.188	1038
CA	-41.247	-12.19	31.794	1038
C	-40.962	-10.742	31.384	1038
N	-41.016	-10.475	30.075	1039
CA	-40.79	-9.142	29.504	1039
C	-41.802	-8.137	30.054	1039
N	-43.091	-8.49	30.064	1040
CA	-44.146	-7.584	30.507	1040
C	-44.061	-7.285	32.009	1040
N	-43.845	-8.301	32.852	1041
CA	-43.685	-8.116	34.306	1041
C	-42.5	-7.203	34.599	1041
N	-41.388	-7.393	33.892	1042
CA	-40.194	-6.578	34.091	1042
C	-40.377	-5.148	33.598	1042
N	-40.946	-4.919	32.413	1043
CA	-41.258	-3.563	31.933	1043
C	-42.247	-2.834	32.85	1043
N	-43.262	-3.531	33.375	1044
CA	-44.19	-2.97	34.36	1044
C	-43.462	-2.57	35.648	1044
N	-42.564	-3.421	36.154	1045
CA	-41.811	-3.154	37.387	1045
C	-41.013	-1.843	37.333	1045
N	-40.463	-1.493	36.163	1046
CA	-39.644	-0.291	35.961	1046
C	-40.439	1.007	36.144	1046
N	-41.753	0.964	35.917	1047
CA	-42.624	2.139	36.016	1047
C	-43.472	2.176	37.291	1047
N	-43.497	1.091	38.077	1048
CA	-44.315	0.977	39.295	1048
C	-44.045	2.096	40.304	1048
N	-42.781	2.467	40.53	1049
CA	-42.421	3.539	41.477	1049
C	-43.061	4.872	41.085	1049
N	-43.035	5.21	39.788	1050
CA	-43.639	6.44	39.259	1050
C	-45.167	6.371	39.289	1050
N	-45.73	5.214	38.94	1051
CA	-47.171	4.954	38.977	1051
C	-47.741	5.131	40.383	1051
N	-47.094	4.529	41.386	1052
CA	-47.484	4.634	42.791	1052
C	-47.398	6.082	43.289	1052
N	-46.348	6.817	42.903	1053
CA	-46.199	8.235	43.247	1053
C	-47.33	9.128	42.718	1053
N	-47.934	8.775	41.577	1054
CA	-49.097	9.472	40.997	1054
C	-50.445	8.814	41.322	1054
N	-50.451	7.743	42.121	1055
CA	-51.638	6.912	42.378	1055
C	-52.324	6.418	41.094	1055
N	-51.546	6.125	40.049	1056
CA	-52.06	5.589	38.785	1056
C	-52.203	4.075	38.915	1056
N	-53.363	3.548	38.519	1057
CA	-53.614	2.106	38.483	1057
C	-53.162	1.531	37.144	1057
N	-52.235	0.577	37.164	1058
CA	-51.865	-0.181	35.964	1058
C	-52.673	-1.477	35.93	1058
N	-53.356	-1.735	34.818	1059
CA	-54.136	-2.955	34.596	1059
C	-53.531	-3.726	33.436	1059
N	-53.13	-4.963	33.713	1060
CA	-52.686	-5.915	32.708	1060
C	-53.893	-6.75	32.255	1060
N	-54.374	-6.479	31.048	1061
CA	-55.494	-7.142	30.372	1061
C	-55.002	-8.05	29.223	1061
N	-53.735	-8.482	29.267	1062
CA	-53.201	-9.471	28.323	1062
C	-53.696	-10.86	28.726	1062
N	-54.318	-11.581	27.792	1063
CA	-54.86	-12.907	28.069	1063
C	-53.764	-13.894	28.52	1063
N	-54.068	-14.734	29.517	1064
CA	-53.078	-15.63	30.133	1064
C	-52.397	-16.6	29.157	1064
N	-53.104	-17.059	28.118	1065
CA	-52.524	-17.924	27.082	1065
C	-51.464	-17.202	26.234	1065
N	-51.618	-15.892	26.01	1066
CA	-50.639	-15.065	25.291	1066
C	-49.398	-14.852	26.165	1066
N	-49.59	-14.614	27.467	1067
CA	-48.476	-14.415	28.401	1067
C	-47.581	-15.653	28.557	1067
N	-48.156	-16.857	28.477	1068
CA	-47.425	-18.125	28.624	1068
C	-46.795	-18.629	27.318	1068
N	-46.989	-17.924	26.202	1069
CA	-46.399	-18.296	24.92	1069
C	-44.882	-18.042	24.923	1069
N	-44.116	-19.028	24.454	1070
CA	-42.665	-18.931	24.274	1070
C	-42.335	-18.379	22.891	1070
N	-41.693	-17.217	22.873	1071
CA	-41.317	-16.465	21.682	1071
C	-39.797	-16.467	21.523	1071
N	-39.332	-16.276	20.296	1072
CA	-37.923	-16.168	19.951	1072
C	-37.642	-14.787	19.347	1072
N	-36.797	-14.002	20.021	1073
CA	-36.517	-12.601	19.692	1073
C	-35.592	-11.91	20.692	1073
N	-35.332	-10.617	20.493	1074
CA	-34.547	-9.814	21.441	1074
C	-35.442	-9.289	22.572	1074
N	-35.494	-10.069	23.654	1075
CA	-36.33	-9.788	24.82	1075
C	-35.93	-8.496	25.533	1075
N	-34.635	-8.161	25.568	1076
CA	-34.116	-6.989	26.276	1076
C	-34.474	-5.698	25.542	1076
N	-34.414	-5.704	24.207	1077
CA	-34.867	-4.57	23.392	1077
C	-36.377	-4.412	23.434	1077
N	-37.137	-5.507	23.411	1078
CA	-38.592	-5.435	23.558	1078
C	-38.978	-4.9	24.947	1078
N	-38.264	-5.331	25.99	1079
CA	-38.412	-4.821	27.352	1079
C	-38.128	-3.316	27.433	1079
N	-37.076	-2.843	26.752	1080
CA	-36.723	-1.424	26.652	1080
C	-37.831	-0.61	25.992	1080
N	-38.297	-1.056	24.827	1081
CA	-39.403	-0.421	24.107	1081
C	-40.638	-0.307	25.002	1081
N	-41.04	-1.404	25.646	1082
CA	-42.225	-1.413	26.501	1082
C	-42.075	-0.505	27.722	1082
N	-40.9	-0.478	28.353	1083
CA	-40.637	0.389	29.496	1083
C	-40.76	1.877	29.118	1083
N	-40.207	2.28	27.971	1084
CA	-40.261	3.659	27.472	1084
C	-41.71	4.099	27.183	1084
N	-42.487	3.268	26.474	1085
CA	-43.892	3.57	26.164	1085
C	-44.824	3.496	27.389	1085
N	-44.506	2.673	28.389	1086
CA	-45.217	2.679	29.669	1086
C	-44.914	3.954	30.46	1086
N	-43.644	4.361	30.511	1087
CA	-43.212	5.544	31.245	1087
C	-43.839	6.812	30.664	1087
N	-43.831	6.965	29.334	1088
CA	-44.467	8.114	28.678	1088
C	-45.977	8.137	28.958	1088
N	-46.643	6.977	28.913	1089
CA	-48.078	6.865	29.198	1089
C	-48.402	7.296	30.634	1089
N	-47.579	6.912	31.615	1090
CA	-47.717	7.321	33.026	1090
C	-47.397	8.808	33.227	1090
N	-46.451	9.365	32.469	1091
CA	-46.13	10.788	32.531	1091
C	-47.32	11.659	32.103	1091
N	-48.077	11.242	31.083	1092
CA	-49.245	11.973	30.57	1092
C	-50.599	11.531	31.14	1092
N	-50.617	10.51	31.998	1093
CA	-51.814	10.152	32.766	1093
C	-51.973	11.094	33.969	1093
N	-53.169	11.673	34.202	1094
CA	-53.439	12.477	35.39	1094
C	-53.386	11.625	36.666	1094
N	-53.128	12.264	37.808	1095
CA	-53.088	11.574	39.1	1095
C	-54.423	10.867	39.391	1095
N	-54.363	9.643	39.921	1096
CA	-55.551	8.801	40.126	1096
C	-56.108	8.15	38.851	1096
N	-55.466	8.357	37.696	1097
CA	-55.861	7.752	36.429	1097
C	-55.52	6.264	36.321	1097
N	-55.733	5.716	35.127	1098
CA	-55.485	4.311	34.824	1098
C	-54.701	4.169	33.519	1098
N	-53.776	3.21	33.502	1099
CA	-53.088	2.728	32.301	1099
C	-53.445	1.258	32.109	1099
N	-53.882	0.885	30.911	1100
CA	-54.286	-0.482	30.566	1100
C	-53.346	-1.018	29.5	1100
N	-52.729	-2.164	29.771	1101
CA	-51.927	-2.908	28.8	1101
C	-52.742	-4.1	28.332	1101
N	-53.069	-4.145	27.049	1102
CA	-53.732	-5.281	26.416	1102
C	-52.866	-5.807	25.27	1102
N	-53.086	-7.057	24.875	1103
CA	-52.249	-7.722	23.888	1103
C	-53.038	-8.704	23.047	1103
N	-52.7	-8.77	21.767	1104
CA	-53.171	-9.792	20.843	1104
C	-51.975	-10.455	20.17	1104
N	-52.12	-11.743	19.882	1105
CA	-51.072	-12.552	19.288	1105
C	-51.693	-13.393	18.184	1105
N	-51.216	-13.194	16.96	1106
CA	-51.679	-13.938	15.786	1106
C	-50.532	-14.774	15.241	1106
N	-50.795	-16.066	15.018	1107
CA	-49.809	-17.015	14.498	1107
C	-50.093	-17.263	13.026	1107
N	-49.117	-16.984	12.18	1108
CA	-49.147	-17.312	10.76	1108
C	-48.192	-18.481	10.516	1108
N	-48.715	-19.576	9.964	1109
CA	-47.904	-20.747	9.66	1109
C	-47.087	-20.488	8.391	1109
N	-45.763	-20.491	8.529	1110
CA	-44.82	-20.335	7.432	1110
C	-44.131	-21.671	7.155	1110
N	-44.723	-22.416	6.221	1111
CA	-44.28	-23.762	5.878	1111
C	-44.581	-24.789	6.975	1111
N	-43.819	-25.888	6.995	1112
CA	-44.089	-27.01	7.911	1112
C	-43.563	-26.79	9.334	1112
N	-42.525	-25.973	9.522	1113
CA	-41.754	-25.936	10.776	1113
C	-41.699	-24.581	11.481	1113
N	-41.982	-23.456	10.816	1114
CA	-41.839	-22.121	11.424	1114
C	-43.204	-21.453	11.525	1114
N	-43.54	-20.951	12.71	1115
CA	-44.735	-20.133	12.904	1115
C	-44.272	-18.718	13.204	1115
N	-44.669	-17.788	12.345	1116
CA	-44.488	-16.377	12.603	1116
C	-45.541	-15.918	13.591	1116
N	-45.137	-15.058	14.503	1117
CA	-45.997	-14.515	15.533	1117
C	-46.009	-13.009	15.382	1117
N	-47.166	-12.463	15.016	1118
CA	-47.405	-11.023	15.07	1118
C	-47.965	-10.7	16.445	1118
N	-47.138	-10.048	17.252	1119
CA	-47.489	-9.55	18.573	1119
C	-47.929	-8.093	18.44	1119
N	-49.143	-7.783	18.887	1120
CA	-49.627	-6.41	19.006	1120
C	-49.967	-6.112	20.47	1120
N	-49.283	-5.132	21.059	1121
CA	-49.48	-4.669	22.43	1121
C	-50.025	-3.244	22.417	1121
N	-51.156	-3.026	23.079	1122
CA	-51.756	-1.704	23.228	1122
C	-51.582	-1.178	24.651	1122
N	-51.011	0.017	24.802	1123
CA	-50.891	0.739	26.074	1123
C	-51.847	1.929	26.032	1123
N	-52.995	1.778	26.684	1124
CA	-54.045	2.799	26.753	1124
C	-53.911	3.605	28.035	1124
N	-53.931	4.928	27.936	1125
CA	-53.891	5.838	29.071	1125
C	-54.966	6.922	28.972	1125
N	-55.452	7.357	30.133	1126
CA	-56.338	8.514	30.241	1126
C	-55.565	9.833	30.237	1126
N	-56.272	10.941	30.022	1127
CA	-55.705	12.291	30.091	1127
C	-55.757	13.039	28.766	1127
N	-54.981	14.12	28.672	1128
CA	-54.895	14.937	27.459	1128
C	-54.213	14.217	26.295	1128
N	-53.569	13.071	26.52	1129
CA	-52.693	12.428	25.544	1129
C	-51.304	13.07	25.498	1129
N	-50.423	12.454	24.714	1130
CA	-49.026	12.843	24.535	1130
C	-48.956	14.065	23.609	1130
N	-48.189	15.109	23.968	1131
CA	-47.978	16.284	23.136	1131
C	-47.52	15.928	21.721	1131
N	-48.085	16.615	20.73	1132
CA	-47.778	16.4	19.311	1132
C	-46.293	16.619	18.986	1132
N	-45.614	17.499	19.732	1133
CA	-44.165	17.724	19.612	1133
C	-43.37	16.443	19.887	1133
N	-43.726	15.679	20.926	1134
CA	-43.052	14.419	21.263	1134
C	-43.364	13.32	20.246	1134
N	-44.608	13.264	19.759	1135
CA	-44.98	12.346	18.682	1135
C	-44.166	12.648	17.417	1135
N	-44.029	13.919	17.038	1136
CA	-43.216	14.33	15.892	1136
C	-41.734	13.947	16.047	1136
N	-41.186	14.017	17.265	1137
CA	-39.819	13.566	17.562	1137
C	-39.67	12.047	17.389	1137
N	-40.646	11.251	17.843	1138
CA	-40.696	9.801	17.588	1138
C	-40.716	9.464	16.082	1138
N	-41.301	10.334	15.248	1139
CA	-41.33	10.164	13.791	1139
C	-40.08	10.685	13.058	1139
N	-39.127	11.312	13.761	1140
CA	-37.859	11.788	13.198	1140
C	-37.922	13.173	12.545	1140
N	-38.885	14.022	12.918	1141
CA	-38.934	15.401	12.425	1141
C	-37.955	16.296	13.217	1141
N	-37.156	17.11	12.499	1142
CA	-35.999	17.957	12.9	1142
C	-36.203	18.986	14.054	1142
N	-36.939	18.652	15.109	1143
CA	-37.104	19.497	16.291	1143
C	-35.923	19.407	17.262	1143
N	-35.856	20.358	18.2	1144
CA	-35.01	20.263	19.396	1144
C	-35.316	18.954	20.133	1144
N	-34.36	18.035	20.124	1145
CA	-34.519	16.69	20.661	1145
C	-34.63	16.735	22.19	1145
N	-35.817	16.424	22.708	1146
CA	-36.006	16.203	24.141	1146
C	-35.563	14.785	24.507	1146
N	-35.167	14.556	25.762	1147
CA	-34.788	13.221	26.258	1147
C	-35.888	12.176	25.993	1147
N	-37.147	12.535	26.266	1148
CA	-38.313	11.681	26.01	1148
C	-38.508	11.415	24.508	1148
N	-38.288	12.416	23.651	1149
CA	-38.406	12.254	22.202	1149
C	-37.336	11.35	21.595	1149
N	-36.087	11.446	22.069	1150
CA	-34.991	10.555	21.65	1150
C	-35.305	9.115	22.064	1150
N	-35.783	8.907	23.295	1151
CA	-36.19	7.584	23.786	1151
C	-37.288	6.962	22.912	1151
N	-38.33	7.722	22.554	1152
CA	-39.387	7.234	21.66	1152
C	-38.879	6.95	20.239	1152
N	-37.996	7.801	19.705	1153
CA	-37.38	7.6	18.392	1153
C	-36.57	6.298	18.361	1153
N	-35.702	6.085	19.354	1154
CA	-34.901	4.862	19.496	1154
C	-35.816	3.646	19.642	1154
N	-36.824	3.715	20.512	1155
CA	-37.774	2.621	20.724	1155
C	-38.538	2.248	19.449	1155
N	-38.946	3.232	18.641	1156
CA	-39.545	2.97	17.328	1156
C	-38.554	2.344	16.344	1156
N	-37.294	2.783	16.335	1157
CA	-36.248	2.196	15.48	1157
C	-35.959	0.743	15.862	1157
N	-35.948	0.426	17.157	1158
CA	-35.862	-0.947	17.66	1158
C	-37.06	-1.797	17.218	1158
N	-38.288	-1.267	17.283	1159
CA	-39.46	-1.965	16.736	1159
C	-39.313	-2.235	15.239	1159
N	-38.804	-1.273	14.462	1160
CA	-38.553	-1.476	13.027	1160
C	-37.53	-2.571	12.745	1160
N	-36.505	-2.714	13.586	1161
CA	-35.557	-3.832	13.501	1161
C	-36.224	-5.185	13.79	1161
N	-37.302	-5.191	14.576	1162
CA	-38.158	-6.355	14.839	1162
C	-39.315	-6.486	13.829	1162
N	-39.191	-5.881	12.638	1163
CA	-40.234	-5.813	11.6	1163
C	-41.589	-5.274	12.096	1163
N	-41.545	-4.463	13.144	1164
CA	-42.678	-3.83	13.783	1164
C	-42.752	-2.328	13.533	1164
N	-43.823	-1.708	14.012	1165
CA	-43.907	-0.253	14.161	1165
C	-44.825	0.107	15.34	1165
N	-44.848	1.39	15.682	1166
CA	-45.76	1.976	16.662	1166
C	-46.782	2.877	15.978	1166
N	-48.047	2.733	16.373	1167
CA	-49.131	3.662	16.041	1167
C	-49.605	4.36	17.308	1167
N	-49.994	5.623	17.185	1168
CA	-50.611	6.374	18.273	1168
C	-52.038	6.748	17.888	1168
N	-53.003	6.344	18.709	1169
CA	-54.415	6.661	18.537	1169
C	-54.873	7.567	19.673	1169
N	-55.61	8.62	19.324	1170
CA	-56.187	9.565	20.278	1170
C	-57.695	9.596	20.083	1170
N	-58.417	9.092	21.07	1171
CA	-59.874	9.122	21.15	1171
C	-60.324	10.11	22.238	1171
N	-61.621	10.42	22.287	1172
CA	-62.169	11.339	23.28	1172
C	-61.947	10.808	24.713	1172
N	-60.968	11.385	25.418	1173
CA	-60.63	11.068	26.811	1173
C	-59.67	9.889	27.016	1173
N	-59.277	9.176	25.952	1174
CA	-58.324	8.055	26.009	1174
C	-57.346	8.115	24.849	1174
N	-56.096	7.775	25.114	1175
CA	-55.064	7.656	24.088	1175
C	-54.378	6.307	24.199	1175
N	-53.922	5.75	23.083	1176
CA	-53.295	4.44	23.052	1176
C	-52.07	4.415	22.138	1176
N	-50.979	3.838	22.636	1177
CA	-49.887	3.358	21.794	1177
C	-50.173	1.917	21.397	1177
N	-50.086	1.607	20.109	1178
CA	-50.198	0.254	19.568	1178
C	-48.828	-0.124	19.026	1178
N	-48.154	-1.018	19.736	1179
CA	-46.831	-1.532	19.424	1179
C	-47.003	-2.863	18.706	1179
N	-46.431	-2.988	17.519	1180
CA	-46.415	-4.24	16.763	1180
C	-44.984	-4.737	16.639	1180
N	-44.774	-6.047	16.729	1181
CA	-43.493	-6.698	16.472	1181
C	-43.728	-8.082	15.855	1181
N	-42.866	-8.483	14.921	1182
CA	-42.873	-9.831	14.353	1182
C	-41.781	-10.671	15.018	1182
N	-42.194	-11.778	15.626	1183
CA	-41.348	-12.691	16.389	1183
C	-41.553	-14.118	15.872	1183
N	-40.635	-15.03	16.177	1184
CA	-40.831	-16.446	15.869	1184
C	-41.421	-17.182	17.082	1184
N	-42.303	-18.159	16.858	1185
CA	-42.719	-19.07	17.923	1185
C	-41.57	-20.039	18.227	1185
N	-41.187	-20.167	19.497	1186
CA	-40.226	-21.183	19.898	1186
C	-40.908	-22.557	19.794	1186
N	-40.573	-23.331	18.76	1187
CA	-40.946	-24.743	18.723	1187
C	-40.129	-25.491	19.768	1187
N	-40.758	-26.45	20.452	1188
CA	-40.034	-27.476	21.191	1188
C	-39.14	-28.234	20.194	1188
N	-37.899	-27.787	20.002	1189
CA	-36.825	-28.481	19.274	1189
C	-36.413	-29.816	19.942	1189
N	-37.264	-30.368	20.815	1190
CA	-37.126	-31.675	21.463	1190
C	-37.95	-32.783	20.793	1190
N	-38.554	-32.532	19.631	1191
CA	-39.162	-33.587	18.816	1191
C	-38.132	-34.222	17.876	1191
