ATOM	X	Y	Z	RESIDUE
N	8.759	16.959	-16.841	1
CA	9.883	16.557	-15.962	1
C	10.061	15.05	-16.069	1
N	11.253	14.523	-15.798	2
CA	11.479	13.079	-15.644	2
C	10.863	12.559	-14.335	2
N	10.791	11.236	-14.177	3
CA	10.41	10.565	-12.928	3
C	11.673	10.143	-12.16	3
N	11.73	10.416	-10.855	4
CA	12.835	10.005	-9.98	4
C	12.666	8.568	-9.465	4
N	13.7	7.966	-8.885	5
CA	13.504	6.763	-8.06	5
C	13.053	7.161	-6.656	5
N	12.089	6.437	-6.087	6
CA	11.666	6.608	-4.69	6
C	12.082	5.412	-3.836	6
N	12.359	5.678	-2.564	7
CA	12.726	4.654	-1.587	7
C	11.502	3.816	-1.199	7
N	11.693	2.501	-1.063	8
CA	10.668	1.573	-0.571	8
C	10.526	1.728	0.938	8
N	9.763	2.735	1.348	9
CA	9.534	3.097	2.741	9
C	8.05	3.446	2.935	9
N	7.399	2.935	3.987	10
CA	5.974	3.16	4.223	10
C	5.663	4.618	4.553	10
N	6.599	5.353	5.159	11
CA	6.448	6.774	5.435	11
C	6.489	7.593	4.148	11
N	7.32	7.193	3.182	12
CA	7.324	7.754	1.823	12
C	6.009	7.438	1.115	12
N	5.573	6.176	1.1	13
CA	4.376	5.764	0.358	13
C	3.101	6.346	0.978	13
N	2.998	6.367	2.307	14
CA	1.88	7.004	3.015	14
C	1.796	8.497	2.705	14
N	2.913	9.229	2.761	15
CA	2.897	10.666	2.465	15
C	2.657	10.932	0.967	15
N	3.12	10.052	0.073	16
CA	2.813	10.106	-1.359	16
C	1.311	9.944	-1.623	16
N	0.675	8.95	-0.999	17
CA	-0.777	8.724	-1.064	17
C	-1.531	9.974	-0.581	17
N	-1.101	10.567	0.537	18
CA	-1.688	11.805	1.064	18
C	-1.503	13.008	0.126	18
N	-0.347	13.141	-0.532	19
CA	-0.114	14.213	-1.508	19
C	-0.975	14.077	-2.768	19
N	-1.374	12.855	-3.127	20
CA	-2.367	12.595	-4.177	20
C	-3.816	12.801	-3.696	20
N	-4.011	13.37	-2.5	21
CA	-5.308	13.68	-1.884	21
C	-6.197	12.467	-1.572	21
N	-5.613	11.272	-1.527	22
CA	-6.304	10.053	-1.101	22
C	-6.506	10.103	0.414	22
N	-7.705	9.752	0.886	23
CA	-8.066	9.795	2.314	23
C	-8.271	8.404	2.9	23
N	-8.161	8.297	4.224	24
CA	-8.5	7.078	4.963	24
C	-7.565	5.889	4.747	24
N	-6.406	6.103	4.12	25
CA	-5.434	5.057	3.782	25
C	-4.064	5.401	4.356	25
N	-3.324	4.374	4.759	26
CA	-1.896	4.459	5.043	26
C	-1.188	3.209	4.523	26
N	0.111	3.33	4.289	27
CA	0.981	2.194	4.018	27
C	1.704	1.768	5.304	27
N	2.039	0.489	5.429	28
CA	2.72	-0.057	6.602	28
C	3.943	-0.883	6.219	28
N	5.02	-0.676	6.992	29
CA	6.374	-1.166	6.687	29
C	6.509	-2.675	6.658	29
N	5.734	-3.39	7.463	30
CA	6.133	-4.738	7.816	30
C	4.922	-5.616	8.08	30
N	4.498	-6.305	7.024	31
CA	4.398	-7.745	7.192	31
C	5.831	-8.267	7.234	31
N	6.476	-8.166	8.401	32
CA	7.683	-8.924	8.698	32
C	7.285	-10.409	8.612	32
N	7.253	-10.936	7.384	33
CA	7.682	-12.283	7.088	33
C	9.042	-12.363	7.757	33
N	9.087	-12.905	8.968	34
CA	10.342	-13.307	9.565	34
C	10.899	-14.394	8.654	34
N	11.61	-13.982	7.607	35
CA	12.59	-14.762	6.867	35
C	13.91	-14.78	7.64	35
N	13.852	-14.603	8.968	36
CA	14.938	-14.926	9.895	36
C	15.141	-16.442	10.031	36
N	14.831	-17.194	8.979	37
CA	14.977	-18.637	8.915	37
C	16.413	-19.056	8.662	37
N	17.166	-18.401	7.77	38
CA	18.503	-18.921	7.423	38
C	19.559	-18.744	8.522	38
N	19.516	-17.666	9.31	39
CA	20.476	-17.499	10.418	39
C	20.113	-18.297	11.67	39
N	18.83	-18.58	11.92	40
CA	18.435	-19.432	13.048	40
C	18.583	-20.924	12.716	40
N	18.461	-21.304	11.437	41
CA	18.732	-22.681	11.022	41
C	20.197	-23.052	11.123	41
N	21.173	-22.141	11.024	42
CA	22.596	-22.512	11.128	42
C	23.034	-22.811	12.571	42
N	22.539	-22.053	13.553	43
CA	22.8	-22.329	14.972	43
C	22.021	-23.544	15.485	43
N	20.82	-23.797	14.955	44
CA	19.998	-24.948	15.341	44
C	20.3	-26.212	14.511	44
N	20.817	-26.084	13.281	45
CA	21.408	-27.196	12.516	45
C	22.601	-27.794	13.248	45
N	23.459	-26.957	13.839	46
CA	24.594	-27.435	14.623	46
C	24.161	-28.276	15.843	46
N	22.938	-28.07	16.348	47
CA	22.337	-28.871	17.42	47
C	21.591	-30.112	16.899	47
N	21.0	-30.05	15.702	48
CA	20.198	-31.136	15.124	48
C	21.005	-32.16	14.318	48
N	22.194	-31.824	13.807	49
CA	23.075	-32.795	13.116	49
C	23.521	-33.947	14.043	49
N	23.347	-33.813	15.365	50
CA	23.567	-34.887	16.345	50
C	22.311	-35.693	16.732	50
N	21.124	-35.345	16.234	51
CA	19.876	-36.045	16.538	51
C	19.267	-36.579	15.235	51
N	19.147	-37.905	15.124	52
CA	18.833	-38.623	13.882	52
C	17.581	-38.177	13.104	52
N	17.454	-38.721	11.888	53
CA	16.555	-38.305	10.79	53
C	15.078	-38.037	11.155	53
N	14.554	-38.609	12.244	54
CA	13.164	-38.409	12.672	54
C	12.862	-37.004	13.234	54
N	13.843	-36.274	13.786	55
CA	13.595	-34.908	14.28	55
C	13.544	-33.865	13.158	55
N	14.199	-34.119	12.023	56
CA	14.21	-33.2	10.882	56
C	12.798	-32.97	10.323	56
N	12.015	-34.042	10.168	57
CA	10.628	-33.955	9.705	57
C	9.707	-33.295	10.735	57
N	9.907	-33.577	12.027	58
CA	9.105	-32.989	13.098	58
C	9.372	-31.483	13.237	58
N	10.643	-31.062	13.208	59
CA	11.011	-29.648	13.195	59
C	10.473	-28.955	11.947	59
N	10.616	-29.527	10.743	60
CA	10.088	-28.925	9.505	60
C	8.58	-28.672	9.583	60
N	7.808	-29.62	10.117	61
CA	6.362	-29.456	10.293	61
C	5.998	-28.412	11.362	61
N	6.722	-28.378	12.486	62
CA	6.488	-27.423	13.583	62
C	6.889	-25.983	13.212	62
N	7.909	-25.86	12.369	63
CA	8.476	-24.603	11.897	63
C	7.639	-23.987	10.756	63
N	6.998	-24.824	9.936	64
CA	6.074	-24.385	8.888	64
C	4.727	-23.904	9.463	64
N	4.307	-24.397	10.64	65
CA	3.094	-23.916	11.32	65
C	3.24	-22.533	11.969	65
N	4.411	-22.15	12.498	66
CA	4.584	-20.813	13.113	66
C	4.666	-19.664	12.086	66
N	5.116	-19.929	10.853	67
CA	5.089	-18.921	9.78	67
C	3.668	-18.594	9.302	67
N	2.765	-19.579	9.346	68
CA	1.348	-19.399	9.023	68
C	0.636	-18.547	10.082	68
N	1.026	-18.662	11.355	69
CA	0.442	-17.835	12.413	69
C	0.861	-16.367	12.325	69
N	2.108	-16.03	11.983	70
CA	2.536	-14.621	11.982	70
C	1.811	-13.755	10.941	70
N	1.532	-14.311	9.759	71
CA	0.716	-13.63	8.748	71
C	-0.722	-13.53	9.217	71
N	-1.278	-14.582	9.819	72
CA	-2.644	-14.561	10.335	72
C	-2.82	-13.559	11.489	72
N	-1.891	-13.532	12.44	73
CA	-1.919	-12.634	13.598	73
C	-1.76	-11.181	13.147	73
N	-0.761	-10.861	12.313	74
CA	-0.577	-9.494	11.808	74
C	-1.736	-9.061	10.909	74
N	-2.185	-9.924	9.995	75
CA	-3.32	-9.6	9.127	75
C	-4.588	-9.319	9.919	75
N	-4.821	-9.974	11.064	76
CA	-6.002	-9.716	11.904	76
C	-6.011	-8.292	12.478	76
N	-4.846	-7.767	12.887	77
CA	-4.705	-6.42	13.466	77
C	-4.689	-5.296	12.428	77
N	-4.274	-5.586	11.194	78
CA	-4.103	-4.577	10.146	78
C	-5.372	-4.3	9.329	78
N	-6.474	-5.007	9.603	79
CA	-7.705	-4.908	8.806	79
C	-8.365	-3.522	8.844	79
N	-9.037	-3.132	7.745	80
CA	-9.045	-3.812	6.443	80
C	-7.735	-3.58	5.667	80
N	-7.27	-4.629	4.977	81
CA	-6.124	-4.581	4.055	81
C	-6.664	-4.494	2.631	81
N	-6.255	-3.466	1.897	82
CA	-6.765	-3.145	0.563	82
C	-5.961	-3.804	-0.56	82
N	-4.673	-4.028	-0.32	83
CA	-3.768	-4.682	-1.252	83
C	-2.351	-4.73	-0.7	83
N	-1.516	-5.547	-1.327	84
CA	-0.1	-5.676	-1.014	84
C	0.736	-5.108	-2.153	84
N	1.831	-4.442	-1.81	85
CA	2.85	-3.97	-2.741	85
C	4.117	-4.777	-2.485	85
N	4.568	-5.52	-3.49	86
CA	5.739	-6.378	-3.376	86
C	6.875	-5.857	-4.246	86
N	8.013	-5.608	-3.607	87
CA	9.27	-5.228	-4.225	87
C	10.205	-6.429	-4.287	87
N	10.762	-6.67	-5.464	88
CA	11.784	-7.686	-5.673	88
C	12.804	-7.22	-6.709	88
N	13.987	-7.835	-6.698	89
CA	14.989	-7.617	-7.742	89
C	14.484	-8.197	-9.062	89
N	14.428	-7.37	-10.097	90
CA	14.064	-7.796	-11.439	90
C	15.249	-8.488	-12.114	90
N	15.009	-9.664	-12.695	91
CA	16.028	-10.417	-13.429	91
C	15.724	-10.337	-14.932	91
N	16.598	-9.701	-15.737	92
CA	16.388	-9.59	-17.173	92
C	16.289	-10.963	-17.846	92
N	15.242	-11.162	-18.648	93
CA	15.031	-12.392	-19.418	93
C	14.308	-13.507	-18.662	93
N	14.019	-13.327	-17.371	94
CA	13.101	-14.211	-16.665	94
C	11.687	-14.011	-17.223	94
N	11.171	-15.039	-17.899	95
CA	9.795	-15.056	-18.386	95
C	8.929	-15.755	-17.357	95
N	8.069	-14.985	-16.712	96
CA	6.994	-15.535	-15.903	96
C	5.834	-15.939	-16.822	96
N	5.819	-17.218	-17.207	97
CA	4.873	-17.803	-18.168	97
C	3.474	-18.071	-17.591	97
N	3.191	-17.645	-16.349	98
CA	1.839	-17.764	-15.791	98
C	0.832	-17.059	-16.71	98
N	-0.308	-17.702	-17.018	99
CA	-1.285	-17.148	-17.94	99
C	-1.845	-15.83	-17.403	99
N	-1.906	-14.83	-18.278	100
CA	-2.602	-13.568	-18.019	100
C	-4.049	-13.661	-18.493	100
N	-4.927	-12.881	-17.872	101
CA	-6.317	-12.763	-18.309	101
C	-6.358	-11.941	-19.595	101
N	-6.812	-12.563	-20.69	102
CA	-6.87	-11.93	-22.021	102
C	-7.993	-10.906	-22.162	102
N	-9.116	-11.153	-21.497	103
CA	-10.285	-10.273	-21.483	103
C	-10.648	-9.981	-20.02	103
N	-9.876	-9.104	-19.352	104
CA	-10.112	-8.787	-17.956	104
C	-11.434	-8.041	-17.797	104
N	-12.011	-8.129	-16.598	105
CA	-13.194	-7.354	-16.25	105
C	-12.968	-5.868	-16.611	105
N	-13.864	-5.222	-17.38	106
CA	-13.67	-3.841	-17.827	106
C	-13.577	-2.833	-16.671	106
N	-14.113	-3.173	-15.494	107
CA	-14.016	-2.355	-14.287	107
C	-12.674	-2.521	-13.552	107
N	-11.889	-3.559	-13.87	108
CA	-10.558	-3.761	-13.308	108
C	-9.581	-2.765	-13.946	108
N	-9.011	-1.904	-13.117	109
CA	-7.975	-0.975	-13.518	109
C	-6.627	-1.699	-13.628	109
N	-6.151	-1.891	-14.857	110
CA	-4.818	-2.41	-15.162	110
C	-4.113	-1.482	-16.157	110
N	-2.858	-1.133	-15.877	111
CA	-2.06	-0.208	-16.675	111
C	-0.661	-0.783	-16.914	111
N	-0.13	-0.614	-18.127	112
CA	1.252	-0.973	-18.442	112
C	2.228	0.086	-17.946	112
N	3.412	-0.357	-17.547	113
CA	4.48	0.52	-17.111	113
C	5.182	1.127	-18.318	113
N	4.954	2.423	-18.519	114
CA	5.568	3.191	-19.613	114
C	6.92	3.781	-19.197	114
N	7.109	4.08	-17.905	115
CA	8.33	4.698	-17.367	115
C	8.891	3.838	-16.234	115
N	10.165	3.446	-16.337	116
CA	10.843	2.552	-15.378	116
C	10.781	3.058	-13.937	116
N	11.034	4.35	-13.726	117
CA	11.091	4.947	-12.39	117
C	9.707	5.199	-11.757	117
N	8.614	5.0	-12.502	118
CA	7.252	5.212	-12.007	118
C	6.631	3.956	-11.361	118
N	7.352	2.827	-11.347	119
CA	6.856	1.51	-10.931	119
C	6.187	1.511	-9.547	119
N	6.804	2.157	-8.555	120
CA	6.267	2.25	-7.2	120
C	4.898	2.95	-7.159	120
N	4.786	4.121	-7.795	121
CA	3.515	4.854	-7.881	121
C	2.473	4.067	-8.652	121
N	2.861	3.408	-9.737	122
CA	1.936	2.601	-10.514	122
C	1.391	1.407	-9.722	122
N	2.223	0.735	-8.924	123
CA	1.779	-0.345	-8.047	123
C	0.791	0.167	-6.98	123
N	1.063	1.331	-6.374	124
CA	0.137	1.989	-5.434	124
C	-1.201	2.305	-6.118	124
N	-1.176	2.964	-7.282	125
CA	-2.389	3.322	-8.026	125
C	-3.192	2.088	-8.448	125
N	-2.514	0.987	-8.776	126
CA	-3.153	-0.286	-9.124	126
C	-3.992	-0.839	-7.97	126
N	-3.573	-0.651	-6.716	127
CA	-4.41	-0.987	-5.554	127
C	-5.516	0.051	-5.375	127
N	-5.162	1.335	-5.265	128
CA	-6.115	2.4	-4.927	128
C	-7.281	2.496	-5.92	128
N	-7.004	2.409	-7.223	129
CA	-8.03	2.53	-8.259	129
C	-8.945	1.307	-8.358	129
N	-8.632	0.198	-7.692	130
CA	-9.438	-1.024	-7.709	130
C	-10.212	-1.273	-6.406	130
N	-10.145	-0.353	-5.435	131
CA	-10.823	-0.471	-4.135	131
C	-11.876	0.634	-3.976	131
N	-13.147	0.378	-4.347	132
CA	-14.191	1.406	-4.414	132
C	-14.55	2.036	-3.06	132
N	-14.214	1.388	-1.948	133
CA	-14.396	1.912	-0.594	133
C	-13.375	2.995	-0.198	133
N	-12.326	3.201	-1.002	134
CA	-11.307	4.228	-0.773	134
C	-11.723	5.539	-1.454	134
N	-11.707	6.646	-0.705	135
CA	-11.764	7.997	-1.279	135
C	-10.409	8.328	-1.925	135
N	-10.298	8.07	-3.232	136
CA	-9.08	8.32	-4.017	136
C	-8.861	9.803	-4.358	136
N	-9.744	10.702	-3.918	137
CA	-9.645	12.127	-4.209	137
C	-10.061	12.497	-5.642	137
N	-10.204	13.802	-5.929	138
CA	-10.795	14.274	-7.177	138
C	-9.898	14.027	-8.394	138
N	-8.582	14.234	-8.282	139
CA	-7.659	14.062	-9.408	139
C	-7.572	12.6	-9.867	139
N	-7.463	11.643	-8.935	140
CA	-7.419	10.222	-9.297	140
C	-8.783	9.71	-9.76	140
N	-9.883	10.226	-9.2	141
CA	-11.235	9.914	-9.68	141
C	-11.416	10.346	-11.133	141
N	-11.023	11.58	-11.463	142
CA	-11.077	12.091	-12.83	142
C	-10.192	11.272	-13.774	142
N	-8.974	10.918	-13.35	143
CA	-8.078	10.087	-14.153	143
C	-8.669	8.691	-14.401	143
N	-9.255	8.065	-13.374	144
CA	-9.89	6.746	-13.481	144
C	-11.086	6.776	-14.434	144
N	-11.937	7.797	-14.344	145
CA	-13.069	7.986	-15.258	145
C	-12.593	8.23	-16.698	145
N	-11.657	9.167	-16.885	146
CA	-11.101	9.522	-18.194	146
C	-10.49	8.319	-18.921	146
N	-9.853	7.419	-18.174	147
CA	-9.158	6.251	-18.724	147
C	-9.994	4.968	-18.713	147
N	-11.283	5.027	-18.353	148
CA	-12.125	3.839	-18.169	148
C	-12.15	2.901	-19.383	148
N	-12.247	3.46	-20.593	149
CA	-12.282	2.705	-21.852	149
C	-10.905	2.526	-22.53	149
N	-9.811	2.927	-21.879	150
CA	-8.475	2.885	-22.476	150
C	-7.846	1.493	-22.384	150
N	-6.97	1.183	-23.344	151
CA	-6.081	0.017	-23.261	151
C	-5.073	0.184	-22.115	151
N	-4.459	-0.907	-21.619	152
CA	-3.445	-0.823	-20.568	152
C	-2.278	0.121	-20.9	152
N	-1.832	0.164	-22.161	153
CA	-0.791	1.094	-22.623	153
C	-1.223	2.557	-22.503	153
N	-2.455	2.866	-22.919	154
CA	-2.999	4.22	-22.848	154
C	-3.268	4.65	-21.399	154
N	-3.686	3.725	-20.522	155
CA	-3.774	3.954	-19.068	155
C	-2.4	4.294	-18.486	155
N	-1.376	3.513	-18.83	156
CA	0.011	3.765	-18.432	156
C	0.529	5.121	-18.911	156
N	0.245	5.463	-20.17	157
CA	0.616	6.747	-20.756	157
C	-0.091	7.914	-20.053	157
N	-1.378	7.772	-19.731	158
CA	-2.139	8.78	-18.996	158
C	-1.568	9.023	-17.587	158
N	-1.208	7.962	-16.849	159
CA	-0.524	8.077	-15.547	159
C	0.81	8.813	-15.714	159
N	1.622	8.402	-16.693	160
CA	2.963	8.956	-16.913	160
C	2.968	10.457	-17.244	160
N	1.894	10.929	-17.885	161
CA	1.685	12.319	-18.287	161
C	0.922	13.157	-17.251	161
N	0.446	12.555	-16.161	162
CA	-0.229	13.287	-15.094	162
C	0.769	14.138	-14.303	162
N	0.665	15.464	-14.436	163
CA	1.538	16.412	-13.734	163
C	1.363	16.334	-12.215	163
N	0.132	16.158	-11.724	164
CA	-0.147	16.077	-10.286	164
C	0.516	14.85	-9.665	164
N	0.34	13.68	-10.287	165
CA	0.947	12.422	-9.835	165
C	2.471	12.516	-9.924	165
N	3.006	13.0	-11.052	166
CA	4.455	13.145	-11.229	166
C	5.063	14.135	-10.235	166
N	4.379	15.235	-9.932	167
CA	4.841	16.223	-8.945	167
C	4.853	15.629	-7.543	167
N	3.789	14.921	-7.15	168
CA	3.72	14.247	-5.857	168
C	4.843	13.207	-5.715	168
N	5.009	12.346	-6.724	169
CA	6.078	11.349	-6.793	169
C	7.469	11.99	-6.674	169
N	7.769	12.978	-7.523	170
CA	9.071	13.645	-7.539	170
C	9.345	14.473	-6.278	170
N	8.326	14.789	-5.472	171
CA	8.544	15.447	-4.183	171
C	9.33	14.569	-3.201	171
N	9.418	13.256	-3.447	172
CA	10.187	12.284	-2.662	172
C	11.524	11.905	-3.306	172
N	11.934	12.62	-4.358	173
CA	13.253	12.464	-4.948	173
C	14.348	12.735	-3.908	173
N	15.39	11.9	-3.917	174
CA	16.624	12.224	-3.203	174
C	17.256	13.456	-3.861	174
N	17.804	14.404	-3.084	175
CA	18.596	15.482	-3.65	175
C	19.795	14.869	-4.371	175
N	19.85	15.001	-5.692	176
CA	21.014	14.63	-6.493	176
C	21.858	15.89	-6.722	176
N	22.935	16.099	-5.943	177
CA	23.757	17.3	-6.065	177
C	24.659	17.293	-7.302	177
N	24.802	16.143	-7.956	178
CA	25.603	15.981	-9.155	178
C	24.67	15.551	-10.276	178
N	24.482	16.434	-11.254	179
CA	23.789	16.098	-12.492	179
C	24.738	15.169	-13.25	179
N	24.53	13.858	-13.161	180
CA	25.054	12.974	-14.194	180
C	24.122	13.123	-15.39	180
N	24.589	13.769	-16.459	181
CA	23.831	13.954	-17.712	181
C	23.46	12.623	-18.402	181
N	23.918	11.495	-17.866	182
CA	23.722	10.168	-18.419	182
C	22.803	9.35	-17.506	182
N	21.49	9.428	-17.743	183
CA	20.599	8.315	-17.403	183
C	20.953	7.146	-18.33	183
N	22.061	6.45	-18.038	184
CA	22.424	5.242	-18.78	184
C	21.309	4.218	-18.579	184
N	20.927	3.529	-19.65	185
CA	20.067	2.362	-19.521	185
C	20.723	1.378	-18.541	185
N	19.933	0.833	-17.614	186
CA	20.426	-0.123	-16.635	186
C	21.154	-1.272	-17.349	186
N	22.396	-1.501	-16.947	187
CA	23.221	-2.612	-17.413	187
C	22.86	-3.883	-16.647	187
N	23.343	-5.044	-17.104	188
CA	23.09	-6.332	-16.427	188
C	23.624	-6.388	-14.989	188
N	24.555	-5.5	-14.649	189
CA	25.152	-5.402	-13.317	189
C	24.38	-4.446	-12.393	189
N	23.436	-3.661	-12.927	190
CA	22.644	-2.739	-12.121	190
C	21.528	-3.512	-11.394	190
N	21.444	-3.335	-10.074	191
CA	20.376	-3.893	-9.243	191
C	19.052	-3.162	-9.527	191
N	18.338	-3.597	-10.567	192
CA	17.007	-3.081	-10.903	192
C	15.97	-3.761	-10.019	192
N	15.152	-2.963	-9.345	193
CA	14.038	-3.449	-8.541	193
C	12.71	-3.147	-9.219	193
N	11.73	-4.016	-8.99	194
CA	10.406	-3.913	-9.581	194
C	9.307	-4.069	-8.535	194
N	8.256	-3.264	-8.683	195
CA	7.077	-3.293	-7.827	195
C	5.908	-3.934	-8.565	195
N	5.224	-4.841	-7.879	196
CA	3.943	-5.407	-8.304	196
C	2.924	-5.26	-7.183	196
N	1.65	-5.419	-7.521	197
CA	0.569	-5.347	-6.543	197
C	-0.273	-6.614	-6.524	197
N	-0.761	-6.972	-5.34	198
CA	-1.741	-8.032	-5.141	198
C	-2.981	-7.456	-4.476	198
N	-4.165	-7.775	-4.988	199
CA	-5.415	-7.338	-4.373	199
C	-6.601	-8.225	-4.777	199
N	-7.632	-8.32	-3.926	200
CA	-8.909	-8.897	-4.309	200
C	-9.76	-7.872	-5.078	200
N	-10.378	-8.311	-6.174	201
CA	-11.329	-7.54	-6.975	201
C	-12.495	-8.438	-7.403	201
N	-13.724	-8.055	-7.039	202
CA	-14.961	-8.797	-7.35	202
C	-14.875	-10.316	-7.066	202
N	-14.341	-10.688	-5.895	203
CA	-14.239	-12.089	-5.461	203
C	-13.114	-12.893	-6.124	203
N	-12.185	-12.235	-6.819	204
CA	-11.011	-12.869	-7.431	204
C	-9.742	-12.164	-6.963	204
N	-8.729	-12.936	-6.578	205
CA	-7.408	-12.42	-6.239	205
C	-6.588	-12.209	-7.518	205
N	-6.042	-11.006	-7.686	206
CA	-5.196	-10.653	-8.821	206
C	-3.783	-10.268	-8.393	206
N	-2.816	-10.616	-9.238	207
CA	-1.507	-9.971	-9.311	207
C	-1.507	-9.003	-10.5	207
N	-1.202	-7.733	-10.234	208
CA	-1.062	-6.691	-11.243	208
C	0.411	-6.285	-11.339	208
N	1.02	-6.663	-12.458	209
CA	2.392	-6.339	-12.831	209
C	2.37	-5.479	-14.1	209
N	2.841	-4.233	-14.0	210
CA	2.856	-3.295	-15.124	210
C	3.768	-3.707	-16.286	210
N	4.647	-4.697	-16.105	211
CA	5.499	-5.244	-17.166	211
C	4.883	-6.465	-17.869	211
N	3.749	-6.986	-17.381	212
CA	3.013	-8.082	-18.026	212
C	1.983	-7.56	-19.022	212
N	1.588	-8.42	-19.963	213
CA	0.549	-8.127	-20.969	213
C	-0.857	-7.944	-20.37	213
N	-1.08	-8.437	-19.152	214
CA	-2.385	-8.44	-18.512	214
C	-2.306	-8.835	-17.038	214
N	-3.419	-8.693	-16.304	215
CA	-3.505	-9.12	-14.915	215
C	-3.403	-10.647	-14.811	215
N	-2.807	-11.14	-13.727	216
CA	-2.702	-12.577	-13.436	216
C	-3.773	-12.94	-12.413	216
N	-4.639	-13.891	-12.756	217
CA	-5.649	-14.424	-11.843	217
C	-5.009	-15.487	-10.934	217
N	-5.106	-15.296	-9.618	218
CA	-4.541	-16.185	-8.598	218
C	-5.588	-17.089	-7.926	218
N	-6.87	-16.937	-8.261	219
CA	-7.962	-17.77	-7.766	219
C	-9.139	-16.976	-7.199	219
N	-10.244	-17.684	-6.98	220
CA	-11.455	-17.162	-6.347	220
C	-11.211	-16.963	-4.843	220
N	-11.546	-15.792	-4.307	221
CA	-11.552	-15.507	-2.872	221
C	-12.978	-15.114	-2.476	221
N	-13.613	-15.883	-1.596	222
CA	-15.079	-15.884	-1.468	222
C	-15.648	-14.648	-0.745	222
N	-14.815	-13.649	-0.432	223
CA	-15.217	-12.356	0.139	223
C	-15.906	-12.436	1.508	223
N	-16.103	-13.641	2.048	224
CA	-16.777	-13.893	3.314	224
C	-15.909	-13.512	4.523	224
N	-14.586	-13.535	4.357	225
CA	-13.614	-13.081	5.344	225
C	-12.529	-12.259	4.633	225
N	-12.27	-11.042	5.12	226
CA	-11.194	-10.16	4.639	226
C	-9.806	-10.832	4.693	226
N	-9.663	-11.925	5.451	227
CA	-8.432	-12.709	5.576	227
C	-8.237	-13.764	4.482	227
N	-9.29	-14.145	3.759	228
CA	-9.241	-15.287	2.841	228
C	-8.225	-15.058	1.712	228
N	-8.273	-13.88	1.088	229
CA	-7.336	-13.52	0.024	229
C	-5.885	-13.369	0.521	229
N	-5.672	-12.98	1.787	230
CA	-4.332	-12.894	2.385	230
C	-3.717	-14.285	2.587	230
N	-4.532	-15.272	2.976	231
CA	-4.106	-16.678	3.052	231
C	-3.807	-17.25	1.669	231
N	-4.569	-16.844	0.654	232
CA	-4.333	-17.254	-0.731	232
C	-3.058	-16.652	-1.331	232
N	-2.767	-15.373	-1.067	233
CA	-1.597	-14.694	-1.653	233
C	-0.284	-15.075	-0.964	233
N	-0.326	-15.454	0.318	234
CA	0.851	-15.863	1.087	234
C	1.735	-16.904	0.367	234
N	1.228	-18.081	-0.06	235
CA	2.055	-19.079	-0.737	235
C	2.603	-18.574	-2.076	235
N	1.877	-17.695	-2.778	236
CA	2.329	-17.093	-4.045	236
C	3.557	-16.206	-3.819	236
N	3.514	-15.341	-2.8	237
CA	4.649	-14.483	-2.433	237
C	5.813	-15.334	-1.919	237
N	5.529	-16.337	-1.086	238
CA	6.548	-17.223	-0.534	238
C	7.289	-17.99	-1.634	238
N	6.569	-18.587	-2.585	239
CA	7.172	-19.278	-3.727	239
C	8.09	-18.331	-4.512	239
N	7.654	-17.081	-4.719	240
CA	8.454	-16.072	-5.418	240
C	9.737	-15.735	-4.666	240
N	9.671	-15.557	-3.35	241
CA	10.854	-15.325	-2.508	241
C	11.79	-16.541	-2.539	241
N	11.249	-17.757	-2.453	242
CA	12.028	-18.998	-2.425	242
C	12.89	-19.174	-3.678	242
N	12.359	-18.83	-4.864	243
CA	13.095	-18.868	-6.146	243
C	14.393	-18.061	-6.122	243
N	14.427	-16.959	-5.379	244
CA	15.579	-16.056	-5.327	244
C	16.378	-16.159	-4.028	244
N	15.847	-16.842	-3.012	245
CA	16.394	-16.859	-1.65	245
C	17.841	-17.355	-1.543	245
N	18.347	-18.063	-2.556	246
CA	19.732	-18.537	-2.602	246
C	20.723	-17.44	-3.017	246
N	20.271	-16.429	-3.761	247
CA	21.113	-15.375	-4.341	247
C	20.743	-13.961	-3.893	247
N	19.509	-13.737	-3.441	248
CA	18.981	-12.417	-3.105	248
C	18.1	-12.48	-1.853	248
N	18.22	-11.458	-1.006	249
CA	17.427	-11.289	0.223	249
C	16.682	-9.95	0.259	249
N	16.912	-9.076	-0.725	250
CA	16.346	-7.727	-0.795	250
C	14.945	-7.772	-1.404	250
N	13.987	-8.172	-0.576	251
CA	12.556	-8.042	-0.839	251
C	11.957	-7.042	0.138	251
N	10.887	-6.382	-0.277	252
CA	10.071	-5.582	0.621	252
C	8.596	-5.871	0.321	252
N	7.794	-6.056	1.366	253
CA	6.364	-6.312	1.252	253
C	5.628	-5.3	2.119	253
N	4.882	-4.432	1.456	254
CA	4.086	-3.377	2.065	254
C	2.602	-3.694	1.92	254
N	1.802	-3.202	2.859	255
CA	0.361	-3.394	2.871	255
C	-0.338	-2.037	2.904	255
N	-1.153	-1.78	1.883	256
CA	-2.034	-0.617	1.843	256
C	-3.255	-0.955	2.693	256
N	-3.459	-0.209	3.775	257
CA	-4.487	-0.497	4.779	257
C	-5.295	0.749	5.137	257
N	-6.401	0.561	5.861	258
CA	-7.131	1.693	6.442	258
C	-6.267	2.455	7.437	258
N	-6.405	3.777	7.438	259
CA	-5.717	4.636	8.387	259
C	-6.024	4.196	9.83	259
N	-4.989	3.791	10.571	260
CA	-5.15	3.197	11.905	260
C	-5.577	4.223	12.936	260
N	-5.127	5.471	12.797	261
CA	-5.601	6.56	13.647	261
C	-7.106	6.76	13.472	261
N	-7.624	6.73	12.245	262
CA	-9.072	6.827	12.003	262
C	-9.834	5.635	12.595	262
N	-9.303	4.411	12.464	263
CA	-9.892	3.209	13.086	263
C	-9.981	3.367	14.604	263
N	-8.875	3.713	15.264	264
CA	-8.852	3.865	16.719	264
C	-9.658	5.072	17.199	264
N	-9.726	6.155	16.42	265
CA	-10.551	7.319	16.768	265
C	-12.044	6.985	16.72	265
N	-12.482	6.208	15.723	266
CA	-13.864	5.738	15.636	266
C	-14.202	4.734	16.754	266
N	-13.282	3.813	17.067	267
CA	-13.418	2.882	18.197	267
C	-13.52	3.633	19.533	267
N	-12.687	4.658	19.726	268
CA	-12.716	5.512	20.909	268
C	-14.05	6.258	21.038	268
N	-14.583	6.806	19.942	269
CA	-15.886	7.484	19.944	269
C	-17.025	6.541	20.372	269
N	-17.001	5.285	19.922	270
CA	-18.011	4.291	20.296	270
C	-17.886	3.859	21.763	270
N	-16.659	3.656	22.251	271
CA	-16.413	3.344	23.66	271
C	-16.847	4.49	24.584	271
N	-16.589	5.737	24.192	272
CA	-17.034	6.937	24.907	272
C	-18.569	7.02	24.978	272
N	-19.274	6.722	23.875	273
CA	-20.745	6.609	23.867	273
C	-21.231	5.497	24.79	273
N	-20.576	4.332	24.771	274
CA	-20.942	3.207	25.639	274
C	-20.734	3.535	27.117	274
N	-19.653	4.242	27.46	275
CA	-19.393	4.729	28.823	275
C	-20.528	5.626	29.309	275
N	-20.945	6.585	28.485	276
CA	-22.032	7.512	28.819	276
C	-23.369	6.783	29.025	276
N	-23.691	5.804	28.174	277
CA	-24.889	4.973	28.343	277
C	-24.89	4.221	29.679	277
N	-23.773	3.578	30.038	278
CA	-23.657	2.838	31.304	278
C	-23.823	3.785	32.5	278
N	-23.233	4.984	32.452	279
CA	-23.39	5.99	33.509	279
C	-24.851	6.443	33.669	279
N	-25.578	6.617	32.564	280
CA	-27.004	6.951	32.594	280
C	-27.854	5.804	33.16	280
N	-27.566	4.558	32.781	281
CA	-28.235	3.368	33.32	281
C	-27.984	3.207	34.828	281
N	-26.758	3.456	35.302	282
CA	-26.414	3.411	36.731	282
C	-27.151	4.462	37.563	282
N	-27.421	5.64	36.998	283
CA	-28.22	6.664	37.676	283
C	-29.707	6.281	37.777	283
N	-30.203	5.456	36.85	284
CA	-31.615	5.081	36.759	284
C	-31.945	3.724	37.412	284
N	-30.958	2.851	37.64	285
CA	-31.165	1.481	38.108	285
C	-30.44	1.166	39.429	285
N	-31.063	0.333	40.27	286
CA	-30.51	-0.163	41.544	286
C	-29.544	-1.353	41.401	286
N	-29.321	-1.859	40.183	287
CA	-28.468	-3.032	39.912	287
C	-27.009	-2.626	39.663	287
N	-26.358	-2.09	40.694	288
CA	-25.098	-1.333	40.578	288
C	-23.859	-2.186	40.255	288
N	-23.794	-3.452	40.684	289
CA	-22.567	-4.271	40.581	289
C	-22.198	-4.672	39.141	289
N	-23.142	-5.222	38.365	290
CA	-22.877	-5.648	36.976	290
C	-22.53	-4.467	36.064	290
N	-23.204	-3.332	36.269	291
CA	-22.934	-2.091	35.548	291
C	-21.56	-1.519	35.926	291
N	-21.167	-1.596	37.203	292
CA	-19.842	-1.163	37.666	292
C	-18.699	-1.967	37.033	292
N	-18.856	-3.29	36.886	293
CA	-17.863	-4.128	36.189	293
C	-17.743	-3.726	34.72	293
N	-18.884	-3.603	34.033	294
CA	-18.928	-3.191	32.623	294
C	-18.318	-1.801	32.413	294
N	-18.564	-0.862	33.335	295
CA	-17.982	0.478	33.284	295
C	-16.454	0.434	33.396	295
N	-15.924	-0.407	34.286	296
CA	-14.475	-0.558	34.487	296
C	-13.804	-1.144	33.244	296
N	-14.426	-2.141	32.611	297
CA	-13.957	-2.715	31.342	297
C	-13.926	-1.668	30.22	297
N	-14.986	-0.861	30.091	298
CA	-15.051	0.208	29.083	298
C	-14.0	1.289	29.341	298
N	-13.78	1.698	30.595	299
CA	-12.732	2.676	30.941	299
C	-11.344	2.136	30.572	299
N	-11.05	0.876	30.899	300
CA	-9.772	0.247	30.541	300
C	-9.58	0.134	29.019	300
N	-10.653	-0.152	28.275	301
CA	-10.624	-0.154	26.815	301
C	-10.356	1.251	26.242	301
N	-10.986	2.296	26.795	302
CA	-10.756	3.702	26.412	302
C	-9.288	4.085	26.607	302
N	-8.693	3.748	27.754	303
CA	-7.271	4.003	28.028	303
C	-6.378	3.307	26.989	303
N	-6.63	2.019	26.735	304
CA	-5.874	1.217	25.76	304
C	-5.963	1.786	24.339	304
N	-7.159	2.179	23.891	305
CA	-7.36	2.736	22.543	305
C	-6.761	4.141	22.439	305
N	-6.829	4.942	23.505	306
CA	-6.193	6.269	23.564	306
C	-4.678	6.169	23.385	306
N	-4.021	5.216	24.052	307
CA	-2.589	4.957	23.852	307
C	-2.27	4.571	22.401	307
N	-3.104	3.734	21.766	308
CA	-2.943	3.374	20.346	308
C	-3.051	4.58	19.414	308
N	-3.968	5.513	19.681	309
CA	-4.067	6.773	18.923	309
C	-2.778	7.585	19.062	309
N	-2.251	7.727	20.283	310
CA	-1.005	8.465	20.548	310
C	0.174	7.829	19.799	310
N	0.32	6.502	19.865	311
CA	1.383	5.777	19.159	311
C	1.324	5.992	17.64	311
N	0.129	5.951	17.042	312
CA	-0.03	6.233	15.612	312
C	0.339	7.687	15.278	312
N	-0.061	8.669	16.091	313
CA	0.327	10.069	15.876	313
C	1.839	10.298	15.949	313
N	2.513	9.667	16.908	314
CA	3.969	9.726	17.031	314
C	4.665	9.101	15.822	314
N	4.137	7.983	15.309	315
CA	4.629	7.349	14.08	315
C	4.528	8.288	12.877	315
N	3.375	8.922	12.653	316
CA	3.21	9.904	11.57	316
C	4.146	11.115	11.727	316
N	4.347	11.61	12.959	317
CA	5.32	12.684	13.24	317
C	6.749	12.251	12.902	317
N	7.12	11.007	13.225	318
CA	8.432	10.432	12.903	318
C	8.636	10.345	11.391	318
N	7.686	9.773	10.651	319
CA	7.762	9.667	9.189	319
C	7.88	11.029	8.511	319
N	7.08	12.016	8.929	320
CA	7.192	13.386	8.408	320
C	8.587	13.975	8.637	320
N	9.154	13.783	9.832	321
CA	10.518	14.232	10.157	321
C	11.572	13.509	9.318	321
N	11.365	12.231	9.042	322
CA	12.256	11.42	8.223	322
C	12.22	11.84	6.753	322
N	11.035	12.101	6.204	323
CA	10.88	12.623	4.849	323
C	11.504	14.016	4.685	323
N	11.43	14.885	5.702	324
CA	12.176	16.158	5.702	324
C	13.688	15.911	5.59	324
N	14.23	14.915	6.306	325
CA	15.659	14.562	6.238	325
C	16.033	13.986	4.874	325
N	15.216	13.084	4.319	326
CA	15.439	12.47	2.995	326
C	15.507	13.507	1.878	326
N	14.654	14.53	1.951	327
CA	14.561	15.616	0.962	327
C	15.587	16.737	1.189	327
N	16.356	16.709	2.28	328
CA	17.27	17.798	2.62	328
C	18.594	17.704	1.852	328
N	18.974	18.773	1.146	329
CA	20.286	18.857	0.507	329
C	21.377	19.158	1.549	329
N	22.154	18.138	1.915	330
CA	23.235	18.254	2.895	330
C	24.534	18.88	2.352	330
N	24.664	19.183	1.052	331
CA	25.913	19.735	0.487	331
C	26.351	21.045	1.157	331
N	25.483	22.062	1.343	332
CA	25.889	23.291	2.023	332
C	26.345	23.035	3.463	332
N	25.695	22.1	4.161	333
CA	26.091	21.695	5.507	333
C	27.477	21.037	5.508	333
N	27.71	20.061	4.624	334
CA	28.988	19.355	4.508	334
C	30.129	20.302	4.13	334
N	29.895	21.214	3.185	335
CA	30.889	22.207	2.784	335
C	31.282	23.117	3.953	335
N	30.299	23.645	4.689	336
CA	30.563	24.494	5.851	336
C	31.24	23.726	6.992	336
N	30.85	22.472	7.231	337
CA	31.502	21.609	8.214	337
C	32.989	21.417	7.882	337
N	33.308	21.077	6.629	338
CA	34.69	20.912	6.17	338
C	35.484	22.219	6.272	338
N	34.875	23.348	5.892	339
CA	35.482	24.678	6.011	339
C	35.832	25.008	7.466	339
N	34.898	24.819	8.399	340
CA	35.131	25.066	9.828	340
C	36.204	24.144	10.421	340
N	36.229	22.867	10.026	341
CA	37.27	21.932	10.461	341
C	38.654	22.345	9.947	341
N	38.736	22.871	8.722	342
CA	39.978	23.383	8.157	342
C	40.453	24.645	8.894	342
N	39.555	25.603	9.142	343
CA	39.846	26.839	9.887	343
C	40.337	26.554	11.313	343
N	39.758	25.548	11.982	344
CA	40.187	25.1	13.319	344
C	41.404	24.164	13.308	344
N	42.027	23.934	12.149	345
CA	43.153	23.006	11.958	345
C	42.868	21.559	12.419	345
N	41.593	21.176	12.526	346
CA	41.155	19.836	12.935	346
C	41.018	18.881	11.743	346
N	40.865	19.407	10.522	347
CA	40.586	18.583	9.345	347
C	41.718	17.593	9.021	347
N	42.974	18.057	8.944	348
CA	44.125	17.192	8.616	348
C	44.322	16.057	9.64	348
N	44.36	16.322	10.966	349
CA	44.455	15.258	11.968	349
C	43.343	14.209	11.858	349
N	42.101	14.636	11.6	350
CA	40.968	13.718	11.451	350
C	41.099	12.838	10.201	350
N	41.549	13.405	9.079	351
CA	41.799	12.65	7.841	351
C	42.926	11.631	8.032	351
N	44.008	12.0	8.717	352
CA	45.116	11.084	9.018	352
C	44.678	9.946	9.942	352
N	43.913	10.257	10.997	353
CA	43.328	9.251	11.892	353
C	42.435	8.265	11.132	353
N	41.594	8.754	10.219	354
CA	40.74	7.9	9.394	354
C	41.554	6.994	8.448	354
N	42.648	7.503	7.859	355
CA	43.566	6.691	7.038	355
C	44.223	5.576	7.85	355
N	44.702	5.882	9.058	356
CA	45.31	4.892	9.954	356
C	44.32	3.784	10.333	356
N	43.071	4.146	10.64	357
CA	42.013	3.174	10.927	357
C	41.716	2.271	9.727	357
N	41.68	2.833	8.511	358
CA	41.48	2.059	7.279	358
C	42.644	1.105	6.986	358
N	43.885	1.49	7.289	359
CA	45.046	0.595	7.148	359
C	45.146	-0.466	8.248	359
N	44.541	-0.223	9.414	360
CA	44.538	-1.151	10.544	360
C	43.361	-2.143	10.516	360
N	42.373	-1.937	9.64	361
CA	41.299	-2.908	9.425	361
C	41.844	-4.025	8.527	361
N	41.866	-5.297	8.971	362
CA	42.306	-6.382	8.109	362
C	41.357	-6.44	6.914	362
N	41.915	-6.491	5.706	363
CA	41.152	-6.754	4.493	363
C	40.487	-8.121	4.637	363
N	39.235	-8.139	5.091	364
CA	38.344	-9.286	4.931	364
C	38.195	-9.491	3.432	364
N	38.965	-10.462	2.946	365
CA	38.954	-10.995	1.586	365
C	37.959	-12.139	1.538	365
