ATOM	X	Y	Z	RESIDUE
N	130.214	391.259	27.735	1
CA	129.603	390.472	28.81	1
C	128.587	389.306	28.464	1
N	128.796	387.934	28.066	2
CA	128.25	386.473	28.354	2
C	128.54	385.059	27.684	2
N	128.71	383.675	28.023	3
CA	128.291	382.276	28.521	3
C	128.777	380.801	29.003	3
N	127.988	379.708	28.453	4
CA	127.857	378.168	28.133	4
C	128.738	377.234	27.193	4
N	128.398	376.02	26.503	5
CA	129.113	375.044	25.514	5
C	128.806	373.435	25.291	5
N	129.719	372.442	24.749	6
CA	130.101	371.189	23.869	6
C	130.045	369.581	23.601	6
N	129.411	368.459	24.182	7
CA	128.85	367.138	23.559	7
C	129.697	365.816	23.128	7
N	129.503	364.475	22.495	8
CA	129.552	362.885	22.735	8
C	129.429	361.589	21.676	8
N	129.716	360.156	21.933	9
CA	130.195	358.724	21.299	9
C	129.781	357.548	20.13	9
N	130.057	356.085	19.699	10
CA	129.587	354.669	18.929	10
C	130.326	353.053	18.807	10
N	130.433	351.61	18.085	11
CA	130.888	349.963	18.101	11
C	130.889	348.428	17.125	11
N	130.955	346.827	16.805	12
CA	131.232	345.105	16.834	12
C	131.005	343.549	15.957	12
N	131.268	341.972	15.907	13
CA	131.214	340.499	15.006	13
C	131.232	338.698	15.082	13
N	131.277	337.238	14.358	14
CA	131.529	335.505	14.386	14
C	131.548	333.848	13.612	14
N	131.956	332.351	14.011	15
CA	133.273	332.268	13.391	15
C	133.923	330.916	13.662	15
N	134.712	330.439	12.706	16
CA	135.349	329.135	12.826	16
C	136.796	329.251	13.3	16
N	137.405	330.407	13.059	17
CA	138.77	330.652	13.506	17
C	138.776	331.206	14.927	17
N	138.476	330.344	15.893	18
CA	138.44	330.744	17.295	18
C	138.733	329.563	18.213	18
N	139.149	329.863	19.439	19
CA	139.436	328.829	20.425	19
C	138.147	328.225	20.973	19
N	138.192	326.937	21.345	20
CA	137.053	326.296	22.008	20
C	136.84	326.851	23.411	20
N	135.596	326.839	23.872	21
CA	135.271	327.296	25.217	21
C	135.852	326.33	26.25	21
N	136.231	326.851	27.429	22
CA	136.713	326.011	28.531	22
C	135.7	324.932	28.886	22
N	136.153	323.69	28.977	23
CA	135.243	322.566	29.156	23
C	134.931	322.281	30.624	23
N	133.775	321.665	30.855	24
CA	133.391	321.193	32.181	24
C	134.187	319.952	32.553	24
N	134.281	319.652	33.856	25
CA	134.786	318.331	34.243	25
C	133.876	317.235	33.69	25
N	134.426	316.044	33.409	26
CA	133.601	314.944	32.893	26
C	132.577	314.46	33.921	26
N	131.627	313.635	33.489	27
CA	130.55	313.191	34.367	27
C	131.052	312.358	35.546	27
N	132.109	311.579	35.327	28
CA	132.642	310.718	36.38	28
C	133.493	311.498	37.384	28
N	133.623	312.804	37.164	29
CA	134.334	313.673	38.093	29
C	133.406	314.731	38.679	29
N	132.102	314.482	38.589	30
CA	131.112	315.383	39.15	30
C	130.721	316.517	38.221	30
N	130.906	316.308	36.922	31
CA	130.558	317.313	35.935	31
C	129.06	317.42	35.719	31
N	128.607	318.546	35.148	32
CA	127.181	318.763	34.895	32
C	126.675	317.979	33.69	32
N	125.368	317.737	33.649	33
CA	124.75	317.05	32.524	33
C	124.893	317.889	31.259	33
N	125.165	317.232	30.138	34
CA	125.35	317.944	28.88	34
C	124.023	318.149	28.159	34
N	123.684	319.411	27.923	35
CA	122.492	319.765	27.167	35
C	122.897	320.616	25.971	35
N	121.92	321.083	25.202	36
CA	122.206	321.924	24.043	36
C	122.614	323.336	24.459	36
N	122.479	323.635	25.748	37
CA	122.837	324.947	26.273	37
C	124.318	325.041	26.615	37
N	124.948	323.892	26.842	38
CA	126.355	323.862	27.225	38
C	127.155	322.788	26.495	38
N	126.663	322.354	25.339	39
CA	127.29	321.248	24.62	39
C	128.641	321.645	24.025	39
N	128.897	322.948	23.963	40
CA	130.177	323.463	23.494	40
C	131.27	323.239	24.534	40
N	130.865	322.809	25.725	41
CA	131.789	322.67	26.841	41
C	131.916	321.234	27.338	41
N	131.526	320.273	26.508	42
CA	131.701	318.87	26.859	42
C	133.131	318.413	26.579	42
N	133.791	317.829	27.592	43
CA	135.155	317.308	27.459	43
C	135.189	315.979	26.708	43
N	134.951	316.032	25.401	44
CA	134.855	314.832	24.578	44
C	136.179	314.082	24.456	44
N	137.273	314.755	24.795	45
CA	138.598	314.169	24.647	45
C	138.97	313.282	25.836	45
N	138.173	313.341	26.902	46
CA	138.428	312.522	28.087	46
C	137.184	311.792	28.609	46
N	136.616	310.88	27.8	47
CA	135.399	310.179	28.227	47
C	135.668	309.099	29.274	47
N	136.929	308.71	29.427	48
CA	137.297	307.667	30.365	48
C	136.782	306.311	29.932	48
N	136.549	306.163	28.632	49
CA	135.988	304.931	28.09	49
C	136.256	304.795	26.593	49
N	136.118	303.575	26.085	50
CA	136.354	303.3	24.674	50
C	135.181	302.561	24.038	50
N	135.257	302.37	22.725	51
CA	134.264	301.584	22.006	51
C	134.602	300.097	22.124	51
N	133.573	299.241	22.205	52
CA	133.753	297.82	22.532	52
C	134.35	296.945	21.425	52
N	134.644	297.503	20.255	53
CA	135.158	296.682	19.16	53
C	136.682	296.547	19.211	53
N	137.297	297.144	20.228	54
CA	138.734	297.053	20.417	54
C	139.132	297.175	21.875	54
N	140.433	297.103	22.147	55
CA	140.932	297.222	23.518	55
C	141.978	298.328	23.63	55
N	142.131	298.902	24.82	56
CA	143.078	300.001	25.005	56
C	143.907	299.864	26.284	56
N	145.205	300.124	26.162	57
CA	146.111	300.135	27.304	57
C	146.764	301.498	27.454	57
N	147.025	301.897	28.693	58
CA	147.869	303.058	28.939	58
C	149.021	302.638	29.843	58
N	150.241	302.794	29.336	59
CA	151.443	302.396	30.064	59
C	152.366	303.588	30.29	59
N	153.247	303.49	31.281	60
CA	154.209	304.556	31.547	60
C	155.154	304.729	30.358	60
N	155.422	305.978	29.989	61
CA	156.235	306.271	28.82	61
C	157.708	305.927	28.961	61
N	158.144	305.659	30.187	62
CA	159.546	305.356	30.437	62
C	159.759	303.897	30.832	62
N	158.954	303.405	31.769	63
CA	159.115	302.042	32.266	63
C	158.334	301.037	31.428	63
N	157.228	301.488	30.848	64
CA	156.381	300.617	30.056	64
C	155.422	299.819	30.914	64
N	155.353	300.163	32.196	65
CA	154.428	299.504	33.112	65
C	152.988	299.87	32.775	65
N	152.159	298.857	32.545	66
CA	150.754	299.076	32.225	66
C	150.028	299.708	33.408	66
N	149.415	300.863	33.165	67
CA	148.772	301.631	34.224	67
C	147.256	301.506	34.16	67
N	146.686	301.769	32.988	68
CA	145.239	301.668	32.827	68
C	144.869	300.657	31.75	68
N	143.724	300.008	31.934	69
CA	143.219	299.044	30.965	69
C	141.712	299.167	30.792	69
N	141.243	298.876	29.585	70
CA	139.816	298.762	29.332	70
C	139.312	297.453	29.922	70
N	138.08	297.454	30.416	71
CA	137.539	296.282	31.092	71
C	137.305	295.107	30.146	71
N	137.289	295.38	28.846	72
CA	137.057	294.331	27.859	72
C	138.358	293.798	27.266	72
N	139.477	294.132	27.903	73
CA	140.794	293.778	27.383	73
C	141.036	292.272	27.397	73
N	140.309	291.564	28.255	74
CA	140.424	290.112	28.348	74
C	139.941	289.431	27.069	74
N	139.009	290.078	26.378	75
CA	138.431	289.543	25.149	75
C	139.434	289.532	23.995	75
N	140.328	290.515	23.975	76
CA	141.259	290.667	22.863	76
C	142.664	290.176	23.19	76
N	143.056	290.284	24.455	77
CA	144.424	289.967	24.857	77
C	144.551	288.576	25.478	77
N	143.43	288.021	25.927	78
CA	143.415	286.679	26.48	78
C	143.806	286.607	27.944	78
N	143.961	287.767	28.574	79
CA	144.317	287.832	29.988	79
C	143.504	288.907	30.709	79
N	143.189	288.657	31.976	80
CA	142.362	289.57	32.763	80
C	143.073	290.894	33.036	80
N	142.305	291.999	33.087	81
CA	142.835	293.346	33.337	81
C	143.691	293.456	34.6	81
N	143.284	292.792	35.676	82
CA	144.029	292.861	36.928	82
C	145.367	292.125	36.821	82
N	145.438	291.158	35.909	83
CA	146.654	290.373	35.701	83
C	147.705	291.155	34.915	83
N	147.27	291.8	33.837	84
CA	148.17	292.559	32.973	84
C	148.584	293.888	33.599	84
N	147.762	294.398	34.511	85
CA	148.079	295.64	35.208	85
C	149.302	295.457	36.096	85
N	150.338	296.248	35.837	86
CA	151.575	296.15	36.588	86
C	152.695	295.53	35.775	86
N	152.328	294.775	34.744	87
CA	153.31	294.167	33.855	87
C	153.859	295.204	32.882	87
N	155.079	294.983	32.401	88
CA	155.706	295.921	31.476	88
C	155.469	295.517	30.026	88
N	155.534	296.497	29.131	89
CA	155.369	296.24	27.708	89
C	156.556	295.458	27.162	89
N	157.692	295.559	27.845	90
CA	158.887	294.819	27.457	90
C	158.648	293.315	27.57	90
N	157.773	292.93	28.495	91
CA	157.432	291.527	28.696	91
C	156.283	291.093	27.789	91
N	155.272	291.948	27.662	92
CA	154.096	291.621	26.865	92
C	154.372	291.733	25.37	92
N	155.138	292.748	24.985	93
CA	155.468	292.968	23.58	93
C	156.967	293.14	23.374	93
N	157.742	292.059	23.565	94
CA	159.204	292.144	23.464	94
C	159.687	292.479	22.055	94
N	158.867	292.186	21.052	95
CA	159.245	292.402	19.66	95
C	158.905	293.814	19.183	95
N	158.005	294.486	19.897	96
CA	157.519	295.794	19.466	96
C	157.961	296.937	20.376	96
N	158.205	296.629	21.646	97
CA	158.595	297.634	22.639	97
C	159.789	298.519	22.221	97
N	160.895	297.915	21.739	98
CA	161.973	298.817	21.315	98
C	161.595	299.63	20.077	98
N	160.884	299.004	19.143	99
CA	160.428	299.684	17.934	99
C	159.413	300.767	18.286	99
N	158.558	300.442	19.251	100
CA	157.571	301.368	19.786	100
C	158.254	302.609	20.345	100
N	159.277	302.402	21.171	101
CA	160.026	303.52	21.739	101
C	160.749	304.324	20.659	101
N	161.285	303.627	19.661	102
CA	162.042	304.281	18.595	102
C	161.158	305.17	17.72	102
N	159.947	304.706	17.431	103
CA	159.049	305.441	16.546	103
C	158.401	306.63	17.249	103
N	158.407	306.601	18.579	104
CA	157.754	307.631	19.382	104
C	158.69	308.222	20.427	104
N	159.652	309.046	19.988	105
CA	160.612	309.637	20.929	105
C	159.929	310.592	21.904	105
N	160.467	310.714	23.127	106
CA	159.878	311.591	24.147	106
C	159.736	313.036	23.67	106
N	158.584	313.641	23.942	107
CA	158.339	315.021	23.564	107
C	157.692	315.171	22.201	107
N	157.469	314.05	21.521	108
CA	156.846	314.067	20.201	108
C	155.374	314.463	20.303	108
N	154.811	315.016	19.215	109
CA	153.385	315.366	19.199	109
C	152.499	314.153	19.465	109
N	151.381	314.363	20.149	110
CA	150.46	313.271	20.451	110
C	149.722	312.791	19.2	110
N	149.963	313.463	18.079	111
CA	149.345	313.106	16.81	111
C	150.115	311.994	16.102	111
N	151.393	311.855	16.445	112
CA	152.262	310.842	15.846	112
C	151.84	309.42	16.232	112
N	151.553	308.589	15.231	113
CA	151.091	307.221	15.464	113
C	152.031	306.172	14.872	113
N	152.2	305.065	15.587	114
CA	152.963	303.922	15.09	114
C	152.054	302.698	15.004	114
N	152.021	302.038	13.85	115
CA	151.152	300.873	13.691	115
C	151.932	299.616	13.316	115
N	151.57	298.498	13.94	116
CA	152.177	297.209	13.629	116
C	151.135	296.099	13.7	116
N	151.428	294.962	13.08	117
CA	150.544	293.806	13.167	117
C	151.153	292.736	14.062	117
N	150.312	292.124	14.887	118
CA	150.742	291.088	15.816	118
C	150.015	289.783	15.53	118
N	150.67	288.659	15.797	119
CA	150.003	287.372	15.672	119
C	149.673	286.822	17.054	119
N	148.427	286.393	17.228	120
CA	147.96	285.875	18.508	120
C	146.828	284.873	18.3	120
N	146.653	283.941	19.253	121
CA	145.587	282.934	19.18	121
C	144.203	283.541	18.966	121
N	143.428	283.219	17.945	122
CA	143.066	281.954	18.361	122
C	141.639	282.116	17.983	122
N	141.381	283.269	17.341	123
CA	142.22	283.661	16.163	123
C	143.426	284.628	16.106	123
N	144.493	284.66	15.255	124
CA	143.844	285.926	14.964	124
C	144.782	287.111	15.08	124
N	145.024	287.777	13.954	125
CA	145.943	288.909	13.908	125
C	145.367	290.149	14.585	125
N	146.189	290.81	15.393	126
CA	145.787	292.042	16.059	126
C	146.584	293.246	15.572	126
N	145.87	294.237	15.058	127
CA	146.451	295.518	14.692	127
C	146.685	296.375	15.934	127
N	147.934	296.792	16.113	128
CA	148.34	297.629	17.235	128
C	148.691	299.039	16.771	128
N	148.046	300.031	17.376	129
CA	148.331	301.429	17.081	129
C	148.714	302.153	18.367	129
N	149.926	302.693	18.413	130
CA	150.434	303.334	19.619	130
C	150.709	304.814	19.38	130
N	150.39	305.648	20.366	131
CA	150.815	307.046	20.328	131
C	151.212	307.503	21.728	131
N	151.831	308.674	21.82	132
CA	152.353	309.147	23.094	132
C	151.756	310.494	23.477	132
N	151.192	310.555	24.676	133
CA	150.641	311.791	25.209	133
C	151.295	312.1	26.544	133
N	152.022	313.21	26.605	134
CA	152.744	313.571	27.809	134
C	153.678	312.457	28.24	134
N	153.5	311.989	29.471	135
CA	154.352	310.944	30.024	135
C	153.681	309.58	29.931	135
N	152.741	309.463	28.999	136
CA	151.902	308.281	28.888	136
C	151.925	307.698	27.475	136
N	151.93	306.373	27.386	137
CA	151.798	305.678	26.112	137
C	150.405	305.064	25.984	137
N	149.743	305.347	24.866	138
CA	148.425	304.798	24.573	138
C	148.518	303.744	23.477	138
N	148.05	302.538	23.79	139
CA	148.077	301.418	22.854	139
C	146.663	300.943	22.52	139
N	146.367	300.827	21.229	140
CA	145.056	300.388	20.757	140
C	145.153	299.065	20.006	140
N	144.272	298.136	20.363	141
CA	144.24	296.8	19.782	141
C	142.934	296.566	19.034	141
N	143.042	296.275	17.741	142
CA	141.868	296.026	16.908	142
C	142.052	294.774	16.067	142
N	141.024	293.92	15.993	143
CA	141.119	292.767	15.091	143
C	141.362	293.205	13.647	143
N	142.168	292.445	12.913	144
CA	142.454	292.762	11.519	144
C	142.719	291.493	10.719	144
N	142.642	291.608	9.398	145
CA	142.841	290.464	8.519	145
C	144.195	290.531	7.821	145
N	144.801	289.921	6.793	146
CA	144.742	288.927	5.754	146
C	143.863	289.078	4.488	146
N	143.138	290.245	4.421	147
CA	143.117	291.151	3.268	147
C	142.234	292.378	3.018	147
N	141.337	292.88	3.901	148
CA	140.005	292.287	3.943	148
C	138.958	292.548	2.866	148
N	139.403	293.5	2.123	149
CA	139.741	293.482	0.753	149
C	140.718	294.629	1.045	149
N	141.343	294.96	-0.035	150
CA	140.877	296.084	-0.839	150
C	141.209	295.875	-2.313	150
N	140.861	296.856	-3.141	151
CA	141.178	296.806	-4.557	151
C	142.67	296.951	-4.786	151
N	143.2	296.258	-5.806	152
CA	144.644	296.238	-6.073	152
C	145.219	297.611	-6.428	152
N	144.583	298.317	-7.358	153
CA	145.087	299.612	-7.806	153
C	144.058	300.717	-7.642	153
N	143.111	300.511	-6.735	154
CA	142.023	301.456	-6.548	154
C	142.54	302.797	-6.042	154
N	143.479	302.748	-5.104	155
CA	144.011	303.96	-4.499	155
C	144.793	304.816	-5.498	155
N	145.664	304.183	-6.282	156
CA	146.479	304.903	-7.259	156
C	145.607	305.588	-8.308	156
N	144.713	304.794	-8.89	157
CA	143.758	305.281	-9.873	157
C	142.903	306.399	-9.303	157
N	142.566	306.286	-8.02	158
CA	141.815	307.334	-7.336	158
C	142.632	308.61	-7.235	158
N	143.922	308.47	-6.951	159
CA	144.794	309.626	-6.78	159
C	144.939	310.387	-8.094	159
N	145.145	309.638	-9.172	160
CA	145.226	310.276	-10.479	160
C	143.877	310.87	-10.894	160
N	142.784	310.205	-10.529	161
CA	141.445	310.707	-10.848	161
C	141.155	312.025	-10.129	161
N	141.564	312.102	-8.867	162
CA	141.433	313.314	-8.073	162
C	142.266	314.43	-8.681	162
N	143.52	314.129	-9.015	163
CA	144.388	315.17	-9.56	163
C	143.882	315.712	-10.905	163
N	143.285	314.85	-11.724	164
CA	142.841	315.259	-13.057	164
C	141.408	315.796	-13.097	164
N	140.765	315.915	-11.938	165
CA	139.441	316.536	-11.871	165
C	139.515	317.992	-12.329	165
N	138.576	318.408	-13.19	166
CA	138.56	319.766	-13.754	166
C	138.249	320.869	-12.741	166
N	137.467	320.561	-11.711	167
CA	137.04	321.576	-10.747	167
C	136.736	320.989	-9.369	167
N	136.434	321.856	-8.404	168
CA	136.173	321.423	-7.029	168
C	135.033	320.405	-6.913	168
N	133.94	320.648	-7.631	169
CA	132.779	319.765	-7.56	169
C	133.105	318.372	-8.093	169
N	133.769	318.32	-9.245	170
CA	134.172	317.051	-9.839	170
C	135.115	316.302	-8.906	170
N	136.028	317.044	-8.284	171
CA	136.945	316.483	-7.298	171
C	136.174	315.831	-6.155	171
N	135.169	316.551	-5.667	172
CA	134.322	316.075	-4.584	172
C	133.578	314.79	-4.97	172
N	133.05	314.773	-6.19	173
CA	132.338	313.611	-6.699	173
C	133.261	312.4	-6.788	173
N	134.446	312.605	-7.36	174
CA	135.442	311.545	-7.461	174
C	135.777	310.996	-6.077	174
N	135.998	311.897	-5.124	175
CA	136.318	311.487	-3.759	175
C	135.208	310.641	-3.127	175
N	133.961	311.116	-3.188	176
CA	132.856	310.375	-2.562	176
C	132.632	309.019	-3.228	176
N	132.589	309.022	-4.56	177
CA	132.488	307.788	-5.334	177
C	133.552	306.785	-4.904	177
N	134.804	307.241	-4.855	178
CA	135.923	306.362	-4.534	178
C	135.817	305.802	-3.12	178
N	135.564	306.674	-2.148	179
CA	135.438	306.22	-0.765	179
C	134.308	305.199	-0.619	179
N	133.168	305.458	-1.255	180
CA	132.06	304.51	-1.167	180
C	132.397	303.174	-1.837	180
N	133.091	303.222	-2.971	181
CA	133.496	301.992	-3.648	181
C	134.488	301.189	-2.804	181
N	135.332	301.885	-2.048	182
CA	136.325	301.223	-1.207	182
C	135.723	300.633	0.065	182
N	134.752	301.333	0.642	183
CA	134.253	300.98	1.967	183
C	132.928	300.233	1.939	183
N	132.072	300.593	0.991	184
CA	130.74	300.025	0.922	184
C	129.757	300.731	1.842	184
N	130.14	301.909	2.337	185
CA	129.265	302.706	3.196	185
C	127.966	303.054	2.474	185
N	126.861	303.054	3.214	186
CA	125.56	303.394	2.648	186
C	125.525	304.839	2.153	186
N	126.218	305.732	2.855	187
CA	126.305	307.121	2.42	187
C	127.72	307.671	2.585	187
N	128.217	308.363	1.565	188
CA	129.497	309.06	1.666	188
C	129.334	310.489	1.165	188
N	129.794	311.442	1.967	189
CA	129.594	312.857	1.689	189
C	130.878	313.651	1.81	189
N	131.007	314.685	0.987	190
CA	132.017	315.704	1.232	190
C	131.34	316.929	1.841	190
N	131.692	317.213	3.089	191
CA	131.102	318.304	3.856	191
C	132.062	319.494	3.923	191
N	131.718	320.603	3.271	192
CA	132.595	321.778	3.24	192
C	132.184	322.853	4.243	192
N	133.116	323.248	5.105	193
CA	132.84	324.292	6.091	193
C	132.836	325.694	5.488	193
N	132.023	326.562	6.08	194
CA	131.989	327.978	5.739	194
C	132.667	328.758	6.865	194
N	133.051	330.021	6.605	195
CA	133.683	330.82	7.664	195
C	132.846	330.93	8.942	195
N	131.521	330.872	8.828	196
CA	130.661	330.938	10.01	196
C	130.472	329.566	10.655	196
N	131.352	328.634	10.296	197
CA	131.387	327.274	10.843	197
C	130.185	326.404	10.436	197
N	129.259	326.947	9.649	198
CA	128.23	326.101	9.049	198
C	128.882	325.316	7.924	198
N	128.24	324.238	7.501	199
CA	128.803	323.417	6.451	199
C	127.784	323.055	5.397	199
N	128.258	322.464	4.309	200
CA	127.382	322.116	3.205	200
C	127.83	320.825	2.53	200
N	126.88	319.939	2.261	201
CA	127.175	318.717	1.53	201
C	127.324	319.056	0.047	201
N	128.542	318.936	-0.481	202
CA	128.805	319.385	-1.851	202
C	128.966	318.217	-2.809	202
N	128.967	317.013	-2.25	203
CA	128.981	315.783	-3.031	203
C	128.497	314.65	-2.152	203
N	127.857	313.664	-2.766	204
CA	127.272	312.575	-2.014	204
C	127.22	311.315	-2.86	204
N	127.723	310.223	-2.299	205
CA	127.573	308.906	-2.897	205
C	126.719	308.051	-1.968	205
N	125.617	307.514	-2.482	206
CA	124.686	306.786	-1.626	206
C	123.984	305.632	-2.333	206
N	123.505	304.682	-1.537	207
CA	122.713	303.562	-2.037	207
C	121.343	304.063	-2.493	207
N	120.755	303.391	-3.479	208
CA	119.44	303.777	-3.991	208
C	118.377	303.8	-2.897	208
N	117.516	304.811	-2.941	209
CA	116.4	304.9	-2.019	209
C	116.733	305.639	-0.741	209
N	118.021	305.709	-0.426	210
CA	118.479	306.398	0.77	210
C	118.344	307.908	0.597	210
N	117.952	308.594	1.668	211
CA	117.72	310.035	1.622	211
C	118.977	310.819	1.24	211
N	118.787	311.866	0.441	212
CA	119.895	312.68	-0.047	212
C	120.106	313.936	0.797	212
N	121.333	314.123	1.273	213
CA	121.697	315.321	2.016	213
C	122.401	316.321	1.104	213
N	122.628	315.913	-0.144	214
CA	123.286	316.755	-1.139	214
C	122.643	318.138	-1.26	214
N	123.473	319.176	-1.225	215
CA	123.008	320.536	-1.424	215
C	122.385	321.169	-0.196	215
N	122.411	320.453	0.922	216
CA	121.855	320.968	2.168	216
C	122.938	321.604	3.037	216
N	122.549	322.603	3.821	217
CA	123.472	323.232	4.756	217
C	123.085	322.893	6.19	217
N	124.084	322.772	7.057	218
CA	123.839	322.412	8.45	218
C	124.409	323.449	9.406	218
N	123.746	323.638	10.559	219
CA	124.2	324.606	11.565	219
C	125.582	324.274	12.112	219
N	126.281	325.274	12.631	220
CA	127.591	325.053	13.219	220
C	127.489	324.181	14.475	220
N	126.389	324.343	15.204	221
CA	126.179	323.602	16.44	221
C	126.181	322.084	16.238	221
N	125.963	321.648	15.001	222
CA	125.977	320.229	14.672	222
C	127.367	319.637	14.878	222
N	128.387	320.461	14.66	223
CA	129.77	320.091	14.947	223
C	130.433	321.18	15.777	223
N	130.256	321.11	17.106	224
CA	130.691	322.138	18.061	224
C	132.193	322.449	18.001	224
N	132.569	323.624	18.504	225
CA	133.918	324.165	18.347	225
C	135.036	323.228	18.802	225
N	134.857	322.573	19.945	226
CA	135.913	321.714	20.472	226
C	136.056	320.454	19.615	226
N	134.96	320.042	18.987	227
CA	134.995	318.916	18.068	227
C	135.791	319.284	16.823	227
N	135.521	320.46	16.263	228
CA	136.252	320.935	15.089	228
C	137.744	321.104	15.395	228
N	138.031	321.691	16.554	229
CA	139.403	321.889	17.014	229
C	140.132	320.559	17.124	229
N	139.505	319.596	17.794	230
CA	140.065	318.254	17.88	230
C	140.302	317.669	16.487	230
N	139.35	317.889	15.583	231
CA	139.41	317.306	14.245	231
C	140.442	317.995	13.357	231
N	140.964	319.133	13.802	232
CA	142.057	319.76	13.064	232
C	143.388	319.041	13.328	232
N	143.524	318.454	14.514	233
CA	144.763	317.791	14.905	233
C	144.724	316.287	14.638	233
N	143.644	315.643	15.071	234
CA	143.449	314.217	14.838	234
C	142.442	314.026	13.718	234
N	142.901	313.413	12.633	235
CA	142.236	313.56	11.346	235
C	141.195	312.481	11.014	235
N	141.033	311.48	11.877	236
CA	139.997	310.466	11.658	236
C	139.274	310.091	12.95	236
N	137.951	309.967	12.883	237
CA	137.205	309.453	14.036	237
C	135.926	308.742	13.597	237
N	135.412	307.861	14.448	238
CA	134.276	307.036	14.055	238
C	133.413	306.565	15.223	238
N	132.248	306.029	14.88	239
CA	131.385	305.33	15.817	239
C	130.927	304.043	15.147	239
N	131.522	302.926	15.547	240
CA	131.257	301.643	14.906	240
C	129.808	301.214	15.098	240
N	129.29	301.412	16.306	241
CA	127.907	301.058	16.618	241
C	127.267	302.15	17.471	241
N	126.257	302.82	16.924	242
CA	125.63	303.942	17.62	242
C	124.7	303.481	18.741	242
N	124.613	302.168	18.938	243
CA	123.827	301.605	20.031	243
C	124.663	300.703	20.934	243
N	125.981	300.855	20.862	244
CA	126.885	300.076	21.699	244
C	127.325	300.878	22.916	244
N	127.257	300.253	24.086	245
CA	127.707	300.892	25.313	245
C	129.229	300.997	25.317	245
N	129.742	302.098	25.854	246
CA	131.183	302.305	25.921	246
C	131.806	301.441	27.013	246
N	133.078	301.104	26.835	247
CA	133.808	300.316	27.818	247
C	134.8	301.193	28.574	247
N	134.566	301.381	29.88	248
CA	135.388	302.269	30.708	248
C	136.805	301.747	30.942	248
N	137.714	302.658	31.281	249
CA	139.078	302.297	31.635	249
C	139.183	302.02	33.128	249
N	140.084	301.117	33.5	250
CA	140.276	300.774	34.902	250
C	141.76	300.788	35.26	250
N	142.173	301.74	36.113	251
CA	141.319	302.789	36.682	251
C	140.993	303.877	35.663	251
N	139.925	304.628	35.906	252
CA	139.482	305.644	34.958	252
C	140.452	306.829	34.947	252
N	141.113	307.065	36.077	253
CA	142.082	308.151	36.184	253
C	143.511	307.652	36.01	253
N	144.318	308.433	35.299	254
CA	145.74	308.148	35.148	254
C	146.46	308.217	36.494	254
N	146.996	307.074	36.955	255
CA	147.699	306.958	38.24	255
C	148.866	307.936	38.376	255
N	149.457	308.322	37.249	256
CA	150.552	309.284	37.239	256
C	150.127	310.622	37.82	256
N	148.907	311.03	37.499	257
CA	148.452	312.374	37.81	257
C	147.16	312.391	38.615	257
N	146.533	311.224	38.755	258
CA	145.203	311.118	39.354	258
C	144.241	312.017	38.583	258
N	144.45	312.074	37.271	259
CA	143.723	312.976	36.388	259
C	143.194	312.205	35.181	259
N	142.231	312.79	34.445	260
CA	141.716	312.133	33.238	260
C	142.801	311.781	32.224	260
N	142.532	310.755	31.427	261
CA	143.449	310.315	30.387	261
C	143.056	310.911	29.038	261
N	143.969	311.67	28.419	262
CA	143.717	312.235	27.089	262
C	143.517	311.149	26.036	262
N	142.318	311.064	25.468	263
CA	142.019	310.029	24.483	263
C	141.75	310.608	23.096	263
N	142.052	311.893	22.921	264
CA	141.88	312.561	21.641	264
C	142.582	311.88	20.476	264
N	143.719	311.248	20.75	265
CA	144.486	310.585	19.711	265
C	144.072	309.147	19.461	265
N	143.145	308.651	20.274	266
CA	142.706	307.265	20.171	266
C	141.446	307.142	19.323	266
N	141.527	306.366	18.247	267
CA	140.371	306.151	17.388	267
C	139.305	305.342	18.135	267
N	139.73	304.598	19.154	268
CA	138.81	303.802	19.961	268
C	138.091	304.636	21.014	268
N	138.417	305.924	21.079	269
CA	137.798	306.834	22.039	269
C	136.277	306.773	21.964	269
N	135.635	306.731	23.125	270
CA	134.181	306.719	23.183	270
C	133.611	308.016	22.621	270
N	132.675	307.871	21.69	271
CA	131.998	308.999	21.068	271
C	131.096	309.712	22.072	271
N	131.042	311.039	21.986	272
CA	130.146	311.834	22.821	272
C	128.701	311.352	22.711	272
N	128.058	311.09	23.863	273
CA	126.659	310.647	23.928	273
C	125.712	311.535	23.123	273
N	126.006	312.832	23.081	274
CA	125.194	313.792	22.339	274
C	125.184	313.454	20.849	274
N	126.377	313.255	20.301	275
CA	126.515	312.892	18.9	275
C	125.994	311.479	18.638	275
N	126.087	310.6	19.634	276
CA	125.515	309.259	19.521	276
C	124.004	309.352	19.311	276
N	123.352	310.129	20.172	277
CA	121.916	310.348	20.082	277
C	121.555	311.007	18.758	277
N	122.399	311.937	18.322	278
CA	122.242	312.593	17.026	278
C	122.225	311.573	15.879	278
N	123.218	310.689	15.874	279
CA	123.344	309.665	14.844	279
C	122.16	308.713	14.872	279
N	121.712	308.355	16.071	280
CA	120.551	307.486	16.196	280
C	119.295	308.184	15.666	280
N	119.195	309.49	15.896	281
CA	118.072	310.282	15.394	281
C	118.106	310.402	13.876	281
N	119.308	310.359	13.316	282
CA	119.485	310.471	11.872	282
C	119.207	309.143	11.177	282
N	119.099	308.081	11.969	283
CA	118.907	306.746	11.435	283
C	120.223	306.109	11.037	283
N	121.306	306.575	11.652	284
CA	122.645	306.083	11.347	284
C	123.08	305.019	12.35	284
N	123.567	303.892	11.84	285
CA	124.019	302.811	12.695	285
C	125.518	302.858	12.91	285
N	126.226	303.394	11.924	286
CA	127.678	303.478	11.979	286
C	128.166	304.733	11.263	286
N	129.081	305.461	11.896	287
CA	129.579	306.706	11.318	287
C	131.106	306.73	11.267	287
N	131.659	307.504	10.337	288
CA	133.107	307.663	10.211	288
C	133.426	308.925	9.42	288
N	134.381	309.715	9.899	289
CA	134.806	310.876	9.127	289
C	136.311	311.15	9.195	289
N	136.823	311.596	8.05	290
CA	138.214	311.981	7.868	290
C	138.302	313.485	7.643	290
N	139.171	314.151	8.393	291
CA	139.309	315.599	8.279	291
C	140.058	315.999	7.015	291
N	139.602	317.075	6.386	292
CA	140.324	317.669	5.271	292
C	140.917	318.986	5.745	292
N	142.23	319.012	5.939	293
CA	142.88	320.18	6.521	293
C	143.68	320.957	5.483	293
N	143.409	322.254	5.399	294
CA	144.083	323.146	4.465	294
C	144.632	324.369	5.191	294
N	145.934	324.601	5.058	295
CA	146.576	325.737	5.692	295
C	146.358	325.782	7.193	295
N	146.355	324.61	7.826	296
CA	146.183	324.519	9.266	296
C	144.752	324.749	9.714	296
N	143.842	324.876	8.753	297
CA	142.432	325.092	9.058	297
C	141.599	323.884	8.641	297
N	140.529	323.615	9.379	298
CA	139.616	322.544	9.005	298
C	138.732	322.991	7.842	298
N	139.039	322.489	6.65	299
CA	138.322	322.841	5.427	299
C	137.014	322.064	5.304	299
N	137.068	320.78	5.637	300
CA	135.906	319.93	5.505	300
C	136.057	318.536	6.073	300
N	135.065	317.697	5.802	301
CA	135.083	316.31	6.247	301
C	134.689	315.37	5.125	301
N	135.269	314.178	5.137	302
CA	134.708	313.067	4.393	302
C	133.824	312.329	5.374	302
N	132.528	312.608	5.33	303
CA	131.599	312.039	6.295	303
C	130.966	310.769	5.75	303
N	131.033	309.693	6.522	304
CA	130.484	308.42	6.076	304
C	129.41	307.911	7.03	304
N	128.353	307.349	6.452	305
CA	127.242	306.777	7.199	305
C	126.958	305.353	6.761	305
N	126.556	304.526	7.718	306
CA	126.02	303.208	7.416	306
C	124.78	302.985	8.276	306
N	123.725	302.447	7.671	307
CA	122.461	302.252	8.375	307
C	122.572	301.182	9.455	307
N	123.54	300.285	9.292	308
CA	123.759	299.2	10.238	308
C	125.158	299.305	10.839	308
N	125.362	298.715	12.031	309
CA	126.689	298.684	12.657	309
C	127.759	298.144	11.717	309
N	128.916	298.79	11.714	310
CA	129.977	298.452	10.781	310
C	131.321	298.829	11.387	310
N	132.18	297.834	11.568	311
CA	133.551	298.083	11.991	311
C	134.469	298.054	10.779	311
N	134.939	299.222	10.367	312
CA	135.843	299.308	9.231	312
C	137.237	298.838	9.642	312
N	137.814	297.896	8.881	313
CA	139.167	297.377	9.139	313
C	140.246	298.457	9.049	313
N	141.236	298.418	9.955	314
CA	142.308	299.419	10.075	314
C	143.021	299.766	8.767	314
N	143.202	298.79	7.882	315
CA	143.915	299.027	6.631	315
C	143.1	299.895	5.676	315
N	141.812	299.591	5.599	316
CA	140.874	300.368	4.802	316
C	140.794	301.802	5.335	316
N	140.823	301.924	6.657	317
CA	140.86	303.23	7.3	317
C	142.129	303.974	6.903	317
N	143.253	303.263	6.869	318
CA	144.512	303.854	6.424	318
C	144.358	304.403	5.006	318
N	143.712	303.62	4.143	319
CA	143.422	304.076	2.783	319
C	142.627	305.383	2.802	319
N	141.597	305.43	3.646	320
CA	140.79	306.642	3.78	320
C	141.617	307.835	4.257	320
N	142.619	307.573	5.089	321
CA	143.497	308.625	5.587	321
C	144.396	309.172	4.475	321
N	144.94	308.26	3.669	322
CA	145.676	308.661	2.469	322
C	144.796	309.572	1.618	322
N	143.549	309.139	1.427	323
CA	142.582	309.92	0.664	323
C	142.382	311.3	1.279	323
N	142.375	311.35	2.605	324
CA	142.249	312.598	3.328	324
C	143.376	313.556	2.999	324
N	144.612	313.061	2.989	325
CA	145.737	313.944	2.664	325
C	145.732	314.397	1.19	325
N	145.471	313.448	0.292	326
CA	145.4	313.761	-1.136	326
C	144.352	314.826	-1.416	326
N	143.219	314.684	-0.739	327
CA	142.111	315.609	-0.868	327
C	142.49	316.959	-0.291	327
N	143.166	316.935	0.855	328
CA	143.671	318.153	1.481	328
C	144.547	318.948	0.524	328
N	145.323	318.259	-0.307	329
CA	146.139	318.965	-1.306	329
C	145.344	319.446	-2.546	329
N	144.549	318.529	-3.09	330
CA	143.83	318.787	-4.332	330
C	142.752	319.851	-4.177	330
N	142.179	319.955	-2.984	331
CA	141.195	320.988	-2.705	331
C	141.847	322.349	-2.898	331
N	143.017	322.501	-2.29	332
CA	143.8	323.718	-2.412	332
C	144.107	324.022	-3.875	332
N	144.513	322.996	-4.622	333
CA	144.745	323.206	-6.063	333
C	143.492	323.693	-6.848	333
N	142.386	322.958	-6.735	334
CA	141.166	323.256	-7.499	334
C	140.557	324.611	-7.131	334
N	140.569	324.927	-5.84	335
CA	140.09	326.226	-5.391	335
C	141.014	327.328	-5.899	335
N	142.32	327.065	-5.898	336
CA	143.254	328.021	-6.488	336
C	142.911	328.293	-7.955	336
N	142.509	327.258	-8.691	337
CA	142.143	327.451	-10.103	337
C	140.859	328.277	-10.276	337
N	139.799	327.797	-9.622	338
CA	138.489	328.451	-9.661	338
C	138.583	329.923	-9.26	338
N	139.478	330.229	-8.325	339
CA	139.787	331.62	-8.015	339
C	140.497	332.279	-9.197	339
N	141.548	331.618	-9.682	340
CA	142.442	332.175	-10.7	340
C	141.734	332.69	-11.953	340
N	140.733	331.96	-12.446	341
CA	140.059	332.415	-13.683	341
C	139.307	333.764	-13.537	341
N	138.286	333.73	-12.685	342
CA	137.482	334.897	-12.351	342
C	138.366	336.067	-11.928	342
N	139.393	335.769	-11.134	343
CA	140.33	336.798	-10.698	343
C	141.115	337.374	-11.876	343
N	141.394	336.549	-12.883	344
CA	142.062	337.047	-14.084	344
C	141.173	338.047	-14.818	344
N	139.931	337.641	-15.09	345
CA	138.988	338.556	-15.757	345
C	138.874	339.883	-14.992	345
N	138.696	339.737	-13.683	346
CA	138.622	340.853	-12.751	346
C	139.816	341.803	-12.873	346
N	141.023	341.241	-12.874	347
CA	142.243	342.041	-12.966	347
C	142.365	342.744	-14.316	347
N	141.888	342.101	-15.381	348
CA	141.844	342.775	-16.681	348
C	140.937	344.01	-16.622	348
N	139.743	343.82	-16.058	349
CA	138.822	344.943	-15.882	349
C	139.485	346.065	-15.071	349
N	140.209	345.68	-14.019	350
CA	140.943	346.641	-13.194	350
C	141.98	347.396	-14.015	350
N	142.616	346.7	-14.954	351
CA	143.582	347.338	-15.842	351
C	142.898	348.397	-16.703	351
N	141.74	348.048	-17.264	352
CA	140.978	349.029	-18.046	352
C	140.605	350.265	-17.225	352
N	139.965	350.035	-16.082	353
CA	139.51	351.13	-15.227	353
C	140.667	352.014	-14.755	353
N	141.779	351.387	-14.383	354
CA	142.953	352.118	-13.915	354
C	143.579	352.931	-15.038	354
N	143.61	352.362	-16.241	355
CA	144.115	353.097	-17.396	355
C	143.245	354.318	-17.677	355
N	141.931	354.148	-17.562	356
CA	141.012	355.254	-17.815	356
C	141.089	356.336	-16.735	356
N	141.364	355.927	-15.5	357
CA	141.333	356.845	-14.361	357
C	142.613	357.666	-14.213	357
N	143.708	357.177	-14.786	358
CA	144.995	357.854	-14.665	358
C	144.986	359.195	-15.39	358
N	144.119	359.309	-16.39	359
CA	144.052	360.504	-17.217	359
C	142.78	361.302	-16.966	359
N	142.015	360.901	-15.958	360
CA	140.746	361.56	-15.676	360
C	140.928	362.957	-15.097	360
N	140.087	363.879	-15.55	361
CA	140.011	365.208	-14.964	361
C	138.622	365.419	-14.373	361
N	137.7	364.536	-14.74	362
CA	136.368	364.526	-14.154	362
C	136.04	363.115	-13.689	362
N	136.397	362.795	-12.435	363
CA	136.239	361.457	-11.853	363
C	134.823	360.91	-12.016	363
N	133.827	361.755	-11.773	364
CA	132.432	361.364	-11.935	364
C	132.155	360.865	-13.347	364
N	132.491	361.681	-14.34	365
CA	132.208	361.344	-15.731	365
C	133.033	360.153	-16.217	365
N	134.255	360.027	-15.71	366
CA	135.111	358.905	-16.076	366
C	134.557	357.593	-15.522	366
N	134.113	357.62	-14.27	367
CA	133.632	356.412	-13.608	367
C	132.164	356.117	-13.914	367
N	131.48	357.076	-14.528	368
CA	130.104	356.867	-14.963	368
C	130.069	356.462	-16.429	368
N	131.248	356.357	-17.035	369
CA	131.367	355.952	-18.43	369
C	130.841	354.53	-18.608	369
N	129.839	354.361	-19.484	370
CA	129.281	353.042	-19.804	370
C	130.316	352.103	-20.417	370
N	131.347	352.669	-21.037	371
CA	132.408	351.878	-21.646	371
C	133.211	351.13	-20.587	371
N	133.462	351.793	-19.463	372
CA	134.212	351.187	-18.368	372
C	133.394	350.112	-17.659	372
N	132.092	350.36	-17.53	373
CA	131.157	349.42	-16.911	373
C	131.57	349.032	-15.49	373
N	131.55	350.004	-14.584	374
CA	131.889	349.75	-13.188	374
C	130.819	348.919	-12.491	374
N	129.634	348.858	-13.091	375
CA	128.549	348.046	-12.555	375
C	128.79	346.563	-12.833	375
N	129.175	346.246	-14.067	376
CA	129.465	344.874	-14.45	376
C	130.729	344.336	-13.802	376
N	131.537	345.244	-13.264	377
CA	132.756	344.884	-12.548	377
C	132.445	344.055	-11.305	377
N	131.44	344.488	-10.552	378
CA	131.058	343.815	-9.316	378
C	129.696	343.141	-9.451	378
N	129.207	343.057	-10.688	379
CA	127.884	342.507	-10.984	379
C	126.798	343.179	-10.145	379
N	126.951	344.483	-9.924	380
CA	126.017	345.242	-9.099	380
C	124.928	345.897	-9.945	380
N	123.847	346.315	-9.292	381
CA	122.742	346.958	-9.979	381
C	122.699	348.45	-9.714	381
N	123.485	348.894	-8.738	382
CA	123.539	350.298	-8.379	382
C	124.945	350.761	-8.055	382
N	125.178	352.061	-8.198	383
CA	126.493	352.644	-7.956	383
C	126.383	354.101	-7.523	383
N	127.011	354.429	-6.4	384
CA	127.063	355.803	-5.922	384
C	128.499	356.312	-5.936	384
N	128.745	357.35	-6.731	385
CA	130.06	357.975	-6.807	385
C	130.057	359.288	-6.04	385
N	130.996	359.461	-5.118	386
CA	131.092	360.73	-4.401	386
C	132.46	361.37	-4.598	386
N	132.474	362.538	-5.239	387
CA	133.724	363.254	-5.488	387
C	133.541	364.76	-5.381	387
N	134.657	365.464	-5.2	388
CA	134.648	366.91	-5.012	388
C	133.699	367.266	-3.873	388
N	132.634	367.994	-4.193	389
CA	131.631	368.339	-3.202	389
C	130.249	367.825	-3.559	389
N	130.192	366.775	-4.373	390
CA	128.911	366.256	-4.84	390
C	128.94	364.745	-5.083	390
N	127.768	364.181	-5.361	391
CA	127.672	362.767	-5.705	391
C	126.778	362.531	-6.919	391
N	127.113	361.499	-7.685	392
CA	126.288	361.048	-8.797	392
C	125.924	359.581	-8.587	392
N	124.922	359.099	-9.313	393
CA	124.563	357.688	-9.233	393
C	124.529	357.037	-10.605	393
N	124.365	355.722	-10.605	394
CA	124.333	354.941	-11.83	394
C	123.564	353.651	-11.565	394
N	122.535	353.392	-12.365	395
CA	121.727	352.198	-12.191	395
C	120.664	352.346	-11.117	395
N	120.27	351.225	-10.519	396
CA	119.233	351.227	-9.493	396
C	119.775	351.689	-8.147	396
N	119.37	352.883	-7.731	397
CA	119.807	353.433	-6.454	397
C	118.618	353.934	-5.64	397
N	118.768	353.967	-4.307	398
CA	117.77	354.564	-3.413	398
C	117.563	356.048	-3.707	398
N	116.444	356.626	-3.239	399
CA	116.172	358.061	-3.404	399
C	117.29	358.947	-2.85	399
N	117.365	360.184	-3.334	400
CA	118.426	361.117	-2.948	400
C	118.564	361.338	-1.429	400
N	117.44	361.527	-0.703	401
CA	117.606	361.639	0.753	401
C	118.204	360.376	1.365	401
N	117.784	359.22	0.859	402
CA	118.329	357.946	1.309	402
C	119.807	357.839	0.947	402
N	120.178	358.429	-0.186	403
CA	121.571	358.443	-0.619	403
C	122.423	359.258	0.349	403
N	121.958	360.461	0.676	404
CA	122.653	361.317	1.636	404
C	122.753	360.66	3.009	404
N	121.667	360.02	3.432	405
CA	121.643	359.314	4.707	405
C	122.659	358.174	4.717	405
N	122.76	357.473	3.592	406
CA	123.699	356.365	3.456	406
C	125.134	356.878	3.506	406
N	125.365	358.009	2.846	407
CA	126.678	358.638	2.836	407
C	127.076	359.066	4.244	407
N	126.112	359.595	4.992	408
CA	126.337	359.957	6.388	408
C	126.673	358.719	7.218	408
N	125.944	357.635	6.966	409
CA	126.189	356.375	7.657	409
C	127.584	355.838	7.348	409
N	128.088	356.152	6.159	410
CA	129.453	355.784	5.797	410
C	130.463	356.719	6.454	410
N	130.05	357.962	6.689	411
CA	130.883	358.925	7.404	411
C	131.007	358.528	8.872	411
N	130.013	357.795	9.367	412
CA	130.063	357.277	10.731	412
C	130.889	355.994	10.812	412
N	131.076	355.336	9.671	413
CA	131.807	354.074	9.623	413
C	133.308	354.306	9.789	413
N	133.953	353.511	10.659	414
CA	135.377	353.675	10.977	414
C	136.327	353.063	9.945	414
N	135.949	351.931	9.357	415
CA	136.821	351.218	8.439	415
C	137.098	351.953	7.14	415
N	137.953	351.367	6.307	416
CA	138.26	351.932	4.997	416
C	137.385	351.29	3.926	416
N	137.054	350.02	4.133	417
CA	136.192	349.284	3.217	417
C	135.011	348.672	3.964	417
N	133.819	348.824	3.399	418
CA	132.612	348.247	3.974	418
C	132.048	347.182	3.041	418
N	131.741	346.014	3.596	419
CA	131.213	344.906	2.809	419
C	130.082	344.19	3.539	419
N	128.951	344.018	2.861	420
CA	127.838	343.276	3.448	420
C	126.898	342.712	2.384	420
N	126.338	341.537	2.659	421
CA	125.349	340.931	1.773	421
C	123.941	341.261	2.265	421
N	123.875	342.034	3.347	422
CA	122.611	342.499	3.908	422
C	122.834	343.756	4.747	422
N	122.492	344.911	4.182	423
CA	122.708	346.195	4.845	423
C	121.822	346.348	6.081	423
N	120.756	345.557	6.144	424
CA	119.851	345.579	7.278	424
C	120.518	345.174	8.58	424
N	121.584	344.385	8.478	425
CA	122.331	343.95	9.652	425
C	123.166	345.085	10.236	425
N	123.951	345.735	9.383	426
CA	124.828	346.813	9.822	426
C	124.041	348.088	10.109	426
N	123.191	348.483	9.167	427
CA	122.394	349.696	9.315	427
C	120.904	349.369	9.378	427
N	120.282	349.594	10.546	428
CA	118.85	349.336	10.737	428
C	117.965	350.28	9.921	428
N	118.207	351.584	10.036	429
CA	117.401	352.586	9.341	429
C	117.605	352.549	7.826	429
N	118.423	351.609	7.36	430
CA	118.653	351.426	5.94	430
C	118.072	350.12	5.433	430
N	117.415	349.38	6.323	431
CA	116.812	348.101	5.957	431
C	115.661	348.287	4.972	431
N	115.135	349.506	4.9	432
CA	114.067	349.829	3.961	432
C	114.627	350.152	2.578	432
N	115.951	350.134	2.457	433
CA	116.602	350.403	1.181	433
C	117.003	349.1	0.499	433
N	116.495	347.991	1.028	434
CA	116.791	346.655	0.511	434
C	116.44	346.409	-0.972	434
N	115.305	346.95	-1.472	435
CA	114.983	346.705	-2.887	435
C	116.074	347.103	-3.881	435
N	116.771	348.202	-3.619	436
CA	117.813	348.665	-4.529	436
C	119.205	348.492	-3.927	436
N	119.271	348.445	-2.601	437
CA	120.55	348.371	-1.909	437
C	120.514	347.379	-0.753	437
N	120.441	346.094	-1.083	438
CA	120.502	345.05	-0.068	438
C	121.958	344.736	0.255	438
N	122.736	344.446	-0.782	439
CA	124.163	344.234	-0.632	439
C	124.924	345.525	-0.867	439
N	125.946	345.771	-0.052	440
CA	126.717	347.004	-0.162	440
C	128.219	346.742	-0.149	440
N	128.92	347.417	-1.055	441
CA	130.374	347.336	-1.138	441
C	130.954	348.737	-1.308	441
N	131.262	349.391	-0.193	442
CA	131.762	350.76	-0.235	442
C	133.262	350.827	0.02	442
N	133.921	351.783	-0.627	443
CA	135.331	352.058	-0.388	443
C	135.568	353.555	-0.307	443
N	136.351	353.966	0.685	444
CA	136.7	355.37	0.857	444
C	138.076	355.677	0.285	444
N	138.255	356.914	-0.164	445
CA	139.554	357.374	-0.628	445
C	139.956	358.595	0.213	445
N	140.435	358.307	1.423	446
CA	140.829	359.325	2.397	446
C	139.74	360.376	2.613	446
N	140.343	361.442	3.195	447
CA	139.648	362.463	4.019	447
C	139.004	362.2	5.394	447
N	138.895	361.138	6.209	448
CA	138.742	359.788	5.73	448
C	137.524	359.233	4.956	448
N	136.303	359.731	4.518	449
CA	135.13	359.388	3.72	449
C	134.559	360.605	2.996	449
N	135.427	361.561	2.677	450
CA	135.024	362.753	1.937	450
C	134.654	362.402	0.499	450
N	135.434	361.506	-0.099	451
CA	135.146	360.983	-1.429	451
C	135.14	359.46	-1.376	451
N	134.294	358.826	-2.188	452
CA	134.124	357.374	-2.094	452
C	133.396	356.729	-3.276	452
N	133.456	355.399	-3.325	453
CA	132.738	354.601	-4.32	453
C	131.857	353.564	-3.633	453
N	130.601	353.454	-4.05	454
CA	129.672	352.536	-3.393	454
C	128.948	351.623	-4.377	454
N	129.144	350.316	-4.243	455
CA	128.412	349.361	-5.069	455
C	127.177	348.839	-4.338	455
N	126.081	348.69	-5.078	456
CA	124.819	348.247	-4.497	456
C	124.202	347.084	-5.274	456
N	123.808	346.043	-4.545	457
CA	123.097	344.907	-5.123	457
C	121.684	344.818	-4.553	457
N	120.693	344.588	-5.428	458
CA	119.28	344.545	-5.034	458
C	118.92	343.293	-4.236	458
N	117.804	343.347	-3.512	459
CA	117.324	342.205	-2.738	459
C	116.952	341.046	-3.657	459
N	117.244	339.828	-3.215	460
CA	116.973	338.641	-4.015	460
C	116.21	337.592	-3.209	460
N	115.262	336.92	-3.856	461
CA	114.528	335.832	-3.217	461
C	115.441	334.634	-3.0	461
N	115.935	334.479	-1.777	462
CA	116.883	333.413	-1.478	462
C	116.313	332.384	-0.51	462
N	116.335	331.125	-0.934	463
CA	115.949	330.014	-0.076	463
C	117.166	329.153	0.248	463
N	117.491	329.056	1.532	464
CA	118.57	328.188	1.985	464
C	118.014	326.861	2.484	464
N	118.38	325.776	1.81	465
CA	117.958	324.443	2.229	465
C	118.784	323.959	3.417	465
N	118.19	324.016	4.603	466
CA	118.819	323.493	5.807	466
C	118.462	322.027	6.004	466
N	119.326	321.307	6.711	467
CA	119.118	319.897	6.971	467
C	118.358	319.644	8.258	467
N	117.128	320.145	8.323	468
CA	116.259	319.883	9.455	468
C	115.98	321.089	10.331	468
N	116.959	321.981	10.447	469
CA	116.828	323.137	11.323	469
C	117.771	324.269	10.931	469
N	117.382	325.494	11.271	470
CA	118.257	326.656	11.149	470
C	119.094	326.759	12.426	470
N	120.138	327.607	12.425	471
CA	120.904	327.831	13.657	471
C	120.046	328.283	14.844	471
N	118.98	329.032	14.575	472
CA	118.101	329.53	15.631	472
C	117.244	328.427	16.25	472
N	116.94	327.401	15.461	473
CA	116.063	326.32	15.904	473
C	116.804	325.245	16.693	473
N	118.128	325.239	16.591	474
CA	118.937	324.212	17.241	474
C	118.998	324.41	18.754	474
N	118.752	325.638	19.199	475
CA	118.821	325.969	20.618	475
C	117.463	325.83	21.303	475
N	116.5	325.242	20.598	476
CA	115.143	325.108	21.118	476
C	114.936	323.787	21.857	476
N	115.495	322.709	21.315	477
CA	115.399	321.397	21.948	477
C	116.526	321.217	22.962	477
N	116.257	320.459	24.021	478
CA	117.249	320.239	25.068	478
C	118.258	319.173	24.645	478
N	117.817	318.258	23.788	479
CA	118.699	317.265	23.201	479
C	118.85	317.526	21.714	479
N	119.493	316.599	20.991	480
CA	119.627	316.773	19.541	480
C	118.296	316.553	18.825	480
N	118.117	317.218	17.688	481
CA	116.853	317.189	16.965	481
C	116.578	315.843	16.301	481
N	115.335	315.659	15.86	482
CA	114.925	314.437	15.177	482
C	114.615	314.694	13.706	482
N	114.536	315.966	13.334	483
CA	114.176	316.341	11.972	483
C	115.409	316.666	11.136	483
N	115.548	315.993	9.999	484
CA	116.694	316.213	9.126	484
C	116.281	316.392	7.668	484
N	114.978	316.501	7.427	485
CA	114.475	316.709	6.075	485
C	114.672	318.162	5.647	485
N	114.442	318.442	4.367	486
CA	114.732	319.76	3.801	486
C	113.897	320.875	4.434	486
N	114.572	321.857	5.029	487
CA	113.885	323.045	5.521	487
C	114.32	324.276	4.734	487
N	113.438	324.77	3.872	488
CA	113.771	325.894	3.007	488
C	113.556	327.226	3.711	488
N	114.618	327.775	4.29	489
CA	114.512	329.069	4.951	489
C	114.503	330.186	3.917	489
N	113.42	330.953	3.88	490
CA	113.311	332.066	2.948	490
C	113.864	333.328	3.589	490
N	115.112	333.651	3.276	491
CA	115.754	334.813	3.878	491
C	115.468	336.065	3.064	491
N	115.194	337.167	3.753	492
CA	114.921	338.429	3.075	492
C	115.815	339.552	3.591	492
N	116.008	340.568	2.756	493
CA	116.917	341.654	3.066	493
C	118.329	341.325	2.624	493
N	118.472	340.213	1.909	494
CA	119.775	339.75	1.444	494
C	119.932	339.913	-0.067	494
N	121.18	339.956	-0.523	495
CA	121.482	340.045	-1.946	495
C	122.46	338.949	-2.342	495
N	122.873	338.95	-3.606	496
CA	123.899	338.024	-4.065	496
C	125.173	338.263	-3.264	496
N	125.703	337.202	-2.638	497
CA	126.888	337.302	-1.776	497
C	128.108	337.838	-2.519	497
N	128.809	338.79	-1.908	498
CA	130.008	339.358	-2.514	498
C	131.116	338.318	-2.628	498
N	131.522	338.027	-3.859	499
CA	132.667	337.16	-4.105	499
C	133.92	337.807	-3.51	499
N	134.743	337.017	-2.8	500
CA	135.964	337.526	-2.156	500
C	136.903	338.203	-3.151	500
N	136.971	337.643	-4.356	501
CA	137.725	338.242	-5.439	501
C	137.305	339.679	-5.679	501
N	135.995	339.916	-5.698	502
CA	135.453	341.256	-5.9	502
C	135.879	342.218	-4.789	502
N	136.065	341.683	-3.586	503
CA	136.52	342.482	-2.451	503
C	137.999	342.841	-2.598	503
N	138.804	341.854	-2.995	504
CA	140.217	342.093	-3.293	504
C	140.343	343.181	-4.358	504
N	139.493	343.076	-5.374	505
CA	139.412	344.056	-6.447	505
C	139.027	345.431	-5.917	505
N	138.125	345.452	-4.941	506
CA	137.71	346.703	-4.317	506
C	138.879	347.376	-3.598	506
N	139.659	346.59	-2.859	507
CA	140.838	347.13	-2.177	507
C	141.883	347.644	-3.173	507
N	142.146	346.84	-4.204	508
CA	143.069	347.218	-5.273	508
C	142.659	348.546	-5.908	508
N	141.359	348.688	-6.144	509
CA	140.799	349.92	-6.678	509
C	140.959	351.072	-5.702	509
N	140.862	350.782	-4.407	510
CA	141.061	351.823	-3.405	510
C	142.486	352.356	-3.483	510
N	143.453	351.441	-3.531	511
CA	144.856	351.831	-3.657	511
C	145.097	352.636	-4.935	511
N	144.626	352.099	-6.059	512
CA	144.816	352.734	-7.363	512
C	144.23	354.144	-7.423	512
N	142.969	354.279	-7.025	513
CA	142.286	355.569	-7.063	513
C	142.864	356.559	-6.058	513
N	143.307	356.057	-4.909	514
CA	143.93	356.922	-3.913	514
C	145.251	357.475	-4.443	514
N	146.02	356.622	-5.114	515
CA	147.305	357.031	-5.653	515
C	147.229	357.866	-6.921	515
N	146.147	357.709	-7.679	516
CA	146.031	358.355	-8.985	516
C	145.321	359.707	-8.928	516
N	144.261	359.794	-8.13	517
CA	143.456	361.01	-8.055	517
C	144.247	362.183	-7.482	517
N	144.358	363.607	-6.836	518
CA	144.671	365.267	-6.688	518
C	145.612	366.717	-6.578	518
N	145.445	368.202	-6.238	519
CA	145.759	369.815	-6.199	519
C	146.82	370.993	-5.709	519
N	146.658	372.376	-5.147	520
CA	147.428	373.78	-5.178	520
C	147.442	374.891	-3.949	520
N	147.913	376.232	-3.9	521
CA	148.191	377.385	-2.915	521
C	148.825	378.768	-3.443	521
N	148.958	380.159	-3.106	522
CA	148.453	381.46	-3.762	522
C	148.739	382.767	-2.927	522
N	148.597	384.062	-3.347	523
CA	149.63	384.98	-2.816	523
C	149.704	386.367	-2.186	523
N	148.719	387.238	-1.967	524
CA	148.077	388.528	-2.306	524
C	148.416	390.056	-2.164	524
