ATOM	X	Y	Z	RESIDUE
N	10.175	-19.601	23.559	1
CA	9.614	-19.077	24.853	1
C	10.623	-18.204	25.616	1
N	10.468	-16.87	25.582	2
CA	11.462	-15.999	26.237	2
C	11.44	-16.109	27.764	2
N	12.588	-15.804	28.38	3
CA	12.668	-15.699	29.843	3
C	11.851	-14.465	30.341	3
N	11.371	-14.491	31.611	4
CA	10.761	-13.272	32.143	4
C	11.8	-12.129	32.186	4
N	11.364	-10.904	31.955	5
CA	12.325	-9.812	31.994	5
C	12.663	-9.446	33.431	5
N	13.84	-8.865	33.601	6
CA	14.125	-8.205	34.845	6
C	13.604	-6.8	34.859	6
N	13.581	-6.154	36.021	7
CA	13.131	-4.756	36.026	7
C	14.06	-3.865	35.17	7
N	13.507	-2.787	34.587	8
CA	14.336	-1.814	33.865	8
C	15.28	-1.063	34.805	8
N	16.276	-0.381	34.231	9
CA	17.294	0.32	35.011	9
C	16.746	1.304	36.005	9
N	15.712	1.997	35.589	10
CA	15.151	3.096	36.407	10
C	14.29	2.562	37.534	10
N	14.054	1.255	37.562	11
CA	13.425	0.571	38.691	11
C	14.4	-0.271	39.468	11
N	15.677	0.024	39.305	12
CA	16.739	-0.628	40.118	12
C	17.175	-1.982	39.555	12
N	16.783	-2.286	38.29	13
CA	17.148	-3.568	37.722	13
C	18.629	-3.656	37.389	13
N	19.11	-4.883	37.149	14
CA	20.546	-5.067	36.902	14
C	21.033	-4.508	35.58	14
N	22.318	-4.172	35.572	15
CA	22.934	-3.779	34.316	15
C	22.929	-4.985	33.395	15
N	22.783	-4.693	32.117	16
CA	22.704	-5.723	31.082	16
C	24.107	-6.001	30.54	16
N	24.434	-7.282	30.5	17
CA	25.72	-7.839	30.05	17
C	25.462	-8.909	29.036	17
N	26.536	-9.463	28.465	18
CA	26.346	-10.611	27.605	18
C	25.864	-11.893	28.317	18
N	25.978	-11.935	29.664	19
CA	25.451	-13.034	30.451	19
C	23.973	-12.987	30.745	19
N	23.315	-11.834	30.651	20
CA	21.898	-11.806	31.049	20
C	21.022	-11.057	30.039	20
N	21.564	-10.814	28.859	21
CA	20.873	-9.95	27.931	21
C	19.54	-10.471	27.36	21
N	19.283	-11.79	27.482	22
CA	17.976	-12.347	27.11	22
C	16.886	-11.818	28.091	22
N	17.278	-11.148	29.194	23
CA	16.296	-10.647	30.206	23
C	16.116	-9.133	30.208	23
N	16.806	-8.443	29.269	24
CA	16.641	-7.015	29.165	24
C	15.162	-6.706	28.791	24
N	14.504	-5.782	29.526	25
CA	13.133	-5.451	29.253	25
C	13.04	-4.382	28.141	25
N	13.337	-4.81	26.92	26
CA	13.566	-3.864	25.823	26
C	12.281	-3.112	25.45	26
N	11.096	-3.643	25.834	27
CA	9.837	-2.964	25.511	27
C	9.492	-1.764	26.426	27
N	10.19	-1.652	27.554	28
CA	9.908	-0.626	28.535	28
C	11.115	0.225	28.911	28
N	11.784	0.843	27.893	29
CA	12.932	1.617	28.292	29
C	12.705	2.966	28.95	29
N	11.459	3.44	28.998	30
CA	11.119	4.734	29.543	30
C	11.765	5.923	28.855	30
N	12.056	5.729	27.551	31
CA	12.728	6.742	26.801	31
C	12.571	6.519	25.318	31
N	12.895	7.552	24.568	32
CA	12.707	7.534	23.09	32
C	13.923	8.047	22.37	32
N	13.927	7.824	21.059	33
CA	14.958	8.311	20.211	33
C	14.7	9.821	19.965	33
N	15.777	10.631	19.83	34
CA	15.607	12.088	19.88	34
C	15.104	12.798	18.608	34
N	14.869	12.063	17.518	35
CA	14.417	12.658	16.245	35
C	12.879	12.909	16.212	35
N	12.206	12.487	17.278	36
CA	10.776	12.748	17.475	36
C	10.436	13.028	18.909	36
N	9.137	13.272	19.151	37
CA	8.617	13.422	20.486	37
C	7.485	12.422	20.745	37
N	7.264	12.122	22.006	38
CA	6.214	11.154	22.378	38
C	5.393	11.668	23.529	38
N	4.081	11.513	23.43	39
CA	3.224	11.766	24.585	39
C	2.344	10.527	24.824	39
N	1.91	10.316	26.058	40
CA	0.921	9.327	26.312	40
C	-0.293	10.03	26.896	40
N	-1.456	9.429	26.673	41
CA	-2.715	10.05	27.063	41
C	-3.725	9.032	27.486	41
N	-4.589	9.415	28.427	42
CA	-5.68	8.53	28.845	42
C	-6.594	8.265	27.63	42
N	-6.967	7.016	27.431	43
CA	-7.704	6.547	26.264	43
C	-9.151	6.947	26.265	43
N	-9.662	7.298	27.438	44
CA	-10.998	7.864	27.495	44
C	-11.075	9.388	27.522	44
N	-10.366	10.025	28.467	45
CA	-10.419	11.467	28.62	45
C	-9.546	12.27	27.669	45
N	-8.562	11.589	27.073	46
CA	-7.468	12.231	26.419	46
C	-6.506	13.043	27.233	46
N	-6.543	12.957	28.56	47
CA	-5.597	13.737	29.356	47
C	-4.165	13.295	29.055	47
N	-3.267	14.26	28.806	48
CA	-1.855	13.946	28.587	48
C	-1.196	13.594	29.908	48
N	-0.646	12.386	29.96	49
CA	-0.102	11.772	31.153	49
C	1.429	11.776	31.229	49
N	2.11	11.507	30.144	50
CA	3.567	11.448	30.083	50
C	4.014	12.148	28.818	50
N	5.182	12.777	28.873	51
CA	5.766	13.47	27.763	51
C	7.238	13.238	27.726	51
N	7.793	13.035	26.53	52
CA	9.246	12.983	26.431	52
C	9.844	14.368	26.794	52
N	11.023	14.382	27.407	53
CA	11.623	15.662	27.85	53
C	11.94	16.702	26.753	53
N	12.029	16.249	25.5	54
CA	12.312	17.107	24.362	54
C	11.032	17.615	23.701	54
N	9.88	17.418	24.337	55
CA	8.62	17.745	23.72	55
C	8.529	19.198	23.185	55
N	9.185	20.163	23.848	56
CA	9.13	21.591	23.424	56
C	9.677	21.888	22.034	56
N	10.728	21.167	21.701	57
CA	11.41	21.23	20.42	57
C	10.489	20.919	19.245	57
N	9.53	20.036	19.463	58
CA	8.713	19.554	18.362	58
C	7.337	20.154	18.404	58
N	6.865	20.382	19.613	59
CA	5.528	20.824	19.771	59
C	5.428	22.344	20.018	59
N	6.544	23.026	20.259	60
CA	6.496	24.459	20.517	60
C	5.937	24.845	21.886	60
N	5.79	23.888	22.799	61
CA	5.554	24.24	24.21	61
C	6.047	23.233	25.222	61
N	6.229	23.725	26.447	62
CA	6.965	22.994	27.484	62
C	6.168	21.835	28.091	62
N	6.863	20.669	28.341	63
CA	6.232	19.494	28.991	63
C	5.489	19.83	30.282	63
N	6.056	20.694	31.045	64
CA	5.408	21.16	32.282	64
C	4.069	21.872	31.982	64
N	3.929	22.483	30.803	65
CA	2.667	23.212	30.449	65
C	1.59	22.371	29.762	65
N	2.026	21.354	29.031	66
CA	1.147	20.486	28.221	66
C	0.577	19.311	29.022	66
N	1.359	18.783	29.98	67
CA	0.908	17.645	30.82	67
C	-0.405	18.071	31.469	67
N	-1.381	17.155	31.491	68
CA	-2.703	17.351	32.142	68
C	-3.774	17.92	31.223	68
N	-3.333	18.563	30.131	69
CA	-4.235	19.072	29.141	69
C	-4.779	17.887	28.389	69
N	-5.994	18.031	27.895	70
CA	-6.62	16.965	27.113	70
C	-6.37	17.139	25.643	70
N	-6.319	16.001	24.949	71
CA	-6.218	16.013	23.501	71
C	-7.441	16.635	22.894	71
N	-8.578	16.609	23.585	72
CA	-9.766	17.32	23.061	72
C	-9.545	18.805	22.851	72
N	-8.754	19.392	23.741	73
CA	-8.336	20.789	23.683	73
C	-7.113	21.013	22.807	73
N	-6.116	20.139	22.887	74
CA	-4.861	20.303	22.146	74
C	-4.948	19.989	20.672	74
N	-5.791	18.999	20.34	75
CA	-5.917	18.467	18.978	75
C	-7.401	18.351	18.588	75
N	-8.12	19.491	18.574	76
CA	-9.567	19.423	18.354	76
C	-9.948	18.782	17.028	76
N	-9.178	19.026	15.969	77
CA	-9.544	18.492	14.644	77
C	-9.125	17.033	14.469	77
N	-8.282	16.5	15.362	78
CA	-7.927	15.049	15.288	78
C	-8.469	14.167	16.387	78
N	-8.799	14.727	17.539	79
CA	-9.172	13.869	18.678	79
C	-10.358	12.951	18.356	79
N	-11.429	13.513	17.774	80
CA	-12.513	12.572	17.491	80
C	-12.125	11.418	16.563	80
N	-11.36	11.735	15.524	81
CA	-10.937	10.706	14.52	81
C	-10.035	9.659	15.158	81
N	-9.115	10.138	15.999	82
CA	-8.206	9.262	16.737	82
C	-8.976	8.248	17.623	82
N	-9.95	8.766	18.35	83
CA	-10.786	7.977	19.236	83
C	-11.503	6.874	18.455	83
N	-12.019	7.264	17.287	84
CA	-12.837	6.4	16.492	84
C	-11.959	5.319	15.923	84
N	-10.746	5.707	15.565	85
CA	-9.804	4.783	14.957	85
C	-9.22	3.718	15.923	85
N	-9.135	4.068	17.215	86
CA	-8.457	3.195	18.187	86
C	-9.375	2.954	19.355	86
N	-10.447	2.17	19.149	87
CA	-11.361	1.925	20.25	87
C	-10.743	1.012	21.297	87
N	-11.223	1.123	22.531	88
CA	-10.837	0.219	23.596	88
C	-10.808	-1.216	23.14	88
N	-9.749	-1.92	23.534	89
CA	-9.531	-3.305	23.1	89
C	-9.123	-3.582	21.639	89
N	-8.86	-2.555	20.834	90
CA	-8.317	-2.767	19.464	90
C	-6.894	-3.383	19.521	90
N	-6.425	-3.976	18.423	91
CA	-5.041	-4.507	18.498	91
C	-4.003	-3.385	18.776	91
N	-2.987	-3.644	19.603	92
CA	-1.965	-2.636	19.862	92
C	-1.101	-2.301	18.667	92
N	-1.158	-3.109	17.613	93
CA	-0.454	-2.76	16.387	93
C	-1.262	-1.829	15.454	93
N	-2.571	-1.716	15.697	94
CA	-3.399	-0.782	14.903	94
C	-2.919	0.657	15.109	94
N	-2.895	1.465	14.032	95
CA	-2.399	2.824	14.109	95
C	-3.339	3.793	13.511	95
N	-3.341	4.978	14.101	96
CA	-3.95	6.182	13.525	96
C	-2.81	7.082	13.096	96
N	-2.929	7.618	11.89	97
CA	-1.925	8.564	11.39	97
C	-2.538	9.856	10.862	97
N	-1.906	10.978	11.161	98
CA	-2.316	12.243	10.621	98
C	-1.125	13.159	10.394	98
N	-1.292	14.123	9.511	99
CA	-0.19	15.069	9.28	99
C	-0.677	16.41	9.826	99
N	0.128	17.044	10.679	100
CA	-0.167	18.348	11.298	100
C	0.81	19.433	10.829	100
N	0.391	20.696	10.819	101
CA	1.353	21.786	10.571	101
C	1.994	22.277	11.846	101
N	3.154	22.899	11.712	102
CA	3.889	23.379	12.889	102
C	4.739	24.574	12.465	102
N	5.206	25.403	13.44	103
CA	5.996	26.582	13.077	103
C	7.091	26.348	12.04	103
N	7.791	25.214	12.1	104
CA	8.954	24.952	11.219	104
C	8.612	24.424	9.803	104
N	9.638	24.22	8.972	105
CA	9.437	23.69	7.587	105
C	8.921	22.258	7.578	105
N	8.32	21.875	6.458	106
CA	7.557	20.637	6.389	106
C	6.412	20.625	7.405	106
N	6.064	19.427	7.872	107
CA	4.939	19.203	8.771	107
C	5.39	18.302	9.961	107
N	4.471	18.014	10.883	108
CA	4.639	16.964	11.878	108
C	3.744	15.787	11.475	108
N	4.33	14.597	11.412	109
CA	3.571	13.368	11.298	109
C	3.194	12.909	12.686	109
N	1.919	12.592	12.877	110
CA	1.424	12.049	14.127	110
C	1.048	10.592	13.915	110
N	1.592	9.686	14.743	111
CA	1.206	8.245	14.756	111
C	0.746	7.856	16.163	111
N	-0.392	7.198	16.249	112
CA	-0.966	6.845	17.525	112
C	-1.318	5.375	17.527	112
N	-1.071	4.719	18.666	113
CA	-1.628	3.412	18.915	113
C	-2.141	3.33	20.353	113
N	-2.82	2.23	20.649	114
CA	-3.432	2.013	21.942	114
C	-2.875	0.763	22.57	114
N	-2.443	0.923	23.814	115
CA	-2.085	-0.217	24.686	115
C	-2.938	-0.136	25.949	115
N	-3.744	-1.163	26.2	116
CA	-4.667	-1.09	27.36	116
C	-5.55	0.191	27.286	116
N	-5.511	1.011	28.33	117
CA	-6.292	2.255	28.427	117
C	-5.46	3.498	28.062	117
N	-4.284	3.29	27.471	118
CA	-3.365	4.364	27.151	118
C	-3.252	4.52	25.637	118
N	-3.264	5.754	25.197	119
CA	-2.892	6.179	23.812	119
C	-1.449	6.709	23.806	119
N	-0.653	6.231	22.827	120
CA	0.755	6.582	22.697	120
C	0.85	7.323	21.367	120
N	1.318	8.538	21.451	121
CA	1.363	9.503	20.36	121
C	2.783	9.885	20.056	121
N	3.151	9.616	18.81	122
CA	4.463	9.917	18.297	122
C	4.411	11.069	17.285	122
N	5.287	12.07	17.462	123
CA	5.402	13.225	16.559	123
C	6.753	13.25	15.955	123
N	6.801	13.241	14.634	124
CA	8.081	13.423	13.979	124
C	7.96	14.304	12.773	124
N	8.976	15.163	12.577	125
CA	9.013	16.065	11.421	125
C	9.04	15.303	10.135	125
N	8.35	15.8	9.133	126
CA	8.356	15.189	7.811	126
C	8.291	16.33	6.811	126
N	9.0	16.18	5.706	127
CA	8.951	17.193	4.646	127
C	7.815	16.852	3.665	127
N	7.239	17.863	3.015	128
CA	6.058	17.656	2.135	128
C	6.308	16.668	0.97	128
N	7.477	16.791	0.327	129
CA	7.921	15.872	-0.746	129
C	8.259	14.46	-0.196	129
N	8.29	14.32	1.135	130
CA	8.524	13.003	1.774	130
C	7.256	12.109	1.815	130
N	6.194	12.524	1.101	131
CA	5.077	11.629	0.754	131
C	5.534	10.54	-0.209	131
N	5.071	9.327	0.053	132
CA	5.187	8.228	-0.897	132
C	3.784	7.748	-1.176	132
N	3.466	7.617	-2.467	133
CA	2.146	7.147	-2.89	133
C	1.903	5.639	-2.699	133
N	0.644	5.2	-2.908	134
CA	0.449	3.749	-2.945	134
C	1.094	3.077	-4.183	134
N	1.544	3.869	-5.169	135
CA	2.272	3.34	-6.316	135
C	3.523	2.638	-6.023	135
N	4.27	3.113	-5.023	136
CA	5.524	2.456	-4.695	136
C	5.296	0.973	-4.407	136
N	4.331	0.692	-3.531	137
CA	4.013	-0.685	-3.197	137
C	3.39	-1.42	-4.396	137
N	2.481	-0.755	-5.084	138
CA	1.775	-1.364	-6.155	138
C	2.751	-1.799	-7.239	138
N	3.632	-0.897	-7.674	139
CA	4.52	-1.233	-8.823	139
C	5.515	-2.33	-8.399	139
N	5.92	-2.319	-7.142	140
CA	6.83	-3.352	-6.596	140
C	6.311	-4.79	-6.534	140
N	5.022	-4.943	-6.287	141
CA	4.379	-6.251	-6.31	141
C	4.636	-7.045	-7.591	141
N	4.729	-6.371	-8.76	142
CA	4.99	-7.034	-10.018	142
C	6.221	-7.938	-10.015	142
N	7.389	-7.407	-9.648	143
CA	8.601	-8.208	-9.691	143
C	8.628	-9.239	-8.568	143
N	8.008	-8.921	-7.44	144
CA	7.817	-9.99	-6.404	144
C	6.98	-11.162	-6.951	144
N	5.922	-10.872	-7.677	145
CA	5.052	-11.949	-8.157	145
C	5.713	-12.857	-9.215	145
N	6.601	-12.286	-10.021	146
CA	7.186	-13.077	-11.099	146
C	8.383	-13.926	-10.662	146
N	8.945	-13.666	-9.476	147
CA	10.002	-14.51	-8.941	147
C	9.625	-15.972	-9.024	147
N	10.491	-16.804	-9.665	148
CA	10.18	-18.244	-9.872	148
C	10.308	-19.157	-8.636	148
N	11.054	-18.728	-7.612	149
CA	11.266	-19.586	-6.464	149
C	11.58	-18.725	-5.251	149
N	11.726	-19.379	-4.123	150
CA	11.995	-18.694	-2.86	150
C	13.241	-17.836	-2.849	150
N	14.347	-18.336	-3.381	151
CA	15.576	-17.581	-3.294	151
C	15.464	-16.387	-4.265	151
N	14.844	-16.564	-5.443	152
CA	14.656	-15.455	-6.376	152
C	13.772	-14.375	-5.734	152
N	12.767	-14.81	-5.007	153
CA	11.831	-13.92	-4.326	153
C	12.631	-13.09	-3.312	153
N	13.479	-13.759	-2.514	154
CA	14.305	-13.082	-1.55	154
C	15.198	-12.043	-2.236	154
N	15.819	-12.408	-3.353	155
CA	16.695	-11.457	-4.058	155
C	15.984	-10.216	-4.632	155
N	14.82	-10.45	-5.236	156
CA	14.057	-9.331	-5.695	156
C	13.553	-8.462	-4.523	156
N	13.186	-9.097	-3.402	157
CA	12.646	-8.332	-2.273	157
C	13.709	-7.378	-1.703	157
N	14.948	-7.856	-1.522	158
CA	16.007	-6.978	-1.032	158
C	16.349	-5.871	-2.021	158
N	16.377	-6.221	-3.309	159
CA	16.668	-5.168	-4.313	159
C	15.551	-4.123	-4.335	159
N	14.289	-4.568	-4.273	160
CA	13.178	-3.646	-4.296	160
C	13.21	-2.702	-3.059	160
N	13.472	-3.26	-1.875	161
CA	13.531	-2.446	-0.673	161
C	14.698	-1.442	-0.757	161
N	15.833	-1.843	-1.302	162
CA	16.934	-0.933	-1.431	162
C	16.54	0.226	-2.407	162
N	15.888	-0.12	-3.512	163
CA	15.481	0.899	-4.437	163
C	14.499	1.868	-3.801	163
N	13.611	1.376	-2.952	164
CA	12.619	2.249	-2.34	164
C	13.165	3.173	-1.257	164
N	14.214	2.717	-0.581	165
CA	14.718	3.342	0.604	165
C	16.032	4.094	0.39	165
N	16.876	3.608	-0.515	166
CA	18.223	4.079	-0.69	166
C	19.197	3.603	0.384	166
N	18.777	2.685	1.256	167
CA	19.668	2.123	2.263	167
C	20.941	1.52	1.647	167
N	22.061	1.698	2.358	168
CA	23.326	1.116	1.923	168
C	23.303	-0.417	1.845	168
N	22.524	-1.043	2.718	169
CA	22.48	-2.482	2.791	169
C	21.079	-2.927	3.159	169
N	20.538	-3.865	2.366	170
CA	19.279	-4.519	2.69	170
C	19.443	-6.049	2.562	170
N	19.13	-6.742	3.626	171
CA	19.325	-8.17	3.767	171
C	17.976	-8.835	4.015	171
N	17.845	-10.091	3.602	172
CA	16.77	-10.942	4.085	172
C	17.474	-11.966	4.988	172
N	17.135	-11.908	6.268	173
CA	17.752	-12.665	7.336	173
C	16.719	-13.703	7.721	173
N	17.014	-14.99	7.483	174
CA	16.082	-16.071	7.703	174
C	16.459	-16.852	8.94	174
N	15.511	-17.044	9.853	175
CA	15.766	-17.886	11.06	175
C	15.629	-19.378	10.814	175
N	16.511	-20.134	11.427	176
CA	16.457	-21.607	11.469	176
C	15.644	-22.036	12.672	176
N	15.324	-23.335	12.774	177
CA	14.53	-23.744	13.958	177
C	15.244	-23.575	15.279	177
N	16.579	-23.632	15.257	178
CA	17.37	-23.319	16.465	178
C	17.557	-21.818	16.719	178
N	16.807	-20.969	15.993	179
CA	16.882	-19.496	16.13	179
C	18.233	-18.825	15.682	179
N	19.186	-19.598	15.169	180
CA	20.266	-19.028	14.406	180
C	19.673	-18.439	13.108	180
N	20.455	-17.615	12.441	181
CA	20.0	-16.969	11.209	181
C	21.023	-16.968	10.11	181
N	20.54	-16.705	8.888	182
CA	21.378	-16.702	7.728	182
C	20.927	-15.582	6.832	182
N	21.873	-14.827	6.299	183
CA	21.559	-13.841	5.272	183
C	21.37	-14.562	3.945	183
N	20.14	-14.634	3.521	184
CA	19.857	-15.393	2.298	184
C	19.729	-14.572	1.042	184
N	19.662	-13.255	1.196	185
CA	19.701	-12.323	0.054	185
C	20.195	-11.007	0.574	185
N	20.829	-10.275	-0.296	186
CA	21.423	-8.992	0.044	186
C	21.554	-8.073	-1.158	186
N	21.086	-6.843	-0.976	187
CA	21.332	-5.772	-1.907	187
C	22.177	-4.72	-1.183	187
N	23.294	-4.321	-1.775	188
CA	24.206	-3.428	-1.112	188
C	24.959	-2.514	-2.078	188
N	25.303	-1.376	-1.544	189
CA	26.208	-0.398	-2.147	189
C	27.483	-1.106	-2.616	189
N	27.882	-0.797	-3.853	190
CA	29.118	-1.312	-4.439	190
C	30.236	-1.006	-3.48	190
N	31.067	-2.02	-3.191	191
CA	32.228	-1.834	-2.324	191
C	32.025	-2.291	-0.884	191
N	30.792	-2.334	-0.411	192
CA	30.541	-2.857	0.936	192
C	30.785	-4.341	0.999	192
N	31.413	-4.792	2.086	193
CA	31.608	-6.211	2.384	193
C	30.26	-6.903	2.303	193
N	30.226	-8.075	1.677	194
CA	29.027	-8.923	1.623	194
C	28.841	-9.716	2.904	194
N	27.618	-9.684	3.455	195
CA	27.169	-10.652	4.465	195
C	26.414	-11.846	3.898	195
N	26.176	-11.849	2.595	196
CA	25.397	-12.899	1.951	196
C	25.982	-14.273	2.279	196
N	25.125	-15.203	2.706	197
CA	25.471	-16.569	3.054	197
C	26.022	-16.712	4.46	197
N	26.268	-15.603	5.167	198
CA	26.858	-15.68	6.519	198
C	25.762	-16.059	7.529	198
N	26.143	-16.83	8.545	199
CA	25.231	-17.289	9.581	199
C	25.638	-16.649	10.9	199
N	24.647	-16.442	11.748	200
CA	24.806	-15.758	13.031	200
C	24.135	-16.506	14.146	200
N	24.727	-16.394	15.345	201
CA	24.158	-17.083	16.464	201
C	22.799	-16.515	16.907	201
N	22.027	-17.372	17.559	202
CA	20.719	-17.036	18.066	202
C	20.735	-15.831	18.957	202
N	21.789	-15.737	19.77	203
CA	21.961	-14.635	20.734	203
C	22.036	-13.25	20.123	203
N	22.298	-13.149	18.81	204
CA	22.35	-11.864	18.202	204
C	20.983	-11.176	18.103	204
N	19.883	-11.956	18.166	205
CA	18.528	-11.415	18.199	205
C	17.873	-12.226	19.295	205
N	18.01	-11.757	20.559	206
CA	17.572	-12.661	21.675	206
C	16.053	-12.942	21.699	206
N	15.653	-13.947	22.445	207
CA	14.287	-14.458	22.425	207
C	13.178	-13.414	22.692	207
N	13.413	-12.475	23.614	208
CA	12.389	-11.458	23.926	208
C	12.244	-10.442	22.77	208
N	13.357	-10.221	22.043	209
CA	13.333	-9.426	20.831	209
C	12.521	-10.168	19.751	209
N	12.823	-11.426	19.525	210
CA	12.085	-12.198	18.507	210
C	10.588	-12.275	18.855	210
N	10.26	-12.447	20.15	211
CA	8.842	-12.391	20.56	211
C	8.196	-11.031	20.252	211
N	8.898	-9.944	20.578	212
CA	8.378	-8.639	20.341	212
C	8.133	-8.472	18.844	212
N	9.101	-8.917	18.045	213
CA	9.033	-8.741	16.592	213
C	8.005	-9.583	15.9	213
N	7.387	-10.494	16.621	214
CA	6.283	-11.257	16.149	214
C	4.957	-10.475	16.173	214
N	4.859	-9.511	17.102	215
CA	3.685	-8.625	17.314	215
C	3.807	-7.254	16.698	215
N	4.981	-6.633	16.781	216
CA	5.23	-5.288	16.298	216
C	6.298	-5.332	15.216	216
N	5.861	-5.101	13.984	217
CA	6.6	-5.669	12.825	217
C	7.668	-4.764	12.266	217
N	7.796	-3.563	12.842	218
CA	8.817	-2.624	12.378	218
C	9.481	-1.931	13.556	218
N	10.804	-1.88	13.497	219
CA	11.612	-1.14	14.494	219
C	12.87	-0.597	13.839	219
N	13.462	0.377	14.492	220
CA	14.606	1.068	13.904	220
C	15.454	1.775	14.945	220
N	16.655	2.093	14.537	221
CA	17.564	2.995	15.223	221
C	18.01	4.071	14.214	221
N	17.506	5.298	14.356	222
CA	17.781	6.36	13.35	222
C	19.214	6.843	13.398	222
N	19.84	6.808	14.593	223
CA	21.194	7.3	14.794	223
C	21.832	6.463	15.915	223
N	22.833	5.659	15.561	224
CA	23.307	4.643	16.491	224
C	24.227	5.259	17.542	224
N	24.479	6.574	17.442	225
CA	25.171	7.317	18.505	225
C	24.304	8.273	19.312	225
N	23.0	8.326	19.048	226
CA	22.146	9.327	19.709	226
C	21.686	8.844	21.077	226
N	21.777	9.722	22.059	227
CA	21.288	9.392	23.405	227
C	19.766	9.435	23.464	227
N	19.215	8.508	24.206	228
CA	17.791	8.453	24.425	228
C	17.284	9.631	25.261	228
N	15.998	9.944	25.073	229
CA	15.323	11.034	25.792	229
C	14.28	10.425	26.764	229
N	14.419	10.632	28.082	230
CA	13.405	10.084	28.979	230
C	11.965	10.569	28.782	230
N	11.053	9.691	29.142	231
CA	9.594	10.023	29.372	231
C	9.416	10.485	30.783	231
N	8.579	11.5	30.958	232
CA	8.398	12.108	32.277	232
C	6.898	12.321	32.482	232
N	6.355	11.769	33.565	233
CA	7.019	10.806	34.449	233
C	7.291	9.51	33.721	233
N	8.25	8.746	34.221	234
CA	8.678	7.51	33.538	234
C	7.631	6.391	33.646	234
N	6.88	6.36	34.74	235
CA	5.814	5.351	34.889	235
C	4.474	5.927	34.468	235
N	3.675	5.092	33.814	236
CA	2.241	5.375	33.538	236
C	1.432	5.539	34.825	236
N	0.919	6.749	35.063	237
CA	0.095	6.988	36.28	237
C	-1.154	6.099	36.371	237
N	-1.659	5.65	35.233	238
CA	-2.817	4.764	35.257	238
C	-2.554	3.512	36.044	238
N	-1.309	3.028	35.953	239
CA	-0.94	1.725	36.449	239
C	0.163	1.787	37.515	239
N	0.779	2.962	37.711	240
CA	2.075	3.04	38.411	240
C	3.046	1.961	37.954	240
N	3.076	1.731	36.648	241
CA	3.958	0.754	36.074	241
C	4.545	1.262	34.771	241
N	5.591	0.571	34.301	242
CA	6.237	1.034	33.064	242
C	5.25	1.101	31.903	242
N	5.544	2.014	30.971	243
CA	4.758	2.147	29.737	243
C	5.25	1.226	28.604	243
N	4.421	0.297	28.101	244
CA	4.85	-0.529	26.959	244
C	5.023	0.312	25.711	244
N	6.228	0.292	25.185	245
CA	6.576	1.102	23.992	245
C	6.942	0.266	22.774	245
N	6.681	-1.024	22.815	246
CA	6.972	-1.913	21.69	246
C	6.286	-1.506	20.414	246
N	5.143	-0.828	20.546	247
CA	4.396	-0.395	19.382	247
C	4.782	0.963	18.829	247
N	5.756	1.637	19.45	248
CA	6.241	2.946	19.056	248
C	7.577	2.825	18.368	248
N	7.674	3.223	17.09	249
CA	8.995	3.213	16.42	249
C	9.998	4.113	17.143	249
N	9.536	5.149	17.884	250
CA	10.417	6.025	18.602	250
C	11.012	5.398	19.854	250
N	10.491	4.262	20.245	251
CA	11.089	3.559	21.398	251
C	12.635	3.541	21.363	251
N	13.265	3.821	22.512	252
CA	14.703	3.688	22.619	252
C	15.146	2.216	22.358	252
N	16.165	2.089	21.535	253
CA	16.798	0.815	21.202	253
C	17.631	0.306	22.364	253
N	17.627	-1.0	22.579	254
CA	18.548	-1.605	23.57	254
C	19.97	-1.064	23.402	254
N	20.627	-0.57	24.501	255
CA	21.999	-0.145	24.378	255
C	22.942	-1.247	23.903	255
N	22.655	-2.488	24.243	256
CA	23.41	-3.636	23.82	256
C	23.383	-3.753	22.282	256
N	22.186	-3.59	21.72	257
CA	22.081	-3.631	20.247	257
C	22.712	-2.376	19.597	257
N	22.562	-1.21	20.211	258
CA	23.234	0.009	19.708	258
C	24.738	-0.202	19.59	258
N	25.346	-0.805	20.626	259
CA	26.793	-1.136	20.557	259
C	27.117	-2.126	19.435	259
N	26.276	-3.14	19.257	260
CA	26.432	-4.098	18.203	260
C	26.429	-3.396	16.842	260
N	25.508	-2.471	16.661	261
CA	25.455	-1.724	15.399	261
C	26.674	-0.867	15.182	261
N	27.093	-0.126	16.213	262
CA	28.313	0.663	16.058	262
C	29.548	-0.23	15.74	262
N	29.645	-1.399	16.361	263
CA	30.736	-2.333	16.062	263
C	30.771	-2.765	14.59	263
N	29.612	-2.79	13.915	264
CA	29.524	-3.149	12.482	264
C	29.695	-1.89	11.589	264
N	29.877	-0.716	12.183	265
CA	30.034	0.503	11.404	265
C	28.698	0.987	10.86	265
N	27.59	0.648	11.531	266
CA	26.26	1.057	11.063	266
C	25.823	2.34	11.778	266
N	25.386	3.322	10.972	267
CA	24.918	4.594	11.423	267
C	23.419	4.628	11.685	267
N	22.654	3.803	10.957	268
CA	21.182	3.815	11.034	268
C	20.77	2.376	10.73	268
N	19.778	1.842	11.426	269
CA	19.324	0.457	11.21	269
C	17.788	0.46	11.186	269
N	17.211	-0.441	10.415	270
CA	15.738	-0.62	10.405	270
C	15.457	-2.067	9.982	270
N	14.488	-2.732	10.619	271
CA	14.064	-4.041	10.122	271
C	12.567	-4.216	10.239	271
N	12.102	-5.081	9.361	272
CA	10.696	-5.439	9.199	272
C	10.597	-6.952	9.326	272
N	9.713	-7.4	10.216	273
CA	9.381	-8.807	10.394	273
C	8.659	-9.426	9.18	273
N	9.054	-10.664	8.85	274
CA	8.388	-11.575	7.942	274
C	7.823	-12.67	8.859	274
N	6.526	-12.64	9.056	275
CA	5.822	-13.538	10.003	275
C	4.951	-14.427	9.154	275
N	5.207	-15.728	9.27	276
CA	4.523	-16.718	8.464	276
C	3.741	-17.631	9.359	276
N	2.438	-17.762	9.056	277
CA	1.483	-18.49	9.899	277
C	1.786	-18.199	11.349	277
N	1.838	-16.917	11.704	278
CA	2.114	-16.519	13.092	278
C	3.479	-16.785	13.748	278
N	4.46	-17.329	13.019	279
CA	5.828	-17.504	13.536	279
C	6.769	-16.522	12.819	279
N	7.827	-16.11	13.487	280
CA	8.77	-15.206	12.885	280
C	9.693	-15.966	11.942	280
N	9.55	-15.698	10.642	281
CA	10.291	-16.441	9.606	281
C	11.649	-15.82	9.321	281
N	11.695	-14.494	9.41	282
CA	12.883	-13.765	9.123	282
C	12.665	-12.271	9.271	282
N	13.685	-11.507	8.888	283
CA	13.627	-10.055	8.907	283
C	14.14	-9.509	7.579	283
N	13.518	-8.428	7.122	284
CA	14.178	-7.55	6.145	284
C	14.974	-6.584	7.004	284
N	16.294	-6.738	6.945	285
CA	17.253	-5.982	7.809	285
C	18.049	-4.984	6.993	285
N	17.961	-3.708	7.369	286
CA	18.54	-2.611	6.598	286
C	19.567	-1.847	7.441	286
N	20.658	-1.414	6.8	287
CA	21.684	-0.556	7.417	287
C	21.957	0.635	6.505	287
N	22.363	1.723	7.131	288
CA	22.925	2.872	6.461	288
C	24.206	3.232	7.178	288
N	25.139	3.776	6.409	289
CA	26.408	4.12	6.944	289
C	26.344	5.33	7.856	289
N	25.32	6.175	7.699	290
CA	25.202	7.396	8.503	290
C	23.774	7.441	9.082	290
N	23.562	8.289	10.104	291
CA	22.219	8.492	10.604	291
C	21.216	8.843	9.473	291
N	20.029	8.319	9.586	292
CA	18.993	8.577	8.601	292
C	17.615	8.228	9.155	292
N	16.668	9.129	8.93	293
CA	15.261	8.958	9.378	293
C	14.418	8.595	8.158	293
N	14.088	7.319	8.003	294
CA	13.217	6.926	6.88	294
C	11.835	7.504	7.134	294
N	11.266	8.225	6.156	295
CA	9.985	8.906	6.413	295
C	8.839	7.955	6.81	295
N	7.896	8.448	7.587	296
CA	6.792	7.593	8.064	296
C	6.034	6.861	6.975	296
N	5.751	7.501	5.86	297
CA	4.971	6.843	4.794	297
C	5.75	5.739	4.166	297
N	7.067	5.916	4.042	298
CA	7.912	4.867	3.523	298
C	8.05	3.722	4.503	298
N	8.158	4.003	5.8	299
CA	8.118	2.927	6.793	299
C	6.867	2.041	6.643	299
N	5.701	2.701	6.533	300
CA	4.444	2.025	6.386	300
C	4.453	1.186	5.093	300
N	4.964	1.738	4.011	301
CA	5.126	0.959	2.767	301
C	5.962	-0.287	2.97	301
N	7.031	-0.157	3.735	302
CA	7.913	-1.262	3.997	302
C	7.194	-2.356	4.863	302
N	6.386	-1.965	5.844	303
CA	5.608	-2.906	6.646	303
C	4.665	-3.707	5.775	303
N	4.004	-2.992	4.876	304
CA	3.103	-3.583	3.939	304
C	3.803	-4.607	3.014	304
N	4.962	-4.227	2.551	305
CA	5.817	-5.111	1.77	305
C	6.242	-6.36	2.562	305
N	6.513	-6.211	3.836	306
CA	6.883	-7.376	4.682	306
C	5.702	-8.346	4.762	306
N	4.475	-7.819	4.898	307
CA	3.275	-8.641	4.956	307
C	3.039	-9.359	3.61	307
N	3.259	-8.638	2.506	308
CA	3.15	-9.195	1.138	308
C	4.207	-10.299	0.934	308
N	5.414	-10.024	1.395	309
CA	6.475	-10.967	1.265	309
C	6.192	-12.206	2.111	309
N	5.649	-12.009	3.322	310
CA	5.206	-13.114	4.164	310
C	4.276	-14.075	3.434	310
N	3.285	-13.517	2.746	311
CA	2.327	-14.335	2.012	311
C	2.966	-15.033	0.842	311
N	3.821	-14.336	0.103	312
CA	4.522	-14.931	-1.056	312
C	5.449	-16.043	-0.614	312
N	6.138	-15.839	0.505	313
CA	6.927	-16.907	1.066	313
C	6.032	-18.126	1.383	313
N	4.895	-17.876	2.05	314
CA	4.0	-18.911	2.565	314
C	3.387	-19.713	1.42	314
N	3.038	-19.033	0.331	315
CA	2.651	-19.664	-0.946	315
C	3.756	-20.574	-1.485	315
N	4.959	-20.067	-1.619	316
CA	6.046	-20.875	-2.173	316
C	6.488	-22.035	-1.298	316
N	6.56	-21.827	-0.003	317
CA	6.9	-22.945	0.853	317
C	5.873	-24.088	0.765	317
N	4.604	-23.765	0.588	318
CA	3.659	-24.821	0.186	318
C	3.909	-25.109	-1.323	318
N	4.737	-26.112	-1.649	319
CA	5.095	-26.505	-3.045	319
C	6.306	-27.433	-3.035	319
