ATOM	X	Y	Z	RESIDUE
N	83.774	-10.868	26.581	1
CA	84.21	-10.64	25.215	1
C	83.057	-11.489	24.719	1
N	82.62	-10.898	23.574	2
CA	83.382	-9.727	22.953	2
C	82.965	-8.314	22.437	2
N	81.647	-8.289	22.715	3
CA	80.507	-7.632	23.406	3
C	79.948	-6.19	22.983	3
N	80.842	-5.747	22.016	4
CA	80.959	-4.373	21.456	4
C	81.088	-3.022	22.185	4
N	81.464	-1.806	21.639	5
CA	80.78	-0.42	21.616	5
C	79.727	0.635	20.934	5
N	79.042	1.651	21.574	6
CA	77.785	1.075	21.004	6
C	76.763	2.152	20.624	6
N	75.638	2.157	21.336	7
CA	74.549	3.106	21.098	7
C	73.929	3.607	22.399	7
N	73.124	4.653	22.275	8
CA	72.439	5.252	23.406	8
C	70.999	4.765	23.406	8
N	70.232	5.178	24.412	9
CA	68.83	4.764	24.499	9
C	67.999	5.445	23.422	9
N	67.11	4.687	22.765	10
CA	66.276	5.274	21.714	10
C	65.432	6.383	22.309	10
N	65.198	7.43	21.522	11
CA	64.424	8.584	21.956	11
C	63.353	8.954	20.929	11
N	62.213	9.417	21.425	12
CA	61.11	9.829	20.569	12
C	61.454	11.239	20.082	12
N	61.482	11.442	18.77	13
CA	61.805	12.765	18.252	13
C	60.575	13.658	18.077	13
N	60.41	14.615	18.995	14
CA	59.32	15.604	18.97	14
C	59.783	16.867	19.711	14
N	59.09	18.003	19.509	15
CA	59.453	19.265	20.162	15
C	59.665	19.172	21.673	15
N	58.768	18.474	22.357	16
CA	58.878	18.327	23.805	16
C	60.148	17.586	24.242	16
N	60.43	16.444	23.619	17
CA	61.627	15.69	23.977	17
C	62.886	16.518	23.697	17
N	62.947	17.138	22.523	18
CA	64.106	17.945	22.161	18
C	64.257	19.143	23.087	18
N	63.144	19.807	23.387	19
CA	63.182	20.955	24.276	19
C	63.669	20.548	25.664	19
N	63.395	19.318	26.069	20
CA	63.873	18.881	27.37	20
C	65.388	18.71	27.295	20
N	65.89	18.322	26.126	21
CA	67.32	18.141	25.943	21
C	68.017	19.494	25.946	21
N	67.399	20.48	25.304	22
CA	67.976	21.808	25.269	22
C	68.16	22.261	26.704	22
N	67.108	22.072	27.493	23
CA	67.117	22.466	28.9	23
C	68.226	21.792	29.7	23
N	68.389	20.484	29.513	24
CA	69.412	19.744	30.233	24
C	70.835	20.051	29.792	24
N	70.975	20.629	28.609	25
CA	72.291	20.973	28.095	25
C	72.646	22.43	28.369	25
N	71.778	23.127	29.1	26
CA	72.031	24.513	29.45	26
C	71.843	25.579	28.385	26
N	70.939	25.351	27.437	27
CA	70.683	26.325	26.372	27
C	69.635	27.334	26.845	27
N	69.714	28.566	26.355	28
CA	68.763	29.602	26.741	28
C	67.331	29.13	26.534	28
N	66.392	29.852	27.138	29
CA	64.988	29.501	27.014	29
C	64.273	30.241	25.895	29
N	64.857	31.341	25.43	30
CA	64.245	32.133	24.366	30
C	63.769	31.28	23.174	30
N	64.638	30.386	22.706	31
CA	64.328	29.527	21.573	31
C	63.899	28.13	21.984	31
N	62.89	27.587	21.3	32
CA	62.401	26.229	21.585	32
C	61.914	25.541	20.302	32
N	61.829	24.217	20.322	33
CA	61.36	23.493	19.148	33
C	59.845	23.408	19.148	33
N	59.262	23.526	17.963	34
CA	57.82	23.43	17.81	34
C	57.532	22.558	16.593	34
N	56.327	22.01	16.558	35
CA	55.892	21.159	15.468	35
C	55.614	21.963	14.228	35
N	55.721	21.299	13.088	36
CA	55.443	21.925	11.812	36
C	54.553	20.91	11.121	36
N	53.253	21.034	11.343	37
CA	52.278	20.111	10.788	37
C	52.219	20.037	9.274	37
N	52.657	21.094	8.6	38
CA	52.617	21.088	7.15	38
C	53.787	21.773	6.476	38
N	54.224	21.209	5.356	39
CA	55.35	21.759	4.616	39
C	55.001	22.673	3.438	39
N	53.743	23.101	3.341	40
CA	53.326	23.988	2.253	40
C	53.475	25.456	2.654	40
N	53.576	26.344	1.667	41
CA	53.717	27.776	1.93	41
C	52.683	28.234	2.957	41
N	51.47	27.699	2.845	42
CA	50.384	28.002	3.779	42
C	50.61	27.096	4.988	42
N	50.026	27.435	6.13	43
CA	50.21	26.611	7.32	43
C	51.66	26.721	7.79	43
N	52.418	27.589	7.128	44
CA	53.815	27.824	7.483	44
C	53.864	29.097	8.319	44
N	52.755	29.833	8.311	45
CA	52.666	31.055	9.087	45
C	52.316	30.683	10.516	45
N	51.69	29.52	10.663	46
CA	51.298	29.004	11.964	46
C	52.556	28.813	12.804	46
N	53.696	28.703	12.127	47
CA	54.974	28.529	12.809	47
C	55.382	29.858	13.436	47
N	55.593	29.878	14.758	48
CA	55.989	31.114	15.441	48
C	57.308	31.709	14.937	48
N	57.224	32.791	14.167	49
CA	58.415	33.453	13.63	49
C	59.106	34.302	14.702	49
N	60.426	34.522	14.567	50
CA	61.266	34.016	13.479	50
C	61.696	32.567	13.721	50
N	62.177	31.937	12.655	51
CA	62.634	30.552	12.678	51
C	64.083	30.478	12.189	51
N	64.965	29.848	12.964	52
CA	66.374	29.74	12.565	52
C	66.776	28.348	12.083	52
N	65.877	27.389	12.264	53
CA	66.136	26.02	11.859	53
C	64.855	25.231	11.6	53
N	64.938	24.316	10.642	54
CA	63.826	23.445	10.289	54
C	64.447	22.055	10.15	54
N	63.897	21.084	10.878	55
CA	64.399	19.712	10.878	55
C	63.358	18.683	10.441	55
N	63.746	17.852	9.484	56
CA	62.879	16.823	8.923	56
C	63.263	15.407	9.344	56
N	62.301	14.677	9.902	57
CA	62.522	13.293	10.293	57
C	61.934	12.497	9.134	57
N	62.814	11.824	8.394	58
CA	62.405	11.082	7.211	58
C	63.199	9.782	6.97	58
N	62.505	8.711	6.571	59
CA	63.195	7.445	6.324	59
C	63.76	7.346	4.912	59
N	64.922	6.717	4.79	60
CA	65.538	6.529	3.487	60
C	65.717	5.054	3.265	60
N	65.546	4.623	2.024	61
CA	65.761	3.224	1.694	61
C	67.26	3.085	1.487	61
N	67.736	1.852	1.595	62
CA	69.147	1.536	1.413	62
C	69.714	2.104	0.101	62
N	68.985	1.913	-1.0	63
CA	69.407	2.393	-2.32	63
C	69.64	3.884	-2.332	63
N	68.588	4.61	-1.985	64
CA	68.637	6.054	-1.967	64
C	69.769	6.515	-1.06	64
N	69.889	5.907	0.121	65
CA	70.939	6.286	1.065	65
C	72.351	6.116	0.506	65
N	72.659	4.93	-0.008	66
CA	73.992	4.689	-0.545	66
C	74.318	5.596	-1.723	66
N	73.322	5.858	-2.562	67
CA	73.509	6.714	-3.728	67
C	73.753	8.166	-3.321	67
N	72.94	8.654	-2.388	68
CA	73.055	10.022	-1.894	68
C	74.441	10.194	-1.26	68
N	74.855	9.221	-0.449	69
CA	76.157	9.289	0.205	69
C	77.306	9.386	-0.785	69
N	77.391	8.439	-1.714	70
CA	78.474	8.476	-2.7	70
C	78.441	9.804	-3.45	70
N	77.244	10.211	-3.845	71
CA	77.037	11.459	-4.551	71
C	77.595	12.645	-3.747	71
N	77.391	12.635	-2.434	72
CA	77.893	13.717	-1.59	72
C	79.399	13.568	-1.381	72
N	79.845	12.339	-1.136	73
CA	81.267	12.04	-0.934	73
C	82.108	12.518	-2.128	73
N	81.492	12.518	-3.307	74
CA	82.133	12.925	-4.549	74
C	82.427	14.422	-4.592	74
N	81.546	15.22	-3.996	75
CA	81.725	16.668	-3.97	75
C	82.829	17.038	-2.973	75
N	83.192	16.09	-2.113	76
CA	84.249	16.307	-1.132	76
C	84.078	17.582	-0.301	76
N	82.828	17.98	-0.07	77
CA	82.56	19.176	0.708	77
C	83.216	20.409	0.123	77
N	83.47	20.385	-1.177	78
CA	84.099	21.514	-1.838	78
C	83.202	22.752	-1.828	78
N	81.892	22.552	-1.727	79
CA	80.952	23.673	-1.72	79
C	80.502	24.057	-0.314	79
N	81.185	23.514	0.69	80
CA	80.855	23.777	2.087	80
C	81.734	24.826	2.772	80
N	81.11	25.91	3.222	81
CA	81.831	26.964	3.927	81
C	82.306	26.463	5.302	81
N	83.588	26.693	5.639	82
CA	84.133	26.251	6.931	82
C	83.441	26.856	8.144	82
N	82.578	27.836	7.903	83
CA	81.841	28.464	8.99	83
C	80.756	27.511	9.506	83
N	80.389	26.529	8.684	84
CA	79.384	25.53	9.042	84
C	79.949	24.568	10.091	84
N	79.2	24.324	11.16	85
CA	79.652	23.397	12.201	85
C	79.023	22.032	11.911	85
N	79.85	21.01	11.706	86
CA	79.342	19.683	11.351	86
C	80.057	18.533	12.039	86
N	79.282	17.598	12.576	87
CA	79.866	16.439	13.225	87
C	79.198	15.18	12.679	87
N	79.975	14.118	12.518	88
CA	79.437	12.874	11.995	88
C	78.754	12.062	13.084	88
N	77.741	11.29	12.699	89
CA	77.026	10.464	13.667	89
C	77.68	9.084	13.723	89
N	78.275	8.746	14.865	90
CA	78.948	7.455	15.025	90
C	78.234	6.53	15.997	90
N	77.349	7.088	16.817	91
CA	76.607	6.286	17.78	91
C	75.164	6.083	17.347	91
N	74.633	4.89	17.613	92
CA	73.251	4.591	17.262	92
C	72.237	5.277	18.171	92
N	71.045	5.548	17.641	93
CA	69.967	6.201	18.384	93
C	70.333	7.603	18.859	93
N	71.18	8.316	18.128	94
CA	71.545	9.67	18.553	94
C	71.262	10.718	17.478	94
N	70.672	10.288	16.367	95
CA	70.409	11.209	15.278	95
C	69.59	12.421	15.715	95
N	68.705	12.244	16.685	96
CA	67.914	13.366	17.149	96
C	68.773	14.323	17.955	96
N	69.686	13.786	18.757	97
CA	70.538	14.66	19.563	97
C	71.611	15.343	18.709	97
N	72.062	14.652	17.664	98
CA	73.062	15.204	16.748	98
C	72.431	16.358	15.961	98
N	71.165	16.192	15.58	99
CA	70.471	17.246	14.857	99
C	70.324	18.47	15.752	99
N	69.967	18.24	17.011	100
CA	69.823	19.335	17.957	100
C	71.143	20.114	18.06	100
N	72.25	19.398	18.267	101
CA	73.58	20.002	18.383	101
C	73.889	20.859	17.162	101
N	73.686	20.278	15.984	102
CA	73.923	21.0	14.736	102
C	73.064	22.264	14.678	102
N	71.829	22.172	15.161	103
CA	70.928	23.316	15.124	103
C	71.409	24.421	16.052	103
N	71.962	24.044	17.196	104
CA	72.457	25.04	18.134	104
C	73.815	25.594	17.699	104
N	74.742	24.708	17.356	105
CA	76.083	25.125	16.953	105
C	76.14	26.129	15.802	105
N	75.187	26.03	14.878	106
CA	75.121	26.898	13.709	106
C	74.195	28.098	13.929	106
N	73.843	28.336	15.185	107
CA	72.974	29.461	15.515	107
C	73.363	30.019	16.869	107
N	74.647	29.926	17.194	108
CA	75.13	30.433	18.464	108
C	74.986	31.945	18.56	108
N	74.727	32.594	17.427	109
CA	74.529	34.038	17.415	109
C	73.109	34.414	17.877	109
N	72.225	33.423	17.998	110
CA	70.854	33.675	18.433	110
C	70.527	32.936	19.733	110
N	71.08	31.739	19.906	111
CA	70.826	30.953	21.112	111
C	71.806	31.26	22.237	111
N	71.277	31.355	23.452	112
CA	72.121	31.637	24.596	112
C	72.453	30.376	25.37	112
N	73.311	30.521	26.371	113
CA	73.739	29.411	27.206	113
C	73.846	29.857	28.657	113
N	73.472	28.974	29.578	114
CA	73.557	29.283	31.001	114
C	74.938	28.868	31.491	114
N	75.262	29.229	32.726	115
CA	76.558	28.891	33.301	115
C	76.653	27.403	33.537	115
N	77.79	26.825	33.171	116
CA	77.969	25.398	33.344	116
C	77.302	24.591	32.241	116
N	76.79	25.27	31.216	117
CA	76.122	24.6	30.103	117
C	76.921	23.459	29.474	117
N	76.386	22.246	29.572	118
CA	77.059	21.076	29.015	118
C	77.319	21.218	27.51	118
N	76.287	21.565	26.75	119
CA	76.46	21.731	25.312	119
C	77.467	22.839	24.978	119
N	77.416	23.935	25.723	120
CA	78.334	25.032	25.473	120
C	79.78	24.544	25.578	120
N	80.079	23.782	26.628	121
CA	81.418	23.231	26.848	121
C	81.852	22.393	25.657	121
N	80.93	21.565	25.173	122
CA	81.181	20.699	24.036	122
C	81.456	21.503	22.77	122
N	80.677	22.559	22.546	123
CA	80.835	23.383	21.345	123
C	82.13	24.181	21.355	123
N	82.644	24.437	22.554	124
CA	83.892	25.164	22.714	124
C	85.05	24.189	22.476	124
N	84.954	23.003	23.076	125
CA	85.981	21.967	22.941	125
C	86.161	21.492	21.507	125
N	85.056	21.428	20.77	126
CA	85.061	20.958	19.394	126
C	85.011	22.075	18.364	126
N	85.0	23.321	18.825	127
CA	84.942	24.472	17.932	127
C	85.846	24.399	16.705	127
N	87.105	24.035	16.897	128
CA	88.005	23.962	15.756	128
C	88.626	22.585	15.564	128
N	87.804	21.638	15.118	129
CA	88.269	20.291	14.827	129
C	87.418	19.688	13.732	129
N	87.854	18.541	13.24	130
CA	87.16	17.857	12.162	130
C	85.88	17.152	12.596	130
N	84.94	17.004	11.664	131
CA	83.683	16.329	11.978	131
C	83.981	14.962	12.589	131
N	84.995	14.279	12.052	132
CA	85.385	12.953	12.536	132
C	85.877	13.013	13.977	132
N	86.691	14.01	14.314	133
CA	87.164	14.098	15.694	133
C	86.004	14.541	16.57	133
N	85.116	15.353	16.011	134
CA	83.978	15.8	16.786	134
C	83.186	14.572	17.225	134
N	83.02	13.613	16.319	135
CA	82.291	12.395	16.655	135
C	83.024	11.675	17.771	135
N	84.351	11.786	17.789	136
CA	85.126	11.116	18.83	136
C	84.858	11.707	20.206	136
N	84.782	13.03	20.286	137
CA	84.514	13.669	21.564	137
C	83.109	13.311	22.041	137
N	82.157	13.281	21.113	138
CA	80.777	12.954	21.443	138
C	80.704	11.573	22.08	138
N	81.506	10.639	21.571	139
CA	81.521	9.267	22.076	139
C	82.044	9.15	23.496	139
N	82.916	10.074	23.884	140
CA	83.504	10.047	25.223	140
C	82.795	10.984	26.189	140
N	81.85	11.772	25.685	141
CA	81.147	12.705	26.551	141
C	79.962	12.065	27.274	141
N	80.223	11.625	28.501	142
CA	79.226	10.997	29.348	142
C	78.089	11.958	29.662	142
N	78.431	13.229	29.866	143
CA	77.456	14.268	30.204	143
C	76.335	14.425	29.185	143
N	76.69	14.534	27.912	144
CA	75.68	14.684	26.873	144
C	74.876	13.399	26.752	144
N	75.569	12.273	26.841	145
CA	74.901	10.978	26.751	145
C	73.926	10.8	27.918	145
N	74.308	11.288	29.097	146
CA	73.447	11.182	30.269	146
C	72.19	12.011	30.03	146
N	72.361	13.174	29.411	147
CA	71.235	14.056	29.121	147
C	70.298	13.397	28.124	147
N	70.883	12.77	27.109	148
CA	70.109	12.089	26.083	148
C	69.317	10.945	26.722	148
N	70.014	10.02	27.376	149
CA	69.343	8.897	28.025	149
C	68.314	9.36	29.069	149
N	68.672	10.352	29.885	150
CA	67.762	10.857	30.916	150
C	66.417	11.282	30.336	150
N	66.464	12.043	29.247	151
CA	65.262	12.547	28.585	151
C	64.526	11.477	27.793	151
N	65.286	10.605	27.144	152
CA	64.694	9.556	26.327	152
C	63.754	8.643	27.118	152
N	64.188	8.211	28.298	153
CA	63.38	7.315	29.119	153
C	62.093	7.956	29.636	153
N	61.949	9.264	29.452	154
CA	60.738	9.946	29.898	154
C	59.651	9.795	28.843	154
N	60.063	9.564	27.602	155
CA	59.1	9.396	26.532	155
C	58.243	8.17	26.773	155
N	56.938	8.38	26.929	156
CA	56.0	7.285	27.165	156
C	55.871	6.373	25.948	156
N	56.222	6.897	24.776	157
CA	56.161	6.135	23.53	157
C	57.536	5.52	23.275	157
N	57.658	4.729	22.217	158
CA	58.94	4.114	21.904	158
C	58.928	3.548	20.493	158
N	58.658	2.251	20.395	159
CA	58.6	1.55	19.118	159
C	59.902	1.558	18.334	159
N	60.276	0.378	17.847	160
CA	61.48	0.217	17.046	160
C	61.217	-0.783	15.927	160
N	60.703	-0.27	14.817	161
CA	60.418	-1.079	13.646	161
C	61.691	-1.136	12.806	161
N	62.762	-0.546	13.334	162
CA	64.048	-0.505	12.65	162
C	63.968	0.35	11.385	162
N	63.035	1.302	11.369	163
CA	62.864	2.199	10.224	163
C	64.096	3.089	10.079	163
N	64.7	3.08	8.9	164
CA	65.9	3.868	8.674	164
C	65.674	5.395	8.667	164
N	65.163	5.922	9.779	165
CA	64.918	7.351	9.89	165
C	66.221	8.138	9.855	165
N	66.16	9.287	9.19	166
CA	67.259	10.239	9.108	166
C	66.663	11.544	9.629	166
N	67.424	12.273	10.442	167
CA	66.955	13.551	10.984	167
C	67.787	14.634	10.307	167
N	67.166	15.317	9.352	168
CA	67.861	16.322	8.547	168
C	67.631	17.795	8.911	168
N	68.73	18.484	9.204	169
CA	68.691	19.889	9.557	169
C	68.856	20.795	8.366	169
N	67.968	21.767	8.289	170
CA	68.048	22.741	7.239	170
C	68.202	24.076	7.929	170
N	69.339	24.732	7.746	171
CA	69.473	26.053	8.333	171
C	70.309	26.967	7.459	171
N	70.368	28.229	7.847	172
CA	71.065	29.233	7.083	172
C	72.449	29.531	7.625	172
N	73.449	29.484	6.759	173
CA	74.804	29.822	7.177	173
C	75.485	30.477	5.983	173
N	76.31	31.485	6.243	174
CA	77.045	32.159	5.175	174
C	76.186	32.506	3.964	174
N	74.986	33.02	4.203	175
CA	74.115	33.368	3.097	175
C	73.557	32.201	2.296	175
N	73.746	30.969	2.762	176
CA	73.222	29.818	2.021	176
C	72.377	28.878	2.859	176
N	71.496	28.14	2.199	177
CA	70.653	27.184	2.91	177
C	71.42	25.867	2.941	177
N	71.789	25.433	4.136	178
CA	72.527	24.199	4.302	178
C	71.694	23.048	4.886	178
N	72.045	21.844	4.453	179
CA	71.41	20.619	4.897	179
C	72.472	19.832	5.651	179
N	72.224	19.556	6.926	180
CA	73.177	18.791	7.722	180
C	72.561	17.491	8.22	180
N	73.252	16.385	7.952	181
CA	72.84	15.038	8.358	181
C	74.108	14.295	8.785	181
N	74.298	14.128	10.092	182
CA	75.469	13.441	10.6	182
C	75.694	12.042	10.05	182
N	74.74	11.511	9.284	183
CA	74.9	10.18	8.694	183
C	75.597	10.321	7.339	183
N	75.545	11.525	6.767	184
CA	76.166	11.804	5.474	184
C	77.608	12.252	5.651	184
N	78.449	12.04	4.629	185
CA	79.857	12.431	4.719	185
C	80.163	13.926	4.793	185
N	79.266	14.761	4.281	186
CA	79.465	16.211	4.295	186
C	78.132	16.972	4.319	186
N	78.178	18.261	4.683	187
CA	76.962	19.073	4.707	187
C	76.628	19.251	3.217	187
N	75.385	19.595	2.887	188
CA	74.996	19.802	1.493	188
C	74.571	21.253	1.339	188
N	75.069	21.912	0.296	189
CA	74.746	23.316	0.04	189
C	73.573	23.395	-0.932	189
N	72.451	23.974	-0.5	190
CA	71.276	24.082	-1.369	190
C	71.157	25.444	-2.028	190
N	72.215	26.244	-1.935	191
CA	72.209	27.541	-2.581	191
C	71.95	28.74	-1.703	191
N	71.919	29.903	-2.342	192
CA	71.698	31.166	-1.655	192
C	70.351	31.188	-0.961	192
N	70.339	31.717	0.254	193
CA	69.11	31.819	1.014	193
C	69.202	32.974	1.993	193
N	68.06	33.602	2.231	194
CA	67.965	34.729	3.134	194
C	67.522	34.281	4.522	194
N	68.024	34.967	5.542	195
CA	67.66	34.671	6.921	195
C	66.199	35.089	7.066	195
N	65.669	35.662	5.999	196
CA	64.302	36.143	5.983	196
C	63.367	35.149	5.288	196
N	63.95	34.185	4.584	197
CA	63.175	33.193	3.85	197
C	63.594	31.756	4.149	197
N	64.232	31.554	5.293	198
CA	64.708	30.237	5.677	198
C	63.611	29.167	5.667	198
N	62.505	29.442	6.352	199
CA	61.388	28.514	6.419	199
C	60.862	28.14	5.041	199
N	60.694	29.144	4.188	200
CA	60.184	28.926	2.833	200
C	61.154	28.077	2.035	200
N	62.406	28.522	1.989	201
CA	63.459	27.825	1.264	201
C	63.658	26.397	1.768	201
N	63.711	26.219	3.088	202
CA	63.92	24.894	3.678	202
C	62.753	23.96	3.396	202
N	61.543	24.492	3.509	203
CA	60.363	23.693	3.256	203
C	60.391	23.222	1.809	203
N	60.835	24.086	0.9	204
CA	60.891	23.715	-0.514	204
C	61.743	22.464	-0.707	204
N	62.92	22.447	-0.093	205
CA	63.786	21.286	-0.222	205
C	63.145	20.082	0.459	205
N	62.524	20.32	1.61	206
CA	61.859	19.255	2.337	206
C	60.755	18.624	1.492	206
N	59.934	19.444	0.833	207
CA	58.864	18.894	0.001	207
C	59.419	18.015	-1.12	207
N	60.321	18.557	-1.931	208
CA	60.888	17.777	-3.025	208
C	61.481	16.482	-2.488	208
N	62.064	16.576	-1.301	209
CA	62.696	15.446	-0.637	209
C	61.671	14.349	-0.316	209
N	60.583	14.751	0.327	210
CA	59.542	13.833	0.743	210
C	58.502	13.476	-0.317	210
N	58.334	14.328	-1.323	211
CA	57.354	14.053	-2.37	211
C	57.833	13.029	-3.393	211
N	59.141	12.797	-3.457	212
CA	59.671	11.817	-4.403	212
C	59.259	10.399	-3.996	212
N	59.254	10.125	-2.691	213
CA	58.851	8.814	-2.181	213
C	57.327	8.747	-2.181	213
N	56.775	8.472	-3.358	214
CA	55.334	8.409	-3.563	214
C	54.541	7.481	-2.645	214
N	55.243	6.7	-1.829	215
CA	54.562	5.794	-0.928	215
C	54.903	5.999	0.536	215
N	55.822	6.913	0.83	216
CA	56.226	7.154	2.214	216
C	55.229	7.99	3.027	216
N	54.696	7.42	4.1	217
CA	53.749	8.147	4.937	217
C	54.358	8.452	6.295	217
N	55.624	8.086	6.462	218
CA	56.354	8.307	7.708	218
C	57.3	9.504	7.599	218
N	56.905	10.629	8.189	219
CA	57.731	11.832	8.174	219
C	57.253	12.863	9.183	219
N	58.198	13.624	9.724	220
CA	57.856	14.629	10.717	220
C	58.78	15.854	10.655	220
N	58.218	17.034	10.884	221
CA	59.016	18.253	10.843	221
C	58.907	19.074	12.114	221
N	60.018	19.694	12.484	222
CA	60.071	20.515	13.676	222
C	60.84	21.788	13.317	222
N	60.594	22.865	14.056	223
CA	61.281	24.128	13.805	223
C	61.798	24.754	15.106	223
N	62.953	25.418	15.026	224
CA	63.541	26.098	16.177	224
C	63.068	27.532	16.059	224
N	62.226	27.952	16.999	225
CA	61.647	29.291	16.981	225
C	61.799	30.095	18.257	225
N	61.676	31.407	18.103	226
CA	61.767	32.331	19.222	226
C	60.356	32.535	19.771	226
N	59.996	31.751	20.784	227
CA	58.675	31.835	21.408	227
C	58.317	33.264	21.842	227
N	57.018	33.564	21.898	228
CA	56.543	34.891	22.299	228
C	56.969	35.258	23.728	228
N	77.244	55.126	43.128	1
CA	78.574	55.009	42.523	1
C	79.678	54.267	43.365	1
N	80.022	53.878	42.184	2
CA	79.717	52.971	41.121	2
C	79.843	51.506	40.623	2
N	80.543	50.683	41.449	3
CA	81.93	50.132	41.27	3
C	82.319	49.368	39.954	3
N	83.386	48.509	39.804	4
CA	84.21	48.242	38.551	4
C	85.176	46.964	38.513	4
N	85.988	46.1	37.703	5
CA	86.049	45.852	36.217	5
C	87.224	45.031	35.526	5
N	88.328	44.374	36.279	6
CA	88.691	45.706	35.71	6
C	90.183	45.81	35.387	6
N	91.031	45.684	36.408	7
CA	92.483	45.781	36.213	7
C	93.288	45.448	37.475	7
N	94.441	44.827	37.277	8
CA	95.318	44.471	38.379	8
C	96.485	45.452	38.434	8
N	97.408	45.206	39.35	9
CA	98.558	46.075	39.464	9
C	99.584	45.718	38.398	9
N	100.279	46.734	37.864	10
CA	101.298	46.524	36.836	10
C	102.435	45.686	37.391	10
N	102.912	44.731	36.601	11
CA	103.988	43.857	37.038	11
C	105.084	43.786	35.981	11
N	106.333	43.813	36.422	12
CA	107.456	43.728	35.503	12
C	107.658	42.255	35.158	12
N	107.617	41.927	33.875	13
CA	107.758	40.54	33.479	13
C	109.208	40.123	33.278	13
N	109.72	39.351	34.231	14
CA	111.077	38.83	34.164	14
C	111.049	37.488	34.875	14
N	112.117	36.692	34.746	15
CA	112.14	35.382	35.405	15
C	111.924	35.412	36.923	15
N	112.572	36.344	37.607	16
CA	112.426	36.417	39.055	16
C	110.971	36.579	39.478	16
N	110.309	37.574	38.9	17
CA	108.914	37.862	39.202	17
C	107.998	36.708	38.843	17
N	108.209	36.119	37.673	18
CA	107.369	35.013	37.256	18
C	107.539	33.83	38.194	18
N	108.773	33.549	38.597	19
CA	109.015	32.424	39.487	19
C	108.356	32.617	40.854	19
N	108.398	33.842	41.374	20
CA	107.776	34.143	42.662	20
C	106.276	33.908	42.603	20
N	105.723	33.982	41.395	21
CA	104.298	33.775	41.187	21
C	104.008	32.275	41.169	21
N	104.889	31.501	40.539	22
CA	104.717	30.052	40.514	22
C	104.718	29.594	41.973	22
N	105.663	30.127	42.748	23
CA	105.784	29.799	44.162	23
C	104.485	30.055	44.927	23
N	104.025	31.303	44.951	24
CA	102.795	31.626	45.666	24
C	101.606	30.804	45.19	24
N	101.67	30.325	43.951	25
CA	100.585	29.524	43.386	25
C	100.813	28.036	43.665	25
N	101.872	27.741	44.413	26
CA	102.19	26.37	44.758	26
C	102.324	25.479	43.544	26
N	103.337	25.748	42.727	27
CA	103.568	24.961	41.531	27
C	104.807	24.09	41.661	27
N	104.637	22.813	41.315	28
CA	105.685	21.793	41.344	28
C	106.933	22.196	42.109	28
N	108.086	22.087	41.456	29
CA	109.33	22.453	42.106	29
C	110.549	22.423	41.202	29
N	110.545	21.523	40.222	30
CA	111.669	21.393	39.298	30
C	111.797	22.53	38.287	30
N	110.797	22.671	37.425	31
CA	110.828	23.7	36.398	31
C	110.741	25.126	36.933	31
N	111.473	26.026	36.285	32
CA	111.503	27.429	36.669	32
C	111.787	28.3	35.437	32
N	111.311	29.543	35.455	33
CA	111.525	30.451	34.333	33
C	112.957	30.964	34.305	33
N	113.545	30.993	33.113	34
CA	114.907	31.486	32.931	34
C	114.912	32.557	31.852	34
N	115.848	33.482	31.979	35
CA	115.977	34.578	31.039	35
C	116.579	34.097	29.712	35
N	116.166	34.721	28.61	36
CA	116.665	34.382	27.271	36
C	117.113	35.689	26.591	36
N	118.427	35.871	26.478	37
CA	119.014	37.076	25.897	37
C	118.794	37.243	24.404	37
N	118.832	36.142	23.665	38
CA	118.641	36.24	22.231	38
C	117.721	35.191	21.647	38
N	117.188	35.485	20.464	39
CA	116.279	34.587	19.766	39
C	116.982	33.823	18.648	39
N	118.246	34.15	18.406	40
CA	119.02	33.468	17.375	40
C	119.464	32.111	17.912	40
N	120.752	31.811	17.8	41
CA	121.257	30.542	18.304	41
C	122.519	30.701	19.136	41
N	123.081	31.906	19.129	42
CA	124.281	32.189	19.904	42
C	123.818	32.302	21.354	42
N	122.743	33.057	21.572	43
CA	122.19	33.234	22.913	43
C	121.196	32.123	23.221	43
N	120.899	31.304	22.214	44
CA	119.949	30.204	22.362	44
C	120.635	28.946	22.887	44
N	121.725	29.134	23.627	45
CA	122.459	28.004	24.168	45
C	122.547	27.995	25.681	45
N	122.675	29.176	26.277	46
CA	122.778	29.299	27.73	46
C	121.52	28.807	28.448	46
N	120.475	28.512	27.68	47
CA	119.214	28.035	28.242	47
C	119.313	26.539	28.56	47
N	118.979	26.137	29.803	48
CA	119.029	24.734	30.234	48
C	118.416	23.813	29.195	48
N	118.973	22.613	29.064	49
CA	118.497	21.649	28.077	49
C	116.985	21.419	28.097	49
N	116.441	20.926	29.22	50
CA	114.992	20.704	29.232	50
C	114.212	22.019	29.16	50
N	113.583	22.279	28.014	51
CA	112.788	23.496	27.806	51
C	111.421	23.102	27.262	51
N	110.365	23.418	28.004	52
CA	109.021	23.054	27.573	52
C	108.188	24.233	27.082	52
N	108.69	25.45	27.271	53
CA	107.963	26.634	26.833	53
C	108.831	27.871	26.626	53
N	108.431	28.677	25.65	54
CA	109.117	29.927	25.32	54
C	108.053	31.014	25.222	54
N	108.245	32.111	25.944	55
CA	107.294	33.215	25.897	55
C	107.992	34.48	25.43	55
N	107.34	35.209	24.533	56
CA	107.897	36.434	23.991	56
C	107.103	37.678	24.403	56
N	107.818	38.681	24.898	57
CA	107.215	39.941	25.301	57
C	107.539	40.912	24.18	57
N	106.529	41.245	23.38	58
CA	106.715	42.134	22.236	58
C	105.51	43.063	22.07	58
N	105.767	44.344	21.788	59
CA	104.669	45.296	21.613	59
C	104.135	45.347	20.179	59
N	102.844	45.621	20.036	60
CA	102.232	45.719	18.718	60
C	101.593	47.096	18.575	60
N	101.932	47.809	17.502	61
CA	101.36	49.138	17.275	61
C	99.848	48.991	17.21	61
N	99.132	50.057	17.558	62
CA	97.674	50.034	17.552	62
C	97.154	49.513	16.223	62
N	97.76	49.989	15.14	63
CA	97.369	49.586	13.799	63
C	97.79	48.152	13.48	63
N	98.883	47.699	14.085	64
CA	99.353	46.337	13.858	64
C	98.548	45.343	14.716	64
N	97.995	45.825	15.832	65
CA	97.181	44.996	16.727	65
C	96.007	44.505	15.902	65
N	95.411	45.436	15.167	66
CA	94.309	45.115	14.282	66
C	95.054	44.539	13.079	66
N	94.334	43.974	12.115	67
CA	94.963	43.348	10.951	67
C	95.471	42.005	11.462	67
N	96.235	42.06	12.548	68
CA	96.791	40.868	13.174	68
C	95.675	40.108	13.868	68
N	94.792	40.848	14.526	69
CA	93.676	40.235	15.224	69
C	92.667	39.781	14.173	69
N	92.8	40.338	12.972	70
CA	91.932	39.997	11.849	70
C	92.446	38.731	11.162	70
N	93.701	38.772	10.717	71
CA	94.323	37.636	10.038	71
C	94.24	36.356	10.862	71
N	94.451	36.48	12.168	72
CA	94.397	35.323	13.051	72
C	92.973	34.805	13.168	72
N	92.015	35.721	13.195	73
CA	90.621	35.326	13.304	73
C	90.128	34.802	11.959	73
N	90.993	34.883	10.95	74
CA	90.679	34.415	9.601	74
C	90.964	32.919	9.477	74
N	91.503	32.333	10.541	75
CA	91.848	30.92	10.536	75
C	90.986	30.03	11.422	75
N	89.674	30.252	11.448	76
CA	88.821	29.399	12.276	76
C	88.529	28.107	11.518	76
N	89.264	27.906	10.43	77
CA	89.118	26.699	9.642	77
C	90.378	25.892	9.885	77
N	91.122	26.3	10.911	78
CA	92.37	25.647	11.296	78
C	92.085	24.761	12.507	78
N	92.717	23.592	12.56	79
CA	92.501	22.67	13.672	79
C	93.334	23.0	14.908	79
N	92.729	22.784	16.07	80
CA	93.375	23.017	17.352	80
C	93.003	21.895	18.309	80
N	94.006	21.213	18.843	81
CA	93.751	20.124	19.771	81
C	92.968	20.559	21.009	81
N	92.049	19.701	21.48	82
CA	91.258	20.026	22.667	82
C	92.126	19.896	23.909	82
N	93.32	19.329	23.741	83
CA	94.248	19.158	24.857	83
C	94.936	20.477	25.196	83
N	94.737	21.47	24.336	84
CA	95.32	22.794	24.522	84
C	94.446	23.634	25.454	84
N	95.036	24.146	26.53	85
CA	94.298	24.978	27.475	85
C	94.493	26.441	27.121	85
N	93.39	27.121	26.852	86
CA	93.443	28.52	26.477	86
C	92.385	29.336	27.211	86
N	92.774	30.514	27.68	87
CA	91.852	31.408	28.369	87
C	92.087	32.818	27.844	87
N	91.01	33.576	27.702	88
CA	91.123	34.933	27.201	88
C	91.601	35.922	28.265	88
N	92.237	37.001	27.819	89
CA	92.705	38.024	28.739	89
C	91.631	39.1	28.756	89
N	91.124	39.416	29.937	90
CA	90.083	40.421	30.047	90
C	90.436	41.466	31.093	90
N	91.526	41.231	31.82	91
CA	91.979	42.161	32.848	91
C	93.327	42.746	32.457	91
N	93.419	44.07	32.515	92
CA	94.655	44.742	32.159	92
C	95.788	44.454	33.125	92
N	97.011	44.556	32.624	93
CA	98.189	44.314	33.438	93
C	98.295	42.881	33.913	93
N	97.674	41.957	33.189	94
CA	97.743	40.546	33.567	94
C	98.353	39.649	32.488	94
N	98.745	40.207	31.346	95
CA	99.286	39.352	30.295	95
C	100.439	38.476	30.788	95
N	101.218	38.983	31.733	96
CA	102.318	38.196	32.264	96
C	101.79	37.009	33.058	96
N	100.711	37.223	33.801	97
CA	100.145	36.136	34.593	97
C	99.336	35.138	33.757	97
N	98.651	35.627	32.732	98
CA	97.895	34.73	31.871	98
C	98.921	33.883	31.115	98
N	100.076	34.48	30.835	99
CA	101.123	33.761	30.139	99
C	101.577	32.592	30.98	99
N	101.928	32.873	32.232	100
CA	102.38	31.848	33.167	100
C	101.359	30.706	33.283	100
N	100.081	31.043	33.424	101
CA	99.041	30.026	33.518	101
C	99.041	29.16	32.259	101
N	99.007	29.791	31.089	102
CA	99.01	29.038	29.833	102
C	100.199	28.099	29.785	102
N	101.334	28.568	30.294	103
CA	102.557	27.778	30.296	103
C	102.435	26.592	31.235	103
N	101.859	26.829	32.407	104
CA	101.692	25.744	33.367	104
C	100.555	24.809	32.911	104
N	99.386	25.382	32.636	105
CA	98.219	24.629	32.199	105
C	98.457	23.711	30.998	105
N	99.513	23.973	30.239	106
CA	99.81	23.18	29.053	106
C	101.03	22.296	29.202	106
N	101.488	22.163	30.437	107
CA	102.641	21.337	30.748	107
C	102.379	20.683	32.114	107
N	101.116	20.365	32.393	108
CA	100.746	19.747	33.665	108
C	101.308	18.337	33.798	108
N	101.97	17.868	32.743	109
CA	102.58	16.542	32.737	109
C	104.046	16.648	33.135	109
N	104.515	17.873	33.343	110
CA	105.899	18.102	33.731	110
C	106.0	18.786	35.099	110
N	104.89	19.363	35.556	111
CA	104.831	20.048	36.848	111
C	103.918	19.284	37.802	111
N	104.18	19.392	39.101	112
CA	103.37	18.668	40.067	112
C	102.353	19.453	40.878	112
N	102.699	20.685	41.236	113
CA	101.83	21.553	42.035	113
C	101.68	21.025	43.462	113
N	102.005	21.869	44.435	114
CA	101.907	21.493	45.837	114
C	100.489	21.111	46.225	114
N	100.314	20.755	47.493	115
CA	99.02	20.328	48.006	115
C	97.88	21.299	47.722	115
N	97.719	22.293	48.589	116
CA	96.65	23.257	48.408	116
C	96.941	24.318	47.365	116
N	97.688	23.951	46.326	117
CA	98.035	24.886	45.261	117
C	96.84	25.664	44.736	117
N	96.963	26.987	44.753	118
CA	95.912	27.872	44.269	118
C	95.714	27.681	42.766	118
N	96.82	27.555	42.042	119
CA	96.749	27.369	40.6	119
C	96.109	26.021	40.267	119
N	96.618	24.953	40.874	120
CA	96.065	23.629	40.631	120
C	94.552	23.688	40.771	120
N	94.088	24.302	41.852	121
CA	92.654	24.407	42.092	121
C	91.972	25.133	40.942	121
N	92.621	26.182	40.439	122
CA	92.087	26.966	39.328	122
C	91.996	26.117	38.06	122
N	93.078	25.408	37.762	123
CA	93.148	24.556	36.585	123
C	92.068	23.475	36.603	123
N	91.846	22.875	37.77	124
CA	90.838	21.831	37.902	124
C	89.437	22.405	37.758	124
N	89.208	23.563	38.358	125
CA	87.901	24.191	38.269	125
C	87.638	24.702	36.856	125
N	88.7	25.123	36.172	126
CA	88.593	25.652	34.808	126
C	88.741	24.57	33.746	126
N	89.035	23.355	34.197	127
CA	89.179	22.207	33.314	127
C	87.947	22.13	32.417	127
N	88.12	21.594	31.216	128
CA	87.017	21.456	30.272	128
C	86.037	22.627	30.314	128
N	86.564	23.847	30.336	129
CA	85.72	25.041	30.368	129
C	86.087	25.942	29.189	129
N	85.144	26.747	28.717	130
CA	85.427	27.612	27.58	130
C	86.353	28.775	27.938	130
N	87.075	29.314	26.941	131
CA	87.993	30.435	27.171	131
C	87.305	31.655	27.795	131
N	86.109	31.979	27.308	132
CA	85.351	33.122	27.818	132
C	84.95	32.895	29.275	132
N	84.589	31.655	29.599	133
CA	84.184	31.302	30.952	133
C	85.406	31.253	31.852	133
N	86.513	30.762	31.309	134
CA	87.75	30.681	32.073	134
C	88.177	32.079	32.519	134
N	87.983	33.063	31.648	135
CA	88.328	34.439	31.973	135
C	87.418	34.935	33.093	135
N	86.232	34.343	33.198	136
CA	85.28	34.715	34.241	136
C	85.783	34.213	35.593	136
N	86.261	32.973	35.626	137
CA	86.779	32.397	36.856	137
C	87.988	33.181	37.324	137
N	88.688	33.787	36.375	138
CA	89.867	34.576	36.683	138
C	89.444	35.902	37.28	138
N	88.456	36.531	36.656	139
CA	87.957	37.823	37.11	139
C	87.324	37.751	38.493	139
N	87.253	36.554	39.066	140
CA	86.636	36.383	40.373	140
C	87.516	35.644	41.369	140
N	88.703	35.262	40.931	141
CA	89.608	34.532	41.79	141
C	90.551	35.469	42.555	141
N	90.115	35.88	43.742	142
CA	90.891	36.776	44.589	142
C	92.277	36.21	44.911	142
N	92.374	34.891	45.03	143
CA	93.646	34.256	45.346	143
C	94.724	34.507	44.294	143
N	94.385	34.298	43.027	144
CA	95.347	34.51	41.947	144
C	95.667	35.991	41.816	144
N	94.627	36.811	41.923	145
CA	94.759	38.25	41.836	145
C	95.593	38.767	43.002	145
N	95.469	38.131	44.16	146
CA	96.248	38.557	45.314	146
C	97.695	38.139	45.086	146
N	97.899	36.921	44.587	147
CA	99.255	36.431	44.312	147
C	99.961	37.364	43.333	147
N	99.204	37.839	42.344	148
CA	99.712	38.751	41.326	148
C	100.159	40.068	41.955	148
N	99.238	40.729	42.648	149
CA	99.505	42.006	43.301	149
C	100.601	41.934	44.358	149
N	100.688	40.8	45.045	150
CA	101.693	40.607	46.079	150
C	103.081	40.662	45.461	150
N	103.236	39.997	44.323	151
CA	104.516	39.952	43.63	151
C	104.796	41.218	42.843	151
N	103.753	41.752	42.213	152
CA	103.852	42.96	41.398	152
C	104.503	44.131	42.129	152
N	104.005	44.423	43.322	153
CA	104.516	45.527	44.112	153
C	105.912	45.251	44.63	153
N	106.259	43.977	44.681	154
CA	107.554	43.554	45.175	154
C	108.675	43.913	44.205	154
N	108.344	44.617	43.129	155
CA	109.367	44.977	42.164	155
C	109.923	46.378	42.325	155
N	111.246	46.485	42.435	156
CA	111.909	47.78	42.578	156
C	111.677	48.572	41.299	156
N	111.849	47.885	40.174	157
CA	111.678	48.479	38.855	157
C	110.209	48.758	38.534	157
N	109.945	49.921	37.945	158
CA	108.588	50.296	37.553	158
C	108.449	50.004	36.065	158
N	107.296	49.484	35.66	159
CA	107.095	49.113	34.264	159
C	106.562	50.181	33.302	159
N	106.764	49.888	32.018	160
CA	106.392	50.688	30.846	160
C	105.416	51.862	30.92	160
N	105.421	52.639	29.835	161
CA	104.545	53.797	29.671	161
C	103.153	53.188	29.511	161
N	102.696	53.19	28.267	162
CA	101.416	52.639	27.898	162
C	101.723	51.682	26.756	162
N	102.929	51.123	26.796	163
CA	103.392	50.202	25.771	163
C	102.442	49.024	25.635	163
N	101.915	48.868	24.429	164
CA	100.987	47.799	24.133	164
C	101.724	46.472	23.966	164
N	102.272	45.992	25.082	165
CA	103.018	44.738	25.148	165
C	102.091	43.535	25.058	165
N	102.572	42.507	24.373	166
CA	101.86	41.245	24.25	166
C	102.824	40.217	24.832	166
N	102.293	39.236	25.546	167
CA	103.126	38.192	26.124	167
C	102.575	36.961	25.424	167
N	103.319	36.507	24.427	168
CA	102.914	35.371	23.611	168
C	103.635	34.076	23.976	168
N	102.886	32.987	24.145	169
CA	103.47	31.689	24.507	169
C	103.595	30.705	23.358	169
N	104.733	30.03	23.306	170
CA	104.955	29.006	22.305	170
C	105.156	27.718	23.084	170
N	104.298	26.749	22.8	171
CA	104.321	25.48	23.5	171
C	104.018	24.339	22.537	171
N	104.588	23.18	22.827	172
CA	104.38	22.009	22.002	172
C	103.302	21.117	22.626	172
N	102.134	21.063	21.994	173
CA	101.035	20.246	22.492	173
C	100.494	19.322	21.403	173
N	100.454	18.028	21.708	174
CA	99.973	17.015	20.77	174
C	100.814	17.003	19.488	174
N	102.138	17.0	19.651	175
CA	103.041	16.984	18.51	175
C	102.894	18.176	17.582	175
N	102.538	19.323	18.153	176
CA	102.356	20.549	17.377	176
C	102.765	21.8	18.15	176
N	103.338	22.753	17.424	177
CA	103.768	24.019	17.995	177
C	102.547	24.934	18.038	177
N	102.138	25.325	19.239	178
CA	100.995	26.209	19.385	178
C	101.436	27.562	19.908	178
N	100.697	28.596	19.518	179
CA	100.964	29.97	19.931	179
C	99.756	30.488	20.716	179
N	99.925	30.712	22.022	180
CA	98.829	31.208	22.864	180
C	99.025	32.647	23.337	180
N	98.009	33.481	23.146	181
CA	98.061	34.889	23.56	181
C	96.625	35.295	23.932	181
N	96.384	35.439	25.235	182
CA	95.071	35.795	25.742	182
C	94.395	36.968	25.069	182
N	95.168	37.787	24.365	183
CA	94.618	38.951	23.68	183
C	94.01	38.556	22.339	183
N	94.311	37.334	21.9	184
CA	93.813	36.809	20.63	184
C	92.579	35.925	20.813	184
N	91.787	35.745	19.738	185
CA	90.566	34.929	19.763	185
C	90.771	33.44	20.028	185
N	91.883	32.887	19.564	186
CA	92.164	31.475	19.805	186
C	93.631	31.118	19.569	186
N	94.041	29.918	20.002	187
CA	95.421	29.456	19.828	187
C	95.741	29.35	18.348	187
N	97.014	29.504	17.992	188
CA	97.416	29.384	16.595	188
C	98.283	28.144	16.426	188
N	97.897	27.28	15.484	189
CA	98.623	26.038	15.2	189
C	99.736	26.267	14.178	189
N	100.991	26.154	14.617	190
CA	102.149	26.338	13.735	190
C	102.697	25.009	13.223	190
N	101.802	24.104	12.842	191
CA	102.226	22.816	12.324	191
C	102.881	21.889	13.331	191
N	103.194	20.679	12.879	192
CA	103.817	19.679	13.733	192
C	105.17	20.154	14.25	192
N	105.588	19.608	15.386	193
CA	106.863	19.968	15.988	193
C	107.267	18.911	17.015	193
N	108.57	18.686	17.154	194
CA	109.085	17.701	18.101	194
C	109.267	18.348	19.463	194
N	109.072	17.565	20.518	195
CA	109.213	18.071	21.878	195
C	110.639	18.526	22.175	195
N	111.595	18.048	21.388	196
CA	112.986	18.423	21.602	196
C	113.336	19.772	20.986	196
N	113.17	19.876	19.673	197
CA	113.479	21.1	18.944	197
C	112.461	22.215	19.171	197
N	111.767	22.153	20.303	198
CA	110.748	23.137	20.658	198
C	111.313	24.546	20.747	198
N	112.31	24.72	21.601	199
CA	112.915	26.024	21.776	199
C	113.413	26.588	20.454	199
N	113.806	25.715	19.534	200
CA	114.306	26.181	18.249	200
C	113.169	26.5	17.286	200
N	112.117	25.687	17.301	201
CA	110.986	25.921	16.411	201
C	110.199	27.173	16.804	201
N	110.167	27.464	18.1	202
CA	109.462	28.634	18.611	202
C	110.303	29.882	18.361	202
N	111.617	29.746	18.507	203
CA	112.507	30.878	18.285	203
C	112.407	31.366	16.838	203
N	112.116	30.452	15.915	204
CA	111.986	30.803	14.503	204
C	110.736	31.633	14.246	204
N	109.596	31.184	14.763	205
CA	108.355	31.923	14.568	205
C	108.506	33.286	15.24	205
N	109.258	33.334	16.34	206
CA	109.483	34.591	17.049	206
C	110.252	35.569	16.176	206
N	111.352	35.111	15.59	207
CA	112.137	35.975	14.717	207
C	111.266	36.434	13.555	207
N	110.412	35.54	13.065	208
CA	109.513	35.88	11.968	208
C	108.505	36.907	12.476	208
N	108.078	36.722	13.72	209
CA	107.126	37.62	14.352	209
C	107.746	39.016	14.402	209
N	109.074	39.055	14.434	210
CA	109.826	40.302	14.469	210
C	109.927	40.909	13.069	210
N	110.139	40.061	12.066	211
CA	110.241	40.522	10.684	211
C	109.092	41.47	10.357	211
N	107.871	40.961	10.495	212
CA	106.647	41.715	10.222	212
C	106.444	42.927	11.12	212
N	107.524	43.468	11.668	213
CA	107.398	44.609	12.554	213
C	108.217	45.809	12.129	213
N	107.92	46.94	12.76	214
CA	108.568	48.203	12.449	214
C	109.744	48.536	13.37	214
N	110.821	47.761	13.268	215
CA	111.996	48.008	14.088	215
C	111.634	48.334	15.524	215
N	111.52	47.301	16.349	216
CA	111.164	47.469	17.747	216
C	112.356	47.156	18.644	216
N	112.719	48.075	19.537	217
CA	113.84	47.824	20.442	217
C	113.347	47.325	21.796	217
N	112.039	47.433	22.045	218
CA	111.461	46.994	23.317	218
C	110.902	45.581	23.219	218
N	111.717	44.582	23.533	219
CA	111.252	43.198	23.496	219
C	112.001	42.355	24.529	219
N	111.472	41.173	24.826	220
CA	112.076	40.297	25.815	220
C	111.525	38.878	25.719	220
N	112.294	37.912	26.209	221
CA	111.862	36.526	26.162	221
C	112.381	35.704	27.33	221
N	111.604	34.688	27.688	222
CA	111.959	33.787	28.773	222
C	111.525	32.393	28.362	222
N	111.895	31.397	29.163	223
CA	111.55	30.006	28.899	223
C	111.459	29.205	30.194	223
N	110.633	28.16	30.149	224
CA	110.417	27.259	31.274	224
C	111.357	26.079	31.083	224
N	112.31	25.968	31.998	225
CA	113.314	24.923	31.954	225
C	113.444	24.226	33.293	225
N	113.748	22.931	33.25	226
CA	113.917	22.14	34.464	226
C	114.893	22.866	35.397	226
N	116.0	23.353	34.837	227
CA	117.011	24.082	35.6	227
C	117.589	23.266	36.757	227
N	118.609	22.467	36.449	228
CA	119.278	21.612	37.427	228
C	118.274	20.743	38.181	228
