ATOM	X	Y	Z	RESIDUE
N	7.543	27.065	14.538	1
CA	8.188	26.497	15.739	1
C	8.681	25.167	15.383	1
N	7.905	24.064	15.299	2
CA	8.662	22.988	15.886	2
C	7.905	21.76	15.505	2
N	6.779	21.93	14.864	3
CA	5.762	20.874	15.105	3
C	6.176	19.431	14.761	3
N	5.091	18.753	14.215	4
CA	3.994	17.664	14.345	4
C	4.048	16.029	14.536	4
N	3.085	15.2	13.961	5
CA	2.167	14.063	14.235	5
C	2.158	13.569	12.778	5
N	1.039	12.741	12.544	6
CA	0.782	11.434	13.23	6
C	0.876	10.227	12.284	6
N	0.801	9.063	12.884	7
CA	1.035	7.832	12.16	7
C	-0.002	7.514	11.085	7
N	0.399	6.696	10.121	8
CA	-0.562	6.306	9.052	8
C	0.08	5.165	8.274	8
N	-0.219	5.068	6.962	9
CA	0.265	4.027	6.125	9
C	0.937	4.584	4.845	9
N	1.256	5.882	4.889	10
CA	1.879	6.564	3.706	10
C	3.36	6.47	3.939	10
N	4.148	7.064	3.041	11
CA	5.56	6.73	2.952	11
C	6.323	7.168	4.209	11
N	5.954	8.337	4.681	12
CA	6.654	9.036	5.708	12
C	6.119	8.709	7.053	12
N	4.905	8.144	7.119	13
CA	4.364	7.92	8.424	13
C	3.945	6.46	8.648	13
N	4.416	5.602	7.739	14
CA	3.845	4.225	7.643	14
C	4.605	3.245	8.504	14
N	4.255	1.96	8.427	15
CA	4.735	0.956	9.384	15
C	6.225	0.968	9.671	15
N	7.056	1.159	8.608	16
CA	8.49	1.087	8.873	16
C	8.959	2.262	9.776	16
N	8.148	3.298	9.907	17
CA	8.51	4.416	10.767	17
C	7.915	4.358	12.105	17
N	6.955	3.461	12.369	18
CA	6.335	3.474	13.669	18
C	7.298	3.283	14.817	18
N	8.334	2.463	14.648	19
CA	9.416	2.143	15.67	19
C	10.099	3.393	16.171	19
N	10.145	4.414	15.321	20
CA	10.787	5.696	15.683	20
C	10.017	6.408	16.826	20
N	8.685	6.251	16.815	21
CA	7.737	6.939	17.725	21
C	6.827	6.056	18.644	21
N	6.941	4.725	18.476	22
CA	6.49	3.705	19.456	22
C	7.47	2.581	19.428	22
N	8.491	2.597	20.311	23
CA	9.554	1.658	20.303	23
C	9.153	0.239	20.548	23
N	7.942	0.074	21.185	24
CA	7.454	-1.287	21.348	24
C	7.105	-1.877	19.942	24
N	7.144	-1.047	18.874	25
CA	7.054	-1.627	17.532	25
C	8.078	-2.676	17.339	25
N	9.234	-2.536	17.998	26
CA	10.279	-3.5	17.977	26
C	10.356	-4.498	19.128	26
N	9.208	-4.664	19.773	27
CA	9.042	-5.584	20.878	27
C	9.141	-7.075	20.544	27
N	9.027	-7.905	21.582	28
CA	9.18	-9.278	21.498	28
C	7.841	-10.031	21.157	28
N	6.726	-9.278	21.272	29
CA	5.418	-9.961	21.033	29
C	4.51	-9.16	20.091	29
N	5.123	-8.752	18.955	30
CA	4.424	-7.946	17.934	30
C	3.652	-8.788	16.884	30
N	2.576	-8.109	16.435	31
CA	1.701	-8.712	15.429	31
C	1.609	-7.785	14.213	31
N	1.186	-8.339	13.057	32
CA	0.864	-9.717	12.755	32
C	2.095	-10.563	12.534	32
N	1.859	-11.772	12.155	33
CA	2.996	-12.717	11.948	33
C	2.709	-13.518	10.704	33
N	3.766	-14.192	10.233	34
CA	3.664	-15.331	9.315	34
C	3.203	-16.557	10.061	34
N	2.139	-17.203	9.611	35
CA	1.729	-18.457	10.149	35
C	2.187	-19.589	9.212	35
N	3.106	-20.389	9.721	36
CA	3.699	-21.522	8.994	36
C	3.068	-22.781	9.491	36
N	2.166	-23.296	8.707	37
CA	1.345	-24.424	9.257	37
C	2.127	-25.677	9.745	37
N	3.289	-26.006	9.17	38
CA	4.144	-27.087	9.651	38
C	4.835	-26.807	10.953	38
N	4.923	-25.541	11.399	39
CA	5.577	-25.169	12.629	39
C	4.605	-25.003	13.784	39
N	3.305	-24.933	13.434	40
CA	2.366	-24.724	14.499	40
C	2.188	-25.968	15.327	40
N	1.955	-25.782	16.603	41
CA	1.757	-26.928	17.441	41
C	0.256	-27.219	17.687	41
N	-0.245	-28.407	17.374	42
CA	-1.591	-28.752	17.755	42
C	-1.653	-28.828	19.268	42
N	-2.676	-28.299	19.912	43
CA	-2.772	-28.307	21.317	43
C	-4.142	-28.801	21.738	43
N	-4.226	-30.003	22.359	44
CA	-5.526	-30.579	22.697	44
C	-6.162	-29.871	23.893	44
N	-5.515	-28.982	24.604	45
CA	-6.138	-28.256	25.676	45
C	-6.964	-27.02	25.131	45
N	-6.721	-26.622	23.88	46
CA	-7.48	-25.483	23.335	46
C	-8.937	-25.929	23.138	46
N	-9.823	-24.992	23.324	47
CA	-11.207	-25.301	23.266	47
C	-11.843	-24.731	21.968	47
N	-12.918	-25.279	21.517	48
CA	-13.685	-24.566	20.428	48
C	-14.049	-23.16	20.87	48
N	-14.234	-22.258	19.883	49
CA	-14.691	-20.897	20.285	49
C	-16.194	-20.944	20.774	49
N	-16.465	-20.183	21.819	50
CA	-17.844	-20.003	22.304	50
C	-18.256	-18.521	21.944	50
N	-19.141	-18.377	20.95	51
CA	-19.318	-17.032	20.343	51
C	-20.755	-16.592	20.539	51
N	-20.976	-15.439	21.141	52
CA	-22.291	-14.849	21.249	52
C	-22.248	-13.406	20.839	52
N	-22.85	-13.075	19.7	53
CA	-22.891	-11.681	19.183	53
C	-24.299	-11.258	18.925	53
N	-24.747	-10.238	19.654	54
CA	-26.143	-9.74	19.547	54
C	-26.152	-8.687	18.391	54
N	-26.855	-8.952	17.278	55
CA	-26.935	-7.916	16.176	55
C	-27.339	-6.517	16.647	55
N	-28.021	-6.382	17.742	56
CA	-28.453	-5.046	18.185	56
C	-27.342	-4.355	18.961	56
N	-26.188	-5.037	19.257	57
CA	-25.052	-4.495	19.967	57
C	-24.353	-3.429	19.063	57
N	-24.358	-3.644	17.742	58
CA	-23.76	-2.686	16.831	58
C	-24.519	-1.342	16.891	58
N	-23.726	-0.247	17.02	59
CA	-24.458	1.051	17.097	59
C	-24.005	2.119	16.1	59
N	-22.693	2.222	15.836	60
CA	-22.204	3.36	15.049	60
C	-21.132	2.856	14.153	60
N	-20.995	3.412	12.964	61
CA	-19.827	3.077	12.097	61
C	-19.095	4.451	11.849	61
N	-17.797	4.47	11.887	62
CA	-17.025	5.706	11.744	62
C	-15.751	5.488	10.955	62
N	-15.195	6.577	10.388	63
CA	-13.957	6.505	9.7	63
C	-12.921	7.041	10.609	63
N	-11.968	6.287	11.12	64
CA	-10.916	6.823	11.975	64
C	-9.779	7.513	11.296	64
N	-9.775	7.412	9.96	65
CA	-8.579	7.8	9.156	65
C	-7.685	6.588	8.886	65
N	-7.83	5.464	9.635	66
CA	-6.979	4.301	9.597	66
C	-7.746	3.042	9.143	66
N	-9.066	3.081	9.267	67
CA	-9.96	2.0	8.84	67
C	-11.37	2.517	9.04	67
N	-12.42	1.742	8.788	68
CA	-13.681	2.038	9.436	68
C	-13.714	1.267	10.78	68
N	-14.542	1.78	11.683	69
CA	-14.851	1.0	12.935	69
C	-16.308	0.889	13.137	69
N	-16.85	-0.334	13.334	70
CA	-18.138	-0.574	13.83	70
C	-17.992	-0.66	15.333	70
N	-18.584	0.329	16.054	71
CA	-18.579	0.334	17.565	71
C	-19.85	-0.34	18.041	71
N	-19.576	-1.216	19.011	72
CA	-20.65	-1.994	19.721	72
C	-20.783	-1.392	21.109	72
N	-22.017	-1.472	21.596	73
CA	-22.255	-1.006	23.015	73
C	-21.657	-2.096	23.935	73
N	-20.609	-1.763	24.597	74
CA	-19.891	-2.645	25.505	74
C	-20.176	-2.294	27.046	74
N	-21.353	-1.723	27.212	75
CA	-21.953	-1.48	28.607	75
C	-22.172	-2.762	29.32	75
N	-22.738	-3.8	28.718	76
CA	-22.788	-5.079	29.477	76
C	-22.475	-6.254	28.595	76
N	-22.698	-7.465	29.04	77
CA	-22.198	-8.638	28.465	77
C	-23.197	-9.248	27.511	77
N	-23.814	-8.509	26.625	78
CA	-24.662	-9.118	25.635	78
C	-23.83	-9.871	24.531	78
N	-22.621	-9.368	24.204	79
CA	-21.85	-9.953	23.101	79
C	-20.516	-10.233	23.622	79
N	-20.185	-11.55	23.697	80
CA	-18.954	-11.999	24.341	80
C	-18.319	-13.166	23.593	80
N	-17.011	-13.264	23.755	81
CA	-16.282	-14.433	23.211	81
C	-15.693	-15.134	24.418	81
N	-15.83	-16.479	24.416	82
CA	-15.277	-17.368	25.468	82
C	-14.722	-18.587	24.746	82
N	-14.081	-19.471	25.548	83
CA	-13.524	-20.635	24.981	83
C	-12.232	-20.318	24.218	83
N	-11.958	-21.154	23.194	84
CA	-10.656	-20.907	22.426	84
C	-9.524	-21.082	23.419	84
N	-8.502	-20.202	23.418	85
CA	-7.382	-20.192	24.377	85
C	-7.699	-19.36	25.604	85
N	-8.881	-18.76	25.712	86
CA	-9.171	-17.724	26.668	86
C	-9.626	-18.234	28.068	86
N	-9.152	-17.502	29.057	87
CA	-9.693	-17.699	30.472	87
C	-10.693	-16.617	30.676	87
N	-11.958	-17.003	30.912	88
CA	-12.924	-15.948	31.239	88
C	-13.56	-15.335	29.956	88
N	-14.3	-14.242	30.162	89
CA	-15.209	-13.706	29.161	89
C	-14.678	-12.401	28.638	89
N	-14.591	-12.354	27.304	90
CA	-14.091	-11.175	26.544	90
C	-15.213	-10.481	25.818	90
N	-15.514	-9.229	26.162	91
CA	-16.613	-8.464	25.664	91
C	-16.325	-7.787	24.32	91
N	-17.269	-7.96	23.402	92
CA	-17.119	-7.305	22.072	92
C	-17.091	-5.8	22.223	92
N	-16.086	-5.185	21.619	93
CA	-15.956	-3.73	21.551	93
C	-16.128	-3.142	20.1	93
N	-15.385	-3.665	19.109	94
CA	-15.383	-2.986	17.788	94
C	-14.869	-3.953	16.783	94
N	-15.273	-3.661	15.532	95
CA	-14.845	-4.433	14.324	95
C	-14.243	-3.407	13.336	95
N	-13.168	-3.848	12.72	96
CA	-12.569	-3.046	11.634	96
C	-11.897	-3.993	10.655	96
N	-11.35	-3.416	9.562	97
CA	-10.87	-4.188	8.416	97
C	-9.497	-3.636	7.982	97
N	-8.662	-4.536	7.494	98
CA	-7.375	-4.118	6.87	98
C	-7.362	-4.726	5.445	98
N	-6.806	-3.921	4.498	99
CA	-6.813	-4.308	3.08	99
C	-5.513	-3.734	2.534	99
N	-5.345	-3.986	1.215	100
CA	-4.138	-3.448	0.459	100
C	-4.69	-2.789	-0.758	100
N	-3.703	-2.238	-1.502	101
CA	-4.071	-1.616	-2.812	101
C	-4.451	-2.616	-3.878	101
N	-4.091	-3.855	-3.745	102
CA	-4.478	-4.836	-4.744	102
C	-5.027	-6.056	-4.001	102
N	-5.877	-6.758	-4.657	103
CA	-6.527	-7.965	-4.058	103
C	-5.485	-8.994	-3.723	103
N	-4.302	-8.873	-4.371	104
CA	-3.185	-9.754	-4.251	104
C	-2.664	-9.881	-2.848	104
N	-2.754	-8.779	-2.085	105
CA	-1.969	-8.666	-0.883	105
C	-2.602	-7.62	0.034	105
N	-3.513	-8.074	0.886	106
CA	-4.214	-7.181	1.766	106
C	-4.291	-7.53	3.244	106
N	-4.051	-8.791	3.591	107
CA	-4.252	-9.218	4.976	107
C	-2.982	-8.83	5.724	107
N	-3.139	-8.935	7.056	108
CA	-2.022	-8.711	8.036	108
C	-1.286	-9.998	8.342	108
N	-2.023	-11.02	8.859	109
CA	-1.438	-12.356	8.978	109
C	-1.351	-12.971	7.577	109
N	-0.291	-13.798	7.389	110
CA	-0.008	-14.416	6.1	110
C	0.175	-15.936	6.383	110
N	-0.42	-16.807	5.566	111
CA	-0.416	-18.206	5.919	111
C	0.372	-18.959	4.83	111
N	1.569	-19.441	5.235	112
CA	2.524	-20.126	4.31	112
C	2.683	-19.274	3.099	112
N	2.876	-17.963	3.333	113
CA	3.102	-17.033	2.216	113
C	1.923	-16.518	1.486	113
N	0.727	-17.022	1.837	114
CA	-0.565	-16.506	1.201	114
C	-1.061	-15.261	1.96	114
N	-1.14	-14.193	1.26	115
CA	-1.857	-13.088	1.803	115
C	-3.24	-13.283	1.25	115
N	-4.167	-12.784	2.041	116
CA	-5.543	-12.693	1.569	116
C	-5.876	-11.311	1.106	116
N	-7.09	-11.15	0.514	117
CA	-7.486	-9.801	0.036	117
C	-7.673	-8.774	1.165	117
N	-8.156	-9.256	2.314	118
CA	-8.334	-8.331	3.468	118
C	-8.393	-9.233	4.697	118
N	-8.497	-8.514	5.824	119
CA	-8.552	-9.251	7.123	119
C	-9.444	-8.399	8.088	119
N	-10.457	-9.051	8.555	120
CA	-11.37	-8.46	9.555	120
C	-10.868	-8.76	10.966	120
N	-10.889	-7.729	11.794	121
CA	-10.532	-7.91	13.23	121
C	-11.714	-7.545	14.089	121
N	-12.02	-8.494	15.008	122
CA	-13.115	-8.378	15.996	122
C	-12.447	-8.221	17.354	122
N	-12.53	-7.035	17.977	123
CA	-11.714	-6.729	19.16	123
C	-12.608	-6.845	20.425	123
N	-12.04	-7.576	21.412	124
CA	-12.788	-7.855	22.679	124
C	-11.838	-7.579	23.816	124
N	-12.482	-7.285	25.012	125
CA	-11.678	-7.059	26.248	125
C	-12.185	-7.856	27.453	125
N	-11.21	-8.178	28.305	126
CA	-11.465	-9.085	29.457	126
C	-12.201	-8.27	30.587	126
N	-13.54	-8.364	30.588	127
CA	-14.323	-7.681	31.646	127
C	-14.384	-8.529	32.897	127
N	-13.931	-9.774	32.905	128
CA	-13.915	-10.572	34.17	128
C	-12.731	-10.101	34.996	128
N	-11.731	-9.444	34.473	129
CA	-10.582	-9.021	35.258	129
C	-10.404	-7.539	35.312	129
N	-10.925	-6.8	34.313	130
CA	-10.705	-5.378	34.169	130
C	-11.949	-4.647	34.056	130
N	-11.933	-3.361	34.482	131
CA	-13.176	-2.653	34.586	131
C	-13.6	-1.953	33.239	131
N	-12.607	-1.859	32.323	132
CA	-12.903	-1.103	31.106	132
C	-11.894	-1.6	30.086	132
N	-12.266	-1.317	28.814	133
CA	-11.339	-1.572	27.704	133
C	-9.983	-0.889	27.869	133
N	-9.997	0.389	28.321	134
CA	-8.756	1.106	28.411	134
C	-7.785	0.448	29.391	134
N	-8.318	-0.09	30.537	135
CA	-7.431	-0.817	31.435	135
C	-6.908	-2.169	30.922	135
N	-7.872	-2.868	30.313	136
CA	-7.535	-4.159	29.708	136
C	-6.426	-4.04	28.578	136
N	-6.48	-2.947	27.877	137
CA	-5.566	-2.777	26.746	137
C	-4.088	-2.739	27.118	137
N	-3.824	-2.597	28.429	138
CA	-2.465	-2.536	28.93	138
C	-2.023	-3.723	29.663	138
N	-2.7	-4.895	29.54	139
CA	-2.31	-6.019	30.211	139
C	-2.182	-7.22	29.306	139
N	-1.328	-8.169	29.59	140
CA	-1.07	-9.259	28.614	140
C	-2.293	-10.089	28.302	140
N	-3.205	-10.206	29.253	141
CA	-4.407	-11.013	29.138	141
C	-5.614	-10.105	28.883	141
N	-5.38	-8.854	28.514	142
CA	-6.475	-7.922	28.488	142
C	-7.415	-8.031	27.249	142
N	-6.806	-8.236	26.049	143
CA	-7.635	-8.15	24.831	143
C	-7.542	-9.499	24.127	143
N	-8.637	-9.743	23.313	144
CA	-8.673	-10.929	22.403	144
C	-9.162	-10.399	21.079	144
N	-8.453	-10.772	19.994	145
CA	-8.885	-10.349	18.65	145
C	-9.084	-11.624	17.829	145
N	-10.296	-11.67	17.267	146
CA	-10.616	-12.678	16.267	146
C	-10.298	-12.184	14.878	146
N	-9.398	-12.825	14.15	147
CA	-9.073	-12.359	12.808	147
C	-9.733	-13.288	11.824	147
N	-10.349	-12.705	10.784	148
CA	-11.019	-13.463	9.752	148
C	-10.485	-12.97	8.414	148
N	-9.973	-13.881	7.568	149
CA	-9.514	-13.511	6.233	149
C	-10.682	-13.33	5.327	149
N	-10.468	-12.434	4.364	150
CA	-11.437	-12.244	3.198	150
C	-10.727	-12.609	1.921	150
N	-11.358	-13.399	1.061	151
CA	-10.876	-13.686	-0.275	151
C	-11.903	-13.178	-1.266	151
N	-11.49	-12.871	-2.514	152
CA	-12.436	-12.383	-3.508	152
C	-13.348	-13.535	-3.967	152
N	-14.641	-13.254	-3.964	153
CA	-15.58	-14.292	-4.432	153
C	-16.884	-13.627	-4.577	153
N	-17.925	-14.338	-4.216	154
CA	-19.253	-13.806	-4.387	154
C	-19.433	-12.603	-3.458	154
N	-20.275	-11.651	-3.77	155
CA	-20.52	-10.522	-2.905	155
C	-21.055	-11.079	-1.601	155
N	-20.763	-10.335	-0.544	156
CA	-21.203	-10.733	0.809	156
C	-22.338	-9.81	1.254	156
N	-23.522	-10.417	1.477	157
CA	-24.683	-9.564	1.816	157
C	-24.528	-8.819	3.12	157
N	-23.877	-9.403	4.131	158
CA	-23.666	-8.618	5.396	158
C	-22.666	-7.487	5.16	158
N	-21.582	-7.763	4.418	159
CA	-20.638	-6.669	4.123	159
C	-21.196	-5.57	3.255	159
N	-22.21	-5.874	2.435	160
CA	-22.859	-4.867	1.637	160
C	-23.514	-3.815	2.568	160
N	-23.999	-4.209	3.748	161
CA	-24.535	-3.241	4.698	161
C	-23.465	-2.186	5.089	161
N	-22.216	-2.658	5.272	162
CA	-21.109	-1.745	5.56	162
C	-20.73	-0.915	4.376	162
N	-20.614	-1.541	3.198	163
CA	-20.238	-0.768	2.045	163
C	-21.27	0.289	1.686	163
N	-22.541	0.006	1.981	164
CA	-23.595	0.999	1.703	164
C	-23.47	2.259	2.514	164
N	-22.738	2.257	3.625	165
CA	-22.563	3.408	4.501	165
C	-21.362	4.217	4.133	165
N	-20.46	3.703	3.329	166
CA	-19.169	4.354	3.218	166
C	-19.234	5.792	2.641	166
N	-20.112	6.004	1.687	167
CA	-20.206	7.379	1.133	167
C	-20.486	8.35	2.263	167
N	-21.23	7.955	3.281	168
CA	-21.577	8.885	4.357	168
C	-20.467	9.118	5.384	168
N	-19.379	8.332	5.35	169
CA	-18.249	8.475	6.225	169
C	-16.863	8.587	5.516	169
N	-16.895	9.234	4.323	170
CA	-15.698	9.256	3.512	170
C	-14.598	10.026	4.212	170
N	-14.941	11.163	4.847	171
CA	-13.913	11.914	5.562	171
C	-13.514	11.442	6.921	171
N	-12.248	11.557	7.272	172
CA	-11.806	11.212	8.552	172
C	-12.628	11.854	9.65	172
N	-13.067	11.042	10.614	173
CA	-13.829	11.566	11.748	173
C	-15.316	11.449	11.565	173
N	-15.861	11.221	10.388	174
CA	-17.3	11.143	10.185	174
C	-17.856	9.847	10.804	174
N	-19.079	9.883	11.244	175
CA	-19.797	8.735	11.848	175
C	-21.194	8.728	11.404	175
N	-21.805	7.558	11.468	176
CA	-23.166	7.454	11.236	176
C	-23.753	6.237	11.949	176
N	-25.061	6.239	12.258	177
CA	-25.66	5.091	12.972	177
C	-25.611	3.855	12.065	177
N	-25.464	2.713	12.748	178
CA	-25.293	1.396	12.105	178
C	-25.614	0.328	13.148	178
N	-26.683	-0.402	12.829	179
CA	-27.06	-1.458	13.833	179
C	-27.644	-2.609	13.086	179
N	-28.153	-3.637	13.765	180
CA	-28.635	-4.857	13.036	180
C	-27.509	-5.494	12.215	180
N	-26.417	-5.757	12.918	181
CA	-25.336	-6.344	12.176	181
C	-25.04	-7.739	12.747	181
N	-25.345	-8.748	11.874	182
CA	-25.287	-10.16	12.392	182
C	-23.885	-10.754	12.163	182
N	-23.026	-10.301	13.089	183
CA	-21.63	-10.664	13.057	183
C	-21.421	-12.165	13.148	183
N	-22.278	-12.824	13.968	184
CA	-22.147	-14.258	14.065	184
C	-22.32	-14.935	12.734	184
N	-23.308	-14.507	11.93	185
CA	-23.536	-15.116	10.614	185
C	-22.503	-14.724	9.579	185
N	-21.701	-13.715	9.844	186
CA	-20.64	-13.325	8.919	186
C	-19.453	-14.31	9.017	186
N	-19.24	-14.954	10.191	187
CA	-18.11	-15.866	10.312	187
C	-18.203	-17.084	9.397	187
N	-17.053	-17.644	8.992	188
CA	-17.029	-18.772	8.072	188
C	-17.642	-20.03	8.695	188
N	-17.918	-21.032	7.898	189
CA	-18.492	-22.246	8.443	189
C	-17.567	-22.907	9.443	189
N	-16.233	-22.998	9.241	190
CA	-15.39	-23.65	10.212	190
C	-14.778	-22.582	11.103	190
N	-14.706	-22.866	12.399	191
CA	-14.06	-21.953	13.385	191
C	-12.771	-22.573	13.888	191
N	-12.181	-23.409	13.066	192
CA	-10.836	-23.896	13.441	192
C	-9.834	-22.688	13.353	192
N	-8.911	-22.634	14.317	193
CA	-8.065	-21.453	14.443	193
C	-6.624	-21.684	14.856	193
N	-5.771	-20.722	14.629	194
CA	-4.474	-20.61	15.222	194
C	-4.471	-19.587	16.26	194
N	-3.6	-19.681	17.274	195
CA	-3.522	-18.689	18.295	195
C	-2.144	-18.423	18.805	195
N	-1.85	-17.222	19.158	196
CA	-0.514	-16.839	19.725	196
C	-0.674	-15.568	20.476	196
N	0.273	-15.246	21.395	197
CA	0.247	-14.015	22.112	197
C	0.862	-12.87	21.247	197
N	0.235	-11.74	21.185	198
CA	0.809	-10.662	20.364	198
C	0.337	-9.335	20.746	198
N	0.125	-8.433	19.766	199
CA	-0.074	-7.036	20.0	199
C	-1.147	-6.404	19.162	199
N	-1.527	-5.206	19.482	200
CA	-2.213	-4.366	18.492	200
C	-1.3	-4.261	17.261	200
N	-1.973	-4.269	16.084	201
CA	-1.21	-4.072	14.807	201
C	-1.174	-2.633	14.356	201
N	-1.678	-1.7	15.176	202
CA	-1.574	-0.26	14.979	202
C	-1.019	0.381	16.234	202
N	-0.363	1.54	16.119	203
CA	0.0	2.313	17.325	203
C	-1.258	2.448	18.209	203
N	-1.108	2.233	19.552	204
CA	0.127	2.157	20.283	204
C	0.839	0.839	20.397	204
N	0.396	-0.219	19.631	205
CA	1.142	-1.384	19.462	205
C	1.392	-2.224	20.753	205
N	0.408	-2.022	21.674	206
CA	0.524	-2.651	23.024	206
C	0.484	-4.182	22.955	206
N	1.277	-4.895	23.72	207
CA	1.399	-6.315	23.712	207
C	0.413	-6.919	24.701	207
N	-0.861	-6.822	24.319	208
CA	-2.011	-7.142	25.201	208
C	-2.983	-8.046	24.513	208
N	-2.607	-8.602	23.362	209
CA	-3.632	-9.341	22.61	209
C	-3.4	-10.805	22.508	209
N	-4.457	-11.612	22.836	210
CA	-4.468	-13.009	22.504	210
C	-5.112	-13.076	21.094	210
N	-4.277	-13.423	20.127	211
CA	-4.772	-13.512	18.727	211
C	-5.415	-14.861	18.496	211
N	-6.547	-14.859	17.794	212
CA	-7.295	-16.041	17.408	212
C	-7.562	-15.855	15.894	212
N	-6.835	-16.586	15.046	213
CA	-6.948	-16.34	13.569	213
C	-7.65	-17.493	12.948	213
N	-8.819	-17.35	12.371	214
CA	-9.495	-18.447	11.724	214
C	-8.843	-18.843	10.45	214
N	-8.759	-20.192	10.252	215
CA	-8.142	-20.685	9.022	215
C	-9.026	-20.37	7.765	215
N	-10.311	-20.531	7.871	216
CA	-11.17	-20.5	6.676	216
C	-11.521	-19.049	6.318	216
N	-11.214	-18.566	5.103	217
CA	-11.64	-17.213	4.745	217
C	-13.142	-17.123	4.449	217
N	-13.67	-15.898	4.506	218
CA	-14.987	-15.528	3.966	218
C	-14.826	-14.82	2.673	218
N	-15.857	-14.7	1.818	219
CA	-15.704	-14.058	0.525	219
C	-16.269	-12.651	0.555	219
N	-15.727	-11.798	-0.32	220
CA	-16.148	-10.448	-0.598	220
C	-15.98	-10.221	-2.131	220
N	-16.838	-9.365	-2.717	221
CA	-16.536	-9.172	-4.163	221
C	-15.424	-8.157	-4.326	221
N	-14.818	-8.13	-5.513	222
CA	-13.809	-7.138	-5.719	222
C	-14.372	-5.706	-5.679	222
N	-15.607	-5.523	-6.166	223
CA	-16.196	-4.187	-6.111	223
C	-16.523	-3.741	-4.657	223
N	-16.98	-4.693	-3.829	224
CA	-17.184	-4.283	-2.443	224
C	-15.869	-3.931	-1.776	224
N	-14.829	-4.74	-2.002	225
CA	-13.555	-4.418	-1.327	225
C	-13.018	-3.061	-1.774	225
N	-13.182	-2.783	-3.097	226
CA	-12.628	-1.521	-3.588	226
C	-13.283	-0.327	-2.967	226
N	-14.544	-0.401	-2.495	227
CA	-15.166	0.746	-1.886	227
C	-14.395	1.21	-0.667	227
N	-13.761	0.277	0.07	228
CA	-13.046	0.681	1.284	228
C	-11.9	1.614	0.975	228
N	-11.274	1.466	-0.215	229
CA	-10.115	2.269	-0.567	229
C	-10.434	3.695	-0.871	229
N	-11.724	3.977	-0.987	230
CA	-12.231	5.351	-1.223	230
C	-12.516	6.105	0.054	230
N	-12.236	5.512	1.244	231
CA	-12.195	6.325	2.467	231
C	-10.972	7.2	2.448	231
N	-11.076	8.37	3.071	232
CA	-9.895	9.266	3.169	232
C	-9.189	9.055	4.475	232
N	-7.885	9.264	4.503	233
CA	-7.063	9.264	5.72	233
C	-6.876	10.702	6.21	233
N	-7.479	11.617	5.492	234
CA	-7.459	13.054	5.811	234
C	-8.895	13.527	6.176	234
N	-8.926	14.581	7.017	235
CA	-10.159	15.181	7.545	235
C	-10.758	16.192	6.59	235
N	-12.013	16.563	6.797	236
CA	-12.579	17.692	6.023	236
C	-11.65	18.903	6.07	236
N	-11.403	19.498	4.909	237
CA	-10.646	20.752	4.848	237
C	-9.149	20.606	4.637	237
N	-8.65	19.363	4.637	238
CA	-7.201	19.045	4.551	238
C	-7.0	18.501	3.106	238
N	-5.789	18.548	2.544	239
CA	-5.638	18.004	1.166	239
C	-5.96	16.475	1.166	239
N	-6.837	16.038	0.262	240
CA	-7.338	14.613	0.28	240
C	-6.238	13.601	0.009	240
N	-6.246	12.539	0.806	241
CA	-5.415	11.38	0.483	241
C	-6.272	10.167	0.877	241
N	-6.175	9.127	0.084	242
CA	-7.035	7.954	0.172	242
C	-6.343	6.853	0.91	242
N	-7.208	6.131	1.697	243
CA	-6.707	4.964	2.464	243
C	-6.703	3.729	1.58	243
N	-5.795	3.707	0.636	244
CA	-5.817	2.591	-0.346	244
C	-5.236	1.29	0.209	244
N	-4.511	1.434	1.36	245
CA	-3.842	0.293	1.974	245
C	-3.625	0.603	3.407	245
N	-3.857	-0.409	4.272	246
CA	-3.806	-0.111	5.761	246
C	-3.435	-1.415	6.445	246
N	-2.449	-2.145	5.985	247
CA	-1.977	-3.379	6.68	247
C	-0.561	-3.312	7.055	247
N	-0.218	-3.89	8.221	248
CA	1.139	-3.808	8.733	248
C	1.817	-5.068	8.273	248
N	3.139	-4.966	7.916	249
CA	3.83	-6.191	7.571	249
C	3.973	-7.182	8.704	249
N	4.247	-8.418	8.4	250
CA	4.515	-9.436	9.498	250
C	5.759	-9.082	10.306	250
N	5.74	-9.452	11.602	251
CA	6.784	-9.077	12.561	251
C	7.434	-10.364	13.046	251
N	8.675	-10.239	13.534	252
CA	9.354	-11.441	13.955	252
C	8.679	-12.278	15.111	252
N	8.711	-13.566	14.887	253
CA	8.068	-14.485	15.856	253
C	8.727	-14.49	17.229	253
N	10.053	-14.328	17.212	254
CA	10.797	-14.184	18.44	254
C	10.527	-15.365	19.49	254
N	10.374	-16.547	18.986	255
CA	10.309	-17.704	19.937	255
C	8.942	-18.018	20.493	255
N	7.932	-17.213	20.113	256
CA	6.53	-17.541	20.514	256
C	6.068	-18.834	19.888	256
N	5.126	-19.523	20.576	257
CA	4.531	-20.735	20.104	257
C	3.183	-20.329	19.45	257
N	3.051	-20.729	18.206	258
CA	1.722	-20.602	17.546	258
C	1.107	-21.96	17.681	258
N	-0.132	-22.01	18.163	259
CA	-0.825	-23.291	18.425	259
C	-2.019	-23.405	17.478	259
N	-2.41	-24.582	17.162	260
CA	-3.566	-24.905	16.323	260
C	-4.599	-25.567	17.107	260
N	-5.867	-25.241	16.911	261
CA	-7.031	-25.903	17.556	261
C	-7.409	-27.232	16.884	261
N	-6.777	-27.625	15.793	262
CA	-7.221	-28.662	14.904	262
C	-5.938	-29.304	14.358	262
N	-6.101	-30.496	13.8	263
CA	-4.997	-31.18	13.037	263
C	-5.621	-32.172	12.102	263
N	-64.589	-52.038	23.958	1
CA	-64.909	-50.588	23.604	1
C	-63.724	-50.444	24.525	1
N	-63.61	-49.952	25.775	2
CA	-63.637	-48.528	25.949	2
C	-62.602	-47.939	26.949	2
N	-61.831	-46.907	26.326	3
CA	-60.85	-45.848	26.787	3
C	-59.359	-45.34	26.233	3
N	-58.098	-45.305	25.444	4
CA	-56.739	-44.51	25.882	4
C	-55.162	-44.219	25.347	4
N	-54.5	-43.022	26.043	5
CA	-53.146	-42.012	25.746	5
C	-51.617	-41.635	25.811	5
N	-50.772	-42.2	26.454	6
CA	-50.832	-42.349	27.949	6
C	-49.517	-42.631	28.692	6
N	-48.36	-42.721	28.018	7
CA	-47.086	-42.984	28.757	7
C	-46.728	-41.84	29.693	7
N	-45.994	-42.157	30.766	8
CA	-45.471	-41.042	31.619	8
C	-44.463	-41.627	32.535	8
N	-44.457	-41.094	33.796	9
CA	-43.45	-41.559	34.746	9
C	-44.094	-41.918	36.08	9
N	-45.422	-42.095	36.044	10
CA	-46.133	-42.618	37.295	10
C	-45.989	-44.156	37.391	10
N	-46.492	-44.751	38.504	11
CA	-46.395	-46.184	38.673	11
C	-46.907	-47.027	37.49	11
N	-48.055	-46.583	36.998	12
CA	-48.931	-47.302	36.045	12
C	-48.663	-47.016	34.595	12
N	-47.764	-46.077	34.35	13
CA	-47.447	-45.645	32.915	13
C	-45.91	-45.373	32.768	13
N	-45.114	-45.69	33.768	14
CA	-43.692	-45.253	33.766	14
C	-42.79	-46.13	32.976	14
N	-41.47	-45.885	32.999	15
CA	-40.457	-46.607	32.242	15
C	-40.546	-48.129	32.114	15
N	-40.81	-48.813	33.254	16
CA	-40.9	-50.286	33.233	16
C	-42.097	-50.746	32.412	16
N	-43.082	-49.895	32.132	17
CA	-44.209	-50.236	31.289	17
C	-44.072	-49.871	29.832	17
N	-43.041	-49.069	29.45	18
CA	-43.092	-48.515	28.113	18
C	-43.003	-49.63	27.006	18
N	-42.31	-50.711	27.373	19
CA	-42.117	-51.914	26.437	19
C	-43.508	-52.448	25.981	19
N	-44.541	-52.2	26.748	20
CA	-45.924	-52.638	26.387	20
C	-46.507	-51.915	25.197	20
N	-46.104	-50.704	24.986	21
CA	-46.593	-50.033	23.798	21
C	-45.454	-49.758	22.796	21
N	-44.215	-49.823	23.269	22
CA	-43.041	-49.375	22.461	22
C	-42.032	-50.45	22.653	22
N	-42.229	-51.512	21.871	23
CA	-41.373	-52.634	21.952	23
C	-39.865	-52.355	21.777	23
N	-39.557	-51.337	20.953	24
CA	-38.088	-50.961	20.862	24
C	-37.395	-50.596	22.279	24
N	-38.273	-50.456	23.3	25
CA	-37.727	-50.255	24.638	25
C	-36.635	-51.184	25.085	25
N	-36.71	-52.512	24.625	26
CA	-35.687	-53.498	24.993	26
C	-34.731	-53.773	23.834	26
N	-34.57	-52.776	22.938	27
CA	-33.662	-52.85	21.821	27
C	-32.182	-52.864	22.116	27
N	-31.42	-52.909	21.054	28
CA	-29.991	-52.981	21.172	28
C	-29.264	-51.674	21.189	28
N	-30.006	-50.548	20.92	29
CA	-29.308	-49.226	20.878	29
C	-30.127	-48.244	21.707	29
N	-30.495	-48.598	22.923	30
CA	-31.373	-47.746	23.787	30
C	-30.554	-46.828	24.628	30
N	-31.186	-45.697	24.993	31
CA	-30.521	-44.715	25.843	31
C	-31.47	-44.408	26.985	31
N	-30.948	-43.848	28.074	32
CA	-29.563	-43.498	28.333	32
C	-28.73	-44.756	28.708	32
N	-27.459	-44.559	29.017	33
CA	-26.546	-45.702	29.36	33
C	-25.756	-45.243	30.552	33
N	-25.069	-46.287	31.105	34
CA	-23.946	-46.036	32.015	34
C	-22.655	-45.953	31.227	34
N	-21.8	-44.987	31.558	35
CA	-20.484	-44.775	30.932	35
C	-19.432	-45.267	31.967	35
N	-18.704	-46.316	31.569	36
CA	-17.57	-46.878	32.343	36
C	-16.294	-46.267	31.726	36
N	-15.742	-45.232	32.323	37
CA	-14.672	-44.466	31.696	37
C	-13.444	-45.351	31.483	37
N	-13.192	-46.354	32.342	38
CA	-11.966	-47.145	32.172	38
C	-12.023	-47.87	30.838	38
N	-13.234	-48.082	30.336	39
CA	-13.445	-48.725	29.068	39
C	-13.597	-47.887	27.818	39
N	-13.522	-46.57	27.963	40
CA	-13.8	-45.672	26.833	40
C	-12.473	-45.359	26.15	40
N	-12.446	-45.331	24.82	41
CA	-11.224	-44.945	24.126	41
C	-11.317	-43.556	23.572	41
N	-10.303	-42.728	23.825	42
CA	-10.141	-41.451	23.109	42
C	-10.069	-41.802	21.609	42
N	-10.806	-41.053	20.812	43
CA	-10.797	-41.096	19.364	43
C	-10.273	-39.809	18.737	43
N	-9.028	-39.845	18.233	44
CA	-8.44	-38.66	17.596	44
C	-9.059	-38.25	16.285	44
N	-9.901	-39.111	15.685	45
CA	-10.578	-38.76	14.455	45
C	-11.771	-37.808	14.675	45
N	-12.216	-37.656	15.905	46
CA	-13.351	-36.77	16.149	46
C	-12.955	-35.323	15.825	46
N	-13.761	-34.56	15.093	47
CA	-13.366	-33.194	14.768	47
C	-13.763	-32.214	15.842	47
N	-13.2	-31.014	15.882	48
CA	-13.678	-30.115	16.893	48
C	-15.2	-29.981	16.824	48
N	-15.825	-29.82	17.999	49
CA	-17.279	-29.445	17.99	49
C	-17.503	-28.026	17.653	49
N	-18.552	-27.741	16.918	50
CA	-18.843	-26.423	16.458	50
C	-20.275	-26.151	16.884	50
N	-20.45	-25.125	17.724	51
CA	-21.802	-24.806	18.134	51
C	-22.12	-23.332	17.791	51
N	-22.988	-23.13	16.804	52
CA	-23.401	-21.805	16.402	52
C	-24.816	-21.677	16.789	52
N	-25.105	-20.84	17.785	53
CA	-26.495	-20.633	18.257	53
C	-26.861	-19.172	18.334	53
N	-28.014	-18.911	17.758	54
CA	-28.618	-17.57	17.668	54
C	-29.787	-17.461	18.628	54
N	-29.701	-16.617	19.618	55
CA	-30.803	-16.494	20.576	55
C	-32.182	-16.198	19.992	55
N	-32.28	-15.537	18.839	56
CA	-33.574	-15.344	18.174	56
C	-34.123	-16.6	17.516	56
N	-33.336	-17.679	17.542	57
CA	-33.844	-18.94	17.007	57
C	-34.943	-19.546	17.918	57
N	-34.958	-19.195	19.217	58
CA	-35.932	-19.729	20.201	58
C	-37.285	-19.051	19.919	58
N	-38.344	-19.806	19.996	59
CA	-39.695	-19.263	19.764	59
C	-40.662	-19.389	20.924	59
N	-40.872	-20.599	21.469	60
CA	-41.902	-20.821	22.499	60
C	-41.381	-21.807	23.542	60
N	-41.878	-21.668	24.757	61
CA	-41.663	-22.711	25.804	61
C	-43.029	-23.303	26.127	61
N	-43.105	-24.586	26.309	62
CA	-44.34	-25.208	26.651	62
C	-44.192	-26.313	27.624	62
N	-45.299	-26.733	28.262	63
CA	-45.299	-27.906	29.119	63
C	-45.885	-29.076	28.304	63
N	-45.112	-30.044	27.931	64
CA	-45.602	-31.186	27.126	64
C	-46.227	-32.228	28.024	64
N	-46.198	-32.004	29.346	65
CA	-46.646	-33.079	30.286	65
C	-45.519	-33.985	30.76	65
N	-44.374	-33.941	30.057	66
CA	-43.251	-34.809	30.337	66
C	-42.003	-34.039	30.636	66
N	-41.98	-32.738	30.348	67
CA	-40.921	-31.812	30.674	67
C	-41.383	-30.414	30.197	67
N	-40.553	-29.402	30.319	68
CA	-40.77	-28.179	29.528	68
C	-40.024	-28.463	28.264	68
N	-40.512	-27.792	27.218	69
CA	-39.789	-27.819	25.895	69
C	-39.654	-26.416	25.357	69
N	-38.426	-25.974	25.146	70
CA	-38.12	-24.746	24.34	70
C	-37.976	-25.131	22.906	70
N	-38.81	-24.572	22.046	71
CA	-38.787	-25.003	20.587	71
C	-38.185	-23.864	19.784	71
N	-37.416	-24.297	18.795	72
CA	-36.656	-23.338	17.924	72
C	-37.12	-23.473	16.509	72
N	-37.009	-22.358	15.804	73
CA	-37.282	-22.378	14.368	73
C	-36.8	-23.698	13.575	73
N	-37.675	-24.277	12.739	74
CA	-37.592	-25.552	12.047	74
C	-36.907	-25.47	10.674	74
N	-36.783	-24.291	10.067	75
CA	-36.316	-24.154	8.655	75
C	-35.131	-23.232	8.371	75
N	-34.349	-22.765	9.322	76
CA	-33.247	-21.985	9.14	76
C	-31.951	-22.6	9.695	76
N	-30.791	-22.263	9.194	77
CA	-29.503	-22.713	9.738	77
C	-28.749	-21.693	10.589	77
N	-29.538	-20.854	11.279	78
CA	-28.975	-19.87	12.218	78
C	-28.38	-20.518	13.502	78
N	-28.98	-21.681	13.889	79
CA	-28.539	-22.414	15.11	79
C	-28.291	-23.831	14.707	79
N	-27.038	-24.229	14.674	80
CA	-26.629	-25.573	14.159	80
C	-25.426	-26.11	14.962	80
N	-25.413	-27.457	15.004	81
CA	-24.341	-28.23	15.64	81
C	-23.638	-28.977	14.531	81
N	-22.295	-28.806	14.533	82
CA	-21.448	-29.502	13.549	82
C	-20.234	-30.033	14.201	82
N	-19.476	-30.863	13.486	83
CA	-18.255	-31.319	14.049	83
C	-18.455	-32.446	14.993	83
N	-17.449	-32.627	15.863	84
CA	-17.47	-33.861	16.68	84
C	-17.56	-35.162	15.868	84
N	-18.513	-36.025	16.222	85
CA	-18.767	-37.28	15.514	85
C	-19.664	-37.075	14.262	85
N	-20.182	-35.855	14.021	86
CA	-21.261	-35.719	13.075	86
C	-20.769	-35.478	11.625	86
N	-21.534	-36.051	10.729	87
CA	-21.351	-35.651	9.306	87
C	-22.443	-34.631	8.864	87
N	-22.066	-33.426	8.459	88
CA	-23.046	-32.42	8.034	88
C	-23.601	-31.577	9.175	88
N	-24.691	-30.928	8.927	89
CA	-25.129	-29.861	9.809	89
C	-26.475	-30.338	10.429	89
N	-26.482	-30.245	11.78	90
CA	-27.696	-30.665	12.539	90
C	-28.315	-29.464	13.147	90
N	-29.565	-29.232	12.791	91
CA	-30.281	-28.036	13.128	91
C	-30.868	-28.106	14.525	91
N	-30.705	-27.061	15.324	92
CA	-31.295	-27.072	16.68	92
C	-32.788	-27.077	16.629	92
N	-33.424	-27.874	17.463	93
CA	-34.867	-27.968	17.412	93
C	-35.556	-27.822	18.76	93
N	-34.945	-28.305	19.856	94
CA	-35.604	-28.153	21.147	94
C	-34.583	-28.354	22.253	94
N	-34.988	-27.831	23.351	95
CA	-34.244	-28.058	24.656	95
C	-35.255	-28.481	25.711	95
N	-34.888	-29.492	26.536	96
CA	-35.76	-29.885	27.665	96
C	-34.816	-30.404	28.718	96
N	-35.476	-30.831	29.844	97
CA	-34.717	-31.215	31.053	97
C	-35.371	-32.442	31.721	97
N	-34.484	-33.24	32.334	98
CA	-34.91	-34.427	33.105	98
C	-34.401	-34.237	34.556	98
N	-35.217	-34.681	35.516	99
CA	-34.849	-34.565	36.97	99
C	-35.506	-35.729	37.61	99
N	-35.182	-35.872	38.909	100
CA	-35.775	-36.919	39.778	100
C	-36.513	-36.256	40.901	100
N	-37.16	-37.093	41.771	101
CA	-37.977	-36.555	42.885	101
C	-37.111	-36.064	44.023	101
N	-35.863	-36.35	44.056	102
CA	-34.93	-35.73	45.021	102
C	-33.621	-35.381	44.368	102
N	-32.862	-34.503	45.027	103
CA	-31.618	-33.997	44.371	103
C	-30.519	-34.957	44.14	103
N	-30.541	-36.099	44.816	104
CA	-29.422	-37.026	44.74	104
C	-29.348	-37.861	43.485	104
N	-30.413	-37.876	42.69	105
CA	-30.313	-38.62	41.426	105
C	-31.443	-38.044	40.566	105
N	-31.273	-38.197	39.267	106
CA	-32.225	-37.614	38.354	106
C	-31.654	-37.595	36.965	106
N	-30.334	-37.488	36.85	107
CA	-29.792	-37.558	35.488	107
C	-30.177	-38.879	34.819	107
N	-30.131	-38.854	33.462	108
CA	-30.407	-40.077	32.655	108
C	-29.17	-40.862	32.493	108
N	-28.121	-40.28	31.926	109
CA	-26.805	-40.951	31.873	109
C	-26.184	-40.938	33.273	109
N	-25.393	-42.004	33.503	110
CA	-24.712	-42.15	34.84	110
C	-23.287	-42.529	34.506	110
N	-22.36	-41.797	35.119	111
CA	-20.909	-41.912	34.795	111
C	-20.113	-42.561	35.917	111
N	-19.631	-43.782	35.69	112
CA	-18.862	-44.538	36.779	112
C	-19.747	-44.507	38.054	112
N	-21.062	-44.733	37.902	113
CA	-21.958	-44.894	39.009	113
C	-22.396	-43.577	39.622	113
N	-21.916	-42.413	39.116	114
CA	-22.304	-41.089	39.631	114
C	-23.57	-40.512	38.929	114
N	-24.653	-40.255	39.661	115
CA	-25.836	-39.561	39.11	115
C	-25.7	-38.109	39.507	115
N	-26.26	-37.325	38.64	116
CA	-26.35	-35.848	38.887	116
C	-27.784	-35.526	39.178	116
N	-28.132	-34.348	39.642	117
CA	-29.473	-33.998	39.968	117
C	-30.401	-33.933	38.766	117
N	-29.847	-33.54	37.63	118
CA	-30.748	-33.321	36.404	118
C	-29.808	-33.421	35.201	118
N	-30.507	-33.415	34.047	119
CA	-29.756	-33.536	32.749	119
C	-30.553	-32.717	31.693	119
N	-29.851	-31.779	31.049	120
CA	-30.434	-30.99	29.93	120
C	-30.099	-31.705	28.628	120
N	-31.12	-31.735	27.773	121
CA	-30.955	-32.256	26.406	121
C	-31.212	-31.219	25.343	121
N	-30.275	-31.158	24.414	122
CA	-30.349	-30.167	23.302	122
C	-30.45	-31.0	22.034	122
N	-31.658	-30.993	21.454	123
CA	-32.02	-31.907	20.346	123
C	-31.83	-31.211	18.989	123
N	-31.104	-31.886	18.098	124
CA	-30.837	-31.346	16.772	124
C	-31.178	-32.438	15.796	124
N	-31.377	-32.034	14.505	125
CA	-31.691	-33.032	13.468	125
C	-30.994	-32.722	12.111	125
N	-30.789	-33.805	11.344	126
CA	-29.962	-33.695	10.14	126
C	-30.784	-33.15	8.926	126
N	-30.701	-31.86	8.781	127
CA	-31.457	-31.131	7.692	127
C	-30.604	-31.213	6.435	127
N	-29.39	-31.724	6.441	128
CA	-28.64	-31.87	5.165	128
C	-29.226	-33.078	4.484	128
N	-29.91	-33.987	5.129	129
CA	-30.429	-35.233	4.51	129
C	-31.896	-35.367	4.536	129
N	-32.578	-34.864	5.571	130
CA	-33.958	-35.198	5.804	130
C	-34.832	-33.95	5.741	130
N	-36.099	-34.122	5.424	131
CA	-36.955	-32.966	5.172	131
C	-37.531	-32.338	6.381	131
N	-37.547	-33.048	7.545	132
CA	-38.178	-32.494	8.715	132
C	-37.589	-33.289	9.893	132
N	-37.806	-32.675	11.055	133
CA	-37.411	-33.349	12.304	133
C	-38.097	-34.698	12.423	133
N	-39.399	-34.73	12.13	134
CA	-40.112	-35.893	12.323	134
C	-39.638	-37.054	11.448	134
N	-39.279	-36.677	10.209	135
CA	-38.691	-37.682	9.365	135
C	-37.342	-38.163	9.887	135
N	-36.412	-37.262	10.242	136
CA	-35.06	-37.522	10.726	136
C	-35.079	-38.415	12.026	136
N	-36.116	-38.29	12.804	137
CA	-36.184	-39.111	14.023	137
C	-36.341	-40.567	13.731	137
N	-36.578	-41.017	12.472	138
CA	-36.731	-42.412	12.141	138
C	-35.539	-42.863	11.354	138
N	-34.402	-42.131	11.393	139
CA	-33.233	-42.552	10.624	139
C	-31.997	-42.703	11.53	139
N	-31.114	-43.652	11.343	140
CA	-30.007	-43.781	12.308	140
C	-29.142	-42.578	12.482	140
N	-28.876	-41.845	11.404	141
CA	-28.045	-40.655	11.445	141
C	-28.996	-39.414	11.546	141
N	-30.235	-39.59	11.985	142
CA	-31.15	-38.471	11.895	142
C	-30.956	-37.361	12.949	142
N	-30.681	-37.779	14.228	143
CA	-30.761	-36.87	15.395	143
C	-29.384	-36.782	16.06	143
N	-29.108	-35.665	16.675	144
CA	-27.883	-35.467	17.522	144
C	-28.298	-34.765	18.746	144
N	-27.995	-35.319	19.934	145
CA	-28.469	-34.707	21.233	145
C	-27.239	-34.397	22.039	145
N	-27.112	-33.177	22.519	146
CA	-26.147	-32.819	23.542	146
C	-26.779	-33.063	24.879	146
N	-26.084	-33.766	25.754	147
CA	-26.474	-33.961	27.161	147
C	-25.594	-33.149	28.075	147
N	-26.168	-32.416	28.996	148
CA	-25.373	-31.621	29.982	148
C	-25.922	-31.994	31.327	148
N	-24.982	-32.417	32.21	149
CA	-25.35	-32.696	33.591	149
C	-25.537	-31.475	34.427	149
N	-26.489	-31.535	35.334	150
CA	-26.631	-30.456	36.342	150
C	-26.387	-31.06	37.725	150
N	-25.447	-30.431	38.431	151
CA	-25.108	-30.818	39.808	151
C	-25.611	-29.787	40.79	151
N	-26.05	-30.248	41.956	152
CA	-26.447	-29.228	42.982	152
C	-25.274	-28.361	43.356	152
N	-25.474	-27.057	43.252	153
CA	-24.319	-26.085	43.5	153
C	-24.989	-24.717	43.705	153
N	-24.208	-23.698	43.716	154
CA	-24.876	-22.398	43.944	154
C	-25.716	-22.075	42.686	154
N	-26.755	-21.232	42.821	155
CA	-27.765	-21.027	41.751	155
C	-27.119	-20.565	40.475	155
N	-27.772	-20.984	39.419	156
CA	-27.294	-20.72	38.082	156
C	-28.187	-19.613	37.447	156
N	-27.588	-18.411	37.304	157
CA	-28.367	-17.302	36.713	157
C	-28.814	-17.531	35.303	157
N	-28.186	-18.496	34.608	158
CA	-28.655	-18.79	33.226	158
C	-29.902	-19.585	33.109	158
N	-30.414	-20.095	34.22	159
CA	-31.724	-20.697	34.226	159
C	-32.862	-19.714	34.462	159
N	-32.594	-18.427	34.771	160
CA	-33.696	-17.519	35.109	160
C	-34.767	-17.382	34.022	160
N	-34.324	-17.275	32.796	161
CA	-35.4	-17.063	31.758	161
C	-36.377	-18.244	31.689	161
N	-35.837	-19.448	31.874	162
CA	-36.705	-20.595	32.002	162
C	-37.595	-20.59	33.26	162
N	-36.94	-20.492	34.423	163
CA	-37.691	-20.614	35.68	163
C	-38.747	-19.536	35.818	163
N	-38.516	-18.317	35.264	164
CA	-39.547	-17.194	35.319	164
C	-40.835	-17.6	34.593	164
N	-40.772	-18.578	33.66	165
CA	-41.92	-18.899	32.878	165
C	-42.745	-20.022	33.409	165
N	-42.243	-20.745	34.437	166
CA	-42.853	-22.01	34.852	166
C	-44.282	-21.878	35.372	166
N	-44.557	-20.794	36.111	167
CA	-45.969	-20.589	36.542	167
C	-46.922	-20.49	35.351	167
N	-46.493	-19.806	34.276	168
CA	-47.323	-19.682	33.101	168
C	-47.554	-20.962	32.351	168
N	-46.704	-21.977	32.547	169
CA	-46.875	-23.242	31.848	169
C	-47.097	-24.361	32.828	169
N	-47.718	-24.037	34.023	170
CA	-47.946	-25.091	34.965	170
C	-48.688	-26.309	34.445	170
N	-49.757	-26.11	33.651	171
CA	-50.584	-27.238	33.193	171
C	-50.076	-27.758	31.859	171
N	-50.177	-29.06	31.679	172
CA	-49.898	-29.64	30.363	172
C	-50.626	-28.917	29.254	172
N	-49.905	-28.674	28.172	173
CA	-50.417	-27.971	26.979	173
C	-50.245	-26.508	26.978	173
N	-49.922	-25.876	28.08	174
CA	-49.731	-24.455	28.061	174
C	-48.429	-24.074	27.399	174
N	-48.425	-22.952	26.72	175
CA	-47.219	-22.404	26.09	175
C	-47.129	-20.912	26.247	175
N	-45.947	-20.378	26.087	176
CA	-45.773	-18.963	26.134	176
C	-44.645	-18.615	25.185	176
N	-44.612	-17.365	24.791	177
CA	-43.595	-16.817	23.971	177
C	-42.279	-16.991	24.696	177
N	-41.22	-17.294	23.916	178
CA	-39.863	-17.49	24.515	178
C	-38.816	-17.32	23.464	178
N	-38.311	-16.11	23.353	179
CA	-37.267	-15.838	22.366	179
C	-36.123	-15.083	23.017	179
N	-35.096	-14.839	22.202	180
CA	-33.914	-14.193	22.729	180
C	-33.387	-14.955	23.941	180
N	-33.164	-16.259	23.729	181
CA	-32.696	-17.18	24.785	181
C	-31.208	-17.489	24.549	181
N	-30.391	-17.217	25.548	182
CA	-28.946	-17.547	25.429	182
C	-28.652	-18.995	25.886	182
N	-28.859	-19.918	24.952	183
CA	-28.576	-21.353	25.227	183
C	-27.108	-21.612	25.387	183
N	-26.247	-20.897	24.664	184
CA	-24.863	-21.195	24.638	184
C	-24.312	-21.028	26.018	184
N	-24.787	-20.018	26.808	185
CA	-24.282	-19.79	28.18	185
C	-24.822	-20.775	29.232	185
N	-25.701	-21.692	28.824	186
CA	-26.106	-22.756	29.713	186
C	-25.139	-23.862	29.642	186
N	-24.288	-24.043	28.615	187
CA	-23.268	-25.009	28.481	187
C	-22.066	-24.737	29.375	187
N	-21.434	-25.827	29.901	188
CA	-20.252	-25.64	30.731	188
C	-19.084	-25.059	29.945	188
N	-18.031	-24.615	30.65	189
CA	-16.838	-24.011	29.921	189
C	-16.145	-25.081	29.093	189
N	-15.927	-26.311	29.609	190
CA	-15.33	-27.332	28.751	190
C	-16.421	-28.15	28.018	190
N	-16.19	-28.401	26.746	191
CA	-17.116	-29.172	25.926	191
C	-16.566	-30.564	25.658	191
N	-15.612	-31.019	26.489	192
CA	-15.199	-32.436	26.334	192
C	-16.407	-33.384	26.52	192
N	-16.44	-34.436	25.719	193
CA	-17.62	-35.314	25.717	193
C	-17.362	-36.763	25.417	193
N	-18.389	-37.566	25.733	194
CA	-18.456	-38.903	25.276	194
C	-19.495	-39.06	24.162	194
N	-19.347	-40.018	23.264	195
CA	-20.327	-40.143	22.219	195
C	-20.598	-41.55	21.905	195
N	-21.817	-41.951	21.58	196
CA	-22.218	-43.307	21.312	196
C	-23.525	-43.282	20.558	196
N	-23.912	-44.335	19.855	197
CA	-25.206	-44.389	19.079	197
C	-26.272	-44.868	19.991	197
N	-27.404	-44.147	20.05	198
CA	-28.466	-44.565	20.895	198
C	-29.809	-44.093	20.433	198
N	-30.665	-43.73	21.391	199
CA	-32.095	-43.616	21.084	199
C	-32.682	-42.369	21.776	199
N	-33.926	-42.02	21.434	200
CA	-34.73	-41.146	22.306	200
C	-34.832	-41.851	23.651	200
N	-34.879	-41.028	24.703	201
CA	-35.079	-41.601	26.066	201
C	-36.518	-41.555	26.471	201
N	-37.443	-41.148	25.595	202
CA	-38.864	-41.182	25.839	202
C	-39.514	-41.916	24.715	202
N	-40.674	-42.502	24.929	203
CA	-41.485	-42.99	23.759	203
C	-41.55	-41.902	22.69	203
N	-41.306	-42.294	21.401	204
CA	-41.242	-43.655	20.885	204
C	-39.894	-44.35	20.928	204
N	-38.9	-43.796	21.636	205
CA	-37.697	-44.509	21.861	205
C	-36.911	-44.94	20.611	205
N	-37.098	-44.108	19.588	206
CA	-36.441	-44.446	18.263	206
C	-34.953	-44.429	18.383	206
N	-34.31	-45.383	17.689	207
CA	-32.858	-45.561	17.657	207
C	-32.259	-44.725	16.543	207
N	-32.308	-43.425	16.711	208
CA	-31.914	-42.44	15.685	208
C	-30.983	-41.353	16.197	208
N	-30.412	-41.583	17.436	209
CA	-29.616	-40.501	18.069	209
C	-28.153	-40.735	18.142	209
N	-27.386	-39.783	17.703	210
CA	-25.942	-39.741	18.063	210
C	-25.847	-38.894	19.293	210
N	-25.511	-39.533	20.431	211
CA	-25.426	-38.835	21.739	211
C	-24.105	-38.213	21.925	211
N	-24.078	-37.015	22.423	212
CA	-22.882	-36.262	22.805	212
C	-23.024	-35.746	24.18	212
N	-22.459	-36.544	25.141	213
CA	-22.697	-36.272	26.553	213
C	-21.482	-35.535	27.08	213
N	-21.708	-34.3	27.561	214
CA	-20.562	-33.486	28.074	214
C	-20.128	-33.96	29.459	214
N	-18.82	-33.988	29.655	215
CA	-18.285	-34.448	30.963	215
C	-18.52	-33.474	32.108	215
N	-18.366	-32.146	31.835	216
CA	-18.395	-31.178	32.902	216
C	-19.819	-30.773	33.245	216
N	-20.304	-30.921	34.45	217
CA	-21.63	-30.463	34.812	217
C	-21.73	-28.958	34.92	217
N	-22.942	-28.445	34.88	218
CA	-23.228	-27.065	35.266	218
C	-23.935	-27.105	36.622	218
N	-24.108	-26.002	37.316	219
CA	-24.737	-25.954	38.624	219
C	-26.19	-25.729	38.53	219
N	-26.95	-26.137	39.495	220
CA	-28.321	-25.694	39.769	220
C	-28.506	-25.72	41.309	220
N	-29.232	-24.755	41.842	221
CA	-29.504	-24.917	43.286	221
C	-30.676	-25.817	43.561	221
N	-30.689	-26.315	44.789	222
CA	-31.81	-27.037	45.18	222
C	-33.126	-26.333	44.972	222
N	-33.293	-25.01	45.357	223
CA	-34.461	-24.239	45.194	223
C	-34.869	-24.096	43.701	223
N	-33.847	-23.903	42.852	224
CA	-34.228	-23.81	41.383	224
C	-34.786	-25.128	40.889	224
N	-34.126	-26.213	41.281	225
CA	-34.554	-27.515	40.731	225
C	-35.96	-27.851	41.189	225
N	-36.323	-27.544	42.453	226
CA	-37.615	-27.807	42.967	226
C	-38.757	-27.145	42.182	226
N	-38.528	-25.998	41.557	227
CA	-39.539	-25.345	40.755	227
C	-39.963	-26.193	39.598	227
N	-39.039	-26.996	39.037	228
CA	-39.439	-27.846	37.863	228
C	-40.437	-28.906	38.298	228
N	-40.288	-29.401	39.581	229
CA	-41.193	-30.447	40.109	229
C	-42.576	-29.939	40.375	229
N	-42.802	-28.618	40.326	230
CA	-44.117	-28.01	40.424	230
C	-44.93	-28.005	39.131	230
N	-44.274	-28.306	37.996	231
CA	-45.042	-28.514	36.799	231
C	-45.973	-29.679	36.924	231
N	-47.13	-29.66	36.226	232
CA	-48.053	-30.783	36.174	232
C	-47.854	-31.677	34.984	232
N	-48.156	-32.934	35.096	233
CA	-48.215	-33.869	33.943	233
C	-49.682	-33.944	33.478	233
N	-50.552	-33.147	34.061	234
CA	-51.975	-33.149	33.719	234
C	-52.36	-31.755	33.145	234
N	-53.457	-31.78	32.35	235
CA	-53.996	-30.604	31.701	235
C	-54.978	-29.84	32.596	235
N	-55.26	-28.587	32.267	236
CA	-56.282	-27.803	32.992	236
C	-57.623	-28.592	33.11	236
N	-58.244	-28.517	34.294	237
CA	-59.564	-29.113	34.548	237
C	-59.513	-30.608	34.839	237
N	-58.297	-31.159	34.911	238
CA	-58.012	-32.606	35.069	238
C	-57.439	-32.671	36.51	238
N	-57.641	-33.773	37.252	239
CA	-57.183	-33.796	38.675	239
C	-55.639	-33.732	38.566	239
N	-55.061	-32.844	39.366	240
CA	-53.661	-32.53	39.207	240
C	-52.749	-33.684	39.633	240
N	-51.636	-33.857	38.914	241
CA	-50.6	-34.771	39.285	241
C	-49.337	-34.004	38.89	241
N	-48.323	-34.035	39.708	242
CA	-47.089	-33.311	39.554	242
C	-46.01	-34.113	38.864	242
N	-45.229	-33.414	38.01	243
CA	-44.09	-34.049	37.296	243
C	-42.858	-33.971	38.216	243
N	-42.904	-34.792	39.272	244
CA	-41.8	-34.72	40.253	244
C	-40.557	-35.435	39.802	244
N	-40.721	-36.384	38.828	245
CA	-39.646	-37.107	38.311	245
C	-39.92	-37.421	36.82	245
N	-38.843	-37.365	36.015	246
CA	-39.084	-37.637	34.52	246
C	-37.821	-38.124	33.897	246
N	-37.149	-39.044	34.48	247
CA	-35.945	-39.628	33.953	247
C	-36.051	-41.07	33.747	247
N	-35.508	-41.571	32.65	248
CA	-35.485	-43.073	32.344	248
C	-34.125	-43.618	32.869	248
N	-34.146	-44.835	33.512	249
CA	-32.897	-45.441	33.951	249
C	-32.029	-45.828	32.766	249
N	-30.738	-45.93	32.958	250
CA	-29.85	-46.467	31.911	250
C	-30.255	-47.835	31.453	250
N	-29.977	-48.097	30.221	251
CA	-30.318	-49.37	29.562	251
C	-28.93	-49.956	29.216	251
N	-28.902	-51.31	28.961	252
CA	-27.59	-51.948	28.708	252
C	-26.945	-51.602	27.376	252
N	-25.623	-51.588	27.33	253
CA	-24.928	-51.208	26.169	253
C	-25.075	-52.178	24.992	253
N	-25.13	-53.457	25.4	254
CA	-25.35	-54.607	24.543	254
C	-24.458	-54.619	23.33	254
N	-23.178	-54.325	23.56	255
CA	-22.055	-54.419	22.633	255
C	-21.595	-53.134	22.001	255
N	-22.374	-52.017	22.194	256
CA	-21.841	-50.721	21.757	256
C	-20.651	-50.206	22.543	256
N	-19.815	-49.432	21.908	257
CA	-18.717	-48.869	22.662	257
C	-18.97	-47.351	22.648	257
N	-18.458	-46.758	23.691	258
CA	-18.528	-45.317	23.899	258
C	-17.177	-44.696	23.595	258
N	-17.089	-43.598	22.875	259
CA	-15.781	-42.953	22.503	259
C	-15.649	-41.66	23.242	259
N	-14.456	-41.183	23.558	260
CA	-14.174	-39.916	24.284	260
C	-13.546	-38.897	23.325	260
N	-13.873	-37.611	23.465	261
CA	-13.264	-36.569	22.65	261
C	-11.9	-36.093	23.228	261
N	-11.513	-36.614	24.402	262
CA	-10.462	-36.035	25.194	262
C	-9.61	-37.184	25.75	262
N	-8.349	-36.845	26.096	263
CA	-7.332	-37.802	26.622	263
C	-7.378	-37.95	28.096	263
