ATOM	X	Y	Z	RESIDUE
N	14.474	20.296	31.444	1
CA	14.356	20.854	32.807	1
C	14.441	22.371	33.318	1
N	15.419	23.3	33.599	2
CA	15.448	24.729	33.921	2
C	15.46	25.593	32.705	2
N	15.739	26.905	33.141	3
CA	17.167	27.121	33.246	3
C	17.757	27.685	31.966	3
N	17.49	28.962	31.662	4
CA	18.165	29.585	30.501	4
C	18.21	31.12	30.545	4
N	19.316	31.667	30.058	5
CA	19.512	33.109	29.944	5
C	18.623	33.687	28.852	5
N	18.578	35.024	28.747	6
CA	17.694	35.69	27.802	6
C	18.075	35.428	26.348	6
N	17.032	35.188	25.557	7
CA	17.073	35.005	24.108	7
C	16.107	35.982	23.459	7
N	16.576	36.708	22.444	8
CA	15.689	37.627	21.765	8
C	14.658	36.899	20.925	8
N	13.387	37.18	21.185	9
CA	12.266	36.701	20.385	9
C	11.851	37.779	19.377	9
N	11.974	39.022	19.826	10
CA	11.665	40.148	18.963	10
C	12.571	41.279	19.376	10
N	13.73	41.333	18.735	11
CA	14.724	42.372	19.006	11
C	14.291	43.687	18.369	11
N	14.531	44.827	19.043	12
CA	14.128	46.12	18.472	12
C	14.478	46.261	16.987	12
N	13.496	46.625	16.174	13
CA	13.73	46.918	14.762	13
C	13.463	48.383	14.486	13
N	14.104	48.93	13.452	14
CA	13.787	50.29	12.98	14
C	12.28	50.502	12.767	14
N	11.767	51.63	13.262	15
CA	10.353	51.949	13.094	15
C	10.195	53.268	12.35	15
N	9.399	53.229	11.295	16
CA	9.042	54.436	10.587	16
C	7.608	54.759	10.977	16
N	7.434	55.889	11.635	17
CA	6.12	56.358	11.999	17
C	5.81	57.556	11.104	17
N	4.677	57.51	10.385	18
CA	4.172	58.649	9.607	18
C	3.569	59.684	10.551	18
N	4.097	60.905	10.588	19
CA	3.658	61.885	11.592	19
C	2.152	62.172	11.524	19
N	1.612	62.203	10.313	20
CA	0.19	62.455	10.148	20
C	-0.556	61.139	10.068	20
N	-0.163	60.208	10.926	21
CA	-0.833	58.926	11.026	21
C	-2.132	59.13	11.779	21
N	-2.764	58.029	12.157	22
CA	-3.979	58.1	12.943	22
C	-3.775	57.403	14.28	22
N	-2.659	56.693	14.413	23
CA	-2.319	56.048	15.677	23
C	-1.607	57.002	16.608	23
N	-2.176	57.199	17.789	24
CA	-1.551	58.049	18.788	24
C	-0.422	57.287	19.46	24
N	0.033	56.215	18.823	25
CA	1.013	55.353	19.467	25
C	1.955	54.653	18.503	25
N	3.188	54.492	18.954	26
CA	4.159	53.703	18.235	26
C	4.691	52.629	19.168	26
N	5.157	51.526	18.589	27
CA	5.693	50.419	19.375	27
C	7.139	50.131	19.019	27
N	7.972	50.0	20.055	28
CA	9.342	49.509	19.911	28
C	9.446	48.14	20.59	28
N	9.778	47.124	19.795	29
CA	9.739	45.752	20.276	29
C	10.968	45.414	21.086	29
N	10.764	44.643	22.154	30
CA	11.849	43.99	22.859	30
C	11.259	42.812	23.586	30
N	10.964	41.775	22.831	31
CA	10.396	40.589	23.457	31
C	11.517	39.578	23.625	31
N	11.651	39.054	24.833	32
CA	12.779	38.211	25.182	32
C	12.283	37.015	25.963	32
N	12.913	35.871	25.761	33
CA	12.493	34.68	26.485	33
C	13.651	34.143	27.312	33
N	13.379	33.881	28.583	34
CA	14.318	33.192	29.445	34
C	13.567	32.479	30.571	34
N	14.245	31.58	31.27	35
CA	13.759	31.015	32.538	35
C	14.852	31.151	33.586	35
N	14.689	32.094	34.524	36
CA	13.478	32.908	34.725	36
C	13.256	34.0	33.69	36
N	12.016	34.469	33.643	37
CA	11.617	35.552	32.799	37
C	12.487	36.772	33.075	37
N	13.095	37.315	32.011	38
CA	14.038	38.434	32.081	38
C	13.34	39.765	32.406	38
N	14.062	40.69	33.022	39
CA	13.542	42.037	33.129	39
C	14.246	42.871	32.087	39
N	13.56	43.893	31.614	40
CA	13.975	44.622	30.453	40
C	14.035	46.131	30.699	40
N	15.087	46.757	30.207	41
CA	15.138	48.19	30.254	41
C	15.44	48.793	28.892	41
N	15.072	50.062	28.742	42
CA	15.182	50.763	27.482	42
C	16.151	51.944	27.576	42
N	16.925	52.136	26.508	43
CA	17.757	53.335	26.331	43
C	17.337	54.192	25.132	43
N	17.532	55.498	25.231	44
CA	17.297	56.364	24.077	44
C	18.414	57.393	24.01	44
N	19.103	57.441	22.88	45
CA	20.289	58.269	22.728	45
C	21.244	58.083	23.897	45
N	21.39	56.843	24.336	46
CA	22.377	56.518	25.346	46
C	22.013	56.834	26.784	46
N	20.785	57.281	27.023	47
CA	20.323	57.526	28.385	47
C	19.107	56.655	28.619	47
N	18.82	56.358	29.87	48
CA	17.724	55.449	30.172	48
C	16.359	56.079	30.098	48
N	15.43	55.276	29.596	49
CA	14.044	55.671	29.479	49
C	13.384	55.412	30.819	49
N	13.151	56.479	31.544	50
CA	12.51	56.385	32.836	50
C	11.004	56.422	32.602	50
N	10.383	55.251	32.58	51
CA	8.956	55.161	32.29	51
C	8.093	56.053	33.17	51
N	6.955	55.546	32.641	52
CA	5.918	54.709	33.314	52
C	4.976	55.749	33.869	52
N	5.923	56.398	33.234	53
CA	6.438	57.358	34.084	53
C	4.987	57.215	34.026	53
N	4.61	57.23	35.289	54
CA	4.035	58.429	35.018	54
C	2.736	58.095	34.39	54
N	2.529	59.163	33.667	55
CA	2.72	59.39	32.259	55
C	3.868	58.829	31.421	55
N	4.113	59.178	30.04	56
CA	3.3	58.626	28.949	56
C	3.926	57.404	28.248	56
N	5.069	56.964	28.754	57
CA	5.674	55.743	28.26	57
C	5.072	54.561	28.982	57
N	4.91	53.484	28.233	58
CA	4.367	52.237	28.723	58
C	5.345	51.121	28.351	58
N	5.338	50.013	29.091	59
CA	6.132	48.838	28.704	59
C	5.34	47.539	28.856	59
N	4.974	46.93	27.736	60
CA	4.188	45.709	27.773	60
C	4.961	44.527	27.204	60
N	5.144	43.487	28.014	61
CA	5.93	42.333	27.582	61
C	7.274	42.776	27.014	61
N	7.917	43.71	27.713	62
CA	9.208	44.224	27.3	62
C	9.169	45.296	26.224	62
N	8.057	45.404	25.502	63
CA	7.993	46.351	24.394	63
C	7.591	47.754	24.849	63
N	8.328	48.752	24.373	64
CA	8.106	50.14	24.729	64
C	6.967	50.734	23.897	64
N	5.904	51.152	24.581	65
CA	4.748	51.756	23.931	65
C	4.704	53.224	24.241	65
N	4.706	54.03	23.186	66
CA	4.617	55.482	23.341	66
C	3.259	56.013	22.897	66
N	2.506	56.578	23.83	67
CA	1.313	57.313	23.447	67
C	1.679	58.741	23.08	67
N	0.985	59.281	22.087	68
CA	1.24	60.636	21.63	68
C	2.686	60.816	21.214	68
N	3.151	60.017	20.248	69
CA	4.522	60.17	19.759	69
C	4.769	61.595	19.296	69
N	5.98	62.09	19.504	70
CA	6.303	63.478	19.181	70
C	7.74	63.561	18.693	70
N	7.912	63.871	17.414	71
CA	9.233	63.919	16.803	71
C	10.289	64.424	17.792	71
N	10.0	65.549	18.426	72
CA	10.971	66.203	19.292	72
C	11.482	65.366	20.467	72
N	10.569	64.795	21.24	73
CA	10.963	64.023	22.409	73
C	11.257	62.543	22.105	73
N	10.664	62.009	21.035	74
CA	10.679	60.562	20.795	74
C	11.615	60.088	19.678	74
N	11.842	60.909	18.658	75
CA	12.767	60.531	17.574	75
C	14.178	60.294	18.122	75
N	14.83	59.206	17.695	76
CA	16.185	58.905	18.136	76
C	16.564	57.436	18.037	76
N	17.686	57.065	18.662	77
CA	18.219	55.701	18.62	77
C	17.894	54.955	19.927	77
N	17.128	53.866	19.836	78
CA	16.728	53.095	21.017	78
C	17.518	51.802	21.119	78
N	17.532	51.223	22.311	79
CA	18.191	49.938	22.537	79
C	17.569	49.347	23.787	79
N	17.386	48.034	23.824	80
CA	16.943	47.426	25.056	80
C	18.016	46.487	25.597	80
N	17.89	46.181	26.888	81
CA	18.826	45.35	27.623	81
C	18.003	44.425	28.473	81
N	18.251	43.12	28.354	82
CA	17.446	42.114	29.03	82
C	18.323	41.354	29.986	82
N	17.805	41.101	31.18	83
CA	18.584	40.445	32.201	83
C	17.746	39.432	32.955	83
N	18.307	38.25	33.183	84
CA	17.806	37.367	34.229	84
C	18.946	36.791	35.058	84
N	18.666	35.804	35.902	85
CA	19.711	35.294	36.813	85
C	20.936	34.731	36.093	85
N	20.753	34.244	34.867	86
CA	21.882	33.724	34.085	86
C	22.706	34.769	33.328	86
N	22.209	35.998	33.28	87
CA	23.011	37.098	32.77	87
C	22.258	38.078	31.901	87
N	23.025	38.881	31.175	88
CA	22.495	40.031	30.464	88
C	22.906	40.092	28.992	88
N	21.962	40.45	28.121	89
CA	22.296	40.765	26.736	89
C	21.823	42.186	26.352	89
N	22.541	42.814	25.432	90
CA	22.132	44.084	24.826	90
C	21.623	43.913	23.39	90
N	20.573	44.642	23.026	91
CA	20.009	44.569	21.66	91
C	20.811	45.386	20.663	91
N	20.58	45.132	19.389	92
CA	21.038	46.055	18.357	92
C	20.338	47.376	18.618	92
N	20.877	48.464	18.061	93
CA	20.216	49.768	18.07	93
C	19.097	49.829	17.03	93
N	18.03	50.559	17.335	94
CA	16.945	50.716	16.383	94
C	16.556	52.182	16.352	94
N	16.427	52.746	15.156	95
CA	15.996	54.131	15.038	95
C	14.477	54.277	14.887	95
N	13.91	55.158	15.697	96
CA	12.53	55.551	15.563	96
C	12.526	56.842	14.776	96
N	11.853	56.831	13.64	97
CA	11.922	57.931	12.721	97
C	10.514	58.423	12.462	97
N	10.331	59.733	12.531	98
CA	9.059	60.306	12.157	98
C	9.198	60.796	10.726	98
N	8.451	60.188	9.807	99
CA	8.455	60.592	8.406	99
C	7.385	61.652	8.114	99
N	7.8	62.812	7.622	100
CA	6.829	63.867	7.376	100
C	7.257	64.804	6.256	100
N	6.323	65.61	5.776	101
CA	6.631	66.677	4.809	101
C	5.677	67.87	4.928	101
N	6.176	69.0	5.403	102
CA	5.306	70.162	5.588	102
C	4.898	70.871	4.282	102
N	3.903	71.739	4.366	103
CA	3.58	72.531	3.211	103
C	4.609	73.637	3.098	103
N	4.707	74.218	1.912	104
CA	5.543	75.382	1.735	104
C	4.861	76.505	2.524	104
N	5.634	77.277	3.28	105
CA	5.068	78.349	4.095	105
C	4.531	79.488	3.243	105
N	5.441	80.294	2.71	106
CA	5.027	81.459	1.925	106
C	4.25	80.995	0.703	106
N	3.122	81.642	0.44	107
CA	2.292	81.254	-0.683	107
C	2.511	82.156	-1.884	107
N	3.637	82.872	-1.908	108
CA	3.814	83.89	-2.925	108
C	5.247	84.067	-3.441	108
N	5.396	83.986	-4.761	109
CA	6.679	84.225	-5.398	109
C	6.702	85.545	-6.175	109
N	7.814	86.261	-6.093	110
CA	7.979	87.436	-6.941	110
C	8.174	86.97	-8.375	110
N	7.713	87.789	-9.306	111
CA	7.962	87.551	-10.703	111
C	9.453	87.724	-10.849	111
N	10.065	86.865	-11.643	112
CA	11.482	86.969	-11.881	112
C	11.726	87.16	-13.378	112
N	12.779	87.888	-13.72	113
CA	13.091	88.139	-15.105	113
C	14.499	87.664	-15.417	113
N	14.619	86.965	-16.522	114
CA	15.899	86.489	-17.011	114
C	16.013	86.848	-18.513	114
N	17.238	86.904	-19.006	115
CA	17.524	87.363	-20.347	115
C	17.689	86.157	-21.29	115
N	17.281	86.307	-22.544	116
CA	17.416	85.198	-23.465	116
C	18.873	84.814	-23.556	116
N	19.139	83.514	-23.568	117
CA	20.509	83.032	-23.609	117
C	21.16	82.847	-22.237	117
N	20.494	83.298	-21.178	118
CA	21.114	83.278	-19.862	118
C	20.939	81.913	-19.161	118
N	21.909	81.533	-18.33	119
CA	21.768	80.338	-17.523	119
C	21.154	80.701	-16.178	119
N	20.271	79.829	-15.7	120
CA	19.607	80.032	-14.413	120
C	19.209	78.736	-13.702	120
N	18.938	78.872	-12.406	121
CA	18.391	77.814	-11.588	121
C	17.112	78.316	-10.928	121
N	16.051	77.536	-11.054	122
CA	14.856	77.749	-10.25	122
C	15.017	76.889	-8.99	122
N	14.933	77.521	-7.825	123
CA	15.173	76.849	-6.568	123
C	13.881	76.25	-6.025	123
N	13.944	74.988	-5.623	124
CA	12.78	74.36	-5.024	124
C	12.535	74.905	-3.63	124
N	13.55	74.831	-2.779	125
CA	13.391	75.249	-1.398	125
C	12.336	74.43	-0.674	125
N	12.551	73.126	-0.61	126
CA	11.617	72.182	-0.017	126
C	11.381	72.514	1.447	126
N	10.167	72.27	1.949	127
CA	9.801	72.527	3.342	127
C	10.46	71.508	4.268	127
N	10.438	71.778	5.583	128
CA	10.891	70.815	6.58	128
C	10.218	69.45	6.353	128
N	11.021	68.417	6.485	129
CA	10.579	67.081	6.176	129
C	11.512	66.117	6.857	129
N	11.098	64.861	6.9	130
CA	11.983	63.788	7.277	130
C	11.641	62.614	6.386	130
N	12.661	62.053	5.757	131
CA	12.474	60.975	4.809	131
C	12.995	61.46	3.48	131
N	13.395	60.524	2.631	132
CA	13.928	60.865	1.327	132
C	12.847	61.484	0.422	132
N	13.22	62.554	-0.274	133
CA	12.305	63.294	-1.122	133
C	12.651	63.032	-2.576	133
N	11.658	63.028	-3.46	134
CA	11.973	63.109	-4.883	134
C	11.274	64.324	-5.498	134
N	11.733	64.77	-6.667	135
CA	11.267	66.05	-7.202	135
C	10.835	66.047	-8.662	135
N	9.848	66.897	-8.947	136
CA	9.409	67.174	-10.31	136
C	8.963	68.644	-10.387	136
N	8.968	69.234	-11.584	137
CA	8.427	70.575	-11.738	137
C	7.276	70.58	-12.713	137
N	6.401	71.565	-12.553	138
CA	5.314	71.799	-13.489	138
C	5.545	73.121	-14.179	138
N	5.534	73.116	-15.513	139
CA	5.713	74.338	-16.3	139
C	4.457	74.626	-17.112	139
N	3.895	75.818	-16.92	140
CA	2.628	76.158	-17.533	140
C	1.679	74.98	-17.524	140
N	1.61	74.3	-16.376	141
CA	0.554	73.328	-16.1	141
C	0.791	71.926	-16.684	141
N	1.995	71.703	-17.201	142
CA	2.379	70.449	-17.839	142
C	3.739	70.079	-17.262	142
N	3.997	68.777	-17.054	143
CA	5.335	68.461	-16.54	143
C	6.377	69.244	-17.349	143
N	7.401	69.757	-16.685	144
CA	8.471	70.457	-17.37	144
C	9.372	69.433	-18.054	144
N	9.452	69.499	-19.384	145
CA	10.214	68.521	-20.163	145
C	11.721	68.652	-19.884	145
N	12.414	67.535	-19.684	146
CA	13.846	67.629	-19.448	146
C	14.619	67.194	-20.672	146
N	15.845	67.677	-20.798	147
CA	16.646	67.408	-21.982	147
C	18.026	67.981	-21.742	147
N	18.816	68.183	-22.796	148
CA	20.18	68.647	-22.564	148
C	20.206	70.058	-21.97	148
N	19.06	70.743	-21.994	149
CA	18.988	72.193	-21.717	149
C	18.265	72.461	-20.399	149
N	17.46	71.482	-19.972	150
CA	16.656	71.593	-18.766	150
C	16.788	70.335	-17.927	150
N	17.11	70.492	-16.648	151
CA	17.384	69.322	-15.808	151
C	16.887	69.523	-14.388	151
N	16.18	68.539	-13.852	152
CA	15.82	68.567	-12.421	152
C	16.706	67.703	-11.526	152
N	17.32	68.314	-10.522	153
CA	18.15	67.532	-9.584	153
C	17.286	66.773	-8.602	153
N	17.61	65.505	-8.331	154
CA	16.901	64.787	-7.293	154
C	17.565	64.97	-5.945	154
N	18.75	65.571	-5.9	155
CA	19.348	65.903	-4.593	155
C	18.843	67.261	-4.066	155
N	18.891	68.291	-4.917	156
CA	18.409	69.617	-4.497	156
C	16.936	69.856	-4.791	156
N	16.451	69.216	-5.837	157
CA	15.11	69.47	-6.313	157
C	15.07	70.705	-7.188	157
N	16.224	71.327	-7.456	158
CA	16.259	72.499	-8.335	158
C	16.086	72.206	-9.801	158
N	15.6	73.201	-10.542	159
CA	15.445	73.046	-11.959	159
C	16.517	73.915	-12.602	159
N	17.41	73.283	-13.352	160
CA	18.538	73.969	-13.96	160
C	18.254	74.222	-15.437	160
N	18.397	75.475	-15.889	161
CA	18.147	75.809	-17.294	161
C	19.405	76.377	-17.912	161
N	20.046	75.586	-18.754	162
CA	21.383	75.912	-19.222	162
C	21.442	77.256	-19.931	162
N	20.39	77.541	-20.684	163
CA	20.332	78.69	-21.572	163
C	18.862	78.966	-21.781	163
N	18.41	80.109	-21.304	164
CA	17.002	80.425	-21.341	164
C	16.604	80.787	-22.771	164
N	15.433	80.339	-23.21	165
CA	14.91	80.724	-24.514	165
C	13.522	81.306	-24.315	165
N	12.965	81.884	-25.371	166
CA	11.691	82.595	-25.248	166
C	10.578	81.657	-24.786	166
N	10.629	80.408	-25.231	167
CA	9.583	79.458	-24.876	167
C	9.517	79.158	-23.367	167
N	10.585	79.463	-22.635	168
CA	10.595	79.223	-21.184	168
C	9.712	80.169	-20.363	168
N	9.154	81.204	-20.985	169
CA	8.371	82.158	-20.21	169
C	7.114	81.492	-19.706	169
N	6.847	81.665	-18.42	170
CA	5.644	81.121	-17.835	170
C	5.812	80.814	-16.369	170
N	4.953	79.933	-15.863	171
CA	4.869	79.656	-14.433	171
C	5.462	78.306	-14.075	171
N	6.265	78.286	-13.022	172
CA	6.919	77.043	-12.606	172
C	6.6	76.681	-11.156	172
N	6.095	75.473	-10.925	173
CA	5.902	75.024	-9.555	173
C	6.677	73.729	-9.27	173
N	7.274	73.664	-8.089	174
CA	8.082	72.529	-7.711	174
C	7.165	71.51	-7.074	174
N	7.262	70.254	-7.482	175
CA	6.444	69.247	-6.82	175
C	7.306	68.271	-6.019	175
N	7.051	68.214	-4.724	176
CA	7.944	67.471	-3.839	176
C	7.203	66.318	-3.21	176
N	7.839	65.155	-3.247	177
CA	7.201	63.912	-2.852	177
C	8.05	63.307	-1.77	177
N	7.436	62.96	-0.642	178
CA	8.158	62.208	0.379	178
C	8.111	60.72	-0.008	178
N	9.267	60.133	-0.332	179
CA	9.327	58.721	-0.763	179
C	8.919	57.702	0.308	179
N	8.826	58.134	1.563	180
CA	8.468	57.215	2.65	180
C	6.965	57.139	2.88	180
N	6.287	58.279	2.797	181
CA	4.844	58.309	3.033	181
C	4.073	58.38	1.715	181
N	4.81	58.575	0.627	182
CA	4.221	58.824	-0.68	182
C	3.368	60.098	-0.711	182
N	3.591	60.991	0.241	183
CA	2.883	62.273	0.222	183
C	3.55	63.28	-0.703	183
N	2.727	64.038	-1.417	184
CA	3.174	65.069	-2.35	184
C	2.734	66.483	-1.904	184
N	3.621	67.466	-2.042	185
CA	3.231	68.869	-1.842	185
C	3.731	69.788	-2.97	185
N	2.893	70.758	-3.332	186
CA	3.194	71.753	-4.354	186
C	3.598	73.061	-3.702	186
N	4.627	73.689	-4.253	187
CA	5.021	75.011	-3.826	187
C	4.269	76.042	-4.624	187
N	4.319	77.305	-4.177	188
CA	3.772	78.437	-4.938	188
C	4.488	78.593	-6.284	188
N	3.746	78.956	-7.335	189
CA	4.362	79.1	-8.656	189
C	5.258	80.326	-8.696	189
N	6.399	80.202	-9.348	190
CA	7.233	81.359	-9.578	190
C	7.064	81.828	-11.032	190
N	6.522	83.027	-11.207	191
CA	6.241	83.457	-12.571	191
C	7.531	83.962	-13.173	191
N	7.913	83.472	-14.34	192
CA	9.128	83.984	-14.946	192
C	8.922	84.631	-16.324	192
N	9.56	85.781	-16.523	193
CA	9.409	86.507	-17.778	193
C	10.76	86.847	-18.395	193
N	10.754	87.146	-19.688	194
CA	11.96	87.645	-20.32	194
C	12.211	89.072	-19.872	194
N	13.456	89.373	-19.532	195
CA	13.867	90.763	-19.399	195
C	14.332	91.155	-20.796	195
N	13.842	92.278	-21.267	196
CA	14.09	92.669	-22.647	196
C	15.29	93.572	-22.793	196
N	16.406	93.181	-22.193	197
CA	17.658	93.755	-22.611	197
C	18.217	92.83	-23.683	197
N	19.509	92.596	-23.716	198
CA	19.987	91.806	-24.839	198
C	19.679	90.324	-24.828	198
N	20.44	89.626	-25.651	199
CA	20.691	88.227	-25.468	199
C	21.997	88.127	-24.69	199
N	22.157	87.058	-23.911	200
CA	23.374	86.816	-23.156	200
C	24.454	86.388	-24.142	200
N	25.684	86.836	-23.953	201
CA	26.745	86.354	-24.807	201
C	27.111	84.936	-24.418	201
N	28.105	84.388	-25.107	202
CA	28.566	83.017	-24.873	202
C	29.668	82.932	-23.838	202
N	29.853	81.731	-23.279	203
CA	30.761	81.57	-22.155	203
C	30.893	80.105	-21.753	203
N	32.014	79.772	-21.087	204
CA	32.387	78.417	-20.59	204
C	31.237	77.791	-19.844	204
N	31.147	76.45	-19.861	205
CA	30.143	75.866	-18.979	205
C	30.433	76.145	-17.5	205
N	29.388	76.412	-16.715	206
CA	29.51	76.414	-15.252	206
C	28.784	75.22	-14.659	206
N	29.535	74.269	-14.129	207
CA	28.912	73.134	-13.484	207
C	28.228	73.596	-12.229	207
N	26.906	73.496	-12.237	208
CA	26.1	74.15	-11.231	208
C	25.643	73.188	-10.139	208
N	25.638	71.894	-10.457	209
CA	25.344	70.847	-9.462	209
C	26.279	69.714	-9.742	209
N	26.878	69.149	-8.715	210
CA	27.726	68.011	-8.964	210
C	27.842	67.126	-7.738	210
N	28.303	65.919	-7.983	211
CA	28.568	64.963	-6.926	211
C	29.819	65.381	-6.126	211
N	29.881	64.998	-4.842	212
CA	30.967	65.282	-3.89	212
C	32.319	64.728	-4.324	212
N	33.413	65.264	-3.777	213
CA	34.751	64.699	-4.058	213
C	34.915	63.283	-3.527	213
N	34.139	62.955	-2.507	214
CA	34.201	61.65	-1.88	214
C	32.792	61.145	-1.739	214
N	32.546	59.951	-2.272	215
CA	31.213	59.358	-2.294	215
C	31.255	57.956	-1.688	215
N	30.717	57.792	-0.47	216
CA	30.647	56.439	0.066	216
C	29.604	55.69	-0.741	216
N	29.954	54.512	-1.235	217
CA	29.084	53.809	-2.135	217
C	28.743	52.433	-1.567	217
N	27.514	52.263	-1.089	218
CA	27.169	51.064	-0.341	218
C	26.91	49.835	-1.217	218
N	27.588	48.745	-0.904	219
CA	27.334	47.454	-1.565	219
C	25.848	47.192	-1.766	219
N	25.48	46.84	-2.988	220
CA	24.123	46.404	-3.244	220
C	23.147	47.523	-3.524	220
N	23.498	48.752	-3.171	221
CA	22.567	49.85	-3.386	221
C	22.748	50.521	-4.766	221
N	21.82	51.381	-5.134	222
CA	22.077	52.194	-6.305	222
C	22.63	53.57	-5.937	222
N	23.832	53.841	-6.42	223
CA	24.439	55.119	-6.118	223
C	24.213	56.103	-7.267	223
N	23.779	57.307	-6.922	224
CA	23.437	58.275	-7.935	224
C	24.412	59.433	-7.887	224
N	24.966	59.784	-9.053	225
CA	25.887	60.914	-9.19	225
C	25.226	61.958	-10.083	225
N	25.282	63.227	-9.699	226
CA	24.707	64.287	-10.538	226
C	25.794	65.165	-11.142	226
N	25.517	65.722	-12.312	227
CA	26.39	66.729	-12.909	227
C	25.593	67.483	-13.971	227
N	25.429	68.791	-13.788	228
CA	24.793	69.582	-14.83	228
C	25.355	71.0	-14.828	228
N	25.486	71.578	-16.026	229
CA	26.135	72.879	-16.234	229
C	25.248	73.898	-16.956	229
N	25.409	75.172	-16.595	230
CA	24.762	76.238	-17.322	230
C	25.799	76.691	-18.35	230
N	25.338	77.217	-19.473	231
CA	26.264	77.523	-20.545	231
C	25.596	77.917	-21.84	231
N	26.293	78.77	-22.585	232
CA	25.845	79.21	-23.865	232
C	27.055	79.147	-24.776	232
N	27.034	78.252	-25.787	233
CA	25.986	77.272	-26.103	233
C	25.761	76.26	-24.996	233
N	24.612	75.596	-25.048	234
CA	24.254	74.614	-24.039	234
C	25.407	73.61	-23.957	234
N	25.887	73.304	-22.749	235
CA	26.991	72.35	-22.672	235
C	26.567	70.918	-23.004	235
N	27.544	70.123	-23.406	236
CA	27.38	68.675	-23.423	236
C	27.906	68.169	-22.09	236
N	27.318	67.083	-21.59	237
CA	27.75	66.441	-20.359	237
C	28.237	65.051	-20.718	237
N	29.453	64.721	-20.301	238
CA	30.054	63.43	-20.563	238
C	30.517	62.786	-19.26	238
N	30.082	61.551	-19.022	239
CA	30.571	60.727	-17.911	239
C	31.671	59.746	-18.345	239
N	32.701	59.611	-17.513	240
CA	33.756	58.628	-17.725	240
C	34.397	58.262	-16.376	240
N	35.173	57.185	-16.376	241
CA	36.018	56.84	-15.244	241
C	37.424	57.336	-15.53	241
N	38.031	57.954	-14.525	242
CA	39.327	58.561	-14.71	242
C	40.27	57.528	-15.265	242
N	40.113	56.283	-14.82	243
CA	41.065	55.248	-15.195	243
C	40.805	54.63	-16.566	243
N	39.868	55.189	-17.329	244
CA	39.653	54.737	-18.703	244
C	38.802	53.487	-18.886	244
N	38.509	52.786	-17.793	245
CA	37.614	51.639	-17.863	245
C	36.234	52.142	-18.204	245
N	35.468	51.342	-18.95	246
CA	34.098	51.673	-19.333	246
C	33.221	51.629	-18.1	246
N	32.237	52.514	-18.054	247
CA	31.235	52.513	-17.013	247
C	30.341	51.272	-17.212	247
N	29.942	50.603	-16.138	248
CA	29.19	49.345	-16.262	248
C	27.907	49.504	-17.066	248
N	27.579	48.491	-17.854	249
CA	26.424	48.667	-18.723	249
C	25.134	48.769	-17.946	249
N	25.112	48.205	-16.74	250
CA	23.947	48.294	-15.863	250
C	23.656	49.734	-15.43	250
N	24.654	50.602	-15.472	251
CA	24.426	52.008	-15.073	251
C	23.386	52.685	-15.983	251
N	22.54	53.541	-15.4	252
CA	21.539	54.277	-16.17	252
C	21.867	55.759	-16.221	252
N	21.616	56.373	-17.371	253
CA	21.749	57.819	-17.526	253
C	20.382	58.478	-17.696	253
N	20.16	59.534	-16.928	254
CA	19.017	60.394	-17.095	254
C	19.025	60.957	-18.526	254
N	17.858	61.228	-19.096	255
CA	17.784	61.742	-20.471	255
C	18.526	63.07	-20.707	255
N	18.749	63.834	-19.654	256
CA	19.419	65.118	-19.824	256
C	20.895	64.839	-19.591	256
N	21.198	63.583	-19.247	257
CA	22.563	63.16	-18.919	257
C	23.073	63.732	-17.607	257
N	22.161	64.324	-16.833	258
CA	22.517	64.972	-15.588	258
C	22.66	64.079	-14.368	258
N	22.237	62.821	-14.5	259
CA	22.36	61.854	-13.412	259
C	22.909	60.542	-13.94	259
N	23.975	60.047	-13.332	260
CA	24.418	58.678	-13.604	260
C	24.0	57.81	-12.411	260
N	23.274	56.718	-12.666	261
CA	22.835	55.816	-11.591	261
C	23.477	54.454	-11.741	261
N	24.154	54.021	-10.689	262
CA	24.845	52.748	-10.686	262
C	24.124	51.825	-9.708	262
N	23.259	50.974	-10.246	263
CA	22.437	50.045	-9.488	263
C	23.288	48.878	-8.903	263
N	22.778	48.211	-7.871	264
CA	23.478	47.048	-7.304	264
C	24.98	47.277	-7.157	264
N	25.368	48.313	-6.424	265
CA	26.769	48.699	-6.403	265
C	27.706	47.613	-5.885	265
N	28.755	47.331	-6.66	266
CA	29.737	46.302	-6.305	266
C	31.154	46.88	-6.341	266
N	32.108	46.156	-5.765	267
CA	33.473	46.673	-5.629	267
C	34.056	47.193	-6.951	267
N	33.867	46.435	-8.026	268
CA	34.464	46.795	-9.323	268
C	33.898	48.111	-9.872	268
N	32.771	48.555	-9.315	269
CA	32.135	49.782	-9.764	269
C	32.78	51.018	-9.136	269
N	33.611	50.812	-8.117	270
CA	34.233	51.929	-7.392	270
C	35.335	52.616	-8.191	270
N	35.826	53.724	-7.665	271
CA	37.001	54.359	-8.213	271
C	36.651	55.784	-8.606	271
N	37.57	56.48	-9.263	272
CA	37.323	57.883	-9.612	272
C	36.444	58.038	-10.858	272
N	35.37	58.809	-10.719	273
CA	34.527	59.157	-11.85	273
C	34.707	60.643	-12.195	273
N	34.525	60.96	-13.467	274
CA	34.597	62.331	-13.949	274
C	33.367	62.695	-14.742	274
N	32.965	63.945	-14.605	275
CA	31.963	64.478	-15.488	275
C	32.612	65.633	-16.247	275
N	32.467	65.651	-17.561	276
CA	33.052	66.727	-18.353	276
C	31.926	67.527	-18.947	276
N	31.901	68.826	-18.657	277
CA	30.954	69.73	-19.291	277
C	31.711	70.596	-20.263	277
N	31.26	70.576	-21.512	278
CA	31.968	71.284	-22.563	278
C	31.062	72.021	-23.535	278
N	31.548	73.173	-23.997	279
CA	30.944	73.831	-25.126	279
C	32.032	74.497	-25.968	279
N	31.634	75.283	-26.969	280
CA	32.612	75.836	-27.898	280
C	33.508	76.857	-27.195	280
N	33.122	77.28	-25.985	281
CA	33.894	78.271	-25.23	281
C	34.839	77.732	-24.152	281
N	34.809	76.433	-23.875	282
CA	35.668	75.902	-22.841	282
C	35.103	74.672	-22.144	282
N	35.844	74.178	-21.165	283
CA	35.531	72.901	-20.529	283
C	35.762	72.998	-19.048	283
N	34.926	72.311	-18.279	284
CA	35.182	72.131	-16.861	284
C	34.864	70.687	-16.483	284
N	35.458	70.21	-15.399	285
CA	35.292	68.812	-15.003	285
C	34.994	68.718	-13.508	285
N	34.042	67.863	-13.149	286
CA	33.833	67.499	-11.768	286
C	34.384	66.086	-11.614	286
N	35.104	65.866	-10.528	287
CA	35.724	64.588	-10.231	287
C	35.38	64.178	-8.795	287
N	35.309	62.875	-8.539	288
CA	35.021	62.38	-7.212	288
C	35.385	60.905	-7.151	288
N	35.709	60.436	-5.953	289
CA	36.05	59.037	-5.723	289
C	34.876	58.313	-5.074	289
N	34.41	57.233	-5.684	290
CA	33.372	56.431	-5.061	290
C	34.132	55.344	-4.33	290
N	33.872	55.216	-3.035	291
CA	34.549	54.227	-2.188	291
C	33.568	53.165	-1.752	291
N	33.81	51.934	-2.176	292
CA	32.909	50.835	-1.862	292
C	32.865	50.604	-0.364	292
N	31.682	50.375	0.199	293
CA	31.626	49.867	1.576	293
C	30.479	48.898	1.805	293
N	30.59	48.114	2.871	294
CA	29.508	47.225	3.255	294
C	29.448	47.123	4.762	294
N	28.257	47.305	5.302	295
CA	28.047	47.059	6.719	295
C	28.385	45.588	7.045	295
N	28.726	45.31	8.307	296
CA	29.099	43.933	8.654	296
C	27.943	42.957	8.466	296
N	28.262	41.744	8.046	297
CA	27.28	40.666	7.976	297
C	27.828	39.429	8.692	297
N	26.98	38.743	9.44	298
CA	27.432	37.543	10.122	298
C	27.709	36.413	9.144	298
N	28.887	35.816	9.28	299
CA	29.279	34.619	8.577	299
C	29.278	33.389	9.531	299
N	29.742	33.599	10.762	300
CA	29.704	32.578	11.832	300
C	29.355	33.228	13.179	300
N	28.282	32.77	13.817	301
CA	27.896	33.311	15.139	301
C	28.354	32.372	16.245	301
N	28.284	32.817	17.499	302
CA	28.555	31.941	18.642	302
C	27.269	31.221	18.962	302
N	27.357	29.967	19.393	303
CA	26.18	29.217	19.838	303
C	26.321	28.866	21.312	303
N	25.229	28.444	21.942	304
CA	25.291	28.1	23.345	304
C	26.361	27.048	23.623	304
N	27.027	27.17	24.764	305
CA	28.008	26.176	25.166	305
C	27.633	25.606	26.541	305
N	27.582	24.275	26.64	306
CA	27.427	23.604	27.938	306
C	28.705	22.848	28.231	306
N	29.394	23.246	29.279	307
CA	30.721	22.707	29.506	307
C	30.881	22.415	30.973	307
N	31.839	21.557	31.312	308
CA	32.003	21.157	32.694	308
C	33.201	21.856	33.292	308
N	33.226	21.944	34.62	309
CA	34.332	22.582	35.302	309
C	35.668	22.012	34.89	309
N	36.644	22.9	34.799	310
CA	38.004	22.571	34.395	310
C	38.261	22.251	32.923	310
N	37.208	22.145	32.126	311
CA	37.38	22.006	30.691	311
C	37.857	23.337	30.121	311
N	38.108	23.391	28.827	312
CA	38.47	24.674	28.247	312
C	37.456	25.01	27.177	312
N	37.531	26.232	26.674	313
CA	36.495	26.766	25.807	313
C	37.137	27.636	24.728	313
N	36.751	27.431	23.474	314
CA	37.191	28.319	22.411	314
C	35.945	28.727	21.669	314
N	35.721	30.036	21.559	315
CA	34.5	30.575	20.952	315
C	34.912	31.581	19.866	315
N	34.313	31.491	18.684	316
CA	34.695	32.367	17.583	316
C	33.474	32.88	16.841	316
N	33.43	34.191	16.588	317
CA	32.466	34.721	15.618	317
C	33.233	35.294	14.42	317
N	32.568	35.366	13.265	318
CA	33.152	35.808	12.002	318
C	32.137	36.661	11.253	318
N	32.575	37.801	10.726	319
CA	31.712	38.68	9.931	319
C	32.466	39.187	8.694	319
N	31.762	39.408	7.579	320
CA	32.358	40.137	6.447	320
C	31.839	41.578	6.421	320
N	32.373	42.382	5.515	321
CA	32.075	43.799	5.501	321
C	33.266	44.531	4.929	321
N	33.105	45.822	4.66	322
CA	34.208	46.626	4.153	322
C	33.996	48.038	4.686	322
N	34.971	48.563	5.443	323
CA	36.234	47.883	5.729	323
C	36.01	46.626	6.593	323
N	36.972	45.71	6.562	324
CA	36.843	44.413	7.269	324
C	36.489	44.624	8.734	324
N	35.433	43.968	9.231	325
CA	35.046	44.25	10.622	325
C	36.109	43.899	11.67	325
N	36.14	44.653	12.769	326
CA	36.867	44.26	13.978	326
C	35.851	43.715	14.974	326
N	36.352	43.051	16.011	327
CA	35.477	42.376	16.952	327
C	35.759	42.837	18.351	327
N	34.737	42.82	19.191	328
CA	34.948	42.955	20.621	328
C	33.897	42.125	21.331	328
N	34.129	41.842	22.615	329
CA	33.291	40.906	23.36	329
C	32.598	41.575	24.521	329
N	31.398	41.11	24.828	330
CA	30.752	41.472	26.086	330
C	30.491	40.217	26.896	330
N	30.56	40.347	28.215	331
CA	29.991	39.357	29.128	331
C	28.987	40.083	30.0	331
N	27.736	39.643	29.94	332
CA	26.685	40.28	30.696	332
C	26.64	41.784	30.455	332
N	26.934	42.156	29.214	333
CA	26.771	43.532	28.792	333
C	27.989	44.398	28.997	333
N	28.973	43.918	29.748	334
CA	30.2	44.676	29.96	334
C	31.334	44.176	29.056	334
N	32.189	45.091	28.576	335
CA	33.302	44.749	27.683	335
C	34.151	43.706	28.372	335
N	34.533	42.676	27.634	336
CA	35.314	41.58	28.182	336
C	36.659	41.576	27.481	336
N	37.727	41.831	28.233	337
CA	39.072	41.802	27.664	337
C	39.916	40.744	28.305	337
N	41.061	40.49	27.684	338
CA	41.963	39.458	28.136	338
C	42.247	39.638	29.614	338
N	42.181	38.547	30.36	339
CA	42.686	38.543	31.728	339
C	43.036	37.119	32.135	339
N	43.189	36.881	33.431	340
CA	43.57	35.54	33.888	340
C	42.628	34.457	33.368	340
N	43.206	33.495	32.661	341
CA	42.483	32.314	32.172	341
C	41.764	32.58	30.862	341
N	41.582	33.859	30.539	342
CA	40.728	34.253	29.427	342
C	41.467	35.097	28.41	342
N	41.635	34.522	27.234	343
CA	42.396	35.154	26.196	343
C	41.422	35.662	25.135	343
N	41.371	36.979	24.983	344
CA	40.477	37.601	24.009	344
C	41.334	38.185	22.924	344
N	41.193	37.623	21.722	345
CA	41.937	38.015	20.531	345
C	40.985	38.182	19.344	345
N	40.693	39.428	18.983	346
CA	39.765	39.73	17.881	346
C	38.476	38.936	18.078	346
N	38.005	38.187	17.079	347
CA	36.714	37.532	17.215	347
C	36.827	36.172	17.912	347
N	37.83	36.003	18.772	348
CA	37.983	34.734	19.481	348
C	38.146	34.891	20.984	348
N	37.571	33.933	21.714	349
CA	37.659	33.871	23.154	349
C	38.113	32.489	23.536	349
N	39.206	32.434	24.297	350
CA	39.784	31.176	24.743	350
C	39.887	31.106	26.253	350
N	39.151	30.188	26.871	351
CA	39.199	30.064	28.336	351
C	39.912	28.776	28.649	351
N	41.024	28.844	29.355	352
CA	41.841	27.65	29.54	352
C	41.206	26.599	30.449	352
N	40.809	27.025	31.643	353
CA	40.22	26.13	32.629	353
C	38.978	26.797	33.174	353
N	37.838	26.244	32.806	354
CA	36.563	26.843	33.136	354
C	36.227	26.75	34.617	354
N	35.732	27.827	35.217	355
CA	35.103	27.688	36.533	355
C	33.664	28.166	36.571	355
N	33.02	28.001	37.729	356
CA	31.599	28.319	37.826	356
C	31.295	29.786	37.524	356
N	32.266	30.65	37.764	357
CA	32.052	32.079	37.607	357
C	31.993	32.47	36.128	357
N	32.406	31.557	35.259	358
CA	32.441	31.82	33.835	358
C	31.045	31.72	33.242	358
N	30.162	30.99	33.909	359
CA	28.797	30.926	33.425	359
C	28.253	32.344	33.277	359
N	27.556	32.595	32.168	360
CA	26.977	33.897	31.877	360
C	26.521	34.045	30.434	360
N	26.028	35.23	30.076	361
CA	25.739	35.527	28.679	361
C	26.896	36.256	28.044	361
N	27.21	35.867	26.817	362
CA	28.323	36.47	26.122	362
C	27.822	36.991	24.787	362
N	28.467	38.044	24.314	363
CA	28.12	38.603	23.036	363
C	29.375	38.892	22.272	363
N	29.39	38.422	21.039	364
CA	30.484	38.71	20.131	364
C	29.984	39.823	19.226	364
N	30.748	40.915	19.143	365
CA	30.323	42.126	18.429	365
C	31.264	42.363	17.247	365
N	30.696	42.55	16.06	366
CA	31.504	42.8	14.881	366
C	31.156	44.191	14.378	366
N	32.15	44.985	13.989	367
CA	31.825	46.346	13.606	367
C	32.848	46.978	12.651	367
N	32.376	47.91	11.831	368
CA	33.28	48.807	11.104	368
C	32.699	50.208	11.183	368
N	33.305	51.158	10.468	369
CA	32.818	52.546	10.385	369
C	31.328	52.582	10.187	369
N	30.825	51.631	9.413	370
CA	29.47	51.736	8.88	370
C	28.371	50.967	9.607	370
N	28.73	50.169	10.594	371
CA	27.686	49.455	11.302	371
C	28.269	48.537	12.342	371
N	27.422	48.143	13.273	372
CA	27.814	47.268	14.366	372
C	26.795	46.141	14.414	372
N	27.238	44.887	14.594	373
CA	26.266	43.803	14.758	373
C	26.618	42.933	15.944	373
N	25.603	42.266	16.491	374
CA	25.761	41.501	17.709	374
C	25.363	40.052	17.474	374
N	26.085	39.145	18.102	375
CA	25.604	37.77	18.213	375
C	25.706	37.349	19.684	375
N	24.729	36.582	20.165	376
CA	24.633	36.31	21.593	376
C	24.437	34.84	21.866	376
N	25.06	34.357	22.938	377
CA	24.919	32.969	23.367	377
C	25.17	32.844	24.874	377
N	24.813	31.687	25.436	378
CA	24.972	31.465	26.872	378
C	26.08	30.457	27.127	378
N	26.979	30.766	28.047	379
CA	27.881	29.737	28.544	379
C	27.311	29.162	29.813	379
N	27.04	27.853	29.809	380
CA	26.582	27.228	31.046	380
C	27.521	26.14	31.546	380
N	27.723	26.116	32.855	381
CA	28.698	25.212	33.453	381
C	28.012	24.091	34.25	381
N	28.61	22.903	34.263	382
CA	28.028	21.773	34.998	382
C	28.957	21.183	36.056	382
N	28.482	19.964	36.395	383
CA	27.927	18.676	35.992	383
C	26.504	18.436	36.084	383
N	26.321	17.129	36.239	384
CA	27.309	16.099	36.71	384
C	28.585	15.377	36.271	384
N	24.298	82.071	16.011	1
CA	24.482	83.539	16.259	1
C	25.262	83.902	17.509	1
N	24.029	84.251	17.459	2
CA	23.167	83.715	16.403	2
C	22.164	84.269	15.348	2
N	21.996	85.714	15.148	3
CA	21.259	86.199	13.951	3
C	22.027	86.414	12.715	3
N	22.024	85.83	11.509	4
CA	22.773	86.626	10.589	4
C	22.304	87.724	9.615	4
N	23.466	88.302	9.834	5
CA	24.824	87.798	9.959	5
C	25.667	88.095	8.73	5
N	25.133	87.756	7.565	6
CA	25.783	88.101	6.307	6
C	24.707	88.284	5.238	6
N	24.147	89.494	5.168	7
CA	22.991	89.726	4.301	7
C	23.431	89.71	2.838	7
N	22.534	89.326	1.936	8
CA	22.827	89.328	0.508	8
C	23.033	90.77	0.084	8
N	23.993	90.984	-0.797	9
CA	24.165	92.295	-1.4	9
C	24.784	92.141	-2.792	9
N	24.557	93.14	-3.655	10
CA	25.046	93.124	-5.045	10
C	25.442	94.527	-5.511	10
N	26.106	94.599	-6.662	11
CA	26.558	95.871	-7.198	11
C	25.501	96.579	-8.032	11
N	24.295	96.033	-8.074	12
CA	23.17	96.692	-8.743	12
C	21.889	95.967	-8.351	12
N	20.732	96.493	-8.734	13
CA	19.493	95.788	-8.445	13
C	18.89	96.184	-7.102	13
N	17.956	95.37	-6.603	14
CA	17.196	95.703	-5.39	14
C	18.099	95.653	-4.168	14
N	19.193	94.911	-4.279	15
CA	20.179	94.838	-3.203	15
C	21.457	95.565	-3.6	15
N	21.328	96.564	-4.479	16
CA	22.474	97.366	-4.91	16
C	22.998	98.353	-3.857	16
N	24.105	99.04	-4.171	17
CA	24.792	99.874	-3.189	17
C	23.872	100.894	-2.493	17
N	22.933	101.476	-3.22	18
CA	22.063	102.457	-2.574	18
C	21.245	101.809	-1.444	18
N	21.135	100.49	-1.472	19
CA	20.222	99.794	-0.57	19
C	20.949	99.0	0.535	19
N	22.28	98.967	0.482	20
CA	23.06	98.182	1.437	20
C	22.686	98.564	2.867	20
N	22.459	99.855	3.072	21
CA	22.194	100.374	4.422	21
C	20.968	99.725	5.065	21
N	20.027	99.305	4.234	22
CA	18.832	98.657	4.724	22
C	19.156	97.382	5.482	22
N	20.221	96.686	5.103	23
CA	20.56	95.468	5.833	23
C	21.867	95.562	6.584	23
N	22.666	96.566	6.243	24
CA	23.979	96.73	6.851	24
C	24.139	98.2	7.222	24
N	23.642	98.55	8.408	25
CA	23.402	99.933	8.753	25
C	24.675	100.748	8.761	25
N	25.823	100.105	8.964	26
CA	27.064	100.889	8.977	26
C	27.422	101.434	7.589	26
N	26.797	100.902	6.541	27
CA	27.062	101.446	5.204	27
C	26.494	102.84	5.101	27
N	25.713	103.229	6.104	28
CA	25.169	104.581	6.149	28
C	25.999	105.551	6.969	28
N	27.193	105.138	7.391	29
CA	28.025	105.964	8.264	29
C	28.5	107.247	7.583	29
N	29.275	108.049	8.307	30
CA	29.739	109.342	7.806	30
C	31.256	109.323	7.594	30
N	31.856	108.157	7.804	31
CA	33.271	107.964	7.546	31
C	33.445	106.855	6.511	31
N	32.7	106.957	5.427	32
CA	32.602	105.878	4.458	32
C	33.643	106.023	3.345	32
N	33.9	104.919	2.654	33
CA	34.753	104.861	1.466	33
C	33.988	104.24	0.288	33
N	34.404	104.554	-0.948	34
CA	35.555	105.38	-1.302	34
C	35.154	106.848	-1.537	34
N	36.142	107.672	-1.85	35
CA	35.922	109.087	-1.996	35
C	36.655	109.62	-3.2	35
N	36.228	110.791	-3.674	36
CA	37.023	111.556	-4.613	36
C	38.024	112.363	-3.792	36
N	39.274	112.363	-4.22	37
CA	40.312	113.067	-3.505	37
C	40.704	114.333	-4.264	37
N	40.385	115.496	-3.686	38
CA	40.765	116.776	-4.303	38
C	42.117	117.218	-3.768	38
N	43.1	117.219	-4.65	39
CA	44.486	117.346	-4.24	39
C	44.746	118.633	-3.479	39
N	44.091	119.702	-3.926	40
CA	44.293	121.031	-3.356	40
C	43.714	121.165	-1.949	40
N	42.984	120.146	-1.5	41
CA	42.385	120.146	-0.166	41
C	43.091	119.189	0.785	41
N	44.067	118.453	0.275	42
CA	44.755	117.478	1.095	42
C	45.905	118.148	1.817	42
N	46.032	117.874	3.111	43
CA	47.123	118.433	3.906	43
C	48.407	117.646	3.732	43
N	49.514	118.312	4.024	44
CA	50.843	117.724	3.949	44
C	51.3	117.12	5.29	44
N	52.715	117.264	5.21	45
CA	53.601	118.521	5.395	45
C	55.082	118.255	5.589	45
N	55.064	116.892	5.569	46
CA	55.925	115.791	5.791	46
C	55.665	114.938	7.026	46
N	54.794	115.248	7.986	47
CA	55.441	114.819	9.208	47
C	55.76	113.376	9.778	47
N	55.214	112.267	9.169	48
CA	55.014	111.103	8.302	48
C	56.306	110.354	7.997	48
N	56.5	109.189	8.617	49
CA	57.651	108.35	8.282	49
C	57.522	107.891	6.838	49
N	58.638	107.527	6.218	50
CA	58.588	107.068	4.839	50
C	57.838	105.747	4.74	50
N	57.126	105.562	3.641	51
CA	56.502	104.281	3.352	51
C	57.585	103.25	3.103	51
N	57.621	102.207	3.916	52
CA	58.57	101.13	3.665	52
C	57.823	99.846	3.4	52
N	58.208	99.163	2.324	53
CA	57.655	97.851	2.009	53
C	58.667	96.803	2.414	53
N	58.18	95.656	2.854	54
CA	59.071	94.585	3.262	54
C	58.482	93.311	2.686	54
N	59.26	92.618	1.85	55
CA	58.834	91.359	1.254	55
C	58.228	91.485	-0.147	55
N	57.858	92.711	-0.538	56
CA	57.131	92.951	-1.797	56
C	57.882	92.553	-3.066	56
N	59.212	92.518	-2.987	57
CA	60.06	92.138	-4.124	57
C	60.308	90.633	-4.207	57
N	59.965	89.897	-3.154	58
CA	60.141	88.444	-3.171	58
C	59.123	87.819	-4.117	58
N	59.532	86.785	-4.842	59
CA	58.609	86.032	-5.694	59
C	57.513	85.401	-4.881	59
N	56.264	85.485	-5.343	60
CA	55.163	84.809	-4.651	60
C	55.384	83.28	-4.71	60
N	54.922	82.566	-3.69	61
CA	55.055	81.105	-3.627	61
C	53.966	80.416	-4.441	61
N	54.144	79.126	-4.698	62
CA	53.193	78.353	-5.492	62
C	51.898	78.079	-4.747	62
N	51.878	78.404	-3.464	63
CA	50.689	78.206	-2.65	63
C	49.725	79.371	-2.795	63
N	50.194	80.481	-3.353	64
CA	49.315	81.643	-3.492	64
C	48.22	81.312	-4.516	64
N	46.987	81.698	-4.223	65
CA	45.898	81.337	-5.108	65
C	44.84	82.436	-5.31	65
N	44.017	82.238	-6.329	66
CA	43.065	83.241	-6.757	66
C	41.679	82.644	-6.777	66
N	40.692	83.42	-6.331	67
CA	39.319	82.935	-6.246	67
C	38.356	83.922	-6.867	67
N	37.398	83.43	-7.644	68
CA	36.302	84.296	-8.085	68
C	35.257	84.283	-6.98	68
N	35.093	85.388	-6.232	69
CA	34.181	85.346	-5.064	69
C	32.751	85.687	-5.422	69
N	32.506	86.031	-6.68	70
CA	31.193	86.52	-7.071	70
C	31.068	88.04	-6.946	70
N	31.898	88.648	-6.096	71
CA	31.896	90.106	-5.951	71
C	33.122	90.749	-6.639	71
N	34.191	89.967	-6.72	72
CA	35.478	90.377	-7.237	72
C	36.296	89.105	-7.505	72
N	37.502	89.284	-7.998	73
CA	38.432	88.178	-8.049	73
C	39.432	88.518	-6.953	73
N	39.665	87.554	-6.057	74
CA	40.538	87.758	-4.909	74
C	41.813	86.94	-4.99	74
N	42.922	87.538	-4.577	75
CA	44.152	86.781	-4.453	75
C	44.472	86.576	-2.973	75
N	44.436	85.317	-2.529	76
CA	44.802	84.933	-1.159	76
C	46.298	84.818	-1.017	76
N	46.93	85.775	-0.349	77
CA	48.392	85.788	-0.316	77
C	48.933	84.799	0.713	77
N	49.988	84.078	0.352	78
CA	50.497	83.023	1.213	78
C	51.901	83.331	1.723	78
N	52.493	84.401	1.207	79
CA	53.773	84.891	1.695	79
C	53.573	86.063	2.643	79
N	54.675	86.451	3.276	80
CA	54.731	87.553	4.21	80
C	55.115	88.868	3.504	80
N	54.177	89.798	3.463	81
CA	54.426	91.131	2.944	81
C	53.993	92.136	4.007	81
N	54.837	93.125	4.272	82
CA	54.57	94.031	5.378	82
C	54.719	95.469	4.926	82
N	53.971	96.368	5.552	83
CA	54.127	97.781	5.236	83
C	54.163	98.559	6.547	83
N	54.967	99.616	6.579	84
CA	55.025	100.49	7.742	84
C	55.296	101.911	7.288	84
N	55.173	102.857	8.215	85
CA	55.276	104.261	7.87	85
C	53.95	104.852	7.427	85
N	54.036	105.974	6.717	86
CA	52.868	106.655	6.158	86
C	51.766	106.884	7.183	86
N	52.146	107.16	8.425	87
CA	51.179	107.367	9.489	87
C	50.536	106.121	10.086	87
N	50.769	104.949	9.498	88
CA	50.225	103.715	10.065	88
C	50.756	103.417	11.47	88
N	49.872	102.946	12.362	89
CA	50.224	102.553	13.727	89
C	50.856	101.177	13.738	89
N	52.173	101.13	13.63	90
CA	52.862	99.861	13.646	90
C	52.948	99.242	12.266	90
N	53.1	97.924	12.265	91
CA	53.378	97.177	11.055	91
C	52.103	96.519	10.579	91
N	51.915	96.501	9.264	92
CA	50.803	95.77	8.683	92
C	51.258	94.697	7.693	92
N	50.583	93.555	7.76	93
CA	50.845	92.395	6.928	93
C	49.685	92.191	5.95	93
N	50.017	91.908	4.701	94
CA	49.021	91.714	3.655	94
C	48.311	90.369	3.742	94
N	46.997	90.42	3.545	95
CA	46.143	89.243	3.612	95
C	45.642	88.823	2.234	95
N	45.168	89.792	1.465	96
CA	44.608	89.496	0.157	96
C	44.637	90.718	-0.763	96
N	44.417	90.475	-2.05	97
CA	44.251	91.53	-3.056	97
C	42.916	91.363	-3.742	97
N	42.257	92.475	-4.047	98
CA	40.959	92.419	-4.729	98
C	40.896	93.47	-5.815	98
N	39.977	93.292	-6.76	99
CA	39.936	94.158	-7.942	99
C	38.556	94.744	-8.239	99
N	38.541	95.944	-8.838	100
CA	37.319	96.613	-9.264	100
C	37.461	97.111	-10.693	100
N	36.431	96.869	-11.507	101
CA	36.52	97.154	-12.92	101
C	35.198	97.571	-13.526	101
N	35.246	97.973	-14.794	102
CA	34.082	98.504	-15.474	102
C	33.422	97.445	-16.326	102
N	33.097	97.781	-17.58	103
CA	32.276	96.902	-18.418	103
C	32.879	96.558	-19.79	103
N	33.594	97.503	-20.405	104
CA	34.193	97.3	-21.736	104
C	35.135	98.464	-21.967	104
N	36.064	98.328	-22.906	105
CA	36.742	99.512	-23.454	105
C	37.34	100.445	-22.408	105
N	37.813	99.892	-21.297	106
CA	38.464	100.7	-20.283	106
C	37.537	101.683	-19.592	106
N	36.234	101.395	-19.567	107
CA	35.29	102.252	-18.838	107
C	35.683	102.386	-17.352	107
N	35.077	103.369	-16.671	108
CA	35.362	103.654	-15.264	108
C	35.13	102.408	-14.436	108
N	36.162	102.033	-13.697	109
CA	36.099	100.847	-12.848	109
C	36.614	101.08	-11.431	109
N	37.247	102.232	-11.193	110
CA	37.848	102.486	-9.876	110
C	36.79	102.872	-8.849	110
N	37.164	102.756	-7.578	111
CA	36.306	103.174	-6.496	111
C	36.676	104.607	-6.117	111
N	37.95	104.831	-5.815	112
CA	38.422	106.175	-5.526	112
C	38.671	106.907	-6.829	112
N	38.742	108.23	-6.746	113
CA	39.184	109.026	-7.867	113
C	40.082	110.133	-7.348	113
N	40.897	110.689	-8.239	114
CA	41.714	111.827	-7.872	114
C	41.377	113.022	-8.766	114
N	40.966	114.111	-8.129	115
CA	40.51	115.299	-8.861	115
C	39.457	114.911	-9.895	115
N	38.579	113.998	-9.49	116
CA	37.506	113.557	-10.362	116
C	37.956	112.493	-11.357	116
N	39.231	112.15	-11.362	117
CA	39.639	111.19	-12.364	117
C	39.483	109.746	-11.9	117
N	38.633	108.996	-12.584	118
CA	38.508	107.557	-12.343	118
C	39.402	106.742	-13.295	118
N	39.533	105.44	-13.036	119
CA	40.472	104.597	-13.768	119
C	39.754	103.278	-14.152	119
N	40.231	102.601	-15.209	120
CA	39.605	101.371	-15.701	120
C	39.634	100.245	-14.649	120
N	40.646	100.235	-13.787	121
CA	40.687	99.265	-12.688	121
C	41.207	99.892	-11.382	121
N	40.702	99.419	-10.244	122
CA	41.362	99.678	-8.97	122
C	41.706	98.387	-8.249	122
N	42.969	98.232	-7.913	123
CA	43.426	97.092	-7.147	123
C	43.596	97.516	-5.699	123
N	43.089	96.687	-4.783	124
CA	43.216	96.958	-3.348	124
C	43.955	95.841	-2.668	124
N	44.871	96.206	-1.782	125
CA	45.509	95.218	-0.912	125
C	45.125	95.451	0.526	125
N	44.693	94.382	1.198	126
CA	44.201	94.491	2.564	126
C	45.187	93.928	3.575	126
N	45.367	94.664	4.681	127
CA	46.394	94.36	5.674	127
C	45.814	94.307	7.104	127
N	46.494	93.605	7.994	128
CA	46.158	93.672	9.415	128
C	47.451	93.719	10.186	128
N	47.402	94.197	11.425	129
CA	48.595	94.206	12.254	129
C	48.792	92.832	12.865	129
N	49.861	92.141	12.471	130
CA	50.022	90.72	12.787	130
C	50.464	90.551	14.225	130
N	50.974	91.635	14.788	131
CA	51.464	91.6	16.148	131
C	50.302	91.776	17.124	131
N	49.411	92.706	16.804	132
CA	48.256	92.964	17.65	132
C	47.239	91.845	17.528	132
N	47.184	91.204	16.364	133
CA	46.145	90.212	16.113	133
C	46.675	89.035	15.313	133
N	46.156	87.853	15.616	134
CA	46.707	86.643	15.021	134
C	46.229	86.374	13.589	134
N	45.195	87.095	13.139	135
CA	44.634	86.917	11.788	135
C	43.786	88.111	11.321	135
N	43.693	88.275	10.004	136
CA	42.853	89.282	9.384	136
C	41.387	89.155	9.805	136
N	40.903	87.928	9.937	137
CA	39.485	87.746	10.228	137
C	39.128	88.178	11.642	137
N	40.024	87.942	12.599	138
CA	39.782	88.426	13.948	138
C	39.743	89.965	13.942	138
N	40.786	90.599	13.4	139
CA	40.791	92.046	13.193	139
C	39.441	92.521	12.681	139
N	38.982	91.951	11.574	140
CA	37.66	92.311	11.078	140
C	36.597	92.18	12.171	140
N	36.598	91.028	12.852	141
CA	35.659	90.722	13.943	141
C	35.626	91.801	15.018	141
N	36.787	92.107	15.583	142
CA	36.888	93.129	16.613	142
C	36.755	94.579	16.111	142
N	36.463	94.773	14.825	143
CA	36.466	96.116	14.251	143
C	37.777	96.799	14.584	143
N	38.847	96.019	14.542	144
CA	40.19	96.55	14.701	144
C	40.573	97.366	13.491	144
N	41.581	98.208	13.641	145
CA	42.103	98.909	12.485	145
C	42.671	97.923	11.454	145
N	42.345	98.119	10.188	146
CA	43.022	97.375	9.132	146
C	43.578	98.37	8.114	146
N	44.603	97.954	7.388	147
CA	45.213	98.784	6.367	147
C	44.718	98.397	4.989	147
N	44.638	99.384	4.092	148
CA	44.292	99.111	2.7	148
C	45.104	100.017	1.766	148
N	45.746	99.435	0.746	149
CA	46.326	100.222	-0.358	149
C	45.391	100.216	-1.554	149
N	45.154	101.373	-2.148	150
CA	44.444	101.417	-3.412	150
C	45.444	101.777	-4.523	150
N	45.483	100.956	-5.579	151
CA	46.372	101.18	-6.732	151
C	45.505	101.292	-7.983	151
N	45.688	102.362	-8.758	152
CA	44.93	102.525	-10.002	152
C	45.687	101.881	-11.151	152
N	44.947	101.326	-12.11	153
CA	45.523	100.848	-13.374	153
C	45.117	101.833	-14.452	153
N	46.035	102.108	-15.373	154
CA	45.773	103.041	-16.447	154
C	46.046	102.4	-17.804	154
N	45.153	102.661	-18.758	155
CA	45.277	102.117	-20.111	155
C	46.655	102.39	-20.724	155
N	47.178	101.401	-21.446	156
CA	48.534	101.425	-21.992	156
C	48.488	100.734	-23.374	156
N	49.333	101.187	-24.328	157
CA	49.27	100.641	-25.691	157
C	49.63	99.147	-25.768	157
N	50.486	98.697	-24.866	158
CA	50.964	97.319	-24.89	158
C	50.755	96.68	-23.534	158
N	50.699	95.345	-23.529	159
CA	50.593	94.544	-22.317	159
C	51.641	94.918	-21.283	159
N	51.197	95.035	-20.038	160
CA	52.112	95.11	-18.904	160
C	52.488	93.702	-18.448	160
N	53.695	93.268	-18.8	161
CA	54.141	91.909	-18.509	161
C	54.049	91.561	-17.049	161
N	54.098	92.573	-16.186	162
CA	54.131	92.368	-14.738	162
C	52.808	91.766	-14.287	162
N	51.766	92.064	-15.057	163
CA	50.412	91.581	-14.801	163
C	50.166	90.178	-15.387	163
N	51.109	89.667	-16.163	164
CA	50.858	88.398	-16.862	164
C	50.242	87.296	-15.998	164
N	50.854	87.0	-14.841	165
CA	50.343	85.901	-14.019	165
C	48.944	86.204	-13.488	165
N	48.673	87.461	-13.186	166
CA	47.331	87.79	-12.734	166
C	46.303	87.638	-13.87	166
N	46.64	88.13	-15.065	167
CA	45.736	88.023	-16.218	167
C	45.517	86.554	-16.567	167
N	46.587	85.765	-16.493	168
CA	46.485	84.342	-16.801	168
C	45.542	83.691	-15.772	168
N	45.706	84.058	-14.505	169
CA	44.826	83.547	-13.478	169
C	43.367	83.897	-13.729	169
N	43.096	85.119	-14.187	170
CA	41.712	85.53	-14.422	170
C	41.065	84.59	-15.417	170
N	41.846	84.163	-16.39	171
CA	41.341	83.272	-17.435	171
C	40.869	81.916	-16.874	171
N	41.445	81.558	-15.734	172
CA	41.104	80.307	-15.092	172
C	39.998	80.421	-14.062	172
N	39.485	81.624	-13.787	173
CA	38.399	81.707	-12.782	173
C	37.182	82.461	-13.303	173
N	36.73	82.097	-14.489	174
CA	35.653	82.82	-15.148	174
C	34.364	82.816	-14.332	174
N	34.066	81.699	-13.671	175
CA	32.807	81.621	-12.928	175
C	32.893	81.767	-11.405	175
N	31.791	82.226	-10.833	176
CA	31.646	82.329	-9.393	176
C	32.091	81.007	-8.745	176
N	32.98	81.1	-7.75	177
CA	33.519	79.986	-6.969	177
C	34.732	79.276	-7.573	177
N	35.068	79.539	-8.835	178
CA	36.26	78.879	-9.358	178
C	37.494	79.386	-8.631	178
N	38.473	78.515	-8.456	179
CA	39.744	78.901	-7.851	179
C	40.89	78.428	-8.739	179
N	42.043	79.075	-8.623	180
CA	43.237	78.619	-9.331	180
C	44.505	79.026	-8.596	180
N	45.547	78.217	-8.716	181
CA	46.875	78.664	-8.333	181
C	47.39	79.591	-9.424	181
N	48.337	80.446	-9.058	182
CA	48.911	81.442	-9.963	182
C	50.39	81.145	-10.216	182
N	50.875	81.603	-11.358	183
CA	52.3	81.6	-11.641	183
C	52.928	82.626	-10.698	183
N	54.189	82.433	-10.338	184
CA	54.828	83.37	-9.407	184
C	54.792	84.818	-9.919	184
N	54.586	85.773	-9.022	185
CA	54.576	87.177	-9.411	185
C	55.271	88.035	-8.337	185
N	55.626	89.261	-8.694	186
CA	56.283	90.172	-7.755	186
C	55.259	91.188	-7.297	186
N	54.845	91.067	-6.047	187
CA	53.851	91.988	-5.54	187
C	54.275	93.44	-5.805	187
N	55.564	93.726	-5.661	188
CA	56.045	95.087	-5.881	188
C	55.63	95.596	-7.259	188
N	55.595	94.698	-8.235	189
CA	55.366	95.118	-9.608	189
C	53.893	95.306	-9.93	189
N	53.018	95.171	-8.938	190
CA	51.636	95.543	-9.165	190
C	51.389	96.898	-8.518	190
N	52.431	97.46	-7.91	191
CA	52.348	98.833	-7.363	191
C	52.959	99.802	-8.37	191
N	52.626	101.102	-8.26	192
CA	53.184	102.085	-9.189	192
C	54.691	102.156	-9.094	192
N	55.308	102.521	-10.212	193
CA	56.748	102.646	-10.291	193
C	57.262	103.582	-9.205	193
N	56.566	104.704	-8.992	194
CA	56.895	105.677	-7.945	194
C	55.9	105.599	-6.792	194
N	56.396	105.243	-5.609	195
CA	55.598	105.189	-4.391	195
C	55.577	106.537	-3.635	195
N	56.287	107.525	-4.15	196
CA	56.466	108.768	-3.426	196
C	55.196	109.512	-3.062	196
N	54.295	109.627	-4.04	197
CA	53.051	110.387	-3.918	197
C	51.912	109.476	-3.582	197
N	51.275	109.702	-2.437	198
CA	50.092	108.936	-2.081	198
C	49.25	109.806	-1.171	198
N	48.012	109.401	-0.976	199
CA	47.131	110.088	-0.057	199
C	46.831	109.164	1.102	199
N	46.439	109.749	2.232	200
CA	46.062	108.967	3.411	200
C	44.782	109.53	4.007	200
N	43.83	108.66	4.321	201
CA	42.672	109.063	5.112	201
C	42.079	107.869	5.826	201
N	41.121	108.155	6.713	202
CA	40.435	107.144	7.489	202
C	39.068	106.948	6.896	202
N	38.718	105.693	6.606	203
CA	37.467	105.44	5.924	203
C	37.026	104.046	6.262	203
N	36.41	103.375	5.298	204
CA	35.724	102.133	5.608	204
C	35.999	101.064	4.558	204
N	35.58	99.841	4.861	205
CA	35.396	98.827	3.818	205
C	34.432	99.401	2.755	205
N	34.659	99.085	1.488	206
CA	33.775	99.537	0.413	206
C	32.746	98.459	0.038	206
N	32.599	97.46	0.914	207
CA	31.529	96.484	0.793	207
C	30.917	96.24	2.186	207
N	29.671	95.757	2.239	208
CA	29.095	95.416	3.547	208
C	30.051	94.479	4.273	208
N	30.217	94.626	5.601	209
CA	29.413	95.552	6.413	209
C	29.859	97.03	6.431	209
N	30.729	97.467	5.521	210
CA	31.174	98.879	5.458	210
C	31.811	99.429	6.752	210
N	32.479	98.578	7.522	211
CA	33.039	98.985	8.804	211
C	34.012	100.163	8.622	211
N	33.965	101.132	9.545	212
CA	34.777	102.352	9.461	212
C	36.078	102.194	10.231	212
N	36.826	101.174	9.82	213
CA	38.08	100.808	10.453	213
C	39.302	100.888	9.524	213
N	39.149	101.479	8.34	214
CA	40.222	101.407	7.343	214
C	41.154	102.628	7.232	214
N	42.445	102.365	7.394	215
CA	43.458	103.346	7.021	215
C	43.836	103.1	5.572	215
N	43.466	104.059	4.726	216
CA	43.621	103.933	3.29	216
C	44.92	104.587	2.87	216
N	45.611	103.93	1.945	217
CA	46.785	104.479	1.29	217
C	46.436	104.429	-0.186	217
N	46.161	105.591	-0.748	218
CA	45.822	105.686	-2.154	218
C	46.991	106.268	-2.956	218
N	47.575	105.435	-3.815	219
CA	48.746	105.829	-4.566	219
C	48.32	106.7	-5.723	219
N	49.117	107.727	-5.994	220
CA	48.748	108.772	-6.948	220
C	48.993	108.336	-8.381	220
N	50.119	107.661	-8.597	221
CA	50.507	107.257	-9.949	221
C	49.938	105.881	-10.229	221
N	49.38	105.665	-11.44	222
CA	48.785	104.362	-11.805	222
C	49.794	103.358	-12.338	222
N	49.351	102.104	-12.432	223
CA	50.083	101.021	-13.072	223
C	49.447	100.756	-14.461	223
N	50.27	100.518	-15.515	224
CA	49.74	100.416	-16.884	224
C	49.068	99.085	-17.146	224
N	48.042	99.073	-17.992	225
CA	47.4	97.818	-18.412	225
C	46.838	98.013	-19.802	225
N	46.927	96.989	-20.646	226
CA	46.466	97.178	-22.02	226
C	44.997	96.838	-22.126	226
N	44.352	97.297	-23.206	227
CA	42.988	96.878	-23.526	227
C	42.867	95.354	-23.68	227
N	43.904	94.724	-24.195	228
CA	43.864	93.266	-24.318	228
C	43.803	92.642	-22.917	228
N	44.675	93.101	-22.033	229
CA	44.663	92.571	-20.671	229
C	43.34	92.829	-19.965	229
N	42.766	94.007	-20.18	230
CA	41.489	94.352	-19.546	230
C	40.376	93.381	-19.932	230
N	40.471	92.841	-21.142	231
CA	39.435	91.917	-21.629	231
C	39.272	90.761	-20.643	231
N	40.334	90.448	-19.915	232
CA	40.286	89.29	-19.008	232
C	39.375	89.575	-17.81	232
N	39.381	90.833	-17.342	233
CA	38.455	91.263	-16.288	233
C	37.028	91.256	-16.814	233
N	36.82	91.818	-18.011	234
CA	35.469	91.883	-18.566	234
C	34.884	90.493	-18.871	234
N	35.75	89.497	-19.025	235
CA	35.291	88.126	-19.327	235
C	34.825	87.347	-18.091	235
N	34.911	87.967	-16.915	236
CA	34.506	87.303	-15.663	236
C	32.974	87.304	-15.477	236
N	32.432	86.218	-14.92	237
CA	31.003	86.114	-14.593	237
C	30.756	85.996	-13.086	237
N	29.53	86.249	-12.677	238
CA	29.151	85.997	-11.307	238
C	27.795	85.324	-11.341	238
N	27.109	85.297	-10.207	239
CA	25.731	84.824	-10.121	239
C	24.978	85.792	-9.222	239
N	23.67	85.889	-9.406	240
CA	22.87	86.772	-8.576	240
C	21.618	86.046	-8.21	240
N	20.934	86.563	-7.189	241
CA	19.698	85.937	-6.728	241
C	18.498	86.825	-6.89	241
N	17.399	86.218	-7.296	242
CA	16.087	86.826	-7.162	242
C	15.259	85.787	-6.386	242
N	13.982	86.069	-6.147	243
CA	13.157	85.158	-5.352	243
C	13.188	83.748	-5.936	243
N	13.848	82.814	-5.254	244
CA	13.941	81.432	-5.757	244
C	14.565	81.247	-7.158	244
N	15.355	82.215	-7.608	245
CA	16.152	81.983	-8.808	245
C	17.571	82.447	-8.644	245
N	18.497	81.673	-9.194	246
CA	19.904	82.051	-9.235	246
C	20.251	82.156	-10.7	246
N	21.001	83.186	-11.085	247
CA	21.31	83.407	-12.483	247
C	22.788	83.662	-12.711	247
N	23.282	83.28	-13.878	248
CA	24.653	83.596	-14.252	248
C	24.716	84.953	-14.96	248
N	25.504	85.889	-14.414	249
CA	25.546	87.273	-14.908	249
C	26.98	87.726	-15.134	249
N	27.157	88.68	-16.032	250
CA	28.454	89.303	-16.174	250
C	28.848	89.862	-14.817	250
N	30.119	89.789	-14.484	251
CA	30.62	90.512	-13.316	251
C	31.274	91.775	-13.882	251
N	30.603	92.883	-13.689	252
CA	31.031	94.097	-14.301	252
C	30.649	95.267	-13.393	252
N	31.376	96.364	-13.529	253
CA	31.081	97.598	-12.802	253
C	30.977	97.282	-11.321	253
N	31.896	96.465	-10.836	254
CA	31.831	96.02	-9.443	254
C	32.5	97.026	-8.501	254
N	31.951	98.239	-8.449	255
CA	32.519	99.271	-7.62	255
C	31.421	99.947	-6.827	255
N	31.791	100.484	-5.685	256
CA	30.834	101.2	-4.856	256
C	30.865	102.677	-5.207	256
N	29.686	103.325	-5.256	257
CA	29.689	104.775	-5.517	257
C	30.424	105.532	-4.423	257
N	30.849	106.754	-4.72	258
CA	31.673	107.489	-3.788	258
C	30.838	108.144	-2.697	258
N	31.506	108.485	-1.596	259
CA	30.839	108.848	-0.346	259
C	31.309	110.244	0.101	259
N	30.615	110.842	1.074	260
CA	30.95	112.207	1.506	260
C	32.119	112.24	2.491	260
N	33.007	113.229	2.332	261
CA	34.174	113.369	3.212	261
C	33.789	113.693	4.641	261
N	32.777	114.544	4.786	262
CA	32.378	115.067	6.086	262
C	33.532	115.699	6.874	262
N	33.74	115.23	8.093	263
CA	34.687	115.879	8.999	263
C	36.154	115.539	8.721	263
N	36.387	114.713	7.717	264
CA	37.717	114.178	7.492	264
C	38.54	115.051	6.583	264
N	39.842	115.032	6.794	265
CA	40.741	115.594	5.812	265
C	41.572	114.457	5.248	265
N	41.996	114.641	4.002	266
CA	42.944	113.758	3.367	266
C	44.336	114.323	3.525	266
N	45.268	113.445	3.858	267
CA	46.661	113.817	3.923	267
C	47.297	113.363	2.638	267
N	48.362	114.046	2.264	268
CA	48.981	113.839	0.969	268
C	50.468	113.908	1.219	268
N	51.185	112.875	0.79	269
CA	52.625	112.825	0.982	269
C	53.32	113.633	-0.106	269
