ATOM	X	Y	Z	RESIDUE
N	-3.25	1.695	17.925	1
CA	-2.946	1.075	16.621	1
C	-2.697	2.165	15.602	1
N	-1.719	1.949	14.732	2
CA	-1.334	2.857	13.667	2
C	-1.156	2.056	12.383	2
N	-1.703	2.578	11.294	3
CA	-1.416	2.115	9.942	3
C	-0.607	3.204	9.245	3
N	0.463	2.808	8.57	4
CA	1.229	3.673	7.678	4
C	1.177	3.09	6.273	4
N	0.82	3.892	5.273	5
CA	1.031	3.55	3.861	5
C	2.292	4.285	3.414	5
N	3.373	3.538	3.21	6
CA	4.676	4.038	2.792	6
C	4.889	3.705	1.317	6
N	4.921	4.719	0.463	7
CA	4.938	4.515	-0.977	7
C	6.024	5.336	-1.677	7
N	6.611	4.76	-2.724	8
CA	7.572	5.445	-3.598	8
C	6.838	6.299	-4.629	8
N	7.301	7.534	-4.809	9
CA	6.756	8.512	-5.745	9
C	5.652	9.384	-5.144	9
N	5.422	10.55	-5.748	10
CA	4.341	11.461	-5.342	10
C	3.066	11.19	-6.119	10
N	1.934	11.207	-5.427	11
CA	0.631	11.25	-6.072	11
C	0.398	12.648	-6.658	11
N	0.152	12.752	-7.966	12
CA	0.012	14.053	-8.647	12
C	-1.444	14.382	-8.93	12
N	-2.198	13.394	-9.383	13
CA	-3.549	13.556	-9.883	13
C	-4.55	13.816	-8.753	13
N	-5.411	14.82	-8.955	14
CA	-6.389	15.258	-7.952	14
C	-7.389	14.159	-7.585	14
N	-7.865	13.389	-8.561	15
CA	-8.883	12.363	-8.331	15
C	-8.36	11.217	-7.453	15
N	-7.091	10.823	-7.606	16
CA	-6.478	9.852	-6.7	16
C	-6.33	10.394	-5.283	16
N	-5.882	11.646	-5.131	17
CA	-5.803	12.293	-3.811	17
C	-7.163	12.356	-3.123	17
N	-8.214	12.689	-3.87	18
CA	-9.576	12.753	-3.343	18
C	-10.086	11.378	-2.904	18
N	-9.841	10.333	-3.7	19
CA	-10.216	8.971	-3.333	19
C	-9.503	8.51	-2.05	19
N	-8.2	8.783	-1.925	20
CA	-7.438	8.479	-0.707	20
C	-7.989	9.249	0.496	20
N	-8.187	10.564	0.369	21
CA	-8.669	11.409	1.462	21
C	-10.043	10.961	1.994	21
N	-10.917	10.461	1.116	22
CA	-12.203	9.889	1.518	22
C	-12.016	8.648	2.407	22
N	-11.108	7.734	2.051	23
CA	-10.827	6.562	2.883	23
C	-10.033	6.893	4.149	23
N	-9.129	7.875	4.125	24
CA	-8.464	8.375	5.337	24
C	-9.488	8.898	6.349	24
N	-10.447	9.71	5.885	25
CA	-11.547	10.212	6.716	25
C	-12.386	9.068	7.285	25
N	-12.74	8.08	6.457	26
CA	-13.509	6.899	6.886	26
C	-12.743	6.013	7.868	26
N	-11.415	5.958	7.779	27
CA	-10.545	5.199	8.681	27
C	-10.358	5.853	10.053	27
N	-10.545	7.172	10.164	28
CA	-10.319	7.939	11.396	28
C	-10.937	7.338	12.673	28
N	-12.199	6.86	12.664	29
CA	-12.817	6.198	13.822	29
C	-12.219	4.831	14.209	29
N	-11.363	4.247	13.368	30
CA	-10.814	2.898	13.54	30
C	-9.336	2.91	13.921	30
N	-8.54	3.768	13.285	31
CA	-7.09	3.811	13.482	31
C	-6.52	5.173	13.114	31
N	-5.346	5.493	13.665	32
CA	-4.498	6.526	13.073	32
C	-3.939	5.995	11.751	32
N	-4.126	6.751	10.676	33
CA	-3.571	6.484	9.349	33
C	-2.567	7.587	9.014	33
N	-1.361	7.197	8.614	34
CA	-0.353	8.105	8.071	34
C	-0.006	7.655	6.645	34
N	0.054	8.588	5.699	35
CA	0.543	8.324	4.343	35
C	1.892	9.013	4.18	35
N	2.919	8.227	3.867	36
CA	4.292	8.697	3.704	36
C	4.73	8.415	2.275	36
N	5.121	9.472	1.577	37
CA	5.696	9.383	0.241	37
C	7.21	9.573	0.326	37
N	7.968	8.647	-0.257	38
CA	9.408	8.823	-0.479	38
C	9.667	9.16	-1.949	38
N	10.667	10.001	-2.267	39
CA	10.993	10.317	-3.655	39
C	11.342	9.066	-4.468	39
N	10.756	8.968	-5.655	40
CA	11.158	8.066	-6.731	40
C	12.457	8.553	-7.388	40
N	13.27	7.623	-7.887	41
CA	14.384	7.976	-8.766	41
C	13.897	8.159	-10.205	41
N	14.651	8.938	-10.986	42
CA	14.444	8.966	-12.433	42
C	14.754	7.581	-12.994	42
N	13.777	7.002	-13.678	43
CA	13.874	5.695	-14.304	43
C	13.583	5.813	-15.812	43
N	14.582	6.158	-16.65	44
CA	14.44	6.09	-18.105	44
C	14.058	4.676	-18.569	44
N	13.332	4.556	-19.684	45
CA	12.863	3.251	-20.193	45
C	14.008	2.295	-20.577	45
N	15.169	2.83	-20.973	46
CA	16.311	2.053	-21.474	46
C	17.417	1.835	-20.425	46
N	17.065	1.696	-19.146	47
CA	18.053	1.385	-18.108	47
C	18.574	-0.049	-18.23	47
N	19.862	-0.225	-17.96	48
CA	20.458	-1.536	-17.717	48
C	19.962	-2.144	-16.4	48
N	20.064	-3.468	-16.261	49
CA	19.72	-4.172	-15.015	49
C	20.471	-3.61	-13.796	49
N	21.724	-3.178	-13.997	50
CA	22.542	-2.549	-12.954	50
C	21.977	-1.193	-12.524	50
N	21.512	-0.38	-13.467	51
CA	20.889	0.916	-13.172	51
C	19.527	0.737	-12.496	51
N	18.729	-0.244	-12.935	52
CA	17.474	-0.621	-12.269	52
C	17.739	-1.01	-10.811	52
N	18.771	-1.814	-10.549	53
CA	19.1	-2.218	-9.183	53
C	19.58	-1.036	-8.329	53
N	20.372	-0.112	-8.884	54
CA	20.764	1.124	-8.188	54
C	19.566	2.028	-7.863	54
N	18.595	2.126	-8.777	55
CA	17.333	2.844	-8.544	55
C	16.581	2.209	-7.381	55
N	16.365	0.891	-7.442	56
CA	15.683	0.141	-6.385	56
C	16.403	0.302	-5.051	56
N	17.73	0.201	-5.02	57
CA	18.542	0.341	-3.807	57
C	18.324	1.703	-3.137	57
N	18.428	2.806	-3.889	58
CA	18.206	4.16	-3.352	58
C	16.783	4.362	-2.839	58
N	15.785	3.904	-3.589	59
CA	14.385	3.945	-3.157	59
C	14.179	3.092	-1.898	59
N	14.792	1.91	-1.856	60
CA	14.774	0.99	-0.726	60
C	15.38	1.587	0.539	60
N	16.512	2.283	0.433	61
CA	17.115	3.006	1.556	61
C	16.17	4.08	2.113	61
N	15.466	4.819	1.242	62
CA	14.474	5.821	1.672	62
C	13.284	5.183	2.376	62
N	12.803	4.042	1.88	63
CA	11.744	3.256	2.525	63
C	12.207	2.815	3.919	63
N	13.358	2.144	4.011	64
CA	13.881	1.596	5.265	64
C	14.109	2.687	6.318	64
N	14.566	3.875	5.913	65
CA	14.737	5.023	6.805	65
C	13.425	5.532	7.445	65
N	12.254	5.131	6.93	66
CA	10.934	5.481	7.485	66
C	10.307	4.364	8.321	66
N	10.883	3.164	8.316	67
CA	10.363	1.995	9.028	67
C	11.012	1.915	10.408	67
N	10.203	1.782	11.465	68
CA	10.743	1.554	12.809	68
C	11.099	0.071	12.991	68
N	12.079	-0.266	13.847	69
CA	12.477	-1.657	14.075	69
C	11.318	-2.579	14.482	69
N	10.402	-2.091	15.319	70
CA	9.259	-2.843	15.842	70
C	8.017	-2.844	14.939	70
N	8.005	-2.059	13.857	71
CA	6.848	-2.002	12.963	71
C	6.671	-3.338	12.24	71
N	5.426	-3.771	12.076	72
CA	5.08	-4.898	11.206	72
C	5.002	-4.409	9.768	72
N	5.923	-4.863	8.928	73
CA	6.051	-4.435	7.533	73
C	5.315	-5.41	6.627	73
N	4.396	-4.89	5.819	74
CA	3.633	-5.645	4.828	74
C	3.968	-5.075	3.451	74
N	4.753	-5.792	2.661	75
CA	5.129	-5.373	1.305	75
C	4.059	-5.787	0.306	75
N	3.732	-4.9	-0.636	76
CA	2.874	-5.247	-1.765	76
C	3.736	-5.828	-2.885	76
N	3.512	-7.103	-3.186	77
CA	4.324	-7.891	-4.108	77
C	3.43	-8.755	-4.991	77
N	3.72	-8.821	-6.294	78
CA	2.943	-9.642	-7.243	78
C	2.933	-11.118	-6.81	78
N	4.074	-11.62	-6.321	79
CA	4.249	-13.0	-5.845	79
C	3.915	-13.19	-4.356	79
N	3.379	-12.159	-3.696	80
CA	2.913	-12.252	-2.319	80
C	1.689	-13.16	-2.168	80
N	1.276	-13.392	-0.924	81
CA	0.071	-14.164	-0.619	81
C	-1.171	-13.368	-1.019	81
N	-2.052	-13.979	-1.808	82
CA	-3.359	-13.408	-2.139	82
C	-4.361	-13.743	-1.035	82
N	-5.01	-12.719	-0.486	83
CA	-6.044	-12.846	0.54	83
C	-7.378	-12.319	0.009	83
N	-8.486	-12.862	0.517	84
CA	-9.766	-12.151	0.455	84
C	-9.761	-10.967	1.431	84
N	-10.782	-10.112	1.366	85
CA	-10.955	-9.023	2.331	85
C	-11.092	-9.534	3.772	85
N	-11.799	-10.647	3.974	86
CA	-11.918	-11.335	5.264	86
C	-10.572	-11.91	5.705	86
N	-9.804	-12.482	4.772	87
CA	-8.455	-12.974	5.043	87
C	-7.513	-11.861	5.504	87
N	-7.575	-10.681	4.876	88
CA	-6.809	-9.508	5.305	88
C	-7.256	-9.016	6.69	88
N	-8.567	-8.962	6.94	89
CA	-9.12	-8.606	8.246	89
C	-8.641	-9.564	9.343	89
N	-8.663	-10.867	9.064	90
CA	-8.191	-11.898	9.978	90
C	-6.686	-11.781	10.244	90
N	-5.867	-11.593	9.207	91
CA	-4.412	-11.441	9.335	91
C	-4.052	-10.231	10.213	91
N	-4.698	-9.082	9.984	92
CA	-4.503	-7.887	10.808	92
C	-4.972	-8.113	12.247	92
N	-6.163	-8.686	12.438	93
CA	-6.697	-8.968	13.766	93
C	-5.783	-9.914	14.556	93
N	-5.308	-10.994	13.929	94
CA	-4.408	-11.953	14.565	94
C	-3.132	-11.261	15.058	94
N	-2.501	-10.445	14.215	95
CA	-1.306	-9.674	14.58	95
C	-1.567	-8.681	15.709	95
N	-2.721	-8.016	15.686	96
CA	-3.15	-7.126	16.765	96
C	-3.315	-7.867	18.093	96
N	-3.929	-9.054	18.087	97
CA	-4.057	-9.879	19.302	97
C	-2.705	-10.371	19.828	97
N	-1.7	-10.5	18.955	98
CA	-0.306	-10.79	19.315	98
C	0.479	-9.548	19.786	98
N	-0.184	-8.404	19.979	99
CA	0.424	-7.174	20.495	99
C	1.054	-6.265	19.435	99
N	0.995	-6.622	18.147	100
CA	1.471	-5.75	17.069	100
C	0.499	-4.579	16.895	100
N	1.004	-3.348	16.963	101
CA	0.152	-2.148	16.954	101
C	0.584	-1.069	15.962	101
N	1.686	-1.283	15.244	102
CA	2.244	-0.374	14.243	102
C	2.501	-1.151	12.95	102
N	1.646	-0.945	11.951	103
CA	1.706	-1.634	10.665	103
C	2.141	-0.665	9.572	103
N	3.047	-1.106	8.704	104
CA	3.551	-0.325	7.574	104
C	3.335	-1.122	6.299	104
N	2.378	-0.694	5.484	105
CA	2.207	-1.214	4.135	105
C	3.163	-0.498	3.187	105
N	3.94	-1.251	2.412	106
CA	4.979	-0.708	1.531	106
C	4.614	-0.925	0.067	106
N	4.591	0.163	-0.704	107
CA	4.389	0.158	-2.158	107
C	5.68	0.631	-2.829	107
N	6.298	-0.254	-3.612	108
CA	7.512	0.05	-4.372	108
C	7.289	1.016	-5.536	108
N	8.396	1.463	-6.133	109
CA	8.383	2.257	-7.36	109
C	8.064	1.404	-8.59	109
N	8.153	2.001	-9.78	110
CA	7.857	1.323	-11.055	110
C	8.705	0.067	-11.3	110
N	9.906	0.002	-10.714	111
CA	10.834	-1.129	-10.831	111
C	10.727	-2.14	-9.669	111
N	9.746	-1.971	-8.779	112
CA	9.54	-2.83	-7.616	112
C	10.413	-2.464	-6.413	112
N	10.603	-3.429	-5.514	113
CA	11.317	-3.246	-4.25	113
C	12.737	-3.814	-4.328	113
N	13.689	-3.136	-3.688	114
CA	15.024	-3.691	-3.466	114
C	14.973	-4.872	-2.496	114
N	15.91	-5.81	-2.658	115
CA	16.025	-7.018	-1.828	115
C	16.075	-6.724	-0.325	115
N	16.674	-5.611	0.096	116
CA	16.758	-5.256	1.52	116
C	15.382	-4.916	2.115	116
N	14.491	-4.316	1.315	117
CA	13.106	-4.05	1.736	117
C	12.32	-5.353	1.804	117
N	12.508	-6.231	0.813	118
CA	11.892	-7.559	0.789	118
C	12.327	-8.386	2.008	118
N	13.619	-8.372	2.343	119
CA	14.169	-9.053	3.516	119
C	13.638	-8.473	4.835	119
N	13.396	-7.157	4.896	120
CA	12.776	-6.509	6.061	120
C	11.286	-6.841	6.198	120
N	10.619	-7.282	5.135	121
CA	9.184	-7.552	5.154	121
C	8.816	-8.637	6.166	121
N	7.728	-8.415	6.901	122
CA	7.131	-9.417	7.781	122
C	6.01	-10.199	7.082	122
N	5.543	-9.715	5.927	123
CA	4.507	-10.35	5.125	123
C	4.476	-9.775	3.704	123
N	4.531	-10.635	2.69	124
CA	4.32	-10.246	1.299	124
C	2.842	-10.435	0.924	124
N	2.139	-9.346	0.612	125
CA	0.726	-9.329	0.223	125
C	0.593	-9.085	-1.284	125
N	-0.197	-9.911	-1.966	126
CA	-0.556	-9.718	-3.374	126
C	-2.04	-9.398	-3.506	126
N	-2.371	-8.367	-4.284	127
CA	-3.762	-7.997	-4.575	127
C	-4.308	-8.701	-5.818	127
N	-3.43	-9.12	-6.728	128
CA	-3.792	-9.815	-7.958	128
C	-2.54	-10.362	-8.634	128
N	-2.737	-11.326	-9.537	129
CA	-1.732	-11.678	-10.552	129
C	-1.546	-10.572	-11.601	129
N	-2.502	-9.647	-11.707	130
CA	-2.435	-8.487	-12.595	130
C	-1.624	-7.355	-11.965	130
N	-0.922	-6.606	-12.808	131
CA	-0.209	-5.394	-12.403	131
C	-1.154	-4.198	-12.423	131
N	-1.197	-3.444	-11.325	132
CA	-1.931	-2.182	-11.24	132
C	-0.971	-0.988	-11.272	132
N	-1.384	0.163	-11.835	133
CA	-0.655	1.41	-11.651	133
C	-0.489	1.724	-10.163	133
N	0.699	2.175	-9.764	134
CA	1.019	2.419	-8.356	134
C	0.045	3.407	-7.687	134
N	-0.46	4.413	-8.417	135
CA	-1.452	5.353	-7.887	135
C	-2.772	4.654	-7.548	135
N	-3.254	3.797	-8.453	136
CA	-4.466	3.005	-8.249	136
C	-4.282	2.034	-7.082	136
N	-3.115	1.391	-6.989	137
CA	-2.815	0.445	-5.916	137
C	-2.883	1.1	-4.528	137
N	-2.476	2.369	-4.391	138
CA	-2.638	3.111	-3.127	138
C	-4.105	3.254	-2.723	138
N	-4.988	3.545	-3.682	139
CA	-6.434	3.685	-3.434	139
C	-7.064	2.348	-3.061	139
N	-6.744	1.292	-3.809	140
CA	-7.254	-0.055	-3.528	140
C	-6.766	-0.54	-2.159	140
N	-5.501	-0.288	-1.81	141
CA	-4.956	-0.642	-0.502	141
C	-5.696	0.062	0.64	141
N	-5.837	1.391	0.596	142
CA	-6.469	2.121	1.705	142
C	-7.947	1.739	1.869	142
N	-8.642	1.463	0.764	143
CA	-10.005	0.938	0.793	143
C	-10.06	-0.447	1.448	143
N	-9.161	-1.366	1.086	144
CA	-9.134	-2.709	1.673	144
C	-8.744	-2.692	3.155	144
N	-7.883	-1.763	3.584	145
CA	-7.612	-1.529	5.012	145
C	-8.877	-1.042	5.726	145
N	-9.613	-0.087	5.148	146
CA	-10.904	0.352	5.692	146
C	-11.903	-0.803	5.802	146
N	-12.034	-1.603	4.744	147
CA	-12.889	-2.79	4.726	147
C	-12.488	-3.804	5.79	147
N	-11.194	-4.048	5.974	148
CA	-10.7	-4.936	7.016	148
C	-11.159	-4.474	8.409	148
N	-11.103	-3.169	8.699	149
CA	-11.634	-2.619	9.951	149
C	-13.143	-2.786	10.106	149
N	-13.909	-2.57	9.034	150
CA	-15.359	-2.806	9.029	150
C	-15.688	-4.259	9.366	150
N	-14.999	-5.204	8.726	151
CA	-15.16	-6.643	8.966	151
C	-14.788	-6.997	10.41	151
N	-13.641	-6.524	10.915	152
CA	-13.212	-6.78	12.3	152
C	-14.207	-6.252	13.345	152
N	-14.941	-5.173	13.041	153
CA	-16.002	-4.638	13.911	153
C	-17.388	-5.244	13.661	153
N	-17.522	-6.184	12.724	154
CA	-18.812	-6.774	12.354	154
C	-19.776	-5.779	11.697	154
N	-19.261	-4.702	11.104	155
CA	-20.075	-3.658	10.496	155
C	-20.291	-3.919	8.999	155
N	-21.514	-3.698	8.508	156
CA	-21.81	-3.793	7.079	156
C	-20.957	-2.811	6.255	156
N	-20.42	-3.296	5.132	157
CA	-19.636	-2.486	4.198	157
C	-20.525	-1.702	3.223	157
N	-21.588	-2.34	2.727	158
CA	-22.594	-1.713	1.876	158
C	-23.791	-1.276	2.73	158
N	-24.185	-0.011	2.591	159
CA	-25.576	0.413	2.743	159
C	-26.079	0.783	1.361	159
