ATOM	X	Y	Z	RESIDUE
N	11.178	-0.458	8.592	1
CA	9.839	0.131	8.914	1
C	9.104	-0.956	9.708	1
N	8.363	-0.54	10.747	2
CA	7.626	-1.457	11.619	2
C	6.655	-2.264	10.819	2
N	6.36	-3.441	11.346	3
CA	5.429	-4.34	10.708	3
C	5.181	-5.497	11.638	3
N	4.804	-6.626	11.047	4
CA	4.51	-7.839	11.793	4
C	5.418	-9.032	11.465	4
N	6.606	-8.776	10.921	5
CA	7.51	-9.865	10.592	5
C	8.539	-10.066	11.674	5
N	9.199	-11.218	11.677	6
CA	10.229	-11.525	12.684	6
C	11.312	-10.463	12.802	6
N	11.502	-9.677	11.757	7
CA	12.529	-8.669	11.809	7
C	12.072	-7.265	12.159	7
N	10.811	-6.967	11.931	8
CA	10.315	-5.635	12.231	8
C	9.03	-5.781	13.024	8
N	8.853	-6.976	13.575	9
CA	7.656	-7.31	14.324	9
C	7.354	-6.543	15.583	9
N	6.197	-6.814	16.19	10
CA	5.788	-6.137	17.418	10
C	6.851	-6.183	18.539	10
N	7.748	-7.168	18.504	11
CA	8.801	-7.288	19.528	11
C	9.995	-6.346	19.281	11
N	9.934	-5.567	18.213	12
CA	11.009	-4.659	17.871	12
C	10.538	-3.214	17.937	12
N	9.229	-3.006	17.995	13
CA	8.677	-1.651	18.011	13
C	9.258	-0.692	19.068	13
N	9.668	-1.226	20.216	14
CA	10.216	-0.381	21.282	14
C	11.404	0.455	20.855	14
N	12.267	-0.115	20.019	15
CA	13.467	0.56	19.523	15
C	13.152	1.875	18.794	15
N	11.984	1.946	18.171	16
CA	11.597	3.149	17.465	16
C	10.544	3.919	18.234	16
N	9.712	3.203	18.982	17
CA	8.643	3.823	19.749	17
C	8.781	3.256	21.14	17
N	9.634	3.884	21.947	18
CA	9.962	3.534	23.326	18
C	8.731	3.313	24.17	18
N	7.664	4.039	23.832	19
CA	6.408	3.944	24.569	19
C	5.78	2.549	24.49	19
N	6.342	1.702	23.628	20
CA	5.882	0.329	23.483	20
C	5.935	-0.378	24.862	20
N	6.82	0.1	25.73	21
CA	7.008	-0.468	27.04	21
C	6.425	0.512	28.024	21
N	5.336	1.149	27.633	22
CA	4.725	2.124	28.505	22
C	3.917	1.503	29.617	22
N	3.234	2.374	30.354	23
CA	2.408	1.996	31.485	23
C	0.988	1.618	31.119	23
N	0.401	2.314	30.135	24
CA	-0.975	2.024	29.713	24
C	-1.124	1.582	28.233	24
N	-0.402	0.525	27.863	25
CA	-0.396	-0.04	26.52	25
C	-1.455	-1.098	26.218	25
N	-1.889	-1.145	24.954	26
CA	-2.886	-2.126	24.477	26
C	-2.32	-3.062	23.374	26
N	-2.942	-4.224	23.151	27
CA	-4.122	-4.802	23.802	27
C	-3.719	-5.459	25.14	27
N	-4.672	-6.056	25.842	28
CA	-4.4	-6.723	27.114	28
C	-5.402	-7.865	27.15	28
N	-5.189	-8.82	28.049	29
CA	-6.05	-9.987	28.231	29
C	-7.128	-9.621	29.231	29
N	-8.398	-9.743	28.862	30
CA	-9.487	-9.406	29.779	30
C	-9.831	-10.602	30.642	30
N	-9.478	-10.557	31.925	31
CA	-9.821	-11.654	32.833	31
C	-11.255	-11.376	33.319	31
N	-12.21	-12.157	32.839	32
CA	-13.601	-11.932	33.198	32
C	-13.926	-12.106	34.649	32
N	-13.05	-12.771	35.397	33
CA	-13.317	-13.015	36.817	33
C	-12.87	-11.887	37.739	33
N	-11.724	-11.297	37.459	34
CA	-11.308	-10.202	38.302	34
C	-11.696	-8.819	37.764	34
N	-12.496	-8.78	36.692	35
CA	-12.931	-7.51	36.105	35
C	-14.016	-6.936	37.007	35
N	-13.804	-5.714	37.459	36
CA	-14.716	-5.065	38.375	36
C	-15.976	-4.506	37.746	36
N	-17.076	-5.194	37.985	37
CA	-18.376	-4.765	37.508	37
C	-18.696	-3.399	38.098	37
N	-18.763	-2.384	37.252	38
CA	-19.045	-1.04	37.709	38
C	-20.478	-0.742	37.314	38
N	-21.317	-0.354	38.285	39
CA	-22.727	-0.05	38.004	39
C	-23.048	1.425	37.753	39
N	-22.067	2.301	37.958	40
CA	-22.258	3.731	37.729	40
C	-21.96	4.093	36.264	40
N	-21.778	3.068	35.434	41
CA	-21.497	3.264	34.023	41
C	-22.774	3.394	33.212	41
N	-22.973	4.6	32.696	42
CA	-24.097	4.93	31.845	42
C	-24.0	4.039	30.582	42
N	-25.137	3.74	29.948	43
CA	-24.992	2.892	28.752	43
C	-24.609	3.627	27.441	43
N	-23.864	2.925	26.597	44
CA	-23.416	3.446	25.317	44
C	-24.514	4.079	24.485	44
N	-24.187	5.175	23.805	45
CA	-25.097	5.856	22.894	45
C	-24.32	5.84	21.592	45
N	-24.711	4.961	20.667	46
CA	-24.078	4.864	19.345	46
C	-25.106	5.32	18.307	46
N	-24.739	6.348	17.544	47
CA	-25.633	6.914	16.538	47
C	-24.955	6.96	15.215	47
N	-25.148	5.92	14.427	48
CA	-24.539	5.861	13.114	48
C	-25.589	6.021	12.019	48
N	-26.726	6.636	12.337	49
CA	-27.762	6.823	11.315	49
C	-27.347	7.809	10.224	49
N	-26.438	8.712	10.565	50
CA	-25.977	9.725	9.634	50
C	-24.563	9.559	9.161	50
N	-23.983	8.4	9.401	51
CA	-22.615	8.152	8.985	51
C	-22.345	8.28	7.46	51
N	-21.22	8.899	7.117	52
CA	-20.804	9.046	5.73	52
C	-19.451	8.34	5.497	52
N	-19.482	7.127	4.949	53
CA	-18.237	6.451	4.66	53
C	-17.761	7.123	3.367	53
N	-16.461	7.049	3.084	54
CA	-15.889	7.678	1.894	54
C	-14.913	6.821	1.075	54
N	-13.819	6.404	1.71	55
CA	-12.803	5.596	1.056	55
C	-12.495	4.391	1.86	55
N	-11.814	3.477	1.19	56
CA	-11.288	2.266	1.778	56
C	-9.86	2.249	1.199	56
N	-8.866	1.943	2.027	57
CA	-7.491	1.888	1.545	57
C	-6.633	0.852	2.241	57
N	-5.711	0.294	1.486	58
CA	-4.8	-0.686	2.037	58
C	-3.638	0.207	2.397	58
N	-3.345	0.275	3.686	59
CA	-2.237	1.117	4.125	59
C	-0.947	0.325	4.351	59
N	-0.919	-0.934	3.933	60
CA	0.281	-1.723	4.099	60
C	0.393	-2.358	5.461	60
N	-0.618	-2.146	6.306	61
CA	-0.672	-2.723	7.666	61
C	-2.037	-3.319	7.9	61
N	-3.041	-2.727	7.26	62
CA	-4.427	-3.16	7.354	62
C	-5.241	-2.366	6.326	62
N	-6.538	-2.613	6.226	63
CA	-7.354	-1.808	5.305	63
C	-8.237	-0.9	6.154	63
N	-8.514	0.303	5.688	64
CA	-9.337	1.205	6.488	64
C	-10.527	1.738	5.749	64
N	-11.686	1.824	6.4	65
CA	-12.826	2.478	5.76	65
C	-12.84	3.855	6.468	65
N	-12.867	4.939	5.711	66
CA	-12.818	6.265	6.295	66
C	-14.161	6.927	6.163	66
N	-14.5	7.771	7.138	67
CA	-15.774	8.486	7.205	67
C	-15.536	9.99	7.266	67
N	-16.538	10.753	6.858	68
CA	-16.427	12.196	6.914	68
C	-16.698	12.653	8.353	68
N	-15.684	13.195	9.016	69
CA	-15.855	13.646	10.391	69
C	-15.73	15.16	10.514	69
N	-16.273	15.875	9.535	70
CA	-16.227	17.331	9.538	70
C	-17.433	17.873	10.282	70
N	-18.24	16.967	10.818	71
CA	-19.439	17.317	11.55	71
C	-19.858	16.086	12.31	71
N	-20.646	16.283	13.357	72
CA	-21.124	15.177	14.166	72
C	-22.084	14.363	13.331	72
N	-21.559	13.41	12.575	73
CA	-22.41	12.576	11.746	73
C	-22.676	11.256	12.445	73
N	-21.607	10.541	12.763	74
CA	-21.731	9.276	13.456	74
C	-20.922	9.448	14.723	74
N	-21.601	9.603	15.86	75
CA	-20.916	9.79	17.138	75
C	-21.138	8.693	18.203	75
N	-20.182	8.609	19.126	76
CA	-20.227	7.675	20.24	76
C	-20.296	8.516	21.541	76
N	-21.206	8.163	22.434	77
CA	-21.385	8.853	23.727	77
C	-21.845	7.787	24.721	77
N	-21.985	8.174	25.984	78
CA	-22.434	7.239	26.992	78
C	-21.268	6.431	27.486	78
N	-21.562	5.352	28.192	79
CA	-20.479	4.526	28.679	79
C	-19.605	5.314	29.625	79
N	-18.3	5.097	29.602	80
CA	-17.409	5.826	30.501	80
C	-16.993	7.212	30.0	80
N	-17.411	7.553	28.788	81
CA	-17.005	8.805	28.156	81
C	-17.676	10.075	28.582	81
N	-16.933	11.156	28.41	82
CA	-17.444	12.472	28.674	82
C	-17.24	13.278	27.408	82
N	-18.352	13.567	26.75	83
CA	-18.317	14.322	25.521	83
C	-18.673	13.452	24.336	83
N	-18.693	14.08	23.177	84
CA	-18.998	13.408	21.943	84
C	-17.678	12.967	21.342	84
N	-17.676	11.785	20.759	85
CA	-16.5	11.268	20.092	85
C	-17.059	10.992	18.708	85
N	-16.387	11.469	17.657	86
CA	-16.869	11.192	16.308	86
C	-16.028	10.153	15.54	86
N	-16.722	9.273	14.813	87
CA	-16.111	8.197	14.05	87
C	-15.241	8.76	12.965	87
N	-13.989	8.354	12.934	88
CA	-13.131	8.823	11.873	88
C	-12.757	7.665	10.938	88
N	-12.606	6.452	11.463	89
CA	-12.265	5.28	10.646	89
C	-12.407	3.948	11.382	89
N	-12.536	2.852	10.633	90
CA	-12.579	1.535	11.245	90
C	-11.666	0.581	10.473	90
N	-11.004	-0.324	11.203	91
CA	-10.097	-1.341	10.636	91
C	-10.167	-2.682	11.371	91
N	-9.528	-3.697	10.794	92
CA	-9.548	-5.045	11.346	92
C	-8.163	-5.564	11.583	92
N	-8.107	-6.666	12.316	93
CA	-6.882	-7.377	12.639	93
C	-7.322	-8.804	12.463	93
N	-6.543	-9.577	11.723	94
CA	-6.93	-10.96	11.486	94
C	-5.714	-11.895	11.474	94
N	-5.973	-13.196	11.592	95
CA	-4.889	-14.149	11.649	95
C	-4.849	-14.988	10.42	95
N	-3.829	-15.825	10.334	96
CA	-3.67	-16.706	9.189	96
C	-4.449	-17.976	9.394	96
N	-5.012	-18.136	10.593	97
CA	-5.82	-19.311	10.95	97
C	-7.04	-18.785	11.701	97
N	-8.064	-19.611	11.868	98
CA	-9.244	-19.136	12.575	98
C	-9.057	-18.973	14.067	98
N	-8.006	-19.583	14.598	99
CA	-7.756	-19.546	16.024	99
C	-6.911	-18.422	16.568	99
N	-6.657	-17.423	15.74	100
CA	-5.869	-16.297	16.167	100
C	-6.213	-15.162	15.243	100
N	-6.088	-13.936	15.73	101
CA	-6.395	-12.799	14.906	101
C	-6.844	-11.607	15.705	101
N	-7.444	-11.855	16.861	102
CA	-7.879	-10.755	17.699	102
C	-6.633	-10.237	18.43	102
N	-6.709	-8.994	18.911	103
CA	-5.604	-8.36	19.645	103
C	-5.869	-8.572	21.121	103
N	-7.095	-8.248	21.531	104
CA	-7.581	-8.448	22.886	104
C	-7.991	-9.904	22.98	104
N	-7.882	-10.483	24.164	105
CA	-8.253	-11.877	24.376	105
C	-9.19	-11.842	25.55	105
N	-10.044	-12.834	25.683	106
CA	-10.931	-12.861	26.834	106
C	-10.523	-14.132	27.59	106
N	-10.002	-13.951	28.792	107
CA	-9.528	-15.07	29.571	107
C	-8.57	-15.875	28.702	107
N	-7.706	-15.162	27.977	108
CA	-6.664	-15.753	27.123	108
C	-7.152	-16.398	25.812	108
N	-8.445	-16.27	25.537	109
CA	-9.046	-16.827	24.336	109
C	-8.951	-15.825	23.163	109
N	-8.366	-16.295	22.066	110
CA	-8.173	-15.501	20.865	110
C	-9.283	-15.739	19.865	110
N	-9.713	-14.654	19.238	111
CA	-10.775	-14.701	18.244	111
C	-10.188	-14.635	16.841	111
N	-11.012	-14.993	15.848	112
CA	-10.604	-15.018	14.434	112
C	-10.169	-13.658	13.87	112
N	-10.753	-12.583	14.4	113
CA	-10.437	-11.207	14.0	113
C	-11.008	-10.246	15.04	113
N	-10.714	-8.958	14.867	114
CA	-11.204	-7.937	15.78	114
C	-11.282	-6.612	15.02	114
N	-12.4	-5.931	15.19	115
CA	-12.699	-4.68	14.546	115
C	-12.532	-3.515	15.501	115
N	-11.98	-2.417	15.005	116
CA	-11.818	-1.249	15.826	116
C	-12.478	-0.123	15.095	116
N	-13.507	0.458	15.702	117
CA	-14.184	1.614	15.119	117
C	-13.598	2.772	15.9	117
N	-12.741	3.575	15.261	118
CA	-12.057	4.672	15.935	118
C	-12.786	5.984	15.946	118
N	-12.816	6.595	17.143	119
CA	-13.488	7.87	17.422	119
C	-12.566	8.796	18.209	119
N	-12.604	10.094	17.884	120
CA	-11.803	11.129	18.556	120
C	-12.661	12.177	19.332	120
N	-12.146	12.686	20.464	121
CA	-12.842	13.669	21.312	121
C	-12.941	15.033	20.662	121
N	-14.154	15.401	20.273	122
CA	-14.372	16.672	19.61	122
C	-13.992	17.897	20.426	122
N	-13.724	17.77	21.724	123
CA	-13.367	18.989	22.439	123
C	-11.995	19.428	21.991	123
N	-11.302	18.515	21.307	124
CA	-9.951	18.742	20.822	124
C	-9.743	19.26	19.366	124
N	-10.821	19.489	18.626	125
CA	-10.685	20.019	17.271	125
C	-10.323	19.063	16.143	125
N	-9.186	18.38	16.226	126
CA	-8.887	17.457	15.155	126
C	-8.244	16.224	15.713	126
N	-8.176	15.174	14.895	127
CA	-7.625	13.891	15.3	127
C	-6.186	13.987	15.76	127
N	-5.446	14.876	15.114	128
CA	-4.05	15.057	15.44	128
C	-3.815	15.613	16.824	128
N	-4.736	16.438	17.308	129
CA	-4.596	16.998	18.631	129
C	-5.144	15.948	19.585	129
N	-6.256	15.329	19.203	130
CA	-6.858	14.307	20.048	130
C	-5.87	13.209	20.477	130
N	-4.992	12.743	19.594	131
CA	-4.073	11.694	20.011	131
C	-3.059	12.178	21.055	131
N	-2.994	13.499	21.26	132
CA	-2.082	14.086	22.256	132
C	-2.66	14.059	23.673	132
N	-3.897	13.614	23.823	133
CA	-4.557	13.644	25.126	133
C	-4.896	12.297	25.711	133
N	-4.831	12.18	27.051	134
CA	-5.13	10.933	27.772	134
C	-6.551	10.454	27.498	134
N	-7.415	11.368	27.072	135
CA	-8.791	11.018	26.723	135
C	-9.143	11.449	25.305	135
N	-8.23	11.242	24.374	136
CA	-8.481	11.662	23.026	136
C	-9.37	10.768	22.201	136
N	-9.065	9.478	22.145	137
CA	-9.85	8.57	21.328	137
C	-10.664	7.59	22.14	137
N	-11.749	7.112	21.536	138
CA	-12.614	6.102	22.122	138
C	-12.702	5.047	21.033	138
N	-12.049	3.909	21.245	139
CA	-12.073	2.834	20.272	139
C	-13.053	1.745	20.727	139
N	-13.926	1.331	19.811	140
CA	-14.935	0.31	20.071	140
C	-14.444	-0.994	19.405	140
N	-14.077	-1.976	20.213	141
CA	-13.568	-3.222	19.69	141
C	-14.66	-4.256	19.671	141
N	-14.7	-5.058	18.616	142
CA	-15.7	-6.081	18.43	142
C	-14.947	-7.3	17.917	142
N	-15.198	-8.445	18.528	143
CA	-14.559	-9.69	18.137	143
C	-15.364	-10.36	17.025	143
N	-14.675	-11.083	16.154	144
CA	-15.34	-11.772	15.08	144
C	-14.985	-13.224	15.248	144
N	-16.009	-14.065	15.261	145
CA	-15.8	-15.498	15.349	145
C	-16.294	-16.042	14.009	145
N	-15.802	-17.214	13.632	146
CA	-16.195	-17.855	12.379	146
C	-17.351	-18.847	12.569	146
N	-18.455	-18.571	11.878	147
CA	-19.652	-19.39	11.928	147
C	-20.505	-18.961	10.742	147
N	-21.678	-18.392	10.997	148
CA	-22.543	-17.942	9.91	148
C	-21.993	-16.635	9.339	148
N	-22.571	-16.173	8.233	149
CA	-22.086	-14.962	7.577	149
C	-22.803	-13.723	8.001	149
N	-22.014	-12.669	8.134	150
CA	-22.503	-11.364	8.509	150
C	-22.817	-10.686	7.176	150
N	-24.113	-10.549	6.854	151
CA	-24.54	-9.922	5.608	151
C	-23.949	-8.525	5.448	151
N	-24.13	-7.678	6.458	152
CA	-23.627	-6.318	6.429	152
C	-22.134	-6.095	6.244	152
N	-21.343	-7.157	6.246	153
CA	-19.91	-7.039	6.061	153
C	-19.512	-7.407	4.652	153
N	-20.39	-8.102	3.932	154
CA	-20.095	-8.544	2.562	154
C	-19.712	-7.399	1.613	154
N	-20.355	-6.249	1.758	155
CA	-20.046	-5.105	0.929	155
C	-18.566	-4.809	1.001	155
N	-18.005	-4.951	2.192	156
CA	-16.588	-4.692	2.384	156
C	-15.769	-5.802	1.765	156
N	-16.226	-7.037	1.909	157
CA	-15.537	-8.213	1.369	157
C	-15.349	-8.172	-0.157	157
N	-16.332	-7.605	-0.859	158
CA	-16.333	-7.49	-2.329	158
C	-15.315	-6.536	-2.917	158
N	-15.182	-5.359	-2.319	159
CA	-14.245	-4.338	-2.777	159
C	-12.776	-4.658	-2.52	159
N	-12.484	-5.644	-1.684	160
CA	-11.092	-5.963	-1.359	160
C	-10.15	-6.196	-2.536	160
N	-10.689	-6.602	-3.684	161
CA	-9.859	-6.84	-4.881	161
C	-9.224	-5.548	-5.4	161
N	-9.994	-4.471	-5.295	162
CA	-9.631	-3.139	-5.729	162
C	-8.497	-2.51	-4.937	162
N	-8.178	-3.067	-3.764	163
CA	-7.144	-2.501	-2.9	163
C	-6.16	-3.567	-2.391	163
N	-5.933	-4.584	-3.211	164
CA	-5.054	-5.687	-2.853	164
C	-3.63	-5.327	-2.367	164
N	-3.012	-4.303	-2.954	165
CA	-1.649	-3.961	-2.574	165
C	-1.535	-2.666	-1.834	165
N	-0.491	-2.593	-1.011	166
CA	-0.254	-1.426	-0.181	166
C	-0.378	-0.178	-1.018	166
N	-1.146	0.79	-0.531	167
CA	-1.279	2.04	-1.246	167
C	-2.555	2.247	-2.021	167
N	-3.138	1.193	-2.591	168
CA	-4.382	1.38	-3.356	168
C	-5.503	1.808	-2.407	168
N	-6.454	2.561	-2.951	169
CA	-7.599	3.058	-2.202	169
C	-8.745	3.041	-3.183	169
N	-9.974	3.141	-2.702	170
CA	-11.11	3.125	-3.601	170
C	-12.285	3.733	-2.91	170
N	-13.093	4.45	-3.676	171
CA	-14.303	5.076	-3.172	171
C	-15.138	4.03	-2.475	171
N	-15.82	4.441	-1.425	172
CA	-16.604	3.505	-0.666	172
C	-17.689	4.282	0.061	172
N	-18.597	4.87	-0.707	173
CA	-19.682	5.655	-0.15	173
C	-20.846	4.758	0.242	173
N	-21.794	5.34	0.965	174
CA	-23.009	4.678	1.406	174
C	-22.891	3.371	2.188	174
N	-21.804	3.218	2.932	175
CA	-21.632	2.035	3.757	175
C	-22.189	2.332	5.173	175
N	-23.092	1.479	5.677	176
CA	-23.672	1.659	7.016	176
C	-22.956	0.814	8.069	176
N	-22.258	1.466	8.999	177
CA	-21.541	0.723	10.017	177
C	-22.411	-0.001	11.03	177
N	-23.713	0.256	11.002	178
CA	-24.623	-0.381	11.948	178
C	-24.817	-1.851	11.706	178
N	-24.411	-2.301	10.526	179
CA	-24.547	-3.705	10.189	179
C	-23.447	-4.547	10.775	179
N	-22.411	-3.902	11.313	180
CA	-21.289	-4.607	11.918	180
C	-21.456	-4.771	13.417	180
N	-22.439	-4.077	14.004	181
CA	-22.685	-4.152	15.464	181
C	-23.443	-5.413	15.953	181
N	-23.078	-5.933	17.151	182
CA	-23.796	-7.106	17.626	182
C	-25.08	-6.607	18.311	182
N	-25.93	-7.549	18.698	183
CA	-27.225	-7.297	19.328	183
C	-27.213	-6.56	20.668	183
N	-26.275	-6.966	21.527	184
CA	-26.085	-6.415	22.866	184
C	-24.926	-5.436	22.914	184
N	-25.06	-4.409	23.746	185
CA	-23.999	-3.423	23.893	185
C	-23.265	-3.46	25.27	185
N	-23.298	-4.621	25.942	186
CA	-22.618	-4.836	27.211	186
C	-21.148	-4.767	26.875	186
N	-20.328	-4.225	27.782	187
CA	-18.916	-4.057	27.473	187
C	-18.018	-4.099	28.68	187
N	-16.72	-3.948	28.396	188
CA	-15.616	-3.87	29.349	188
C	-14.916	-2.615	28.886	188
N	-14.339	-1.864	29.809	189
CA	-13.631	-0.656	29.443	189
C	-12.403	-0.511	30.327	189
N	-11.386	0.116	29.764	190
CA	-10.148	0.358	30.476	190
C	-9.368	1.378	29.638	190
N	-8.398	2.064	30.264	191
CA	-7.576	3.058	29.559	191
C	-6.365	2.364	28.901	191
N	-6.058	2.731	27.667	192
CA	-4.957	2.088	26.981	192
C	-4.359	2.938	25.893	192
N	-3.768	2.281	24.895	193
CA	-3.131	2.963	23.763	193
C	-3.552	2.441	22.397	193
N	-2.96	3.058	21.383	194
CA	-3.16	2.635	20.007	194
C	-2.378	1.299	19.933	194
N	-2.852	0.342	19.142	195
CA	-2.154	-0.927	19.011	195
C	-1.12	-0.967	17.902	195
N	-0.828	0.197	17.315	196
CA	0.197	0.328	16.271	196
C	0.926	1.626	16.483	196
N	2.119	1.744	15.917	197
CA	2.865	2.976	16.07	197
C	1.942	4.088	15.603	197
N	2.02	5.289	16.228	198
CA	2.926	5.644	17.33	198
C	2.612	5.115	18.726	198
N	1.687	4.165	18.834	199
CA	1.32	3.554	20.113	199
C	1.031	4.514	21.268	199
N	0.51	5.69	20.928	200
CA	0.175	6.716	21.902	200
C	-0.839	6.227	22.929	200
N	-0.711	6.723	24.146	201
CA	-1.607	6.318	25.204	201
C	-2.704	7.371	25.355	201
N	-3.683	7.314	24.441	202
CA	-4.808	8.257	24.371	202
C	-6.163	7.588	24.214	202
N	-6.248	6.308	24.5	203
CA	-7.491	5.611	24.284	203
C	-8.223	5.125	25.501	203
N	-9.533	5.164	25.385	204
CA	-10.411	4.649	26.4	204
C	-10.952	3.509	25.549	204
N	-10.552	2.291	25.877	205
CA	-11.002	1.145	25.129	205
C	-12.335	0.633	25.612	205
N	-13.24	0.411	24.659	206
CA	-14.549	-0.125	24.932	206
C	-14.628	-1.386	24.08	206
N	-14.512	-2.54	24.726	207
CA	-14.559	-3.82	24.048	207
C	-15.907	-4.483	24.305	207
N	-16.727	-4.611	23.263	208
CA	-18.031	-5.242	23.406	208
C	-17.85	-6.689	23.819	208
N	-18.714	-7.14	24.721	209
CA	-18.656	-8.498	25.246	209
C	-19.047	-9.507	24.205	209
N	-20.064	-9.142	23.428	210
CA	-20.638	-9.996	22.388	210
C	-20.001	-9.879	21.009	210
N	-19.49	-11.009	20.483	211
CA	-18.861	-11.048	19.174	211
C	-19.882	-11.255	18.054	211
N	-19.464	-10.94	16.826	212
CA	-20.328	-11.138	15.667	212
C	-19.741	-12.335	14.943	212
N	-20.592	-13.031	14.192	213
CA	-20.176	-14.188	13.403	213
C	-19.975	-13.807	11.937	213
N	-18.939	-14.372	11.32	214
CA	-18.644	-14.196	9.899	214
C	-18.321	-15.583	9.374	214
N	-18.635	-15.836	8.119	215
CA	-18.372	-17.144	7.52	215
C	-16.895	-17.282	7.235	215
N	-16.432	-18.513	7.055	216
CA	-15.024	-18.754	6.723	216
C	-14.542	-18.026	5.445	216
N	-15.311	-18.171	4.363	217
CA	-15.034	-17.56	3.063	217
C	-15.079	-16.043	3.137	217
N	-15.834	-15.507	4.084	218
CA	-15.884	-14.074	4.289	218
C	-14.497	-13.664	4.878	218
N	-14.091	-14.27	5.986	219
CA	-12.791	-13.939	6.571	219
C	-11.624	-14.376	5.674	219
N	-11.884	-15.364	4.832	220
CA	-10.884	-15.898	3.921	220
C	-10.418	-14.858	2.906	220
N	-11.28	-13.888	2.614	221
CA	-10.966	-12.83	1.667	221
C	-10.113	-11.75	2.292	221
N	-10.05	-11.732	3.628	222
CA	-9.221	-10.785	4.385	222
C	-7.779	-11.225	4.209	222
N	-7.567	-12.539	4.15	223
CA	-6.226	-13.143	3.993	223
C	-5.566	-13.056	2.6	223
N	-6.307	-12.593	1.601	224
CA	-5.797	-12.459	0.229	224
C	-5.154	-11.073	-0.009	224
N	-5.239	-10.205	0.983	225
CA	-4.675	-8.882	0.91	225
C	-3.145	-8.957	0.974	225
N	-2.485	-7.855	0.63	226
CA	-1.033	-7.775	0.613	226
C	-0.413	-6.644	1.439	226
N	0.654	-6.983	2.152	227
CA	1.399	-6.035	2.963	227
C	2.19	-5.2	1.974	227
N	2.744	-5.888	0.99	228
CA	3.579	-5.294	-0.047	228
C	2.903	-4.317	-1.001	228
N	3.719	-3.473	-1.597	229
CA	3.2	-2.54	-2.558	229
C	3.199	-3.247	-3.904	229
N	2.532	-2.637	-4.875	230
CA	2.469	-3.214	-6.207	230
C	3.852	-3.386	-6.842	230
N	4.018	-4.525	-7.503	231
CA	5.265	-4.82	-8.172	231
C	6.369	-5.2	-7.224	231
N	5.992	-5.843	-6.131	232
CA	6.95	-6.279	-5.131	232
C	6.566	-7.712	-4.819	232
N	7.477	-8.48	-4.207	233
CA	7.153	-9.871	-3.877	233
C	5.943	-9.895	-2.949	233
N	5.065	-10.858	-3.206	234
CA	3.835	-11.013	-2.459	234
C	4.012	-11.55	-1.054	234
N	3.659	-10.676	-0.118	235
CA	3.695	-10.932	1.309	235
C	2.218	-10.814	1.679	235
N	1.573	-11.929	1.997	236
CA	0.15	-11.889	2.318	236
C	-0.109	-11.211	3.645	236
N	-1.158	-10.395	3.714	237
CA	-1.506	-9.688	4.942	237
C	-2.33	-10.586	5.859	237
N	-1.638	-11.295	6.747	238
CA	-2.253	-12.181	7.735	238
C	-1.512	-11.953	9.036	238
N	-2.2	-12.145	10.148	239
CA	-1.592	-11.962	11.458	239
C	-1.093	-10.536	11.719	239
N	-1.896	-9.542	11.368	240
CA	-1.498	-8.157	11.583	240
C	-2.044	-7.711	12.969	240
N	-1.625	-8.415	14.015	241
CA	-2.082	-8.131	15.362	241
C	-0.959	-8.121	16.384	241
N	-1.067	-7.202	17.338	242
CA	-0.117	-7.074	18.407	242
C	-0.559	-7.966	19.583	242
N	0.417	-8.621	20.217	243
CA	0.133	-9.499	21.347	243
C	-0.311	-8.68	22.567	243
N	-0.96	-9.36	23.506	244
CA	-1.452	-8.753	24.741	244
C	-0.302	-8.193	25.592	244
N	-0.532	-7.027	26.192	245
CA	0.456	-6.349	27.012	245
C	0.055	-6.433	28.47	245
N	1.03	-6.302	29.394	246
CA	0.858	-6.341	30.853	246
C	-0.114	-5.257	31.28	246
N	-1.076	-5.606	32.134	247
CA	-2.105	-4.668	32.581	247
C	-1.622	-3.538	33.477	247
N	-0.643	-3.841	34.325	248
CA	-0.061	-2.864	35.242	248
C	-1.008	-2.205	36.269	248
N	-0.93	-0.887	36.398	249
CA	-1.751	-0.162	37.37	249
C	-3.175	0.113	36.875	249
N	-3.706	-0.812	36.081	250
CA	-5.039	-0.63	35.524	250
C	-6.085	-1.628	35.999	250
N	-7.324	-1.205	35.881	251
CA	-8.451	-1.973	36.31	251
C	-9.455	-1.956	35.145	251
N	-9.952	-3.122	34.775	252
CA	-10.929	-3.228	33.717	252
C	-12.279	-3.252	34.389	252
N	-13.085	-2.255	34.104	253
CA	-14.413	-2.202	34.659	253
C	-15.348	-2.867	33.635	253
N	-16.49	-3.353	34.091	254
CA	-17.459	-3.987	33.213	254
C	-18.813	-3.32	33.451	254
N	-19.643	-3.266	32.406	255
CA	-20.957	-2.629	32.517	255
C	-22.038	-3.657	32.76	255
N	-21.652	-4.871	33.114	256
CA	-22.639	-5.914	33.3	256
C	-22.263	-6.96	34.327	256
N	-23.294	-7.694	34.716	257
CA	-23.253	-8.782	35.666	257
C	-24.227	-9.746	34.965	257
