ATOM	X	Y	Z	RESIDUE
N	-13.336	13.624	-65.661	1
CA	-12.689	14.915	-65.983	1
C	-11.763	15.282	-64.828	1
N	-10.596	15.866	-65.129	2
CA	-9.425	16.105	-64.263	2
C	-8.534	14.871	-63.981	2
N	-7.396	14.83	-64.683	3
CA	-6.287	13.894	-64.528	3
C	-5.064	14.645	-63.975	3
N	-4.3	14.024	-63.073	4
CA	-2.973	14.488	-62.667	4
C	-2.008	13.295	-62.59	4
N	-0.808	13.522	-63.128	5
CA	0.161	12.547	-63.641	5
C	1.163	12.058	-62.583	5
N	1.627	10.825	-62.803	6
CA	2.715	10.09	-62.145	6
C	4.081	10.782	-62.189	6
N	4.934	10.534	-61.18	7
CA	6.392	10.359	-61.332	7
C	6.916	9.308	-60.323	7
N	7.505	8.214	-60.828	8
CA	8.432	7.297	-60.129	8
C	9.722	7.255	-60.957	8
N	10.924	7.305	-60.361	9
CA	12.142	6.93	-61.059	9
C	12.59	5.519	-60.645	9
N	12.757	4.656	-61.646	10
CA	13.57	3.442	-61.597	10
C	14.961	3.806	-62.131	10
N	16.02	3.476	-61.392	11
CA	17.393	3.46	-61.903	11
C	17.914	2.017	-61.906	11
N	18.365	1.599	-63.094	12
CA	19.005	0.322	-63.445	12
C	20.442	0.249	-62.893	12
N	20.897	-0.969	-62.554	13
CA	22.292	-1.328	-62.202	13
C	23.283	-1.233	-63.38	13
N	24.534	-1.766	-63.292	14
CA	24.756	-3.227	-63.178	14
C	26.092	-3.747	-62.538	14
N	26.07	-5.037	-62.138	15
CA	27.112	-6.102	-62.29	15
C	28.442	-6.118	-61.484	15
N	28.892	-7.381	-61.294	16
CA	30.193	-7.947	-60.84	16
C	30.352	-8.116	-59.313	16
N	30.793	-9.241	-58.736	17
CA	31.114	-10.609	-59.192	17
C	31.315	-11.497	-57.944	17
N	30.882	-12.759	-58.008	18
CA	31.117	-13.83	-57.025	18
C	32.575	-14.314	-57.064	18
N	33.186	-14.615	-55.912	19
CA	34.188	-15.684	-55.791	19
C	34.171	-16.324	-54.393	19
N	34.106	-17.652	-54.423	20
CA	34.098	-18.642	-53.341	20
C	35.484	-19.297	-53.276	20
N	36.052	-19.551	-52.091	21
CA	37.065	-20.598	-51.82	21
C	37.307	-20.65	-50.293	21
N	36.965	-21.712	-49.556	22
CA	37.524	-23.073	-49.516	22
C	38.814	-23.176	-48.672	22
N	38.646	-23.76	-47.478	23
CA	39.683	-24.246	-46.568	23
C	40.539	-25.338	-47.227	23
N	41.864	-25.242	-47.114	24
CA	42.763	-26.395	-47.134	24
C	44.078	-26.038	-46.426	24
N	44.394	-26.808	-45.388	25
CA	45.631	-26.75	-44.627	25
C	46.775	-27.436	-45.391	25
N	47.971	-26.848	-45.366	26
CA	49.224	-27.568	-45.575	26
C	50.376	-26.845	-44.86	26
N	51.101	-27.651	-44.101	27
CA	52.146	-27.395	-43.113	27
C	53.534	-27.185	-43.731	27
N	54.407	-26.536	-42.939	28
CA	55.881	-26.629	-42.929	28
C	56.636	-25.9	-44.07	28
N	57.747	-25.183	-43.867	29
CA	58.629	-24.937	-42.707	29
C	59.557	-23.768	-43.074	29
N	59.786	-22.877	-42.103	30
CA	61.031	-22.145	-41.788	30
C	61.853	-21.504	-42.922	30
N	62.03	-20.174	-42.869	31
CA	63.3	-19.521	-42.466	31
C	63.128	-17.985	-42.468	31
N	63.161	-17.397	-41.266	32
CA	63.738	-16.08	-40.913	32
C	63.318	-14.823	-41.696	32
N	62.331	-14.079	-41.17	33
CA	62.35	-12.605	-41.104	33
C	61.23	-12.068	-40.181	33
N	61.682	-11.385	-39.13	34
CA	61.081	-10.387	-38.229	34
C	59.615	-9.914	-38.447	34
N	58.903	-9.759	-37.317	35
CA	57.604	-9.086	-37.097	35
C	56.32	-9.731	-37.66	35
N	55.796	-10.751	-36.96	36
CA	54.366	-11.11	-37.058	36
C	53.558	-10.089	-36.252	36
N	53.33	-8.928	-36.862	37
CA	52.428	-7.907	-36.352	37
C	51.002	-8.48	-36.261	37
N	50.478	-8.584	-35.038	38
CA	49.111	-9.009	-34.763	38
C	48.112	-8.19	-35.602	38
N	47.296	-8.861	-36.421	39
CA	46.217	-8.219	-37.185	39
C	45.333	-7.391	-36.244	39
N	45.139	-6.083	-36.492	40
CA	44.366	-5.229	-35.602	40
C	42.903	-5.689	-35.572	40
N	42.432	-6.109	-34.396	41
CA	41.03	-6.483	-34.161	41
C	40.152	-5.249	-34.383	41
N	39.195	-5.327	-35.313	42
CA	38.31	-4.212	-35.64	42
C	37.521	-3.725	-34.408	42
N	37.495	-2.403	-34.195	43
CA	36.743	-1.734	-33.121	43
C	35.786	-0.708	-33.723	43
N	34.594	-1.16	-34.1	44
CA	33.535	-0.272	-34.579	44
C	32.869	0.479	-33.415	44
N	32.383	1.714	-33.639	45
CA	31.595	2.423	-32.642	45
C	30.239	1.731	-32.417	45
N	29.604	1.938	-31.251	46
CA	28.282	1.382	-30.984	46
C	27.221	1.977	-31.924	46
N	26.259	1.151	-32.349	47
CA	25.139	1.559	-33.211	47
C	24.079	2.249	-32.348	47
N	24.217	3.561	-32.167	48
CA	23.34	4.363	-31.302	48
C	23.106	5.757	-31.89	48
N	21.877	6.271	-31.79	49
CA	21.496	7.578	-32.344	49
C	22.221	8.747	-31.658	49
N	22.468	9.875	-32.327	50
CA	23.123	11.027	-31.682	50
C	22.296	11.604	-30.52	50
N	22.968	12.109	-29.481	51
CA	22.3	12.638	-28.279	51
C	21.827	14.087	-28.419	51
N	22.544	14.868	-29.224	52
CA	22.365	16.316	-29.389	52
C	21.438	16.679	-30.546	52
N	20.997	15.703	-31.346	53
CA	20.055	15.954	-32.428	53
C	18.634	16.24	-31.914	53
N	17.88	17.0	-32.707	54
CA	16.444	17.208	-32.522	54
C	15.652	16.128	-33.273	54
N	15.694	14.903	-32.749	55
CA	14.976	13.76	-33.315	55
C	14.32	12.913	-32.226	55
N	13.345	12.082	-32.62	56
CA	12.704	11.119	-31.707	56
C	13.721	10.126	-31.136	56
N	14.658	9.653	-31.96	57
CA	15.712	8.736	-31.528	57
C	16.662	9.39	-30.509	57
N	17.003	10.669	-30.7	58
CA	17.795	11.417	-29.728	58
C	17.048	11.609	-28.395	58
N	15.72	11.812	-28.43	59
CA	14.884	11.848	-27.217	59
C	14.904	10.508	-26.48	59
N	14.732	9.386	-27.183	60
CA	14.801	8.047	-26.582	60
C	16.159	7.81	-25.917	60
N	17.262	8.119	-26.606	61
CA	18.606	7.987	-26.026	61
C	18.827	8.866	-24.786	61
N	18.216	10.057	-24.729	62
CA	18.247	10.907	-23.522	62
C	17.458	10.287	-22.366	62
N	16.337	9.622	-22.652	63
CA	15.551	8.876	-21.659	63
C	16.366	7.689	-21.136	63
N	16.954	6.872	-22.013	64
CA	17.812	5.734	-21.634	64
C	18.979	6.169	-20.739	64
N	19.672	7.259	-21.103	65
CA	20.74	7.809	-20.256	65
C	20.207	8.273	-18.904	65
N	19.048	8.926	-18.876	66
CA	18.434	9.362	-17.625	66
C	18.056	8.163	-16.742	66
N	17.467	7.108	-17.309	67
CA	17.187	5.86	-16.594	67
C	18.483	5.248	-16.041	67
N	19.561	5.207	-16.831	68
CA	20.867	4.734	-16.367	68
C	21.414	5.566	-15.191	68
N	21.222	6.894	-15.19	69
CA	21.603	7.732	-14.035	69
C	20.751	7.468	-12.795	69
N	19.474	7.102	-12.955	70
CA	18.608	6.696	-11.833	70
C	19.042	5.336	-11.285	70
N	19.37	4.381	-12.158	71
CA	19.889	3.075	-11.749	71
C	21.213	3.176	-10.987	71
N	22.074	4.123	-11.365	72
CA	23.366	4.354	-10.725	72
C	23.282	5.056	-9.356	72
N	22.109	5.543	-8.938	73
CA	21.947	6.113	-7.604	73
C	21.983	5.002	-6.54	73
N	22.736	5.22	-5.464	74
CA	22.948	4.217	-4.41	74
C	21.744	4.144	-3.462	74
N	21.327	5.3	-2.936	75
CA	20.242	5.384	-1.956	75
C	18.871	5.544	-2.613	75
N	17.839	5.035	-1.941	76
CA	16.446	5.207	-2.375	76
C	16.03	6.68	-2.339	76
N	16.507	7.452	-1.362	77
CA	16.229	8.89	-1.261	77
C	16.692	9.66	-2.501	77
N	17.882	9.332	-3.005	78
CA	18.408	9.924	-4.23	78
C	17.571	9.52	-5.451	78
N	17.206	8.235	-5.572	79
CA	16.32	7.744	-6.644	79
C	14.985	8.482	-6.643	79
N	14.312	8.54	-5.494	80
CA	13.034	9.233	-5.324	80
C	13.146	10.708	-5.71	80
N	14.217	11.39	-5.289	81
CA	14.468	12.791	-5.647	81
C	14.647	12.974	-7.153	81
N	15.405	12.105	-7.824	82
CA	15.626	12.203	-9.275	82
C	14.33	11.945	-10.052	82
N	13.526	10.972	-9.62	83
CA	12.267	10.588	-10.263	83
C	11.172	11.653	-10.101	83
N	11.117	12.329	-8.952	84
CA	10.015	13.247	-8.61	84
C	10.314	14.73	-8.858	84
N	11.572	15.126	-9.11	85
CA	11.961	16.548	-9.271	85
C	11.273	17.296	-10.418	85
N	10.898	16.604	-11.496	86
CA	10.389	17.252	-12.707	86
C	8.899	17.569	-12.566	86
N	8.582	18.832	-12.297	87
CA	7.204	19.278	-12.109	87
C	6.55	19.62	-13.449	87
N	5.621	18.77	-13.874	88
CA	4.778	18.987	-15.044	88
C	3.298	18.874	-14.672	88
N	2.426	19.267	-15.602	89
CA	0.991	19.016	-15.492	89
C	0.719	17.511	-15.388	89
N	0.023	17.107	-14.328	90
CA	-0.343	15.721	-14.021	90
C	-1.812	15.622	-13.639	90
N	-2.437	14.477	-13.87	91
CA	-3.795	14.213	-13.401	91
C	-3.794	13.943	-11.901	91
N	-4.662	14.633	-11.167	92
CA	-4.818	14.414	-9.732	92
C	-5.971	13.445	-9.488	92
N	-5.63	12.193	-9.203	93
CA	-6.563	11.09	-8.963	93
C	-7.011	11.137	-7.507	93
N	-8.326	11.127	-7.297	94
CA	-8.94	11.227	-5.978	94
C	-9.514	9.869	-5.568	94
N	-8.955	9.176	-4.564	95
CA	-9.508	7.903	-4.099	95
C	-11.001	8.013	-3.75	95
N	-11.367	9.042	-2.987	96
CA	-12.751	9.355	-2.624	96
C	-13.451	10.212	-3.699	96
N	-13.627	9.654	-4.898	97
CA	-14.26	10.332	-6.042	97
C	-15.778	10.126	-6.107	97
N	-16.492	11.116	-6.653	98
CA	-17.929	11.045	-6.966	98
C	-18.2	10.735	-8.451	98
N	-17.157	10.417	-9.222	99
CA	-17.283	10.158	-10.648	99
C	-18.029	8.843	-10.93	99
N	-18.897	8.861	-11.941	100
CA	-19.64	7.686	-12.397	100
C	-18.689	6.634	-12.987	100
N	-18.837	5.377	-12.562	101
CA	-18.071	4.218	-13.035	101
C	-16.548	4.403	-12.914	101
N	-16.099	5.121	-11.877	102
CA	-14.692	5.462	-11.665	102
C	-13.785	4.235	-11.496	102
N	-14.325	3.13	-10.983	103
CA	-13.6	1.878	-10.779	103
C	-12.965	1.35	-12.073	103
N	-13.679	1.415	-13.203	104
CA	-13.166	0.988	-14.516	104
C	-12.024	1.872	-15.001	104
N	-12.123	3.178	-14.76	105
CA	-11.059	4.12	-15.1	105
C	-9.822	3.879	-14.245	105
N	-10.007	3.606	-12.955	106
CA	-8.89	3.384	-12.044	106
C	-8.194	2.066	-12.365	106
N	-8.94	0.983	-12.618	107
CA	-8.389	-0.275	-13.147	107
C	-7.528	-0.062	-14.402	107
N	-7.969	0.798	-15.325	108
CA	-7.202	1.141	-16.523	108
C	-5.919	1.933	-16.205	108
N	-6.003	2.936	-15.325	109
CA	-4.863	3.78	-14.947	109
C	-3.785	3.03	-14.154	109
N	-4.182	2.032	-13.365	110
CA	-3.307	1.257	-12.469	110
C	-2.969	-0.139	-13.004	110
N	-3.513	-0.514	-14.174	111
CA	-3.393	-1.853	-14.782	111
C	-3.787	-2.961	-13.787	111
N	-4.959	-2.797	-13.181	112
CA	-5.485	-3.669	-12.121	112
C	-6.697	-4.448	-12.605	112
N	-6.791	-5.709	-12.195	113
CA	-7.985	-6.544	-12.335	113
C	-8.723	-6.613	-11.009	113
N	-10.034	-6.387	-11.046	114
CA	-10.9	-6.564	-9.887	114
C	-11.514	-7.973	-9.85	114
N	-11.479	-8.619	-8.685	115
CA	-12.082	-9.921	-8.402	115
C	-13.077	-9.794	-7.246	115
N	-14.257	-10.391	-7.394	116
CA	-15.235	-10.463	-6.307	116
C	-14.824	-11.501	-5.266	116
N	-15.005	-11.174	-3.99	117
CA	-14.64	-12.029	-2.862	117
C	-13.322	-11.6	-2.227	117
N	-12.78	-12.46	-1.372	118
CA	-11.459	-12.302	-0.774	118
C	-10.497	-13.353	-1.34	118
N	-9.176	-13.147	-1.208	119
CA	-8.202	-14.172	-1.546	119
C	-8.465	-15.481	-0.789	119
N	-8.066	-16.636	-1.351	120
CA	-8.063	-17.874	-0.587	120
C	-7.139	-17.722	0.634	120
N	-7.432	-18.415	1.748	121
CA	-6.504	-18.465	2.867	121
C	-5.141	-18.986	2.382	121
N	-4.032	-18.551	3.007	122
CA	-2.72	-19.113	2.72	122
C	-2.797	-20.638	2.811	122
N	-2.179	-21.353	1.867	123
CA	-2.037	-22.797	2.002	123
C	-1.329	-23.069	3.335	123
N	-1.995	-23.792	4.238	124
CA	-1.418	-24.159	5.528	124
C	-0.061	-24.832	5.272	124
N	1.027	-24.376	5.919	125
CA	2.27	-25.127	5.887	125
C	2.011	-26.534	6.447	125
N	2.737	-27.529	5.925	126
CA	2.723	-28.908	6.434	126
C	2.76	-28.919	7.97	126
N	2.074	-29.868	8.638	127
CA	1.868	-29.825	10.079	127
C	3.214	-29.816	10.808	127
N	3.638	-28.625	11.22	128
CA	4.673	-28.44	12.224	128
C	4.138	-28.979	13.564	128
N	5.016	-29.515	14.432	129
CA	4.595	-30.186	15.657	129
C	3.762	-29.231	16.518	129
N	2.634	-29.747	17.026	130
CA	1.57	-29.052	17.771	130
C	1.978	-27.665	18.305	130
N	1.47	-26.56	17.72	131
CA	1.704	-25.247	18.294	131
C	1.098	-25.202	19.701	131
N	1.775	-24.497	20.613	132
CA	1.236	-24.143	21.929	132
C	-0.223	-23.677	21.789	132
N	-1.116	-23.996	22.748	133
CA	-2.534	-23.686	22.628	133
C	-2.703	-22.195	22.343	133
N	-3.059	-21.864	21.098	134
CA	-3.309	-20.483	20.722	134
C	-4.394	-19.941	21.658	134
N	-4.227	-18.724	22.206	135
CA	-5.258	-18.139	23.042	135
C	-6.57	-18.149	22.255	135
N	-7.606	-18.755	22.836	136
CA	-8.898	-18.831	22.18	136
C	-9.44	-17.408	21.992	136
N	-9.765	-17.057	20.749	137
CA	-10.308	-15.75	20.407	137
C	-11.698	-15.573	21.044	137
N	-11.812	-14.697	22.043	138
CA	-13.091	-14.393	22.696	138
C	-13.937	-13.436	21.841	138
N	-14.703	-14.015	20.916	139
CA	-15.608	-13.275	20.036	139
C	-16.676	-12.485	20.799	139
N	-17.127	-12.982	21.954	140
CA	-18.14	-12.305	22.753	140
C	-17.573	-11.023	23.373	140
N	-16.336	-11.07	23.876	141
CA	-15.636	-9.882	24.354	141
C	-15.401	-8.87	23.226	141
N	-14.948	-9.313	22.047	142
CA	-14.737	-8.416	20.901	142
C	-16.036	-7.73	20.464	142
N	-17.144	-8.478	20.413	143
CA	-18.474	-7.927	20.134	143
C	-18.878	-6.9	21.187	143
N	-18.702	-7.215	22.47	144
CA	-19.032	-6.304	23.562	144
C	-18.241	-4.991	23.463	144
N	-16.938	-5.059	23.17	145
CA	-16.096	-3.869	22.964	145
C	-16.536	-3.066	21.741	145
N	-16.874	-3.722	20.628	146
CA	-17.359	-3.03	19.436	146
C	-18.699	-2.312	19.691	146
N	-19.628	-2.959	20.401	147
CA	-20.888	-2.352	20.829	147
C	-20.661	-1.181	21.793	147
N	-19.761	-1.32	22.767	148
CA	-19.415	-0.245	23.701	148
C	-18.831	0.969	22.965	148
N	-17.899	0.754	22.029	149
CA	-17.351	1.822	21.185	149
C	-18.441	2.536	20.365	149
N	-19.413	1.79	19.826	150
CA	-20.558	2.368	19.118	150
C	-21.414	3.225	20.057	150
N	-21.825	2.677	21.2	151
CA	-22.688	3.353	22.172	151
C	-22.004	4.567	22.806	151
N	-20.689	4.5	23.008	152
CA	-19.885	5.595	23.529	152
C	-20.049	6.843	22.665	152
N	-19.86	6.723	21.352	153
CA	-19.927	7.876	20.454	153
C	-21.362	8.285	20.105	153
N	-22.288	7.327	20.001	154
CA	-23.678	7.594	19.616	154
C	-24.565	8.075	20.772	154
N	-24.281	7.68	22.018	155
CA	-25.182	7.905	23.153	155
C	-24.484	8.444	24.411	155
N	-23.438	7.782	24.92	156
CA	-22.88	8.116	26.242	156
C	-22.065	9.414	26.258	156
N	-21.239	9.652	25.236	157
CA	-20.386	10.831	25.171	157
C	-21.219	12.074	24.831	157
N	-21.55	12.842	25.871	158
CA	-22.347	14.068	25.752	158
C	-21.668	15.087	24.838	158
N	-22.368	15.493	23.781	159
CA	-21.922	16.566	22.888	159
C	-22.362	17.922	23.429	159
N	-21.402	18.838	23.618	160
CA	-21.683	20.221	24.063	160
C	-22.525	21.005	23.052	160
N	-22.394	20.668	21.767	161
CA	-23.131	21.259	20.649	161
C	-24.044	20.203	20.034	161
N	-25.207	20.63	19.535	162
CA	-26.085	19.779	18.726	162
C	-25.343	19.319	17.468	162
N	-25.281	18.008	17.255	163
CA	-24.659	17.414	16.067	163
C	-25.596	17.586	14.876	163
N	-25.085	18.177	13.801	164
CA	-25.803	18.276	12.537	164
C	-25.419	17.127	11.602	164
N	-26.29	16.81	10.637	165
CA	-26.073	15.718	9.669	165
C	-24.747	15.803	8.897	165
N	-24.245	17.019	8.665	166
CA	-22.996	17.286	7.94	166
C	-21.74	17.25	8.84	166
N	-21.929	17.222	10.163	167
CA	-20.873	17.08	11.181	167
C	-20.833	15.643	11.727	167
N	-21.915	14.882	11.555	168
CA	-22.099	13.543	12.113	168
C	-20.975	12.566	11.736	168
N	-20.516	12.527	10.478	169
CA	-19.429	11.602	10.103	169
C	-18.105	11.964	10.774	169
N	-17.816	13.256	10.907	170
CA	-16.575	13.745	11.509	170
C	-16.588	13.579	13.032	170
N	-17.747	13.775	13.661	171
CA	-17.886	13.801	15.122	171
C	-18.244	12.436	15.708	171
N	-18.873	11.545	14.938	172
CA	-19.334	10.229	15.404	172
C	-18.52	9.119	14.743	172
N	-18.553	9.024	13.409	173
CA	-17.973	7.878	12.694	173
C	-16.449	7.829	12.773	173
N	-15.78	8.984	12.717	174
CA	-14.321	9.056	12.787	174
C	-13.779	8.661	14.175	174
N	-14.229	9.256	15.302	175
CA	-13.792	8.818	16.628	175
C	-14.155	7.363	16.92	175
N	-15.338	6.911	16.488	176
CA	-15.734	5.509	16.607	176
C	-14.727	4.581	15.917	176
N	-14.349	4.889	14.673	177
CA	-13.399	4.076	13.92	177
C	-12.0	4.101	14.555	177
N	-11.571	5.243	15.097	178
CA	-10.312	5.375	15.844	178
C	-10.309	4.47	17.087	178
N	-11.378	4.506	17.89	179
CA	-11.509	3.667	19.087	179
C	-11.614	2.182	18.743	179
N	-12.4	1.824	17.726	180
CA	-12.545	0.439	17.287	180
C	-11.202	-0.135	16.821	180
N	-10.463	0.592	15.979	181
CA	-9.152	0.127	15.501	181
C	-8.161	0.031	16.659	181
N	-8.093	1.042	17.53	182
CA	-7.154	1.034	18.656	182
C	-7.433	-0.1	19.647	182
N	-8.704	-0.369	19.953	183
CA	-9.095	-1.438	20.886	183
C	-8.831	-2.813	20.291	183
N	-9.189	-3.033	19.023	184
CA	-8.905	-4.288	18.33	184
C	-7.396	-4.547	18.233	184
N	-6.58	-3.564	17.844	185
CA	-5.114	-3.739	17.804	185
C	-4.559	-4.143	19.179	185
N	-5.076	-3.561	20.266	186
CA	-4.692	-3.932	21.63	186
C	-5.117	-5.351	22.027	186
N	-6.369	-5.732	21.758	187
CA	-6.927	-7.039	22.139	187
C	-6.396	-8.197	21.286	187
N	-6.066	-7.939	20.019	188
CA	-5.5	-8.939	19.114	188
C	-3.973	-9.059	19.217	188
N	-3.302	-8.176	19.959	189
CA	-1.85	-8.213	20.191	189
C	-1.317	-9.591	20.648	189
N	-1.965	-10.323	21.586	190
CA	-1.529	-11.673	21.969	190
C	-1.663	-12.713	20.846	190
N	-2.651	-12.544	19.962	191
CA	-2.939	-13.459	18.853	191
C	-2.131	-13.128	17.592	191
N	-1.585	-11.915	17.487	192
CA	-0.697	-11.498	16.411	192
C	0.336	-10.488	16.952	192
N	1.522	-10.949	17.398	193
CA	2.537	-10.075	17.988	193
C	3.082	-9.032	16.999	193
N	2.906	-9.232	15.686	194
CA	3.281	-8.234	14.688	194
C	2.449	-6.947	14.811	194
N	1.194	-7.03	15.277	195
CA	0.365	-5.853	15.56	195
C	0.86	-5.09	16.79	195
N	1.353	-5.799	17.808	196
CA	1.912	-5.19	19.014	196
C	3.134	-4.312	18.7	196
N	3.958	-4.77	17.754	197
CA	5.146	-4.072	17.274	197
C	4.864	-3.105	16.106	197
N	3.614	-3.012	15.642	198
CA	3.233	-2.164	14.522	198
C	3.153	-0.685	14.925	198
N	3.366	0.199	13.954	199
CA	3.059	1.615	14.086	199
C	1.624	1.883	13.61	199
N	0.823	2.542	14.448	200
CA	-0.528	2.995	14.114	200
C	-0.514	4.511	13.893	200
N	-0.801	4.954	12.669	201
CA	-0.903	6.381	12.353	201
C	-2.364	6.821	12.197	201
N	-2.641	8.076	12.561	202
CA	-3.947	8.723	12.415	202
C	-3.873	9.85	11.382	202
N	-4.677	9.764	10.316	203
CA	-4.809	10.783	9.254	203
C	-3.483	11.177	8.598	203
N	-2.548	10.232	8.528	204
CA	-1.256	10.444	7.893	204
C	-1.418	10.436	6.365	204
N	-0.855	11.412	5.63	205
CA	-0.992	11.434	4.183	205
C	-0.226	10.285	3.522	205
N	-0.755	9.797	2.403	206
CA	-0.106	8.813	1.532	206
C	-0.12	9.354	0.108	206
N	1.048	9.376	-0.526	207
CA	1.249	9.982	-1.837	207
C	1.913	9.003	-2.793	207
N	1.46	8.984	-4.045	208
CA	2.106	8.192	-5.086	208
C	2.069	8.877	-6.449	208
N	3.213	8.85	-7.133	209
CA	3.445	9.432	-8.451	209
C	3.799	8.333	-9.453	209
N	3.124	8.301	-10.603	210
CA	3.454	7.364	-11.68	210
C	3.063	7.895	-13.063	210
N	3.44	7.143	-14.096	211
CA	3.133	7.43	-15.501	211
C	2.366	6.255	-16.097	211
N	1.298	6.535	-16.852	212
CA	0.518	5.513	-17.565	212
C	0.093	6.017	-18.94	212
N	0.615	5.393	-19.993	213
CA	0.26	5.732	-21.373	213
C	0.81	7.082	-21.855	213
N	0.454	7.433	-23.088	214
CA	0.913	8.636	-23.788	214
C	-0.251	9.322	-24.515	214
N	-0.146	10.635	-24.709	215
CA	-1.092	11.449	-25.469	215
C	-0.343	12.363	-26.447	215
N	-0.916	12.582	-27.629	216
CA	-0.451	13.634	-28.534	216
C	-1.121	14.949	-28.14	216
N	-0.325	15.992	-27.905	217
CA	-0.858	17.308	-27.54	217
C	-1.744	17.861	-28.679	217
N	-3.031	18.175	-28.42	218
CA	-3.985	18.503	-29.482	218
C	-3.817	19.921	-30.048	218
N	-3.457	20.901	-29.209	219
CA	-3.391	22.332	-29.562	219
C	-2.25	23.035	-28.817	219
N	-1.912	24.25	-29.25	220
CA	-0.842	25.067	-28.668	220
C	0.537	24.806	-29.283	220
N	1.569	25.475	-28.764	221
CA	2.928	25.431	-29.329	221
C	3.591	24.036	-29.278	221
N	3.1	23.124	-28.422	222
CA	3.559	21.721	-28.311	222
C	2.778	20.747	-29.203	222
N	1.883	21.233	-30.072	223
CA	1.009	20.393	-30.91	223
C	1.803	19.348	-31.699	223
N	1.284	18.12	-31.75	224
CA	1.892	17.012	-32.499	224
C	3.073	16.337	-31.793	224
N	3.448	16.799	-30.594	225
CA	4.428	16.122	-29.739	225
C	3.722	15.082	-28.869	225
N	4.353	13.918	-28.738	226
CA	3.923	12.828	-27.856	226
C	4.392	13.149	-26.433	226
N	3.455	13.241	-25.498	227
CA	3.663	13.557	-24.085	227
C	3.156	12.39	-23.228	227
N	3.882	12.067	-22.172	228
CA	3.531	11.034	-21.205	228
C	2.409	11.512	-20.269	228
N	1.48	10.636	-19.881	229
CA	0.433	11.007	-18.923	229
C	0.887	10.67	-17.502	229
N	1.131	11.723	-16.719	230
CA	1.536	11.654	-15.311	230
C	0.301	11.664	-14.426	230
N	0.359	10.909	-13.344	231
CA	-0.698	10.795	-12.354	231
C	-0.129	10.971	-10.95	231
N	-0.963	11.495	-10.061	232
CA	-0.687	11.597	-8.636	232
C	-1.944	11.214	-7.865	232
N	-1.783	10.387	-6.837	233
CA	-2.788	10.169	-5.796	233
C	-2.284	10.84	-4.528	233
N	-3.126	11.692	-3.952	234
CA	-2.905	12.298	-2.645	234
C	-4.046	11.869	-1.731	234
N	-3.764	10.872	-0.903	235
CA	-4.73	10.241	-0.02	235
C	-4.447	10.571	1.448	235
N	-5.472	10.426	2.283	236
CA	-5.417	10.598	3.735	236
C	-6.309	9.535	4.379	236
N	-5.817	8.293	4.536	237
CA	-6.539	7.272	5.289	237
C	-6.887	7.761	6.69	237
N	-7.953	7.217	7.269	238
CA	-8.313	7.531	8.642	238
C	-7.253	6.986	9.6	238
N	-7.018	5.673	9.524	239
CA	-6.007	4.957	10.296	239
C	-5.193	4.077	9.352	239
N	-3.899	3.932	9.601	240
CA	-3.083	2.946	8.898	240
C	-2.163	2.222	9.868	240
N	-2.054	0.912	9.68	241
CA	-1.179	0.039	10.453	241
C	0.027	-0.274	9.574	241
N	1.213	0.137	10.017	242
CA	2.489	-0.141	9.357	242
C	3.304	-1.123	10.177	242
N	3.987	-2.021	9.49	243
CA	4.794	-3.088	10.074	243
C	6.193	-3.076	9.46	243
N	7.146	-3.693	10.151	244
CA	8.543	-3.777	9.706	244
C	8.814	-4.907	8.712	244
N	7.859	-5.823	8.531	245
CA	7.968	-6.987	7.644	245
C	6.859	-6.983	6.596	245
N	7.119	-7.587	5.444	246
CA	6.159	-7.656	4.344	246
C	5.083	-8.727	4.603	246
N	3.83	-8.425	4.246	247
CA	2.741	-9.406	4.239	247
C	2.994	-10.539	3.235	247
N	2.384	-11.697	3.489	248
CA	2.413	-12.798	2.539	248
C	1.739	-12.424	1.217	248
N	2.267	-12.969	0.119	249
CA	1.592	-12.862	-1.167	249
C	0.306	-13.685	-1.118	249
N	-0.784	-13.15	-1.661	250
CA	-2.028	-13.909	-1.757	250
C	-1.956	-14.943	-2.871	250
N	-1.274	-14.571	-3.948	251
CA	-1.165	-15.344	-5.17	251
C	0.256	-15.172	-5.721	251
N	0.872	-16.211	-6.317	252
CA	2.211	-16.1	-6.895	252
C	2.337	-14.958	-7.915	252
N	3.521	-14.341	-7.995	253
CA	3.804	-13.191	-8.872	253
C	3.415	-13.413	-10.347	253
N	3.653	-14.62	-10.862	254
CA	3.423	-14.983	-12.267	254
C	1.989	-15.46	-12.553	254
N	1.08	-15.317	-11.585	255
CA	-0.303	-15.726	-11.766	255
C	-1.01	-14.903	-12.841	255
N	-1.404	-15.601	-13.897	256
CA	-2.097	-15.018	-15.035	256
C	-3.608	-15.113	-14.846	256
N	-4.231	-14.03	-14.373	257
CA	-5.699	-13.945	-14.276	257
C	-6.301	-13.849	-15.687	257
N	-7.256	-14.707	-16.092	258
CA	-7.854	-14.685	-17.434	258
C	-8.88	-13.552	-17.649	258
N	-8.832	-12.484	-16.846	259
CA	-9.737	-11.333	-16.945	259
C	-9.032	-10.175	-17.654	259
N	-9.744	-9.573	-18.602	260
CA	-9.302	-8.399	-19.345	260
C	-9.521	-7.119	-18.527	260
N	-8.535	-6.223	-18.558	261
CA	-8.623	-4.918	-17.897	261
C	-9.549	-4.02	-18.731	261
N	-10.485	-3.271	-18.117	262
CA	-11.342	-2.347	-18.849	262
C	-10.538	-1.375	-19.723	262
N	-10.819	-1.342	-21.026	263
CA	-10.169	-0.402	-21.951	263
C	-10.948	0.906	-22.036	263
N	-10.265	2.042	-21.907	264
CA	-10.882	3.361	-22.057	264
C	-10.559	3.947	-23.436	264
N	-11.604	4.291	-24.199	265
CA	-11.492	4.772	-25.593	265
C	-11.398	6.294	-25.729	265
N	-11.516	7.024	-24.626	266
CA	-11.507	8.48	-24.611	266
C	-10.467	9.024	-23.628	266
N	-10.197	10.324	-23.736	267
CA	-9.201	10.994	-22.906	267
C	-9.624	11.012	-21.423	267
N	-8.688	10.864	-20.461	268
CA	-8.969	11.013	-19.027	268
C	-9.663	12.326	-18.636	268
N	-9.468	13.413	-19.399	269
CA	-10.175	14.702	-19.233	269
C	-11.715	14.595	-19.314	269
N	-12.266	13.473	-19.8	270
CA	-13.72	13.242	-19.866	270
C	-14.304	12.71	-18.56	270
N	-13.484	12.096	-17.714	271
CA	-13.811	11.879	-16.309	271
C	-13.702	13.243	-15.593	271
N	-14.453	13.534	-14.512	272
CA	-14.23	14.725	-13.681	272
C	-12.902	14.608	-12.902	272
N	-11.802	14.578	-13.654	273
CA	-10.422	14.364	-13.258	273
C	-9.578	15.433	-13.958	273
N	-9.083	16.399	-13.191	274
CA	-8.413	17.578	-13.736	274
C	-6.893	17.487	-13.598	274
N	-6.182	18.136	-14.528	275
CA	-4.727	18.287	-14.451	275
C	-4.35	19.418	-13.494	275
N	-3.33	19.197	-12.67	276
CA	-2.704	20.199	-11.797	276
C	-1.184	20.075	-11.877	276
N	-0.477	21.114	-11.449	277
CA	0.979	21.111	-11.328	277
C	1.36	21.611	-9.935	277
N	2.166	20.812	-9.251	278
CA	2.709	21.023	-7.909	278
C	3.837	20.002	-7.717	278
N	4.478	19.99	-6.553	279
CA	5.502	18.997	-6.227	279
C	4.973	17.564	-6.408	279
N	5.828	16.652	-6.865	280
CA	5.475	15.239	-6.954	280
C	6.01	14.572	-5.692	280
N	5.162	13.855	-4.965	281
CA	5.559	13.203	-3.72	281
C	5.248	11.712	-3.786	281
N	6.162	10.915	-3.239	282
CA	5.97	9.493	-2.961	282
C	6.222	9.322	-1.467	282
N	5.168	9.023	-0.716	283
CA	5.201	9.014	0.742	283
C	4.239	7.962	1.284	283
N	4.732	7.093	2.167	284
CA	3.984	5.931	2.691	284
C	3.25	6.256	4.005	284
N	3.618	7.362	4.658	285
CA	3.167	7.754	5.998	285
C	4.316	7.917	6.998	285
N	5.472	7.327	6.7	286
CA	6.743	7.564	7.383	286
C	7.843	7.879	6.371	286
N	8.982	8.383	6.855	287
CA	10.155	8.627	6.005	287
C	10.821	7.3	5.636	287
N	11.616	7.311	4.577	288
CA	12.376	6.159	4.057	288
C	13.268	5.46	5.088	288
N	13.8	6.193	6.07	289
CA	14.637	5.647	7.143	289
C	13.855	4.936	8.271	289
N	12.522	4.936	8.225	290
CA	11.675	4.337	9.256	290
C	11.645	2.798	9.152	290
N	11.753	2.056	10.272	291
CA	11.732	0.594	10.24	291
C	10.378	0.024	9.794	291
N	9.263	0.707	10.079	292
CA	7.913	0.275	9.708	292
C	7.548	0.761	8.296	292
N	8.333	0.33	7.31	293
CA	8.207	0.761	5.918	293
C	7.146	-0.008	5.107	293
N	6.594	-1.104	5.639	294
CA	5.556	-1.903	4.985	294
C	4.173	-1.612	5.569	294
N	3.142	-1.757	4.743	295
CA	1.752	-1.606	5.157	295
C	1.114	-2.938	5.524	295
N	0.269	-2.925	6.552	296
CA	-0.585	-4.049	6.924	296
C	-2.026	-3.791	6.463	296
N	-2.759	-2.96	7.21	297
CA	-4.167	-2.63	6.951	297
C	-4.39	-1.124	6.994	297
N	-5.199	-0.623	6.063	298
CA	-5.592	0.778	5.965	298
C	-7.108	0.94	6.145	298
N	-7.528	1.904	6.955	299
CA	-8.936	2.205	7.199	299
C	-9.315	3.529	6.553	299
N	-10.393	3.517	5.775	300
CA	-10.92	4.698	5.096	300
C	-12.353	4.972	5.514	300
N	-12.612	6.214	5.913	301
CA	-13.956	6.719	6.153	301
C	-14.393	7.579	4.965	301
N	-15.537	7.247	4.369	302
CA	-16.112	8.043	3.291	302
C	-16.731	9.344	3.833	302
N	-16.552	10.481	3.14	303
CA	-17.125	11.752	3.55	303
C	-18.63	11.808	3.268	303
N	-19.318	12.759	3.903	304
CA	-20.768	12.977	3.762	304
C	-21.268	13.207	2.328	304
N	-20.36	13.575	1.417	305
CA	-20.638	13.736	-0.015	305
C	-20.897	12.409	-0.725	305
N	-20.332	11.316	-0.221	306
CA	-20.399	9.972	-0.798	306
C	-21.332	9.037	-0.017	306
N	-22.046	9.556	0.995	307
CA	-23.066	8.796	1.729	307
C	-24.082	8.184	0.774	307
N	-24.38	6.907	1.001	308
CA	-25.381	6.134	0.263	308
C	-26.719	6.856	0.096	308
N	-27.227	7.462	1.168	309
CA	-28.5	8.201	1.179	309
C	-28.573	9.32	0.131	309
N	-27.429	9.935	-0.183	310
CA	-27.348	10.978	-1.205	310
C	-27.407	10.377	-2.606	310
N	-26.708	9.265	-2.829	311
CA	-26.683	8.559	-4.112	311
C	-28.066	7.991	-4.465	311
N	-28.766	7.425	-3.477	312
CA	-30.154	6.976	-3.627	312
C	-31.076	8.128	-4.055	312
N	-30.956	9.3	-3.418	313
CA	-31.754	10.492	-3.766	313
C	-31.465	11.032	-5.171	313
N	-30.267	10.791	-5.694	314
CA	-29.831	11.246	-7.016	314
C	-30.081	10.213	-8.125	314
N	-30.73	9.084	-7.818	315
CA	-30.95	7.969	-8.744	315
C	-29.648	7.342	-9.286	315
N	-28.575	7.334	-8.489	316
CA	-27.294	6.689	-8.814	316
C	-26.941	5.581	-7.806	316
N	-27.94	4.765	-7.45	317
CA	-27.796	3.647	-6.514	317
C	-26.767	2.598	-6.984	317
N	-26.615	2.431	-8.295	318
CA	-25.632	1.55	-8.929	318
C	-24.175	1.948	-8.629	318
N	-23.944	3.196	-8.217	319
CA	-22.612	3.727	-7.936	319
C	-22.155	3.527	-6.491	319
N	-23.026	3.051	-5.593	320
CA	-22.702	2.898	-4.166	320
C	-21.447	2.03	-4.005	320
N	-21.483	0.789	-4.495	321
CA	-20.345	-0.142	-4.424	321
C	-19.156	0.294	-5.292	321
N	-19.419	1.024	-6.38	322
CA	-18.377	1.547	-7.276	322
C	-17.497	2.559	-6.551	322
N	-18.08	3.409	-5.701	323
CA	-17.331	4.387	-4.902	323
C	-16.379	3.685	-3.934	323
N	-16.856	2.668	-3.206	324
CA	-16.005	1.861	-2.324	324
C	-14.869	1.2	-3.113	324
N	-15.193	0.544	-4.233	325
CA	-14.209	-0.144	-5.079	325
C	-13.16	0.803	-5.663	325
N	-13.573	1.954	-6.192	326
CA	-12.658	2.942	-6.758	326
C	-11.721	3.509	-5.684	326
N	-12.252	3.802	-4.492	327
CA	-11.446	4.246	-3.361	327
C	-10.395	3.193	-2.989	327
N	-10.802	1.93	-2.825	328
CA	-9.898	0.827	-2.492	328
C	-8.773	0.651	-3.511	328
N	-9.113	0.624	-4.803	329
CA	-8.127	0.439	-5.872	329
C	-7.109	1.576	-5.852	329
N	-7.555	2.829	-5.729	330
CA	-6.656	3.976	-5.735	330
C	-5.773	4.031	-4.481	330
N	-6.361	3.905	-3.289	331
CA	-5.633	4.009	-2.023	331
C	-4.612	2.883	-1.861	331
N	-5.02	1.635	-2.109	332
CA	-4.145	0.471	-1.982	332
C	-3.05	0.441	-3.051	332
N	-3.351	0.853	-4.288	333
CA	-2.339	1.009	-5.336	333
C	-1.312	2.081	-4.973	333
N	-1.763	3.25	-4.507	334
CA	-0.861	4.319	-4.096	334
C	0.045	3.863	-2.948	334
N	-0.527	3.178	-1.958	335
CA	0.212	2.73	-0.786	335
C	1.236	1.643	-1.124	335
N	0.841	0.605	-1.865	336
CA	1.769	-0.458	-2.302	336
C	2.821	0.059	-3.272	336
N	2.448	0.956	-4.188	337
CA	3.385	1.573	-5.119	337
C	4.439	2.416	-4.405	337
N	4.032	3.182	-3.391	338
CA	4.953	3.949	-2.561	338
C	5.874	3.037	-1.73	338
N	5.347	1.951	-1.151	339
CA	6.149	0.953	-0.427	339
C	7.19	0.283	-1.335	339
N	6.809	-0.107	-2.552	340
CA	7.733	-0.703	-3.513	340
C	8.833	0.286	-3.948	340
N	8.488	1.565	-4.139	341
CA	9.464	2.634	-4.392	341
C	10.415	2.861	-3.216	341
N	9.947	2.692	-1.977	342
CA	10.792	2.76	-0.777	342
C	11.813	1.614	-0.71	342
N	11.57	0.509	-1.421	343
CA	12.522	-0.596	-1.589	343
C	13.405	-0.443	-2.845	343
N	13.295	0.678	-3.567	344
CA	14.103	0.985	-4.749	344
C	13.568	0.441	-6.08	344
N	12.421	-0.249	-6.088	345
CA	11.724	-0.638	-7.32	345
C	11.037	0.571	-7.956	345
N	10.951	0.612	-9.28	346
CA	10.31	1.718	-9.996	346
C	9.88	1.279	-11.4	346
N	9.475	2.214	-12.265	347
CA	8.869	1.881	-13.564	347
C	9.739	1.024	-14.491	347
N	11.069	1.091	-14.368	348
CA	11.998	0.247	-15.14	348
C	12.475	-0.972	-14.338	348
N	12.873	-0.777	-13.073	349
CA	13.208	-1.874	-12.165	349
C	11.929	-2.418	-11.517	349
N	11.187	-3.231	-12.273	350
CA	9.913	-3.788	-11.819	350
C	10.086	-4.68	-10.577	350
N	9.009	-4.843	-9.812	351
CA	9.029	-5.61	-8.563	351
C	9.349	-7.085	-8.827	351
N	10.279	-7.637	-8.043	352
CA	10.671	-9.062	-8.08	352
C	9.859	-9.931	-7.124	352
N	9.168	-9.305	-6.168	353
CA	8.223	-9.926	-5.237	353
C	6.977	-9.045	-5.133	353
N	5.769	-9.615	-5.026	354
CA	4.549	-8.821	-5.013	354
C	4.36	-8.117	-3.667	354
N	3.874	-6.877	-3.692	355
CA	3.556	-6.118	-2.478	355
C	2.065	-6.224	-2.201	355
N	1.723	-6.621	-0.981	356
CA	0.345	-6.853	-0.564	356
C	-0.071	-5.814	0.461	356
N	-1.296	-5.325	0.326	357
CA	-1.943	-4.466	1.309	357
C	-3.428	-4.792	1.427	357
N	-4.015	-4.387	2.548	358
CA	-5.422	-4.602	2.862	358
C	-6.07	-3.271	3.227	358
N	-7.335	-3.083	2.856	359
CA	-8.113	-1.953	3.338	359
C	-9.542	-2.328	3.693	359
N	-10.05	-1.598	4.677	360
CA	-11.452	-1.597	5.066	360
C	-11.997	-0.2	4.817	360
N	-13.056	-0.117	4.018	361
CA	-13.703	1.15	3.684	361
C	-15.098	1.147	4.28	361
N	-15.414	2.208	5.016	362
CA	-16.678	2.355	5.731	362
C	-17.313	3.72	5.493	362
N	-18.642	3.766	5.52	363
CA	-19.427	5.006	5.593	363
C	-19.929	5.307	7.02	363
N	-19.413	4.573	8.013	364
CA	-19.815	4.629	9.418	364
C	-20.773	3.508	9.83	364
N	-21.436	2.843	8.874	365
CA	-22.363	1.731	9.146	365
C	-22.112	0.521	8.253	365
N	-21.862	0.749	6.969	366
CA	-21.578	-0.277	5.976	366
C	-20.077	-0.407	5.779	366
N	-19.586	-1.638	5.845	367
CA	-18.177	-1.977	5.714	367
C	-17.967	-2.821	4.468	367
N	-16.905	-2.513	3.738	368
CA	-16.462	-3.259	2.565	368
C	-14.974	-3.561	2.698	368
N	-14.615	-4.802	2.39	369
CA	-13.274	-5.341	2.591	369
C	-12.587	-5.54	1.254	369
N	-11.344	-5.074	1.162	370
CA	-10.539	-5.136	-0.047	370
C	-9.117	-5.596	0.247	370
N	-8.596	-6.427	-0.645	371
CA	-7.201	-6.84	-0.66	371
C	-6.585	-6.402	-1.985	371
N	-5.334	-5.966	-1.973	372
CA	-4.627	-5.56	-3.181	372
C	-3.256	-6.21	-3.233	372
N	-2.892	-6.691	-4.415	373
CA	-1.578	-7.231	-4.707	373
C	-0.979	-6.489	-5.902	373
N	0.099	-5.763	-5.624	374
CA	0.92	-5.079	-6.606	374
C	1.926	-6.07	-7.193	374
N	1.726	-6.404	-8.462	375
CA	2.579	-7.298	-9.237	375
C	3.473	-6.548	-10.225	375
N	3.171	-5.283	-10.539	376
CA	3.983	-4.482	-11.458	376
C	3.865	-2.971	-11.227	376
N	4.995	-2.275	-11.366	377
CA	5.126	-0.813	-11.46	377
C	5.411	-0.33	-12.892	377
N	5.685	-1.259	-13.807	378
CA	6.043	-1.02	-15.2	378
C	4.818	-0.617	-16.046	378
N	4.305	0.591	-15.792	379
CA	3.085	1.14	-16.405	379
C	3.349	2.077	-17.601	379
N	4.621	2.358	-17.898	380
CA	5.043	3.172	-19.047	380
C	4.775	2.44	-20.361	380
N	4.625	3.184	-21.454	381
CA	4.419	2.624	-22.804	381
C	5.552	1.715	-23.275	381
N	6.766	1.883	-22.745	382
CA	7.929	1.062	-23.084	382
C	7.887	-0.274	-22.341	382
N	7.697	-0.232	-21.022	383
CA	7.734	-1.425	-20.187	383
C	6.463	-2.29	-20.331	383
N	5.315	-1.68	-20.648	384
CA	4.027	-2.374	-20.8	384
C	3.961	-3.278	-22.051	384
N	4.778	-3.03	-23.088	385
CA	4.727	-3.784	-24.358	385
C	5.04	-5.276	-24.2	385
N	5.987	-5.611	-23.321	386
CA	6.476	-6.978	-23.123	386
C	6.181	-7.506	-21.711	386
N	5.331	-6.818	-20.943	387
CA	5.014	-7.197	-19.572	387
C	3.544	-7.635	-19.447	387
N	3.25	-8.948	-19.487	388
CA	1.885	-9.446	-19.336	388
C	1.362	-9.349	-17.892	388
N	2.226	-9.085	-16.895	389
CA	1.813	-9.002	-15.488	389
C	0.827	-7.862	-15.272	389
N	-0.13	-8.116	-14.386	390
CA	-1.201	-7.196	-14.006	390
C	-1.393	-7.225	-12.495	390
N	-1.796	-6.093	-11.934	391
CA	-2.117	-5.986	-10.515	391
C	-3.484	-6.621	-10.235	391
N	-3.715	-7.076	-9.005	392
CA	-4.965	-7.745	-8.618	392
C	-5.56	-7.036	-7.407	392
N	-6.865	-6.797	-7.445	393
CA	-7.632	-6.269	-6.331	393
C	-8.835	-7.175	-6.078	393
N	-8.919	-7.743	-4.884	394
CA	-10.087	-8.473	-4.411	394
C	-10.98	-7.528	-3.624	394
N	-12.289	-7.706	-3.73	395
CA	-13.236	-6.898	-2.984	395
C	-14.561	-7.583	-2.733	395
N	-15.142	-7.24	-1.596	396
CA	-16.471	-7.684	-1.176	396
C	-17.508	-6.583	-1.384	396
N	-18.787	-6.961	-1.368	397
CA	-19.879	-5.99	-1.311	397
C	-20.02	-5.441	0.108	397
N	-20.515	-4.212	0.23	398
CA	-20.725	-3.591	1.532	398
C	-21.772	-4.337	2.377	398
N	-21.456	-4.561	3.657	399
CA	-22.34	-5.192	4.651	399
C	-22.538	-4.265	5.856	399
N	-23.754	-4.161	6.42	400
CA	-23.982	-3.377	7.631	400
C	-23.34	-4.056	8.845	400
N	-22.676	-3.27	9.695	401
CA	-22.19	-3.71	11.007	401
C	-23.324	-3.782	12.04	401
N	-24.295	-2.872	11.958	402
CA	-25.469	-2.819	12.83	402
C	-26.686	-2.291	12.06	402
N	-27.895	-2.526	12.569	403
CA	-29.14	-2.056	11.957	403
C	-29.543	-0.676	12.484	403
N	-29.752	-0.53	13.789	404
CA	-30.063	0.75	14.447	404
C	-29.468	0.789	15.852	404
N	-29.369	1.988	16.426	405
CA	-29.004	2.189	17.831	405
C	-30.188	2.894	18.482	405
N	-30.816	2.236	19.451	406
CA	-32.016	2.716	20.14	406
C	-31.847	2.543	21.649	406
N	-32.18	3.585	22.411	407
CA	-32.349	3.566	23.87	407
C	-31.196	3.042	24.74	407
N	-29.967	2.922	24.206	408
CA	-28.727	2.363	24.801	408
C	-28.311	0.977	24.285	408
N	-29.005	0.443	23.284	409
CA	-28.727	-0.876	22.732	409
C	-28.464	-0.821	21.22	409
N	-27.61	-1.73	20.751	410
CA	-27.248	-1.872	19.337	410
C	-28.074	-3.004	18.736	410
N	-29.062	-2.648	17.916	411
CA	-29.95	-3.611	17.263	411
C	-29.342	-4.119	15.959	411
N	-29.49	-5.423	15.717	412
CA	-29.068	-6.07	14.471	412
C	-27.554	-6.049	14.233	412
N	-26.744	-6.24	15.282	413
CA	-25.285	-6.316	15.152	413
C	-24.86	-7.549	14.342	413
N	-23.952	-7.349	13.392	414
CA	-23.5	-8.362	12.451	414
C	-22.086	-8.844	12.796	414
N	-22.013	-9.989	13.473	415
CA	-20.754	-10.589	13.922	415
C	-19.828	-10.969	12.751	415
N	-20.364	-11.258	11.558	416
CA	-19.553	-11.585	10.374	416
C	-18.637	-10.427	9.959	416
N	-19.11	-9.182	10.094	417
CA	-18.321	-7.991	9.742	417
C	-17.169	-7.829	10.727	417
N	-17.433	-8.017	12.022	418
CA	-16.401	-7.966	13.054	418
C	-15.368	-9.081	12.856	418
N	-15.821	-10.311	12.608	419
CA	-14.964	-11.454	12.288	419
C	-14.067	-11.176	11.084	419
N	-14.598	-10.536	10.046	420
CA	-13.823	-10.204	8.858	420
C	-12.767	-9.116	9.127	420
N	-13.052	-8.127	9.987	421
CA	-12.039	-7.166	10.473	421
C	-10.949	-7.905	11.259	421
N	-11.344	-8.807	12.157	422
CA	-10.422	-9.605	12.975	422
C	-9.518	-10.465	12.093	422
N	-10.062	-11.181	11.107	423
CA	-9.261	-11.962	10.16	423
C	-8.262	-11.1	9.379	423
N	-8.638	-9.874	8.998	424
CA	-7.711	-8.939	8.353	424
C	-6.547	-8.588	9.282	424
N	-6.847	-8.25	10.539	425
CA	-5.857	-7.918	11.567	425
C	-4.952	-9.109	11.934	425
N	-5.473	-10.335	11.919	426
CA	-4.707	-11.552	12.212	426
C	-3.757	-11.98	11.088	426
N	-3.813	-11.36	9.906	427
CA	-2.878	-11.677	8.83	427
C	-1.437	-11.343	9.244	427
N	-0.58	-12.366	9.302	428
CA	0.815	-12.247	9.741	428
C	1.755	-11.938	8.567	428
N	2.856	-11.2	8.801	429
CA	3.919	-11.083	7.81	429
C	4.586	-12.44	7.554	429
N	5.226	-12.605	6.389	430
CA	6.028	-13.81	6.116	430
C	7.176	-13.901	7.127	430
N	7.333	-15.059	7.755	431
CA	8.554	-15.39	8.482	431
C	9.636	-15.767	7.463	431
N	10.764	-15.055	7.48	432
CA	11.919	-15.452	6.682	432
C	12.462	-16.763	7.256	432
N	12.285	-17.87	6.52	433
CA	12.877	-19.184	6.843	433
C	14.409	-19.15	7.019	433
N	15.064	-18.035	6.702	434
CA	16.514	-17.857	6.771	434
C	17.073	-17.648	8.187	434
N	16.258	-17.337	9.205	435
CA	16.752	-17.159	10.589	435
C	16.709	-18.438	11.446	435
N	16.166	-19.546	10.928	436
CA	16.056	-20.82	11.658	436
C	17.191	-21.819	11.36	436
N	18.161	-21.464	10.509	437
CA	19.348	-22.294	10.231	437
C	20.615	-21.828	10.973	437
N	20.494	-20.835	11.854	438
CA	21.554	-20.393	12.764	438
C	21.066	-20.526	14.214	438
N	20.96	-21.764	14.709	439
CA	21.073	-22.14	16.128	439
C	21.3	-23.646	16.266	439
