ATOM	X	Y	Z	RESIDUE
N	37.098	20.987	5.157	1
CA	36.775	21.844	6.314	1
C	35.436	21.369	6.831	1
N	35.434	20.618	7.931	2
CA	34.192	20.183	8.561	2
C	33.511	21.44	9.108	2
N	32.308	21.737	8.608	3
CA	31.476	22.828	9.111	3
C	31.178	22.657	10.605	3
N	30.666	23.706	11.266	4
CA	30.393	23.652	12.691	4
C	29.423	22.502	12.965	4
N	29.747	21.704	13.98	5
CA	28.832	20.714	14.538	5
C	27.707	21.529	15.167	5
N	26.602	21.679	14.436	6
CA	25.427	22.399	14.915	6
C	24.953	21.796	16.24	6
N	24.561	22.708	17.127	7
CA	24.478	22.517	18.562	7
C	23.584	21.373	19.023	7
N	23.891	20.922	20.241	8
CA	23.018	20.122	21.093	8
C	21.579	20.644	20.971	8
N	20.719	19.89	20.282	9
CA	19.291	20.174	20.23	9
C	18.766	20.161	21.664	9
N	18.26	21.301	22.123	10
CA	17.509	21.365	23.364	10
C	16.234	20.531	23.174	10
N	16.2	19.358	23.803	11
CA	15.053	18.454	23.766	11
C	13.977	18.839	24.795	11
N	14.117	19.974	25.492	12
CA	13.116	20.417	26.455	12
C	11.863	20.928	25.736	12
N	10.783	20.158	25.85	13
CA	9.451	20.596	25.455	13
C	8.886	21.419	26.616	13
N	8.641	22.706	26.377	14
CA	8.237	23.671	27.408	14
C	6.799	23.49	27.912	14
N	5.969	22.726	27.197	15
CA	4.574	22.456	27.554	15
C	4.393	21.032	28.095	15
N	3.734	20.924	29.249	16
CA	3.403	19.648	29.879	16
C	2.504	18.814	28.943	16
N	2.94	17.6	28.593	17
CA	2.227	16.721	27.653	17
C	2.558	16.932	26.17	17
N	3.478	17.842	25.835	18
CA	4.011	17.933	24.484	18
C	4.958	16.759	24.171	18
N	4.98	16.312	22.914	19
CA	5.897	15.275	22.429	19
C	6.233	15.459	20.945	19
N	7.311	14.814	20.497	20
CA	7.706	14.763	19.088	20
C	7.303	13.443	18.454	20
N	6.846	13.498	17.208	21
CA	6.666	12.305	16.394	21
C	7.186	12.526	14.982	21
N	7.773	11.483	14.4	22
CA	8.416	11.545	13.089	22
C	7.873	10.466	12.167	22
N	7.546	10.848	10.934	23
CA	7.237	9.915	9.848	23
C	8.096	10.218	8.628	23
N	8.406	9.188	7.845	24
CA	9.071	9.33	6.551	24
C	8.181	8.887	5.389	24
N	8.498	9.39	4.201	25
CA	7.94	8.964	2.923	25
C	9.039	8.954	1.871	25
N	8.811	8.213	0.792	26
CA	9.708	8.157	-0.361	26
C	8.959	8.466	-1.657	26
N	9.688	8.906	-2.679	27
CA	9.148	9.206	-4.003	27
C	9.041	7.981	-4.906	27
N	8.421	8.18	-6.069	28
CA	8.143	7.128	-7.059	28
C	9.403	6.406	-7.561	28
N	10.564	7.07	-7.545	29
CA	11.833	6.494	-7.989	29
C	12.683	5.862	-6.897	29
N	12.235	5.874	-5.642	30
CA	12.924	5.122	-4.601	30
C	12.893	3.629	-4.959	30
N	14.011	2.887	-4.9	31
CA	14.094	1.546	-5.481	31
C	13.067	0.555	-4.908	31
N	12.809	0.567	-3.596	32
CA	11.707	-0.234	-3.025	32
C	10.329	0.153	-3.59	32
N	10.073	1.453	-3.794	33
CA	8.795	1.933	-4.327	33
C	8.662	1.703	-5.828	33
N	9.769	1.621	-6.57	34
CA	9.773	1.088	-7.939	34
C	9.26	-0.355	-7.918	34
N	9.772	-1.182	-7.002	35
CA	9.376	-2.585	-6.89	35
C	7.89	-2.729	-6.547	35
N	7.401	-1.971	-5.563	36
CA	5.977	-1.931	-5.216	36
C	5.09	-1.55	-6.417	36
N	5.446	-0.48	-7.139	37
CA	4.695	-0.03	-8.316	37
C	4.718	-1.05	-9.458	37
N	5.837	-1.745	-9.682	38
CA	5.937	-2.8	-10.7	38
C	5.094	-4.013	-10.299	38
N	5.203	-4.465	-9.05	39
CA	4.408	-5.57	-8.511	39
C	2.907	-5.319	-8.681	39
N	2.435	-4.109	-8.373	40
CA	1.028	-3.757	-8.567	40
C	0.644	-3.474	-10.025	40
N	1.573	-3.03	-10.874	41
CA	1.326	-2.947	-12.313	41
C	1.11	-4.337	-12.931	41
N	1.858	-5.344	-12.464	42
CA	1.669	-6.749	-12.85	42
C	0.315	-7.26	-12.362	42
N	-0.043	-7.01	-11.099	43
CA	-1.368	-7.344	-10.568	43
C	-2.492	-6.717	-11.404	43
N	-2.424	-5.41	-11.661	44
CA	-3.422	-4.698	-12.459	44
C	-3.504	-5.245	-13.89	44
N	-2.376	-5.647	-14.484	45
CA	-2.352	-6.247	-15.813	45
C	-3.118	-7.579	-15.845	45
N	-2.936	-8.429	-14.829	46
CA	-3.696	-9.669	-14.67	46
C	-5.186	-9.4	-14.43	46
N	-5.537	-8.537	-13.47	47
CA	-6.935	-8.248	-13.113	47
C	-7.751	-7.618	-14.25	47
N	-7.103	-6.902	-15.181	48
CA	-7.759	-6.376	-16.393	48
C	-8.308	-7.47	-17.311	48
N	-7.688	-8.648	-17.333	49
CA	-8.098	-9.769	-18.189	49
C	-8.779	-10.888	-17.392	49
N	-8.392	-11.058	-16.131	50
CA	-8.859	-12.104	-15.233	50
C	-9.059	-11.529	-13.819	50
N	-10.279	-11.065	-13.488	51
CA	-10.601	-10.524	-12.165	51
C	-10.414	-11.518	-11.006	51
N	-10.247	-12.813	-11.297	52
CA	-10.05	-13.87	-10.305	52
C	-8.591	-14.351	-10.229	52
N	-7.665	-13.669	-10.913	53
CA	-6.241	-13.973	-10.888	53
C	-5.715	-14.085	-9.449	53
N	-4.917	-15.123	-9.194	54
CA	-4.176	-15.303	-7.944	54
C	-2.767	-14.794	-8.179	54
N	-2.375	-13.746	-7.464	55
CA	-1.116	-13.032	-7.698	55
C	-0.386	-12.856	-6.371	55
N	0.881	-13.254	-6.358	56
CA	1.886	-12.969	-5.342	56
C	3.194	-12.612	-6.073	56
N	3.229	-11.422	-6.678	57
CA	4.339	-10.97	-7.515	57
C	5.288	-10.076	-6.717	57
N	6.445	-10.606	-6.352	58
CA	7.546	-9.842	-5.782	58
C	8.411	-9.239	-6.89	58
N	8.922	-8.037	-6.644	59
CA	9.863	-7.364	-7.534	59
C	11.143	-7.052	-6.773	59
N	12.282	-7.306	-7.412	60
CA	13.605	-6.885	-6.945	60
C	14.244	-6.019	-8.02	60
N	14.86	-4.903	-7.635	61
CA	15.625	-4.074	-8.561	61
C	17.036	-3.77	-8.051	61
N	17.996	-3.769	-8.976	62
CA	19.368	-3.279	-8.774	62
C	19.886	-2.713	-10.098	62
N	21.128	-2.237	-10.156	63
CA	21.753	-1.638	-11.346	63
C	21.418	-2.397	-12.633	63
N	20.632	-1.762	-13.507	64
CA	20.248	-2.314	-14.806	64
C	19.355	-3.56	-14.767	64
N	18.767	-3.932	-13.626	65
CA	17.989	-5.163	-13.469	65
C	16.656	-4.921	-12.758	65
N	15.605	-5.538	-13.294	66
CA	14.36	-5.863	-12.593	66
C	14.161	-7.375	-12.645	66
N	13.878	-7.986	-11.501	67
CA	13.501	-9.389	-11.37	67
C	12.073	-9.455	-10.833	67
N	11.184	-10.116	-11.57	68
CA	9.893	-10.569	-11.056	68
C	10.058	-11.985	-10.503	68
N	9.596	-12.226	-9.281	69
CA	9.666	-13.52	-8.605	69
C	8.365	-13.784	-7.841	69
N	7.947	-15.042	-7.731	70
CA	6.773	-15.439	-6.949	70
C	5.776	-16.248	-7.767	70
N	4.494	-16.141	-7.427	71
CA	3.477	-17.069	-7.912	71
C	2.283	-16.352	-8.547	71
N	1.95	-16.726	-9.784	72
CA	0.76	-16.249	-10.483	72
C	0.009	-17.41	-11.136	72
N	-1.252	-17.579	-10.739	73
CA	-2.222	-18.439	-11.426	73
C	-3.332	-17.567	-11.983	73
N	-3.378	-17.453	-13.308	74
CA	-4.302	-16.57	-14.012	74
C	-4.55	-17.055	-15.438	74
N	-5.718	-16.715	-15.982	75
CA	-6.064	-16.914	-17.395	75
C	-5.53	-15.799	-18.311	75
N	-4.962	-14.734	-17.743	76
CA	-4.479	-13.589	-18.499	76
C	-3.206	-13.91	-19.297	76
N	-3.094	-13.329	-20.492	77
CA	-1.862	-13.336	-21.28	77
C	-1.175	-11.978	-21.138	77
N	-0.103	-11.933	-20.344	78
CA	0.598	-10.694	-19.988	78
C	1.967	-10.623	-20.662	78
N	2.257	-9.475	-21.273	79
CA	3.611	-9.099	-21.677	79
C	4.328	-8.43	-20.492	79
N	5.022	-9.236	-19.684	80
CA	5.75	-8.748	-18.509	80
C	6.858	-7.75	-18.868	80
N	7.518	-7.909	-20.024	81
CA	8.544	-6.962	-20.478	81
C	7.93	-5.576	-20.635	81
N	6.785	-5.495	-21.315	82
CA	6.092	-4.228	-21.526	82
C	5.578	-3.623	-20.223	82
N	4.911	-4.398	-19.364	83
CA	4.348	-3.893	-18.092	83
C	5.435	-3.296	-17.192	83
N	6.563	-3.996	-17.041	84
CA	7.707	-3.522	-16.249	84
C	8.281	-2.234	-16.842	84
N	8.558	-2.225	-18.151	85
CA	9.188	-1.084	-18.83	85
C	8.285	0.148	-18.862	85
N	6.989	-0.02	-19.11	86
CA	6.02	1.081	-19.091	86
C	5.912	1.702	-17.684	86
N	6.023	0.889	-16.627	87
CA	6.041	1.375	-15.237	87
C	7.298	2.195	-14.931	87
N	8.487	1.7	-15.295	88
CA	9.756	2.434	-15.11	88
C	9.75	3.751	-15.905	88
N	9.189	3.725	-17.121	89
CA	8.996	4.915	-17.955	89
C	8.107	5.95	-17.263	89
N	6.988	5.533	-16.666	90
CA	6.078	6.424	-15.934	90
C	6.759	7.128	-14.748	90
N	7.596	6.391	-14.013	91
CA	8.376	6.898	-12.875	91
C	9.382	7.972	-13.334	91
N	9.94	7.82	-14.539	92
CA	10.82	8.8	-15.188	92
C	12.291	8.386	-15.272	92
N	12.574	7.087	-15.133	93
CA	13.878	6.483	-15.416	93
C	13.959	6.074	-16.889	93
N	14.436	7.003	-17.707	94
CA	14.394	6.961	-19.169	94
C	15.746	7.279	-19.82	94
N	16.832	7.318	-19.052	95
CA	18.164	7.575	-19.585	95
C	19.248	7.051	-18.64	95
N	20.332	6.534	-19.216	96
CA	21.505	6.069	-18.471	96
C	22.109	7.138	-17.546	96
N	22.023	8.426	-17.904	97
CA	22.463	9.554	-17.082	97
C	21.652	9.719	-15.784	97
N	20.484	9.07	-15.67	98
CA	19.689	9.013	-14.432	98
C	20.042	7.801	-13.557	98
N	20.928	6.919	-14.026	99
CA	21.321	5.671	-13.362	99
C	20.423	4.467	-13.677	99
N	19.318	4.665	-14.407	100
CA	18.389	3.601	-14.795	100
C	17.55	4.013	-16.014	100
N	17.276	3.07	-16.918	101
CA	16.562	3.329	-18.174	101
C	15.64	2.163	-18.561	101
N	14.344	2.454	-18.713	102
CA	13.331	1.477	-19.121	102
C	13.608	0.82	-20.482	102
N	14.349	1.484	-21.381	103
CA	14.628	0.96	-22.729	103
C	15.681	-0.142	-22.721	103
N	16.609	-0.094	-21.769	104
CA	17.849	-0.883	-21.808	104
C	18.05	-1.778	-20.589	104
N	17.254	-1.625	-19.522	105
CA	17.344	-2.513	-18.365	105
C	17.017	-3.974	-18.725	105
N	17.661	-4.898	-18.017	106
CA	17.324	-6.31	-18.019	106
C	16.044	-6.534	-17.203	106
N	15.12	-7.326	-17.742	107
CA	13.897	-7.75	-17.052	107
C	13.894	-9.272	-17.04	107
N	14.102	-9.841	-15.856	108
CA	14.111	-11.275	-15.588	108
C	12.781	-11.682	-14.956	108
N	12.281	-12.86	-15.319	109
CA	10.997	-13.376	-14.837	109
C	11.199	-14.791	-14.309	109
N	10.922	-14.974	-13.022	110
CA	10.931	-16.239	-12.297	110
C	9.574	-16.414	-11.592	110
N	8.502	-16.439	-12.39	111
CA	7.128	-16.6	-11.917	111
C	6.659	-18.035	-12.161	111
N	6.124	-18.666	-11.124	112
CA	5.539	-20.007	-11.174	112
C	4.031	-19.959	-10.889	112
N	3.358	-21.108	-10.929	113
CA	1.956	-21.198	-10.514	113
C	1.843	-21.113	-8.987	113
N	0.691	-20.661	-8.482	114
CA	0.371	-20.789	-7.061	114
C	0.47	-22.259	-6.639	114
N	1.059	-22.511	-5.465	115
CA	1.088	-23.853	-4.88	115
C	-0.323	-24.472	-4.851	115
N	-0.518	-25.681	-5.414	116
CA	-1.795	-26.39	-5.346	116
C	-2.264	-26.646	-3.907	116
N	-1.327	-26.821	-2.97	117
CA	-1.614	-27.053	-1.548	117
C	-2.207	-25.81	-0.866	117
N	-1.828	-24.613	-1.336	118
CA	-2.441	-23.341	-0.926	118
C	-3.796	-23.179	-1.62	118
N	-3.872	-23.461	-2.922	119
CA	-5.099	-23.278	-3.691	119
C	-6.273	-24.1	-3.127	119
N	-6.024	-25.365	-2.761	120
CA	-7.059	-26.288	-2.279	120
C	-7.709	-25.863	-0.96	120
N	-6.95	-25.277	-0.026	121
CA	-7.533	-24.819	1.234	121
C	-8.092	-23.402	1.135	121
N	-7.598	-22.561	0.222	122
CA	-7.985	-21.146	0.154	122
C	-9.226	-20.936	-0.705	122
N	-9.256	-21.448	-1.942	123
CA	-10.265	-21.023	-2.926	123
C	-10.85	-22.111	-3.828	123
N	-10.166	-23.238	-4.059	124
CA	-10.737	-24.305	-4.889	124
C	-11.999	-24.877	-4.235	124
N	-13.036	-25.082	-5.049	125
CA	-14.334	-25.645	-4.653	125
C	-15.044	-24.906	-3.497	125
N	-14.74	-23.614	-3.3	126
CA	-15.38	-22.752	-2.292	126
C	-16.264	-21.684	-2.928	126
N	-17.337	-21.319	-2.226	127
CA	-18.102	-20.115	-2.545	127
C	-17.242	-18.869	-2.302	127
N	-17.409	-17.835	-3.129	128
CA	-16.581	-16.624	-3.062	128
C	-16.672	-15.91	-1.71	128
N	-17.874	-15.785	-1.133	129
CA	-18.071	-15.165	0.189	129
C	-17.369	-15.937	1.315	129
N	-17.206	-17.249	1.137	130
CA	-16.587	-18.157	2.098	130
C	-15.161	-18.541	1.695	130
N	-14.504	-17.796	0.797	131
CA	-13.085	-18.011	0.475	131
C	-12.246	-17.883	1.75	131
N	-11.301	-18.8	1.942	132
CA	-10.413	-18.764	3.096	132
C	-9.432	-17.601	2.999	132
N	-8.922	-17.132	4.136	133
CA	-7.764	-16.251	4.126	133
C	-6.6	-16.928	3.386	133
N	-5.945	-16.188	2.491	134
CA	-4.845	-16.696	1.67	134
C	-3.572	-17.013	2.451	134
N	-3.473	-16.519	3.684	135
CA	-2.416	-16.82	4.642	135
C	-2.925	-16.541	6.068	135
N	-2.173	-16.977	7.073	136
CA	-2.298	-16.459	8.425	136
C	-1.67	-15.067	8.537	136
N	-2.092	-14.305	9.536	137
CA	-1.433	-13.047	9.857	137
C	-2.295	-12.149	10.718	137
N	-1.734	-11.0	11.07	138
CA	-2.428	-9.931	11.773	138
C	-2.292	-8.632	10.982	138
N	-3.33	-7.806	10.989	139
CA	-3.397	-6.551	10.242	139
C	-3.964	-5.458	11.137	139
N	-3.581	-4.212	10.854	140
CA	-4.031	-3.061	11.623	140
C	-4.666	-1.975	10.756	140
N	-5.788	-1.468	11.248	141
CA	-6.47	-0.27	10.792	141
C	-6.216	0.876	11.752	141
N	-5.907	2.071	11.264	142
CA	-5.749	3.241	12.125	142
C	-6.444	4.464	11.539	142
N	-7.021	5.283	12.415	143
CA	-7.554	6.597	12.091	143
C	-7.373	7.558	13.275	143
N	-7.194	8.835	12.96	144
CA	-6.974	9.954	13.892	144
C	-7.733	11.165	13.363	144
N	-8.3	12.008	14.217	145
CA	-9.046	13.207	13.815	145
C	-8.155	14.437	13.576	145
N	-6.832	14.288	13.688	146
CA	-5.878	15.395	13.545	146
C	-5.826	16.001	12.125	146
N	-6.323	15.279	11.113	147
CA	-6.5	15.759	9.731	147
C	-7.862	15.353	9.164	147
N	-8.299	16.035	8.104	148
CA	-9.595	15.79	7.457	148
C	-9.66	14.395	6.816	148
N	-8.546	13.94	6.247	149
CA	-8.341	12.607	5.683	149
C	-8.22	11.485	6.74	149
N	-8.337	11.827	8.023	150
CA	-8.18	10.942	9.173	150
C	-6.822	10.219	9.241	150
N	-5.743	10.91	8.878	151
CA	-4.369	10.395	8.855	151
C	-3.435	11.233	9.738	151
N	-2.302	10.679	10.202	152
CA	-1.305	11.483	10.894	152
C	-0.752	12.606	10.011	152
N	-0.666	13.83	10.538	153
CA	-0.161	14.984	9.789	153
C	1.287	14.763	9.326	153
N	2.1	14.13	10.17	154
CA	3.491	13.737	9.884	154
C	3.635	12.993	8.551	154
N	2.915	11.88	8.363	155
CA	2.999	11.079	7.131	155
C	2.324	11.77	5.938	155
N	1.223	12.498	6.167	156
CA	0.546	13.291	5.125	156
C	1.489	14.333	4.523	156
N	2.202	15.088	5.363	157
CA	3.164	16.087	4.899	157
C	4.338	15.422	4.172	157
N	4.889	14.332	4.712	158
CA	5.978	13.598	4.068	158
C	5.585	13.09	2.661	158
N	4.384	12.526	2.494	159
CA	3.881	12.136	1.173	159
C	3.766	13.335	0.229	159
N	3.091	14.409	0.662	160
CA	2.848	15.599	-0.17	160
C	4.147	16.287	-0.607	160
N	5.206	16.255	0.209	161
CA	6.533	16.749	-0.182	161
C	7.118	15.943	-1.358	161
N	7.015	14.608	-1.336	162
CA	7.457	13.772	-2.46	162
C	6.589	13.966	-3.71	162
N	5.265	14.076	-3.557	163
CA	4.355	14.37	-4.677	163
C	4.723	15.701	-5.331	163
N	4.955	16.746	-4.526	164
CA	5.349	18.067	-5.025	164
C	6.666	18.037	-5.803	164
N	7.664	17.28	-5.343	165
CA	8.914	17.108	-6.095	165
C	8.68	16.405	-7.438	165
N	7.827	15.379	-7.484	166
CA	7.476	14.719	-8.739	166
C	6.752	15.665	-9.715	166
N	5.838	16.507	-9.229	167
CA	5.128	17.503	-10.045	167
C	6.08	18.55	-10.642	167
N	7.019	19.059	-9.839	168
CA	8.021	20.032	-10.287	168
C	9.037	19.424	-11.261	168
N	9.361	18.137	-11.089	169
CA	10.196	17.366	-12.018	169
C	9.49	17.16	-13.356	169
N	8.229	16.713	-13.333	170
CA	7.433	16.418	-14.538	170
C	7.062	17.673	-15.323	170
N	6.789	18.783	-14.638	171
CA	6.491	20.069	-15.287	171
C	7.729	20.769	-15.858	171
N	8.936	20.327	-15.486	172
CA	10.194	20.934	-15.919	172
C	10.566	22.217	-15.172	172
N	9.813	22.609	-14.133	173
CA	10.142	23.771	-13.284	173
C	11.455	23.547	-12.531	173
N	11.681	22.329	-12.025	174
CA	12.952	21.911	-11.425	174
C	13.535	20.729	-12.227	174
N	14.131	20.981	-13.41	175
CA	14.516	19.93	-14.363	175
C	15.733	19.101	-13.913	175
N	16.453	19.587	-12.9	176
CA	17.565	18.89	-12.259	176
C	17.105	17.741	-11.357	176
N	15.836	17.728	-10.925	177
CA	15.286	16.643	-10.116	177
C	15.338	15.31	-10.87	177
N	15.61	14.248	-10.12	178
CA	15.509	12.858	-10.566	178
C	14.488	12.098	-9.705	178
N	14.048	10.898	-10.131	179
CA	12.881	10.255	-9.525	179
C	13.052	9.779	-8.071	179
N	14.267	9.434	-7.633	180
CA	14.525	8.937	-6.273	180
C	14.542	10.081	-5.253	180
N	13.659	10.008	-4.259	181
CA	13.567	10.987	-3.181	181
C	13.11	10.359	-1.869	181
N	13.53	10.968	-0.761	182
CA	13.134	10.656	0.612	182
C	12.819	11.945	1.351	182
N	11.773	11.913	2.162	183
CA	11.39	13.03	3.024	183
C	11.05	12.519	4.408	183
N	11.401	13.275	5.436	184
CA	11.041	12.968	6.814	184
C	10.514	14.232	7.484	184
N	9.416	14.11	8.225	185
CA	8.774	15.235	8.909	185
C	8.585	14.875	10.374	185
N	9.185	15.679	11.246	186
CA	8.989	15.641	12.694	186
C	8.042	16.763	13.087	186
N	6.953	16.424	13.767	187
CA	5.945	17.371	14.255	187
C	5.929	17.324	15.775	187
N	5.81	18.5	16.379	188
CA	5.509	18.653	17.791	188
C	3.994	18.59	17.986	188
N	3.567	17.748	18.914	189
CA	2.176	17.509	19.265	189
C	1.929	17.833	20.731	189
N	0.678	18.139	21.062	190
CA	0.14	18.048	22.426	190
C	-0.936	16.967	22.48	190
N	-1.09	16.328	23.639	191
CA	-2.162	15.361	23.876	191
C	-3.416	16.054	24.416	191
N	-4.583	15.641	23.928	192
CA	-5.891	16.072	24.426	192
C	-6.768	14.838	24.65	192
N	-6.802	14.353	25.896	193
CA	-7.607	13.197	26.31	193
C	-7.444	11.977	25.376	193
N	-6.194	11.656	25.019	194
CA	-5.833	10.548	24.124	194
C	-5.776	10.898	22.63	194
N	-6.456	11.97	22.209	195
CA	-6.28	12.552	20.883	195
C	-4.959	13.334	20.818	195
N	-4.506	13.65	19.607	196
CA	-3.24	14.359	19.378	196
C	-3.483	15.576	18.498	196
N	-2.914	16.716	18.884	197
CA	-3.097	17.992	18.189	197
C	-1.73	18.458	17.672	197
N	-1.534	18.565	16.344	198
CA	-0.308	19.108	15.774	198
C	-0.154	20.591	16.122	198
N	0.987	20.96	16.703	199
CA	1.301	22.345	17.091	199
C	2.161	23.019	16.029	199
N	3.313	22.421	15.708	200
CA	4.287	22.941	14.736	200
C	5.119	21.825	14.116	200
N	5.728	22.088	12.967	201
CA	6.743	21.207	12.384	201
C	8.085	21.533	13.028	201
N	8.692	20.551	13.687	202
CA	9.997	20.717	14.318	202
C	11.153	20.521	13.341	202
N	11.09	19.486	12.502	203
CA	12.172	19.176	11.56	203
C	11.624	18.675	10.239	203
N	12.214	19.145	9.141	204
CA	11.998	18.602	7.8	204
C	13.334	18.135	7.23	204
N	13.365	16.894	6.751	205
CA	14.468	16.332	5.969	205
C	13.994	16.119	4.54	205
N	14.788	16.551	3.561	206
CA	14.592	16.199	2.151	206
C	15.931	15.769	1.559	206
N	15.956	14.567	0.988	207
CA	17.026	14.084	0.113	207
C	16.411	13.67	-1.215	207
N	16.862	14.256	-2.313	208
CA	16.39	13.959	-3.661	208
C	17.57	13.808	-4.606	208
N	17.478	12.809	-5.476	209
CA	18.448	12.568	-6.523	209
C	18.449	13.757	-7.497	209
N	19.63	14.176	-7.946	210
CA	19.791	15.34	-8.82	210
C	20.804	15.102	-9.95	210
N	20.777	15.943	-10.989	211
CA	21.819	15.957	-12.023	211
C	23.137	16.56	-11.499	211
N	24.192	16.514	-12.311	212
CA	25.515	16.995	-11.897	212
C	25.655	18.523	-11.884	212
N	24.784	19.237	-12.603	213
CA	24.976	20.657	-12.923	213
C	24.461	21.622	-11.841	213
N	23.49	21.199	-11.023	214
CA	22.872	22.062	-10.006	214
C	23.762	22.188	-8.759	214
N	23.871	23.398	-8.202	215
CA	24.621	23.631	-6.957	215
C	23.811	23.245	-5.72	215
N	24.508	22.939	-4.622	216
CA	23.876	22.571	-3.355	216
C	23.024	23.713	-2.788	216
N	23.5	24.948	-2.903	217
CA	22.808	26.15	-2.442	217
C	21.491	26.349	-3.2	217
N	21.525	26.257	-4.536	218
CA	20.338	26.404	-5.376	218
C	19.305	25.295	-5.111	218
N	19.757	24.054	-4.877	219
CA	18.862	22.969	-4.464	219
C	18.189	23.272	-3.124	219
N	18.953	23.689	-2.107	220
CA	18.417	23.981	-0.766	220
C	17.378	25.097	-0.797	220
N	17.64	26.159	-1.552	221
CA	16.693	27.258	-1.746	221
C	15.405	26.774	-2.429	221
N	15.52	26.064	-3.555	222
CA	14.363	25.557	-4.289	222
C	13.524	24.565	-3.464	222
N	14.166	23.675	-2.7	223
CA	13.477	22.747	-1.8	223
C	12.706	23.492	-0.702	223
N	13.265	24.566	-0.139	224
CA	12.562	25.365	0.871	224
C	11.387	26.138	0.267	224
N	11.637	26.898	-0.793	225
CA	10.671	27.861	-1.328	225
C	9.599	27.216	-2.216	225
N	9.965	26.249	-3.062	226
CA	9.053	25.692	-4.072	226
C	8.434	24.348	-3.671	226
N	9.04	23.64	-2.708	227
CA	8.539	22.355	-2.193	227
C	7.922	22.53	-0.809	227
N	8.706	22.917	0.202	228
CA	8.23	22.968	1.593	228
C	7.134	24.012	1.773	228
N	7.382	25.277	1.413	229
CA	6.382	26.349	1.574	229
C	5.131	26.161	0.71	229
N	5.219	25.364	-0.356	230
CA	4.071	25.021	-1.194	230
C	3.187	23.915	-0.587	230
N	3.723	23.116	0.342	231
CA	3.051	21.937	0.911	231
C	2.668	22.144	2.37	231
N	3.593	22.65	3.182	232
CA	3.416	22.77	4.626	232
C	2.703	24.088	4.932	232
N	1.528	24.061	5.591	233
CA	0.845	25.279	6.004	233
C	1.758	26.19	6.829	233
N	1.807	27.48	6.48	234
CA	2.711	28.449	7.106	234
C	2.566	28.529	8.636	234
N	1.369	28.266	9.179	235
CA	1.115	28.223	10.631	235
C	1.93	27.168	11.396	235
N	2.501	26.185	10.701	236
CA	3.329	25.141	11.302	236
C	4.83	25.387	11.12	236
N	5.223	26.438	10.393	237
CA	6.616	26.785	10.132	237
C	6.961	28.083	10.859	237
N	8.054	28.058	11.601	238
CA	8.573	29.177	12.387	238
C	10.104	29.271	12.269	238
N	10.686	30.241	12.968	239
CA	12.125	30.487	13.05	239
C	12.92	29.302	13.616	239
N	12.297	28.486	14.468	240
CA	12.912	27.333	15.135	240
C	12.737	26.028	14.343	240
N	12.119	26.08	13.163	241
CA	11.966	24.893	12.321	241
C	13.326	24.499	11.746	241
N	13.752	23.259	11.991	242
CA	15.039	22.738	11.517	242
C	14.883	22.162	10.105	242
N	15.765	22.568	9.189	243
CA	15.734	22.147	7.787	243
C	17.009	21.389	7.395	243
N	16.908	20.07	7.224	244
CA	17.972	19.233	6.663	244
C	17.716	18.975	5.17	244
N	18.154	19.907	4.319	245
CA	17.917	19.878	2.869	245
C	19.186	19.455	2.117	245
N	19.098	18.36	1.353	246
CA	20.252	17.649	0.784	246
C	21.372	17.45	1.829	246
N	21.083	16.837	2.996	247
CA	22.048	16.743	4.091	247
C	23.3	15.934	3.721	247
N	23.216	15.02	2.743	248
CA	24.381	14.285	2.225	248
C	25.36	15.155	1.426	248
N	24.959	16.366	1.026	249
CA	25.732	17.273	0.174	249
C	25.782	16.877	-1.307	249
N	25.707	15.58	-1.634	250
CA	25.648	15.069	-3.013	250
C	24.784	13.811	-3.088	250
N	23.873	13.765	-4.058	251
CA	23.02	12.609	-4.342	251
C	22.784	12.457	-5.859	251
N	23.866	12.286	-6.625	252
CA	23.787	12.092	-8.089	252
C	23.437	10.642	-8.442	252
N	24.167	9.688	-7.854	253
CA	23.871	8.257	-7.976	253
C	22.646	7.962	-7.113	253
N	21.58	7.45	-7.719	254
CA	20.334	7.117	-7.031	254
C	19.59	5.979	-7.716	254
N	18.341	5.767	-7.312	255
CA	17.515	4.677	-7.821	255
C	18.153	3.3	-7.578	255
N	17.864	2.3	-8.433	256
CA	18.402	0.944	-8.28	256
C	19.937	0.859	-8.345	256
N	20.595	1.859	-8.945	257
CA	22.053	1.938	-8.976	257
C	22.612	2.237	-7.58	257
N	22.03	3.219	-6.886	258
CA	22.442	3.624	-5.541	258
C	22.115	2.587	-4.469	258
N	20.913	2.012	-4.502	259
CA	20.425	1.091	-3.467	259
C	19.609	-0.055	-4.088	259
N	19.574	-1.221	-3.445	260
CA	18.728	-2.324	-3.903	260
C	17.272	-2.041	-3.517	260
N	16.335	-2.408	-4.385	261
CA	14.905	-2.289	-4.111	261
C	14.254	-3.649	-3.999	261
N	13.313	-3.786	-3.07	262
CA	12.472	-4.977	-2.921	262
C	11.04	-4.556	-2.579	262
N	10.06	-5.221	-3.19	263
CA	8.633	-5.081	-2.858	263
C	8.403	-5.268	-1.355	263
N	7.522	-4.461	-0.759	264
CA	7.161	-4.624	0.651	264
C	8.21	-4.155	1.666	264
N	9.255	-3.429	1.251	265
CA	10.248	-2.832	2.176	265
C	9.907	-1.418	2.641	265
N	8.701	-0.948	2.316	266
CA	8.181	0.377	2.676	266
C	6.815	0.323	3.373	266
N	6.519	-0.779	4.067	267
CA	5.24	-1.021	4.762	267
C	4.794	0.083	5.738	267
N	5.722	0.777	6.404	268
CA	5.371	1.887	7.306	268
C	5.082	3.182	6.534	268
N	5.763	3.394	5.402	269
CA	5.45	4.476	4.453	269
C	4.087	4.229	3.81	269
N	3.758	2.974	3.513	270
CA	2.487	2.595	2.893	270
C	1.276	2.771	3.807	270
N	1.512	2.778	5.12	271
CA	0.472	2.803	6.145	271
C	0.444	4.122	6.907	271
N	0.906	4.138	8.156	272
CA	0.607	5.202	9.115	272
C	1.859	5.94	9.598	272
N	3.011	5.766	8.941	273
CA	4.226	6.522	9.258	273
C	4.75	6.319	10.682	273
N	4.524	5.145	11.27	274
CA	4.92	4.798	12.638	274
C	3.793	4.939	13.662	274
N	2.693	5.613	13.316	275
CA	1.494	5.659	14.152	275
C	0.703	4.351	14.097	275
N	-0.199	4.165	15.062	276
CA	-1.003	2.951	15.157	276
C	-0.12	1.729	15.408	276
N	-0.197	0.747	14.513	277
CA	0.657	-0.434	14.494	277
C	0.716	-1.014	13.07	277
N	1.581	-2.006	12.861	278
CA	1.682	-2.743	11.605	278
C	1.832	-4.239	11.878	278
N	1.226	-5.072	11.033	279
CA	1.211	-6.522	11.229	279
C	2.352	-7.29	10.565	279
N	3.016	-6.654	9.6	280
CA	4.23	-7.144	8.938	280
C	4.035	-7.465	7.457	280
N	2.815	-7.813	7.048	281
CA	2.484	-8.136	5.662	281
C	2.614	-6.953	4.699	281
N	3.317	-7.155	3.583	282
CA	3.36	-6.208	2.467	282
C	2.041	-6.183	1.681	282
N	1.76	-5.085	0.974	283
CA	0.554	-4.958	0.149	283
C	0.807	-5.297	-1.319	283
N	1.757	-4.603	-1.947	284
CA	2.021	-4.633	-3.389	284
C	2.196	-6.04	-3.953	284
N	1.662	-6.284	-5.151	285
CA	1.797	-7.567	-5.848	285
C	0.854	-8.667	-5.374	285
N	-0.129	-8.351	-4.523	286
CA	-1.03	-9.341	-3.922	286
C	-2.49	-9.127	-4.312	286
N	-3.173	-10.19	-4.73	287
CA	-4.624	-10.157	-4.962	287
C	-5.432	-10.134	-3.645	287
N	-6.752	-9.936	-3.738	288
CA	-7.611	-9.724	-2.568	288
C	-7.629	-10.896	-1.573	288
N	-7.314	-12.132	-1.99	289
CA	-7.326	-13.267	-1.056	289
C	-6.186	-13.175	-0.043	289
N	-5.151	-12.361	-0.295	290
CA	-4.047	-12.133	0.646	290
C	-4.483	-11.085	1.663	290
N	-4.85	-11.571	2.845	291
CA	-5.402	-10.756	3.937	291
C	-4.456	-9.667	4.429	291
N	-3.144	-9.804	4.208	292
CA	-2.166	-8.725	4.411	292
C	-2.638	-7.394	3.822	292
N	-3.206	-7.437	2.613	293
CA	-3.716	-6.273	1.891	293
C	-5.19	-6.032	2.185	293
N	-6.047	-7.008	1.882	294
CA	-7.501	-6.805	1.914	294
C	-8.011	-6.524	3.324	294
N	-7.514	-7.248	4.329	295
CA	-7.926	-7.032	5.707	295
C	-7.293	-5.779	6.326	295
N	-6.099	-5.356	5.89	296
CA	-5.56	-4.049	6.275	296
C	-6.413	-2.896	5.717	296
N	-6.874	-2.993	4.463	297
CA	-7.784	-2.003	3.87	297
C	-9.135	-1.989	4.589	297
N	-9.695	-3.162	4.89	298
CA	-10.932	-3.264	5.656	298
C	-10.769	-2.716	7.083	298
N	-9.657	-3.003	7.761	299
CA	-9.391	-2.461	9.088	299
C	-9.244	-0.929	9.053	299
N	-8.578	-0.363	8.032	300
CA	-8.554	1.092	7.789	300
C	-9.967	1.641	7.604	300
N	-10.788	0.965	6.808	301
CA	-12.169	1.359	6.554	301
C	-13.009	1.376	7.834	301
N	-12.883	0.35	8.681	302
CA	-13.509	0.299	10.012	302
C	-13.033	1.472	10.871	302
N	-11.716	1.655	11.009	303
CA	-11.131	2.711	11.833	303
C	-11.613	4.108	11.406	303
N	-11.559	4.405	10.101	304
CA	-12.018	5.685	9.552	304
C	-13.521	5.878	9.746	304
N	-14.311	4.813	9.604	305
CA	-15.76	4.858	9.824	305
C	-16.114	5.184	11.272	305
N	-15.414	4.6	12.25	306
CA	-15.616	4.901	13.673	306
C	-15.295	6.37	14.001	306
N	-14.174	6.898	13.49	307
CA	-13.796	8.311	13.691	307
C	-14.794	9.255	13.016	307
N	-15.163	9.0	11.754	308
CA	-16.122	9.842	11.016	308
C	-17.558	9.738	11.541	308
N	-17.914	8.653	12.229	309
CA	-19.178	8.526	12.954	309
C	-19.194	9.292	14.293	309
N	-18.068	9.883	14.711	310
CA	-17.953	10.607	15.979	310
C	-17.947	9.698	17.212	310
N	-17.65	8.404	17.042	311
CA	-17.603	7.436	18.144	311
C	-16.291	7.504	18.935	311
N	-15.212	7.923	18.282	312
CA	-13.887	8.112	18.861	312
C	-13.127	9.174	18.062	312
N	-12.063	9.736	18.636	313
CA	-11.182	10.688	17.932	313
C	-9.948	10.016	17.342	313
N	-9.523	8.901	17.933	314
CA	-8.363	8.123	17.505	314
C	-8.619	6.652	17.778	314
N	-8.32	5.776	16.824	315
CA	-8.58	4.34	16.98	315
C	-7.584	3.482	16.215	315
N	-7.199	2.372	16.836	316
CA	-6.463	1.258	16.263	316
C	-7.373	0.023	16.266	316
N	-7.5	-0.621	15.115	317
CA	-8.28	-1.84	14.898	317
C	-7.301	-2.946	14.551	317
N	-7.32	-4.058	15.274	318
CA	-6.552	-5.253	14.931	318
C	-7.496	-6.333	14.417	318
N	-7.099	-7.022	13.352	319
CA	-7.74	-8.255	12.879	319
C	-6.683	-9.331	12.661	319
N	-7.041	-10.607	12.801	320
CA	-6.136	-11.719	12.483	320
C	-6.863	-12.891	11.833	320
N	-6.138	-13.69	11.05	321
CA	-6.673	-14.825	10.293	321
C	-5.757	-16.047	10.404	321
N	-6.321	-17.223	10.129	322
CA	-5.586	-18.441	9.796	322
C	-5.811	-18.782	8.32	322
N	-4.788	-19.32	7.651	323
CA	-4.899	-19.752	6.254	323
C	-6.067	-20.735	6.07	323
N	-6.876	-20.523	5.033	324
CA	-8.053	-21.345	4.743	324
C	-9.274	-21.07	5.635	324
N	-9.185	-20.223	6.661	325
CA	-10.346	-19.822	7.475	325
C	-10.875	-18.487	6.956	325
N	-12.172	-18.416	6.64	326
CA	-12.776	-17.19	6.11	326
C	-12.922	-16.125	7.204	326
N	-13.376	-16.532	8.391	327
CA	-13.632	-15.597	9.481	327
C	-12.37	-15.173	10.238	327
N	-12.299	-13.911	10.707	328
CA	-11.216	-13.472	11.571	328
C	-11.163	-14.297	12.863	328
N	-9.957	-14.663	13.294	329
CA	-9.726	-15.308	14.59	329
C	-9.931	-14.332	15.753	329
N	-9.625	-13.055	15.526	330
CA	-9.747	-12.0	16.526	330
C	-10.029	-10.656	15.869	330
N	-10.846	-9.833	16.524	331
CA	-11.036	-8.415	16.21	331
C	-10.872	-7.635	17.52	331
N	-9.969	-6.656	17.549	332
CA	-9.706	-5.821	18.731	332
C	-9.787	-4.345	18.369	332
N	-10.364	-3.535	19.257	333
CA	-10.529	-2.088	19.081	333
C	-9.818	-1.373	20.229	333
N	-8.995	-0.371	19.92	334
CA	-8.288	0.453	20.903	334
C	-8.451	1.929	20.54	334
N	-9.14	2.7	21.37	335
CA	-9.52	4.101	21.121	335
C	-8.645	5.121	21.829	335
N	-7.612	4.669	22.542	336
CA	-6.721	5.54	23.312	336
C	-7.473	6.401	24.347	336
N	-8.632	5.94	24.835	337
CA	-9.487	6.703	25.752	337
C	-10.308	7.822	25.096	337
N	-10.317	7.922	23.762	338
CA	-11.016	8.999	23.033	338
C	-12.496	8.722	22.754	338
N	-13.012	7.591	23.231	339
CA	-14.406	7.178	23.091	339
C	-15.136	7.272	24.428	339
N	-16.421	7.644	24.384	340
CA	-17.332	7.484	25.533	340
C	-17.871	6.056	25.662	340
N	-17.879	5.305	24.558	341
CA	-18.255	3.89	24.503	341
C	-17.071	3.003	24.859	341
N	-17.349	1.895	25.528	342
CA	-16.354	0.868	25.843	342
C	-15.83	0.187	24.575	342
N	-14.535	-0.125	24.563	343
CA	-13.856	-0.753	23.421	343
C	-14.315	-2.196	23.186	343
N	-14.355	-2.988	24.266	344
CA	-14.632	-4.428	24.234	344
C	-16.097	-4.758	23.968	344
N	-17.015	-4.063	24.633	345
CA	-18.421	-4.468	24.646	345
C	-19.228	-3.655	23.63	345
N	-19.108	-2.325	23.631	346
CA	-19.946	-1.483	22.771	346
C	-19.366	-1.262	21.369	346
N	-18.11	-0.817	21.243	347
CA	-17.547	-0.51	19.921	347
C	-17.328	-1.767	19.084	347
N	-16.872	-2.86	19.697	348
CA	-16.743	-4.137	19.003	348
C	-18.106	-4.675	18.533	348
N	-19.182	-4.509	19.312	349
CA	-20.542	-4.852	18.867	349
C	-20.959	-4.011	17.653	349
N	-20.706	-2.696	17.684	350
CA	-20.953	-1.817	16.531	350
C	-20.179	-2.298	15.306	350
N	-18.913	-2.69	15.46	351
CA	-18.103	-3.221	14.356	351
C	-18.708	-4.518	13.815	351
N	-18.964	-5.512	14.666	352
CA	-19.507	-6.814	14.257	352
C	-20.89	-6.71	13.595	352
N	-21.712	-5.734	13.997	353
CA	-23.033	-5.497	13.397	353
C	-22.961	-4.842	12.017	353
N	-21.907	-4.073	11.747	354
CA	-21.809	-3.243	10.546	354
C	-20.8	-3.771	9.523	354
N	-19.868	-4.637	9.908	355
CA	-18.805	-5.131	9.041	355
C	-18.726	-6.651	9.093	355
N	-18.732	-7.257	7.913	356
CA	-18.339	-8.644	7.711	356
C	-16.933	-8.615	7.111	356
N	-15.982	-9.184	7.848	357
CA	-14.562	-9.107	7.532	357
C	-14.045	-10.394	6.876	357
N	-14.923	-11.277	6.384	358
CA	-14.485	-12.365	5.502	358
C	-13.839	-11.78	4.243	358
N	-12.698	-12.305	3.757	359
CA	-12.049	-11.804	2.54	359
C	-12.984	-11.793	1.321	359
N	-13.887	-12.776	1.253	360
CA	-14.932	-12.908	0.238	360
C	-16.032	-11.846	0.284	360
N	-16.232	-11.205	1.435	361
CA	-17.161	-10.08	1.593	361
C	-16.431	-8.749	1.435	361
N	-15.211	-8.644	1.97	362
CA	-14.34	-7.473	1.805	362
C	-14.129	-7.149	0.32	362
N	-13.88	-8.159	-0.523	363
CA	-13.677	-7.949	-1.966	363
C	-14.876	-7.309	-2.65	363
N	-16.096	-7.657	-2.229	364
CA	-17.331	-7.061	-2.738	364
C	-17.487	-5.634	-2.229	364
N	-17.355	-5.44	-0.92	365
CA	-17.608	-4.154	-0.265	365
C	-16.585	-3.078	-0.679	365
N	-15.343	-3.478	-0.974	366
CA	-14.249	-2.583	-1.369	366
C	-13.84	-2.707	-2.847	366
N	-14.564	-3.496	-3.645	367
CA	-14.361	-3.66	-5.094	367
C	-12.918	-4.069	-5.48	367
N	-12.344	-5.013	-4.722	368
CA	-10.915	-5.373	-4.769	368
C	-10.52	-6.263	-5.962	368
N	-11.41	-6.479	-6.928	369
CA	-11.031	-7.072	-8.222	369
C	-10.722	-6.009	-9.276	369
N	-10.923	-4.721	-8.967	370
CA	-10.596	-3.633	-9.891	370
C	-9.084	-3.434	-10.033	370
N	-8.59	-3.198	-11.262	371
CA	-7.177	-2.949	-11.523	371
C	-6.804	-1.489	-11.202	371
N	-6.747	-1.167	-9.908	372
CA	-6.426	0.165	-9.365	372
C	-5.171	0.167	-8.482	372
N	-4.492	-0.968	-8.35	373
CA	-3.485	-1.189	-7.322	373
C	-2.206	-0.401	-7.564	373
N	-1.793	-0.197	-8.82	374
CA	-0.58	0.57	-9.122	374
C	-0.658	1.992	-8.552	374
N	-1.861	2.579	-8.516	375
CA	-2.078	3.899	-7.916	375
C	-1.849	3.914	-6.411	375
N	-2.002	2.784	-5.728	376
CA	-1.84	2.669	-4.272	376
C	-0.369	2.556	-3.862	376
N	0.48	2.034	-4.754	377
CA	1.858	1.629	-4.481	377
C	2.856	2.774	-4.211	377
N	2.441	4.035	-4.348	378
CA	3.222	5.207	-3.959	378
C	2.308	6.268	-3.327	378
N	2.88	7.08	-2.43	379
CA	2.189	8.134	-1.668	379
C	1.137	7.637	-0.666	379
N	1.34	6.427	-0.143	380
CA	0.482	5.821	0.867	380
C	-0.783	5.2	0.277	380
N	-1.191	4.076	0.865	381
CA	-2.441	3.401	0.512	381
C	-3.661	4.081	1.153	381
N	-3.439	4.894	2.19	382
CA	-4.482	5.465	3.037	382
C	-4.505	6.995	2.995	382
N	-5.66	7.57	3.33	383
CA	-5.902	9.019	3.342	383
C	-6.27	9.64	1.991	383
N	-6.294	8.862	0.905	384
CA	-6.601	9.347	-0.45	384
C	-8.036	9.011	-0.842	384
N	-8.842	10.035	-1.105	385
CA	-10.298	9.924	-1.285	385
C	-10.766	9.105	-2.494	385
N	-9.875	8.75	-3.424	386
CA	-10.229	7.97	-4.618	386
C	-10.51	6.481	-4.332	386
N	-10.191	5.985	-3.129	387
CA	-10.275	4.561	-2.8	387
C	-11.501	4.184	-1.95	387
N	-12.115	3.003	-2.174	388
CA	-13.316	2.579	-1.446	388
C	-13.146	2.5	0.078	388
N	-11.997	2.023	0.573	389
CA	-11.719	1.944	2.018	389
C	-11.576	3.315	2.692	389
N	-11.454	4.388	1.909	390
CA	-11.417	5.76	2.407	390
C	-12.805	6.416	2.458	390
N	-13.858	5.747	1.966	391
CA	-15.257	6.195	2.045	391
C	-15.909	5.598	3.299	391
N	-16.154	6.384	4.362	392
CA	-16.674	5.862	5.625	392
C	-18.022	5.15	5.455	392
N	-18.173	3.965	6.054	393
CA	-19.468	3.281	6.145	393
C	-20.361	4.03	7.129	393
N	-21.624	4.262	6.764	394
CA	-22.622	4.772	7.711	394
C	-22.969	3.665	8.707	394
N	-22.634	3.877	9.976	395
CA	-22.816	2.885	11.035	395
C	-24.222	2.96	11.644	395
N	-24.765	1.804	12.025	396
CA	-25.994	1.659	12.816	396
C	-25.612	1.231	14.231	396
N	-25.9	2.072	15.227	397
CA	-25.592	1.842	16.642	397
C	-26.577	2.537	17.58	397
