ATOM	X	Y	Z	RESIDUE
N	-40.434	-8.689	3.698	1
CA	-39.591	-9.84	3.249	1
C	-38.584	-10.231	4.339	1
N	-38.049	-11.449	4.276	2
CA	-36.99	-11.914	5.201	2
C	-36.21	-13.079	4.577	2
N	-35.064	-13.418	5.166	3
CA	-34.252	-14.608	4.801	3
C	-34.928	-15.859	5.395	3
N	-34.723	-17.024	4.779	4
CA	-35.126	-18.344	5.315	4
C	-36.632	-18.529	5.508	4
N	-37.491	-17.831	4.746	5
CA	-38.947	-18.089	4.736	5
C	-39.776	-16.989	4.084	5
N	-41.106	-17.132	4.175	6
CA	-42.141	-16.4	3.391	6
C	-42.219	-14.935	3.823	6
N	-42.739	-14.006	2.977	7
CA	-43.276	-14.339	1.655	7
C	-42.172	-14.716	0.654	7
N	-42.539	-15.612	-0.651	8
CA	-41.562	-15.769	-1.736	8
C	-41.242	-14.363	-2.29	8
N	-39.954	-14.078	-2.492	9
CA	-39.494	-12.718	-2.901	9
C	-40.184	-12.282	-4.2	9
N	-40.349	-13.163	-5.228	10
CA	-41.083	-12.785	-6.448	10
C	-42.487	-12.184	-6.202	10
N	-43.208	-12.629	-5.152	11
CA	-44.509	-12.041	-4.729	11
C	-44.265	-10.595	-4.263	11
N	-43.162	-10.337	-3.56	12
CA	-42.791	-8.973	-3.071	12
C	-42.411	-8.102	-4.273	12
N	-41.653	-8.65	-5.215	13
CA	-41.1	-7.891	-6.363	13
C	-40.834	-8.876	-7.479	13
N	-41.552	-8.756	-8.609	14
CA	-41.328	-9.651	-9.744	14
C	-39.862	-9.738	-10.202	14
N	-39.091	-8.657	-10.046	15
CA	-37.681	-8.615	-10.512	15
C	-36.872	-9.709	-9.795	15
N	-37.328	-10.172	-8.62	16
CA	-36.643	-11.254	-7.873	16
C	-36.726	-12.567	-8.662	16
N	-37.515	-12.601	-9.74	17
CA	-37.659	-13.78	-10.617	17
C	-36.99	-13.485	-11.97	17
N	-36.187	-12.411	-12.08	18
CA	-35.484	-12.06	-13.328	18
C	-34.496	-13.138	-13.721	18
N	-34.025	-13.116	-14.961	19
CA	-33.108	-14.157	-15.473	19
C	-31.666	-13.876	-15.008	19
N	-31.372	-12.623	-14.671	20
CA	-29.99	-12.09	-14.481	20
C	-29.85	-11.556	-13.054	20
N	-29.759	-12.474	-12.098	21
CA	-29.801	-12.157	-10.658	21
C	-28.425	-12.359	-10.021	21
N	-28.3	-11.817	-8.827	22
CA	-27.076	-11.849	-7.993	22
C	-27.524	-12.43	-6.665	22
N	-26.653	-13.095	-5.874	23
CA	-25.259	-13.295	-6.236	23
C	-25.094	-14.528	-7.133	23
N	-23.851	-14.807	-7.502	24
CA	-23.509	-15.908	-8.435	24
C	-22.322	-16.67	-7.85	24
N	-22.166	-17.891	-8.334	25
CA	-20.933	-18.68	-8.127	25
C	-19.917	-18.227	-9.158	25
N	-18.78	-17.715	-8.717	26
CA	-17.654	-17.336	-9.609	26
C	-16.821	-18.609	-9.861	26
N	-16.738	-19.031	-11.129	27
CA	-15.826	-20.108	-11.598	27
C	-14.772	-19.415	-12.446	27
N	-13.609	-19.081	-11.868	28
CA	-12.612	-18.273	-12.563	28
C	-12.088	-18.907	-13.856	28
N	-12.21	-20.239	-13.998	29
CA	-11.915	-20.923	-15.292	29
C	-12.865	-20.414	-16.392	29
N	-14.132	-20.11	-16.094	30
CA	-15.098	-19.634	-17.122	30
C	-15.093	-18.097	-17.184	30
N	-14.327	-17.413	-16.328	31
CA	-14.174	-15.932	-16.365	31
C	-13.46	-15.526	-17.653	31
N	-13.944	-14.462	-18.29	32
CA	-13.346	-13.817	-19.473	32
C	-12.361	-12.786	-18.982	32
N	-11.104	-12.894	-19.387	33
CA	-10.097	-11.844	-19.112	33
C	-10.396	-10.675	-20.033	33
N	-10.531	-9.483	-19.469	34
CA	-10.801	-8.235	-20.217	34
C	-9.786	-7.201	-19.775	34
N	-8.722	-6.929	-20.555	35
CA	-7.755	-5.9	-20.175	35
C	-8.288	-4.466	-20.183	35
N	-9.537	-4.234	-20.589	36
CA	-10.157	-2.898	-20.434	36
C	-10.446	-2.619	-18.943	36
N	-10.475	-3.661	-18.101	37
CA	-10.791	-3.526	-16.647	37
C	-9.56	-3.007	-15.899	37
N	-9.552	-1.727	-15.595	38
CA	-8.424	-1.041	-14.937	38
C	-8.677	-0.98	-13.433	38
N	-7.63	-0.674	-12.629	39
CA	-7.767	-0.543	-11.181	39
C	-8.856	0.491	-10.832	39
N	-9.713	0.129	-9.893	40
CA	-10.771	1.016	-9.338	40
C	-10.145	2.25	-8.711	40
N	-10.79	3.392	-8.86	41
CA	-10.427	4.697	-8.257	41
C	-11.477	5.112	-7.192	41
N	-11.032	5.343	-5.949	42
CA	-11.832	5.848	-4.794	42
C	-11.309	7.211	-4.345	42
N	-12.153	8.251	-4.335	43
CA	-11.816	9.609	-3.827	43
C	-12.737	9.975	-2.675	43
N	-12.193	10.636	-1.655	44
CA	-12.945	11.167	-0.512	44
C	-13.319	10.093	0.5	44
N	-12.771	8.876	0.427	45
CA	-13.159	7.792	1.373	45
C	-12.494	7.996	2.743	45
N	-11.439	8.8	2.827	46
CA	-10.752	9.037	4.115	46
C	-11.521	10.148	4.835	46
N	-12.43	9.812	5.733	47
CA	-13.31	10.823	6.366	47
C	-12.663	11.404	7.617	47
N	-13.013	12.661	7.954	48
CA	-12.705	13.22	9.262	48
C	-13.66	12.584	10.275	48
N	-13.344	12.627	11.575	49
CA	-14.192	12.008	12.589	49
C	-15.579	12.666	12.757	49
N	-15.717	13.971	12.517	50
CA	-17.027	14.673	12.502	50
C	-17.288	15.233	11.113	50
N	-18.528	15.176	10.588	51
CA	-19.677	14.638	11.325	51
C	-19.671	13.101	11.437	51
N	-20.386	12.598	12.427	52
CA	-20.53	11.156	12.689	52
C	-21.41	10.518	11.62	52
N	-21.285	9.211	11.461	53
CA	-22.137	8.44	10.523	53
C	-23.15	7.625	11.331	53
N	-24.249	7.243	10.693	54
CA	-25.284	6.392	11.324	54
C	-25.047	4.935	10.915	54
N	-24.936	4.102	11.924	55
CA	-24.824	2.633	11.804	55
C	-26.128	2.021	12.315	55
N	-26.776	1.202	11.509	56
CA	-28.16	0.759	11.815	56
C	-28.299	-0.746	11.681	56
N	-28.939	-1.36	12.667	57
CA	-29.421	-2.747	12.547	57
C	-30.794	-2.668	11.884	57
N	-30.923	-2.989	10.602	58
CA	-32.22	-2.823	9.893	58
C	-32.995	-4.145	9.908	58
N	-32.538	-5.142	10.669	59
CA	-33.139	-6.483	10.734	59
C	-32.678	-7.406	9.618	59
N	-32.117	-6.882	8.514	60
CA	-31.572	-7.749	7.423	60
C	-30.043	-7.707	7.389	60
N	-29.468	-6.621	7.865	61
CA	-28.014	-6.414	7.903	61
C	-27.677	-5.355	8.946	61
N	-26.394	-5.066	9.062	62
CA	-25.92	-3.829	9.722	62
C	-25.449	-2.912	8.588	62
N	-25.956	-1.686	8.552	63
CA	-25.725	-0.744	7.436	63
C	-25.092	0.509	8.003	63
N	-24.011	0.934	7.377	64
CA	-23.41	2.249	7.661	64
C	-23.781	3.162	6.484	64
N	-24.476	4.259	6.754	65
CA	-24.864	5.236	5.713	65
C	-23.705	6.212	5.542	65
N	-23.321	6.455	4.293	66
CA	-22.125	7.232	3.933	66
C	-22.544	8.657	3.587	66
N	-21.7	9.65	3.923	67
CA	-22.015	11.052	3.659	67
C	-21.812	11.347	2.187	67
N	-22.311	12.492	1.711	68
CA	-21.98	12.926	0.362	68
C	-20.446	13.024	0.212	68
N	-19.904	13.06	-1.188	69
CA	-18.508	13.337	-1.578	69
C	-17.602	12.117	-1.633	69
N	-18.113	10.888	-1.561	70
CA	-17.292	9.67	-1.773	70
C	-17.508	9.252	-3.227	70
N	-16.484	9.453	-4.04	71
CA	-16.551	9.22	-5.501	71
C	-15.782	7.94	-5.799	71
N	-16.344	7.12	-6.677	72
CA	-15.756	5.843	-7.105	72
C	-15.85	5.806	-8.622	72
N	-14.796	5.364	-9.287	73
CA	-14.861	5.145	-10.751	73
C	-14.474	3.721	-11.092	73
N	-15.296	3.055	-11.896	74
CA	-14.981	1.702	-12.396	74
C	-14.012	1.82	-13.56	74
N	-13.944	3.02	-14.095	75
CA	-13.07	3.362	-15.215	75
C	-13.467	4.721	-15.733	75
N	-12.537	5.264	-16.751	76
CA	-12.794	6.575	-17.342	76
C	-14.239	6.727	-17.833	76
N	-14.945	7.734	-17.34	77
CA	-16.355	8.015	-17.673	77
C	-17.36	7.126	-16.944	77
N	-16.927	6.258	-16.021	78
CA	-17.814	5.303	-15.303	78
C	-17.855	5.73	-13.827	78
N	-18.578	6.806	-13.525	79
CA	-18.426	7.482	-12.214	79
C	-19.659	7.27	-11.337	79
N	-19.39	7.086	-10.038	80
CA	-20.364	6.682	-8.999	80
C	-20.105	7.502	-7.72	80
N	-21.132	7.619	-6.884	81
CA	-21.095	8.17	-5.514	81
C	-21.505	7.06	-4.562	81
N	-20.742	6.856	-3.504	82
CA	-20.995	5.848	-2.474	82
C	-22.2	6.297	-1.628	82
N	-23.119	5.363	-1.39	83
CA	-24.371	5.591	-0.623	83
C	-24.212	4.996	0.758	83
N	-23.817	3.723	0.826	84
CA	-23.865	2.946	2.091	84
C	-23.02	1.692	1.939	84
N	-22.688	1.069	3.056	85
CA	-22.142	-0.307	3.041	85
C	-22.871	-1.126	4.096	85
N	-22.898	-2.424	3.877	86
CA	-23.54	-3.401	4.779	86
C	-22.843	-4.745	4.614	86
N	-23.207	-5.712	5.444	87
CA	-22.488	-6.998	5.553	87
C	-23.488	-8.148	5.407	87
N	-22.99	-9.264	4.899	88
CA	-23.726	-10.545	4.865	88
C	-22.839	-11.561	5.576	88
N	-23.426	-12.413	6.417	89
CA	-22.655	-13.306	7.315	89
C	-23.44	-14.58	7.656	89
N	-22.76	-15.52	8.3	90
CA	-23.338	-16.834	8.601	90
C	-23.723	-16.961	10.065	90
N	-23.116	-17.93	10.734	91
CA	-23.399	-18.329	12.135	91
C	-22.259	-19.252	12.597	91
N	-22.162	-19.549	13.886	92
CA	-21.128	-20.438	14.473	92
C	-20.816	-21.574	13.497	92
N	-19.609	-21.587	12.929	93
CA	-19.114	-22.648	12.038	93
C	-19.888	-22.724	10.73	93
N	-20.585	-21.652	10.318	94
CA	-21.268	-21.648	8.994	94
C	-20.9	-20.353	8.274	94
N	-20.303	-20.459	7.083	95
CA	-19.946	-19.285	6.291	95
C	-21.218	-18.598	5.765	95
N	-21.135	-17.3	5.48	96
CA	-22.307	-16.571	4.976	96
C	-22.015	-15.531	3.912	96
N	-20.934	-15.64	3.135	97
CA	-20.763	-14.772	1.941	97
C	-21.938	-15.025	0.983	97
N	-22.247	-14.052	0.13	98
CA	-23.309	-14.15	-0.896	98
C	-22.704	-14.79	-2.132	98
N	-21.624	-14.209	-2.616	99
CA	-20.875	-14.792	-3.732	99
C	-20.134	-16.028	-3.22	99
N	-19.901	-16.982	-4.112	100
CA	-19.054	-18.188	-3.876	100
C	-17.997	-18.199	-4.974	100
N	-16.898	-18.905	-4.726	101
CA	-15.836	-19.135	-5.737	101
C	-15.689	-20.666	-5.818	101
N	-16.039	-21.235	-6.968	102
CA	-16.043	-22.701	-7.214	102
C	-16.778	-23.359	-6.067	102
N	-17.912	-22.794	-5.689	103
CA	-18.779	-23.382	-4.655	103
C	-18.286	-23.126	-3.246	103
N	-17.107	-22.524	-3.02	104
CA	-16.616	-22.173	-1.65	104
C	-17.372	-20.929	-1.151	104
N	-18.055	-21.011	-0.016	105
CA	-18.674	-19.834	0.663	105
C	-17.69	-19.305	1.725	105
N	-17.431	-17.995	1.74	106
CA	-16.489	-17.355	2.687	106
C	-17.25	-16.986	3.953	106
N	-16.547	-16.74	5.077	107
CA	-17.226	-16.439	6.329	107
C	-18.249	-15.302	6.187	107
N	-17.849	-14.203	5.536	108
CA	-18.708	-13.007	5.388	108
C	-18.342	-12.21	4.138	108
N	-19.143	-11.178	3.845	109
CA	-18.99	-10.346	2.637	109
C	-19.419	-8.91	2.971	109
N	-18.654	-7.946	2.471	110
CA	-18.988	-6.496	2.553	110
C	-19.46	-6.069	1.178	110
N	-20.511	-5.263	1.162	111
CA	-21.076	-4.602	-0.03	111
C	-21.028	-3.103	0.186	111
N	-20.375	-2.385	-0.71	112
CA	-20.417	-0.902	-0.735	112
C	-21.222	-0.497	-1.967	112
N	-22.404	0.054	-1.73	113
CA	-23.402	0.36	-2.778	113
C	-23.149	1.788	-3.262	113
N	-23.134	1.975	-4.584	114
CA	-22.896	3.259	-5.275	114
C	-23.968	3.543	-6.317	114
N	-24.176	4.84	-6.531	115
CA	-25.182	5.397	-7.447	115
C	-24.452	6.14	-8.562	115
N	-24.758	5.806	-9.793	116
CA	-24.212	6.519	-10.972	116
C	-24.453	8.022	-10.805	116
N	-23.434	8.827	-11.122	117
CA	-23.526	10.305	-11.002	117
C	-24.553	10.783	-12.02	117
N	-25.103	9.892	-13.17	118
CA	-26.181	10.446	-14.012	118
C	-27.524	10.466	-13.272	118
N	-27.63	9.877	-12.072	119
CA	-28.913	9.737	-11.348	119
C	-28.823	10.472	-10.011	119
N	-29.849	11.254	-9.669	120
CA	-29.974	11.952	-8.372	120
C	-30.333	10.948	-7.266	120
N	-31.083	9.891	-7.562	121
CA	-31.613	8.991	-6.514	121
C	-31.646	7.543	-6.956	121
N	-31.664	6.65	-5.972	122
CA	-31.629	5.194	-6.23	122
C	-32.904	4.801	-6.995	122
N	-34.069	5.348	-6.628	123
CA	-35.341	4.894	-7.244	123
C	-35.297	5.21	-8.75	123
N	-34.575	6.249	-9.156	124
CA	-34.435	6.62	-10.591	124
C	-33.475	5.671	-11.315	124
N	-32.54	5.065	-10.598	125
CA	-31.453	4.206	-11.139	125
C	-31.855	2.733	-11.169	125
N	-32.833	2.314	-10.35	126
CA	-33.245	0.893	-10.243	126
C	-33.677	0.354	-11.61	126
N	-33.114	-0.778	-12.021	127
CA	-33.417	-1.412	-13.302	127
C	-32.755	-0.731	-14.483	127
N	-32.064	0.402	-14.33	128
CA	-31.356	1.013	-15.493	128
C	-29.947	0.439	-15.569	128
N	-29.415	0.177	-16.792	129
CA	-28.097	-0.445	-16.974	129
C	-26.975	0.396	-16.342	129
N	-26.253	-0.155	-15.366	130
CA	-25.13	0.576	-14.726	130
C	-25.579	1.705	-13.816	130
N	-26.872	1.742	-13.491	131
CA	-27.395	2.77	-12.579	131
C	-26.801	2.646	-11.179	131
N	-26.598	1.415	-10.718	132
CA	-25.993	1.088	-9.408	132
C	-24.733	0.236	-9.601	132
N	-23.744	0.419	-8.733	133
CA	-22.51	-0.372	-8.732	133
C	-22.211	-0.766	-7.285	133
N	-21.891	-2.033	-7.082	134
CA	-21.529	-2.572	-5.741	134
C	-20.084	-3.046	-5.811	134
N	-19.268	-2.585	-4.854	135
CA	-17.938	-3.188	-4.542	135
C	-18.125	-4.246	-3.45	135
N	-17.739	-5.486	-3.756	136
CA	-17.914	-6.642	-2.867	136
C	-16.543	-7.243	-2.554	136
N	-16.311	-7.548	-1.284	137
CA	-15.083	-8.206	-0.796	137
C	-15.481	-9.258	0.229	137
N	-14.803	-10.387	0.155	138
CA	-14.97	-11.473	1.138	138
C	-14.232	-11.085	2.405	138
N	-14.784	-11.51	3.52	139
CA	-14.113	-11.388	4.822	139
C	-13.739	-12.809	5.256	139
N	-12.485	-12.987	5.665	140
CA	-11.878	-14.286	6.064	140
C	-11.232	-14.105	7.431	140
N	-10.921	-15.213	8.088	141
CA	-10.186	-15.184	9.366	141
C	-8.701	-14.921	9.119	141
N	-8.189	-13.891	9.786	142
CA	-6.749	-13.656	9.915	142
C	-6.335	-13.634	11.385	142
N	-5.037	-13.54	11.671	143
CA	-4.558	-13.561	13.051	143
C	-4.679	-12.271	13.872	143
N	-4.837	-11.135	13.212	144
CA	-4.821	-9.828	13.885	144
C	-6.255	-9.286	13.918	144
N	-6.564	-8.521	14.953	145
CA	-7.799	-7.707	14.999	145
C	-7.745	-6.67	13.869	145
N	-8.78	-6.597	13.03	146
CA	-8.838	-5.548	11.979	146
C	-9.3	-4.228	12.616	146
N	-8.454	-3.198	12.683	147
CA	-8.772	-1.992	13.491	147
C	-9.864	-1.157	12.805	147
N	-9.969	-1.185	11.482	148
CA	-11.041	-0.429	10.792	148
C	-12.38	-1.098	11.092	148
N	-12.458	-2.42	10.981	149
CA	-13.678	-3.184	11.304	149
C	-13.991	-3.044	12.792	149
N	-12.982	-2.928	13.657	150
CA	-13.22	-2.877	15.108	150
C	-14.074	-1.648	15.427	150
N	-13.923	-0.565	14.684	151
CA	-14.704	0.672	14.957	151
C	-16.209	0.452	14.787	151
N	-16.612	-0.505	13.939	152
CA	-18.025	-0.816	13.705	152
C	-18.412	-1.978	14.617	152
N	-17.575	-3.018	14.71	153
CA	-17.959	-4.265	15.44	153
C	-18.078	-3.986	16.938	153
N	-17.28	-3.057	17.472	154
CA	-17.283	-2.644	18.895	154
C	-18.636	-1.967	19.227	154
N	-19.417	-1.577	18.228	155
CA	-20.675	-0.81	18.417	155
C	-21.88	-1.724	18.193	155
N	-21.678	-2.995	17.801	156
CA	-22.846	-3.844	17.479	156
C	-23.694	-4.071	18.728	156
N	-23.05	-4.174	19.889	157
CA	-23.761	-4.387	21.176	157
C	-24.839	-3.306	21.346	157
N	-24.508	-2.042	21.076	158
CA	-25.455	-0.903	21.211	158
C	-26.641	-1.065	20.251	158
N	-26.51	-1.816	19.14	159
CA	-27.574	-1.888	18.107	159
C	-28.092	-3.324	17.982	159
N	-28.007	-4.109	19.05	160
CA	-28.41	-5.53	19.052	160
C	-29.866	-5.644	18.595	160
N	-30.719	-4.717	19.046	161
CA	-32.187	-4.802	18.822	161
C	-32.498	-4.466	17.36	161
N	-33.339	-5.262	16.708	162
CA	-33.81	-4.963	15.343	162
C	-34.323	-3.522	15.277	162
N	-33.874	-2.744	14.283	163
CA	-34.34	-1.358	14.036	163
C	-33.62	-0.305	14.866	163
N	-32.559	-0.699	15.552	164
CA	-31.744	0.123	16.473	164
C	-30.664	0.86	15.659	164
N	-30.204	2.026	16.074	165
CA	-29.065	2.679	15.361	165
C	-28.221	3.458	16.374	165
N	-27.018	3.828	15.968	166
CA	-26.046	4.575	16.79	166
C	-25.186	5.421	15.845	166
N	-24.495	6.416	16.382	167
CA	-23.612	7.322	15.61	167
C	-22.196	6.817	15.833	167
N	-21.388	6.754	14.763	168
CA	-19.953	6.38	14.87	168
C	-19.132	7.469	14.203	168
N	-17.932	7.731	14.725	169
CA	-17.024	8.679	14.082	169
C	-16.703	8.277	12.635	169
N	-16.559	9.271	11.765	170
CA	-15.912	9.116	10.446	170
C	-14.624	8.303	10.556	170
N	-14.341	7.476	9.547	171
CA	-13.082	6.69	9.438	171
C	-12.725	6.551	7.971	171
N	-11.592	5.915	7.736	172
CA	-11.129	5.577	6.374	172
C	-11.988	4.412	5.881	172
N	-13.018	4.717	5.109	173
CA	-13.967	3.693	4.589	173
C	-13.185	2.73	3.685	173
N	-12.192	3.228	2.948	174
CA	-11.388	2.361	2.04	174
C	-10.603	1.304	2.854	174
N	-10.419	1.45	4.17	175
CA	-9.694	0.464	5.008	175
C	-10.605	-0.705	5.353	175
N	-11.888	-0.635	4.974	176
CA	-12.807	-1.782	5.093	176
C	-12.723	-2.65	3.839	176
N	-11.981	-2.222	2.822	177
CA	-11.864	-2.993	1.565	177
C	-10.423	-3.478	1.439	177
N	-10.179	-4.48	0.565	178
CA	-8.832	-4.959	0.263	178
C	-7.966	-3.833	-0.295	178
N	-6.672	-3.888	-0.049	179
CA	-5.768	-2.844	-0.583	179
C	-5.516	-3.086	-2.087	179
N	-5.731	-4.3	-2.613	180
CA	-5.537	-4.544	-4.074	180
C	-6.809	-4.155	-4.852	180
N	-6.803	-2.994	-5.498	181
CA	-7.922	-2.521	-6.346	181
C	-7.724	-2.928	-7.825	181
N	-6.736	-3.783	-8.163	182
CA	-6.348	-4.16	-9.555	182
C	-7.014	-5.453	-9.977	182
N	-7.174	-6.377	-9.039	183
CA	-7.575	-7.753	-9.361	183
C	-9.0	-7.936	-8.867	183
N	-9.931	-8.128	-9.803	184
CA	-11.372	-8.243	-9.482	184
C	-12.088	-8.929	-10.649	184
N	-13.204	-9.552	-10.325	185
CA	-14.228	-10.071	-11.252	185
C	-15.327	-9.022	-11.355	185
N	-15.968	-8.955	-12.516	186
CA	-16.995	-7.913	-12.781	186
C	-18.062	-8.55	-13.66	186
N	-19.325	-8.374	-13.29	187
CA	-20.461	-8.924	-14.053	187
C	-21.67	-8.027	-13.795	187
N	-22.71	-8.223	-14.621	188
CA	-23.993	-7.499	-14.51	188
C	-24.994	-8.411	-13.833	188
N	-25.611	-7.904	-12.77	189
CA	-26.599	-8.647	-11.981	189
C	-27.634	-7.723	-11.391	189
N	-28.007	-7.994	-10.146	190
CA	-29.213	-7.408	-9.488	190
C	-28.859	-7.033	-8.075	190
N	-29.768	-6.311	-7.428	191
CA	-29.814	-6.362	-5.965	191
C	-29.994	-7.817	-5.531	191
N	-29.357	-8.189	-4.42	192
CA	-29.475	-9.534	-3.79	192
C	-30.608	-9.507	-2.776	192
N	-31.241	-8.361	-2.58	193
CA	-32.416	-8.228	-1.707	193
C	-33.517	-7.606	-2.54	193
N	-34.8	-7.8	-2.145	194
CA	-35.912	-7.142	-2.825	194
C	-35.62	-5.654	-2.875	194
N	-35.989	-4.939	-3.954	195
CA	-36.737	-5.526	-5.08	195
C	-35.959	-6.29	-6.174	195
N	-34.702	-6.666	-5.953	196
CA	-33.864	-7.487	-6.861	196
C	-33.741	-6.877	-8.273	196
N	-33.781	-5.554	-8.433	197
CA	-33.74	-4.9	-9.76	197
C	-32.423	-5.254	-10.444	197
N	-32.486	-5.489	-11.742	198
CA	-31.269	-5.768	-12.552	198
C	-30.59	-4.449	-12.959	198
N	-29.512	-4.539	-13.738	199
CA	-28.718	-3.38	-14.161	199
C	-27.6	-3.048	-13.187	199
N	-27.344	-3.865	-12.162	200
CA	-26.302	-3.526	-11.146	200
C	-24.954	-4.043	-11.674	200
N	-23.908	-3.209	-11.67	201
CA	-22.503	-3.633	-11.977	201
C	-21.873	-4.129	-10.665	201
N	-21.548	-5.411	-10.61	202
CA	-20.919	-6.066	-9.442	202
C	-19.422	-6.198	-9.706	202
N	-18.609	-5.631	-8.821	203
CA	-17.135	-5.826	-8.75	203
C	-16.799	-6.634	-7.489	203
N	-16.27	-7.862	-7.642	204
CA	-15.837	-8.747	-6.519	204
C	-14.312	-8.804	-6.516	204
N	-13.697	-8.289	-5.442	205
CA	-12.215	-8.238	-5.276	205
C	-11.663	-9.68	-5.209	205
N	-10.525	-9.972	-5.881	206
CA	-9.673	-11.209	-5.765	206
C	-9.15	-11.27	-4.312	206
N	-8.56	-10.188	-3.822	207
CA	-7.989	-10.164	-2.449	207
C	-9.13	-10.079	-1.406	207
N	-8.987	-10.797	-0.287	208
CA	-9.948	-10.842	0.825	208
C	-9.509	-9.9	1.944	208
N	-10.439	-9.561	2.842	209
CA	-10.05	-8.746	4.005	209
C	-10.038	-9.696	5.215	209
N	-9.099	-9.463	6.112	210
CA	-8.819	-10.308	7.305	210
C	-9.461	-9.697	8.552	210
N	-10.315	-10.469	9.208	211
CA	-10.863	-10.183	10.551	211
C	-10.386	-11.278	11.52	211
N	-10.293	-10.975	12.807	212
CA	-9.997	-12.004	13.839	212
C	-11.196	-12.933	13.983	212
N	-10.98	-14.131	14.524	213
CA	-12.059	-15.085	14.832	213
C	-13.06	-14.373	15.745	213
N	-12.573	-13.62	16.718	214
CA	-13.428	-12.929	17.706	214
C	-14.299	-11.881	16.975	214
N	-13.712	-11.162	16.003	215
CA	-14.456	-10.182	15.162	215
C	-15.538	-10.919	14.368	215
N	-15.24	-12.07	13.77	216
CA	-16.271	-12.774	12.973	216
C	-17.39	-13.265	13.897	216
N	-17.048	-13.707	15.096	217
CA	-18.036	-14.179	16.086	217
C	-18.895	-12.979	16.524	217
N	-18.304	-11.804	16.788	218
CA	-19.074	-10.591	17.15	218
C	-20.109	-10.289	16.045	218
N	-19.703	-10.357	14.782	219
CA	-20.588	-10.014	13.65	219
C	-21.802	-10.955	13.65	219
N	-21.574	-12.263	13.825	220
CA	-22.629	-13.279	13.588	220
C	-23.447	-13.5	14.864	220
N	-22.94	-13.09	16.028	221
CA	-23.504	-13.52	17.336	221
C	-24.208	-12.358	18.059	221
N	-24.183	-11.113	17.563	222
CA	-24.578	-9.948	18.392	222
C	-25.972	-9.422	18.032	222
N	-26.343	-9.431	16.749	223
CA	-27.539	-8.696	16.293	223
C	-28.733	-9.642	16.258	223
N	-29.905	-9.082	16.547	224
CA	-31.226	-9.754	16.477	224
C	-32.032	-9.181	15.306	224
N	-32.808	-10.036	14.667	225
CA	-33.512	-9.773	13.41	225
C	-35.007	-9.879	13.629	225
N	-35.797	-10.104	12.562	226
CA	-37.254	-10.18	12.677	226
C	-37.692	-11.109	13.818	226
N	-38.633	-10.644	14.647	227
CA	-39.178	-11.369	15.809	227
C	-38.127	-11.566	16.885	227
N	-37.991	-12.794	17.38	228
CA	-37.019	-13.158	18.439	228
C	-35.886	-13.968	17.803	228
N	-35.636	-13.811	16.497	229
CA	-34.586	-14.568	15.762	229
C	-33.242	-13.804	15.803	229
N	-32.136	-14.53	15.873	230
CA	-30.777	-13.959	15.687	230
C	-30.625	-13.506	14.233	230
N	-29.952	-12.379	14.025	231
CA	-29.618	-11.904	12.663	231
C	-28.38	-12.676	12.222	231
N	-28.605	-13.741	11.478	232
CA	-27.567	-14.691	11.032	232
C	-27.982	-15.225	9.673	232
N	-27.032	-15.743	8.904	233
CA	-27.269	-16.481	7.639	233
C	-28.036	-15.554	6.679	233
N	-27.678	-14.267	6.685	234
CA	-28.422	-13.19	5.973	234
C	-27.841	-13.051	4.566	234
N	-27.911	-14.119	3.777	235
CA	-27.365	-14.204	2.407	235
C	-28.402	-14.901	1.516	235
N	-28.451	-14.504	0.263	236
CA	-29.294	-15.146	-0.766	236
C	-28.529	-16.325	-1.379	236
N	-29.25	-17.397	-1.706	237
CA	-28.715	-18.524	-2.501	237
C	-28.155	-17.977	-3.811	237
N	-27.085	-18.609	-4.266	238
CA	-26.432	-18.425	-5.585	238
C	-27.481	-18.568	-6.719	238
N	-27.389	-17.667	-7.696	239
CA	-28.326	-17.505	-8.818	239
C	-27.57	-17.901	-10.072	239
N	-28.245	-18.588	-11.019	240
CA	-27.557	-19.067	-12.21	240
C	-27.082	-17.871	-13.031	240
N	-25.935	-18.003	-13.687	241
CA	-25.409	-16.977	-14.614	241
C	-26.315	-16.854	-15.841	241
N	-26.884	-17.974	-16.28	242
CA	-27.904	-18.025	-17.352	242
C	-27.306	-17.408	-18.613	242
N	-26.024	-17.679	-18.869	243
CA	-25.314	-17.284	-20.105	243
C	-24.549	-15.992	-19.981	243
N	-24.678	-15.266	-18.858	244
CA	-23.775	-14.116	-18.577	244
C	-22.35	-14.638	-18.473	244
N	-21.411	-13.799	-18.852	245
CA	-19.961	-14.045	-18.747	245
C	-19.396	-13.121	-17.664	245
N	-18.826	-13.708	-16.624	246
CA	-18.079	-12.929	-15.604	246
C	-16.765	-12.538	-16.264	246
N	-16.418	-11.258	-16.231	247
CA	-15.115	-10.753	-16.694	247
C	-14.142	-10.713	-15.515	247
N	-12.855	-10.791	-15.812	248
CA	-11.774	-10.663	-14.802	248
C	-10.793	-9.647	-15.313	248
N	-10.226	-8.873	-14.405	249
CA	-9.256	-7.808	-14.728	249
C	-7.851	-8.426	-14.842	249
N	-7.721	-9.757	-14.807	250
CA	-6.421	-10.483	-14.779	250
C	-6.601	-11.831	-15.464	250
N	-5.562	-12.325	-16.172	251
CA	-5.663	-13.618	-16.848	251
C	-5.554	-14.8	-15.871	251
N	-27.375	25.387	-34.73	1
CA	-25.957	24.887	-34.909	1
C	-25.728	24.41	-36.349	1
N	-24.466	24.32	-36.759	2
CA	-24.091	23.811	-38.104	2
C	-22.675	23.233	-38.066	2
N	-22.285	22.583	-39.156	3
CA	-20.947	21.961	-39.325	3
C	-19.933	23.028	-39.767	3
N	-18.829	23.173	-39.018	4
CA	-17.643	23.978	-39.39	4
C	-17.952	25.453	-39.62	4
N	-18.976	25.993	-38.949	5
CA	-19.318	27.429	-38.961	5
C	-19.473	27.964	-37.547	5
N	-20.633	28.568	-37.255	6
CA	-21.016	29.128	-35.929	6
C	-22.545	29.137	-35.808	6
N	-23.128	29.111	-34.581	7
CA	-22.386	29.332	-33.338	7
C	-21.482	28.157	-32.932	7
N	-20.434	28.137	-32.127	8
CA	-19.556	27.485	-31.153	8
C	-20.376	26.393	-30.458	8
N	-20.07	25.136	-30.761	9
CA	-20.913	24.03	-30.232	9
C	-21.047	24.162	-28.718	9
N	-19.95	24.367	-27.953	10
CA	-20.063	24.522	-26.5	10
C	-20.998	25.641	-25.984	10
N	-21.288	26.668	-26.795	11
CA	-22.308	27.713	-26.483	11
C	-23.717	27.124	-26.708	11
N	-23.936	26.431	-27.827	12
CA	-25.199	25.689	-28.142	12
C	-25.46	24.638	-27.047	12
N	-24.508	23.724	-26.806	13
CA	-24.514	22.836	-25.617	13
C	-23.101	22.684	-25.068	13
N	-22.903	23.025	-23.776	14
CA	-21.584	22.971	-23.152	14
C	-21.148	21.514	-22.95	14
N	-22.06	20.525	-23.022	15
CA	-21.703	19.08	-22.995	15
C	-20.748	18.706	-24.147	15
N	-20.709	19.508	-25.213	16
CA	-19.814	19.319	-26.388	16
C	-18.351	19.524	-25.96	16
N	-18.095	20.093	-24.769	17
CA	-16.749	20.285	-24.172	17
C	-16.514	19.254	-23.079	17
N	-17.34	18.218	-22.998	18
CA	-17.174	17.145	-22.005	18
C	-15.945	16.316	-22.305	18
N	-15.556	15.464	-21.376	19
CA	-14.287	14.683	-21.462	19
C	-14.418	13.386	-22.284	19
N	-15.65	12.891	-22.519	20
CA	-15.924	11.529	-23.062	20
C	-16.846	11.644	-24.269	20
N	-16.311	12.252	-25.315	21
CA	-17.051	12.605	-26.533	21
C	-16.721	11.613	-27.66	21
N	-17.542	11.702	-28.697	22
CA	-17.531	10.922	-29.948	22
C	-17.514	11.926	-31.1	22
N	-16.897	11.627	-32.262	23
CA	-16.219	10.365	-32.545	23
C	-14.751	10.29	-32.097	23
N	-14.162	9.11	-32.231	24
CA	-12.769	8.825	-31.792	24
C	-12.016	8.139	-32.934	24
N	-10.686	8.105	-32.827	25
CA	-9.812	7.325	-33.734	25
C	-9.688	5.915	-33.152	25
N	-10.082	4.924	-33.916	26
CA	-10.018	3.516	-33.492	26
C	-8.619	3.003	-33.872	26
N	-7.896	2.428	-32.919	27
CA	-6.575	1.762	-33.112	27
C	-6.73	0.303	-32.74	27
N	-7.098	-0.55	-33.735	28
CA	-7.446	-1.945	-33.483	28
C	-6.385	-2.655	-32.654	28
N	-5.098	-2.363	-32.926	29
CA	-4.013	-3.026	-32.17	29
C	-4.134	-2.709	-30.687	29
N	-4.722	-1.571	-30.294	30
CA	-4.831	-1.181	-28.864	30
C	-6.218	-1.499	-28.292	30
N	-7.086	-2.128	-29.068	31
CA	-8.417	-2.484	-28.554	31
C	-8.242	-3.68	-27.608	31
N	-9.003	-3.745	-26.527	32
CA	-9.006	-4.848	-25.536	32
C	-9.979	-5.933	-26.026	32
N	-9.504	-7.153	-26.278	33
CA	-10.382	-8.278	-26.692	33
C	-11.177	-8.661	-25.446	33
N	-12.52	-8.646	-25.472	34
CA	-13.309	-9.318	-24.417	34
C	-14.19	-10.374	-25.051	34
N	-13.981	-11.664	-24.711	35
CA	-14.895	-12.725	-25.132	35
C	-16.313	-12.599	-24.558	35
N	-16.556	-11.693	-23.603	36
CA	-17.921	-11.385	-23.125	36
C	-18.74	-10.678	-24.219	36
N	-18.094	-10.019	-25.195	37
CA	-18.776	-9.307	-26.306	37
C	-19.324	-10.32	-27.322	37
N	-20.614	-10.639	-27.256	38
CA	-21.235	-11.702	-28.086	38
C	-21.758	-11.074	-29.375	38
N	-22.135	-11.877	-30.396	39
CA	-22.663	-11.325	-31.643	39
C	-23.895	-10.436	-31.412	39
N	-23.952	-9.321	-32.13	40
CA	-25.125	-8.411	-32.094	40
C	-26.384	-9.195	-32.516	40
N	-27.479	-9.013	-31.792	41
CA	-28.809	-9.614	-32.095	41
C	-29.744	-8.48	-32.54	41
N	-30.161	-8.481	-33.812	42
CA	-31.082	-7.482	-34.42	42
C	-32.311	-8.208	-34.972	42
N	-33.454	-8.123	-34.277	43
CA	-34.708	-8.786	-34.704	43
C	-35.712	-7.731	-35.184	43
N	-36.502	-8.053	-36.226	44
CA	-37.585	-7.172	-36.715	44
C	-37.082	-6.108	-37.655	44
N	-35.868	-6.245	-38.179	45
CA	-35.261	-5.232	-39.062	45
C	-35.669	-5.428	-40.533	45
N	-36.209	-6.593	-40.909	46
CA	-36.637	-6.874	-42.317	46
C	-38.063	-6.327	-42.483	46
N	-38.183	-5.033	-42.755	47
CA	-39.481	-4.301	-42.771	47
C	-40.268	-4.639	-44.038	47
N	-41.611	-4.779	-43.933	48
CA	-42.475	-4.951	-45.108	48
C	-42.497	-3.699	-45.98	48
N	-42.942	-3.779	-47.256	49
CA	-42.989	-2.588	-48.107	49
C	-43.946	-1.517	-47.562	49
N	-44.968	-1.924	-46.813	50
CA	-45.949	-1.008	-46.186	50
C	-46.009	-1.305	-44.702	50
N	-46.157	-0.295	-43.803	51
CA	-46.2	1.121	-44.173	51
C	-44.882	1.732	-44.659	51
N	-44.982	2.87	-45.346	52
CA	-43.823	3.669	-45.812	52
C	-43.135	4.31	-44.601	52
N	-41.975	4.913	-44.838	53
CA	-41.093	5.479	-43.789	53
C	-40.743	6.899	-44.209	53
N	-40.595	7.787	-43.244	54
CA	-40.246	9.204	-43.465	54
C	-38.73	9.325	-43.677	54
N	-38.307	9.954	-44.788	55
CA	-36.907	10.321	-45.091	55
C	-36.838	11.843	-45.174	55
N	-35.984	12.483	-44.37	56
CA	-36.016	13.954	-44.168	56
C	-34.592	14.501	-44.304	56
N	-34.419	15.546	-45.122	57
CA	-33.224	16.426	-45.162	57
C	-33.444	17.458	-44.063	57
N	-32.67	17.397	-42.98	58
CA	-32.885	18.234	-41.768	58
C	-31.796	19.305	-41.738	58
N	-31.012	19.425	-42.82	59
CA	-29.925	20.407	-42.961	59
C	-28.606	19.917	-42.382	59
N	-28.641	18.862	-41.561	60
CA	-27.449	18.263	-40.891	60
C	-27.104	16.909	-41.517	60
N	-28.13	16.176	-41.935	61
CA	-28.042	14.83	-42.543	61
C	-29.365	14.526	-43.233	61
N	-29.402	13.365	-43.87	62
CA	-30.642	12.652	-44.272	62
C	-30.966	11.609	-43.199	62
N	-32.167	11.718	-42.636	63
CA	-32.653	10.895	-41.511	63
C	-33.841	10.07	-41.982	63
N	-33.788	8.759	-41.753	64
CA	-34.898	7.803	-41.947	64
C	-35.476	7.427	-40.595	64
N	-36.733	7.766	-40.36	65
CA	-37.461	7.433	-39.118	65
C	-37.788	5.953	-39.178	65
N	-37.584	5.226	-38.077	66
CA	-37.829	3.764	-38.022	66
C	-39.082	3.481	-37.208	66
N	-39.845	2.434	-37.582	67
CA	-41.082	2.124	-36.901	67
C	-40.757	1.418	-35.608	67
N	-41.777	1.215	-34.755	68
CA	-41.676	0.318	-33.618	68
C	-41.354	-1.089	-34.127	68
N	-40.714	-1.968	-32.996	69
CA	-40.473	-3.413	-33.128	69
C	-39.119	-3.764	-33.73	69
N	-38.187	-2.817	-33.923	70
CA	-36.787	-3.146	-34.303	70
C	-35.99	-3.315	-32.999	70
N	-35.798	-4.561	-32.586	71
CA	-35.184	-4.906	-31.276	71
C	-33.719	-5.286	-31.532	71
N	-32.86	-4.844	-30.63	72
CA	-31.395	-5.012	-30.718	72
C	-30.863	-5.284	-29.306	72
N	-29.963	-6.237	-29.161	73
CA	-29.303	-6.544	-27.881	73
C	-27.785	-6.443	-28.071	73
N	-27.13	-5.8	-27.108	74
CA	-25.656	-5.73	-27.007	74
C	-25.152	-6.843	-26.1	74
N	-26.042	-7.425	-25.319	75
CA	-25.681	-8.493	-24.386	75
C	-26.898	-8.904	-23.596	75
N	-26.712	-10.042	-22.635	76
CA	-27.848	-10.52	-21.882	76
C	-28.516	-9.374	-21.106	76
N	-29.805	-9.162	-21.317	77
CA	-30.575	-8.137	-20.58	77
C	-30.213	-6.715	-20.96	77
N	-29.448	-6.489	-22.031	78
CA	-29.098	-5.138	-22.506	78
C	-29.754	-4.95	-23.88	78
N	-31.028	-4.588	-23.868	79
CA	-31.887	-4.49	-25.086	79
C	-32.252	-3.039	-25.408	79
N	-32.475	-2.809	-26.695	80
CA	-32.646	-1.501	-27.343	80
C	-33.787	-1.573	-28.372	80
N	-34.354	-0.421	-28.723	81
CA	-35.286	-0.316	-29.88	81
C	-34.731	0.743	-30.803	81
N	-34.723	0.472	-32.094	82
CA	-34.165	1.396	-33.095	82
C	-35.172	2.543	-33.28	82
N	-34.668	3.767	-33.405	83
CA	-35.471	5.008	-33.515	83
C	-35.347	5.547	-34.929	83
N	-34.124	5.594	-35.471	84
CA	-33.813	6.331	-36.721	84
C	-32.443	5.899	-37.226	84
N	-32.135	6.191	-38.489	85
CA	-30.748	6.138	-39.009	85
C	-30.517	7.353	-39.884	85
N	-29.255	7.69	-40.085	86
CA	-28.778	8.907	-40.788	86
C	-27.357	8.613	-41.265	86
N	-26.735	9.533	-41.993	87
CA	-25.381	9.327	-42.552	87
C	-24.512	10.568	-42.399	87
N	-23.211	10.332	-42.412	88
CA	-22.172	11.38	-42.413	88
C	-21.32	11.12	-43.673	88
N	-20.936	12.173	-44.39	89
CA	-20.208	12.042	-45.681	89
C	-19.347	13.279	-45.958	89
N	-18.568	13.21	-47.035	90
CA	-17.45	14.14	-47.247	90
C	-17.794	15.131	-48.339	90
N	-16.902	15.249	-49.323	91
CA	-17.109	16.026	-50.569	91
C	-16.184	15.469	-51.663	91
N	-16.144	16.128	-52.825	92
CA	-15.331	15.722	-53.994	92
C	-13.879	15.558	-53.53	92
N	-13.315	14.355	-53.662	93
CA	-11.912	14.052	-53.292	93
C	-11.661	14.061	-51.787	93
N	-12.716	14.014	-50.956	94
CA	-12.621	14.252	-49.485	94
C	-13.563	13.272	-48.757	94
N	-13.019	12.391	-47.882	95
CA	-13.851	11.451	-47.131	95
C	-14.56	12.184	-45.983	95
N	-15.653	11.612	-45.468	96
CA	-16.451	12.213	-44.372	96
C	-17.01	11.227	-43.345	96
N	-16.324	10.115	-43.062	97
CA	-16.654	9.26	-41.886	97
C	-16.364	10.079	-40.602	97
N	-17.107	9.814	-39.531	98
CA	-16.862	10.435	-38.201	98
C	-15.745	9.705	-37.477	98
N	-15.92	8.406	-37.256	99
CA	-14.868	7.537	-36.687	99
C	-13.737	7.463	-37.724	99
N	-12.508	7.29	-37.265	100
CA	-11.358	7.029	-38.142	100
C	-10.747	5.713	-37.673	100
N	-9.955	5.044	-38.518	101
CA	-9.181	3.842	-38.113	101
C	-7.702	4.107	-38.428	101
N	-6.87	4.168	-37.39	102
CA	-5.415	4.428	-37.474	102
C	-5.234	5.71	-38.283	102
N	-6.148	6.67	-38.109	103
CA	-6.079	8.036	-38.654	103
C	-6.725	8.129	-40.006	103
N	-7.138	7.0	-40.567	104
CA	-7.792	6.927	-41.898	104
C	-9.269	7.301	-41.761	104
N	-9.714	8.263	-42.556	105
CA	-11.134	8.649	-42.685	105
C	-11.703	7.905	-43.888	105
N	-12.821	7.203	-43.696	106
CA	-13.564	6.463	-44.738	106
C	-14.498	7.442	-45.434	106
N	-14.939	7.128	-46.672	107
CA	-15.825	8.006	-47.441	107
C	-17.063	8.504	-46.681	107
N	-17.756	7.597	-45.98	108
CA	-19.016	7.906	-45.275	108
C	-19.244	6.938	-44.111	108
N	-20.336	7.157	-43.387	109
CA	-20.641	6.389	-42.163	109
C	-22.141	6.394	-41.975	109
N	-22.687	5.24	-41.624	110
CA	-24.11	5.105	-41.251	110
C	-24.198	4.898	-39.735	110
N	-25.175	5.56	-39.118	111
CA	-25.507	5.454	-37.684	111
C	-26.955	5.014	-37.547	111
N	-27.172	3.936	-36.816	112
CA	-28.524	3.493	-36.426	112
C	-28.657	3.763	-34.932	112
N	-29.531	4.697	-34.582	113
CA	-29.677	5.213	-33.2	113
C	-30.754	4.405	-32.511	113
N	-30.487	3.968	-31.281	114
CA	-31.385	3.114	-30.472	114
C	-31.574	3.645	-29.051	114
N	-32.739	3.344	-28.472	115
CA	-33.131	3.68	-27.089	115
C	-33.156	2.395	-26.276	115
N	-32.484	2.408	-25.138	116
CA	-32.605	1.358	-24.116	116
C	-34.075	1.118	-23.755	116
N	-34.49	-0.145	-23.714	117
CA	-35.869	-0.526	-23.343	117
C	-36.038	-0.314	-21.851	117
N	-34.755	0.115	-21.024	118
CA	-35.004	0.407	-19.601	118
C	-35.481	1.847	-19.421	118
N	-35.608	2.631	-20.491	119
CA	-36.07	4.035	-20.46	119
C	-37.294	4.21	-21.376	119
N	-38.368	4.794	-20.841	120
CA	-39.659	4.994	-21.544	120
C	-39.485	6.102	-22.573	120
N	-38.628	7.071	-22.274	121
CA	-38.5	8.315	-23.055	121
C	-37.028	8.576	-23.384	121
N	-36.817	9.204	-24.525	122
CA	-35.457	9.586	-24.978	122
C	-34.924	10.664	-24.036	122
N	-35.776	11.57	-23.553	123
CA	-35.271	12.645	-22.669	123
C	-34.836	12.081	-21.305	123
N	-35.301	10.929	-20.87	124
CA	-34.773	10.26	-19.643	124
C	-33.432	9.555	-19.934	124
N	-33.273	9.051	-21.154	125
CA	-32.098	8.275	-21.623	125
C	-30.899	9.197	-21.875	125
N	-31.123	10.43	-22.315	126
CA	-30.036	11.346	-22.704	126
C	-29.149	11.614	-21.497	126
N	-27.857	11.337	-21.627	127
CA	-26.891	11.644	-20.57	127
C	-26.844	10.549	-19.527	127
N	-27.623	9.482	-19.704	128
CA	-27.588	8.324	-18.788	128
C	-26.765	7.229	-19.442	128
N	-25.942	6.492	-18.66	129
CA	-25.068	5.463	-19.207	129
C	-25.889	4.36	-19.886	129
N	-25.555	4.087	-21.139	130
CA	-26.23	3.044	-21.927	130
C	-27.671	3.427	-22.276	130
N	-28.094	4.68	-22.047	131
CA	-29.454	5.133	-22.399	131
C	-29.727	5.003	-23.899	131
N	-28.74	5.39	-24.715	132
CA	-28.752	5.364	-26.179	132
C	-27.604	4.482	-26.641	132
N	-27.818	3.742	-27.721	133
CA	-26.771	2.938	-28.373	133
C	-26.831	3.233	-29.86	133
N	-25.663	3.408	-30.457	134
CA	-25.596	3.591	-31.92	134
C	-24.822	2.408	-32.507	134
N	-25.395	1.78	-33.534	135
CA	-24.603	0.906	-34.434	135
C	-24.046	1.754	-35.578	135
N	-22.73	1.674	-35.805	136
CA	-21.98	2.495	-36.778	136
C	-21.239	1.581	-37.753	136
N	-21.35	1.862	-39.035	137
CA	-20.626	1.117	-40.087	137
C	-19.995	2.107	-41.061	137
N	-18.787	1.791	-41.518	138
CA	-18.082	2.593	-42.54	138
C	-18.627	2.253	-43.917	138
N	-18.833	3.273	-44.751	139
CA	-19.14	3.075	-46.191	139
C	-17.852	3.326	-46.985	139
N	-17.487	2.366	-47.839	140
CA	-16.271	2.374	-48.698	140
C	-16.698	2.252	-50.171	140
N	-15.819	2.675	-51.083	141
CA	-16.031	2.54	-52.55	141
C	-15.73	1.1	-52.935	141
N	-16.723	0.387	-53.463	142
CA	-16.578	-0.904	-54.155	142
C	-16.974	-0.771	-55.624	142
N	-16.681	-1.796	-56.461	143
CA	-16.936	-1.729	-57.901	143
C	-18.42	-1.858	-58.266	143
N	-19.234	-2.419	-57.375	144
CA	-20.66	-2.714	-57.653	144
C	-21.571	-1.661	-57.019	144
N	-22.745	-1.478	-57.624	145
CA	-23.882	-0.714	-57.075	145
C	-24.391	-1.475	-55.859	145
N	-24.49	-0.808	-54.707	146
CA	-25.115	-1.402	-53.495	146
C	-26.637	-1.3	-53.617	146
N	-27.347	-2.418	-53.501	147
CA	-28.828	-2.528	-53.636	147
C	-29.557	-1.834	-52.486	147
N	-29.081	-2.077	-51.267	148
CA	-29.751	-1.592	-50.047	148
C	-29.667	-0.064	-50.07	148
N	-28.483	0.494	-50.308	149
CA	-28.267	1.961	-50.2	149
C	-28.958	2.658	-51.38	149
N	-29.123	1.973	-52.523	150
CA	-29.848	2.494	-53.723	150
C	-31.242	2.989	-53.346	150
N	-31.959	2.237	-52.515	151
CA	-33.327	2.573	-52.024	151
C	-33.393	3.965	-51.344	151
N	-32.283	4.46	-50.794	152
CA	-32.234	5.8	-50.153	152
C	-31.511	6.79	-51.073	152
N	-30.391	6.397	-51.681	153
CA	-29.595	7.351	-52.484	153
C	-30.475	7.866	-53.631	153
N	-31.428	7.051	-54.093	154
CA	-32.277	7.335	-55.278	154
C	-33.495	8.159	-54.86	154
N	-33.522	8.69	-53.636	155
CA	-34.642	9.554	-53.185	155
C	-34.131	10.878	-52.629	155
N	-32.81	11.084	-52.614	156
CA	-32.138	12.342	-52.189	156
C	-32.486	13.519	-53.139	156
N	-32.694	13.269	-54.437	157
CA	-33.087	14.336	-55.403	157
C	-34.345	15.024	-54.861	157
N	-35.374	14.258	-54.537	158
CA	-36.667	14.814	-54.059	158
C	-36.555	15.603	-52.734	158
N	-35.413	15.605	-52.031	159
CA	-35.267	16.301	-50.713	159
C	-33.968	17.116	-50.706	159
N	-33.505	17.589	-51.87	160
CA	-32.237	18.351	-51.967	160
C	-32.351	19.592	-51.069	160
N	-33.584	20.07	-50.881	161
CA	-33.951	21.323	-50.175	161
C	-33.937	21.071	-48.664	161
N	-33.134	21.863	-47.953	162
CA	-33.074	21.937	-46.467	162
C	-34.504	21.858	-45.927	162
N	-34.834	20.831	-45.138	163
CA	-36.126	20.734	-44.427	163
C	-37.152	20.003	-45.249	163
N	-36.791	19.621	-46.468	164
CA	-37.67	18.809	-47.343	164
C	-37.811	17.405	-46.751	164
N	-38.927	16.729	-47.018	165
CA	-39.11	15.309	-46.636	165
C	-40.027	14.582	-47.624	165
N	-39.759	13.301	-47.862	166
CA	-40.604	12.389	-48.674	166
C	-40.895	11.129	-47.854	166
N	-41.79	10.26	-48.335	167
CA	-42.073	8.9	-47.806	167
C	-41.406	7.877	-48.74	167
N	-40.864	6.767	-48.206	168
CA	-40.179	5.684	-48.993	168
C	-40.736	4.336	-48.542	168
N	-40.763	3.308	-49.426	169
CA	-41.254	1.991	-49.034	169
C	-40.368	1.479	-47.892	169
N	-40.917	0.61	-47.051	170
CA	-40.161	-0.221	-46.105	170
C	-39.014	-0.897	-46.82	170
N	-37.919	-1.133	-46.087	171
CA	-36.723	-1.83	-46.614	171
C	-36.1	-2.672	-45.49	171
N	-35.191	-3.554	-45.875	172
CA	-34.49	-4.432	-44.906	172
C	-33.403	-3.552	-44.3	172
N	-33.633	-3.045	-43.106	173
CA	-32.644	-2.116	-42.48	173
C	-31.341	-2.896	-42.273	173
N	-31.45	-4.183	-41.916	174
CA	-30.289	-5.05	-41.601	174
C	-29.412	-5.197	-42.85	174
N	-29.946	-5.025	-44.072	175
CA	-29.133	-5.153	-45.311	175
C	-28.223	-3.934	-45.494	175
N	-28.414	-2.861	-44.72	176
CA	-27.514	-1.667	-44.762	176
C	-26.204	-1.945	-44.006	176
N	-26.111	-3.064	-43.291	177
CA	-25.02	-3.287	-42.304	177
C	-24.099	-4.381	-42.802	177
N	-22.858	-4.399	-42.285	178
CA	-21.86	-5.37	-42.731	178
C	-22.253	-6.836	-42.487	178
N	-21.408	-7.718	-42.994	179
CA	-21.642	-9.183	-43.01	179
C	-21.606	-9.812	-41.606	179
N	-20.588	-9.485	-40.791	180
CA	-20.241	-10.304	-39.599	180
C	-20.622	-9.565	-38.309	180
N	-21.696	-10.007	-37.655	181
CA	-22.277	-9.344	-36.463	181
C	-21.433	-9.725	-35.24	181
N	-20.394	-10.562	-35.417	182
CA	-19.562	-11.055	-34.291	182
C	-18.3	-10.2	-34.161	182
N	-18.034	-9.313	-35.124	183
CA	-16.768	-8.555	-35.265	183
C	-17.056	-7.055	-35.178	183
N	-16.879	-6.474	-33.996	184
CA	-17.082	-5.018	-33.864	184
C	-16.169	-4.471	-32.757	184
N	-16.077	-3.16	-32.712	185
CA	-15.429	-2.388	-31.631	185
C	-16.521	-1.751	-30.79	185
N	-16.27	-1.512	-29.504	186
CA	-17.282	-0.859	-28.655	186
C	-16.584	0.04	-27.623	186
N	-17.16	1.216	-27.381	187
CA	-16.722	2.174	-26.344	187
C	-17.944	3.021	-25.97	187
N	-17.818	3.757	-24.881	188
CA	-18.85	4.696	-24.408	188
C	-18.405	6.12	-24.721	188
N	-19.278	6.885	-25.386	189
CA	-19.049	8.283	-25.767	189
C	-20.337	9.082	-25.767	189
N	-20.513	9.896	-26.792	190
CA	-21.529	10.965	-26.819	190
C	-22.271	10.961	-28.15	190
N	-23.343	11.751	-28.228	191
CA	-23.836	12.272	-29.517	191
C	-22.667	12.998	-30.195	191
N	-22.536	12.831	-31.508	192
CA	-21.529	13.594	-32.314	192
C	-22.117	14.925	-32.794	192
N	-23.387	15.186	-32.475	193
CA	-24.064	16.476	-32.721	193
C	-24.615	17.016	-31.41	193
N	-24.834	18.35	-31.338	194
CA	-25.388	18.969	-30.14	194
C	-26.699	18.257	-29.896	194
N	-27.109	17.976	-28.645	195
CA	-26.404	18.453	-27.447	195
C	-25.169	17.678	-26.916	195
N	-24.615	16.718	-27.663	196
CA	-23.334	16.041	-27.332	196
C	-23.446	15.32	-25.988	196
N	-24.643	14.848	-25.633	197
CA	-24.886	14.157	-24.344	197
C	-23.992	12.908	-24.296	197
N	-23.381	12.655	-23.147	198
CA	-22.549	11.447	-22.891	198
C	-23.427	10.255	-22.484	198
N	-22.807	9.102	-22.286	199
CA	-23.497	7.853	-21.942	199
C	-23.957	7.055	-23.169	199
N	-23.595	7.458	-24.381	200
CA	-23.94	6.68	-25.614	200
C	-23.024	5.452	-25.767	200
N	-23.591	4.262	-25.909	201
CA	-22.763	3.073	-26.281	201
C	-22.583	3.055	-27.798	201
N	-21.332	3.146	-28.242	202
CA	-20.947	3.11	-29.674	202
C	-20.501	1.698	-30.022	202
N	-21.115	1.103	-31.039	203
CA	-20.687	-0.202	-31.596	203
C	-20.312	0.043	-33.041	203
N	-19.032	-0.125	-33.396	204
CA	-18.515	0.17	-34.755	204
C	-18.11	-1.164	-35.363	204
N	-18.777	-1.556	-36.443	205
CA	-18.492	-2.823	-37.154	205
C	-17.044	-2.824	-37.621	205
N	-16.339	-3.949	-37.484	206
CA	-14.959	-4.159	-38.031	206
C	-15.02	-4.041	-39.559	206
N	-15.96	-4.738	-40.196	207
CA	-16.094	-4.763	-41.677	207
C	-16.882	-3.55	-42.166	207
N	-16.542	-3.078	-43.363	208
CA	-17.193	-1.946	-44.069	208
C	-18.282	-2.49	-44.978	208
N	-19.129	-1.605	-45.498	209
CA	-20.074	-1.941	-46.598	209
C	-19.596	-1.135	-47.809	209
N	-19.817	-1.658	-49.002	210
CA	-19.257	-1.047	-50.226	210
C	-20.388	-0.356	-50.988	210
N	-20.153	0.894	-51.401	211
CA	-21.032	1.614	-52.366	211
C	-20.245	1.873	-53.663	211
N	-20.935	2.004	-54.799	212
CA	-20.326	2.44	-56.088	212
C	-19.874	3.889	-55.942	212
N	-18.84	4.29	-56.681	213
CA	-18.289	5.666	-56.652	213
C	-19.398	6.654	-57.032	213
N	-20.311	6.205	-57.891	214
CA	-21.508	6.958	-58.327	214
C	-22.351	7.264	-57.086	214
N	-22.784	6.202	-56.39	215
CA	-23.609	6.222	-55.147	215
C	-23.01	7.21	-54.127	215
N	-21.702	7.152	-53.906	216
CA	-20.965	8.055	-52.982	216
C	-20.956	9.502	-53.494	216
N	-20.766	9.727	-54.8	217
CA	-20.825	11.099	-55.37	217
C	-22.228	11.653	-55.078	217
N	-23.271	10.85	-55.318	218
CA	-24.699	11.186	-55.084	218
C	-24.915	11.633	-53.633	218
N	-24.443	10.837	-52.669	219
CA	-24.685	11.096	-51.225	219
C	-24.115	12.477	-50.873	219
N	-22.929	12.818	-51.392	220
CA	-22.145	14.017	-51.001	220
C	-22.435	15.23	-51.899	220
N	-23.353	15.119	-52.862	221
CA	-23.466	16.143	-53.942	221
C	-24.927	16.497	-54.241	221
N	-25.905	15.89	-53.565	222
CA	-27.341	16.059	-53.905	222
C	-28.061	16.943	-52.881	222
N	-27.611	17.003	-51.618	223
CA	-28.409	17.693	-50.569	223
C	-27.839	19.089	-50.296	223
N	-28.729	20.017	-49.945	224
CA	-28.391	21.406	-49.542	224
C	-28.776	21.606	-48.07	224
N	-27.971	22.37	-47.329	225
CA	-28.215	22.715	-45.916	225
C	-27.873	24.175	-45.622	225
N	-27.209	24.473	-44.48	226
CA	-27.117	25.831	-43.949	226
C	-27.346	26.947	-44.982	226
N	-28.619	27.255	-45.27	227
CA	-29.049	28.426	-46.063	227
C	-28.986	28.179	-47.563	227
N	-27.812	28.409	-48.176	228
CA	-27.559	28.252	-49.637	228
C	-26.319	27.366	-49.861	228
N	-25.951	26.532	-48.877	229
CA	-24.737	25.667	-48.884	229
C	-25.1	24.225	-49.268	229
N	-24.209	23.548	-49.987	230
CA	-24.267	22.077	-50.173	230
C	-24.034	21.445	-48.799	230
N	-24.809	20.431	-48.455	231
CA	-24.66	19.644	-47.197	231
C	-23.496	18.666	-47.398	231
N	-22.311	18.989	-46.885	232
CA	-21.051	18.245	-47.145	232
C	-20.159	18.264	-45.91	232
N	-19.261	17.29	-45.785	233
CA	-18.336	17.242	-44.63	233
C	-19.126	17.451	-43.321	233
N	-20.288	16.82	-43.201	234
CA	-21.155	16.873	-41.988	234
C	-20.662	15.803	-40.987	234
N	-19.397	15.881	-40.626	235
CA	-18.791	15.039	-39.569	235
C	-18.164	15.974	-38.559	235
N	-18.053	15.48	-37.339	236
CA	-17.352	16.144	-36.236	236
C	-15.888	15.693	-36.268	236
N	-14.995	16.581	-35.855	237
CA	-13.563	16.304	-35.648	237
C	-13.39	15.227	-34.572	237
N	-12.221	14.597	-34.641	238
CA	-11.787	13.48	-33.78	238
C	-11.729	13.984	-32.359	238
N	-12.256	13.195	-31.423	239
CA	-12.207	13.527	-29.983	239
C	-11.219	12.571	-29.333	239
N	-10.456	13.043	-28.333	240
CA	-9.549	12.187	-27.584	240
C	-10.283	11.145	-26.743	240
N	-9.692	9.964	-26.608	241
CA	-10.22	8.853	-25.783	241
C	-10.198	9.229	-24.308	241
N	-9.223	10.041	-23.847	242
CA	-9.157	10.46	-22.416	242
C	-9.141	9.242	-21.511	242
N	-8.386	8.215	-21.884	243
CA	-8.202	7.013	-21.047	243
C	-9.216	5.929	-21.33	243
N	-10.267	6.214	-22.092	244
CA	-11.203	5.13	-22.512	244
C	-10.437	4.069	-23.319	244
N	-10.696	2.798	-23.073	245
CA	-10.118	1.702	-23.875	245
C	-11.244	1.181	-24.791	245
N	-11.024	1.167	-26.093	246
CA	-11.993	0.577	-27.055	246
C	-11.887	-0.933	-26.915	246
N	-13.036	-1.605	-26.818	247
CA	-13.082	-3.08	-26.716	247
C	-13.295	-3.633	-28.123	247
N	-12.847	-4.859	-28.32	248
CA	-13.023	-5.618	-29.572	248
C	-13.667	-6.943	-29.223	248
N	-14.559	-7.412	-30.105	249
CA	-15.336	-8.657	-29.96	249
C	-14.572	-9.867	-30.545	249
N	-13.311	-9.696	-30.911	250
CA	-12.482	-10.728	-31.582	250
C	-11.024	-10.526	-31.196	250
N	-10.226	-11.616	-31.111	251
CA	-8.81	-11.512	-30.729	251
C	-7.91	-11.048	-31.876	251
N	-62.215	-33.365	-27.473	1
CA	-61.023	-34.265	-27.211	1
C	-60.571	-34.155	-25.748	1
N	-59.815	-35.143	-25.261	2
CA	-59.259	-35.138	-23.881	2
C	-58.054	-36.072	-23.835	2
N	-57.312	-36.045	-22.725	3
CA	-56.125	-36.909	-22.469	3
C	-56.588	-38.242	-21.852	3
N	-55.888	-39.338	-22.19	4
CA	-56.162	-40.726	-21.754	4
C	-57.648	-41.086	-21.754	4
N	-58.258	-41.326	-22.925	5
CA	-59.696	-41.655	-23.05	5
C	-60.217	-41.55	-24.478	5
N	-61.47	-41.115	-24.647	6
CA	-62.147	-41.004	-25.963	6
C	-62.841	-39.651	-26.037	6
N	-63.056	-39.101	-27.25	7
CA	-62.718	-39.791	-28.494	7
C	-61.2	-39.867	-28.73	7
N	-60.79	-41.021	-29.779	8
CA	-59.584	-41.294	-30.547	8
C	-59.327	-39.978	-31.28	8
N	-58.083	-39.529	-31.203	9
CA	-57.691	-38.18	-31.683	9
C	-57.876	-38.113	-33.198	9
N	-57.475	-39.147	-33.98	10
CA	-57.751	-39.17	-35.419	10
C	-59.236	-39.067	-35.831	10
N	-60.19	-39.327	-34.926	11
CA	-61.649	-39.091	-35.153	11
C	-61.948	-37.591	-35.027	11
N	-61.363	-36.92	-34.039	12
CA	-61.509	-35.449	-33.824	12
C	-60.812	-34.707	-34.979	12
N	-59.624	-35.181	-35.383	13
CA	-58.671	-34.511	-36.302	13
C	-57.832	-35.575	-36.983	13
N	-58.185	-36.0	-38.221	14
CA	-57.353	-36.914	-39.001	14
C	-55.871	-36.563	-39.132	14
N	-55.534	-35.275	-39.035	15
CA	-54.129	-34.809	-39.048	15
C	-53.333	-35.489	-37.922	15
N	-53.978	-35.826	-36.802	16
CA	-53.315	-36.58	-35.679	16
C	-52.728	-37.919	-36.172	16
N	-53.209	-38.446	-37.305	17
CA	-52.667	-39.672	-37.932	17
C	-51.603	-39.332	-38.983	17
N	-51.132	-38.084	-39.08	18
CA	-50.017	-37.77	-39.993	18
C	-48.779	-38.576	-39.664	18
N	-47.824	-38.634	-40.589	19
CA	-46.553	-39.397	-40.496	19
C	-45.435	-38.628	-39.77	19
N	-45.581	-37.328	-39.486	20
CA	-44.463	-36.502	-38.93	20
C	-44.966	-35.716	-37.739	20
N	-45.299	-36.49	-36.722	21
CA	-45.985	-36.015	-35.511	21
C	-44.938	-35.8	-34.398	21
N	-45.427	-35.185	-33.336	22
CA	-44.75	-34.802	-32.086	22
C	-45.64	-35.252	-30.938	22
N	-45.113	-35.533	-29.728	23
CA	-43.688	-35.436	-29.43	23
C	-42.977	-36.706	-29.871	23
N	-41.651	-36.731	-29.702	24
CA	-40.78	-37.856	-30.136	24
C	-39.826	-38.207	-28.993	24
N	-39.213	-39.377	-29.123	25
CA	-38.175	-39.881	-28.207	25
C	-36.845	-39.405	-28.766	25
N	-36.049	-38.675	-27.984	26
CA	-34.739	-38.149	-28.461	26
C	-33.655	-39.155	-28.052	26
N	-32.87	-39.624	-29.013	27
CA	-31.672	-40.467	-28.792	27
C	-30.463	-39.626	-29.184	27
N	-29.814	-38.97	-28.191	28
CA	-28.714	-38.046	-28.477	28
C	-27.604	-38.747	-29.263	28
N	-27.426	-40.043	-28.995	29
CA	-26.579	-40.993	-29.765	29
C	-26.8	-40.837	-31.273	29
N	-28.059	-40.746	-31.709	30
CA	-28.451	-40.831	-33.142	30
C	-28.724	-39.427	-33.72	30
N	-28.612	-38.368	-32.91	31
CA	-28.797	-36.963	-33.337	31
C	-27.642	-36.577	-34.257	31
N	-27.901	-35.805	-35.308	32
CA	-26.837	-35.266	-36.186	32
C	-26.418	-33.882	-35.679	32
N	-25.128	-33.718	-35.368	33
CA	-24.53	-32.406	-35.019	33
C	-24.603	-31.543	-36.273	33
N	-25.298	-30.409	-36.214	34
CA	-25.403	-29.427	-37.326	34
C	-24.735	-28.128	-36.897	34
N	-23.444	-27.923	-37.246	35
CA	-22.719	-26.714	-36.863	35
C	-23.429	-25.407	-37.249	35
N	-24.366	-25.43	-38.206	36
CA	-25.054	-24.21	-38.691	36
C	-26.03	-23.7	-37.615	36
N	-26.361	-24.527	-36.637	37
CA	-27.365	-24.175	-35.611	37
C	-26.742	-23.209	-34.608	37
N	-27.179	-21.949	-34.639	38
CA	-26.585	-20.834	-33.869	38
C	-27.334	-20.757	-32.542	38
N	-26.81	-20.019	-31.535	39
CA	-27.564	-19.804	-30.306	39
C	-28.916	-19.121	-30.56	39
N	-29.924	-19.532	-29.793	40
CA	-31.279	-18.929	-29.9	40
C	-31.196	-17.468	-29.454	40
N	-31.896	-16.577	-30.148	41
CA	-31.975	-15.134	-29.805	41
C	-33.401	-14.83	-29.342	41
N	-33.579	-14.362	-28.108	42
CA	-34.913	-14.04	-27.526	42
C	-34.869	-12.609	-26.987	42
N	-35.537	-11.675	-27.658	43
CA	-35.585	-10.247	-27.283	43
C	-37.01	-9.882	-26.853	43
N	-37.128	-8.971	-25.878	44
CA	-38.403	-8.444	-25.33	44
C	-39.079	-9.402	-24.381	44
N	-38.391	-10.433	-23.872	45
CA	-39.018	-11.442	-22.978	45
C	-39.064	-10.98	-21.526	45
N	-38.33	-9.911	-21.196	46
CA	-38.247	-9.443	-19.781	46
C	-39.405	-8.461	-19.593	46
N	-40.614	-8.959	-19.347	47
CA	-41.824	-8.099	-19.32	47
C	-41.834	-7.269	-18.048	47
N	-42.345	-6.024	-18.089	48
CA	-42.569	-5.263	-16.863	48
C	-43.797	-5.75	-16.071	48
N	-43.965	-5.358	-14.783	49
CA	-45.056	-5.87	-13.945	49
C	-46.478	-5.666	-14.494	49
N	-46.686	-4.564	-15.217	50
CA	-47.944	-4.201	-15.921	50
C	-47.595	-3.878	-17.368	50
N	-48.484	-4.136	-18.355	51
CA	-49.778	-4.772	-18.1	51
C	-49.7	-6.214	-17.591	51
N	-50.78	-6.666	-16.957	52
CA	-50.951	-8.057	-16.459	52
C	-51.197	-9.016	-17.635	52
N	-50.982	-10.3	-17.397	53
CA	-51.123	-11.362	-18.414	53
C	-52.278	-12.264	-17.98	53
N	-53.062	-12.714	-18.942	54
CA	-54.11	-13.743	-18.743	54
C	-53.459	-15.116	-18.535	54
N	-53.8	-15.761	-17.422	55
CA	-53.493	-17.166	-17.103	55
C	-54.823	-17.924	-17.043	55
N	-54.973	-19.009	-17.819	56
CA	-56.277	-19.701	-18.003	56
C	-56.108	-21.205	-17.824	56
N	-57.005	-21.812	-17.044	57
CA	-57.206	-23.281	-17.033	57
C	-58.166	-23.615	-18.184	57
N	-57.663	-24.16	-19.281	58
CA	-58.493	-24.42	-20.484	58
C	-58.934	-25.887	-20.49	58
N	-58.59	-26.648	-19.439	59
CA	-58.991	-28.049	-19.22	59
C	-57.999	-29.024	-19.81	59
N	-57.103	-28.559	-20.676	60
CA	-55.989	-29.381	-21.208	60
C	-54.669	-28.927	-20.557	60
N	-54.564	-27.674	-20.112	61
CA	-53.303	-27.139	-19.539	61
C	-53.589	-25.809	-18.865	61
N	-52.556	-25.225	-18.261	62
CA	-52.582	-23.801	-17.82	62
C	-51.825	-23.035	-18.904	62
N	-52.425	-21.984	-19.417	63
CA	-51.875	-21.303	-20.597	63
C	-51.727	-19.84	-20.232	63
N	-50.534	-19.303	-20.453	64
CA	-50.255	-17.876	-20.223	64
C	-50.234	-17.201	-21.58	64
N	-51.067	-16.168	-21.757	65
CA	-51.111	-15.369	-23.003	65
C	-49.953	-14.376	-22.953	65
N	-49.123	-14.37	-23.995	66
CA	-47.966	-13.446	-24.096	66
C	-48.365	-12.235	-24.92	66
N	-47.873	-11.033	-24.557	67
CA	-48.201	-9.829	-25.295	67
C	-47.376	-9.733	-26.571	67
N	-47.728	-8.779	-27.451	68
CA	-46.894	-8.476	-28.597	68
C	-45.481	-8.197	-28.068	68
N	-44.294	-8.33	-29.094	69
CA	-42.981	-7.747	-28.758	69
C	-41.983	-8.78	-28.283	69
N	-42.363	-10.05	-28.128	70
CA	-41.418	-11.149	-27.811	70
C	-40.94	-11.764	-29.126	70
N	-39.76	-11.343	-29.565	71
CA	-39.13	-11.7	-30.86	71
C	-38.085	-12.786	-30.585	71
N	-38.069	-13.815	-31.437	72
CA	-37.232	-15.023	-31.302	72
C	-36.665	-15.336	-32.691	72
N	-35.396	-15.698	-32.801	73
CA	-34.802	-16.127	-34.087	73
C	-34.16	-17.514	-33.938	73
N	-34.392	-18.409	-34.903	74
CA	-33.781	-19.761	-34.939	74
C	-32.545	-19.715	-35.836	74
N	-32.376	-18.61	-36.555	75
CA	-31.316	-18.441	-37.542	75
C	-31.576	-17.172	-38.328	75
N	-30.488	-16.804	-39.23	76
CA	-30.556	-15.555	-39.97	76
C	-31.849	-15.473	-40.796	76
N	-32.634	-14.421	-40.572	77
CA	-33.881	-14.182	-41.321	77
C	-34.986	-15.156	-40.958	77
N	-34.81	-15.996	-39.94	78
CA	-35.826	-16.969	-39.489	78
C	-36.347	-16.511	-38.134	78
N	-37.278	-15.569	-38.174	79
CA	-37.74	-14.827	-36.979	79
C	-39.19	-15.178	-36.67	79
N	-39.547	-15.047	-35.389	80
CA	-40.768	-15.565	-34.73	80
C	-41.248	-14.556	-33.69	80
N	-42.539	-14.583	-33.355	81
CA	-43.046	-13.814	-32.194	81
C	-43.815	-14.776	-31.287	81
N	-43.621	-14.646	-29.978	82
CA	-44.165	-15.556	-28.951	82
C	-45.665	-15.25	-28.801	82
N	-46.506	-16.281	-28.764	83
CA	-47.992	-16.17	-28.657	83
C	-48.411	-16.471	-27.222	83
N	-47.916	-17.586	-26.689	84
CA	-48.385	-18.154	-25.418	84
C	-47.403	-19.202	-24.952	84
N	-47.527	-19.568	-23.68	85
CA	-46.846	-20.756	-23.159	85
C	-47.818	-21.574	-22.314	85
N	-47.518	-22.846	-22.193	86
CA	-48.34	-23.814	-21.436	86
C	-47.412	-24.922	-20.951	86
N	-47.957	-25.825	-20.13	87
CA	-47.186	-26.954	-19.568	87
C	-47.96	-28.266	-19.721	87
N	-47.18	-29.342	-19.767	88
CA	-47.534	-30.778	-19.703	88
C	-46.877	-31.362	-18.439	88
N	-47.636	-32.109	-17.644	89
CA	-47.166	-32.659	-16.349	89
C	-47.893	-33.968	-16.032	89
N	-47.402	-34.706	-15.03	90
CA	-47.857	-36.084	-14.758	90
C	-48.822	-36.115	-13.596	90
N	-48.553	-36.95	-12.593	91
CA	-49.326	-36.989	-11.33	91
C	-48.424	-37.49	-10.199	91
N	-48.904	-37.376	-8.959	92
CA	-48.272	-37.977	-7.765	92
C	-47.476	-39.216	-8.205	92
N	-46.149	-39.108	-8.224	93
CA	-45.218	-40.225	-8.459	93
C	-45.042	-40.582	-9.925	93
N	-45.612	-39.824	-10.871	94
CA	-45.606	-40.208	-12.313	94
C	-45.166	-39.03	-13.175	94
N	-44.149	-39.238	-14.042	95
CA	-43.595	-38.159	-14.861	95
C	-44.548	-37.837	-16.018	95
N	-44.584	-36.584	-16.481	96
CA	-45.542	-36.156	-17.521	96
C	-44.948	-35.264	-18.601	96
N	-43.654	-35.361	-18.886	97
CA	-43.048	-34.65	-20.041	97
C	-43.573	-35.308	-21.325	97
N	-43.647	-34.548	-22.411	98
CA	-44.152	-35.019	-23.722	98
C	-43.003	-35.646	-24.472	98
N	-41.912	-34.893	-24.603	99
CA	-40.653	-35.428	-25.16	99
C	-40.036	-36.349	-24.111	99
N	-39.231	-37.297	-24.573	100
CA	-38.478	-38.247	-23.721	100
C	-37.063	-38.283	-24.268	100
N	-36.093	-38.653	-23.431	101
CA	-34.667	-38.845	-23.826	101
C	-34.27	-40.288	-23.491	101
N	-33.785	-41.013	-24.496	102
CA	-33.445	-42.463	-24.441	102
C	-34.53	-43.198	-23.648	102
N	-35.802	-42.85	-23.849	103
CA	-36.937	-43.488	-23.155	103
C	-37.304	-42.842	-21.829	103
N	-36.467	-41.968	-21.252	104
CA	-36.745	-41.294	-19.954	104
C	-37.753	-40.15	-20.124	104
N	-38.842	-40.198	-19.371	105
CA	-39.828	-39.104	-19.261	105
C	-39.487	-38.25	-18.035	105
N	-39.396	-36.924	-18.2	106
CA	-39.068	-35.963	-17.121	106
C	-40.365	-35.61	-16.414	106
N	-40.316	-35.097	-15.171	107
CA	-41.535	-34.733	-14.45	107
C	-42.527	-33.898	-15.266	107
N	-42.025	-32.86	-15.952	108
CA	-42.868	-31.895	-16.688	108
C	-42.117	-31.263	-17.873	108
N	-42.815	-30.408	-18.617	109
CA	-42.312	-29.801	-19.879	109
C	-43.011	-28.467	-20.069	109
N	-42.251	-27.468	-20.491	110
CA	-42.835	-26.146	-20.791	110
C	-42.745	-25.921	-22.298	110
N	-43.802	-25.351	-22.879	111
CA	-43.876	-25.083	-24.335	111
C	-44.068	-23.597	-24.546	111
N	-43.172	-22.961	-25.306	112
CA	-43.364	-21.539	-25.718	112
C	-43.622	-21.507	-27.227	112
N	-44.85	-21.169	-27.593	113
CA	-45.399	-21.325	-28.97	113
C	-45.214	-19.986	-29.674	113
N	-44.612	-20.0	-30.858	114
CA	-44.314	-18.786	-31.639	114
C	-44.899	-18.917	-33.048	114
N	-45.183	-17.773	-33.635	115
CA	-45.626	-17.612	-35.034	115
C	-44.475	-17.028	-35.855	115
N	-44.1	-17.662	-36.968	116
CA	-43.202	-17.039	-37.966	116
C	-43.709	-15.647	-38.345	116
N	-42.817	-14.638	-38.349	117
CA	-43.126	-13.237	-38.679	117
C	-43.245	-13.096	-40.194	117
N	-42.945	-14.4	-41.054	118
CA	-43.328	-14.406	-42.48	118
C	-44.852	-14.537	-42.643	118
N	-45.607	-14.81	-41.58	119
CA	-47.08	-14.985	-41.618	119
C	-47.74	-13.933	-40.741	119
N	-48.67	-13.17	-41.295	120
CA	-49.455	-12.148	-40.565	120
C	-50.379	-12.838	-39.564	120
N	-50.8	-14.087	-39.811	121
CA	-51.838	-14.741	-38.977	121
C	-51.462	-16.196	-38.683	121
N	-51.843	-16.687	-37.515	122
CA	-51.654	-18.101	-37.094	122
C	-52.35	-19.032	-38.088	122
N	-53.558	-18.678	-38.548	123
CA	-54.331	-19.606	-39.434	123
C	-53.608	-19.764	-40.775	123
N	-52.826	-18.779	-41.217	124
CA	-52.001	-18.928	-42.439	124
C	-50.825	-19.867	-42.135	124
N	-50.297	-19.837	-40.914	125
CA	-49.057	-20.55	-40.543	125
C	-49.323	-22.048	-40.356	125
N	-50.506	-22.432	-39.859	126
CA	-50.852	-23.862	-39.57	126
C	-50.7	-24.723	-40.832	126
N	-49.94	-25.813	-40.718	127
CA	-49.668	-26.801	-41.773	127
C	-48.56	-26.358	-42.701	127
N	-48.016	-25.156	-42.526	128
CA	-46.947	-24.644	-43.415	128
C	-45.61	-24.88	-42.735	128
N	-44.569	-25.256	-43.5	129
CA	-43.263	-25.57	-42.918	129
C	-42.661	-24.326	-42.236	129
N	-42.387	-24.433	-40.938	130
CA	-41.762	-23.368	-40.14	130
C	-42.749	-22.309	-39.737	130
N	-44.047	-22.516	-39.995	131
CA	-45.054	-21.502	-39.67	131
C	-45.091	-21.257	-38.181	131
N	-44.976	-22.321	-37.411	132
CA	-44.993	-22.261	-35.928	132
C	-43.665	-22.832	-35.452	132
N	-43.152	-22.315	-34.331	133
CA	-41.98	-22.88	-33.655	133
C	-42.286	-22.944	-32.156	133
N	-41.901	-24.055	-31.541	134
CA	-42.083	-24.234	-30.085	134
C	-40.691	-24.361	-29.461	134
N	-40.445	-23.594	-28.402	135
CA	-39.282	-23.834	-27.512	135
C	-39.771	-24.685	-26.347	135
N	-39.153	-25.842	-26.165	136
CA	-39.512	-26.837	-25.145	136
C	-38.328	-27.008	-24.197	136
N	-38.628	-26.982	-22.91	137
CA	-37.659	-27.34	-21.848	137
C	-38.308	-28.341	-20.893	137
N	-37.538	-29.334	-20.474	138
CA	-37.937	-30.293	-19.416	138
C	-37.79	-29.64	-18.058	138
N	-38.809	-29.802	-17.222	139
CA	-38.78	-29.452	-15.787	139
C	-38.365	-30.705	-15.007	139
N	-37.358	-30.575	-14.133	140
CA	-36.865	-31.631	-13.195	140
C	-37.051	-31.2	-11.733	140
N	-36.967	-32.166	-10.816	141
CA	-36.976	-31.914	-9.351	141
C	-35.59	-31.413	-8.932	141
N	-35.522	-30.257	-8.277	142
CA	-34.286	-29.728	-7.673	142
C	-34.472	-29.614	-6.168	142
N	-33.451	-29.16	-5.405	143
CA	-33.624	-28.885	-3.976	143
C	-34.255	-27.521	-3.666	143
N	-34.245	-26.588	-4.622	144
CA	-34.583	-25.155	-4.403	144
C	-35.96	-24.812	-5.0	144
N	-36.741	-23.975	-4.317	145
CA	-37.967	-23.368	-4.882	145
C	-37.484	-22.552	-6.097	145
N	-38.05	-22.789	-7.285	146
CA	-37.784	-21.98	-8.499	146
C	-38.586	-20.681	-8.382	146
N	-37.916	-19.531	-8.416	147
CA	-38.544	-18.189	-8.269	147
C	-39.44	-17.897	-9.47	147
N	-38.92	-18.163	-10.67	148
CA	-39.609	-17.881	-11.947	148
C	-40.963	-18.615	-11.935	148
N	-40.938	-19.932	-11.743	149
CA	-42.162	-20.784	-11.813	149
C	-43.112	-20.447	-10.667	149
N	-42.588	-20.002	-9.521	150
CA	-43.414	-19.629	-8.343	150
C	-44.489	-18.609	-8.723	150
N	-44.171	-17.655	-9.592	151
CA	-45.127	-16.606	-10.037	151
C	-46.373	-17.234	-10.689	151
N	-46.238	-18.379	-11.374	152
CA	-47.37	-19.037	-12.083	152
C	-48.015	-20.066	-11.141	152
N	-47.199	-20.896	-10.484	153
CA	-47.659	-21.992	-9.589	153
C	-48.445	-21.431	-8.394	153
N	-48.039	-20.288	-7.849	154
CA	-48.743	-19.642	-6.712	154
C	-50.165	-19.211	-7.139	154
N	-50.472	-19.17	-8.443	155
CA	-51.776	-18.663	-8.946	155
C	-52.643	-19.822	-9.483	155
N	-52.217	-21.078	-9.378	156
CA	-53.012	-22.207	-9.927	156
C	-54.292	-22.382	-9.092	156
N	-54.19	-22.195	-7.776	157
CA	-55.325	-22.148	-6.814	157
C	-56.481	-21.336	-7.41	157
N	-56.229	-20.08	-7.775	158
CA	-57.25	-19.122	-8.282	158
C	-57.983	-19.659	-9.529	158
N	-57.464	-20.681	-10.22	159
CA	-58.031	-21.155	-11.525	159
C	-58.143	-22.681	-11.518	159
N	-58.404	-23.303	-10.361	160
CA	-58.463	-24.783	-10.234	160
C	-59.556	-25.362	-11.148	160
N	-60.655	-24.63	-11.333	161
CA	-61.851	-25.101	-12.079	161
C	-61.618	-24.933	-13.581	161
N	-61.843	-26.004	-14.344	162
CA	-61.83	-25.988	-15.829	162
C	-62.455	-24.671	-16.299	162
N	-61.782	-23.972	-17.221	163
CA	-62.323	-22.769	-17.879	163
C	-62.174	-21.489	-17.076	163
N	-61.698	-21.526	-15.826	164
CA	-61.509	-20.288	-15.012	164
C	-60.208	-19.588	-15.429	164
N	-60.12	-18.273	-15.231	165
CA	-58.888	-17.528	-15.582	165
C	-58.665	-16.375	-14.596	165
N	-57.444	-15.849	-14.589	166
CA	-56.971	-14.78	-13.677	166
C	-55.894	-13.947	-14.381	166
N	-55.844	-12.654	-14.093	167
CA	-54.749	-11.747	-14.514	167
C	-53.568	-11.914	-13.537	167
N	-52.335	-11.993	-14.06	168
CA	-51.069	-12.1	-13.265	168
C	-50.147	-10.948	-13.648	168
N	-49.282	-10.505	-12.707	169
CA	-48.327	-9.445	-13.015	169
C	-47.367	-9.993	-14.082	169
N	-46.918	-9.114	-14.971	170
CA	-45.831	-9.401	-15.92	170
C	-44.646	-10.037	-15.217	170
N	-43.976	-10.939	-15.921	171
CA	-42.769	-11.615	-15.41	171
C	-41.771	-11.689	-16.554	171
N	-40.552	-12.044	-16.189	172
CA	-39.466	-12.34	-17.14	172
C	-39.7	-13.756	-17.683	172
N	-40.191	-13.84	-18.907	173
CA	-40.507	-15.17	-19.515	173
C	-39.199	-15.927	-19.751	173
N	-38.122	-15.212	-20.097	174
CA	-36.819	-15.849	-20.423	174
C	-36.264	-16.599	-19.187	174
N	-36.706	-16.241	-17.978	175
CA	-36.223	-16.828	-16.698	175
C	-36.849	-18.203	-16.457	175
N	-37.896	-18.549	-17.23	176
CA	-38.546	-19.888	-17.196	176
C	-37.731	-20.903	-17.978	176
N	-36.752	-20.441	-18.743	177
CA	-35.991	-21.302	-19.665	177
C	-34.618	-21.639	-19.093	177
N	-33.984	-22.692	-19.627	178
CA	-32.656	-23.11	-19.203	178
C	-31.534	-22.106	-19.462	178
N	-30.388	-22.458	-18.914	179
CA	-29.2	-21.582	-18.824	179
C	-28.548	-21.342	-20.184	179
N	-28.363	-22.378	-20.998	180
CA	-27.512	-22.325	-22.216	180
C	-28.39	-22.334	-23.48	180
N	-28.519	-21.188	-24.157	181
CA	-29.331	-21.0	-25.39	181
C	-28.577	-21.521	-26.629	181
N	-27.337	-22.021	-26.478	182
CA	-26.506	-22.572	-27.58	182
C	-26.654	-24.097	-27.701	182
N	-27.305	-24.765	-26.752	183
CA	-27.364	-26.243	-26.65	183
C	-28.815	-26.724	-26.758	183
N	-29.167	-27.296	-27.901	184
CA	-30.555	-27.764	-28.123	184
C	-30.584	-28.83	-29.226	184
N	-31.684	-29.597	-29.183	185
CA	-32.155	-30.499	-30.262	185
C	-33.165	-29.742	-31.139	185
N	-33.192	-30.039	-32.442	186
CA	-34.214	-29.454	-33.346	186
C	-34.687	-30.51	-34.354	186
N	-35.992	-30.548	-34.613	187
CA	-36.594	-31.393	-35.683	187
C	-37.931	-30.762	-36.082	187
N	-38.488	-31.189	-37.215	188
CA	-39.818	-30.711	-37.672	188
C	-40.9	-31.732	-37.298	188
N	-42.018	-31.279	-36.736	189
CA	-43.11	-32.169	-36.315	189
C	-44.43	-31.454	-36.33	189
N	-45.246	-31.659	-35.295	190
CA	-46.676	-31.282	-35.257	190
C	-47.017	-30.587	-33.947	190
N	-48.192	-29.954	-33.88	191
CA	-48.871	-29.757	-32.583	191
C	-48.969	-31.141	-31.91	191
N	-48.832	-31.17	-30.584	192
CA	-48.94	-32.418	-29.78	192
C	-50.379	-32.524	-29.3	192
N	-51.215	-31.527	-29.613	193
CA	-52.674	-31.549	-29.339	193
C	-53.41	-31.375	-30.659	193
N	-54.67	-31.836	-30.748	194
CA	-55.504	-31.599	-31.924	194
C	-55.598	-30.105	-32.188	194
N	-55.544	-29.628	-33.452	195
CA	-55.631	-30.493	-34.64	195
C	-54.348	-31.126	-35.191	195
N	-53.25	-31.152	-34.43	196
CA	-52.02	-31.928	-34.782	196
C	-51.44	-31.525	-36.158	196
N	-51.617	-30.276	-36.605	197
CA	-51.031	-29.722	-37.855	197
C	-49.521	-29.958	-37.851	197
N	-48.928	-30.268	-39.003	198
CA	-47.475	-30.481	-39.178	198
C	-46.84	-29.134	-39.618	198
N	-45.531	-29.114	-39.836	199
CA	-44.789	-27.889	-40.183	199
C	-44.187	-27.175	-38.955	199
N	-44.316	-27.736	-37.761	200
CA	-43.865	-27.097	-36.491	200
C	-42.382	-27.402	-36.283	200
N	-41.565	-26.354	-36.163	201
CA	-40.131	-26.513	-35.786	201
C	-40.043	-26.606	-34.264	201
N	-39.581	-27.757	-33.802	202
CA	-39.408	-28.065	-32.368	202
C	-37.941	-27.861	-32.016	202
N	-37.718	-27.042	-30.996	203
CA	-36.386	-26.796	-30.392	203
C	-36.495	-27.231	-28.939	203
N	-35.774	-28.29	-28.587	204
CA	-35.766	-28.881	-27.207	204
C	-34.378	-28.622	-26.576	204
N	-34.345	-27.778	-25.554	205
CA	-33.128	-27.421	-24.78	205
C	-32.501	-28.706	-24.232	205
N	-31.19	-28.887	-24.435	206
CA	-30.366	-29.957	-23.793	206
C	-30.526	-29.857	-22.27	206
N	-30.393	-28.661	-21.718	207
CA	-30.411	-28.456	-20.248	207
C	-31.839	-28.318	-19.746	207
N	-32.062	-28.755	-18.511	208
CA	-33.382	-28.765	-17.847	208
C	-33.512	-27.536	-16.957	208
N	-34.704	-27.282	-16.439	209
CA	-34.883	-26.333	-15.31	209
C	-35.371	-27.146	-14.108	209
N	-35.13	-26.622	-12.903	210
CA	-35.41	-27.306	-11.619	210
C	-36.484	-26.538	-10.861	210
N	-37.482	-27.286	-10.405	211
CA	-38.59	-26.857	-9.512	211
C	-38.522	-27.743	-8.263	211
N	-38.956	-27.236	-7.111	212
CA	-38.975	-28.039	-5.86	212
C	-39.983	-29.182	-6.019	212
N	-39.749	-30.3	-5.323	213
CA	-40.721	-31.408	-5.215	213
C	-42.106	-30.824	-4.92	213
N	-42.165	-29.829	-4.035	214
CA	-43.431	-29.171	-3.64	214
C	-44.055	-28.477	-4.854	214
N	-43.242	-27.748	-5.63	215
CA	-43.674	-26.975	-6.831	215
C	-44.316	-27.913	-7.869	215
N	-43.65	-29.022	-8.171	216
CA	-44.133	-30.085	-9.073	216
C	-45.46	-30.63	-8.561	216
N	-45.568	-30.836	-7.248	217
CA	-46.828	-31.287	-6.608	217
C	-47.9	-30.238	-6.873	217
N	-47.627	-28.955	-6.632	218
CA	-48.624	-27.88	-6.88	218
C	-49.134	-27.985	-8.335	218
N	-48.232	-28.157	-9.306	219
CA	-48.554	-28.116	-10.761	219
C	-49.556	-29.223	-11.09	219
N	-49.29	-30.413	-10.562	220
CA	-49.922	-31.693	-10.953	220
C	-51.192	-31.958	-10.131	220
N	-51.462	-31.169	-9.087	221
CA	-52.492	-31.503	-8.069	221
C	-53.428	-30.33	-7.788	221
N	-53.371	-29.216	-8.524	222
CA	-54.234	-28.039	-8.213	222
C	-55.372	-27.903	-9.223	222
N	-55.139	-28.312	-10.472	223
CA	-56.05	-27.991	-11.591	223
C	-57.037	-29.148	-11.801	223
N	-58.29	-28.814	-12.104	224
CA	-59.338	-29.788	-12.526	224
C	-59.641	-29.639	-14.029	224
N	-59.876	-30.764	-14.718	225
CA	-60.033	-30.838	-16.183	225
C	-61.459	-31.177	-16.611	225
N	-61.649	-32.029	-17.653	226
CA	-62.975	-32.305	-18.197	226
C	-63.71	-33.225	-17.211	226
N	-65.026	-33.044	-17.074	227
CA	-65.893	-33.837	-16.18	227
C	-65.703	-33.431	-14.731	227
N	-65.368	-34.387	-13.87	228
CA	-65.034	-34.134	-12.445	228
C	-63.607	-34.641	-12.176	228
N	-62.813	-34.865	-13.232	229
CA	-61.468	-35.5	-13.182	229
C	-60.375	-34.44	-12.998	229
N	-59.295	-34.78	-12.291	230
CA	-58.123	-33.887	-12.076	230
C	-57.433	-33.636	-13.422	230
N	-56.865	-32.446	-13.616	231
CA	-56.052	-32.152	-14.825	231
C	-54.65	-32.696	-14.575	231
N	-54.38	-33.896	-15.072	232
CA	-53.113	-34.624	-14.82	232
C	-52.765	-35.433	-16.054	232
N	-51.496	-35.818	-16.191	233
CA	-51.002	-36.709	-17.27	233
C	-51.39	-36.144	-18.652	233
N	-51.359	-34.81	-18.822	234
CA	-51.809	-34.069	-20.034	234
C	-50.667	-34.035	-21.058	234
N	-50.148	-35.206	-21.414	235
CA	-49.104	-35.389	-22.441	235
C	-49.615	-36.415	-23.455	235
N	-49.076	-36.335	-24.669	236
CA	-49.304	-37.289	-25.77	236
C	-48.159	-38.293	-25.782	236
N	-48.431	-39.528	-26.21	237
CA	-47.419	-40.596	-26.339	237
C	-46.399	-40.14	-27.37	237
N	-45.165	-40.631	-27.313	238
CA	-44.148	-40.285	-28.334	238
C	-44.522	-40.964	-29.644	238
N	-44.084	-40.362	-30.743	239
CA	-44.534	-40.665	-32.115	239
C	-43.297	-41.074	-32.889	239
N	-43.436	-41.979	-33.875	240
CA	-42.284	-42.416	-34.65	240
C	-41.664	-41.293	-35.492	240
N	-40.346	-41.324	-35.609	241
CA	-39.559	-40.339	-36.377	241
C	-39.824	-40.522	-37.873	241
N	-40.172	-41.74	-38.317	242
CA	-40.506	-42.059	-39.734	242
C	-39.427	-41.469	-40.644	242
N	-38.156	-41.647	-40.283	243
CA	-37.014	-41.244	-41.124	243
C	-36.445	-39.879	-40.773	243
N	-37.161	-39.065	-39.993	244
CA	-36.654	-37.737	-39.538	244
C	-35.394	-37.992	-38.687	244
N	-34.325	-37.242	-38.936	245
CA	-33.096	-37.207	-38.103	245
C	-33.178	-35.985	-37.173	245
N	-33.11	-36.197	-35.855	246
CA	-33.018	-35.112	-34.846	246
C	-31.655	-34.442	-34.949	246
N	-31.628	-33.118	-35.098	247
CA	-30.353	-32.354	-35.135	247
C	-30.003	-31.85	-33.725	247
N	-28.708	-31.665	-33.461	248
CA	-28.127	-31.117	-32.209	248
C	-27.239	-29.939	-32.588	248
N	-27.359	-28.841	-31.85	249
CA	-26.53	-27.627	-32.017	249
C	-25.124	-27.858	-31.433	249
N	-24.835	-29.047	-30.915	250
CA	-23.605	-29.316	-30.132	250
C	-23.061	-30.7	-30.463	250
N	-21.717	-30.823	-30.524	251
CA	-21.066	-32.087	-30.863	251
C	-21.227	-33.079	-29.703	251
N	-52.481	13.686	-7.678	1
CA	-53.017	15.035	-7.246	1
C	-52.83	16.113	-8.335	1
N	-53.678	17.138	-8.277	2
CA	-53.782	18.242	-9.259	2
C	-53.927	19.561	-8.489	2
N	-53.499	20.664	-9.079	3
CA	-54.129	21.974	-8.809	3
C	-55.473	21.926	-9.558	3
N	-56.47	22.703	-9.135	4
CA	-57.771	22.794	-9.833	4
C	-58.875	22.018	-9.131	4
N	-58.676	20.723	-8.849	5
CA	-59.67	19.937	-8.094	5
C	-59.192	18.546	-7.713	5
N	-60.111	17.575	-7.768	6
CA	-60.015	16.245	-7.107	6
C	-58.818	15.467	-7.645	6
N	-58.272	14.481	-6.887	7
CA	-58.78	14.122	-5.56	7
C	-58.392	15.137	-4.471	7
N	-59.445	15.496	-3.301	8
CA	-58.992	16.297	-2.147	8
C	-57.62	15.812	-1.628	8
N	-56.7	16.754	-1.403	9
CA	-55.298	16.501	-0.947	9
C	-55.253	15.675	0.343	9
N	-56.129	15.936	1.352	10
CA	-56.172	15.092	2.557	10
C	-56.398	13.589	2.267	10
N	-57.105	13.241	1.176	11
CA	-57.26	11.826	0.726	11
C	-55.899	11.315	0.219	11
N	-55.133	12.161	-0.476	12
CA	-53.762	11.857	-0.986	12
C	-52.809	11.72	0.198	12
N	-52.836	12.658	1.146	13
CA	-51.934	12.658	2.328	13
C	-52.646	13.318	3.506	13
N	-52.866	12.597	4.627	14
CA	-53.452	13.182	5.84	14
C	-52.819	14.511	6.302	14
N	-51.492	14.641	6.17	15
CA	-50.717	15.839	6.579	15
C	-51.234	17.088	5.849	15
N	-51.889	16.932	4.687	16
CA	-52.475	18.09	3.964	16
C	-53.634	18.706	4.788	16
N	-54.08	18.01	5.828	17
CA	-55.113	18.486	6.779	17
C	-54.498	18.846	8.144	17
N	-53.178	19.047	8.228	18
CA	-52.476	19.445	9.457	18
C	-52.842	20.86	9.893	18
N	-52.605	21.171	11.157	19
CA	-52.976	22.492	11.734	19
C	-51.99	23.572	11.26	19
N	-50.746	23.198	10.949	20
CA	-49.608	24.138	10.723	20
C	-49.094	24.031	9.275	20
N	-49.859	24.559	8.325	21
CA	-49.595	24.411	6.869	21
C	-49.044	25.715	6.286	21
N	-48.525	25.605	5.067	22
CA	-47.961	26.683	4.215	22
C	-48.669	26.636	2.87	22
N	-48.73	27.741	2.098	23
CA	-48.157	29.033	2.475	23
C	-49.099	29.824	3.403	23
N	-48.668	31.005	3.828	24
CA	-49.431	31.883	4.768	24
C	-49.417	33.309	4.24	24
N	-50.305	34.129	4.801	25
CA	-50.32	35.602	4.643	25
C	-49.384	36.168	5.702	25
N	-48.412	36.936	5.241	26
CA	-47.402	37.637	6.064	26
C	-47.951	39.041	6.334	26
N	-48.066	39.419	7.603	27
CA	-48.403	40.823	7.977	27
C	-47.2	41.373	8.713	27
N	-46.309	42.114	8.031	28
CA	-45.012	42.455	8.618	28
C	-45.162	43.228	9.935	28
N	-46.18	44.095	10.035	29
CA	-46.352	44.925	11.262	29
C	-46.716	43.983	12.427	29
N	-47.127	42.734	12.16	30
CA	-47.419	41.704	13.201	30
C	-46.254	40.723	13.416	30
N	-45.227	40.692	12.568	31
CA	-44.112	39.733	12.752	31
C	-43.38	40.115	14.034	31
N	-42.739	39.165	14.7	32
CA	-41.89	39.399	15.882	32
C	-40.456	39.653	15.438	32
N	-39.897	40.819	15.77	33
CA	-38.475	41.136	15.499	33
C	-37.627	40.236	16.396	33
N	-36.771	39.427	15.764	34
CA	-35.928	38.388	16.409	34
C	-34.465	38.643	16.045	34
N	-33.743	39.478	16.827	35
CA	-32.336	39.769	16.561	35
C	-31.429	38.531	16.486	35
N	-31.896	37.346	16.872	36
CA	-31.111	36.09	16.738	36
C	-30.925	35.739	15.259	36
N	-31.835	36.195	14.394	37
CA	-31.899	35.788	12.969	37
C	-30.801	36.508	12.151	37
N	-29.659	35.85	11.935	38
CA	-28.449	36.434	11.269	38
C	-28.553	36.295	9.746	38
N	-27.694	36.964	8.943	39
CA	-27.816	36.883	7.483	39
C	-27.547	35.432	7.051	39
N	-28.292	34.971	6.054	40
CA	-28.171	33.601	5.487	40
C	-26.811	33.487	4.813	40
N	-26.196	32.317	4.857	41
CA	-24.928	32.108	4.133	41
C	-25.086	30.906	3.191	41
N	-24.59	31.067	1.966	42
CA	-24.656	30.099	0.857	42
C	-23.222	29.749	0.434	42
N	-22.856	28.466	0.327	43
CA	-21.578	28.049	-0.319	43
C	-21.908	27.138	-1.506	43
N	-21.166	27.301	-2.616	44
CA	-21.182	26.366	-3.751	44
C	-22.308	26.639	-4.732	44
N	-22.958	27.806	-4.671	45
CA	-24.145	28.096	-5.504	45
C	-23.717	28.626	-6.876	45
N	-22.445	29.002	-7.046	46
CA	-21.885	29.496	-8.34	46
C	-21.307	28.292	-9.096	46
N	-22.167	27.642	-9.874	47
CA	-21.858	26.368	-10.573	47
C	-21.161	26.7	-11.879	47
N	-20.2	25.859	-12.292	48
CA	-19.662	25.946	-13.648	48
C	-20.675	25.372	-14.634	48
N	-20.46	25.589	-15.946	49
CA	-21.389	25.113	-16.96	49
C	-21.597	23.592	-16.971	49
N	-20.554	22.807	-16.677	50
CA	-20.617	21.33	-16.611	50
C	-20.279	20.922	-15.192	50
N	-20.942	19.889	-14.646	51
CA	-21.928	19.113	-15.398	51
C	-23.239	19.89	-15.56	51
N	-24.035	19.51	-16.546	52
CA	-25.363	20.14	-16.771	52
C	-26.361	19.689	-15.687	52
N	-27.429	20.457	-15.529	53
CA	-28.526	20.239	-14.545	53
C	-29.771	19.786	-15.318	53
N	-30.574	18.916	-14.737	54
CA	-31.862	18.496	-15.33	54
C	-32.945	19.528	-14.982	54
N	-33.675	19.959	-15.993	55
CA	-34.805	20.912	-15.878	55
C	-36.032	20.169	-16.394	55
N	-37.032	19.947	-15.546	56
CA	-38.162	19.041	-15.831	56
C	-39.483	19.794	-15.641	56
N	-40.401	19.605	-16.584	57
CA	-41.839	19.919	-16.389	57
C	-42.488	18.673	-15.782	57
N	-42.77	18.698	-14.494	58
CA	-43.319	17.533	-13.764	58
C	-44.855	17.647	-13.779	58
N	-45.429	18.589	-14.533	59
CA	-46.893	18.745	-14.572	59
C	-47.424	19.623	-13.448	59
N	-46.638	19.887	-12.394	60
CA	-47.027	20.731	-11.222	60
C	-46.245	22.041	-11.246	60
N	-45.026	22.022	-11.785	61
CA	-44.093	23.171	-11.824	61
C	-42.988	22.865	-12.852	61
N	-42.055	23.782	-13.0	62
CA	-40.732	23.496	-13.612	62
C	-39.746	23.414	-12.456	62
N	-39.021	22.297	-12.369	63
CA	-38.047	21.972	-11.303	63
C	-36.643	21.844	-11.887	63
N	-35.709	22.571	-11.318	64
CA	-34.273	22.44	-11.601	64
C	-33.67	21.609	-10.463	64
N	-33.195	20.409	-10.778	65
CA	-32.55	19.522	-9.776	65
C	-31.117	20.017	-9.598	65
N	-30.703	20.218	-8.353	66
CA	-29.367	20.762	-8.036	66
C	-28.414	19.616	-7.688	66
N	-27.102	19.795	-7.975	67
CA	-26.096	18.785	-7.66	67
C	-25.715	18.836	-6.19	67
N	-24.988	17.821	-5.67	68
CA	-24.399	17.905	-4.34	68
C	-23.465	19.121	-4.246	68
N	-23.227	19.57	-2.872	69
CA	-22.241	20.623	-2.576	69
C	-22.803	22.021	-2.563	69
N	-24.125	22.212	-2.614	70
CA	-24.723	23.543	-2.382	70
C	-25.128	23.575	-0.913	70
N	-24.429	24.372	-0.118	71
CA	-24.572	24.43	1.355	71
C	-25.247	25.745	1.694	71
N	-26.163	25.677	2.657	72
CA	-26.908	26.85	3.153	72
C	-26.97	26.733	4.674	72
N	-26.703	27.842	5.36	73
CA	-26.883	27.931	6.825	73
C	-27.903	29.025	7.159	73
N	-28.879	28.662	7.994	74
CA	-29.88	29.621	8.544	74
C	-29.233	30.388	9.698	74
N	-28.128	29.851	10.198	75
CA	-27.411	30.352	11.368	75
C	-26.355	29.34	11.718	75
N	-25.496	29.707	12.846	76
CA	-24.51	28.723	13.302	76
C	-25.183	27.411	13.74	76
N	-24.706	26.278	13.224	77
CA	-25.224	24.94	13.571	77
C	-26.558	24.613	12.906	77
N	-27.042	25.433	11.977	78
CA	-28.335	25.212	11.272	78
C	-28.021	25.032	9.774	78
N	-27.512	23.858	9.422	79
CA	-26.833	23.589	8.123	79
C	-27.708	22.689	7.235	79
N	-27.797	23.048	5.957	80
CA	-28.689	22.43	4.95	80
C	-27.905	22.227	3.65	80
N	-28.413	21.335	2.797	81
CA	-27.948	21.127	1.397	81
C	-29.121	21.424	0.471	81
N	-28.88	22.206	-0.563	82
CA	-29.87	22.487	-1.616	82
C	-30.155	21.203	-2.417	82
N	-31.432	20.927	-2.681	83
CA	-31.895	19.745	-3.452	83
C	-32.323	20.129	-4.867	83
N	-33.067	21.226	-4.995	84
CA	-33.897	21.54	-6.183	84
C	-34.457	22.954	-5.995	84
N	-34.813	23.587	-7.096	85
CA	-35.661	24.798	-7.051	85
C	-36.788	24.603	-8.065	85
N	-37.913	25.259	-7.8	86
CA	-39.111	25.254	-8.67	86
C	-39.837	26.595	-8.504	86
N	-40.887	26.782	-9.277	87
CA	-41.57	28.087	-9.353	87
C	-43.075	27.872	-9.199	87
N	-43.729	28.893	-8.642	88
CA	-45.212	29.009	-8.596	88
C	-45.609	30.285	-9.34	88
N	-46.603	30.202	-10.221	89
CA	-47.016	31.383	-11.035	89
C	-48.523	31.384	-11.312	89
N	-49.004	32.449	-11.952	90
CA	-50.44	32.58	-12.241	90
C	-50.775	32.324	-13.695	90
N	-51.407	33.319	-14.313	91
CA	-51.894	33.327	-15.714	91
C	-52.113	34.799	-16.099	91
N	-52.243	35.12	-17.388	92
CA	-52.401	36.503	-17.908	92
C	-53.321	37.313	-16.984	92
N	-52.8	38.398	-16.409	93
CA	-53.544	39.294	-15.497	93
C	-54.016	38.601	-14.223	93
N	-53.251	37.622	-13.714	94
CA	-53.565	36.851	-12.481	94
C	-52.236	36.486	-11.829	94
N	-51.908	37.058	-10.649	95
CA	-50.659	36.753	-9.958	95
C	-50.751	35.355	-9.332	95
N	-49.608	34.739	-9.002	96
CA	-49.602	33.322	-8.583	96
C	-48.538	32.971	-7.54	96
N	-48.01	33.942	-6.777	97
CA	-47.14	33.661	-5.604	97
C	-47.95	32.83	-4.596	97
N	-47.27	32.065	-3.743	98
CA	-47.919	31.175	-2.747	98
C	-48.146	31.978	-1.464	98
N	-47.093	32.633	-1.006	99
CA	-47.192	33.591	0.122	99
C	-47.832	34.881	-0.396	99
N	-48.533	35.577	0.491	100
CA	-49.125	36.913	0.247	100
C	-48.558	37.825	1.334	100
N	-48.508	39.132	1.08	101
CA	-48.066	40.143	2.086	101
C	-49.204	41.156	2.275	101
N	-49.814	41.187	3.468	102
CA	-51.041	41.998	3.737	102
C	-52.067	41.673	2.647	102
N	-52.211	40.399	2.299	103
CA	-53.198	39.941	1.306	103
C	-52.75	40.18	-0.133	103
N	-51.632	40.87	-0.379	104
CA	-51.13	41.101	-1.762	104
C	-50.452	39.825	-2.306	104
N	-50.951	39.266	-3.417	105
CA	-50.334	38.116	-4.132	105
C	-49.41	38.663	-5.227	105
N	-48.14	38.264	-5.217	106
CA	-47.121	38.699	-6.206	106
C	-47.27	37.88	-7.493	106
N	-46.743	38.379	-8.63	107
CA	-46.851	37.652	-9.901	107
C	-46.41	36.172	-9.821	107
N	-45.262	35.895	-9.199	108
CA	-44.753	34.511	-9.039	108
C	-43.827	34.382	-7.82	108
N	-43.385	33.146	-7.533	109
CA	-42.507	32.833	-6.374	109
C	-41.537	31.689	-6.728	109
N	-40.3	31.825	-6.274	110
CA	-39.27	30.755	-6.393	110
C	-39.112	30.098	-5.028	110
N	-39.051	28.772	-5.009	111
CA	-38.659	27.978	-3.826	111
C	-37.353	27.216	-4.106	111
N	-36.366	27.368	-3.225	112
CA	-35.155	26.5	-3.193	112
C	-35.263	25.589	-1.982	112
N	-35.456	24.294	-2.236	113
CA	-35.713	23.267	-1.19	113
C	-34.38	22.704	-0.731	113
N	-34.212	22.646	0.583	114
CA	-32.968	22.217	1.266	114
C	-33.297	21.108	2.258	114
N	-32.35	20.203	2.438	115
CA	-32.412	19.086	3.396	115
C	-31.381	19.316	4.488	115
N	-31.781	19.203	5.741	116
CA	-30.852	19.295	6.898	116
C	-29.714	18.279	6.698	116
N	-28.467	18.655	6.999	117
CA	-27.265	17.793	6.885	117
C	-27.433	16.636	7.855	117
N	-28.463	16.651	8.955	118
CA	-28.615	15.49	9.846	118
C	-29.346	14.337	9.151	118
N	-29.941	14.532	7.959	119
CA	-30.722	13.482	7.258	119
C	-30.097	13.162	5.884	119
N	-30.05	11.881	5.548	120
CA	-29.519	11.361	4.261	120
C	-30.567	11.591	3.162	120
N	-31.878	11.623	3.468	121
CA	-32.927	11.677	2.419	121
C	-34.15	12.485	2.864	121
N	-34.899	12.947	1.879	122
CA	-36.116	13.755	2.091	122
C	-37.137	12.933	2.887	122
N	-37.316	11.645	2.567	123
CA	-38.386	10.808	3.175	123
C	-38.086	10.603	4.669	123
N	-36.825	10.64	5.101	124
CA	-36.464	10.541	6.543	124
C	-36.696	11.886	7.249	124
N	-36.644	12.991	6.522	125
CA	-36.739	14.339	7.102	125
C	-38.209	14.791	7.177	125
N	-39.1	14.212	6.367	126
CA	-40.514	14.66	6.25	126
C	-41.151	14.594	7.641	126
N	-41.754	15.692	8.095	127
CA	-42.491	15.732	9.373	127
C	-41.56	15.929	10.556	127
N	-40.232	15.983	10.349	128
CA	-39.286	16.176	11.464	128
C	-38.944	17.652	11.632	128
N	-38.761	18.145	12.881	129
CA	-38.541	19.574	13.118	129
C	-37.268	20.09	12.431	129
N	-37.415	21.028	11.496	130
CA	-36.28	21.626	10.759	130
C	-35.62	20.648	9.787	130
N	-36.306	19.577	9.431	131
CA	-35.773	18.545	8.519	131
C	-35.528	19.144	7.151	131
N	-36.439	20.023	6.723	132
CA	-36.41	20.731	5.434	132
C	-36.446	22.222	5.706	132
N	-35.724	22.979	4.882	133
CA	-35.742	24.448	4.853	133
C	-35.992	24.902	3.422	133
N	-36.903	25.852	3.247	134
CA	-37.153	26.451	1.915	134
C	-36.753	27.931	1.942	134
N	-35.958	28.383	0.969	135
CA	-35.741	29.834	0.713	135
C	-36.727	30.263	-0.363	135
N	-37.537	31.286	-0.093	136
CA	-38.64	31.72	-0.983	136
C	-38.458	33.198	-1.288	136
N	-38.603	33.55	-2.555	137
CA	-38.544	34.954	-2.997	137
C	-39.698	35.22	-3.953	137
N	-40.292	36.4	-3.823	138
CA	-41.304	36.904	-4.773	138
C	-40.587	37.367	-6.052	138
N	-41.222	37.085	-7.175	139
CA	-40.858	37.604	-8.506	139
C	-41.871	38.693	-8.844	139
N	-41.382	39.875	-9.214	140
CA	-42.236	41.036	-9.578	140
C	-41.871	41.497	-10.981	140
N	-42.797	42.2	-11.639	141
CA	-42.574	42.801	-12.98	141
C	-41.672	44.03	-12.815	141
N	-40.59	44.078	-13.58	142
CA	-39.655	45.212	-13.642	142
C	-39.421	45.654	-15.083	142
N	-38.737	46.799	-15.286	143
CA	-38.447	47.294	-16.633	143
C	-37.417	46.449	-17.408	143
N	-36.471	45.807	-16.709	144
CA	-35.302	45.097	-17.297	144
C	-35.545	43.586	-17.376	144
N	-35.133	42.969	-18.487	145
CA	-34.905	41.508	-18.592	145
C	-33.96	41.062	-17.47	145
N	-34.321	39.988	-16.754	146
CA	-33.429	39.343	-15.752	146
C	-32.561	38.299	-16.458	146
N	-31.255	38.544	-16.569	147
CA	-30.342	37.7	-17.388	147
C	-30.156	36.318	-16.724	147
N	-30.13	36.249	-15.387	148
CA	-30.136	34.982	-14.608	148
C	-31.334	34.1	-15.003	148
N	-32.567	34.623	-14.895	149
CA	-33.815	33.843	-15.13	149
C	-33.944	33.485	-16.62	149
N	-33.36	34.31	-17.497	150
CA	-33.4	34.087	-18.965	150
C	-32.739	32.746	-19.294	150
N	-31.639	32.413	-18.617	151
CA	-30.943	31.093	-18.741	151
C	-31.946	29.94	-18.596	151
N	-32.955	30.042	-17.721	152
CA	-33.961	28.958	-17.548	152
C	-35.179	29.212	-18.437	152
N	-35.687	30.448	-18.475	153
CA	-36.939	30.762	-19.227	153
C	-36.734	30.499	-20.737	153
N	-35.521	30.687	-21.265	154
CA	-35.192	30.427	-22.7	154
C	-35.278	28.925	-23.017	154
N	-35.395	28.055	-22.001	155
CA	-35.419	26.579	-22.181	155
C	-36.82	26.014	-22.001	155
N	-37.807	26.826	-21.598	156
CA	-39.132	26.28	-21.227	156
C	-39.788	25.648	-22.445	156
N	-39.581	26.223	-23.625	157
CA	-40.209	25.714	-24.869	157
C	-39.862	24.23	-25.066	157
N	-38.609	23.813	-24.81	158
CA	-38.138	22.4	-24.977	158
C	-38.939	21.46	-24.07	158
N	-39.434	21.947	-22.931	159
CA	-40.115	21.061	-21.951	159
C	-41.583	21.479	-21.819	159
N	-42.183	21.961	-22.909	160
CA	-43.619	22.357	-22.978	160
C	-44.5	21.176	-22.576	160
N	-44.14	19.959	-22.985	161
CA	-44.944	18.738	-22.734	161
C	-44.852	18.334	-21.261	161
N	-45.987	18.044	-20.628	162
CA	-46.011	17.453	-19.273	162
C	-45.06	16.246	-19.222	162
N	-44.199	16.13	-18.212	163
CA	-43.339	14.946	-18.006	163
C	-42.064	15.008	-18.855	163
N	-41.81	16.161	-19.48	164
CA	-40.664	16.486	-20.379	164
C	-39.489	16.91	-19.517	164
N	-38.263	16.71	-19.991	165
CA	-37.051	17.273	-19.34	165
C	-35.97	17.545	-20.382	165
N	-35.074	18.435	-20.022	166
CA	-33.918	18.797	-20.842	166
C	-32.759	19.009	-19.867	166
N	-31.551	19.047	-20.397	167
CA	-30.319	19.339	-19.637	167
C	-29.977	20.796	-19.951	167
N	-29.62	21.598	-18.941	168
CA	-29.22	23.025	-19.089	168
C	-27.865	23.18	-18.414	168
N	-27.054	24.173	-18.838	169
CA	-25.768	24.447	-18.206	169
C	-25.936	24.92	-16.758	169
N	-25.011	24.509	-15.899	170
CA	-24.788	25.147	-14.59	170
C	-24.818	26.655	-14.704	170
N	-25.298	27.32	-13.657	171
CA	-25.396	28.795	-13.572	171
C	-25.274	29.18	-12.101	171
N	-25.161	30.471	-11.85	172
CA	-25.076	31.004	-10.472	172
C	-26.485	30.901	-9.876	172
N	-26.755	29.883	-9.062	173
CA	-28.12	29.66	-8.491	173
C	-28.463	30.844	-7.565	173
N	-27.483	31.43	-6.888	174
CA	-27.743	32.556	-5.956	174
C	-28.184	33.79	-6.757	174
N	-27.896	33.879	-8.06	175
CA	-28.325	35.039	-8.882	175
C	-29.819	34.945	-9.229	175
N	-30.504	33.858	-8.84	176
CA	-31.976	33.729	-8.969	176
C	-32.681	34.227	-7.692	176
N	-31.925	34.567	-6.652	177
CA	-32.438	35.071	-5.349	177
C	-32.067	36.547	-5.19	177
N	-32.717	37.273	-4.244	178
CA	-32.388	38.675	-3.967	178
C	-30.969	38.816	-3.399	178
N	-30.344	39.996	-3.504	179
CA	-28.94	40.233	-3.063	179
C	-28.892	40.427	-1.546	179
N	-30.016	40.8	-0.939	180
CA	-30.1	41.023	0.528	180
C	-30.567	39.737	1.231	180
N	-29.642	39.088	1.924	181
CA	-29.8	37.818	2.672	181
C	-29.937	38.109	4.171	181
N	-30.028	39.382	4.54	182
CA	-30.096	39.863	5.943	182
C	-31.551	40.178	6.346	182
N	-32.431	40.477	5.388	183
CA	-33.801	40.984	5.678	183
C	-34.831	39.952	5.216	183
N	-35.451	39.25	6.169	184
CA	-36.379	38.149	5.83	184
C	-37.367	37.851	6.957	184
N	-38.443	37.183	6.552	185
CA	-39.425	36.58	7.467	185
C	-39.054	35.104	7.595	185
N	-39.27	34.525	8.787	186
CA	-39.049	33.089	9.056	186
C	-40.203	32.514	9.872	186
N	-40.7	31.359	9.473	187
CA	-41.733	30.644	10.251	187
C	-41.673	29.157	9.935	187
N	-42.293	28.393	10.829	188
CA	-42.395	26.928	10.728	188
C	-43.709	26.564	10.037	188
N	-43.638	25.743	8.989	189
CA	-44.827	25.292	8.25	189
C	-44.633	23.944	7.599	189
N	-45.096	23.808	6.363	190
CA	-45.241	22.491	5.701	190
C	-44.771	22.589	4.264	190
N	-44.717	21.447	3.599	191
CA	-44.752	21.436	2.125	191
C	-46.05	22.104	1.678	191
N	-46.006	22.87	0.586	192
CA	-47.239	23.433	-0.047	192
C	-47.835	22.474	-1.083	192
N	-47.257	21.285	-1.261	193
CA	-47.799	20.24	-2.166	193
C	-47.871	18.952	-1.378	193
N	-48.73	17.989	-1.758	194
CA	-48.721	16.688	-1.112	194
C	-47.287	16.205	-1.116	194
N	-46.822	15.508	-0.055	195
CA	-47.668	15.131	1.09	195
C	-47.857	16.151	2.238	195
N	-47.509	17.421	2.039	196
CA	-47.81	18.563	2.959	196
C	-47.266	18.33	4.377	196
N	-46.183	17.563	4.526	197
CA	-45.555	17.253	5.819	197
C	-45.088	18.555	6.501	197
N	-45.274	18.616	7.822	198
CA	-44.918	19.784	8.675	198
C	-43.447	19.69	9.064	198
N	-42.944	20.708	9.773	199
CA	-41.562	20.787	10.293	199
C	-40.644	21.485	9.301	199
N	-41.2	22.133	8.278	200
CA	-40.404	22.904	7.276	200
C	-40.144	24.303	7.821	200
N	-38.887	24.744	7.81	201
CA	-38.501	26.146	8.113	201
C	-38.558	26.926	6.808	201
N	-39.483	27.879	6.755	202
CA	-39.725	28.813	5.642	202
C	-38.994	30.117	5.921	202
N	-38.144	30.55	4.983	203
CA	-37.465	31.862	4.991	203
C	-37.965	32.606	3.765	203
N	-38.699	33.714	3.972	204
CA	-39.234	34.557	2.873	204
C	-38.475	35.887	2.883	204
N	-37.755	36.177	1.799	205
CA	-36.953	37.415	1.655	205
C	-37.877	38.636	1.62	205
N	-37.452	39.706	2.305	206
CA	-38.044	41.075	2.217	206
C	-37.907	41.543	0.762	206
N	-36.694	41.562	0.222	207
CA	-36.417	42.053	-1.161	207
C	-37.007	41.062	-2.191	207
N	-37.619	41.583	-3.255	208
CA	-38.161	40.805	-4.4	208
C	-37.129	40.781	-5.53	208
N	-37.342	39.927	-6.522	209
CA	-36.501	39.886	-7.751	209
C	-37.411	40.268	-8.918	209
N	-36.862	41.073	-9.818	210
CA	-37.569	41.673	-10.974	210
C	-37.351	40.806	-12.216	210
N	-38.446	40.373	-12.822	211
CA	-38.466	39.808	-14.188	211
C	-39.209	40.818	-15.058	211
N	-38.951	40.785	-16.36	212
CA	-39.662	41.603	-17.367	212
C	-41.047	41.002	-17.584	212
N	-41.974	41.801	-18.103	213
CA	-43.377	41.394	-18.338	213
C	-43.402	40.161	-19.252	213
N	-42.506	40.14	-20.242	214
CA	-42.412	39.068	-21.266	214
C	-41.841	37.784	-20.633	214
N	-40.837	37.925	-19.758	215
CA	-40.273	36.809	-18.953	215
C	-41.405	36.175	-18.135	215
N	-42.256	36.981	-17.492	216
CA	-43.367	36.467	-16.651	216
C	-44.428	35.822	-17.545	216
N	-44.661	36.335	-18.755	217
CA	-45.632	35.71	-19.693	217
C	-45.058	34.364	-20.176	217
N	-43.75	34.304	-20.457	218
CA	-43.042	33.047	-20.833	218
C	-43.257	31.974	-19.755	218
N	-43.021	32.342	-18.495	219
CA	-43.165	31.439	-17.325	219
C	-44.59	30.879	-17.29	219
N	-45.602	31.751	-17.398	220
CA	-47.033	31.38	-17.21	220
C	-47.628	30.792	-18.488	220
N	-47.022	31.007	-19.655	221
CA	-47.71	30.701	-20.942	221
C	-47.06	29.557	-21.734	221
N	-45.958	28.952	-21.29	222
CA	-45.215	27.955	-22.12	222
C	-45.576	26.516	-21.758	222
N	-45.736	26.184	-20.476	223
CA	-45.768	24.751	-20.081	223
C	-47.191	24.225	-20.084	223
N	-47.316	22.943	-20.357	224
CA	-48.597	22.21	-20.299	224
C	-48.545	21.257	-19.108	224
N	-49.719	20.996	-18.539	225
CA	-49.931	20.256	-17.293	225
C	-50.784	19.029	-17.551	225
N	-51.38	18.431	-16.5	226
CA	-52.192	17.226	-16.651	226
C	-53.495	17.517	-17.399	226
N	-54.227	16.457	-17.762	227
CA	-55.265	16.527	-18.803	227
C	-54.643	17.129	-20.047	227
N	-55.243	18.189	-20.59	228
CA	-54.765	18.895	-21.807	228
C	-54.714	20.389	-21.499	228
N	-54.473	20.756	-20.242	229
CA	-54.618	22.148	-19.746	229
C	-53.238	22.802	-19.605	229
N	-53.181	24.129	-19.678	230
CA	-51.95	24.924	-19.452	230
C	-51.493	24.746	-18.0	230
N	-50.181	24.7	-17.765	231
CA	-49.635	24.713	-16.381	231
C	-49.67	26.159	-15.878	231
N	-50.72	26.507	-15.146	232
CA	-50.905	27.889	-14.636	232
C	-51.611	27.826	-13.286	232
N	-51.565	28.918	-12.525	233
CA	-52.259	29.048	-11.212	233
C	-51.857	27.845	-10.343	233
N	-50.56	27.523	-10.327	234
CA	-49.996	26.317	-9.662	234
C	-49.552	26.777	-8.272	234
N	-50.498	27.313	-7.486	235
CA	-50.269	27.818	-6.11	235
C	-51.395	27.314	-5.202	235
N	-51.068	27.132	-3.929	236
CA	-52.02	26.659	-2.904	236
C	-52.65	27.878	-2.223	236
N	-53.897	27.743	-1.797	237
CA	-54.607	28.809	-1.054	237
C	-53.837	29.053	0.249	237
N	-53.778	30.307	0.68	238
CA	-53.162	30.748	1.957	238
C	-53.77	29.932	3.108	238
N	-52.958	29.489	4.061	239
CA	-53.388	28.649	5.202	239
C	-53.293	29.523	6.444	239
N	-54.208	29.354	7.413	240
CA	-54.143	30.145	8.651	240
C	-52.887	29.84	9.475	240
N	-52.304	30.863	10.093	241
CA	-51.186	30.704	11.045	241
C	-51.584	29.837	12.245	241
N	-52.841	29.918	12.694	242
CA	-53.372	29.067	13.8	242
C	-52.487	29.189	15.046	242
N	-51.996	30.388	15.335	243
CA	-51.247	30.736	16.556	243
C	-49.747	30.823	16.349	243
N	-49.24	30.402	15.183	244
CA	-47.795	30.537	14.869	244
C	-47.483	32.025	14.769	244
N	-46.315	32.402	15.255	245
CA	-45.772	33.766	15.087	245
C	-44.812	33.734	13.894	245
N	-44.9	34.698	12.994	246
CA	-43.862	34.906	11.955	246
C	-42.794	35.792	12.583	246
N	-41.53	35.384	12.473	247
CA	-40.371	36.192	12.916	247
C	-39.896	37.079	11.754	247
N	-39.254	38.199	12.083	248
CA	-38.548	39.064	11.123	248
C	-37.108	39.24	11.595	248
N	-36.155	39.238	10.661	249
CA	-34.711	39.468	10.92	249
C	-34.434	40.97	11.132	249
N	-35.424	41.822	10.907	250
CA	-35.252	43.301	10.907	250
C	-36.346	43.921	11.766	250
N	-36.062	45.043	12.477	251
CA	-37.084	45.744	13.262	251
C	-38.187	46.357	12.384	251
