ATOM	X	Y	Z	RESIDUE
N	13.268	1.464	79.064	1
CA	13.337	0.143	78.449	1
C	12.819	-0.951	79.38	1
N	12.003	-0.57	80.352	2
CA	11.408	-1.558	81.239	2
C	10.384	-2.387	80.478	2
N	10.147	-3.603	80.948	3
CA	9.136	-4.456	80.356	3
C	8.781	-5.584	81.295	3
N	8.494	-6.752	80.722	4
CA	8.073	-7.915	81.495	4
C	8.941	-9.142	81.204	4
N	10.056	-8.939	80.515	5
CA	10.957	-10.035	80.203	5
C	11.946	-10.316	81.32	5
N	12.746	-11.36	81.138	6
CA	13.722	-11.77	82.143	6
C	14.736	-10.67	82.435	6
N	15.069	-9.883	81.42	7
CA	16.136	-8.909	81.583	7
C	15.655	-7.48	81.827	7
N	14.35	-7.246	81.736	8
CA	13.82	-5.908	81.997	8
C	12.53	-5.907	82.818	8
N	12.2	-7.049	83.42	9
CA	10.937	-7.222	84.117	9
C	10.912	-6.676	85.531	9
N	9.851	-7.012	86.275	10
CA	9.598	-6.478	87.62	10
C	10.785	-6.527	88.58	10
N	11.665	-7.517	88.461	11
CA	12.801	-7.612	89.378	11
C	13.861	-6.56	89.092	11
N	13.775	-5.945	87.916	12
CA	14.761	-4.956	87.49	12
C	14.298	-3.527	87.702	12
N	12.99	-3.334	87.857	13
CA	12.417	-1.988	87.783	13
C	12.993	-1.03	88.823	13
N	13.355	-1.552	89.992	14
CA	13.826	-0.704	91.084	14
C	15.09	0.085	90.744	14
N	15.874	-0.397	89.784	15
CA	17.118	0.297	89.443	15
C	16.845	1.645	88.779	15
N	15.791	1.727	87.978	16
CA	15.414	3.009	87.389	16
C	14.321	3.723	88.163	16
N	13.559	2.965	88.951	17
CA	12.423	3.495	89.695	17
C	12.51	2.993	91.124	17
N	13.357	3.64	91.944	18
CA	13.605	3.13	93.3	18
C	12.348	3.026	94.165	18
N	11.297	3.769	93.836	19
CA	10.036	3.673	94.57	19
C	9.423	2.264	94.444	19
N	9.96	1.445	93.54	20
CA	9.54	0.049	93.417	20
C	9.614	-0.694	94.751	20
N	10.491	-0.238	95.642	21
CA	10.647	-0.849	96.955	21
C	10.047	0.03	98.046	21
N	9.093	0.873	97.661	22
CA	8.484	1.824	98.573	22
C	7.496	1.237	99.559	22
N	6.812	2.131	100.266	23
CA	5.95	1.759	101.381	23
C	4.496	1.476	101.012	23
N	4.08	1.825	99.799	24
CA	2.703	1.54	99.402	24
C	2.648	1.113	97.93	24
N	3.379	0.046	97.619	25
CA	3.427	-0.493	96.265	25
C	2.283	-1.467	95.973	25
N	1.901	-1.524	94.7	26
CA	0.846	-2.395	94.201	26
C	1.393	-3.267	93.077	26
N	0.767	-4.423	92.821	27
CA	-0.395	-4.98	93.51	27
C	-0.014	-5.647	94.823	27
N	-1.014	-6.167	95.534	28
CA	-0.798	-6.932	96.752	28
C	-1.678	-8.172	96.732	28
N	-1.343	-9.142	97.574	29
CA	-2.257	-10.229	97.858	29
C	-3.333	-9.736	98.814	29
N	-4.581	-10.054	98.494	30
CA	-5.704	-9.73	99.353	30
C	-6.006	-10.96	100.19	30
N	-5.589	-10.921	101.451	31
CA	-5.893	-11.999	102.377	31
C	-7.287	-11.765	102.956	31
N	-8.26	-12.527	102.463	32
CA	-9.675	-12.259	102.728	32
C	-10.025	-12.381	104.204	32
N	-9.281	-13.205	104.925	33
CA	-9.567	-13.399	106.334	33
C	-8.987	-12.274	107.19	33
N	-7.983	-11.567	106.673	34
CA	-7.334	-10.484	107.422	34
C	-7.896	-9.101	107.046	34
N	-8.524	-9.006	105.882	35
CA	-9.175	-7.762	105.496	35
C	-10.269	-7.489	106.513	35
N	-10.485	-6.227	106.841	36
CA	-11.486	-5.921	107.848	36
C	-12.654	-5.156	107.266	36
N	-13.851	-5.625	107.586	37
CA	-15.059	-4.921	107.211	37
C	-15.042	-3.537	107.842	37
N	-15.318	-2.53	107.026	38
CA	-15.408	-1.159	107.501	38
C	-16.82	-0.667	107.236	38
N	-17.663	-0.64	108.281	39
CA	-19.075	-0.285	108.109	39
C	-19.266	1.158	107.672	39
N	-18.237	1.985	107.824	40
CA	-18.344	3.386	107.425	40
C	-18.057	3.592	105.935	40
N	-17.56	2.559	105.256	41
CA	-17.344	2.646	103.808	41
C	-18.66	2.813	103.069	41
N	-18.75	3.869	102.265	42
CA	-19.959	4.146	101.493	42
C	-20.023	3.235	100.274	42
N	-21.229	3.034	99.717	43
CA	-21.278	2.292	98.455	43
C	-20.536	3.031	97.36	43
N	-19.942	2.284	96.439	44
CA	-19.363	2.883	95.253	44
C	-20.44	3.562	94.43	44
N	-20.08	4.682	93.823	45
CA	-20.92	5.331	92.835	45
C	-20.18	5.322	91.502	45
N	-20.634	4.471	90.594	46
CA	-20.066	4.382	89.26	46
C	-21.032	5.049	88.286	46
N	-20.649	6.207	87.759	47
CA	-21.534	6.945	86.864	47
C	-20.931	7.006	85.479	47
N	-21.275	6.025	84.652	48
CA	-20.671	5.869	83.338	48
C	-21.642	6.116	82.181	48
N	-22.849	6.59	82.486	49
CA	-23.891	6.777	81.478	49
C	-23.465	7.706	80.344	49
N	-22.676	8.725	80.676	50
CA	-22.248	9.705	79.677	50
C	-20.825	9.464	79.174	50
N	-20.295	8.273	79.424	51
CA	-18.924	7.967	79.023	51
C	-18.739	8.154	77.524	51
N	-17.634	8.795	77.169	52
CA	-17.263	9.034	75.784	52
C	-15.914	8.391	75.478	52
N	-15.929	7.171	74.945	53
CA	-14.684	6.521	74.541	53
C	-14.191	7.17	73.25	53
N	-12.878	7.181	73.043	54
CA	-12.323	7.816	71.852	54
C	-11.482	6.897	70.977	54
N	-10.616	6.118	71.605	55
CA	-9.536	5.477	70.885	55
C	-9.062	4.279	71.668	55
N	-8.474	3.323	70.961	56
CA	-7.788	2.217	71.601	56
C	-6.346	2.199	71.084	56
N	-5.398	2.022	72.003	57
CA	-3.971	2.159	71.713	57
C	-3.168	0.974	72.248	57
N	-2.32	0.375	71.416	58
CA	-1.315	-0.57	71.905	58
C	-0.084	0.246	72.299	58
N	0.238	0.303	73.589	59
CA	1.357	1.141	74.018	59
C	2.634	0.326	74.266	59
N	2.628	-0.941	73.86	60
CA	3.782	-1.802	74.045	60
C	3.828	-2.524	75.378	60
N	2.894	-2.2	76.277	61
CA	2.807	-2.841	77.599	61
C	1.447	-3.497	77.812	61
N	0.414	-2.878	77.249	62
CA	-0.96	-3.359	77.285	62
C	-1.689	-2.594	76.183	62
N	-3.012	-2.688	76.134	63
CA	-3.768	-1.766	75.282	63
C	-4.702	-0.929	76.146	63
N	-4.809	0.355	75.814	64
CA	-5.657	1.274	76.562	64
C	-6.846	1.704	75.732	64
N	-8.039	1.609	76.307	65
CA	-9.2	2.275	75.734	65
C	-9.303	3.619	76.439	65
N	-9.196	4.696	75.664	66
CA	-9.101	6.05	76.19	66
C	-10.444	6.759	76.116	66
N	-10.691	7.635	77.088	67
CA	-11.939	8.375	77.185	67
C	-11.728	9.88	77.172	67
N	-12.776	10.616	76.813	68
CA	-12.775	12.06	76.979	68
C	-12.907	12.387	78.465	68
N	-11.841	12.93	79.044	69
CA	-11.838	13.289	80.462	69
C	-11.743	14.798	80.647	69
N	-12.216	15.551	79.659	70
CA	-12.167	17.011	79.726	70
C	-13.447	17.595	80.33	70
N	-14.367	16.712	80.705	71
CA	-15.588	17.055	81.429	71
C	-15.946	15.896	82.335	71
N	-16.822	16.134	83.307	72
CA	-17.352	15.051	84.132	72
C	-18.37	14.267	83.31	72
N	-17.905	13.202	82.672	73
CA	-18.735	12.369	81.8	73
C	-18.875	10.945	82.308	73
N	-17.771	10.413	82.8	74
CA	-17.735	9.088	83.386	74
C	-16.939	9.237	84.657	74
N	-17.608	9.128	85.797	75
CA	-16.93	9.409	87.047	75
C	-17.154	8.337	88.092	75
N	-16.18	8.247	88.977	76
CA	-16.236	7.357	90.113	76
C	-16.254	8.203	91.377	76
N	-17.197	7.901	92.262	77
CA	-17.346	8.609	93.526	77
C	-17.696	7.626	94.632	77
N	-17.735	8.117	95.866	78
CA	-18.161	7.294	96.978	78
C	-17.123	6.271	97.375	78
N	-17.571	5.183	97.989	79
CA	-16.642	4.201	98.507	79
C	-15.723	4.86	99.513	79
N	-14.415	4.624	99.371	80
CA	-13.438	5.264	100.252	80
C	-13.084	6.678	99.811	80
N	-13.633	7.117	98.684	81
CA	-13.151	8.325	98.035	81
C	-13.817	9.576	98.56	81
N	-13.036	10.645	98.609	82
CA	-13.56	11.986	98.799	82
C	-13.409	12.698	97.46	82
N	-14.504	13.235	96.942	83
CA	-14.447	13.961	95.692	83
C	-14.749	13.116	94.469	83
N	-14.417	13.669	93.311	84
CA	-14.86	13.152	92.034	84
C	-13.662	12.716	91.225	84
N	-13.723	11.494	90.71	85
CA	-12.632	10.951	89.92	85
C	-13.101	10.629	88.509	85
N	-12.418	11.195	87.518	86
CA	-12.801	11.034	86.114	86
C	-12.12	9.864	85.442	86
N	-12.897	9.056	84.721	87
CA	-12.345	7.952	83.945	87
C	-11.513	8.478	82.781	87
N	-10.253	8.066	82.718	88
CA	-9.388	8.469	81.613	88
C	-9.097	7.304	80.658	88
N	-8.939	6.095	81.188	89
CA	-8.664	4.94	80.336	89
C	-8.929	3.659	81.098	89
N	-9.152	2.564	80.372	90
CA	-9.027	1.255	80.993	90
C	-8.11	0.369	80.166	90
N	-7.586	-0.65	80.829	91
CA	-6.689	-1.607	80.207	91
C	-6.747	-2.885	81.025	91
N	-6.042	-3.907	80.556	92
CA	-5.998	-5.2	81.217	92
C	-4.552	-5.632	81.423	92
N	-4.365	-6.572	82.346	93
CA	-3.153	-7.377	82.473	93
C	-3.59	-8.827	82.35	93
N	-2.795	-9.66	81.684	94
CA	-3.209	-11.046	81.474	94
C	-2.022	-11.973	81.328	94
N	-2.316	-13.266	81.34	95
CA	-1.278	-14.271	81.365	95
C	-1.104	-14.988	80.042	95
N	-0.096	-15.85	80.005	96
CA	0.098	-16.775	78.897	96
C	-0.735	-18.048	79.078	96
N	-1.24	-18.253	80.297	97
CA	-2.008	-19.431	80.705	97
C	-3.199	-18.96	81.516	97
N	-4.287	-19.727	81.529	98
CA	-5.489	-19.294	82.253	98
C	-5.266	-19.161	83.77	98
N	-4.267	-19.855	84.315	99
CA	-4.023	-19.814	85.752	99
C	-3.113	-18.7	86.251	99
N	-2.818	-17.725	85.397	100
CA	-2.059	-16.558	85.821	100
C	-2.445	-15.381	84.947	100
N	-2.152	-14.177	85.429	101
CA	-2.419	-12.987	84.648	101
C	-2.858	-11.812	85.5	101
N	-3.544	-12.067	86.614	102
CA	-3.955	-10.942	87.449	102
C	-2.767	-10.388	88.226	102
N	-2.898	-9.142	88.642	103
CA	-1.864	-8.47	89.418	103
C	-2.183	-8.662	90.897	103
N	-3.354	-8.209	91.324	104
CA	-3.831	-8.591	92.647	104
C	-4.128	-10.077	92.678	104
N	-3.972	-10.662	93.858	105
CA	-4.364	-12.044	94.076	105
C	-5.299	-12.069	95.275	105
N	-6.057	-13.151	95.394	106
CA	-7.026	-13.283	96.468	106
C	-6.717	-14.582	97.196	106
N	-6.247	-14.488	98.441	107
CA	-5.766	-15.668	99.171	107
C	-4.777	-16.452	98.305	107
N	-3.906	-15.693	97.639	108
CA	-2.829	-16.176	96.767	108
C	-3.333	-16.741	95.434	108
N	-4.646	-16.749	95.221	109
CA	-5.186	-17.18	93.93	109
C	-4.986	-16.126	92.846	109
N	-4.49	-16.573	91.699	110
CA	-4.339	-15.74	90.518	110
C	-5.497	-15.955	89.557	110
N	-6.035	-14.859	89.039	111
CA	-7.025	-14.935	87.973	111
C	-6.345	-14.862	86.601	111
N	-7.112	-15.144	85.551	112
CA	-6.597	-15.161	84.183	112
C	-6.211	-13.766	83.693	112
N	-6.868	-12.751	84.234	113
CA	-6.599	-11.381	83.83	113
C	-7.184	-10.435	84.86	113
N	-6.857	-9.159	84.712	114
CA	-7.374	-8.126	85.596	114
C	-7.589	-6.854	84.787	114
N	-8.781	-6.295	84.929	115
CA	-9.195	-5.054	84.295	115
C	-8.95	-3.899	85.248	115
N	-8.326	-2.839	84.733	116
CA	-8.073	-1.613	85.488	116
C	-8.767	-0.437	84.827	116
N	-9.77	0.121	85.507	117
CA	-10.433	1.346	85.082	117
C	-9.81	2.482	85.87	117
N	-9.073	3.326	85.158	118
CA	-8.225	4.341	85.773	118
C	-8.919	5.695	85.819	118
N	-8.999	6.279	87.017	119
CA	-9.658	7.569	87.221	119
C	-8.744	8.548	87.944	119
N	-8.88	9.843	87.67	120
CA	-8.066	10.829	88.384	120
C	-8.938	11.877	89.076	120
N	-8.428	12.347	90.209	121
CA	-9.12	13.256	91.101	121
C	-9.221	14.649	90.489	121
N	-10.438	15.11	90.22	122
CA	-10.588	16.348	89.462	122
C	-10.081	17.585	90.193	122
N	-9.856	17.498	91.502	123
CA	-9.34	18.671	92.198	123
C	-7.894	18.976	91.797	123
N	-7.24	18.053	91.087	124
CA	-5.873	18.3	90.62	124
C	-5.784	18.721	89.147	124
N	-6.922	18.87	88.477	125
CA	-6.944	19.563	87.194	125
C	-6.593	18.743	85.959	125
N	-5.543	17.934	86.044	126
CA	-5.213	17.015	84.961	126
C	-4.512	15.782	85.52	126
N	-4.415	14.753	84.684	127
CA	-3.87	13.469	85.078	127
C	-2.416	13.581	85.51	127
N	-1.635	14.364	84.769	128
CA	-0.232	14.543	85.091	128
C	0.013	15.142	86.465	128
N	-0.859	16.055	86.883	129
CA	-0.764	16.617	88.226	129
C	-1.238	15.588	89.259	129
N	-2.3	14.862	88.914	130
CA	-2.898	13.902	89.837	130
C	-1.932	12.803	90.255	130
N	-1.098	12.323	89.336	131
CA	-0.216	11.207	89.685	131
C	0.884	11.625	90.662	131
N	1.026	12.93	90.898	132
CA	1.997	13.435	91.871	132
C	1.403	13.585	93.273	132
N	0.173	13.111	93.458	133
CA	-0.539	13.291	94.727	133
C	-0.902	11.95	95.339	133
N	-0.866	11.848	96.68	134
CA	-1.17	10.559	97.315	134
C	-2.619	10.115	97.129	134
N	-3.523	11.049	96.831	135
CA	-4.916	10.713	96.541	135
C	-5.281	11.139	95.116	135
N	-4.334	11.01	94.192	136
CA	-4.548	11.502	92.845	136
C	-5.391	10.616	91.949	136
N	-5.265	9.305	92.128	137
CA	-5.934	8.34	91.266	137
C	-6.822	7.404	92.052	137
N	-7.852	6.887	91.389	138
CA	-8.617	5.761	91.91	138
C	-8.678	4.758	90.777	138
N	-8.183	3.55	91.023	139
CA	-8.26	2.518	89.997	139
C	-9.205	1.435	90.487	139
N	-10.211	1.167	89.664	140
CA	-11.178	0.12	89.905	140
C	-10.669	-1.15	89.23	140
N	-10.357	-2.162	90.033	141
CA	-9.818	-3.409	89.524	141
C	-10.862	-4.5	89.549	141
N	-10.927	-5.254	88.455	142
CA	-11.929	-6.293	88.275	142
C	-11.246	-7.546	87.745	142
N	-11.423	-8.66	88.442	143
CA	-10.805	-9.914	88.039	143
C	-11.545	-10.546	86.875	143
N	-10.795	-11.208	85.997	144
CA	-11.371	-11.999	84.915	144
C	-11.048	-13.472	85.116	144
N	-12.076	-14.315	85.084	145
CA	-11.868	-15.753	85.04	145
C	-12.379	-16.275	83.707	145
N	-11.834	-17.402	83.274	146
CA	-12.251	-17.999	82.011	146
C	-13.451	-18.924	82.212	146
N	-14.506	-18.677	81.444	147
CA	-15.711	-19.487	81.486	147
C	-16.594	-19.047	80.336	147
N	-17.759	-18.495	80.661	148
CA	-18.655	-17.932	79.653	148
C	-18.106	-16.631	79.083	148
N	-18.473	-16.325	77.843	149
CA	-18.074	-15.065	77.222	149
C	-18.69	-13.865	77.944	149
N	-17.974	-12.743	77.926	150
CA	-18.503	-11.472	78.4	150
C	-18.939	-10.676	77.174	150
N	-20.261	-10.55	76.951	151
CA	-20.702	-9.916	75.701	151
C	-20.192	-8.49	75.565	151
N	-20.124	-7.758	76.672	152
CA	-19.68	-6.378	76.64	152
C	-18.197	-6.208	76.341	152
N	-17.448	-7.306	76.364	153
CA	-16.032	-7.262	76.037	153
C	-15.777	-7.484	74.55	153
N	-16.756	-8.026	73.832	154
CA	-16.464	-8.495	72.479	154
C	-16.035	-7.372	71.522	154
N	-16.607	-6.176	71.643	155
CA	-16.193	-5.079	70.767	155
C	-14.709	-4.752	70.936	155
N	-14.21	-4.905	72.156	156
CA	-12.785	-4.723	72.415	156
C	-11.986	-5.815	71.702	156
N	-12.398	-7.06	71.899	157
CA	-11.727	-8.195	71.273	157
C	-11.684	-8.048	69.752	157
N	-12.788	-7.566	69.181	158
CA	-12.946	-7.436	67.727	158
C	-11.921	-6.503	67.084	158
N	-11.511	-5.469	67.811	159
CA	-10.66	-4.432	67.241	159
C	-9.165	-4.717	67.436	159
N	-8.826	-5.747	68.212	160
CA	-7.424	-5.981	68.561	160
C	-6.551	-6.276	67.342	160
N	-7.139	-6.875	66.308	161
CA	-6.429	-7.122	65.05	161
C	-5.866	-5.844	64.438	161
N	-6.508	-4.718	64.721	162
CA	-6.102	-3.465	64.103	162
C	-5.041	-2.732	64.917	162
N	-4.714	-3.247	66.105	163
CA	-3.683	-2.632	66.942	163
C	-2.7	-3.688	67.446	163
N	-2.28	-4.563	66.543	164
CA	-1.48	-5.71	66.939	164
C	-0.163	-5.314	67.599	164
N	0.451	-4.245	67.103	165
CA	1.81	-3.908	67.497	165
C	1.908	-2.551	68.182	165
N	3.006	-2.373	68.909	166
CA	3.265	-1.172	69.689	166
C	3.159	0.09	68.847	166
N	2.373	1.052	69.325	167
CA	2.234	2.329	68.647	167
C	1.023	2.415	67.739	167
N	0.354	1.293	67.509	168
CA	-0.856	1.314	66.694	168
C	-2.063	1.744	67.513	168
N	-2.92	2.56	66.906	169
CA	-4.171	2.961	67.53	169
C	-5.311	2.849	66.529	169
N	-6.535	2.837	67.041	170
CA	-7.724	2.805	66.2	170
C	-8.833	3.596	66.86	170
N	-9.716	4.176	66.055	171
CA	-10.914	4.802	66.598	171
C	-11.672	3.796	67.436	171
N	-12.203	4.243	68.566	172
CA	-12.974	3.34	69.399	172
C	-14.03	4.142	70.129	172
N	-14.925	4.737	69.356	173
CA	-15.971	5.569	69.926	173
C	-17.2	4.745	70.28	173
N	-18.036	5.315	71.143	174
CA	-19.325	4.736	71.504	174
C	-19.224	3.377	72.189	174
N	-18.142	3.155	72.933	175
CA	-18.042	1.953	73.751	175
C	-18.563	2.217	75.158	175
N	-19.375	1.298	75.665	176
CA	-19.989	1.441	76.98	176
C	-19.255	0.58	78.007	176
N	-18.446	1.201	78.875	177
CA	-17.672	0.397	79.832	177
C	-18.536	-0.271	80.901	177
N	-19.811	0.103	80.991	178
CA	-20.694	-0.552	81.961	178
C	-20.86	-2.037	81.648	178
N	-20.637	-2.411	80.386	179
CA	-20.719	-3.801	79.977	179
C	-19.57	-4.667	80.467	179
N	-18.613	-4.069	81.172	180
CA	-17.473	-4.813	81.702	180
C	-17.587	-5.089	83.2	180
N	-18.663	-4.611	83.828	181
CA	-18.807	-4.709	85.28	181
C	-19.523	-5.994	85.69	181
N	-19.183	-6.54	86.867	182
CA	-19.954	-7.652	87.433	182
C	-21.24	-7.121	88.057	182
N	-22.081	-7.998	88.588	183
CA	-23.326	-7.569	89.21	183
C	-23.106	-6.767	90.479	183
N	-22.253	-7.289	91.35	184
CA	-22.02	-6.687	92.652	184
C	-20.902	-5.66	92.616	184
N	-21.058	-4.587	93.385	185
CA	-19.981	-3.621	93.566	185
C	-19.305	-3.749	94.938	185
N	-19.45	-4.904	95.59	186
CA	-18.7	-5.173	96.822	186
C	-17.204	-5.107	96.517	186
N	-16.421	-4.526	97.42	187
CA	-15.026	-4.282	97.101	187
C	-14.099	-4.344	98.313	187
N	-12.813	-4.509	98.01	188
CA	-11.722	-4.263	98.943	188
C	-11.039	-2.965	98.541	188
N	-10.45	-2.27	99.506	189
CA	-9.739	-1.045	99.178	189
C	-8.495	-0.867	100.046	189
N	-7.449	-0.292	99.457	190
CA	-6.208	-0.008	100.174	190
C	-5.428	1.047	99.387	190
N	-4.52	1.774	100.061	191
CA	-3.672	2.758	99.375	191
C	-2.493	2.086	98.688	191
N	-2.282	2.39	97.412	192
CA	-1.205	1.76	96.678	192
C	-0.597	2.644	95.616	192
N	-0.191	2.005	94.525	193
CA	0.613	2.644	93.495	193
C	0.183	2.229	92.1	193
N	0.7	2.93	91.098	194
CA	0.727	2.378	89.748	194
C	1.456	1.041	89.775	194
N	0.995	0.076	88.988	195
CA	1.652	-1.232	88.972	195
C	2.696	-1.359	87.854	195
N	2.899	-0.289	87.087	196
CA	3.987	-0.233	86.114	196
C	4.811	0.998	86.425	196
N	6.073	1.023	85.978	197
CA	6.809	2.288	86.035	197
C	5.954	3.424	85.477	197
N	6.003	4.608	86.101	198
CA	6.91	5.021	87.186	198
C	6.518	4.593	88.617	198
N	5.506	3.742	88.782	199
CA	5.199	3.116	90.081	199
C	4.852	4.14	91.169	199
N	4.307	5.276	90.74	200
CA	3.989	6.379	91.645	200
C	2.926	5.981	92.664	200
N	3.122	6.43	93.896	201
CA	2.282	6.027	95.01	201
C	1.097	6.984	95.16	201
N	0.214	6.931	94.162	202
CA	-0.843	7.916	93.993	202
C	-2.228	7.303	93.87	202
N	-2.341	5.997	94.093	203
CA	-3.581	5.287	93.784	203
C	-4.347	4.816	95.013	203
N	-5.634	5.144	95.068	204
CA	-6.565	4.434	95.937	204
C	-7.094	3.243	95.138	204
N	-6.722	2.034	95.551	205
CA	-7.172	0.83	94.86	205
C	-8.536	0.407	95.364	205
N	-9.435	0.11	94.43	206
CA	-10.751	-0.42	94.744	206
C	-10.9	-1.677	93.899	206
N	-10.839	-2.836	94.549	207
CA	-10.825	-4.119	93.848	207
C	-12.136	-4.845	94.117	207
N	-12.89	-5.117	93.056	208
CA	-14.186	-5.759	93.219	208
C	-14.051	-7.218	93.61	208
N	-14.928	-7.648	94.508	209
CA	-14.916	-9.034	94.965	209
C	-15.367	-10.013	93.885	209
N	-16.348	-9.611	93.082	210
CA	-16.933	-10.495	92.077	210
C	-16.17	-10.406	90.761	210
N	-15.592	-11.526	90.306	211
CA	-14.94	-11.497	88.992	211
C	-15.968	-11.468	87.87	211
N	-15.542	-11.074	86.676	212
CA	-16.355	-11.3	85.494	212
C	-15.811	-12.535	84.783	212
N	-16.675	-13.201	84.027	213
CA	-16.268	-14.34	83.221	213
C	-16.051	-13.895	81.787	213
N	-14.953	-14.357	81.193	214
CA	-14.708	-14.161	79.767	214
C	-14.442	-15.524	79.143	214
N	-14.612	-15.65	77.834	215
CA	-14.423	-16.964	77.225	215
C	-12.955	-17.215	76.909	215
N	-12.603	-18.484	76.736	216
CA	-11.25	-18.841	76.34	216
C	-10.883	-18.151	75.022	216
N	-11.841	-18.01	74.107	217
CA	-11.56	-17.339	72.836	217
C	-11.254	-15.854	73.025	217
N	-11.95	-15.213	73.956	218
CA	-11.709	-13.798	74.203	218
C	-10.296	-13.576	74.751	218
N	-9.881	-14.37	75.735	219
CA	-8.556	-14.146	76.31	219
C	-7.469	-14.611	75.325	219
N	-7.767	-15.62	74.505	220
CA	-6.821	-16.052	73.473	220
C	-6.475	-14.898	72.535	220
N	-7.456	-14.053	72.243	221
CA	-7.209	-12.944	71.342	221
C	-6.357	-11.857	72.0	221
N	-6.468	-11.68	73.317	222
CA	-5.53	-10.812	74.041	222
C	-4.095	-11.27	73.779	222
N	-3.9	-12.586	73.817	223
CA	-2.574	-13.182	73.757	223
C	-1.941	-13.139	72.369	223
N	-2.705	-12.719	71.36	224
CA	-2.169	-12.581	70.004	224
C	-1.575	-11.201	69.749	224
N	-1.776	-10.287	70.692	225
CA	-1.16	-8.971	70.609	225
C	0.361	-9.086	70.695	225
N	1.057	-8.018	70.316	226
CA	2.515	-7.972	70.336	226
C	3.04	-6.853	71.228	226
N	4.091	-7.144	71.988	227
CA	4.831	-6.106	72.697	227
C	5.592	-5.211	71.724	227
N	6.112	-5.833	70.67	228
CA	6.987	-5.183	69.7	228
C	6.25	-4.268	68.725	228
N	7.011	-3.393	68.072	229
CA	6.5	-2.612	66.964	229
C	6.466	-3.417	65.676	229
N	5.706	-2.923	64.704	230
CA	5.63	-3.536	63.386	230
C	7.02	-3.64	62.771	230
N	7.321	-4.791	62.186	231
CA	8.595	-4.991	61.517	231
C	9.711	-5.431	62.447	231
N	9.41	-5.486	63.741	232
CA	10.361	-5.962	64.737	232
C	10.084	-7.435	65.026	232
N	11.058	-8.149	65.622	233
CA	10.817	-9.551	65.977	233
C	9.598	-9.705	66.882	233
N	8.757	-10.68	66.568	234
CA	7.489	-10.816	67.265	234
C	7.654	-11.37	68.676	234
N	7.133	-10.614	69.635	235
CA	7.077	-11.006	71.038	235
C	5.632	-10.918	71.481	235
N	4.997	-12.046	71.769	236
CA	3.599	-12.019	72.174	236
C	3.399	-11.237	73.458	236
N	2.376	-10.392	73.45	237
CA	2.002	-9.632	74.63	237
C	1.239	-10.556	75.582	237
N	1.987	-11.212	76.472	238
CA	1.428	-12.085	77.501	238
C	2.235	-11.881	78.775	238
N	1.622	-12.179	79.918	239
CA	2.277	-12.082	81.224	239
C	2.776	-10.658	81.482	239
N	1.912	-9.694	81.186	240
CA	2.224	-8.291	81.431	240
C	1.677	-7.855	82.788	240
N	1.954	-8.671	83.805	241
CA	1.519	-8.401	85.168	241
C	2.705	-8.306	86.126	241
N	2.589	-7.42	87.106	242
CA	3.533	-7.344	88.212	242
C	3.047	-8.27	89.328	242
N	3.955	-9.048	89.945	243
CA	3.511	-9.898	91.059	243
C	3.184	-9.092	92.315	243
N	2.524	-9.755	93.254	244
CA	2.149	-9.14	94.521	244
C	3.37	-8.604	95.273	244
N	3.224	-7.404	95.824	245
CA	4.277	-6.719	96.566	245
C	3.991	-6.752	98.071	245
N	5.021	-6.521	98.909	246
CA	4.78	-6.57	100.36	246
C	3.74	-5.551	100.829	246
N	2.843	-5.996	101.698	247
CA	1.784	-5.132	102.195	247
C	2.332	-4.022	103.094	247
N	3.391	-4.341	103.829	248
CA	4.015	-3.398	104.75	248
C	2.969	-2.793	105.685	248
N	3.032	-1.494	105.939	249
CA	2.176	-0.911	106.959	249
C	0.837	-0.47	106.387	249
N	0.064	-1.443	105.911	250
CA	-1.24	-1.168	105.324	250
C	-2.275	-2.185	105.767	250
N	-3.519	-1.734	105.863	251
CA	-4.645	-2.614	106.121	251
C	-5.584	-2.563	104.926	251
N	-5.993	-3.723	104.445	252
CA	-7.011	-3.783	103.412	252
C	-8.384	-3.779	104.069	252
N	-9.26	-2.9	103.589	253
CA	-10.602	-2.782	104.137	253
C	-11.611	-3.381	103.177	253
N	-12.648	-3.998	103.728	254
CA	-13.715	-4.58	102.924	254
C	-15.011	-3.801	103.1	254
N	-15.764	-3.664	102.015	255
CA	-17.036	-2.949	102.039	255
C	-18.18	-3.847	102.484	255
N	-17.871	-5.123	102.686	256
CA	-18.874	-6.167	102.851	256
C	-18.442	-7.121	103.949	256
N	-19.418	-7.782	104.561	257
CA	-19.163	-8.712	105.656	257
C	-18.933	-10.118	105.122	257
