ATOM	X	Y	Z	RESIDUE
N	8.715	-25.848	7.126	1
CA	8.061	-25.528	8.416	1
C	7.011	-26.566	8.801	1
N	5.98	-26.842	7.989	2
CA	4.857	-27.758	8.301	2
C	5.164	-29.219	8.755	2
N	6.426	-29.67	8.773	3
CA	6.827	-30.939	9.408	3
C	7.27	-30.782	10.875	3
N	7.711	-29.594	11.308	4
CA	8.239	-29.372	12.662	4
C	7.124	-29.318	13.724	4
N	5.948	-28.81	13.351	5
CA	4.771	-28.742	14.228	5
C	4.192	-30.136	14.516	5
N	4.227	-31.052	13.537	6
CA	3.722	-32.426	13.715	6
C	4.535	-33.229	14.737	6
N	5.835	-32.957	14.877	7
CA	6.686	-33.551	15.923	7
C	6.469	-32.974	17.329	7
N	5.91	-31.766	17.464	8
CA	5.594	-31.187	18.775	8
C	4.319	-31.797	19.393	8
N	3.37	-32.215	18.549	9
CA	2.037	-32.681	18.961	9
C	2.069	-34.096	19.575	9
N	3.04	-34.942	19.211	10
CA	3.164	-36.316	19.73	10
C	3.799	-36.438	21.126	10
N	4.277	-35.34	21.728	11
CA	4.99	-35.367	23.015	11
C	4.126	-35.152	24.266	11
N	2.921	-34.587	24.134	12
CA	2.191	-33.994	25.268	12
C	1.038	-34.849	25.83	12
N	1.219	-36.173	25.892	13
CA	0.246	-37.116	26.479	13
C	0.236	-37.112	28.025	13
N	0.222	-35.934	28.654	14
CA	-0.055	-35.811	30.088	14
C	-1.57	-35.849	30.335	14
N	-2.008	-36.572	31.375	15
CA	-3.437	-36.731	31.703	15
C	-3.993	-35.464	32.359	15
N	-4.228	-34.426	31.559	16
CA	-4.967	-33.241	31.993	16
C	-6.399	-33.635	32.365	16
N	-6.661	-33.772	33.671	17
CA	-8.029	-33.785	34.191	17
C	-8.629	-32.417	33.872	17
N	-9.664	-32.375	33.026	18
CA	-10.529	-31.194	32.906	18
C	-11.236	-30.989	34.246	18
N	-10.636	-30.188	35.122	19
CA	-11.314	-29.673	36.302	19
C	-12.447	-28.767	35.809	19
N	-13.688	-29.24	35.917	20
CA	-14.855	-28.403	35.661	20
C	-14.989	-27.418	36.815	20
N	-14.784	-26.133	36.544	21
CA	-15.085	-25.081	37.508	21
C	-16.604	-24.896	37.579	21
N	-17.154	-24.813	38.79	22
CA	-18.557	-24.474	38.988	22
C	-18.74	-22.955	38.862	22
N	-19.763	-22.53	38.123	23
CA	-20.167	-21.13	38.022	23
C	-21.361	-20.9	38.954	23
N	-21.073	-20.463	40.178	24
CA	-22.061	-20.037	41.17	24
C	-21.863	-18.538	41.416	24
N	-22.892	-17.74	41.13	25
CA	-22.868	-16.28	41.262	25
C	-24.119	-15.855	42.011	25
N	-23.917	-15.229	43.17	26
CA	-24.976	-14.712	44.036	26
C	-24.711	-13.231	44.284	26
N	-25.601	-12.386	43.77	27
CA	-25.624	-10.926	43.926	27
C	-27.063	-10.432	43.784	27
N	-27.302	-9.181	44.141	28
CA	-28.588	-8.516	43.92	28
C	-28.803	-8.167	42.436	28
N	-30.046	-7.835	42.077	29
CA	-30.485	-7.54	40.703	29
C	-30.332	-6.044	40.435	29
N	-29.419	-5.673	39.535	30
CA	-29.091	-4.27	39.264	30
C	-29.761	-3.735	37.995	30
N	-30.393	-2.571	38.135	31
CA	-30.703	-1.667	37.028	31
C	-29.634	-0.556	36.937	31
N	-29.593	0.178	35.826	32
CA	-28.583	1.222	35.569	32
C	-28.615	2.332	36.636	32
N	-29.773	2.589	37.249	33
CA	-29.926	3.597	38.298	33
C	-29.315	3.163	39.639	33
N	-29.706	1.999	40.166	34
CA	-29.127	1.416	41.395	34
C	-27.62	1.203	41.256	34
N	-27.168	0.736	40.089	35
CA	-25.746	0.587	39.789	35
C	-25.002	1.934	39.756	35
N	-25.583	3.0	39.187	36
CA	-24.993	4.35	39.241	36
C	-24.97	4.943	40.661	36
N	-25.93	4.584	41.521	37
CA	-25.991	5.042	42.913	37
C	-24.889	4.399	43.772	37
N	-24.71	3.074	43.687	38
CA	-23.656	2.353	44.416	38
C	-22.266	2.589	43.803	38
N	-22.151	2.492	42.478	39
CA	-20.894	2.598	41.739	39
C	-20.856	3.893	40.926	39
N	-20.804	5.017	41.651	40
CA	-20.747	6.37	41.08	40
C	-19.725	6.45	39.946	40
N	-20.221	6.702	38.725	41
CA	-19.397	6.987	37.54	41
C	-18.33	8.013	37.937	41
N	-17.052	7.758	37.615	42
CA	-16.012	8.795	37.718	42
C	-16.518	9.998	36.935	42
N	-16.739	11.121	37.613	43
CA	-17.086	12.347	36.921	43
C	-15.987	12.626	35.89	43
N	-16.38	12.835	34.631	44
CA	-15.521	13.51	33.661	44
C	-14.95	14.751	34.336	44
N	-13.689	15.094	34.066	45
CA	-13.061	16.286	34.645	45
C	-13.636	17.566	34.025	45
N	-14.912	17.836	34.307	46
CA	-15.495	19.166	34.318	46
C	-14.686	19.977	35.322	46
N	-13.637	20.623	34.813	47
CA	-12.937	21.651	35.553	47
C	-13.972	22.719	35.839	47
N	-14.332	22.876	37.113	48
CA	-15.446	23.709	37.551	48
C	-15.076	25.203	37.461	48
N	-14.762	25.657	36.246	49
CA	-14.76	27.06	35.894	49
C	-16.215	27.498	35.883	49
N	-16.609	28.228	36.923	50
CA	-17.708	29.172	36.798	50
C	-17.352	30.118	35.645	50
N	-17.93	29.879	34.466	51
CA	-17.841	30.789	33.328	51
C	-18.722	31.991	33.671	51
N	-18.169	32.91	34.465	52
CA	-18.671	34.273	34.513	52
C	-18.583	34.817	33.086	52
N	-19.736	35.125	32.491	53
CA	-19.856	35.638	31.121	53
C	-19.451	37.123	31.118	53
N	-18.168	37.363	31.395	54
CA	-17.537	38.68	31.498	54
C	-16.144	38.64	30.865	54
N	-16.1	38.865	29.551	55
CA	-14.947	39.475	28.86	55
C	-13.604	38.724	28.958	55
N	-13.594	37.391	28.83	56
CA	-12.333	36.64	28.776	56
C	-11.659	36.7	27.396	56
N	-10.609	37.522	27.318	57
CA	-9.738	37.706	26.149	57
C	-9.034	36.387	25.798	57
N	-9.34	35.814	24.631	58
CA	-8.839	34.508	24.172	58
C	-7.311	34.492	23.936	58
N	-6.53	34.339	25.007	59
CA	-5.127	33.946	24.905	59
C	-5.053	32.452	24.581	59
N	-4.913	32.131	23.291	60
CA	-4.625	30.771	22.812	60
C	-3.231	30.368	23.303	60
N	-3.168	29.824	24.517	61
CA	-1.919	29.451	25.166	61
C	-1.456	28.095	24.622	61
N	-0.781	28.118	23.467	62
CA	-0.242	26.948	22.77	62
C	0.774	26.164	23.622	62
N	0.282	25.339	24.555	63
CA	1.054	24.339	25.307	63
C	1.397	23.136	24.42	63
N	2.097	23.407	23.323	64
CA	2.815	22.401	22.557	64
C	3.966	21.886	23.425	64
N	3.742	20.788	24.151	65
CA	4.844	20.086	24.805	65
C	5.847	19.63	23.743	65
N	7.142	19.65	24.071	66
CA	8.2	19.205	23.154	66
C	7.925	17.801	22.588	66
N	7.322	16.918	23.391	67
CA	6.871	15.593	22.967	67
C	5.758	15.624	21.898	67
N	4.76	16.519	22.007	68
CA	3.73	16.692	20.961	68
C	4.332	17.269	19.68	68
N	5.258	18.222	19.799	69
CA	5.993	18.758	18.651	69
C	6.833	17.672	17.962	69
N	7.623	16.899	18.713	70
CA	8.447	15.817	18.171	70
C	7.601	14.718	17.508	70
N	6.471	14.317	18.116	71
CA	5.515	13.385	17.489	71
C	4.988	13.951	16.163	71
N	4.583	15.223	16.133	72
CA	4.122	15.897	14.914	72
C	5.211	15.954	13.823	72
N	6.461	16.264	14.188	73
CA	7.612	16.249	13.268	73
C	7.837	14.855	12.679	73
N	7.776	13.79	13.485	74
CA	7.896	12.411	12.993	74
C	6.724	12.013	12.076	74
N	5.498	12.468	12.359	75
CA	4.333	12.231	11.484	75
C	4.44	12.968	10.143	75
N	4.925	14.216	10.138	76
CA	5.102	15.028	8.918	76
C	6.305	14.55	8.091	76
N	7.34	14.015	8.744	77
CA	8.577	13.542	8.123	77
C	8.862	12.062	8.459	77
N	8.109	11.098	7.879	78
CA	8.304	9.661	8.122	78
C	9.735	9.173	7.862	78
N	10.489	9.874	7.004	79
CA	11.873	9.522	6.694	79
C	12.799	9.493	7.916	79
N	12.505	10.285	8.952	80
CA	13.294	10.323	10.183	80
C	13.224	9.003	10.964	80
N	12.117	8.265	10.86	81
CA	11.931	6.981	11.536	81
C	12.772	5.886	10.867	81
N	12.562	5.642	9.567	82
CA	13.28	4.572	8.87	82
C	14.773	4.869	8.692	82
N	15.176	6.142	8.569	83
CA	16.589	6.527	8.462	83
C	17.357	6.243	9.761	83
N	16.758	6.504	10.93	84
CA	17.361	6.165	12.224	84
C	17.436	4.645	12.454	84
N	16.464	3.889	11.934	85
CA	16.384	2.427	12.065	85
C	17.072	1.662	10.915	85
N	17.828	2.344	10.046	86
CA	18.334	1.757	8.806	86
C	19.478	0.752	9.026	86
N	19.208	-0.536	8.784	87
CA	20.197	-1.62	8.913	87
C	21.162	-1.66	7.723	87
N	22.142	-0.749	7.715	88
CA	23.175	-0.605	6.67	88
C	23.781	-1.937	6.188	88
N	24.086	-2.873	7.096	89
CA	24.711	-4.163	6.747	89
C	23.784	-5.111	5.97	89
N	22.474	-5.0	6.171	90
CA	21.479	-5.95	5.66	90
C	20.686	-5.396	4.471	90
N	20.376	-4.096	4.48	91
CA	19.467	-3.478	3.508	91
C	20.184	-2.713	2.393	91
N	21.384	-2.166	2.639	92
CA	22.078	-1.299	1.672	92
C	22.356	-1.995	0.333	92
N	22.715	-3.283	0.36	93
CA	22.955	-4.056	-0.86	93
C	21.651	-4.321	-1.631	93
N	20.557	-4.622	-0.923	94
CA	19.231	-4.815	-1.515	94
C	18.698	-3.528	-2.141	94
N	18.718	-2.415	-1.404	95
CA	18.274	-1.113	-1.912	95
C	19.134	-0.611	-3.085	95
N	20.45	-0.859	-3.075	96
CA	21.339	-0.488	-4.181	96
C	21.05	-1.311	-5.449	96
N	20.892	-2.635	-5.327	97
CA	20.559	-3.519	-6.453	97
C	19.153	-3.238	-7.002	97
N	18.182	-3.027	-6.112	98
CA	16.827	-2.62	-6.453	98
C	16.815	-1.272	-7.176	98
N	17.486	-0.258	-6.624	99
CA	17.581	1.066	-7.228	99
C	18.226	1.041	-8.612	99
N	19.365	0.361	-8.785	100
CA	20.015	0.22	-10.102	100
C	19.063	-0.427	-11.122	100
N	18.363	-1.495	-10.731	101
CA	17.424	-2.217	-11.602	101
C	16.214	-1.353	-11.98	101
N	15.616	-0.669	-11.001	102
CA	14.502	0.273	-11.189	102
C	14.902	1.436	-12.098	102
N	16.06	2.06	-11.864	103
CA	16.545	3.202	-12.645	103
C	16.844	2.859	-14.106	103
N	17.349	1.649	-14.365	104
CA	17.569	1.139	-15.722	104
C	16.266	0.814	-16.456	104
N	15.248	0.293	-15.765	105
CA	13.905	0.082	-16.339	105
C	13.193	1.419	-16.581	105
N	13.389	2.399	-15.695	106
CA	12.761	3.72	-15.771	106
C	13.199	4.528	-17.004	106
N	14.441	4.364	-17.482	107
CA	14.953	5.083	-18.666	107
C	14.171	4.73	-19.948	107
N	14.097	3.463	-20.416	108
CA	13.249	3.111	-21.553	108
C	11.757	3.303	-21.263	108
N	11.304	3.148	-20.01	109
CA	9.904	3.4	-19.641	109
C	9.49	4.859	-19.865	109
N	10.355	5.83	-19.558	110
CA	10.104	7.238	-19.875	110
C	9.976	7.491	-21.382	110
N	10.885	6.923	-22.185	111
CA	10.885	7.061	-23.649	111
C	9.622	6.458	-24.281	111
N	9.383	5.177	-24.025	112
CA	8.229	4.437	-24.55	112
C	6.889	5.039	-24.127	112
N	6.787	5.591	-22.917	113
CA	5.587	6.291	-22.471	113
C	5.33	7.579	-23.269	113
N	6.349	8.414	-23.493	114
CA	6.23	9.588	-24.374	114
C	5.752	9.21	-25.786	114
N	6.166	8.043	-26.299	115
CA	5.707	7.504	-27.584	115
C	4.228	7.058	-27.549	115
N	3.808	6.241	-26.57	116
CA	2.408	5.781	-26.441	116
C	1.424	6.936	-26.206	116
N	1.794	7.89	-25.35	117
CA	0.973	9.06	-25.046	117
C	1.01	10.129	-26.159	117
N	1.824	9.914	-27.21	118
CA	2.133	10.86	-28.303	118
C	2.514	12.257	-27.79	118
N	3.194	12.271	-26.647	119
CA	3.626	13.448	-25.908	119
C	5.136	13.58	-26.06	119
N	5.573	14.484	-26.94	120
CA	6.988	14.812	-27.148	120
C	7.529	15.654	-25.97	120
N	7.452	15.128	-24.747	121
CA	8.11	15.707	-23.573	121
C	9.587	15.276	-23.62	121
N	10.561	16.206	-23.534	122
CA	11.98	15.862	-23.504	122
C	12.31	14.84	-22.398	122
N	12.996	13.719	-22.701	123
CA	13.224	12.653	-21.719	123
C	13.999	13.114	-20.48	123
N	14.932	14.055	-20.653	124
CA	15.705	14.628	-19.554	124
C	14.845	15.508	-18.627	124
N	13.782	16.148	-19.13	125
CA	12.818	16.868	-18.288	125
C	12.016	15.904	-17.407	125
N	11.582	14.763	-17.958	126
CA	10.967	13.679	-17.173	126
C	11.966	13.159	-16.127	126
N	13.243	12.998	-16.488	127
CA	14.271	12.5	-15.576	127
C	14.598	13.473	-14.426	127
N	14.723	14.777	-14.695	128
CA	14.873	15.789	-13.641	128
C	13.635	15.852	-12.743	128
N	12.437	15.877	-13.336	129
CA	11.188	15.878	-12.588	129
C	11.075	14.646	-11.681	129
N	11.342	13.442	-12.197	130
CA	11.257	12.206	-11.423	130
C	12.365	12.087	-10.365	130
N	13.556	12.659	-10.578	131
CA	14.548	12.805	-9.507	131
C	14.037	13.709	-8.376	131
N	13.508	14.894	-8.699	132
CA	12.924	15.797	-7.704	132
C	11.725	15.167	-6.974	132
N	10.82	14.494	-7.689	133
CA	9.678	13.791	-7.095	133
C	10.108	12.616	-6.215	133
N	11.12	11.833	-6.604	134
CA	11.668	10.794	-5.724	134
C	12.272	11.387	-4.452	134
N	13.001	12.509	-4.514	135
CA	13.5	13.196	-3.303	135
C	12.347	13.664	-2.401	135
N	11.268	14.206	-2.972	136
CA	10.079	14.631	-2.213	136
C	9.386	13.429	-1.557	136
N	9.169	12.336	-2.292	137
CA	8.522	11.142	-1.746	137
C	9.42	10.386	-0.746	137
N	10.75	10.459	-0.869	138
CA	11.7	9.961	0.149	138
C	11.541	10.698	1.484	138
N	11.222	11.999	1.459	139
CA	11.053	12.846	2.654	139
C	9.653	12.689	3.266	139
N	8.61	12.707	2.43	140
CA	7.219	12.783	2.884	140
C	6.437	11.469	2.772	140
N	6.768	10.558	1.857	141
CA	5.997	9.332	1.618	141
C	6.075	8.324	2.77	141
N	5.006	7.546	2.965	142
CA	4.893	6.56	4.054	142
C	5.023	5.097	3.607	142
N	4.949	4.803	2.304	143
CA	5.199	3.457	1.781	143
C	6.693	3.244	1.469	143
N	7.331	2.231	2.065	144
CA	8.787	2.047	2.003	144
C	9.331	1.634	0.619	144
N	8.628	0.786	-0.144	145
CA	9.085	0.285	-1.458	145
C	8.479	1.02	-2.672	145
N	7.651	2.047	-2.457	146
CA	6.928	2.741	-3.529	146
C	7.865	3.48	-4.497	146
N	7.785	3.164	-5.793	147
CA	8.565	3.824	-6.846	147
C	7.702	4.826	-7.626	147
N	7.924	6.127	-7.413	148
CA	7.144	7.209	-8.043	148
C	7.578	7.462	-9.494	148
N	6.647	7.888	-10.346	149
CA	6.942	8.544	-11.623	149
C	5.785	8.461	-12.615	149
N	6.09	8.659	-13.894	150
CA	5.1	8.693	-14.972	150
C	4.44	7.329	-15.22	150
N	3.171	7.362	-15.64	151
CA	2.317	6.182	-15.759	151
C	1.353	6.293	-16.947	151
N	1.236	5.227	-17.752	152
CA	0.565	5.291	-19.059	152
C	-0.852	5.847	-19.014	152
N	-1.707	5.342	-18.13	153
CA	-3.128	5.703	-18.137	153
C	-3.363	7.158	-17.715	153
N	-2.51	7.677	-16.832	154
CA	-2.493	9.087	-16.427	154
C	-2.011	9.976	-17.588	154
N	-0.969	9.569	-18.322	155
CA	-0.546	10.263	-19.551	155
C	-1.548	10.116	-20.711	155
N	-2.333	9.036	-20.759	156
CA	-3.344	8.781	-21.785	156
C	-4.619	9.606	-21.553	156
N	-5.077	9.736	-20.302	157
CA	-6.134	10.684	-19.924	157
C	-5.761	12.126	-20.322	157
N	-4.474	12.483	-20.233	158
CA	-3.953	13.784	-20.664	158
C	-4.079	14.03	-22.189	158
N	-4.252	12.991	-23.023	159
CA	-4.541	13.136	-24.468	159
C	-5.87	13.877	-24.691	159
N	-6.866	13.703	-23.812	160
CA	-8.116	14.467	-23.895	160
C	-7.901	15.971	-23.67	160
N	-6.907	16.353	-22.866	161
CA	-6.538	17.761	-22.654	161
C	-5.758	18.309	-23.854	161
N	-4.95	17.478	-24.52	162
CA	-4.242	17.869	-25.746	162
C	-5.187	18.177	-26.92	162
N	-6.41	17.624	-26.938	163
CA	-7.477	18.036	-27.876	163
C	-7.87	19.52	-27.729	163
N	-7.594	20.16	-26.584	164
CA	-7.865	21.594	-26.324	164
C	-6.805	22.512	-26.96	164
N	-5.636	21.986	-27.337	165
CA	-4.616	22.71	-28.112	165
C	-3.739	21.727	-28.898	165
N	-4.275	21.133	-29.982	166
CA	-3.508	20.246	-30.842	166
C	-2.367	21.037	-31.485	166
N	-1.131	20.631	-31.202	167
CA	0.062	21.203	-31.836	167
C	0.387	20.566	-33.193	167
N	-0.407	19.573	-33.59	168
CA	-0.244	18.789	-34.798	168
C	-1.609	18.179	-35.179	168
N	-1.987	18.235	-36.459	169
CA	-3.304	17.808	-36.96	169
C	-3.398	16.279	-37.178	169
N	-2.824	15.479	-36.275	170
CA	-2.825	14.013	-36.369	170
C	-1.712	13.393	-37.234	170
N	-0.738	14.16	-37.714	171
CA	0.463	13.621	-38.375	171
C	1.329	12.824	-37.378	171
N	1.451	13.307	-36.132	172
CA	2.022	12.545	-35.004	172
C	1.184	11.317	-34.615	172
N	-0.101	11.299	-34.976	173
CA	-0.963	10.123	-34.816	173
C	-0.648	9.076	-35.892	173
N	-0.377	9.508	-37.125	174
CA	-0.044	8.637	-38.261	174
C	1.456	8.328	-38.422	174
N	2.31	8.762	-37.488	175
CA	3.761	8.537	-37.543	175
C	4.493	9.299	-38.658	175
N	3.802	10.155	-39.417	176
CA	4.355	10.912	-40.55	176
C	5.088	12.191	-40.123	176
N	5.555	12.25	-38.876	177
CA	6.198	13.429	-38.313	177
C	7.629	13.573	-38.844	177
N	7.982	14.772	-39.313	178
CA	9.329	15.085	-39.806	178
C	9.923	16.21	-38.965	178
N	11.151	16.025	-38.455	179
CA	11.866	17.001	-37.599	179
C	11.887	18.43	-38.179	179
N	11.857	18.544	-39.507	180
CA	11.826	19.796	-40.267	180
C	10.555	20.64	-40.031	180
N	9.442	20.063	-39.563	181
CA	8.226	20.831	-39.237	181
C	8.467	21.825	-38.086	181
N	9.403	21.53	-37.17	182
CA	9.826	22.475	-36.126	182
C	10.578	23.708	-36.653	182
N	10.986	23.739	-37.927	183
CA	11.532	24.952	-38.551	183
C	10.462	26.024	-38.802	183
N	9.174	25.662	-38.796	184
CA	8.075	26.615	-38.897	184
C	7.686	27.157	-37.499	184
N	7.686	28.49	-37.281	185
CA	7.473	29.071	-35.951	185
C	6.064	28.819	-35.389	185
N	5.068	28.594	-36.253	186
CA	3.702	28.214	-35.874	186
C	3.646	26.863	-35.15	186
N	4.312	25.834	-35.685	187
CA	4.401	24.511	-35.056	187
C	5.169	24.571	-33.731	187
N	6.271	25.33	-33.676	188
CA	7.029	25.535	-32.438	188
C	6.203	26.254	-31.351	188
N	5.366	27.223	-31.733	189
CA	4.439	27.901	-30.822	189
C	3.342	26.948	-30.325	189
N	2.735	26.162	-31.221	190
CA	1.752	25.135	-30.867	190
C	2.316	24.099	-29.89	190
N	3.524	23.598	-30.148	191
CA	4.208	22.619	-29.299	191
C	4.533	23.172	-27.904	191
N	5.007	24.419	-27.811	192
CA	5.2	25.075	-26.515	192
C	3.877	25.285	-25.762	192
N	2.782	25.596	-26.469	193
CA	1.443	25.704	-25.874	193
C	0.945	24.353	-25.345	193
N	1.133	23.275	-26.106	194
CA	0.858	21.888	-25.692	194
C	1.616	21.511	-24.408	194
N	2.921	21.799	-24.34	195
CA	3.723	21.614	-23.121	195
C	3.235	22.474	-21.939	195
N	2.735	23.689	-22.192	196
CA	2.139	24.547	-21.155	196
C	0.824	23.973	-20.611	196
N	-0.019	23.405	-21.481	197
CA	-1.248	22.685	-21.098	197
C	-0.914	21.468	-20.222	197
N	0.089	20.668	-20.606	198
CA	0.602	19.53	-19.815	198
C	1.094	19.979	-18.434	198
N	1.933	21.019	-18.378	199
CA	2.457	21.568	-17.128	199
C	1.332	22.08	-16.212	199
N	0.381	22.839	-16.758	200
CA	-0.716	23.445	-15.984	200
C	-1.708	22.404	-15.474	200
N	-1.993	21.366	-16.265	201
CA	-2.803	20.227	-15.805	201
C	-2.092	19.478	-14.68	201
N	-0.775	19.286	-14.797	202
CA	0.043	18.61	-13.779	202
C	0.117	19.407	-12.474	202
N	0.257	20.734	-12.559	203
CA	0.194	21.632	-11.404	203
C	-1.167	21.561	-10.705	203
N	-2.267	21.733	-11.449	204
CA	-3.616	21.708	-10.877	204
C	-3.945	20.341	-10.261	204
N	-3.519	19.248	-10.902	205
CA	-3.619	17.89	-10.345	205
C	-2.907	17.804	-8.992	205
N	-1.66	18.282	-8.9	206
CA	-0.9	18.292	-7.647	206
C	-1.52	19.162	-6.545	206
N	-2.129	20.3	-6.897	207
CA	-2.864	21.152	-5.947	207
C	-4.124	20.449	-5.423	207
N	-4.91	19.792	-6.284	208
CA	-6.092	19.025	-5.85	208
C	-5.664	17.881	-4.916	208
N	-4.575	17.173	-5.227	209
CA	-4.024	16.108	-4.376	209
C	-3.537	16.621	-3.015	209
N	-2.865	17.777	-2.988	210
CA	-2.458	18.438	-1.748	210
C	-3.682	18.8	-0.891	210
N	-4.731	19.364	-1.501	211
CA	-5.996	19.685	-0.822	211
C	-6.657	18.409	-0.281	211
N	-6.728	17.327	-1.067	212
CA	-7.259	16.035	-0.605	212
C	-6.493	15.49	0.61	212
N	-5.16	15.589	0.611	213
CA	-4.321	15.141	1.724	213
C	-4.461	16.005	2.98	213
N	-4.506	17.334	2.825	214
CA	-4.673	18.298	3.932	214
C	-6.076	18.234	4.548	214
N	-7.119	18.006	3.743	215
CA	-8.49	17.751	4.213	215
C	-8.701	16.313	4.731	215
N	-7.656	15.481	4.762	216
CA	-7.714	14.13	5.319	216
C	-8.508	13.103	4.499	216
N	-8.837	13.394	3.232	217
CA	-9.732	12.588	2.382	217
C	-9.184	11.197	2.012	217
N	-7.938	10.88	2.369	218
CA	-7.423	9.511	2.361	218
C	-8.173	8.575	3.32	218
N	-8.997	9.099	4.244	219
CA	-9.938	8.295	5.037	219
C	-10.883	7.457	4.156	219
N	-11.24	7.94	2.957	220
CA	-12.138	7.236	2.024	220
C	-11.552	5.866	1.647	220
N	-10.223	5.759	1.559	221
CA	-9.546	4.499	1.276	221
C	-9.557	3.501	2.449	221
N	-10.019	3.884	3.643	222
CA	-10.247	2.966	4.777	222
C	-11.601	2.261	4.674	222
N	-12.585	2.872	4.007	223
CA	-13.9	2.275	3.735	223
C	-13.935	1.367	2.49	223
N	-12.809	1.199	1.786	224
CA	-12.699	0.345	0.6	224
C	-12.124	-1.041	0.955	224
N	-12.89	-2.137	0.778	225
CA	-12.402	-3.497	1.006	225
C	-11.257	-3.904	0.066	225
N	-10.492	-4.932	0.448	226
CA	-9.419	-5.463	-0.408	226
C	-9.953	-6.062	-1.723	226
N	-11.2	-6.544	-1.745	227
CA	-11.894	-6.958	-2.971	227
C	-11.975	-5.811	-3.992	227
N	-12.399	-4.614	-3.58	228
CA	-12.428	-3.425	-4.437	228
C	-11.02	-2.977	-4.88	228
N	-10.053	-2.928	-3.953	229
CA	-8.675	-2.517	-4.272	229
C	-7.992	-3.482	-5.256	229
N	-8.172	-4.793	-5.072	230
CA	-7.605	-5.817	-5.958	230
C	-8.298	-5.864	-7.321	230
N	-9.624	-5.691	-7.383	231
CA	-10.371	-5.556	-8.635	231
C	-9.874	-4.375	-9.481	231
N	-9.696	-3.205	-8.859	232
CA	-9.184	-2.022	-9.546	232
C	-7.749	-2.231	-10.044	232
N	-6.849	-2.768	-9.21	233
CA	-5.468	-3.035	-9.626	233
C	-5.375	-4.123	-10.716	233
N	-6.289	-5.1	-10.748	234
CA	-6.406	-6.076	-11.835	234
C	-6.915	-5.441	-13.147	234
N	-7.887	-4.525	-13.083	235
CA	-8.337	-3.773	-14.255	235
C	-7.229	-2.844	-14.791	235
N	-6.536	-2.118	-13.906	236
CA	-5.352	-1.31	-14.248	236
C	-4.252	-2.181	-14.87	236
N	-4.023	-3.393	-14.355	237
CA	-3.08	-4.347	-14.933	237
C	-3.443	-4.726	-16.382	237
N	-4.716	-5.018	-16.683	238
CA	-5.168	-5.285	-18.058	238
C	-5.001	-4.074	-18.984	238
N	-5.33	-2.869	-18.514	239
CA	-5.097	-1.63	-19.265	239
C	-3.601	-1.402	-19.561	239
N	-2.702	-1.717	-18.616	240
CA	-1.254	-1.719	-18.883	240
C	-0.925	-2.756	-19.962	240
N	-1.416	-3.995	-19.865	241
CA	-1.152	-5.03	-20.876	241
C	-1.568	-4.593	-22.286	241
N	-2.762	-4.01	-22.428	242
CA	-3.276	-3.48	-23.693	242
C	-2.374	-2.375	-24.274	242
N	-1.807	-1.511	-23.425	243
CA	-0.832	-0.499	-23.859	243
C	0.486	-1.101	-24.368	243
N	0.927	-2.229	-23.796	244
CA	2.189	-2.872	-24.176	244
C	2.094	-3.676	-25.484	244
N	0.889	-4.022	-25.964	245
CA	0.71	-4.744	-27.235	245
C	1.332	-4.002	-28.436	245
N	1.317	-2.661	-28.437	246
CA	2.006	-1.807	-29.431	246
C	3.489	-2.178	-29.575	246
N	4.175	-2.471	-28.466	247
CA	5.597	-2.837	-28.452	247
C	5.857	-4.329	-28.637	247
N	4.911	-5.182	-28.248	248
CA	5.007	-6.63	-28.462	248
C	4.905	-6.93	-29.959	248
N	3.876	-6.391	-30.615	249
CA	3.644	-6.572	-32.046	249
C	4.44	-5.598	-32.928	249
N	5.026	-4.531	-32.376	250
CA	5.776	-3.532	-33.15	250
C	4.892	-2.721	-34.105	250
N	3.681	-2.357	-33.669	251
CA	2.677	-1.631	-34.463	251
C	2.142	-0.442	-33.664	251
N	2.239	0.769	-34.216	252
CA	1.717	1.974	-33.564	252
C	0.209	2.094	-33.8	252
N	-0.577	2.113	-32.721	253
CA	-2.041	2.233	-32.768	253
C	-2.5	3.518	-32.079	253
N	-3.624	4.056	-32.549	254
CA	-4.333	5.132	-31.869	254
C	-5.194	4.595	-30.744	254
N	-4.754	4.827	-29.509	255
CA	-5.575	4.612	-28.324	255
C	-6.774	5.56	-28.311	255
N	-7.944	5.018	-28.0	256
CA	-9.181	5.773	-27.847	256
C	-9.403	6.12	-26.37	256
N	-10.119	7.214	-26.11	257
CA	-10.398	7.68	-24.755	257
C	-11.887	8.008	-24.607	257
N	-12.533	7.355	-23.644	258
CA	-13.979	7.362	-23.418	258
C	-14.461	5.974	-22.968	258
N	-15.768	5.789	-22.72	259
CA	-16.324	4.469	-22.443	259
C	-16.092	3.515	-23.626	259
N	-15.969	2.221	-23.328	260
CA	-15.762	1.109	-24.272	260
C	-14.407	1.18	-25.024	260
N	-13.557	2.193	-24.791	261
CA	-12.305	2.374	-25.548	261
C	-11.343	1.184	-25.46	261
N	-11.313	0.483	-24.321	262
CA	-10.571	-0.769	-24.131	262
C	-10.894	-1.82	-25.212	262
N	-12.169	-1.954	-25.593	263
CA	-12.608	-2.904	-26.619	263
C	-12.354	-2.385	-28.036	263
N	-12.536	-1.084	-28.285	264
CA	-12.156	-0.472	-29.564	264
C	-10.66	-0.632	-29.845	264
N	-9.806	-0.427	-28.844	265
CA	-8.363	-0.587	-28.994	265
C	-7.968	-2.058	-29.198	265
N	-8.643	-3.021	-28.551	266
CA	-8.5	-4.457	-28.874	266
C	-8.887	-4.746	-30.333	266
N	-10.01	-4.212	-30.825	267
CA	-10.434	-4.381	-32.225	267
C	-9.389	-3.777	-33.175	267
N	-8.86	-2.591	-32.861	268
CA	-7.782	-1.96	-33.624	268
C	-6.513	-2.829	-33.65	268
N	-6.126	-3.453	-32.527	269
CA	-5.052	-4.453	-32.514	269
C	-5.378	-5.639	-33.425	269
N	-6.575	-6.228	-33.338	270
CA	-6.981	-7.351	-34.189	270
C	-6.929	-7.019	-35.692	270
N	-7.338	-5.811	-36.098	271
CA	-7.234	-5.336	-37.492	271
C	-5.781	-5.052	-37.903	271
N	-4.926	-4.633	-36.968	272
CA	-3.519	-4.332	-37.228	272
C	-2.572	-5.549	-37.118	272
N	-3.005	-6.678	-36.535	273
CA	-2.217	-7.917	-36.393	273
C	-1.509	-8.393	-37.682	273
N	-2.087	-8.3	-38.901	274
CA	-1.387	-8.682	-40.135	274
C	-0.139	-7.84	-40.456	274
N	0.058	-6.706	-39.769	275
CA	1.243	-5.837	-39.869	275
C	2.263	-6.09	-38.748	275
N	2.028	-7.074	-37.876	276
CA	2.867	-7.324	-36.71	276
C	4.277	-7.815	-37.082	276
N	5.268	-7.267	-36.388	277
CA	6.68	-7.547	-36.571	277
C	7.085	-8.829	-35.818	277
N	7.381	-9.893	-36.568	278
CA	7.781	-11.2	-36.027	278
C	9.061	-11.153	-35.183	278
N	10.02	-10.282	-35.516	279
CA	11.242	-10.065	-34.722	279
C	10.907	-9.48	-33.35	279
N	9.967	-8.529	-33.303	280
CA	9.489	-7.899	-32.064	280
C	8.855	-8.934	-31.128	280
N	7.986	-9.787	-31.681	281
CA	7.329	-10.883	-30.956	281
C	8.365	-11.899	-30.444	281
N	9.357	-12.273	-31.261	282
CA	10.404	-13.23	-30.882	282
C	11.292	-12.708	-29.739	282
N	11.686	-11.43	-29.781	283
CA	12.438	-10.775	-28.696	283
C	11.606	-10.741	-27.412	283
N	10.336	-10.334	-27.497	284
CA	9.406	-10.342	-26.365	284
C	9.254	-11.739	-25.736	284
N	9.009	-12.781	-26.541	285
CA	8.873	-14.158	-26.051	285
C	10.159	-14.645	-25.369	285
N	11.325	-14.32	-25.933	286
CA	12.633	-14.66	-25.346	286
C	12.818	-14.009	-23.971	286
N	12.441	-12.733	-23.837	287
CA	12.49	-11.977	-22.574	287
C	11.521	-12.548	-21.536	287
N	10.283	-12.873	-21.924	288
CA	9.302	-13.501	-21.023	288
C	9.79	-14.875	-20.553	288
N	10.346	-15.711	-21.437	289
CA	10.92	-17.014	-21.052	289
C	12.087	-16.838	-20.075	289
N	13.006	-15.9	-20.324	290
CA	14.116	-15.613	-19.412	290
C	13.636	-15.154	-18.018	290
N	12.629	-14.275	-17.952	291
CA	12.037	-13.808	-16.69	291
C	11.218	-14.898	-15.975	291
N	10.596	-15.835	-16.706	292
CA	9.947	-17.013	-16.103	292
C	10.969	-17.987	-15.512	292
N	12.078	-18.253	-16.209	293
CA	13.197	-19.068	-15.694	293
C	13.812	-18.416	-14.445	293
N	13.893	-17.082	-14.401	294
CA	14.414	-16.35	-13.244	294
C	13.659	-16.638	-11.934	294
N	12.348	-16.926	-11.986	295
CA	11.55	-17.277	-10.791	295
C	12.037	-18.571	-10.105	295
N	12.847	-19.388	-10.788	296
CA	13.538	-20.547	-10.215	296
C	14.909	-20.204	-9.588	296
N	15.51	-19.055	-9.92	297
CA	16.859	-18.636	-9.504	297
C	16.753	-17.643	-8.335	297
N	16.49	-18.17	-7.135	298
CA	16.447	-17.371	-5.898	298
C	17.814	-17.367	-5.223	298
N	18.414	-16.189	-5.063	299
CA	19.682	-16.021	-4.346	299
C	19.357	-15.613	-2.907	299
N	19.787	-16.41	-1.929	300
CA	19.644	-16.062	-0.51	300
C	20.924	-15.392	-0.023	300
N	20.87	-14.087	0.25	301
CA	21.985	-13.344	0.834	301
C	21.627	-12.904	2.255	301
N	22.469	-13.272	3.223	302
CA	22.298	-12.969	4.648	302
C	20.87	-13.227	5.195	302
N	20.307	-14.406	4.891	303
CA	18.93	-14.848	5.209	303
C	17.788	-14.16	4.435	303
N	18.057	-13.121	3.642	304
CA	17.053	-12.477	2.796	304
C	17.048	-13.093	1.384	304
N	15.902	-13.605	0.894	305
CA	15.781	-14.034	-0.49	305
C	15.677	-12.806	-1.399	305
N	16.624	-12.68	-2.321	306
CA	16.654	-11.674	-3.381	306
C	16.404	-12.41	-4.704	306
N	15.446	-11.944	-5.508	307
CA	15.318	-12.425	-6.887	307
C	16.476	-11.837	-7.707	307
N	17.174	-12.67	-8.484	308
CA	18.306	-12.201	-9.285	308
C	17.806	-11.166	-10.316	308
N	18.412	-9.967	-10.441	309
CA	17.848	-8.879	-11.245	309
C	18.059	-9.114	-12.749	309
N	17.304	-10.039	-13.342	310
CA	17.412	-10.375	-14.766	310
C	17.012	-9.214	-15.675	310
N	16.145	-8.31	-15.224	311
CA	15.796	-7.059	-15.902	311
C	17.044	-6.246	-16.304	311
N	18.026	-6.123	-15.4	312
CA	19.319	-5.463	-15.637	312
C	20.099	-6.15	-16.773	312
N	20.225	-7.478	-16.715	313
CA	20.978	-8.255	-17.704	313
C	20.279	-8.319	-19.065	313
N	18.945	-8.333	-19.089	314
CA	18.145	-8.326	-20.312	314
C	18.216	-6.963	-21.009	314
N	18.078	-5.85	-20.278	315
CA	18.227	-4.501	-20.851	315
C	19.635	-4.317	-21.427	315
N	20.691	-4.586	-20.65	316
CA	22.071	-4.406	-21.132	316
C	22.379	-5.38	-22.278	316
N	22.005	-6.654	-22.138	317
CA	22.254	-7.696	-23.13	317
C	21.61	-7.392	-24.48	317
N	20.3	-7.122	-24.511	318
CA	19.614	-6.791	-25.762	318
C	20.064	-5.449	-26.352	318
N	20.456	-4.458	-25.54	319
CA	21.047	-3.207	-26.062	319
C	22.392	-3.463	-26.756	319
N	23.28	-4.261	-26.147	320
CA	24.577	-4.628	-26.75	320
C	24.402	-5.476	-28.015	320
N	23.366	-6.317	-28.075	321
CA	23.027	-7.106	-29.265	321
C	22.48	-6.202	-30.379	321
N	21.497	-5.34	-30.099	322
CA	20.899	-4.433	-31.086	322
C	21.9	-3.402	-31.644	322
N	22.896	-2.993	-30.85	323
CA	23.993	-2.131	-31.305	323
C	25.082	-2.874	-32.122	323
N	24.992	-4.205	-32.265	324
CA	25.917	-5.035	-33.069	324
C	25.249	-5.742	-34.246	324
N	23.958	-6.03	-34.134	325
CA	23.143	-6.718	-35.131	325
C	21.974	-5.796	-35.446	325
N	21.827	-5.4	-36.712	326
CA	20.675	-4.612	-37.156	326
C	19.403	-5.457	-37.035	326
N	18.705	-5.301	-35.912	327
CA	17.415	-5.929	-35.661	327
C	16.316	-5.073	-36.282	327
N	15.513	-5.676	-37.158	328
CA	14.311	-5.057	-37.702	328
C	13.21	-5.039	-36.626	328
N	13.344	-4.153	-35.639	329
CA	12.454	-4.004	-34.475	329
C	12.235	-2.536	-34.148	329
N	11.036	-2.183	-33.685	330
CA	10.76	-0.841	-33.168	330
C	11.621	-0.546	-31.929	330
N	12.443	0.497	-32.026	331
CA	13.297	1.012	-30.947	331
C	12.804	2.386	-30.5	331
N	13.314	2.894	-29.379	332
CA	12.965	4.244	-28.918	332
C	13.675	5.357	-29.706	332
N	14.671	5.039	-30.544	333
CA	15.465	6.015	-31.298	333
C	14.611	6.99	-32.122	333
N	13.581	6.487	-32.812	334
CA	12.693	7.292	-33.667	334
C	12.116	8.491	-32.915	334
N	11.596	8.284	-31.7	335
CA	11.056	9.339	-30.834	335
C	12.075	10.455	-30.553	335
N	13.329	10.116	-30.243	336
CA	14.351	11.128	-29.933	336
C	14.751	11.912	-31.187	336
N	14.775	11.269	-32.355	337
CA	14.976	11.971	-33.622	337
C	13.804	12.925	-33.946	337
N	12.592	12.678	-33.43	338
CA	11.474	13.636	-33.497	338
C	11.609	14.815	-32.517	338
N	12.191	14.612	-31.33	339
CA	12.256	15.645	-30.283	339
C	13.327	16.714	-30.626	339
N	12.995	18.024	-30.566	340
CA	13.91	19.098	-30.971	340
C	14.808	19.626	-29.838	340
N	14.49	19.339	-28.569	341
CA	15.203	19.872	-27.4	341
C	15.622	18.767	-26.433	341
N	16.905	18.741	-26.064	342
CA	17.43	17.801	-25.062	342
C	17.024	18.163	-23.631	342
N	16.845	19.452	-23.326	343
CA	16.362	19.957	-22.037	343
C	15.592	21.265	-22.241	343
N	14.526	21.461	-21.469	344
CA	13.802	22.722	-21.34	344
C	13.949	23.23	-19.904	344
N	14.297	24.509	-19.751	345
CA	14.377	25.162	-18.442	345
C	13.021	25.118	-17.709	345
N	13.006	25.159	-16.363	346
CA	11.763	25.258	-15.609	346
C	10.972	26.527	-15.953	346
N	9.648	26.406	-16.06	347
CA	8.721	27.503	-16.387	347
C	7.499	27.428	-15.472	347
N	6.971	28.578	-15.058	348
CA	5.717	28.665	-14.297	348
C	4.518	28.195	-15.135	348
N	3.608	27.372	-14.585	349
CA	2.335	27.026	-15.221	349
C	1.504	28.24	-15.674	349
N	0.706	28.068	-16.73	350
CA	-0.12	29.124	-17.324	350
C	-1.533	29.11	-16.73	350
N	-1.727	29.93	-15.699	351
CA	-2.983	30.0	-14.955	351
C	-4.202	30.433	-15.792	351
N	-4.019	31.0	-16.995	352
CA	-5.139	31.356	-17.886	352
C	-5.912	30.135	-18.409	352
N	-5.297	28.948	-18.361	353
CA	-5.867	27.698	-18.864	353
C	-6.709	26.943	-17.82	353
N	-6.583	27.266	-16.522	354
CA	-7.192	26.509	-15.413	354
C	-8.693	26.193	-15.597	354
N	-9.576	27.139	-15.993	355
CA	-11.013	26.859	-16.076	355
C	-11.373	25.807	-17.132	355
N	-10.527	25.626	-18.157	356
CA	-10.77	24.687	-19.266	356
C	-10.326	23.257	-18.961	356
N	-9.48	23.077	-17.945	357
CA	-8.821	21.8	-17.623	357
C	-9.212	21.248	-16.244	357
N	-10.02	21.976	-15.464	358
CA	-10.323	21.647	-14.061	358
C	-10.953	20.259	-13.869	358
N	-11.948	19.89	-14.682	359
CA	-12.59	18.568	-14.626	359
C	-11.611	17.432	-14.976	359
N	-10.703	17.69	-15.917	360
CA	-9.702	16.726	-16.376	360
C	-8.602	16.541	-15.32	360
N	-8.138	17.63	-14.698	361
CA	-7.217	17.594	-13.56	361
C	-7.836	16.924	-12.317	361
N	-9.154	17.034	-12.12	362
CA	-9.869	16.336	-11.049	362
C	-9.921	14.815	-11.277	362
N	-10.292	14.353	-12.48	363
CA	-10.216	12.925	-12.855	363
C	-8.783	12.377	-12.722	363
N	-7.788	13.097	-13.26	364
CA	-6.364	12.76	-13.124	364
C	-5.919	12.681	-11.656	364
N	-6.374	13.611	-10.809	365
CA	-6.1	13.612	-9.369	365
C	-6.635	12.348	-8.709	365
N	-7.918	12.02	-8.908	366
CA	-8.544	10.829	-8.327	366
C	-7.835	9.543	-8.772	366
N	-7.651	9.342	-10.081	367
CA	-6.997	8.138	-10.625	367
C	-5.57	8.0	-10.098	367
N	-4.792	9.087	-10.088	368
CA	-3.419	9.088	-9.571	368
C	-3.354	8.836	-8.06	368
N	-4.296	9.382	-7.288	369
CA	-4.361	9.263	-5.827	369
C	-4.75	7.861	-5.376	369
N	-5.865	7.33	-5.879	370
CA	-6.341	6.01	-5.469	370
C	-5.434	4.889	-5.992	370
N	-4.821	5.039	-7.176	371
CA	-3.794	4.105	-7.652	371
C	-2.58	4.046	-6.709	371
N	-2.091	5.202	-6.244	372
CA	-1.006	5.275	-5.264	372
C	-1.405	4.601	-3.945	372
N	-2.581	4.933	-3.402	373
CA	-3.042	4.406	-2.111	373
C	-3.284	2.893	-2.177	373
N	-3.921	2.371	-3.23	374
CA	-4.168	0.929	-3.362	374
C	-2.862	0.148	-3.531	374
N	-1.928	0.641	-4.355	375
CA	-0.604	0.031	-4.497	375
C	0.179	0.101	-3.175	375
N	0.112	1.231	-2.464	376
CA	0.729	1.425	-1.152	376
C	0.192	0.45	-0.106	376
N	-1.135	0.394	0.078	377
CA	-1.794	-0.563	0.982	377
C	-1.498	-2.015	0.596	377
N	-1.452	-2.356	-0.7	378
CA	-1.156	-3.731	-1.126	378
C	0.288	-4.141	-0.813	378
N	1.272	-3.276	-1.058	379
CA	2.682	-3.519	-0.694	379
C	2.874	-3.589	0.829	379
N	2.167	-2.741	1.579	380
CA	2.18	-2.741	3.038	380
C	1.618	-4.051	3.624	380
N	0.509	-4.561	3.067	381
CA	-0.078	-5.855	3.458	381
C	0.856	-7.049	3.208	381
N	1.69	-6.998	2.159	382
CA	2.699	-8.031	1.88	382
C	3.865	-8.02	2.887	382
N	4.076	-6.902	3.586	383
CA	5.191	-6.693	4.514	383
C	4.778	-6.569	5.985	383
N	3.477	-6.584	6.285	384
CA	2.91	-6.42	7.627	384
C	3.3	-5.086	8.304	384
N	3.237	-3.976	7.56	385
CA	3.291	-2.614	8.117	385
C	2.088	-1.777	7.641	385
N	1.897	-0.579	8.201	386
CA	0.795	0.337	7.869	386
C	1.263	1.536	7.028	386
N	0.394	2.038	6.143	387
CA	0.662	3.182	5.245	387
C	-0.362	4.283	5.5	387
N	0.11	5.514	5.7	388
CA	-0.74	6.671	5.955	388
C	-1.199	7.283	4.623	388
N	-2.459	7.031	4.263	389
CA	-3.029	7.476	2.985	389
C	-3.104	9.005	2.844	389
N	-3.237	9.761	3.941	390
CA	-3.223	11.233	3.905	390
C	-1.817	11.778	3.648	390
N	-0.818	11.166	4.279	391
CA	0.582	11.526	4.094	391
C	1.056	11.222	2.659	391
N	0.647	10.084	2.089	392
CA	0.927	9.737	0.691	392
C	0.233	10.684	-0.314	392
N	-0.983	11.172	-0.015	393
CA	-1.664	12.22	-0.798	393
C	-0.887	13.547	-0.794	393
N	-0.401	13.986	0.374	394
CA	0.435	15.193	0.493	394
C	1.741	15.004	-0.292	394
N	2.405	13.855	-0.133	395
CA	3.655	13.546	-0.818	395
C	3.503	13.571	-2.35	395
N	2.452	12.955	-2.911	396
CA	2.24	12.944	-4.368	396
C	1.743	14.289	-4.909	396
N	0.946	15.033	-4.135	397
CA	0.567	16.405	-4.467	397
C	1.788	17.315	-4.602	397
N	2.706	17.269	-3.629	398
CA	3.991	17.978	-3.69	398
C	4.859	17.512	-4.871	398
N	4.924	16.203	-5.142	399
CA	5.632	15.667	-6.309	399
C	5.092	16.249	-7.62	399
N	3.767	16.302	-7.781	400
CA	3.121	16.78	-8.998	400
C	3.222	18.303	-9.15	400
N	3.055	19.071	-8.067	401
CA	3.337	20.518	-8.057	401
C	4.775	20.793	-8.504	401
N	5.78	20.101	-7.956	402
CA	7.185	20.342	-8.333	402
C	7.507	19.842	-9.747	402
N	6.982	18.685	-10.165	403
CA	7.195	18.149	-11.521	403
C	6.643	19.064	-12.628	403
N	5.57	19.813	-12.339	404
CA	4.914	20.707	-13.298	404
C	5.844	21.807	-13.824	404
N	6.703	22.379	-12.967	405
CA	7.649	23.429	-13.359	405
C	8.652	22.932	-14.404	405
N	9.026	21.65	-14.36	406
CA	9.889	21.01	-15.357	406
C	9.155	20.635	-16.659	406
N	7.893	21.054	-16.849	407
CA	7.017	20.657	-17.971	407
C	6.828	19.133	-18.084	407
N	6.812	18.437	-16.945	408
CA	6.519	17.001	-16.873	408
C	5.015	16.714	-16.957	408
N	4.676	15.456	-17.245	409
CA	3.353	14.892	-16.985	409
C	3.192	14.493	-15.504	409
N	1.939	14.268	-15.091	410
CA	1.545	13.771	-13.76	410
C	2.19	12.417	-13.449	410
N	2.678	12.286	-12.219	411
CA	3.253	11.08	-11.64	411
C	2.336	10.443	-10.587	411
N	2.517	9.138	-10.39	412
CA	1.82	8.288	-9.409	412
C	2.737	7.117	-9.0	412
N	2.234	6.169	-8.207	413
CA	2.929	4.925	-7.873	413
C	3.005	3.979	-9.075	413
N	4.208	3.72	-9.587	414
CA	4.389	2.953	-10.815	414
C	4.459	1.44	-10.536	414
N	3.303	0.754	-10.599	415
CA	3.104	-0.696	-10.347	415
C	4.345	-1.545	-10.678	415
N	4.762	-1.593	-11.95	416
CA	5.867	-2.45	-12.386	416
C	7.214	-2.121	-11.708	416
N	7.527	-0.839	-11.466	417
CA	8.781	-0.432	-10.809	417
C	8.762	-0.721	-9.312	417
N	7.645	-0.478	-8.626	418
CA	7.461	-0.858	-7.211	418
C	7.648	-2.371	-7.002	418
N	7.171	-3.206	-7.933	419
CA	7.336	-4.673	-7.88	419
C	8.791	-5.101	-8.128	419
N	9.472	-4.489	-9.102	420
CA	10.896	-4.752	-9.382	420
C	11.764	-4.323	-8.191	420
N	11.428	-3.197	-7.553	421
CA	12.089	-2.694	-6.35	421
C	11.997	-3.709	-5.203	421
N	10.791	-4.206	-4.922	422
CA	10.527	-5.188	-3.867	422
C	11.252	-6.531	-4.106	422
N	11.071	-7.133	-5.29	423
CA	11.694	-8.419	-5.673	423
C	13.222	-8.409	-5.627	423
N	13.823	-7.283	-6.01	424
CA	15.275	-7.066	-5.983	424
C	15.831	-6.881	-4.562	424
N	14.988	-6.982	-3.527	425
CA	15.376	-6.852	-2.126	425
C	15.332	-5.423	-1.59	425
N	14.673	-4.493	-2.288	426
CA	14.46	-3.129	-1.813	426
C	13.584	-3.116	-0.56	426
N	14.085	-2.502	0.511	427
CA	13.423	-2.4	1.818	427
C	13.037	-0.981	2.185	427
N	13.666	0.036	1.598	428
CA	13.396	1.436	1.927	428
C	13.453	2.368	0.715	428
N	12.974	3.6	0.915	429
CA	12.93	4.646	-0.112	429
C	14.313	5.06	-0.649	429
N	15.404	4.648	0.007	430
CA	16.751	4.756	-0.553	430
C	16.875	4.06	-1.924	430
N	16.175	2.941	-2.153	431
CA	16.131	2.283	-3.461	431
C	15.518	3.186	-4.551	431
N	14.405	3.869	-4.252	432
CA	13.764	4.836	-5.159	432
C	14.688	6.01	-5.496	432
N	15.428	6.506	-4.496	433
CA	16.388	7.6	-4.653	433
C	17.571	7.193	-5.542	433
N	18.14	6.005	-5.305	434
CA	19.191	5.418	-6.15	434
C	18.685	5.252	-7.582	434
N	17.484	4.701	-7.785	435
CA	16.929	4.486	-9.124	435
C	16.704	5.774	-9.906	435
N	16.138	6.799	-9.27	436
CA	15.954	8.087	-9.926	436
C	17.293	8.806	-10.198	436
N	18.282	8.666	-9.307	437
CA	19.644	9.167	-9.519	437
C	20.376	8.456	-10.664	437
N	20.227	7.131	-10.774	438
CA	20.743	6.317	-11.888	438
C	20.089	6.738	-13.202	438
N	18.759	6.851	-13.251	439
CA	18.031	7.336	-14.43	439
C	18.535	8.722	-14.874	439
N	18.676	9.684	-13.953	440
CA	19.174	11.025	-14.275	440
C	20.621	10.991	-14.802	440
N	21.514	10.242	-14.146	441
CA	22.907	10.075	-14.571	441
C	23.015	9.442	-15.969	441
N	22.192	8.43	-16.252	442
CA	22.147	7.759	-17.548	442
C	21.56	8.663	-18.635	442
N	20.531	9.462	-18.348	443
CA	19.987	10.417	-19.323	443
C	20.967	11.554	-19.647	443
N	21.79	11.988	-18.683	444
CA	22.831	13.009	-18.906	444
C	24.059	12.461	-19.65	444
N	24.521	11.233	-19.356	445
CA	25.786	10.693	-19.912	445
C	25.641	9.642	-21.011	445
N	24.583	8.84	-20.969	446
CA	24.468	7.563	-21.688	446
C	23.163	7.428	-22.481	446
N	22.392	8.508	-22.672	447
CA	21.07	8.446	-23.307	447
C	21.077	7.643	-24.609	447
N	22.002	7.969	-25.52	448
CA	22.137	7.312	-26.825	448
C	22.327	5.786	-26.768	448
N	22.861	5.234	-25.671	449
CA	22.988	3.784	-25.506	449
C	21.617	3.097	-25.469	449
N	20.654	3.634	-24.714	450
CA	19.335	3.01	-24.54	450
C	18.371	3.266	-25.704	450
N	18.718	4.15	-26.643	451
CA	17.842	4.491	-27.768	451
C	17.684	3.323	-28.752	451
N	18.701	2.462	-28.87	452
CA	18.706	1.271	-29.738	452
C	18.088	0.027	-29.088	452
N	17.65	0.096	-27.822	453
CA	16.958	-1.014	-27.163	453
C	15.626	-1.312	-27.89	453
N	15.345	-2.572	-28.281	454
CA	14.044	-2.944	-28.831	454
C	12.939	-2.767	-27.783	454
N	11.88	-2.027	-28.12	455
CA	10.808	-1.682	-27.174	455
C	10.093	-2.94	-26.615	455
N	10.098	-4.04	-27.379	456
CA	9.64	-5.373	-26.979	456
C	10.287	-5.916	-25.685	456
N	11.545	-5.552	-25.395	457
CA	12.253	-5.986	-24.175	457
C	11.612	-5.368	-22.938	457
N	11.343	-4.061	-22.982	458
CA	10.657	-3.373	-21.896	458
C	9.227	-3.901	-21.725	458
N	8.506	-4.133	-22.824	459
CA	7.158	-4.694	-22.778	459
C	7.124	-6.064	-22.076	459
N	8.114	-6.927	-22.34	460
CA	8.293	-8.202	-21.639	460
C	8.57	-8.042	-20.139	460
N	9.387	-7.057	-19.75	461
CA	9.7	-6.734	-18.345	461
C	8.474	-6.188	-17.598	461
N	7.757	-5.228	-18.192	462
CA	6.546	-4.631	-17.612	462
C	5.463	-5.703	-17.464	462
N	5.186	-6.476	-18.519	463
CA	4.183	-7.54	-18.487	463
C	4.498	-8.595	-17.416	463
N	5.735	-9.1	-17.381	464
CA	6.146	-10.153	-16.438	464
C	6.025	-9.729	-14.972	464
N	6.136	-8.427	-14.695	465
CA	5.965	-7.865	-13.359	465
C	4.517	-7.452	-13.046	465
N	3.672	-7.171	-14.042	466
CA	2.246	-6.83	-13.85	466
C	1.35	-8.068	-13.668	466
N	1.695	-9.212	-14.276	467
CA	0.909	-10.468	-14.222	467
C	0.402	-10.888	-12.82	467
N	1.16	-10.774	-11.706	468
CA	0.676	-11.173	-10.377	468
C	-0.613	-10.473	-9.917	468
N	-0.928	-9.286	-10.447	469
CA	-2.194	-8.601	-10.156	469
C	-3.403	-9.222	-10.865	469
N	-3.189	-10.082	-11.865	470
CA	-4.241	-10.86	-12.525	470
C	-4.426	-12.249	-11.906	470
N	-3.472	-12.721	-11.096	471
CA	-3.619	-13.971	-10.337	471
C	-4.801	-13.872	-9.34	471
N	-5.214	-12.654	-8.952	472
CA	-6.435	-12.4	-8.16	472
C	-7.721	-12.841	-8.863	472
N	-7.77	-12.823	-10.202	473
CA	-8.943	-13.248	-10.986	473
C	-9.204	-14.753	-10.777	473
N	-8.152	-15.538	-10.516	474
CA	-8.272	-16.964	-10.189	474
C	-8.877	-17.234	-8.802	474
N	-8.989	-16.217	-7.938	475
CA	-9.511	-16.34	-6.572	475
C	-11.002	-15.96	-6.458	475
N	-11.659	-15.575	-7.558	476
CA	-13.103	-15.294	-7.58	476
C	-13.963	-16.481	-7.096	476
N	-13.697	-17.751	-7.482	477
CA	-14.509	-18.883	-7.028	477
C	-14.408	-19.155	-5.521	477
N	-13.272	-18.842	-4.886	478
CA	-13.133	-18.912	-3.427	478
C	-13.753	-17.695	-2.74	478
N	-13.644	-16.494	-3.321	479
CA	-14.306	-15.291	-2.804	479
C	-15.838	-15.443	-2.803	479
N	-16.44	-15.932	-3.894	480
CA	-17.885	-16.207	-3.982	480
C	-18.384	-17.211	-2.928	480
N	-17.55	-18.198	-2.568	481
CA	-17.84	-19.187	-1.513	481
C	-17.678	-18.636	-0.09	481
N	-16.985	-17.511	0.087	482
CA	-16.746	-16.879	1.389	482
C	-17.72	-15.727	1.642	482
N	-17.817	-14.78	0.706	483
CA	-18.742	-13.655	0.786	483
C	-19.195	-13.198	-0.614	483
N	-20.487	-13.385	-0.887	484
CA	-21.11	-13.012	-2.158	484
C	-21.138	-11.491	-2.376	484
N	-21.184	-10.681	-1.31	485
CA	-21.197	-9.22	-1.422	485
C	-19.828	-8.688	-1.856	485
N	-18.745	-9.217	-1.285	486
CA	-17.381	-8.851	-1.68	486
C	-17.045	-9.349	-3.091	486
N	-17.567	-10.513	-3.493	487
CA	-17.43	-10.996	-4.865	487
C	-18.215	-10.128	-5.868	487
N	-19.434	-9.698	-5.522	488
CA	-20.218	-8.774	-6.342	488
C	-19.534	-7.401	-6.476	488
N	-18.983	-6.868	-5.378	489
CA	-18.178	-5.644	-5.374	489
C	-16.934	-5.792	-6.263	489
N	-16.189	-6.899	-6.137	490
CA	-15.034	-7.195	-6.994	490
C	-15.422	-7.172	-8.479	490
N	-16.462	-7.926	-8.852	491
CA	-16.921	-8.052	-10.24	491
C	-17.372	-6.712	-10.817	491
N	-18.158	-5.945	-10.063	492
CA	-18.655	-4.642	-10.493	492
C	-17.52	-3.612	-10.63	492
N	-16.584	-3.54	-9.676	493
CA	-15.413	-2.649	-9.757	493
C	-14.526	-3.011	-10.947	493
N	-14.206	-4.294	-11.131	494
CA	-13.416	-4.759	-12.271	494
C	-14.104	-4.448	-13.611	494
N	-15.394	-4.778	-13.751	495
CA	-16.154	-4.526	-14.979	495
C	-16.275	-3.035	-15.294	495
N	-16.674	-2.195	-14.337	496
CA	-16.81	-0.745	-14.558	496
C	-15.482	-0.083	-14.951	496
N	-14.37	-0.469	-14.316	497
CA	-13.016	-0.01	-14.661	497
C	-12.544	-0.412	-16.068	497
N	-13.113	-1.467	-16.662	498
CA	-12.824	-1.913	-18.036	498
C	-13.807	-1.308	-19.055	498
N	-15.111	-1.286	-18.756	499
CA	-16.15	-0.822	-19.684	499
C	-16.302	0.701	-19.752	499
N	-16.123	1.429	-18.647	500
CA	-16.418	2.87	-18.581	500
C	-15.159	3.74	-18.5	500
N	-14.061	3.181	-17.991	501
CA	-12.817	3.897	-17.714	501
C	-12.437	3.809	-16.238	501
N	-11.177	4.108	-15.925	502
CA	-10.646	3.952	-14.568	502
C	-11.2	4.988	-13.585	502
N	-11.432	6.223	-14.02	503
CA	-12.032	7.278	-13.201	503
C	-13.506	6.991	-12.879	503
N	-14.312	6.65	-13.887	504
CA	-15.725	6.292	-13.689	504
C	-15.853	4.982	-12.888	504
N	-15.033	3.969	-13.189	505
CA	-15.013	2.705	-12.446	505
C	-14.58	2.858	-10.985	505
N	-13.656	3.78	-10.694	506
CA	-13.275	4.138	-9.326	506
C	-14.439	4.783	-8.559	506
N	-15.166	5.72	-9.177	507
CA	-16.336	6.364	-8.553	507
C	-17.418	5.319	-8.245	507
N	-17.729	4.438	-9.202	508
CA	-18.681	3.329	-9.014	508
C	-18.213	2.386	-7.897	508
N	-16.921	2.045	-7.857	509
CA	-16.332	1.234	-6.787	509
C	-16.52	1.855	-5.401	509
N	-16.334	3.171	-5.258	510
CA	-16.498	3.881	-3.977	510
C	-17.969	3.929	-3.569	510
N	-18.849	4.409	-4.454	511
CA	-20.29	4.551	-4.178	511
C	-20.909	3.208	-3.79	511
N	-20.59	2.139	-4.521	512
CA	-21.153	0.819	-4.245	512
C	-20.497	0.098	-3.065	512
N	-19.224	0.357	-2.734	513
CA	-18.634	-0.136	-1.484	513
C	-19.35	0.462	-0.261	513
N	-19.63	1.772	-0.276	514
CA	-20.468	2.409	0.744	514
C	-21.881	1.811	0.76	514
N	-22.565	1.729	-0.388	515
CA	-23.924	1.177	-0.471	515
C	-24.026	-0.256	0.079	515
N	-23.123	-1.158	-0.323	516
CA	-23.089	-2.548	0.159	516
C	-22.83	-2.593	1.671	516
N	-21.894	-1.785	2.177	517
CA	-21.571	-1.711	3.614	517
C	-22.763	-1.205	4.433	517
N	-23.421	-0.135	3.983	518
CA	-24.637	0.421	4.592	518
C	-25.783	-0.595	4.584	518
N	-26.053	-1.248	3.448	519
CA	-27.098	-2.283	3.343	519
C	-26.801	-3.479	4.253	519
N	-25.539	-3.919	4.354	520
CA	-25.108	-4.991	5.269	520
C	-25.318	-4.603	6.736	520
N	-24.993	-3.36	7.099	521
CA	-25.149	-2.815	8.454	521
C	-26.618	-2.774	8.908	521
N	-27.527	-2.239	8.082	522
CA	-28.944	-2.117	8.459	522
C	-29.751	-3.428	8.361	522
N	-29.273	-4.453	7.633	523
CA	-29.99	-5.734	7.416	523
C	-29.797	-6.793	8.513	523
N	-29.235	-6.448	9.671	524
CA	-29.05	-7.426	10.74	524
C	-30.381	-8.005	11.258	524
N	-30.319	-9.236	11.77	525
CA	-31.495	-9.974	12.24	525
C	-31.83	-9.577	13.677	525
N	-33.101	-9.285	13.946	526
CA	-33.637	-9.267	15.314	526
C	-34.0	-10.709	15.686	526
N	-33.365	-11.27	16.715	527
CA	-33.586	-12.65	17.17	527
C	-34.569	-12.683	18.348	527
N	-35.442	-13.695	18.408	528
CA	-36.285	-13.955	19.582	528
C	-35.561	-14.98	20.466	528
N	-35.224	-14.588	21.694	529
CA	-34.481	-15.419	22.635	529
C	-35.413	-16.176	23.589	529
N	-34.979	-17.368	23.987	530
CA	-35.473	-18.083	25.16	530
C	-34.31	-18.51	26.058	530
N	-34.632	-19.109	27.2	531
CA	-33.678	-19.484	28.244	531
C	-33.305	-20.97	28.146	531
N	-32.028	-21.308	28.346	532
CA	-31.612	-22.7	28.584	532
C	-31.907	-23.05	30.06	532
N	-32.658	-24.132	30.36	533
CA	-33.138	-24.452	31.706	533
C	-32.056	-24.418	32.789	533
N	-32.381	-23.808	33.932	534
CA	-31.492	-23.654	35.093	534
C	-30.182	-22.88	34.822	534
N	-30.124	-22.057	33.767	535
CA	-28.971	-21.188	33.467	535
C	-29.386	-19.732	33.241	535
N	-28.413	-18.821	33.25	536
CA	-28.556	-17.438	32.781	536
C	-28.268	-17.282	31.268	536
N	-28.237	-18.382	30.502	537
CA	-27.895	-18.38	29.077	537
C	-29.168	-18.227	28.24	537
N	-29.208	-17.158	27.444	538
CA	-30.274	-16.876	26.485	538
C	-29.774	-17.078	25.048	538
N	-30.579	-17.745	24.216	539
CA	-30.257	-18.091	22.819	539
C	-31.5	-18.031	21.934	539
N	-31.289	-17.901	20.622	540
CA	-32.36	-17.935	19.619	540
C	-33.124	-19.257	19.705	540
N	-34.45	-19.174	19.836	541
CA	-35.343	-20.333	20.035	541
C	-35.265	-21.326	18.862	541
N	-34.921	-20.842	17.667	542
CA	-34.805	-21.664	16.462	542
C	-33.53	-22.528	16.433	542
N	-32.542	-22.227	17.281	543
CA	-31.178	-22.748	17.149	543
C	-30.946	-24.002	18.016	543
N	-31.659	-24.141	19.146	544
CA	-31.483	-25.249	20.099	544
C	-32.822	-25.757	20.652	544
N	-33.024	-27.082	20.623	545
CA	-34.273	-27.754	21.051	545
C	-34.563	-27.695	22.556	545
N	-33.569	-27.349	23.369	546
CA	-33.655	-27.332	24.838	546
C	-34.161	-25.989	25.395	546
N	-34.368	-24.988	24.534	547
CA	-34.735	-23.626	24.93	547
C	-36.208	-23.542	25.346	547
N	-36.464	-22.894	26.486	548
CA	-37.81	-22.611	26.996	548
C	-38.109	-21.107	26.897	548
N	-39.305	-20.765	26.416	549
CA	-39.856	-19.4	26.452	549
C	-40.485	-19.105	27.811	549
N	-40.15	-17.966	28.417	550
CA	-40.622	-17.596	29.759	550
C	-42.1	-17.141	29.699	550
N	-43.045	-17.77	30.433	551
CA	-44.475	-17.459	30.307	551
C	-44.843	-16.035	30.761	551
N	-45.106	-15.154	29.794	552
CA	-45.42	-13.735	30.004	552
C	-44.309	-12.761	29.594	552
N	-43.12	-13.261	29.228	553
CA	-41.947	-12.439	28.889	553
C	-41.407	-12.8	27.501	553
N	-41.301	-11.809	26.608	554
CA	-40.701	-11.952	25.267	554
C	-39.361	-11.215	25.219	554
N	-38.291	-11.894	24.802	555
CA	-36.923	-11.35	24.793	555
C	-36.441	-11.213	23.344	555
N	-36.044	-10.013	22.925	556
CA	-35.595	-9.709	21.564	556
C	-34.164	-9.179	21.563	556
N	-33.266	-9.82	20.818	557
CA	-31.896	-9.344	20.628	557
C	-31.786	-8.495	19.362	557
N	-31.309	-7.26	19.518	558
CA	-31.101	-6.311	18.429	558
C	-29.648	-6.378	17.935	558
N	-29.378	-7.182	16.903	559
CA	-28.022	-7.411	16.38	559
C	-27.46	-6.276	15.485	559
N	-27.94	-5.038	15.633	560
CA	-27.445	-3.845	14.923	560
C	-27.852	-2.556	15.625	560
N	-27.1	-1.487	15.363	561
CA	-27.494	-0.091	15.587	561
C	-28.949	0.197	15.182	561
N	-29.674	0.958	16.009	562
CA	-31.083	1.311	15.768	562
C	-31.154	2.668	15.069	562
N	-31.77	2.699	13.896	563
CA	-31.732	3.84	12.972	563
C	-33.086	4.058	12.314	563
N	-33.286	5.211	11.672	564
CA	-34.507	5.502	10.905	564
C	-34.865	4.404	9.879	564
N	-33.863	3.669	9.376	565
CA	-34.007	2.574	8.403	565
C	-34.656	1.321	9.007	565
N	-34.28	0.924	10.23	566
CA	-34.662	-0.373	10.816	566
C	-35.59	-0.279	12.044	566
N	-35.774	0.898	12.654	567
CA	-36.652	1.071	13.83	567
C	-38.123	0.723	13.542	567
N	-38.611	0.969	12.322	568
CA	-39.963	0.567	11.908	568
C	-40.106	-0.95	11.716	568
N	-39.033	-1.639	11.313	569
CA	-39.003	-3.102	11.252	569
C	-38.976	-3.717	12.66	569
N	-38.26	-3.098	13.611	570
CA	-38.361	-3.432	15.035	570
C	-39.806	-3.258	15.536	570
N	-40.438	-2.091	15.325	571
CA	-41.85	-1.84	15.688	571
C	-42.789	-2.915	15.134	571
N	-42.694	-3.217	13.837	572
CA	-43.534	-4.232	13.201	572
C	-43.28	-5.643	13.756	572
N	-42.019	-6.016	14.018	573
CA	-41.7	-7.33	14.585	573
C	-42.179	-7.471	16.032	573
N	-42.022	-6.444	16.87	574
CA	-42.535	-6.453	18.245	574
C	-44.059	-6.634	18.264	574
N	-44.796	-5.869	17.449	575
CA	-46.252	-6.01	17.314	575
C	-46.657	-7.423	16.863	575
N	-46.008	-7.953	15.815	576
CA	-46.292	-9.293	15.278	576
C	-46.042	-10.413	16.294	576
N	-44.994	-10.303	17.101	577
CA	-44.558	-11.35	18.039	577
C	-45.268	-11.271	19.403	577
N	-46.135	-10.272	19.591	578
CA	-47.0	-10.061	20.767	578
C	-48.492	-10.087	20.357	578
N	-48.788	-10.473	19.107	579
CA	-50.134	-10.545	18.512	579
C	-50.965	-9.252	18.652	579
N	-50.288	-8.107	18.522	580
CA	-50.9	-6.779	18.508	580
C	-50.951	-6.173	17.101	580
N	-51.927	-5.294	16.887	581
CA	-52.129	-4.513	15.663	581
C	-52.025	-3.027	16.001	581
N	-51.48	-2.229	15.075	582
CA	-51.521	-0.766	15.175	582
C	-52.872	-0.251	14.668	582
N	-53.509	0.622	15.433	583
CA	-54.785	1.264	15.102	583
C	-54.546	2.777	15.088	583
N	-54.882	3.508	14.01	584
CA	-54.773	4.965	14.015	584
C	-55.788	5.548	15.006	584
N	-55.391	6.546	15.8	585
CA	-56.351	7.245	16.661	585
C	-57.379	7.982	15.795	585
N	-58.632	8.006	16.247	586
CA	-59.668	8.859	15.655	586
C	-59.364	10.327	15.944	586
N	-59.838	11.226	15.082	587
CA	-59.725	12.676	15.308	587
C	-60.317	13.088	16.668	587
N	-61.421	12.46	17.087	588
CA	-62.048	12.625	18.409	588
C	-61.102	12.268	19.573	588
N	-60.348	11.17	19.451	589
CA	-59.393	10.726	20.473	589
C	-58.195	11.679	20.536	589
N	-57.668	12.087	19.375	590
CA	-56.606	13.096	19.258	590
C	-57.055	14.416	19.912	590
N	-58.275	14.88	19.628	591
CA	-58.843	16.1	20.211	591
C	-59.04	15.988	21.734	591
N	-59.39	14.8	22.239	592
CA	-59.502	14.547	23.683	592
C	-58.146	14.56	24.406	592
N	-57.07	14.103	23.752	593
CA	-55.7	14.167	24.279	593
C	-55.172	15.608	24.353	593
N	-55.577	16.479	23.422	594
CA	-55.341	17.919	23.545	594
C	-56.135	18.509	24.727	594
N	-57.472	18.446	24.697	595
CA	-58.323	19.15	25.67	595
C	-58.167	18.677	27.129	595
N	-57.835	17.403	27.368	596
CA	-57.634	16.875	28.732	596
C	-56.39	17.434	29.444	596
N	-55.491	18.101	28.709	597
CA	-54.323	18.782	29.28	597
C	-54.701	20.09	29.995	597
N	-55.644	20.872	29.457	598
CA	-56.055	22.164	30.038	598
C	-56.974	22.014	31.261	598
N	-57.829	20.984	31.282	599
CA	-58.887	20.843	32.301	599
C	-58.386	20.588	33.727	599
N	-57.096	20.291	33.915	600
CA	-56.498	20.083	35.238	600
C	-55.858	21.351	35.845	600
N	-55.804	22.478	35.118	601
CA	-55.129	23.707	35.572	601
C	-56.064	24.774	36.19	601
N	-57.315	24.428	36.531	602
CA	-58.3	25.374	37.103	602
C	-58.646	25.158	38.594	602
N	-57.982	24.225	39.29	603
CA	-58.179	23.991	40.735	603
C	-57.289	24.827	41.676	603
N	-56.295	25.544	41.139	604
CA	-55.257	26.238	41.911	604
C	-55.694	27.594	42.479	604
N	-55.43	27.831	43.772	605
CA	-55.771	29.08	44.482	605
C	-55.199	30.323	43.783	605
N	-56.05	31.325	43.551	606
CA	-55.667	32.634	42.996	606
C	-54.747	33.384	43.979	606
N	-53.433	33.291	43.777	607
CA	-52.457	34.186	44.397	607
C	-52.323	35.464	43.558	607
N	-52.817	36.598	44.073	608
CA	-52.622	37.92	43.448	608
C	-51.202	38.443	43.699	608
N	-50.234	37.898	42.973	609
CA	-48.86	38.393	42.919	609
C	-48.7	39.303	41.691	609
N	-48.24	40.543	41.878	610
CA	-48.082	41.519	40.787	610
C	-46.681	41.409	40.154	610
N	-46.333	40.203	39.703	611
CA	-45.012	39.852	39.183	611
C	-45.157	39.286	37.769	611
N	-44.395	39.821	36.812	612
CA	-44.417	39.364	35.423	612
C	-43.556	38.101	35.265	612
N	-44.087	36.98	35.745	613
CA	-43.55	35.651	35.5	613
C	-44.215	35.105	34.235	613
N	-43.583	35.316	33.08	614
CA	-43.951	34.595	31.863	614
C	-43.54	33.126	32.06	614
N	-44.521	32.246	32.276	615
CA	-44.281	30.814	32.465	615
C	-43.634	30.211	31.207	615
N	-42.614	29.364	31.393	616
CA	-41.935	28.714	30.27	616
C	-42.906	27.795	29.522	616
N	-43.007	28.01	28.211	617
CA	-43.805	27.19	27.303	617
C	-43.394	25.704	27.419	617
N	-44.338	24.78	27.687	618
CA	-44.003	23.384	27.928	618
C	-43.497	22.708	26.649	618
N	-42.397	21.957	26.775	619
CA	-41.778	21.2	25.679	619
C	-42.822	20.394	24.876	619
N	-42.778	20.438	23.529	620
CA	-43.814	19.857	22.684	620
C	-43.888	18.34	22.873	620
N	-44.967	17.876	23.514	621
CA	-45.253	16.445	23.66	621
C	-45.422	15.824	22.275	621
N	-44.631	14.789	21.999	622
CA	-44.653	14.046	20.734	622
C	-46.075	13.523	20.488	622
N	-46.708	13.974	19.402	623
CA	-48.102	13.649	19.103	623
C	-48.264	12.152	18.789	623
N	-49.097	11.464	19.57	624
CA	-49.416	10.052	19.368	624
C	-50.528	9.904	18.322	624
N	-50.203	9.311	17.173	625
CA	-51.147	9.072	16.063	625
C	-51.603	7.614	15.942	625
N	-51.007	6.697	16.711	626
CA	-51.314	5.263	16.695	626
C	-51.418	4.687	18.115	626
N	-52.424	3.836	18.327	627
CA	-52.633	2.973	19.495	627
C	-52.276	1.53	19.124	627
N	-51.931	0.697	20.104	628
CA	-51.775	-0.749	19.906	628
C	-52.934	-1.494	20.572	628
N	-53.548	-2.425	19.844	629
CA	-54.682	-3.237	20.307	629
C	-54.437	-4.724	20.001	629
N	-55.07	-5.63	20.751	630
CA	-54.904	-7.072	20.549	630
C	-55.617	-7.523	19.267	630
N	-55.001	-8.433	18.509	631
CA	-55.514	-8.918	17.213	631
C	-56.772	-9.81	17.298	631
N	-57.317	-10.016	18.496	632
CA	-58.398	-10.964	18.784	632
C	-59.815	-10.377	18.678	632
N	-59.961	-9.071	18.427	633
CA	-61.262	-8.406	18.253	633
C	-61.544	-7.952	16.798	633
N	-62.096	-8.825	15.922	634
CA	-62.728	-8.39	14.666	634
C	-64.256	-8.583	14.606	634
N	-64.878	-9.319	15.541	635
CA	-66.31	-9.695	15.453	635
C	-67.196	-9.2	16.615	635
N	-66.631	-8.63	17.687	636
CA	-67.395	-8.203	18.871	636
C	-68.276	-6.94	18.677	636
N	-68.242	-6.307	17.499	637
CA	-68.814	-4.974	17.238	637
C	-69.974	-4.944	16.23	637
N	-70.537	-6.099	15.856	638
CA	-71.803	-6.174	15.107	638
C	-72.542	-7.5	15.353	638
N	-73.808	-7.589	14.918	639
CA	-74.678	-8.784	15.004	639
C	-75.066	-9.193	16.441	639
N	-76.13	-8.579	16.98	640
CA	-77.001	-9.257	17.956	640
C	-78.407	-8.627	18.055	640
N	-79.157	-8.651	16.946	641
CA	-80.606	-8.399	16.89	641
C	-81.176	-8.962	15.566	641
N	-82.445	-9.397	15.573	642
CA	-83.222	-9.926	14.418	642
C	-82.836	-11.346	13.921	642
N	-83.112	-12.332	14.778	643
CA	-83.927	-13.532	14.493	643
C	-84.276	-13.888	13.019	643
N	-83.852	-15.078	12.559	644
CA	-84.715	-16.041	11.838	644
C	-84.099	-17.457	11.796	644
N	-84.914	-18.501	11.592	645
CA	-84.526	-19.906	11.816	645
C	-84.973	-20.886	10.718	645
N	-84.071	-21.798	10.333	646
CA	-84.325	-23.159	9.815	646
C	-82.962	-23.901	9.849	646
N	-82.696	-25.027	10.528	647
CA	-83.41	-26.29	10.815	647
C	-83.07	-27.414	9.813	647
N	-81.953	-28.11	10.082	648
CA	-81.621	-29.54	9.846	648
C	-80.195	-29.753	10.436	648
N	-79.86	-30.631	11.396	649
CA	-80.24	-32.015	11.75	649
C	-79.457	-33.113	11.005	649
N	-78.351	-33.62	11.583	650
CA	-78.356	-34.911	12.317	650
C	-77.014	-35.214	13.047	650
N	-77.075	-36.104	14.047	651
CA	-76.001	-36.607	14.933	651
C	-75.009	-37.563	14.178	651
N	-73.91	-38.14	14.714	652
CA	-73.7	-38.737	16.06	652
C	-72.214	-39.053	16.394	652
N	-71.904	-39.017	17.699	653
CA	-70.935	-39.721	18.597	653
C	-70.167	-41.0	18.108	653
N	-69.114	-41.581	18.747	654
CA	-68.35	-41.308	20.001	654
C	-67.029	-42.148	20.164	654
N	-66.332	-41.889	21.287	655
CA	-65.319	-42.616	22.129	655
C	-65.382	-44.164	22.253	655
N	-64.507	-44.92	22.961	656
CA	-63.089	-44.828	23.423	656
C	-62.714	-46.126	24.226	656
N	-61.638	-46.065	25.042	657
CA	-61.227	-46.965	26.156	657
C	-60.637	-48.349	25.808	657
N	-59.838	-49.017	26.656	658
CA	-58.878	-48.633	27.726	658
C	-58.002	-49.878	28.012	658
N	-56.751	-49.736	28.483	659
CA	-56.305	-50.528	29.649	659
C	-54.996	-50.039	30.301	659
N	-54.911	-50.286	31.602	660
CA	-54.115	-49.565	32.591	660
C	-52.657	-50.035	32.834	660
N	-51.933	-49.14	33.53	661
CA	-50.995	-49.405	34.653	661
C	-49.487	-49.651	34.356	661
N	-48.556	-49.109	35.19	662
CA	-47.125	-48.984	34.857	662
C	-46.207	-49.908	35.69	662
N	-44.878	-49.853	35.478	663
CA	-43.88	-49.739	36.57	663
C	-42.458	-49.366	36.074	663
N	-41.617	-48.979	37.033	664
CA	-40.381	-48.173	36.964	664
C	-39.042	-48.927	36.767	664
N	-37.969	-48.147	36.518	665
CA	-36.511	-48.412	36.731	665
C	-35.75	-49.289	35.711	665
N	-34.693	-48.732	35.083	666
CA	-33.277	-49.212	35.149	666
C	-32.39	-48.707	33.997	666
N	-31.114	-48.431	34.29	667
CA	-30.092	-47.96	33.341	667
C	-29.043	-49.033	33.014	667
N	-28.542	-49.055	31.77	668
CA	-27.275	-49.715	31.375	668
C	-26.55	-48.831	30.343	668
N	-25.227	-48.983	30.219	669
CA	-24.318	-48.095	29.476	669
C	-23.519	-48.825	28.376	669
N	-22.787	-48.047	27.566	670
CA	-21.707	-48.427	26.631	670
C	-22.031	-49.301	25.398	670
N	-21.754	-48.746	24.203	671
CA	-20.49	-49.062	23.492	671
C	-20.109	-48.035	22.412	671
N	-18.843	-48.084	21.987	672
CA	-18.218	-47.156	21.034	672
C	-18.237	-47.692	19.596	672
N	-18.422	-46.791	18.621	673
CA	-17.81	-46.692	17.271	673
C	-18.715	-45.775	16.413	673
N	-18.231	-44.914	15.515	674
CA	-16.852	-44.536	15.188	674
C	-16.752	-44.081	13.724	674
N	-16.04	-42.973	13.456	675
CA	-15.796	-42.385	12.116	675
C	-17.043	-41.808	11.392	675
N	-16.941	-41.006	10.317	676
CA	-16.035	-39.884	9.955	676
C	-16.561	-39.256	8.637	676
N	-16.296	-37.961	8.388	677
CA	-16.65	-37.202	7.161	677
C	-18.164	-36.971	6.931	677
N	-18.625	-36.125	5.999	678
CA	-18.307	-34.733	5.573	678
C	-19.41	-34.326	4.547	678
N	-19.476	-33.054	4.125	679
CA	-20.238	-32.545	2.952	679
C	-21.804	-32.553	2.943	679
N	-22.378	-31.489	2.327	680
CA	-23.484	-31.492	1.312	680
C	-24.893	-32.014	1.715	680
N	-26.035	-31.402	1.351	681
CA	-26.379	-30.078	0.778	681
C	-27.882	-29.762	1.031	681
N	-28.337	-28.61	0.523	682
CA	-29.681	-28.263	0.005	682
C	-31.012	-28.889	0.523	682
N	-31.985	-27.983	0.741	683
CA	-33.347	-27.934	0.138	683
C	-34.11	-29.256	-0.109	683
N	-35.36	-29.362	0.378	684
CA	-36.585	-29.452	-0.463	684
C	-37.886	-29.437	0.37	684
N	-38.977	-28.989	-0.264	685
CA	-40.34	-28.865	0.289	685
C	-41.205	-30.126	-0.032	685
N	-42.436	-30.273	0.514	686
CA	-42.977	-31.581	0.919	686
C	-43.983	-32.199	-0.069	686
N	-44.498	-33.401	0.249	687
CA	-45.863	-33.762	-0.159	687
C	-46.59	-34.784	0.75	687
N	-47.903	-34.896	0.529	688
CA	-48.926	-35.532	1.368	688
C	-49.15	-37.037	1.102	688
N	-49.605	-37.786	2.125	689
CA	-50.691	-38.813	2.081	689
C	-50.733	-39.584	3.425	689
N	-51.794	-39.751	4.236	690
CA	-53.264	-39.921	4.096	690
C	-53.763	-41.389	4.163	690
N	-54.259	-41.835	5.34	691
CA	-55.306	-42.877	5.611	691
C	-55.489	-43.041	7.149	691
N	-56.694	-42.924	7.742	692
CA	-57.819	-43.897	7.899	692
C	-57.493	-45.039	8.908	692
N	-58.352	-45.581	9.803	693
CA	-59.78	-45.406	10.244	693
C	-60.096	-46.5	11.32	693
N	-61.05	-46.503	12.281	694
CA	-62.099	-45.59	12.829	694
C	-62.645	-46.145	14.203	694
N	-63.528	-45.449	14.978	695
CA	-63.819	-45.727	16.418	695
C	-65.285	-46.127	16.807	695
N	-65.564	-46.312	18.121	696
CA	-66.9	-46.405	18.789	696
C	-66.953	-47.416	19.971	696
N	-67.917	-47.445	20.922	697
CA	-68.971	-46.493	21.373	697
C	-69.503	-46.91	22.802	697
N	-69.849	-46.002	23.761	698
CA	-70.181	-46.328	25.18	698
C	-71.688	-46.241	25.566	698
N	-72.074	-46.561	26.823	699
CA	-73.45	-46.331	27.347	699
C	-73.575	-46.08	28.891	699
N	-74.78	-45.692	29.344	700
CA	-75.148	-44.853	30.522	700
C	-75.375	-45.553	31.886	700
N	-75.118	-44.829	32.998	701
CA	-75.85	-44.955	34.279	701
C	-75.842	-43.642	35.116	701
N	-76.977	-43.25	35.719	702
CA	-77.139	-42.006	36.51	702
C	-77.041	-42.201	38.041	702
N	-76.635	-41.155	38.784	703
CA	-77.136	-40.888	40.152	703
C	-76.985	-39.402	40.552	703
N	-77.843	-38.9	41.453	704
CA	-78.034	-37.457	41.718	704
C	-77.242	-36.924	42.935	704
N	-76.712	-35.685	42.857	705
CA	-75.652	-35.203	43.773	705
C	-75.613	-33.719	44.215	705
N	-76.756	-33.033	44.396	706
CA	-76.926	-31.871	45.327	706
C	-76.115	-30.551	45.116	706
N	-76.736	-29.599	44.394	707
CA	-76.752	-28.113	44.585	707
C	-75.519	-27.36	45.158	707
N	-75.006	-26.416	44.364	708
CA	-74.85	-24.994	44.754	708
C	-74.907	-24.085	43.507	708
N	-75.154	-22.777	43.676	709
CA	-75.027	-21.761	42.615	709
C	-73.905	-20.786	42.991	709
N	-73.127	-20.347	42.0	710
CA	-72.228	-19.184	42.064	710
C	-72.406	-18.413	40.735	710
N	-72.585	-17.077	40.743	711
CA	-72.847	-16.289	39.534	711
C	-71.573	-15.902	38.758	711
N	-71.778	-15.344	37.561	712
CA	-70.748	-14.77	36.685	712
C	-69.909	-13.668	37.363	712
N	-68.666	-13.519	36.907	713
CA	-67.839	-12.318	37.071	713
C	-67.044	-12.103	35.786	713
N	-66.992	-10.866	35.296	714
CA	-66.339	-10.545	34.028	714
C	-64.812	-10.63	34.136	714
N	-64.199	-11.356	33.201	715
CA	-62.753	-11.474	33.057	715
C	-62.362	-11.16	31.605	715
N	-62.262	-9.869	31.282	716
CA	-61.707	-9.412	30.006	716
C	-60.234	-9.826	29.887	716
N	-59.825	-10.268	28.693	717
CA	-58.551	-10.963	28.511	717
C	-57.353	-10.016	28.687	717
N	-56.595	-10.22	29.766	718
CA	-55.253	-9.661	29.92	718
C	-54.343	-10.197	28.789	718
N	-53.49	-9.372	28.146	719
CA	-52.551	-9.864	27.14	719
C	-51.629	-10.952	27.712	719
N	-51.336	-11.97	26.898	720
CA	-50.538	-13.145	27.293	720
C	-49.058	-12.836	27.574	720
N	-48.613	-11.625	27.229	721
CA	-47.281	-11.066	27.474	721
C	-47.454	-9.796	28.306	721
N	-46.751	-9.695	29.435	722
CA	-46.74	-8.506	30.3	722
C	-45.426	-7.718	30.213	722
N	-44.361	-8.315	29.666	723
CA	-43.057	-7.65	29.553	723
C	-42.303	-8.053	28.288	723
N	-41.776	-7.045	27.602	724
CA	-40.858	-7.15	26.472	724
C	-39.468	-6.762	26.98	724
N	-38.454	-7.573	26.694	725
CA	-37.055	-7.268	27.014	725
C	-36.295	-7.091	25.702	725
N	-35.708	-5.915	25.502	726
CA	-34.858	-5.59	24.364	726
C	-33.391	-5.732	24.782	726
N	-32.736	-6.801	24.341	727
CA	-31.295	-6.985	24.495	727
C	-30.553	-6.123	23.462	727
N	-29.887	-5.094	23.981	728
CA	-29.123	-4.079	23.263	728
C	-27.603	-4.335	23.316	728
N	-27.147	-5.513	23.768	729
CA	-25.711	-5.854	23.885	729
C	-24.902	-5.812	22.579	729
N	-25.578	-5.802	21.426	730
CA	-24.996	-5.688	20.078	730
C	-25.32	-4.342	19.397	730
N	-25.932	-3.404	20.124	731
CA	-26.265	-2.059	19.644	731
C	-25.16	-1.118	20.122	731
N	-24.457	-0.474	19.187	732
CA	-23.387	0.49	19.501	732
C	-23.775	1.949	19.215	732
N	-24.763	2.163	18.34	733
CA	-25.228	3.476	17.898	733
C	-26.759	3.517	17.786	733
N	-27.344	4.679	18.084	734
CA	-28.761	4.991	17.859	734
C	-28.859	6.411	17.296	734
N	-29.573	6.609	16.183	735
CA	-29.805	7.955	15.625	735
C	-31.007	8.669	16.279	735
N	-31.111	9.99	16.102	736
CA	-32.151	10.814	16.744	736
C	-33.576	10.411	16.338	736
N	-33.792	10.054	15.064	737
CA	-35.08	9.552	14.55	737
C	-35.441	8.201	15.178	737
N	-34.48	7.288	15.267	738
CA	-34.595	5.972	15.884	738
C	-34.873	6.062	17.379	738
N	-34.24	7.002	18.082	739
CA	-34.487	7.298	19.494	739
C	-35.914	7.821	19.727	739
N	-36.395	8.751	18.891	740
CA	-37.783	9.254	18.947	740
C	-38.797	8.133	18.701	740
N	-38.608	7.314	17.66	741
CA	-39.532	6.203	17.364	741
C	-39.426	5.09	18.418	741
N	-38.246	4.825	18.989	742
CA	-38.084	3.886	20.106	742
C	-38.849	4.357	21.352	742
N	-38.802	5.656	21.678	743
CA	-39.596	6.24	22.771	743
C	-41.101	6.086	22.517	743
N	-41.558	6.356	21.288	744
CA	-42.952	6.12	20.882	744
C	-43.36	4.645	21.032	744
N	-42.479	3.691	20.697	745
CA	-42.723	2.251	20.887	745
C	-42.888	1.932	22.38	745
N	-41.967	2.384	23.239	746
CA	-42.045	2.164	24.686	746
C	-43.346	2.719	25.28	746
N	-43.666	3.991	25.022	747
CA	-44.871	4.625	25.564	747
C	-46.163	3.985	25.016	747
N	-46.197	3.567	23.745	748
CA	-47.368	2.901	23.17	748
C	-47.591	1.471	23.708	748
N	-46.531	0.698	23.983	749
CA	-46.663	-0.593	24.678	749
C	-47.011	-0.414	26.166	749
N	-46.459	0.602	26.837	750
CA	-46.79	0.94	28.226	750
C	-48.271	1.329	28.379	750
N	-48.824	2.09	27.427	751
CA	-50.261	2.388	27.332	751
C	-51.133	1.143	27.06	751
N	-50.553	0.06	26.532	752
CA	-51.19	-1.251	26.384	752
C	-50.934	-2.193	27.587	752
N	-50.468	-1.658	28.725	753
CA	-50.076	-2.383	29.944	753
C	-48.891	-3.362	29.787	753
N	-48.098	-3.233	28.719	754
CA	-46.926	-4.073	28.442	754
C	-45.657	-3.27	28.736	754
N	-44.889	-3.693	29.741	755
CA	-43.631	-3.029	30.09	755
C	-42.541	-3.357	29.061	755
N	-41.808	-2.351	28.578	756
CA	-40.532	-2.566	27.883	756
C	-39.377	-2.375	28.869	756
N	-38.426	-3.307	28.85	757
CA	-37.131	-3.214	29.521	757
C	-36.02	-3.233	28.47	757
N	-34.941	-2.483	28.688	758
CA	-33.763	-2.479	27.807	758
C	-32.577	-3.052	28.587	758
N	-31.941	-4.098	28.064	759
CA	-30.878	-4.838	28.741	759
C	-29.545	-4.76	27.981	759
N	-28.418	-4.721	28.698	760
CA	-27.072	-4.78	28.107	760
C	-26.667	-3.543	27.292	760
N	-27.303	-2.393	27.528	761
CA	-27.087	-1.165	26.763	761
C	-25.652	-0.622	26.922	761
N	-24.96	-0.319	25.816	762
CA	-23.602	0.229	25.883	762
C	-23.578	1.66	26.453	762
N	-22.508	2.015	27.175	763
CA	-22.414	3.298	27.893	763
C	-22.509	4.541	26.992	763
N	-22.113	4.442	25.715	764
CA	-22.317	5.5	24.711	764
C	-23.802	5.756	24.432	764
N	-24.618	4.702	24.345	765
CA	-26.064	4.806	24.11	765
C	-26.775	5.315	25.361	765
N	-26.361	4.9	26.565	766
CA	-26.912	5.483	27.802	766
C	-26.646	6.994	27.848	766
N	-25.449	7.461	27.454	767
CA	-25.172	8.904	27.296	767
C	-26.007	9.555	26.19	767
N	-26.262	8.87	25.075	768
CA	-27.121	9.386	24.007	768
C	-28.581	9.537	24.474	768
N	-29.092	8.583	25.256	769
CA	-30.401	8.659	25.909	769
C	-30.447	9.799	26.943	769
N	-29.374	9.985	27.724	770
CA	-29.202	11.104	28.668	770
C	-29.097	12.478	27.963	770
N	-28.557	12.551	26.733	771
CA	-28.403	13.791	25.935	771
C	-29.628	14.178	25.088	771
N	-30.526	13.241	24.775	772
CA	-31.691	13.455	23.893	772
C	-33.024	13.317	24.659	772
N	-33.006	13.641	25.956	773
CA	-34.143	13.592	26.883	773
C	-34.952	12.286	26.826	773
N	-34.335	11.135	26.51	774
CA	-35.061	9.876	26.245	774
C	-35.894	9.421	27.448	774
N	-35.416	9.745	28.648	775
CA	-36.108	9.487	29.898	775
C	-37.162	10.562	30.16	775
N	-38.382	10.128	30.443	776
CA	-39.509	10.982	30.804	776
C	-40.25	10.386	32.018	776
N	-41.432	10.908	32.353	777
CA	-42.211	10.408	33.488	777
C	-42.735	8.964	33.296	777
N	-42.751	8.441	32.063	778
CA	-43.104	7.056	31.745	778
C	-41.885	6.134	31.653	778
N	-40.79	6.614	31.05	779
CA	-39.543	5.866	30.813	779
C	-38.442	6.36	31.758	779
N	-38.197	5.635	32.849	780
CA	-37.149	5.96	33.834	780
C	-35.925	5.047	33.703	780
N	-34.781	5.447	34.284	781
CA	-33.539	4.643	34.252	781
C	-33.678	3.28	34.944	781
N	-34.701	3.081	35.777	782
CA	-35.036	1.771	36.358	782
C	-35.413	0.708	35.317	782
N	-35.791	1.107	34.093	783
CA	-36.111	0.207	32.974	783
C	-34.867	-0.268	32.194	783
N	-33.684	0.291	32.485	784
CA	-32.398	-0.13	31.923	784
C	-31.703	-1.132	32.848	784
N	-31.28	-2.274	32.313	785
CA	-30.647	-3.359	33.067	785
C	-29.269	-3.717	32.516	785
N	-28.335	-4.059	33.406	786
CA	-26.961	-4.389	33.013	786
C	-26.861	-5.733	32.277	786
N	-27.772	-6.674	32.546	787
CA	-27.861	-7.936	31.81	787
C	-29.305	-8.35	31.528	787
N	-29.48	-9.205	30.516	788
CA	-30.778	-9.813	30.173	788
C	-31.344	-10.62	31.347	788
N	-30.485	-11.247	32.157	789
CA	-30.925	-12.03	33.31	789
C	-31.504	-11.143	34.421	789
N	-30.902	-9.975	34.668	790
CA	-31.414	-9.001	35.64	790
C	-32.802	-8.479	35.23	790
N	-32.967	-8.124	33.95	791
CA	-34.258	-7.722	33.391	791
C	-35.317	-8.838	33.487	791
N	-34.934	-10.103	33.267	792
CA	-35.838	-11.259	33.408	792
C	-36.27	-11.468	34.86	792
N	-35.356	-11.357	35.828	793
CA	-35.689	-11.5	37.248	793
C	-36.657	-10.398	37.711	793
N	-36.454	-9.157	37.259	794
CA	-37.373	-8.041	37.508	794
C	-38.735	-8.21	36.803	794
N	-38.751	-8.716	35.565	795
CA	-39.992	-9.023	34.85	795
C	-40.816	-10.12	35.552	795
N	-40.146	-11.112	36.148	796
CA	-40.784	-12.206	36.879	796
C	-41.303	-11.779	38.259	796
N	-40.571	-10.948	39.012	797
CA	-41.024	-10.489	40.336	797
C	-42.312	-9.661	40.257	797
N	-42.463	-8.81	39.229	798
CA	-43.702	-8.045	38.98	798
C	-44.944	-8.938	38.839	798
N	-44.8	-10.149	38.286	799
CA	-45.91	-11.106	38.128	799
C	-46.391	-11.682	39.465	799
N	-45.506	-11.78	40.462	800
CA	-45.841	-12.287	41.804	800
C	-46.716	-11.282	42.556	800
N	-46.362	-9.992	42.502	801
CA	-47.081	-8.898	43.183	801
C	-48.552	-8.861	42.736	801
N	-48.79	-8.787	41.42	802
CA	-50.137	-8.74	40.829	802
C	-50.986	-10.014	40.97	802
N	-50.523	-11.02	41.722	803
CA	-51.282	-12.237	42.052	803
C	-51.538	-12.437	43.552	803
N	-50.947	-11.598	44.412	804
CA	-51.085	-11.678	45.877	804
C	-51.869	-10.51	46.485	804
N	-51.995	-9.378	45.784	805
CA	-52.727	-8.186	46.248	805
C	-54.261	-8.338	46.128	805
N	-54.809	-9.381	46.761	806
CA	-56.248	-9.519	47.031	806
C	-56.536	-9.97	48.479	806
N	-55.598	-9.685	49.385	807
CA	-55.822	-9.596	50.829	807
C	-55.526	-8.172	51.301	807
N	-56.457	-7.602	52.063	808
CA	-56.353	-6.269	52.674	808
C	-55.264	-6.276	53.769	808
N	-54.712	-5.09	54.065	809
CA	-53.906	-4.743	55.258	809
C	-52.367	-4.897	55.164	809
N	-51.697	-4.042	54.365	810
CA	-50.278	-3.672	54.623	810
C	-49.8	-2.314	54.026	810
N	-50.635	-1.578	53.276	811
CA	-50.205	-0.445	52.426	811
C	-50.131	0.956	53.077	811
N	-50.291	1.099	54.4	812
CA	-50.262	2.415	55.085	812
C	-48.895	2.834	55.674	812
N	-47.891	1.953	55.703	813
CA	-46.669	2.165	56.51	813
C	-45.555	2.953	55.808	813
N	-45.372	2.792	54.493	814
CA	-44.178	3.296	53.773	814
C	-44.282	4.773	53.355	814
N	-45.493	5.305	53.162	815
CA	-45.709	6.667	52.622	815
C	-45.468	7.771	53.68	815
N	-45.288	7.405	54.958	816
CA	-45.298	8.356	56.083	816
C	-43.927	8.895	56.51	816
N	-42.822	8.289	56.074	817
CA	-41.467	8.682	56.512	817
C	-40.753	9.659	55.555	817
N	-41.205	9.805	54.303	818
CA	-40.545	10.672	53.295	818
C	-41.101	12.106	53.229	818
N	-42.154	12.425	53.992	819
CA	-42.882	13.705	53.928	819
C	-43.003	14.402	55.299	819
N	-41.911	14.51	56.07	820
CA	-41.936	15.171	57.396	820
C	-40.614	15.806	57.875	820
N	-39.699	16.225	56.986	821
CA	-38.412	16.815	57.423	821
C	-37.959	18.081	56.658	821
N	-38.836	19.089	56.609	822
CA	-38.481	20.497	56.334	822
C	-39.233	21.45	57.277	822
N	-38.67	22.646	57.486	823
CA	-39.19	23.763	58.297	823
C	-39.412	23.541	59.813	823
N	-38.346	23.759	60.614	824
CA	-38.303	24.91	61.56	824
C	-36.955	25.183	62.253	824
N	-36.579	26.46	62.18	825
CA	-35.624	27.24	62.979	825
C	-35.037	26.645	64.282	825
N	-33.703	26.539	64.278	826
CA	-32.764	27.426	65.003	826
C	-32.725	27.457	66.559	826
N	-31.502	27.602	67.098	827
CA	-31.104	27.663	68.523	827
C	-31.374	26.384	69.369	827
N	-30.366	25.584	69.759	828
CA	-29.369	26.057	70.738	828
C	-28.233	25.064	71.117	828
N	-27.014	25.626	71.201	829
CA	-25.925	25.4	72.193	829
C	-25.066	24.1	72.294	829
N	-23.773	24.316	71.986	830
CA	-22.549	23.999	72.778	830
C	-21.936	22.572	72.878	830
N	-20.796	22.434	72.172	831
CA	-19.455	21.968	72.625	831
C	-19.293	20.689	73.479	831
N	-18.616	19.688	72.891	832
CA	-17.399	19.019	73.428	832
C	-16.786	18.079	72.355	832
N	-15.478	17.801	72.224	833
CA	-14.242	18.604	72.395	833
C	-13.07	17.918	71.65	833
N	-12.14	18.656	71.026	834
CA	-11.016	18.075	70.257	834
C	-9.821	17.628	71.112	834
N	-9.268	16.432	70.869	835
CA	-7.81	16.192	70.709	835
C	-7.472	14.7	70.571	835
N	-6.611	14.348	69.612	836
CA	-5.251	13.859	69.891	836
C	-4.427	13.846	68.594	836
N	-3.141	14.19	68.686	837
CA	-2.229	14.306	67.547	837
C	-0.948	13.516	67.838	837
N	-0.436	12.801	66.834	838
CA	0.981	12.444	66.763	838
C	1.332	10.967	66.95	838
N	1.641	10.309	65.834	839
CA	2.885	9.542	65.726	839
C	3.342	9.54	64.268	839
N	4.605	9.889	64.028	840
CA	5.212	9.964	62.7	840
C	6.577	9.277	62.756	840
N	6.811	8.275	61.901	841
CA	8.158	7.755	61.625	841
C	8.216	7.054	60.269	841
N	9.253	7.375	59.501	842
CA	9.433	6.941	58.116	842
C	10.25	5.643	58.046	842
N	9.947	4.754	57.09	843
CA	10.969	3.982	56.352	843
C	10.546	3.827	54.881	843
N	11.325	4.475	54.009	844
CA	11.759	4.201	52.618	844
C	10.997	3.269	51.628	844
N	11.19	3.458	50.297	845
CA	10.253	2.986	49.267	845
C	10.652	1.687	48.539	845
N	9.674	1.076	47.856	846
CA	9.858	-0.063	46.945	846
C	8.968	0.028	45.699	846
N	9.309	0.911	44.755	847
CA	8.575	1.071	43.491	847
C	9.054	0.031	42.461	847
N	8.295	-1.051	42.261	848
CA	8.544	-2.011	41.173	848
C	7.699	-1.623	39.958	848
N	8.361	-1.469	38.807	849
CA	7.701	-1.275	37.512	849
C	6.914	-2.534	37.139	849
N	5.64	-2.376	36.797	850
CA	4.983	-3.229	35.801	850
C	4.616	-2.317	34.63	850
N	4.874	-2.792	33.414	851
CA	5.049	-1.951	32.236	851
C	4.087	-2.379	31.131	851
N	3.007	-1.619	30.963	852
CA	2.087	-1.716	29.831	852
C	1.351	-0.378	29.662	852
N	1.68	0.43	28.64	853
CA	0.675	1.26	28.007	853
C	-0.176	0.334	27.131	853
N	-1.418	0.079	27.537	854
CA	-2.453	-0.194	26.537	854
C	-2.775	1.17	25.946	854
N	-2.501	1.357	24.659	855
CA	-2.952	2.552	23.955	855
C	-4.464	2.417	23.751	855
N	-5.239	2.977	24.684	856
CA	-6.622	3.349	24.4	856
C	-6.573	4.361	23.25	856
N	-6.987	3.927	22.058	857
CA	-7.248	4.838	20.953	857
C	-8.326	5.812	21.42	857
N	-7.927	7.064	21.647	858
CA	-8.875	8.142	21.884	858
C	-9.688	8.306	20.608	858
N	-10.894	7.733	20.584	859
CA	-11.912	8.054	19.588	859
C	-11.968	9.578	19.478	859
N	-11.608	10.085	18.3	860
CA	-11.685	11.504	18.031	860
C	-13.141	11.78	17.681	860
N	-13.944	12.046	18.715	861
CA	-15.298	12.592	18.606	861
C	-15.231	13.935	17.858	861
N	-15.167	13.848	16.53	862
CA	-15.574	14.902	15.622	862
C	-17.098	14.972	15.712	862
N	-17.577	15.618	16.779	863
CA	-18.931	16.156	16.846	863
C	-19.076	17.117	15.656	863
N	-19.607	16.582	14.553	864
CA	-19.928	17.325	13.346	864
C	-21.07	18.274	13.706	864
N	-20.73	19.518	14.049	865
CA	-21.712	20.565	14.318	865
C	-22.656	20.667	13.117	865
N	-23.903	20.248	13.322	866
CA	-24.944	20.353	12.315	866
C	-25.324	21.824	12.185	866
N	-24.729	22.521	11.213	867
CA	-25.085	23.895	10.847	867
C	-26.542	23.965	10.363	867
N	-27.436	24.087	11.342	868
CA	-28.582	24.984	11.377	868
C	-29.254	25.234	10.013	868
N	-30.275	24.425	9.694	869
CA	-31.185	24.652	8.561	869
C	-31.938	25.988	8.722	869
N	-31.313	27.08	8.284	870
CA	-31.967	28.364	8.1	870
C	-32.842	28.285	6.841	870
N	-34.154	28.141	7.038	871
CA	-35.108	27.949	5.949	871
C	-35.076	29.082	4.92	871
N	-34.84	28.725	3.658	872
CA	-34.919	29.632	2.517	872
C	-35.663	28.921	1.383	872
N	-36.99	29.061	1.394	873
CA	-37.848	28.535	0.339	873
C	-37.581	29.261	-0.977	873
N	-37.249	28.494	-2.012	874
CA	-37.168	28.949	-3.394	874
C	-37.906	27.938	-4.268	874
N	-39.206	28.172	-4.443	875
CA	-39.954	27.575	-5.545	875
C	-39.307	28.022	-6.86	875
N	-38.887	27.053	-7.667	876
CA	-38.375	27.277	-9.012	876
C	-38.885	26.161	-9.923	876
N	-40.148	26.309	-10.331	877
CA	-40.693	25.616	-11.496	877
C	-39.756	25.819	-12.69	877
N	-39.317	24.718	-13.298	878
CA	-38.705	24.755	-14.621	878
C	-39.038	23.502	-15.436	878
N	-40.338	23.259	-15.604	879
CA	-40.85	22.405	-16.676	879
C	-40.43	22.981	-18.039	879
N	-39.345	22.452	-18.626	880
CA	-39.157	22.504	-20.08	880
C	-38.2	21.455	-20.661	880
N	-38.712	20.787	-21.699	881
CA	-38.107	20.43	-23.004	881
C	-36.564	20.609	-23.14	881
N	-35.79	19.698	-23.754	882
CA	-36.134	18.862	-24.917	882
C	-35.162	17.661	-25.124	882
N	-35.729	16.529	-25.571	883
CA	-35.215	15.363	-26.349	883
C	-33.798	14.729	-26.183	883
N	-33.681	13.394	-26.404	884
CA	-32.412	12.682	-26.572	884
C	-32.098	12.344	-28.048	884
N	-31.113	13.001	-28.668	885
CA	-30.646	12.594	-30.006	885
C	-29.65	11.421	-29.963	885
N	-30.107	10.258	-30.438	886
CA	-29.247	9.266	-31.084	886
C	-29.404	9.387	-32.604	886
N	-28.394	9.903	-33.306	887
CA	-28.295	9.755	-34.764	887
C	-27.162	8.792	-35.159	887
N	-27.481	7.664	-35.817	888
CA	-26.527	6.902	-36.602	888
C	-26.61	7.323	-38.078	888
N	-25.579	7.994	-38.607	889
CA	-25.419	8.175	-40.062	889
C	-24.232	7.385	-40.599	889
N	-24.554	6.298	-41.294	890
CA	-23.669	5.647	-42.245	890
C	-24.212	5.925	-43.65	890
N	-23.448	6.64	-44.472	891
CA	-23.724	6.801	-45.902	891
C	-22.517	6.319	-46.712	891
N	-22.772	5.777	-47.901	892
CA	-21.758	5.123	-48.739	892
C	-22.069	5.364	-50.209	892
N	-21.506	6.431	-50.772	893
CA	-21.424	6.677	-52.218	893
C	-20.063	7.348	-52.495	893
N	-19.116	6.77	-53.242	894
CA	-19.127	6.197	-54.607	894
C	-18.983	7.262	-55.702	894
N	-17.721	7.472	-56.117	895
CA	-17.204	7.945	-57.427	895
C	-18.076	8.865	-58.309	895
N	-17.471	9.966	-58.773	896
CA	-17.317	10.314	-60.214	896
C	-16.1	11.258	-60.385	896
N	-15.567	11.405	-61.607	897
CA	-14.384	12.224	-61.966	897
C	-14.807	13.535	-62.69	897
N	-13.915	14.135	-63.512	898
CA	-14.156	15.261	-64.464	898
C	-14.239	16.666	-63.816	898
N	-13.6	17.746	-64.309	899
CA	-12.415	17.922	-65.193	899
C	-11.847	19.369	-65.055	899
N	-10.905	19.789	-65.912	900
CA	-10.309	21.144	-65.949	900
C	-11.205	22.198	-66.634	900
N	-11.064	23.489	-66.273	901
CA	-10.611	24.606	-67.156	901
C	-10.536	25.975	-66.389	901
N	-9.939	27.071	-66.94	902
CA	-9.149	28.033	-66.137	902
C	-9.669	29.501	-66.026	902
N	-8.77	30.4	-65.583	903
CA	-8.94	31.843	-65.305	903
C	-9.215	32.739	-66.535	903
N	-9.567	34.015	-66.274	904
CA	-8.888	35.147	-66.925	904
C	-8.265	36.172	-65.941	904
N	-7.37	37.02	-66.46	905
CA	-6.616	38.087	-65.766	905
C	-7.088	39.499	-66.191	905
N	-6.776	40.547	-65.401	906
CA	-6.717	41.968	-65.845	906
C	-5.688	42.762	-65.003	906
N	-5.089	43.816	-65.578	907
CA	-3.819	44.468	-65.171	907
C	-3.928	45.872	-64.476	907
N	-2.807	46.517	-64.031	908
CA	-2.799	47.604	-63.025	908
C	-2.356	49.022	-63.498	908
N	-2.47	50.028	-62.605	909
CA	-1.897	51.396	-62.731	909
C	-1.126	51.88	-61.458	909
N	-0.716	53.166	-61.384	910
CA	0.701	53.501	-61.118	910
C	1.017	54.886	-60.458	910
N	1.971	54.895	-59.497	911
CA	2.871	56.018	-59.068	911
C	2.287	57.323	-58.405	911
N	3.098	58.355	-58.01	912
CA	4.256	58.304	-57.077	912
C	4.383	59.499	-56.073	912
N	5.185	59.368	-54.989	913
CA	6.303	60.298	-54.626	913
C	7.046	59.952	-53.289	913
N	8.294	60.442	-53.037	914
CA	9.129	60.019	-51.89	914
C	9.726	61.135	-50.972	914
N	10.469	60.69	-49.928	915
CA	11.513	61.373	-49.09	915
C	11.105	62.08	-47.774	915
N	11.559	61.53	-46.634	916
CA	12.49	62.196	-45.676	916
C	12.909	61.271	-44.496	916
N	13.868	61.715	-43.662	917
CA	14.611	61.009	-42.569	917
C	15.267	62.105	-41.669	917
N	15.954	61.864	-40.511	918
CA	16.23	60.627	-39.736	918
C	16.177	60.779	-38.168	918
N	16.72	59.777	-37.423	919
CA	17.158	59.77	-35.981	919
C	16.049	59.718	-34.896	919
N	16.246	59.133	-33.697	920
CA	17.278	58.215	-33.144	920
C	16.789	57.553	-31.811	920
N	17.659	56.757	-31.149	921
CA	17.541	56.109	-29.81	921
C	16.774	54.766	-29.718	921
N	17.145	53.767	-28.889	922
CA	18.473	53.248	-28.443	922
C	18.305	51.749	-28.083	922
N	19.295	50.882	-28.341	923
CA	19.31	49.46	-27.919	923
C	20.235	49.219	-26.709	923
N	20.053	48.094	-25.996	924
CA	21.194	47.235	-25.662	924
C	21.039	45.803	-26.212	924
N	22.168	45.125	-26.429	925
CA	22.239	43.749	-26.94	925
C	22.49	42.742	-25.812	925
N	22.02	41.503	-25.979	926
CA	22.757	40.326	-25.507	926
C	22.837	39.264	-26.614	926
N	24.051	38.751	-26.838	927
CA	24.352	37.537	-27.616	927
C	24.519	36.38	-26.622	927
N	24.332	35.123	-27.035	928
CA	25.451	34.16	-27.054	928
C	25.152	32.87	-27.838	928
N	26.222	32.364	-28.44	929
CA	26.33	31.308	-29.442	929
C	26.035	29.881	-28.934	929
N	25.678	28.948	-29.839	930
CA	25.861	27.509	-29.657	930
C	26.993	26.947	-30.545	930
N	27.989	26.268	-29.964	931
CA	28.892	25.373	-30.711	931
C	29.699	24.467	-29.772	931
N	29.714	23.153	-30.03	932
CA	30.92	22.309	-29.962	932
C	30.647	20.909	-30.545	932
N	31.248	20.625	-31.702	933
CA	31.472	19.276	-32.231	933
C	32.99	19.074	-32.354	933
N	33.539	17.914	-31.959	934
CA	34.88	17.498	-32.347	934
C	34.817	16.297	-33.307	934
N	35.119	16.514	-34.587	935
CA	35.424	15.439	-35.54	935
C	36.939	15.223	-35.622	935
N	37.371	13.961	-35.689	936
CA	38.786	13.614	-35.849	936
C	39.249	13.792	-37.298	936
N	40.459	14.322	-37.471	937
CA	41.285	14.12	-38.658	937
C	42.763	14.038	-38.233	937
N	43.518	13.1	-38.805	938
CA	44.978	13.008	-38.649	938
C	45.666	14.142	-39.44	938
N	46.929	14.522	-39.21	939
CA	48.135	13.719	-39.521	939
C	49.418	14.438	-39.017	939
N	50.517	13.68	-38.867	940
CA	51.97	14.008	-38.746	940
C	52.448	15.475	-38.988	940
N	53.549	16.005	-38.407	941
CA	54.527	15.537	-37.384	941
C	55.545	16.663	-37.003	941
N	56.598	16.333	-36.225	942
CA	57.847	17.096	-35.939	942
C	57.874	18.19	-34.834	942
N	58.175	17.739	-33.61	943
CA	59.395	18.07	-32.826	943
C	60.011	19.489	-32.855	943
N	59.975	20.21	-31.718	944
CA	61.208	20.592	-30.983	944
C	60.958	21.039	-29.523	944
N	62.041	21.268	-28.767	945
CA	62.084	21.205	-27.292	945
C	62.582	22.498	-26.639	945
N	62.039	22.877	-25.467	946
CA	62.863	23.474	-24.393	946
C	62.262	23.337	-22.989	946
N	63.154	23.225	-22.009	947
CA	62.912	22.954	-20.58	947
C	63.313	24.139	-19.702	947
N	62.737	24.258	-18.5	948
CA	63.422	24.79	-17.305	948
C	62.963	24.037	-16.036	948
N	63.836	23.978	-15.025	949
CA	63.733	23.2	-13.768	949
C	63.198	24.059	-12.593	949
N	62.896	23.565	-11.378	950
CA	63.744	22.976	-10.297	950
C	62.761	22.363	-9.259	950
N	62.729	21.052	-8.948	951
CA	63.612	20.243	-8.056	951
C	63.574	20.703	-6.562	951
N	63.508	19.901	-5.474	952
CA	63.904	18.51	-5.07	952
C	62.794	17.935	-4.124	952
N	62.749	16.722	-3.531	953
CA	63.624	15.526	-3.359	953
C	62.728	14.24	-3.354	953
N	62.999	13.226	-2.506	954
CA	62.286	11.931	-2.294	954
C	62.643	11.35	-0.905	954
N	61.906	10.346	-0.396	955
CA	62.396	8.978	-0.051	955
C	61.268	8.066	0.538	955
N	61.226	6.736	0.255	956
CA	60.207	5.789	0.772	956
C	60.768	4.567	1.558	956
N	59.861	3.727	2.111	957
CA	60.081	2.384	2.728	957
C	60.898	2.377	4.054	957
N	60.702	1.48	5.039	958
CA	60.137	0.108	5.041	958
C	59.379	-0.288	6.355	958
N	58.996	-1.569	6.481	959
CA	58.155	-2.226	7.516	959
C	58.667	-2.307	8.974	959
N	57.75	-2.395	9.964	960
CA	57.774	-3.375	11.09	960
C	56.396	-3.492	11.812	960
N	56.206	-4.517	12.661	961
CA	54.966	-4.902	13.392	961
C	55.315	-5.916	14.519	961
N	54.453	-6.306	15.499	962
CA	53.164	-5.776	15.989	962
C	53.203	-5.494	17.536	962
N	52.154	-5.888	18.294	963
CA	51.928	-5.799	19.77	963
C	51.536	-4.408	20.346	963
N	50.58	-4.277	21.288	964
CA	49.601	-5.252	21.819	964
C	48.762	-4.721	23.015	964
N	47.58	-5.325	23.261	965
CA	46.722	-5.278	24.482	965
C	46.156	-3.92	25.007	965
N	45.007	-3.85	25.712	966
CA	43.858	-4.78	25.922	966
C	42.669	-4.061	26.632	966
N	41.596	-4.814	26.959	967
CA	40.415	-4.501	27.811	967
C	39.253	-3.774	27.076	967
N	38.038	-4.325	26.905	968
CA	37.035	-4.809	27.901	968
C	36.621	-3.702	28.904	968
N	35.342	-3.41	29.188	969
CA	34.057	-3.976	28.719	969
C	32.888	-2.992	28.998	969
N	31.749	-3.156	28.289	970
CA	30.315	-2.854	28.625	970
C	29.471	-2.677	27.355	970
