ATOM	X	Y	Z	RESIDUE
N	6.559	-9.315	1.111	1
CA	6.214	-8.621	-0.145	1
C	7.303	-7.615	-0.478	1
N	7.723	-7.553	-1.743	2
CA	8.606	-6.528	-2.314	2
C	7.772	-5.547	-3.143	2
N	8.031	-4.251	-3.01	3
CA	7.414	-3.207	-3.831	3
C	8.509	-2.303	-4.401	3
N	8.638	-2.287	-5.727	4
CA	9.476	-1.329	-6.451	4
C	8.61	-0.199	-7.028	4
N	9.111	1.032	-6.987	5
CA	8.467	2.194	-7.602	5
C	9.378	2.765	-8.677	5
N	8.987	2.641	-9.94	6
CA	9.596	3.386	-11.035	6
C	8.97	4.781	-11.061	6
N	9.75	5.797	-10.704	7
CA	9.29	7.187	-10.551	7
C	10.379	8.172	-10.972	7
N	10.012	9.415	-11.29	8
CA	10.978	10.513	-11.431	8
C	11.309	11.208	-10.105	8
N	10.504	10.978	-9.063	9
CA	10.562	11.682	-7.78	9
C	10.597	10.706	-6.585	9
N	11.666	9.896	-6.429	10
CA	11.828	8.983	-5.292	10
C	11.594	9.632	-3.92	10
N	11.993	10.891	-3.764	11
CA	11.885	11.664	-2.528	11
C	10.435	11.899	-2.069	11
N	9.446	11.799	-2.97	12
CA	8.03	11.931	-2.604	12
C	7.556	10.805	-1.679	12
N	8.22	9.65	-1.724	13
CA	7.818	8.46	-0.984	13
C	8.303	8.462	0.468	13
N	9.364	9.207	0.789	14
CA	10.038	9.143	2.091	14
C	9.096	9.425	3.265	14
N	8.249	10.446	3.127	15
CA	7.307	10.84	4.172	15
C	6.266	9.763	4.482	15
N	5.818	9.012	3.476	16
CA	4.736	8.026	3.625	16
C	5.291	6.645	3.96	16
N	6.316	6.205	3.235	17
CA	6.832	4.844	3.328	17
C	7.691	4.616	4.581	17
N	8.348	5.659	5.098	18
CA	9.243	5.554	6.257	18
C	8.597	5.968	7.591	18
N	7.261	5.992	7.676	19
CA	6.528	6.326	8.903	19
C	5.394	5.335	9.215	19
N	4.863	5.418	10.442	20
CA	3.655	4.701	10.881	20
C	3.696	3.18	10.601	20
N	2.607	2.623	10.064	21
CA	2.423	1.204	9.748	21
C	3.402	0.738	8.664	21
N	3.709	1.571	7.662	22
CA	4.661	1.215	6.6	22
C	6.051	0.946	7.176	22
N	6.547	1.839	8.043	23
CA	7.821	1.638	8.75	23
C	7.829	0.344	9.566	23
N	6.769	0.082	10.337	24
CA	6.663	-1.15	11.141	24
C	6.625	-2.407	10.272	24
N	5.95	-2.359	9.123	25
CA	5.916	-3.471	8.178	25
C	7.319	-3.781	7.627	25
N	8.121	-2.746	7.353	26
CA	9.523	-2.894	6.955	26
C	10.385	-3.472	8.09	26
N	10.314	-2.904	9.299	27
CA	11.07	-3.369	10.48	27
C	10.757	-4.83	10.857	27
N	9.525	-5.283	10.601	28
CA	9.083	-6.66	10.833	28
C	9.314	-7.598	9.63	28
N	10.077	-7.174	8.615	29
CA	10.386	-7.94	7.398	29
C	9.145	-8.411	6.612	29
N	8.021	-7.696	6.725	30
CA	6.79	-7.978	5.965	30
C	6.779	-7.269	4.613	30
N	7.465	-6.133	4.541	31
CA	7.521	-5.254	3.385	31
C	8.97	-4.865	3.081	31
N	9.369	-4.967	1.82	32
CA	10.602	-4.389	1.296	32
C	10.215	-3.366	0.238	32
N	10.768	-2.166	0.338	33
CA	10.464	-1.043	-0.544	33
C	11.745	-0.61	-1.237	33
N	11.633	-0.298	-2.521	34
CA	12.71	0.284	-3.301	34
C	12.141	1.313	-4.284	34
N	12.755	2.487	-4.355	35
CA	12.384	3.544	-5.297	35
C	13.473	3.651	-6.356	35
N	13.082	3.538	-7.622	36
CA	13.984	3.53	-8.774	36
C	13.721	4.777	-9.596	36
N	14.719	5.662	-9.66	37
CA	14.642	6.804	-10.551	37
C	14.951	6.37	-11.979	37
N	13.923	6.161	-12.802	38
CA	14.152	5.744	-14.188	38
C	14.864	6.82	-15.029	38
N	15.045	8.046	-14.513	39
CA	15.952	9.042	-15.104	39
C	17.395	8.552	-15.199	39
N	17.844	7.743	-14.246	40
CA	19.215	7.22	-14.204	40
C	19.48	6.167	-15.295	40
N	18.422	5.72	-15.977	41
CA	18.45	4.706	-17.029	41
C	18.289	5.295	-18.441	41
N	18.27	6.625	-18.567	42
CA	18.256	7.305	-19.857	42
C	19.631	7.223	-20.546	42
N	19.668	6.942	-21.855	43
CA	20.951	6.744	-22.564	43
C	21.64	8.045	-22.991	43
N	20.947	9.184	-22.906	44
CA	21.466	10.444	-23.424	44
C	22.165	11.274	-22.339	44
N	23.073	12.161	-22.763	45
CA	23.902	12.989	-21.864	45
C	23.099	13.867	-20.887	45
N	21.831	14.131	-21.189	46
CA	20.973	15.033	-20.422	46
C	19.958	14.294	-19.542	46
N	20.024	12.961	-19.482	47
CA	19.076	12.095	-18.786	47
C	17.611	12.454	-19.1	47
N	17.318	12.624	-20.391	48
CA	15.989	12.971	-20.878	48
C	15.076	11.749	-20.817	48
N	13.927	11.935	-20.181	49
CA	12.943	10.88	-19.907	49
C	11.656	11.053	-20.698	49
N	11.513	12.174	-21.392	50
CA	10.298	12.621	-22.048	50
C	10.603	13.208	-23.434	50
N	9.66	13.096	-24.364	51
CA	9.756	13.701	-25.697	51
C	8.372	14.133	-26.21	51
N	8.338	14.879	-27.311	52
CA	7.087	15.303	-27.933	52
C	6.306	14.103	-28.5	52
N	4.963	14.1	-28.406	53
CA	4.152	13.035	-28.982	53
C	4.22	13.03	-30.516	53
N	4.361	11.838	-31.104	54
CA	4.102	11.655	-32.532	54
C	2.637	11.985	-32.856	54
N	2.4	12.613	-34.012	55
CA	1.07	13.096	-34.413	55
C	0.741	14.514	-33.934	55
N	1.641	15.14	-33.169	56
CA	1.386	16.419	-32.517	56
C	0.546	16.248	-31.25	56
N	0.292	17.355	-30.562	57
CA	-0.338	17.351	-29.245	57
C	0.278	18.42	-28.356	57
N	-0.283	18.579	-27.165	58
CA	0.33	19.381	-26.11	58
C	1.14	18.465	-25.192	58
N	2.042	19.053	-24.409	59
CA	2.8	18.337	-23.389	59
C	3.861	17.376	-23.933	59
N	4.348	16.522	-23.036	60
CA	5.438	15.576	-23.273	60
C	4.971	14.165	-22.91	60
N	5.556	13.148	-23.531	61
CA	5.265	11.735	-23.266	61
C	6.528	11.068	-22.747	61
N	6.406	10.252	-21.698	62
CA	7.533	9.477	-21.189	62
C	8.068	8.54	-22.271	62
N	9.37	8.639	-22.533	63
CA	10.078	7.763	-23.459	63
C	10.034	6.323	-22.936	63
N	9.929	5.321	-23.824	64
CA	9.915	3.927	-23.398	64
C	11.26	3.508	-22.798	64
N	12.363	3.898	-23.43	65
CA	13.701	3.379	-23.134	65
C	14.129	3.492	-21.656	65
N	14.048	4.649	-20.965	66
CA	14.445	4.704	-19.556	66
C	13.59	3.8	-18.654	66
N	12.303	3.626	-18.98	67
CA	11.383	2.761	-18.225	67
C	11.687	1.282	-18.478	67
N	11.915	0.885	-19.735	68
CA	12.317	-0.483	-20.083	68
C	13.659	-0.85	-19.442	68
N	14.664	0.019	-19.561	69
CA	15.984	-0.197	-18.971	69
C	15.912	-0.33	-17.438	69
N	15.104	0.501	-16.767	70
CA	14.892	0.392	-15.323	70
C	14.19	-0.919	-14.936	70
N	13.23	-1.381	-15.744	71
CA	12.564	-2.669	-15.531	71
C	13.502	-3.866	-15.727	71
N	14.447	-3.796	-16.669	72
CA	15.44	-4.856	-16.917	72
C	16.426	-5.047	-15.752	72
N	16.651	-4.006	-14.949	73
CA	17.53	-4.037	-13.771	73
C	16.823	-4.566	-12.507	73
N	15.507	-4.79	-12.577	74
CA	14.734	-5.392	-11.498	74
C	14.666	-6.918	-11.643	74
N	14.731	-7.631	-10.513	75
CA	14.506	-9.086	-10.429	75
C	13.019	-9.459	-10.629	75
N	12.45	-9.133	-11.79	76
CA	11.054	-9.43	-12.125	76
C	10.885	-10.88	-12.581	76
N	9.747	-11.47	-12.231	77
CA	9.341	-12.821	-12.64	77
C	8.009	-12.758	-13.38	77
N	7.574	-13.863	-13.984	78
CA	6.233	-13.954	-14.586	78
C	5.092	-13.739	-13.569	78
N	5.37	-13.864	-12.265	79
CA	4.402	-13.636	-11.188	79
C	4.428	-12.193	-10.657	79
N	5.408	-11.381	-11.066	80
CA	5.51	-9.981	-10.647	80
C	4.351	-9.18	-11.234	80
N	3.653	-8.425	-10.381	81
CA	2.566	-7.536	-10.807	81
C	3.144	-6.181	-11.184	81
N	3.136	-5.846	-12.468	82
CA	3.621	-4.56	-12.982	82
C	2.419	-3.663	-13.246	82
N	2.226	-2.682	-12.373	83
CA	1.023	-1.86	-12.308	83
C	1.313	-0.476	-12.885	83
N	0.64	-0.137	-13.983	84
CA	0.678	1.196	-14.574	84
C	-0.353	2.096	-13.903	84
N	0.11	3.212	-13.343	85
CA	-0.783	4.166	-12.698	85
C	-1.381	5.119	-13.72	85
N	-2.649	4.915	-14.081	86
CA	-3.288	5.733	-15.105	86
C	-4.81	5.844	-14.905	86
N	-5.426	6.978	-15.286	87
CA	-6.865	7.182	-15.119	87
C	-7.728	6.272	-16.011	87
N	-7.139	5.614	-17.018	88
CA	-7.829	4.691	-17.934	88
C	-7.94	3.259	-17.377	88
N	-7.27	2.97	-16.256	89
CA	-7.233	1.639	-15.657	89
C	-8.514	1.242	-14.921	89
N	-8.543	0.002	-14.429	90
CA	-9.604	-0.482	-13.543	90
C	-9.646	0.391	-12.271	90
N	-10.817	0.902	-11.849	91
CA	-10.929	1.625	-10.588	91
C	-10.472	0.773	-9.397	91
N	-9.544	1.302	-8.603	92
CA	-9.006	0.607	-7.443	92
C	-10.095	0.365	-6.392	92
N	-10.253	-0.896	-5.993	93
CA	-11.259	-1.337	-5.028	93
C	-10.621	-2.09	-3.863	93
N	-11.357	-2.247	-2.757	94
CA	-10.9	-3.086	-1.644	94
C	-10.614	-4.529	-2.097	94
N	-11.428	-5.078	-3.006	95
CA	-11.208	-6.42	-3.547	95
C	-9.901	-6.514	-4.346	95
N	-9.558	-5.471	-5.116	96
CA	-8.262	-5.382	-5.8	96
C	-7.109	-5.284	-4.797	96
N	-7.271	-4.547	-3.696	97
CA	-6.273	-4.503	-2.624	97
C	-6.039	-5.89	-1.99	97
N	-7.105	-6.656	-1.719	98
CA	-7.037	-8.043	-1.203	98
C	-6.404	-9.01	-2.21	98
N	-6.632	-8.798	-3.505	99
CA	-5.98	-9.564	-4.568	99
C	-4.469	-9.287	-4.581	99
N	-4.09	-8.009	-4.648	100
CA	-2.698	-7.564	-4.703	100
C	-1.936	-7.839	-3.401	100
N	-2.609	-7.919	-2.247	101
CA	-1.964	-8.239	-0.964	101
C	-1.378	-9.651	-0.895	101
N	-1.711	-10.507	-1.867	102
CA	-1.187	-11.87	-2.013	102
C	0.013	-11.954	-2.956	102
N	0.355	-10.873	-3.659	103
CA	1.513	-10.852	-4.54	103
C	2.812	-10.83	-3.724	103
N	3.812	-11.585	-4.171	104
CA	5.142	-11.538	-3.562	104
C	5.899	-10.27	-3.969	104
N	5.673	-9.795	-5.199	105
CA	6.361	-8.659	-5.805	105
C	5.41	-7.802	-6.648	105
N	5.398	-6.5	-6.368	106
CA	4.673	-5.48	-7.129	106
C	5.674	-4.438	-7.632	106
N	5.512	-3.998	-8.874	107
CA	6.228	-2.859	-9.446	107
C	5.209	-1.809	-9.865	107
N	5.306	-0.597	-9.328	108
CA	4.495	0.536	-9.771	108
C	5.254	1.365	-10.802	108
N	4.637	1.624	-11.954	109
CA	5.141	2.586	-12.938	109
C	4.381	3.902	-12.743	109
N	5.085	4.913	-12.229	110
CA	4.546	6.236	-11.938	110
C	4.781	7.182	-13.118	110
N	3.696	7.561	-13.78	111
CA	3.716	8.468	-14.92	111
C	3.782	9.923	-14.521	111
N	4.133	10.744	-15.503	112
CA	4.141	12.204	-15.473	112
C	3.74	12.725	-16.852	112
N	3.642	14.048	-16.974	113
CA	3.357	14.728	-18.238	113
C	1.998	14.289	-18.825	113
N	1.905	14.054	-20.137	114
CA	0.69	13.525	-20.783	114
C	0.529	12.008	-20.601	114
N	1.544	11.338	-20.048	115
CA	1.541	9.906	-19.791	115
C	2.728	9.192	-20.424	115
N	2.455	8.01	-20.962	116
CA	3.458	7.01	-21.306	116
C	3.489	6.768	-22.807	116
N	4.657	6.42	-23.341	117
CA	4.695	5.731	-24.621	117
C	3.894	4.428	-24.509	117
N	2.971	4.211	-25.442	118
CA	2.03	3.091	-25.39	118
C	2.734	1.722	-25.346	118
N	3.98	1.623	-25.83	119
CA	4.769	0.384	-25.749	119
C	5.119	-0.011	-24.314	119
N	5.197	0.938	-23.375	120
CA	5.351	0.629	-21.941	120
C	4.149	-0.205	-21.492	120
N	2.944	0.278	-21.807	121
CA	1.681	-0.383	-21.48	121
C	1.58	-1.764	-22.122	121
N	1.848	-1.886	-23.419	122
CA	1.582	-3.148	-24.13	122
C	2.599	-4.26	-23.873	122
N	3.775	-3.958	-23.312	123
CA	4.854	-4.943	-23.153	123
C	5.304	-5.189	-21.713	123
N	5.148	-4.221	-20.805	124
CA	5.652	-4.344	-19.431	124
C	4.543	-4.588	-18.409	124
N	3.328	-4.122	-18.692	125
CA	2.279	-3.937	-17.688	125
C	1.387	-5.171	-17.589	125
N	1.137	-5.625	-16.362	126
CA	0.139	-6.662	-16.061	126
C	-1.216	-6.056	-15.718	126
N	-1.22	-4.865	-15.114	127
CA	-2.424	-4.207	-14.622	127
C	-2.385	-2.705	-14.855	127
N	-3.517	-2.157	-15.267	128
CA	-3.738	-0.72	-15.273	128
C	-4.732	-0.388	-14.181	128
N	-4.36	0.506	-13.27	129
CA	-5.218	0.851	-12.138	129
C	-5.422	2.364	-12.083	129
N	-6.679	2.764	-11.9	130
CA	-7.103	4.146	-11.679	130
C	-7.48	4.356	-10.214	130
N	-7.155	5.52	-9.652	131
CA	-7.588	5.88	-8.293	131
C	-9.005	6.451	-8.233	131
N	-9.598	6.739	-9.388	132
CA	-10.932	7.301	-9.513	132
C	-11.042	8.229	-10.715	132
N	-12.245	8.756	-10.921	133
CA	-12.605	9.554	-12.097	133
C	-12.123	11.013	-11.963	133
N	-10.812	11.185	-11.808	134
CA	-10.113	12.465	-11.734	134
C	-8.666	12.314	-12.225	134
N	-8.02	13.436	-12.548	135
CA	-6.654	13.459	-13.09	135
C	-5.692	14.032	-12.053	135
N	-4.536	13.387	-11.897	136
CA	-3.422	13.843	-11.065	136
C	-2.217	14.176	-11.946	136
N	-1.267	14.934	-11.402	137
CA	-0.043	15.323	-12.121	137
C	0.972	14.191	-12.253	137
N	0.813	13.109	-11.487	138
CA	1.697	11.955	-11.553	138
C	1.162	10.725	-10.823	138
N	1.867	9.608	-10.999	139
CA	1.503	8.295	-10.46	139
C	1.929	8.036	-9.01	139
N	2.709	8.925	-8.388	140
CA	3.285	8.703	-7.054	140
C	2.221	8.643	-5.949	140
N	1.265	9.581	-5.947	141
CA	0.167	9.59	-4.97	141
C	-0.74	8.349	-5.112	141
N	-1.16	7.943	-6.331	142
CA	-1.797	6.651	-6.567	142
C	-1.03	5.458	-6.006	142
N	0.26	5.34	-6.329	143
CA	1.082	4.213	-5.902	143
C	1.209	4.145	-4.37	143
N	1.409	5.288	-3.701	144
CA	1.426	5.359	-2.234	144
C	0.072	4.99	-1.616	144
N	-1.033	5.454	-2.208	145
CA	-2.388	5.155	-1.715	145
C	-2.712	3.668	-1.85	145
N	-2.39	3.065	-2.999	146
CA	-2.542	1.625	-3.205	146
C	-1.677	0.829	-2.234	146
N	-0.426	1.247	-2.036	147
CA	0.488	0.589	-1.099	147
C	-0.079	0.566	0.312	147
N	-0.612	1.686	0.81	148
CA	-1.215	1.737	2.146	148
C	-2.36	0.72	2.298	148
N	-3.251	0.676	1.302	149
CA	-4.388	-0.236	1.27	149
C	-3.988	-1.718	1.139	149
N	-2.915	-2.026	0.406	150
CA	-2.414	-3.393	0.19	150
C	-1.66	-3.891	1.426	150
N	-0.706	-3.1	1.92	151
CA	0.227	-3.504	2.981	151
C	-0.503	-3.783	4.288	151
N	-1.547	-3.01	4.609	152
CA	-2.349	-3.246	5.818	152
C	-3.068	-4.604	5.828	152
N	-3.261	-5.233	4.666	153
CA	-3.9	-6.548	4.529	153
C	-2.903	-7.712	4.659	153
N	-1.597	-7.435	4.736	154
CA	-0.572	-8.47	4.896	154
C	-0.603	-9.012	6.341	154
N	-0.655	-10.346	6.541	155
CA	-0.664	-10.946	7.873	155
C	0.516	-10.506	8.753	155
N	0.18	-9.956	9.921	156
CA	1.129	-9.446	10.912	156
C	1.556	-7.986	10.724	156
N	1.018	-7.256	9.737	157
CA	1.237	-5.801	9.621	157
C	0.342	-5.031	10.591	157
N	-0.956	-5.341	10.605	158
CA	-1.866	-4.859	11.64	158
C	-1.76	-5.773	12.864	158
N	-1.668	-5.182	14.058	159
CA	-1.417	-5.933	15.295	159
C	-2.54	-6.895	15.702	159
N	-3.777	-6.654	15.259	160
CA	-4.907	-7.558	15.456	160
C	-5.547	-7.856	14.094	160
N	-5.65	-9.134	13.727	161
CA	-6.224	-9.55	12.441	161
C	-7.693	-9.137	12.304	161
N	-8.441	-9.062	13.41	162
CA	-9.83	-8.591	13.383	162
C	-9.963	-7.131	12.938	162
N	-8.905	-6.318	13.051	163
CA	-8.995	-4.879	12.791	163
C	-9.375	-4.514	11.36	163
N	-9.173	-5.392	10.372	164
CA	-9.564	-5.101	8.987	164
C	-10.838	-5.823	8.531	164
N	-11.341	-6.789	9.305	165
CA	-12.536	-7.558	8.935	165
C	-13.816	-6.721	9.062	165
N	-13.835	-5.786	10.014	166
CA	-14.976	-4.9	10.272	166
C	-14.912	-3.567	9.507	166
N	-13.833	-3.324	8.755	167
CA	-13.645	-2.09	7.995	167
C	-14.725	-1.909	6.922	167
N	-14.888	-0.657	6.495	168
CA	-15.725	-0.354	5.337	168
C	-15.25	-1.139	4.108	168
N	-16.211	-1.671	3.353	169
CA	-16.059	-2.467	2.131	169
C	-15.581	-3.915	2.317	169
N	-15.071	-4.314	3.488	170
CA	-14.585	-5.685	3.731	170
C	-15.676	-6.746	3.555	170
N	-16.897	-6.458	4.012	171
CA	-18.081	-7.294	3.783	171
C	-19.042	-6.701	2.741	171
N	-18.664	-5.608	2.072	172
CA	-19.511	-4.898	1.109	172
C	-20.395	-3.791	1.7	172
N	-20.339	-3.533	3.013	173
CA	-21.03	-2.414	3.671	173
C	-20.041	-1.367	4.206	173
N	-20.541	-0.19	4.587	174
CA	-19.773	0.784	5.366	174
C	-19.73	0.391	6.85	174
N	-18.658	0.779	7.538	175
CA	-18.477	0.557	8.977	175
C	-19.477	1.372	9.827	175
N	-19.822	0.85	11.004	176
CA	-20.664	1.503	12.009	176
C	-19.99	2.741	12.654	176
N	-20.741	3.649	13.313	177
CA	-20.155	4.77	14.046	177
C	-19.328	4.293	15.239	177
N	-18.128	4.851	15.37	178
CA	-17.258	4.648	16.521	178
C	-17.456	5.767	17.547	178
N	-17.364	5.403	18.823	179
CA	-17.433	6.319	19.957	179
C	-16.285	6.011	20.915	179
N	-15.731	7.043	21.546	180
CA	-14.683	6.895	22.561	180
C	-14.954	7.82	23.74	180
N	-14.119	7.733	24.775	181
CA	-14.217	8.588	25.961	181
C	-14.021	10.063	25.569	181
N	-14.718	11.011	26.221	182
CA	-15.646	10.844	27.353	182
C	-17.059	10.372	26.948	182
N	-17.853	9.876	27.918	183
CA	-19.25	9.424	27.693	183
C	-20.153	10.535	27.147	183
N	-19.941	11.763	27.603	184
CA	-20.642	12.949	27.127	184
C	-19.613	13.991	26.696	184
N	-19.798	14.543	25.501	185
CA	-18.99	15.636	24.983	185
C	-19.908	16.716	24.415	185
N	-19.924	17.896	25.051	186
CA	-20.766	19.041	24.652	186
C	-22.264	18.688	24.526	186
N	-22.805	17.916	25.472	187
CA	-24.204	17.466	25.455	187
C	-24.506	16.312	24.49	187
N	-23.517	15.83	23.726	188
CA	-23.649	14.651	22.869	188
C	-23.211	13.411	23.649	188
N	-24.115	12.448	23.81	189
CA	-23.876	11.224	24.579	189
C	-23.532	10.039	23.678	189
N	-22.676	9.148	24.181	190
CA	-22.479	7.815	23.594	190
C	-23.788	7.016	23.717	190
N	-24.249	6.316	22.658	191
CA	-25.436	5.463	22.718	191
C	-25.394	4.481	23.894	191
N	-26.449	4.441	24.713	192
CA	-26.465	3.642	25.951	192
C	-26.233	2.141	25.71	192
N	-26.614	1.625	24.537	193
CA	-26.335	0.237	24.131	193
C	-24.838	-0.09	24.147	193
N	-23.977	0.861	23.766	194
CA	-22.516	0.71	23.78	194
C	-21.928	0.72	25.195	194
N	-22.708	1.169	26.177	195
CA	-22.324	1.24	27.586	195
C	-22.895	0.074	28.405	195
N	-23.718	-0.779	27.788	196
CA	-24.441	-1.857	28.472	196
C	-23.567	-3.051	28.871	196
N	-22.408	-3.23	28.224	197
CA	-21.573	-4.432	28.354	197
C	-22.178	-5.697	27.726	197
N	-23.368	-5.615	27.122	198
CA	-24.002	-6.746	26.457	198
C	-23.498	-6.852	25.01	198
N	-22.546	-7.759	24.776	199
CA	-21.931	-7.979	23.463	199
C	-22.958	-8.237	22.351	199
N	-23.977	-9.071	22.592	200
CA	-24.999	-9.37	21.586	200
C	-25.814	-8.127	21.184	200
N	-26.176	-7.277	22.151	201
CA	-26.88	-6.024	21.86	201
C	-25.982	-5.019	21.126	201
N	-24.694	-4.973	21.474	202
CA	-23.708	-4.105	20.822	202
C	-23.512	-4.528	19.365	202
N	-23.35	-5.821	19.099	203
CA	-23.131	-6.339	17.747	203
C	-24.379	-6.167	16.871	203
N	-25.575	-6.421	17.42	204
CA	-26.836	-6.152	16.729	204
C	-26.996	-4.662	16.38	204
N	-26.66	-3.772	17.319	205
CA	-26.697	-2.333	17.078	205
C	-25.667	-1.905	16.027	205
N	-24.435	-2.425	16.09	206
CA	-23.386	-2.149	15.097	206
C	-23.848	-2.543	13.701	206
N	-24.397	-3.745	13.547	207
CA	-24.936	-4.229	12.276	207
C	-26.059	-3.334	11.734	207
N	-27.023	-2.959	12.583	208
CA	-28.074	-2.001	12.218	208
C	-27.487	-0.661	11.742	208
N	-26.462	-0.141	12.421	209
CA	-25.821	1.106	12.012	209
C	-25.009	0.988	10.714	209
N	-24.364	-0.157	10.435	210
CA	-23.707	-0.416	9.137	210
C	-24.719	-0.278	8.002	210
N	-25.868	-0.945	8.128	211
CA	-26.952	-0.906	7.142	211
C	-27.492	0.513	6.939	211
N	-27.845	1.207	8.027	212
CA	-28.391	2.572	7.971	212
C	-27.392	3.538	7.327	212
N	-26.119	3.483	7.729	213
CA	-25.089	4.364	7.173	213
C	-24.842	4.083	5.697	213
N	-24.786	2.811	5.316	214
CA	-24.595	2.407	3.92	214
C	-25.779	2.859	3.074	214
N	-27.016	2.646	3.531	215
CA	-28.221	3.142	2.858	215
C	-28.183	4.655	2.605	215
N	-27.752	5.44	3.595	216
CA	-27.731	6.898	3.477	216
C	-26.587	7.446	2.614	216
N	-25.411	6.805	2.628	217
CA	-24.193	7.351	1.997	217
C	-23.801	6.659	0.695	217
N	-24.101	5.368	0.575	218
CA	-23.721	4.479	-0.531	218
C	-24.859	3.49	-0.826	218
N	-26.044	3.982	-1.24	219
CA	-27.193	3.122	-1.534	219
C	-26.885	2.072	-2.614	219
N	-25.943	2.36	-3.514	220
CA	-25.439	1.432	-4.531	220
C	-24.818	0.148	-3.946	220
N	-24.267	0.208	-2.727	221
CA	-23.763	-0.974	-2.026	221
C	-24.906	-1.807	-1.442	221
N	-25.961	-1.159	-0.934	222
CA	-27.159	-1.853	-0.436	222
C	-27.851	-2.631	-1.559	222
N	-27.904	-2.077	-2.772	223
CA	-28.508	-2.736	-3.94	223
C	-27.796	-4.04	-4.329	223
N	-26.481	-4.114	-4.099	224
CA	-25.642	-5.278	-4.426	224
C	-25.493	-6.256	-3.26	224
N	-25.739	-5.805	-2.033	225
CA	-25.54	-6.604	-0.831	225
C	-26.657	-7.654	-0.661	225
N	-26.336	-8.924	-0.338	226
CA	-27.322	-9.993	-0.163	226
C	-28.082	-9.858	1.17	226
N	-28.949	-8.844	1.267	227
CA	-29.721	-8.528	2.471	227
C	-30.561	-9.719	2.947	227
N	-30.383	-10.081	4.213	228
CA	-31.255	-11.025	4.907	228
C	-32.641	-10.416	5.151	228
N	-33.611	-11.247	5.54	229
CA	-34.932	-10.747	5.933	229
C	-34.862	-9.81	7.153	229
N	-33.921	-10.037	8.077	230
CA	-33.705	-9.162	9.228	230
C	-33.171	-7.784	8.795	230
N	-32.238	-7.75	7.84	231
CA	-31.664	-6.502	7.315	231
C	-32.726	-5.648	6.622	231
N	-33.588	-6.292	5.825	232
CA	-34.723	-5.623	5.177	232
C	-35.667	-5.011	6.21	232
N	-35.967	-5.721	7.3	233
CA	-36.802	-5.184	8.38	233
C	-36.154	-3.981	9.078	233
N	-34.837	-4.008	9.312	234
CA	-34.086	-2.866	9.859	234
C	-34.239	-1.643	8.945	234
N	-33.956	-1.8	7.649	235
CA	-34.035	-0.703	6.682	235
C	-35.467	-0.173	6.522	235
N	-36.485	-1.036	6.536	236
CA	-37.885	-0.598	6.483	236
C	-38.298	0.184	7.737	236
N	-37.914	-0.263	8.944	237
CA	-38.145	0.518	10.175	237
C	-37.471	1.886	10.101	237
N	-36.233	1.933	9.611	238
CA	-35.493	3.179	9.442	238
C	-36.193	4.139	8.463	238
N	-36.618	3.648	7.29	239
CA	-37.371	4.435	6.294	239
C	-38.707	4.954	6.831	239
N	-39.419	4.165	7.641	240
CA	-40.66	4.608	8.298	240
C	-40.368	5.738	9.294	240
N	-39.262	5.651	10.04	241
CA	-38.813	6.704	10.954	241
C	-38.525	8.025	10.239	241
N	-37.857	7.972	9.081	242
CA	-37.577	9.152	8.25	242
C	-38.835	9.853	7.718	242
N	-39.955	9.141	7.542	243
CA	-41.226	9.744	7.09	243
C	-42.009	10.431	8.213	243
N	-41.639	10.191	9.474	244
CA	-42.33	10.728	10.658	244
C	-41.625	11.938	11.28	244
N	-40.386	12.226	10.881	245
CA	-39.605	13.396	11.302	245
C	-39.471	14.399	10.173	245
