ATOM	X	Y	Z	RESIDUE
N	20.52	0.72	5.183	1
CA	19.551	-0.319	5.675	1
C	18.15	0.033	6.263	1
N	16.822	-0.396	6.2	2
CA	15.826	0.52	6.717	2
C	14.256	0.609	6.928	2
N	13.811	-0.533	6.669	3
CA	13.509	-1.48	7.738	3
C	12.478	-1.044	8.781	3
N	11.284	-0.634	8.338	4
CA	10.351	-0.108	9.348	4
C	9.509	-1.243	9.904	4
N	8.649	-0.855	10.854	5
CA	7.895	-1.853	11.617	5
C	6.906	-2.598	10.722	5
N	6.577	-3.811	11.169	6
CA	5.51	-4.549	10.481	6
C	5.183	-5.782	11.306	6
N	4.899	-6.879	10.607	7
CA	4.48	-8.097	11.229	7
C	5.303	-9.296	10.739	7
N	6.52	-9.08	10.232	8
CA	7.349	-10.233	9.828	8
C	8.223	-10.711	10.954	8
N	9.147	-11.623	10.615	9
CA	10.113	-12.197	11.549	9
C	11.085	-11.184	12.089	9
N	11.398	-10.213	11.213	10
CA	12.452	-9.309	11.628	10
C	12.007	-7.919	12.02	10
N	10.711	-7.611	11.863	11
CA	10.215	-6.284	12.234	11
C	8.859	-6.334	12.98	11
N	8.514	-7.472	13.533	12
CA	7.253	-7.685	14.24	12
C	7.187	-7.05	15.606	12
N	6.051	-7.281	16.288	13
CA	5.768	-6.638	17.58	13
C	6.885	-6.704	18.588	13
N	7.689	-7.752	18.623	14
CA	8.764	-7.794	19.618	14
C	9.888	-6.849	19.308	14
N	9.881	-6.198	18.141	15
CA	10.919	-5.286	17.726	15
C	10.528	-3.816	17.835	15
N	9.194	-3.583	17.984	16
CA	8.674	-2.224	17.892	16
C	9.253	-1.304	18.958	16
N	9.586	-1.855	20.115	17
CA	10.105	-0.998	21.18	17
C	11.393	-0.261	20.821	17
N	12.15	-0.755	19.852	18
CA	13.388	-0.011	19.49	18
C	13.103	1.306	18.823	18
N	12.051	1.393	17.99	19
CA	11.679	2.694	17.446	19
C	10.622	3.407	18.261	19
N	9.841	2.643	19.035	20
CA	8.71	3.222	19.784	20
C	8.796	2.771	21.198	20
N	9.654	3.357	22.026	21
CA	9.887	2.859	23.366	21
C	8.644	2.781	24.244	21
N	7.601	3.551	23.898	22
CA	6.342	3.464	24.652	22
C	5.702	2.079	24.53	22
N	6.202	1.228	23.633	23
CA	5.747	-0.152	23.54	23
C	5.887	-0.872	24.853	23
N	6.787	-0.468	25.732	24
CA	6.984	-1.078	27.042	24
C	6.364	-0.224	28.135	24
N	5.379	0.63	27.796	25
CA	4.772	1.591	28.695	25
C	3.761	1.034	29.674	25
N	3.149	1.932	30.415	26
CA	2.304	1.572	31.535	26
C	0.87	1.281	31.119	26
N	0.441	1.588	29.893	27
CA	-0.977	1.341	29.569	27
C	-1.056	0.912	28.076	27
N	-0.313	-0.152	27.757	28
CA	-0.296	-0.665	26.377	28
C	-1.44	-1.64	26.119	28
N	-1.83	-1.714	24.871	29
CA	-2.893	-2.6	24.405	29
C	-2.385	-3.499	23.285	29
N	-3.009	-4.64	23.022	30
CA	-4.169	-5.182	23.707	30
C	-3.741	-5.844	24.991	30
N	-4.712	-6.366	25.715	31
CA	-4.513	-7.146	26.932	31
C	-5.412	-8.367	26.886	31
N	-5.048	-9.356	27.736	32
CA	-5.981	-10.425	28.053	32
C	-7.046	-9.94	29.046	32
N	-8.272	-10.28	28.746	33
CA	-9.427	-9.955	29.613	33
C	-9.734	-11.211	30.421	33
N	-9.312	-11.137	31.676	34
CA	-9.65	-12.21	32.636	34
C	-11.053	-11.973	33.165	34
N	-11.975	-12.764	32.691	35
CA	-13.4	-12.46	32.925	35
C	-13.759	-12.646	34.371	35
N	-13.032	-13.478	35.105	36
CA	-13.355	-13.619	36.54	36
C	-12.82	-12.472	37.36	36
N	-11.789	-11.751	37.008	37
CA	-11.163	-10.623	37.655	37
C	-11.692	-9.249	37.232	37
N	-12.298	-9.146	36.073	38
CA	-12.987	-7.869	35.676	38
C	-14.071	-7.58	36.718	38
N	-14.245	-6.304	37.044	39
CA	-15.247	-5.901	38.024	39
C	-16.463	-5.279	37.346	39
N	-17.648	-5.775	37.689	40
CA	-18.88	-5.04	37.432	40
C	-18.806	-3.62	37.982	40
N	-19.115	-2.646	37.133	41
CA	-19.114	-1.246	37.539	41
C	-20.477	-0.603	37.306	41
N	-21.356	-0.714	38.296	42
CA	-22.78	-0.43	38.098	42
C	-23.021	1.033	37.739	42
N	-21.991	1.86	37.887	43
CA	-22.078	3.266	37.512	43
C	-21.828	3.456	36.02	43
N	-21.507	2.341	35.337	44
CA	-21.28	2.383	33.905	44
C	-22.593	2.464	33.125	44
N	-22.781	3.553	32.387	45
CA	-23.982	3.741	31.589	45
C	-23.906	2.912	30.315	45
N	-25.053	2.728	29.673	46
CA	-25.119	2.0	28.422	46
C	-24.342	2.835	27.436	46
N	-23.757	2.133	26.553	47
CA	-23.148	2.69	25.389	47
C	-24.218	3.37	24.548	47
N	-23.898	4.463	23.924	48
CA	-24.727	5.048	22.878	48
C	-23.908	4.998	21.595	48
N	-24.335	4.156	20.661	49
CA	-23.692	4.02	19.354	49
C	-24.628	4.69	18.353	49
N	-24.326	5.843	17.797	50
CA	-25.149	6.565	16.909	50
C	-24.693	6.616	15.505	50
N	-24.988	5.606	14.678	51
CA	-24.401	5.476	13.355	51
C	-25.392	5.727	12.232	51
N	-26.613	6.204	12.578	52
CA	-27.6	6.371	11.506	52
C	-27.191	7.41	10.487	52
N	-26.392	8.418	10.735	53
CA	-25.992	9.349	9.679	53
C	-24.555	9.129	9.184	53
N	-23.983	7.945	9.455	54
CA	-22.593	7.7	9.059	54
C	-22.389	7.882	7.58	54
N	-21.255	8.479	7.229	55
CA	-20.921	8.764	5.849	55
C	-19.572	8.12	5.55	55
N	-19.565	6.908	5.025	56
CA	-18.298	6.291	4.628	56
C	-17.803	6.944	3.354	56
N	-16.509	6.949	3.144	57
CA	-15.934	7.586	1.963	57
C	-15.133	6.643	1.093	57
N	-14.248	5.852	1.712	58
CA	-13.193	5.212	0.982	58
C	-12.683	4.013	1.758	58
N	-12.03	3.093	1.071	59
CA	-11.365	1.963	1.744	59
C	-9.929	1.989	1.233	59
N	-8.957	1.801	2.127	60
CA	-7.544	1.962	1.821	60
C	-6.754	0.764	2.337	60
N	-5.902	0.16	1.532	61
CA	-4.906	-0.808	2.045	61
C	-3.715	0.003	2.454	61
N	-3.423	0.064	3.756	62
CA	-2.281	0.877	4.209	62
C	-1.039	0.067	4.434	62
N	-0.979	-1.19	3.992	63
CA	0.244	-1.983	4.188	63
C	0.201	-2.775	5.494	63
N	-0.683	-2.534	6.401	64
CA	-0.755	-3.36	7.635	64
C	-2.185	-3.885	7.778	64
N	-3.198	-3.216	7.311	65
CA	-4.589	-3.615	7.347	65
C	-5.319	-2.838	6.242	65
N	-6.633	-2.895	6.199	66
CA	-7.396	-1.958	5.373	66
C	-8.254	-1.115	6.286	66
N	-8.373	0.175	5.973	67
CA	-9.223	1.07	6.756	67
C	-10.433	1.459	5.91	67
N	-11.616	1.369	6.468	68
CA	-12.81	2.008	5.901	68
C	-12.933	3.372	6.6	68
N	-12.813	4.452	5.805	69
CA	-12.753	5.785	6.348	69
C	-14.086	6.507	6.231	69
N	-14.35	7.403	7.174	70
CA	-15.605	8.118	7.277	70
C	-15.372	9.616	7.243	70
N	-16.417	10.336	6.839	71
CA	-16.397	11.803	7.048	71
C	-16.562	12.119	8.519	71
N	-15.532	12.703	9.121	72
CA	-15.545	13.041	10.545	72
C	-15.462	14.576	10.707	72
N	-15.894	15.281	9.66	73
CA	-15.9	16.754	9.783	73
C	-17.197	17.221	10.388	73
N	-18.119	16.396	10.795	74
CA	-19.336	16.779	11.484	74
C	-19.748	15.632	12.413	74
N	-20.63	15.808	13.383	75
CA	-21.098	14.757	14.262	75
C	-22.095	13.84	13.533	75
N	-21.602	12.983	12.647	76
CA	-22.447	12.073	11.877	76
C	-22.553	10.65	12.379	76
N	-21.502	10.113	12.953	77
CA	-21.435	8.753	13.49	77
C	-20.64	8.914	14.789	77
N	-21.31	8.807	15.9	78
CA	-20.661	9.113	17.169	78
C	-20.926	8.015	18.191	78
N	-19.952	7.929	19.072	79
CA	-20.01	7.077	20.246	79
C	-20.029	7.995	21.474	79
N	-20.891	7.681	22.397	80
CA	-21.076	8.37	23.665	80
C	-21.47	7.383	24.755	80
N	-21.469	7.882	25.993	81
CA	-21.978	7.025	27.046	81
C	-20.973	6.012	27.472	81
N	-21.42	4.929	28.124	82
CA	-20.412	4.022	28.674	82
C	-19.508	4.713	29.666	82
N	-18.194	4.476	29.522	83
CA	-17.208	5.138	30.346	83
C	-16.843	6.552	29.854	83
N	-17.435	6.937	28.738	84
CA	-16.942	8.125	28.056	84
C	-17.576	9.404	28.596	84
N	-16.766	10.435	28.682	85
CA	-17.236	11.806	28.815	85
C	-17.214	12.507	27.48	85
N	-18.323	13.037	27.016	86
CA	-18.257	13.791	25.775	86
C	-18.589	12.933	24.547	86
N	-18.244	13.435	23.37	87
CA	-18.692	12.9	22.094	87
C	-17.46	12.459	21.297	87
N	-17.493	11.231	20.813	88
CA	-16.355	10.716	20.023	88
C	-16.813	10.382	18.625	88
N	-16.176	10.901	17.599	89
CA	-16.574	10.736	16.233	89
C	-15.841	9.598	15.543	89
N	-16.596	8.828	14.761	90
CA	-16.015	7.712	14.01	90
C	-15.149	8.239	12.889	90
N	-13.901	7.809	12.853	91
CA	-13.041	8.185	11.74	91
C	-12.751	7.043	10.793	91
N	-12.571	5.807	11.332	92
CA	-12.317	4.671	10.46	92
C	-12.584	3.401	11.254	92
N	-12.801	2.32	10.515	93
CA	-12.679	0.982	11.154	93
C	-11.731	0.152	10.329	93
N	-11.204	-0.894	11.0	94
CA	-10.29	-1.856	10.399	94
C	-10.384	-3.154	11.224	94
N	-9.71	-4.184	10.694	95
CA	-9.652	-5.481	11.358	95
C	-8.209	-5.922	11.595	95
N	-8.09	-6.877	12.467	96
CA	-6.895	-7.695	12.682	96
C	-7.318	-9.149	12.488	96
N	-6.497	-9.939	11.795	97
CA	-6.907	-11.342	11.567	97
C	-5.686	-12.229	11.448	97
N	-5.981	-13.56	11.462	98
CA	-4.947	-14.556	11.501	98
C	-4.724	-15.251	10.18	98
N	-3.698	-16.076	10.169	99
CA	-3.477	-17.018	9.039	99
C	-4.343	-18.262	9.2	99
N	-4.868	-18.521	10.355	100
CA	-5.654	-19.68	10.728	100
C	-6.812	-19.239	11.608	100
N	-7.889	-20.002	11.682	101
CA	-9.013	-19.548	12.484	101
C	-8.723	-19.477	13.976	101
N	-7.748	-20.198	14.475	102
CA	-7.358	-20.241	15.859	102
C	-6.653	-19.011	16.422	102
N	-6.376	-17.992	15.56	103
CA	-5.685	-16.807	16.056	103
C	-6.093	-15.66	15.135	103
N	-5.796	-14.436	15.595	104
CA	-6.107	-13.242	14.811	104
C	-6.57	-12.078	15.671	104
N	-7.186	-12.373	16.811	105
CA	-7.678	-11.249	17.661	105
C	-6.463	-10.705	18.475	105
N	-6.596	-9.423	18.799	106
CA	-5.588	-8.715	19.637	106
C	-5.902	-8.89	21.117	106
N	-7.126	-8.471	21.522	107
CA	-7.587	-8.863	22.851	107
C	-7.831	-10.36	22.866	107
N	-7.686	-10.896	24.088	108
CA	-8.076	-12.307	24.3	108
C	-9.007	-12.316	25.506	108
N	-9.756	-13.408	25.611	109
CA	-10.737	-13.515	26.712	109
C	-10.412	-14.807	27.462	109
N	-9.936	-14.69	28.673	110
CA	-9.445	-15.881	29.385	110
C	-8.467	-16.664	28.529	110
N	-7.582	-15.934	27.85	111
CA	-6.513	-16.395	26.993	111
C	-7.046	-16.953	25.683	111
N	-8.335	-16.984	25.415	112
CA	-8.899	-17.42	24.141	112
C	-8.664	-16.36	23.062	112
N	-8.138	-16.788	21.94	113
CA	-7.976	-15.975	20.733	113
C	-9.142	-16.198	19.804	113
N	-9.711	-15.142	19.244	114
CA	-10.719	-15.215	18.184	114
C	-10.041	-15.143	16.833	114
N	-10.78	-15.437	15.771	115
CA	-10.26	-15.471	14.425	115
C	-9.896	-14.083	13.91	115
N	-10.573	-13.06	14.43	116
CA	-10.297	-11.68	14.004	116
C	-10.912	-10.744	15.026	116
N	-10.586	-9.461	14.865	117
CA	-11.111	-8.417	15.761	117
C	-11.293	-7.145	14.929	117
N	-12.47	-6.546	15.055	118
CA	-12.848	-5.295	14.399	118
C	-12.618	-4.15	15.395	118
N	-11.98	-3.101	14.911	119
CA	-11.799	-1.86	15.695	119
C	-12.484	-0.701	15.018	119
N	-13.482	-0.119	15.701	120
CA	-14.12	1.121	15.247	120
C	-13.487	2.257	16.03	120
N	-12.748	3.096	15.29	121
CA	-11.93	4.127	15.959	121
C	-12.604	5.474	15.98	121
N	-12.705	6.07	17.17	122
CA	-13.372	7.368	17.32	122
C	-12.503	8.34	18.078	122
N	-12.652	9.63	17.797	123
CA	-11.817	10.638	18.495	123
C	-12.709	11.667	19.182	123
N	-12.186	12.136	20.329	124
CA	-12.908	13.059	21.191	124
C	-13.003	14.44	20.572	124
N	-14.23	14.899	20.323	125
CA	-14.362	16.152	19.569	125
C	-13.865	17.384	20.351	125
N	-13.646	17.263	21.646	126
CA	-13.081	18.452	22.32	126
C	-11.668	18.755	21.849	126
N	-10.984	17.849	21.177	127
CA	-9.633	18.133	20.705	127
C	-9.577	18.505	19.246	127
N	-10.716	18.585	18.533	128
CA	-10.756	19.286	17.245	128
C	-10.364	18.487	16.029	128
N	-9.309	17.644	16.146	129
CA	-8.992	16.717	15.052	129
C	-8.281	15.482	15.641	129
N	-8.209	14.453	14.79	130
CA	-7.625	13.183	15.22	130
C	-6.186	13.313	15.665	130
N	-5.398	14.125	14.914	131
CA	-4.003	14.262	15.238	131
C	-3.721	14.917	16.574	131
N	-4.605	15.816	17.022	132
CA	-4.48	16.382	18.363	132
C	-4.984	15.383	19.4	132
N	-6.061	14.647	19.04	133
CA	-6.659	13.718	20.01	133
C	-5.677	12.644	20.404	133
N	-4.854	12.131	19.488	134
CA	-3.982	11.03	19.884	134
C	-2.887	11.462	20.862	134
N	-2.745	12.751	21.094	135
CA	-1.75	13.247	22.07	135
C	-2.382	13.434	23.443	135
N	-3.606	12.957	23.645	136
CA	-4.312	13.205	24.918	136
C	-4.703	11.873	25.523	136
N	-4.692	11.76	26.851	137
CA	-5.001	10.509	27.506	137
C	-6.433	10.034	27.295	137
N	-7.336	10.93	27.014	138
CA	-8.711	10.553	26.691	138
C	-9.061	10.922	25.269	138
N	-8.116	10.819	24.35	139
CA	-8.361	11.295	23.012	139
C	-9.19	10.4	22.12	139
N	-9.064	9.074	22.32	140
CA	-9.725	8.133	21.43	140
C	-10.612	7.197	22.234	140
N	-11.63	6.699	21.518	141
CA	-12.435	5.577	22.044	141
C	-12.492	4.54	20.93	141
N	-12.048	3.334	21.247	142
CA	-12.08	2.285	20.21	142
C	-13.033	1.173	20.694	142
N	-14.003	0.93	19.842	143
CA	-14.973	-0.151	20.038	143
C	-14.397	-1.396	19.364	143
N	-14.114	-2.422	20.182	144
CA	-13.548	-3.665	19.69	144
C	-14.593	-4.79	19.678	144
N	-14.654	-5.521	18.597	145
CA	-15.673	-6.573	18.423	145
C	-14.95	-7.809	17.922	145
N	-15.109	-8.911	18.589	146
CA	-14.51	-10.177	18.168	146
C	-15.259	-10.808	17.01	146
N	-14.51	-11.491	16.137	147
CA	-15.077	-12.278	15.041	147
C	-14.743	-13.758	15.262	147
N	-15.783	-14.594	15.179	148
CA	-15.553	-16.043	15.126	148
C	-16.073	-16.556	13.794	148
N	-15.561	-17.72	13.391	149
CA	-15.971	-18.267	12.081	149
C	-17.168	-19.196	12.279	149
N	-18.224	-18.966	11.53	150
CA	-19.421	-19.798	11.531	150
C	-20.355	-19.341	10.414	150
N	-21.521	-18.79	10.733	151
CA	-22.382	-18.186	9.718	151
C	-21.74	-16.939	9.11	151
N	-22.149	-16.598	7.89	152
CA	-21.762	-15.338	7.286	152
C	-22.416	-14.172	8.009	152
N	-21.712	-13.031	8.0	153
CA	-22.223	-11.732	8.447	153
C	-22.655	-10.943	7.223	153
N	-23.947	-10.841	6.929	154
CA	-24.378	-10.16	5.69	154
C	-23.848	-8.74	5.604	154
N	-23.806	-8.036	6.706	155
CA	-23.35	-6.661	6.684	155
C	-21.872	-6.517	6.37	155
N	-21.092	-7.587	6.387	156
CA	-19.646	-7.502	6.051	156
C	-19.415	-7.693	4.595	156
N	-20.412	-8.222	3.86	157
CA	-20.084	-8.737	2.528	157
C	-19.696	-7.615	1.568	157
N	-20.273	-6.42	1.719	158
CA	-19.846	-5.326	0.831	158
C	-18.361	-4.998	1.026	158
N	-17.864	-5.138	2.237	159
CA	-16.416	-4.966	2.477	159
C	-15.616	-6.052	1.799	159
N	-15.99	-7.315	2.044	160
CA	-15.341	-8.474	1.388	160
C	-15.256	-8.303	-0.12	160
N	-16.335	-7.818	-0.717	161
CA	-16.34	-7.826	-2.178	161
C	-15.469	-6.74	-2.774	161
N	-15.165	-5.644	-2.061	162
CA	-14.259	-4.656	-2.653	162
C	-12.794	-4.97	-2.457	162
N	-12.424	-5.983	-1.67	163
CA	-11.035	-6.192	-1.309	163
C	-10.145	-6.498	-2.511	163
N	-10.77	-7.083	-3.547	164
CA	-10.001	-7.32	-4.764	164
C	-9.465	-6.062	-5.411	164
N	-10.124	-4.969	-5.18	165
CA	-9.71	-3.715	-5.805	165
C	-8.641	-3.017	-4.975	165
N	-8.326	-3.488	-3.749	166
CA	-7.301	-2.859	-2.944	166
C	-6.311	-3.91	-2.435	166
N	-5.857	-4.792	-3.337	167
CA	-5.111	-5.963	-2.911	167
C	-3.794	-5.567	-2.264	167
N	-3.155	-4.497	-2.786	168
CA	-1.783	-4.184	-2.411	168
C	-1.68	-2.813	-1.769	168
N	-0.621	-2.633	-1.008	169
CA	-0.365	-1.447	-0.229	169
C	-0.47	-0.18	-1.035	169
N	-1.25	0.804	-0.532	170
CA	-1.352	2.119	-1.176	170
C	-2.554	2.161	-2.096	170
N	-3.229	1.091	-2.399	171
CA	-4.451	1.115	-3.187	171
C	-5.629	1.563	-2.337	171
N	-6.46	2.402	-2.924	172
CA	-7.755	2.764	-2.338	172
C	-8.861	2.691	-3.345	172
N	-10.084	2.686	-2.853	173
CA	-11.276	2.611	-3.677	173
C	-12.371	3.395	-3.004	173
N	-13.246	3.984	-3.822	174
CA	-14.424	4.646	-3.303	174
C	-15.231	3.621	-2.515	174
N	-15.771	4.076	-1.381	175
CA	-16.555	3.134	-0.565	175
C	-17.612	3.896	0.184	175
N	-18.586	4.441	-0.547	176
CA	-19.654	5.24	0.015	176
C	-20.857	4.391	0.404	176
N	-21.673	4.993	1.244	177
CA	-22.966	4.445	1.656	177
C	-22.823	3.115	2.384	177
N	-21.722	2.881	3.071	178
CA	-21.61	1.662	3.859	178
C	-22.123	1.924	5.268	178
N	-22.943	1.021	5.791	179
CA	-23.6	1.197	7.086	179
C	-22.91	0.356	8.153	179
N	-22.131	0.94	9.038	180
CA	-21.389	0.101	10.02	180
C	-22.271	-0.547	11.07	180
N	-23.563	-0.121	11.103	181
CA	-24.476	-0.838	12.044	181
C	-24.6	-2.303	11.704	181
N	-24.335	-2.682	10.444	182
CA	-24.407	-4.078	10.089	182
C	-23.257	-4.926	10.584	182
N	-22.293	-4.372	11.287	183
CA	-21.169	-5.105	11.878	183
C	-21.333	-5.331	13.38	183
N	-22.443	-4.851	13.971	184
CA	-22.552	-4.924	15.434	184
C	-23.258	-6.178	15.886	184
N	-22.902	-6.76	17.021	185
CA	-23.678	-7.876	17.569	185
C	-24.963	-7.33	18.216	185
N	-25.803	-8.26	18.694	186
CA	-27.063	-7.902	19.315	186
C	-26.858	-7.153	20.593	186
N	-25.963	-7.618	21.467	187
CA	-25.743	-7.021	22.774	187
C	-24.634	-5.993	22.771	187
N	-24.765	-4.894	23.487	188
CA	-23.672	-3.964	23.694	188
C	-23.029	-4.158	25.071	188
N	-23.159	-5.27	25.77	189
CA	-22.42	-5.5	26.997	189
C	-20.903	-5.434	26.685	189
N	-20.141	-4.827	27.595	190
CA	-18.726	-4.608	27.252	190
C	-17.846	-4.653	28.473	190
N	-16.551	-4.764	28.199	191
CA	-15.481	-4.523	29.146	191
C	-14.755	-3.216	28.731	191
N	-14.187	-2.499	29.703	192
CA	-13.493	-1.242	29.347	192
C	-12.253	-1.069	30.207	192
N	-11.216	-0.486	29.626	193
CA	-9.989	-0.181	30.352	193
C	-9.249	0.87	29.569	193
N	-8.303	1.568	30.189	194
CA	-7.472	2.541	29.476	194
C	-6.251	1.884	28.815	194
N	-6.037	2.204	27.549	195
CA	-4.904	1.565	26.848	195
C	-4.366	2.42	25.768	195
N	-3.978	1.777	24.673	196
CA	-3.129	2.411	23.677	196
C	-3.598	2.027	22.271	196
N	-3.065	2.714	21.268	197
CA	-3.071	2.195	19.894	197
C	-2.342	0.868	19.859	197
N	-2.741	-0.047	18.982	198
CA	-2.05	-1.354	18.952	198
C	-1.089	-1.449	17.77	198
N	-0.956	-0.381	16.997	199
CA	0.148	-0.284	16.03	199
C	0.939	0.969	16.344	199
N	2.218	1.002	15.948	200
CA	2.987	2.253	16.105	200
C	2.244	3.455	15.557	200
N	2.253	4.587	16.235	201
CA	3.117	4.924	17.354	201
C	2.698	4.479	18.761	201
N	1.693	3.615	18.948	202
CA	1.411	2.939	20.205	202
C	1.064	3.967	21.287	202
N	0.475	5.096	20.878	203
CA	0.224	6.17	21.854	203
C	-0.839	5.767	22.862	203
N	-0.685	6.211	24.094	204
CA	-1.539	5.828	25.194	204
C	-2.693	6.794	25.348	204
N	-3.601	6.752	24.391	205
CA	-4.639	7.732	24.224	205
C	-6.008	7.085	24.126	205
N	-6.138	5.773	24.366	206
CA	-7.387	5.063	24.021	206
C	-8.14	4.645	25.234	206
N	-9.461	4.96	25.246	207
CA	-10.39	4.232	26.119	207
C	-10.915	3.047	25.306	207
N	-10.562	1.836	25.735	208
CA	-11.013	0.64	25.013	208
C	-12.384	0.225	25.484	208
N	-13.27	-0.137	24.602	209
CA	-14.601	-0.669	24.911	209
C	-14.721	-1.943	24.06	209
N	-14.593	-3.094	24.712	210
CA	-14.543	-4.369	24.02	210
C	-15.871	-5.109	24.272	210
N	-16.597	-5.382	23.193	211
CA	-17.905	-6.031	23.374	211
C	-17.716	-7.492	23.739	211
N	-18.597	-7.941	24.643	212
CA	-18.543	-9.364	25.026	212
C	-19.032	-10.308	23.955	212
N	-20.051	-9.923	23.191	213
CA	-20.6	-10.846	22.214	213
C	-19.868	-10.753	20.889	213
N	-19.317	-11.83	20.399	214
CA	-18.679	-11.796	19.076	214
C	-19.697	-11.747	17.948	214
N	-19.284	-11.327	16.777	215
CA	-20.074	-11.556	15.585	215
C	-19.487	-12.766	14.865	215
N	-20.314	-13.405	14.042	216
CA	-19.91	-14.587	13.298	216
C	-19.807	-14.307	11.806	216
N	-18.643	-14.601	11.237	217
CA	-18.406	-14.433	9.823	217
C	-18.151	-15.792	9.181	217
N	-18.281	-15.922	7.873	218
CA	-18.102	-17.278	7.307	218
C	-16.641	-17.499	6.987	218
N	-16.299	-18.778	6.789	219
CA	-14.947	-19.135	6.399	219
C	-14.664	-18.45	5.062	219
N	-15.619	-18.29	4.172	220
CA	-15.285	-17.67	2.908	220
C	-14.938	-16.187	3.07	220
N	-15.666	-15.539	3.999	221
CA	-15.372	-14.128	4.28	221
C	-13.969	-13.94	4.811	221
N	-13.564	-14.736	5.83	222
CA	-12.209	-14.522	6.372	222
C	-11.14	-14.936	5.372	222
N	-11.431	-15.926	4.531	223
CA	-10.455	-16.318	3.507	223
C	-10.178	-15.191	2.534	223
N	-11.146	-14.357	2.223	224
CA	-10.89	-13.189	1.401	224
C	-10.057	-12.159	2.098	224
N	-10.142	-11.969	3.398	225
CA	-9.171	-11.119	4.082	225
C	-7.743	-11.588	3.885	225
N	-7.563	-12.899	3.919	226
CA	-6.245	-13.475	3.836	226
C	-5.701	-13.44	2.416	226
N	-6.409	-12.975	1.416	227
CA	-5.852	-12.826	0.086	227
C	-5.27	-11.44	-0.119	227
N	-5.467	-10.497	0.805	228
CA	-4.809	-9.197	0.689	228
C	-3.295	-9.355	0.797	228
N	-2.59	-8.298	0.411	229
CA	-1.127	-8.285	0.443	229
C	-0.605	-7.145	1.311	229
N	0.484	-7.42	2.019	230
CA	1.21	-6.393	2.729	230
C	2.018	-5.514	1.778	230
N	2.46	-6.152	0.685	231
CA	3.345	-5.447	-0.248	231
C	2.586	-4.537	-1.194	231
N	3.397	-3.681	-1.847	232
CA	2.936	-2.877	-2.959	232
C	2.857	-3.655	-4.257	232
N	2.095	-3.158	-5.237	233
CA	2.026	-3.803	-6.545	233
C	3.422	-3.859	-7.181	233
N	3.742	-5.013	-7.76	234
CA	5.036	-5.232	-8.389	234
C	6.196	-5.481	-7.436	234
N	5.897	-5.68	-6.147	235
CA	6.838	-6.124	-5.132	235
C	6.503	-7.583	-4.839	235
N	7.432	-8.324	-4.227	236
CA	7.157	-9.737	-3.947	236
C	5.912	-9.957	-3.046	236
N	5.099	-10.925	-3.4	237
CA	3.827	-11.072	-2.672	237
C	4.034	-11.659	-1.281	237
N	3.443	-10.962	-0.303	238
CA	3.414	-11.339	1.083	238
C	1.969	-11.218	1.589	238
N	1.342	-12.335	1.885	239
CA	-0.072	-12.257	2.261	239
C	-0.251	-11.492	3.542	239
N	-1.293	-10.654	3.567	240
CA	-1.635	-9.884	4.78	240
C	-2.429	-10.83	5.704	240
N	-1.681	-11.422	6.625	241
CA	-2.244	-12.3	7.644	241
C	-1.426	-12.068	8.923	241
N	-2.048	-12.373	10.064	242
CA	-1.359	-12.268	11.345	242
C	-0.874	-10.851	11.599	242
N	-1.786	-9.907	11.324	243
CA	-1.495	-8.499	11.6	243
C	-2.047	-8.056	12.942	243
N	-1.818	-8.867	13.962	244
CA	-2.276	-8.627	15.329	244
C	-1.086	-8.5	16.27	244
N	-1.173	-7.558	17.199	245
CA	-0.243	-7.449	18.319	245
C	-0.681	-8.387	19.432	245
N	0.203	-9.159	20.071	246
CA	-0.235	-10.024	21.169	246
C	-0.535	-9.231	22.43	246
N	-1.163	-9.902	23.399	247
CA	-1.508	-9.256	24.662	247
C	-0.276	-8.733	25.394	247
N	-0.395	-7.574	25.973	248
CA	0.61	-6.852	26.745	248
C	0.302	-6.895	28.228	248
N	1.28	-6.66	29.09	249
CA	0.984	-6.701	30.529	249
C	-0.023	-5.642	30.969	249
N	-0.913	-6.099	31.857	250
CA	-1.957	-5.224	32.363	250
C	-1.413	-4.146	33.29	250
N	-0.33	-4.451	34.018	251
CA	0.277	-3.463	34.928	251
C	-0.759	-2.872	35.877	251
N	-0.765	-1.563	36.105	252
CA	-1.623	-1.011	37.149	252
C	-2.982	-0.587	36.56	252
N	-3.692	-1.61	36.09	253
CA	-5.0	-1.332	35.494	253
C	-6.029	-2.364	35.955	253
N	-7.275	-1.875	36.056	254
CA	-8.41	-2.732	36.35	254
C	-9.355	-2.745	35.145	254
N	-9.758	-3.912	34.685	255
CA	-10.775	-3.962	33.622	255
C	-12.148	-3.942	34.303	255
N	-13.018	-3.084	33.786	256
CA	-14.392	-3.012	34.333	256
C	-15.352	-3.608	33.354	256
N	-16.429	-4.182	33.89	257
CA	-17.469	-4.791	33.087	257
C	-18.767	-4.009	33.229	257
N	-19.516	-3.878	32.151	258
CA	-20.782	-3.176	32.175	258
C	-21.903	-4.107	32.619	258
N	-21.625	-5.374	32.82	259
CA	-22.657	-6.394	33.021	259
C	-22.193	-7.359	34.098	259
N	-23.095	-8.162	34.661	260
CA	-22.629	-9.172	35.632	260
C	-22.979	-10.566	35.119	260
