ATOM	X	Y	Z	RESIDUE
N	-54.722	34.877	-19.915	1
CA	-54.507	35.775	-18.757	1
C	-52.999	35.805	-18.507	1
N	-52.204	36.478	-19.343	2
CA	-51.86	37.916	-19.41	2
C	-51.07	38.439	-18.204	2
N	-49.999	39.181	-18.531	3
CA	-49.043	39.933	-17.703	3
C	-47.786	39.126	-17.284	3
N	-46.536	39.542	-17.534	4
CA	-46.001	40.813	-18.063	4
C	-44.524	40.616	-18.436	4
N	-44.093	41.223	-19.543	5
CA	-42.707	41.3	-20.001	5
C	-41.969	42.503	-19.383	5
N	-40.636	42.43	-19.286	6
CA	-39.767	43.603	-19.465	6
C	-38.345	43.178	-19.847	6
N	-37.955	43.536	-21.076	7
CA	-36.583	43.559	-21.574	7
C	-35.892	44.855	-21.133	7
N	-34.61	44.75	-20.8	8
CA	-33.612	45.818	-20.888	8
C	-32.241	45.115	-20.878	8
N	-31.181	45.473	-21.584	9
CA	-30.912	46.324	-22.729	9
C	-29.405	46.12	-22.968	9
N	-29.017	45.751	-24.183	10
CA	-27.618	45.699	-24.619	10
C	-27.008	47.1	-24.649	10
N	-25.855	47.302	-24.01	11
CA	-24.96	48.427	-24.305	11
C	-23.571	47.905	-24.672	11
N	-23.289	47.888	-25.98	12
CA	-21.931	47.864	-26.529	12
C	-21.345	49.264	-26.368	12
N	-20.228	49.384	-25.667	13
CA	-19.371	50.571	-25.699	13
C	-18.064	50.21	-26.389	13
N	-17.954	50.651	-27.637	14
CA	-16.689	50.872	-28.333	14
C	-15.965	52.038	-27.667	14
N	-14.718	51.844	-27.233	15
CA	-13.806	52.956	-26.974	15
C	-12.517	52.79	-27.774	15
N	-12.24	53.865	-28.501	16
CA	-11.166	54.091	-29.452	16
C	-9.797	54.229	-28.776	16
N	-8.778	53.896	-29.564	17
CA	-7.337	53.97	-29.335	17
C	-6.824	55.21	-28.591	17
N	-5.937	55.0	-27.612	18
CA	-4.844	55.933	-27.298	18
C	-3.677	55.232	-26.569	18
N	-2.519	55.248	-27.251	19
CA	-1.083	55.181	-26.87	19
C	-0.6	54.429	-25.599	19
N	0.574	53.758	-25.67	20
CA	1.114	52.975	-24.563	20
C	1.716	53.881	-23.481	20
N	1.287	53.69	-22.232	21
CA	1.942	54.265	-21.051	21
C	2.991	53.275	-20.556	21
N	4.251	53.702	-20.608	22
CA	5.398	52.992	-20.067	22
C	5.239	52.768	-18.552	22
N	5.131	51.504	-18.124	23
CA	5.262	51.133	-16.71	23
C	6.74	51.123	-16.335	23
N	7.128	52.136	-15.558	24
CA	8.397	52.206	-14.834	24
C	8.519	51.008	-13.891	24
N	9.574	50.235	-14.093	25
CA	10.122	49.265	-13.154	25
C	10.621	49.979	-11.893	25
N	9.972	49.742	-10.751	26
CA	10.552	50.024	-9.439	26
C	11.607	48.953	-9.135	26
N	12.859	49.235	-9.493	27
CA	14.01	48.547	-8.919	27
C	14.25	49.105	-7.515	27
N	14.076	48.258	-6.503	28
CA	14.541	48.535	-5.143	28
C	16.062	48.385	-5.148	28
N	16.765	49.499	-4.952	29
CA	18.212	49.533	-4.815	29
C	18.619	48.953	-3.451	29
N	19.321	47.82	-3.464	30
CA	20.016	47.276	-2.289	30
C	21.361	48.008	-2.152	30
N	21.723	48.531	-0.966	31
CA	22.961	49.275	-0.792	31
C	24.171	48.338	-0.898	31
N	25.188	48.767	-1.655	32
CA	26.505	48.12	-1.7	32
C	27.181	48.268	-0.337	32
N	27.233	47.186	0.434	33
CA	28.109	47.085	1.602	33
C	29.488	46.643	1.105	33
N	30.463	47.545	1.207	34
CA	31.867	47.253	0.97	34
C	32.455	46.561	2.209	34
N	32.853	45.295	2.076	35
CA	33.683	44.61	3.07	35
C	35.16	44.632	2.639	35
N	36.098	44.825	3.584	36
CA	37.504	45.046	3.285	36
C	38.182	43.759	2.799	36
N	39.139	43.916	1.878	37
CA	39.984	42.839	1.348	37
C	40.827	42.215	2.47	37
N	40.427	41.052	2.989	38
CA	41.334	40.174	3.731	38
C	42.068	39.241	2.76	38
N	43.39	39.422	2.681	39
CA	44.334	38.49	2.053	39
C	44.394	37.205	2.883	39
N	43.972	36.078	2.317	40
CA	44.32	34.754	2.836	40
C	45.436	34.135	1.985	40
N	46.549	33.801	2.649	41
CA	47.664	33.012	2.105	41
C	47.224	31.547	1.946	41
N	47.744	30.803	0.953	42
CA	47.427	29.391	0.808	42
C	48.147	28.609	1.913	42
N	47.387	27.903	2.747	43
CA	47.92	26.878	3.651	43
C	47.651	25.53	2.999	43
N	48.724	24.769	2.804	44
CA	48.717	23.43	2.244	44
C	47.811	22.498	3.067	44
N	46.791	21.913	2.433	45
CA	46.046	20.796	3.011	45
C	46.81	19.503	2.739	45
N	47.401	18.955	3.797	46
CA	47.83	17.57	3.834	46
C	46.601	16.659	3.685	46
N	46.677	15.738	2.732	47
CA	45.71	14.668	2.492	47
C	45.701	13.695	3.672	47
N	44.766	13.865	4.61	48
CA	44.401	12.809	5.553	48
C	43.275	11.981	4.924	48
N	43.622	10.797	4.421	49
CA	42.654	9.811	3.955	49
C	41.857	9.257	5.134	49
N	40.683	9.824	5.397	50
CA	39.712	9.229	6.302	50
C	38.919	8.159	5.536	50
N	39.258	6.882	5.755	51
CA	38.359	5.758	5.459	51
C	37.12	5.909	6.349	51
N	36.044	6.5	5.833	52
CA	34.721	6.333	6.433	52
C	34.252	4.909	6.139	52
N	34.421	4.017	7.112	53
CA	33.664	2.767	7.151	53
C	32.268	3.159	7.625	53
N	31.356	3.414	6.688	54
CA	29.946	3.564	7.015	54
C	29.469	2.226	7.599	54
N	29.158	2.2	8.895	55
CA	28.435	1.082	9.481	55
C	27.104	0.951	8.725	55
N	26.809	-0.24	8.199	56
CA	25.531	-0.5	7.55	56
C	24.401	-0.127	8.53	56
N	23.389	0.652	8.11	57
CA	22.276	0.98	8.985	57
C	21.632	-0.328	9.45	57
N	21.451	-0.472	10.763	58
CA	20.743	-1.603	11.366	58
C	19.349	-1.672	10.755	58
N	19.109	-2.682	9.92	59
CA	17.791	-2.957	9.344	59
C	16.896	-3.402	10.494	59
N	15.912	-2.583	10.865	60
CA	14.86	-3.007	11.793	60
C	14.16	-4.21	11.161	60
N	14.069	-5.367	11.844	61
CA	13.336	-6.504	11.306	61
C	11.91	-6.055	10.968	61
N	11.334	-6.484	9.833	62
CA	9.95	-6.158	9.526	62
C	9.063	-6.633	10.68	62
N	8.166	-5.761	11.133	63
CA	7.268	-6.07	12.234	63
C	6.233	-7.102	11.763	63
N	6.489	-8.392	11.991	64
CA	5.435	-9.398	11.87	64
C	4.52	-9.288	13.084	64
N	3.291	-8.836	12.842	65
CA	2.25	-8.731	13.854	65
C	1.474	-10.046	13.915	65
N	1.337	-10.58	15.125	66
CA	0.442	-11.695	15.42	66
C	-0.864	-11.168	16.032	66
N	-1.932	-11.949	15.924	67
CA	-3.254	-11.616	16.44	67
C	-3.999	-12.872	16.88	67
N	-4.901	-12.72	17.841	68
CA	-5.754	-13.808	18.311	68
C	-7.176	-13.626	17.784	68
N	-7.713	-14.677	17.173	69
CA	-9.093	-14.745	16.682	69
C	-9.744	-15.997	17.244	69
N	-10.973	-15.856	17.741	70
CA	-11.746	-16.98	18.277	70
C	-12.714	-17.575	17.252	70
N	-12.896	-16.895	16.112	71
CA	-13.903	-17.239	15.1	71
C	-13.285	-17.687	13.779	71
N	-12.226	-17.021	13.317	72
CA	-11.642	-17.276	12.004	72
C	-10.379	-18.129	12.097	72
N	-10.078	-18.857	11.021	73
CA	-8.845	-19.636	10.933	73
C	-7.67	-18.711	10.599	73
N	-6.774	-18.505	11.567	74
CA	-5.46	-17.878	11.357	74
C	-4.556	-18.828	10.561	74
N	-4.0	-18.364	9.446	75
CA	-3.029	-19.104	8.634	75
C	-1.684	-18.383	8.628	75
N	-0.597	-19.153	8.707	76
CA	0.766	-18.632	8.63	76
C	1.277	-18.717	7.196	76
N	1.848	-17.632	6.694	77
CA	2.554	-17.565	5.411	77
C	4.015	-17.187	5.652	77
N	4.908	-17.568	4.74	78
CA	6.314	-17.174	4.794	78
C	6.646	-16.311	3.576	78
N	7.083	-15.078	3.819	79
CA	7.429	-14.103	2.792	79
C	8.902	-13.723	2.945	79
N	9.741	-14.195	2.017	80
CA	11.188	-13.958	2.036	80
C	11.843	-14.292	3.398	80
N	11.448	-15.411	4.019	81
CA	11.971	-15.848	5.317	81
C	11.275	-15.243	6.541	81
N	10.272	-14.382	6.359	82
CA	9.507	-13.773	7.446	82
C	8.138	-14.441	7.555	82
N	7.838	-15.006	8.722	83
CA	6.509	-15.54	9.006	83
C	5.536	-14.376	9.223	83
N	4.392	-14.39	8.547	84
CA	3.278	-13.454	8.734	84
C	1.968	-14.236	8.888	84
N	0.968	-13.631	9.531	85
CA	-0.33	-14.259	9.768	85
C	-1.44	-13.568	8.98	85
N	-2.306	-14.377	8.372	86
CA	-3.438	-13.921	7.566	86
C	-4.723	-14.667	7.929	86
N	-5.854	-14.114	7.501	87
CA	-7.129	-14.829	7.376	87
C	-7.531	-14.82	5.907	87
N	-7.686	-16.0	5.302	88
CA	-8.267	-16.129	3.957	88
C	-9.758	-15.817	4.018	88
N	-10.27	-15.089	3.035	89
CA	-11.697	-14.826	2.9	89
C	-12.404	-15.839	2.01	89
N	-13.7	-15.61	1.83	90
CA	-14.582	-16.474	1.057	90
C	-16.024	-16.344	1.533	90
N	-16.978	-16.518	0.617	91
CA	-18.418	-16.508	0.92	91
C	-18.82	-17.669	1.829	91
N	-18.06	-18.761	1.816	92
CA	-18.214	-19.901	2.724	92
C	-17.985	-19.537	4.201	92
N	-17.334	-18.402	4.483	93
CA	-17.136	-17.886	5.839	93
C	-18.283	-16.992	6.33	93
N	-19.238	-16.62	5.471	94
CA	-20.348	-15.738	5.853	94
C	-21.206	-16.261	7.018	94
N	-21.455	-17.578	7.17	95
CA	-22.146	-18.107	8.348	95
C	-21.478	-17.766	9.692	95
N	-20.184	-17.422	9.702	96
CA	-19.442	-17.049	10.911	96
C	-19.656	-15.582	11.325	96
N	-20.186	-14.735	10.431	97
CA	-20.292	-13.287	10.647	97
C	-21.143	-12.929	11.868	97
N	-22.265	-13.619	12.107	98
CA	-23.115	-13.352	13.279	98
C	-22.356	-13.573	14.597	98
N	-21.521	-14.617	14.653	99
CA	-20.707	-14.927	15.826	99
C	-19.595	-13.902	16.036	99
N	-18.913	-13.509	14.96	100
CA	-17.824	-12.541	15.025	100
C	-18.301	-11.1	15.292	100
N	-19.495	-10.726	14.823	101
CA	-20.151	-9.455	15.151	101
C	-20.957	-9.495	16.459	101
N	-20.626	-10.394	17.393	102
CA	-21.307	-10.471	18.691	102
C	-21.347	-9.101	19.379	102
N	-22.546	-8.702	19.799	103
CA	-22.793	-7.418	20.462	103
C	-23.022	-6.239	19.512	103
N	-22.918	-6.436	18.196	104
CA	-23.265	-5.432	17.189	104
C	-24.699	-5.678	16.723	104
N	-25.553	-4.654	16.795	105
CA	-26.915	-4.661	16.233	105
C	-27.045	-3.704	15.056	105
N	-26.284	-2.61	15.076	106
CA	-26.223	-1.656	13.974	106
C	-24.774	-1.311	13.613	106
N	-24.478	-1.381	12.314	107
CA	-23.252	-0.881	11.69	107
C	-23.576	0.45	11.004	107
N	-22.999	1.538	11.504	108
CA	-23.168	2.88	10.957	108
C	-22.108	3.189	9.912	108
N	-22.472	3.242	8.633	109
CA	-21.553	3.601	7.543	109
C	-21.624	5.102	7.285	109
N	-20.596	5.837	7.7	110
CA	-20.605	7.3	7.687	110
C	-19.924	7.829	6.427	110
N	-20.699	8.49	5.563	111
CA	-20.226	9.043	4.292	111
C	-20.509	8.164	3.068	111
N	-20.551	8.804	1.895	112
CA	-20.878	8.176	0.604	112
C	-19.865	8.57	-0.483	112
N	-18.574	8.53	-0.129	113
CA	-17.461	8.842	-1.03	113
C	-17.126	7.685	-1.98	113
N	-15.853	7.271	-2.021	114
CA	-15.421	6.101	-2.813	114
C	-15.679	4.787	-2.06	114
N	-15.203	4.678	-0.813	115
CA	-15.34	3.465	0.009	115
C	-16.768	3.249	0.548	115
N	-17.454	4.32	0.977	116
CA	-18.799	4.261	1.578	116
C	-19.823	3.423	0.797	116
N	-20.067	3.711	-0.499	117
CA	-21.019	2.951	-1.304	117
C	-20.652	1.472	-1.434	117
N	-19.373	1.162	-1.662	118
CA	-18.91	-0.206	-1.869	118
C	-19.039	-1.039	-0.594	118
N	-18.538	-0.511	0.521	119
CA	-18.538	-1.224	1.789	119
C	-19.942	-1.397	2.364	119
N	-20.8	-0.371	2.291	120
CA	-22.185	-0.49	2.746	120
C	-22.938	-1.594	1.989	120
N	-22.798	-1.64	0.659	121
CA	-23.456	-2.655	-0.165	121
C	-22.879	-4.056	0.062	121
N	-21.555	-4.205	0.17	122
CA	-20.936	-5.51	0.419	122
C	-21.311	-6.046	1.808	122
N	-21.261	-5.21	2.856	123
CA	-21.714	-5.581	4.202	123
C	-23.18	-6.009	4.202	123
N	-24.066	-5.216	3.586	124
CA	-25.492	-5.549	3.485	124
C	-25.706	-6.889	2.778	124
N	-25.074	-7.087	1.62	125
CA	-25.214	-8.314	0.832	125
C	-24.694	-9.535	1.635	125
N	-23.517	-9.438	2.268	126
CA	-22.917	-10.532	3.054	126
C	-23.703	-10.866	4.328	126
N	-24.244	-9.859	5.023	127
CA	-25.093	-10.062	6.203	127
C	-26.442	-10.689	5.829	127
N	-27.006	-10.326	4.672	128
CA	-28.209	-10.963	4.144	128
C	-27.96	-12.442	3.797	128
N	-26.841	-12.755	3.135	129
CA	-26.425	-14.134	2.835	129
C	-26.205	-14.952	4.127	129
N	-25.647	-14.324	5.17	130
CA	-25.472	-14.908	6.503	130
C	-26.771	-15.003	7.331	130
N	-27.898	-14.468	6.829	131
CA	-29.182	-14.339	7.547	131
C	-29.049	-13.615	8.895	131
N	-28.155	-12.633	8.95	132
CA	-27.934	-11.781	10.115	132
C	-29.047	-10.74	10.259	132
N	-29.376	-10.389	11.501	133
CA	-30.327	-9.335	11.866	133
C	-29.675	-7.947	12.028	133
N	-28.368	-7.834	11.766	134
CA	-27.608	-6.587	11.892	134
C	-28.028	-5.578	10.817	134
N	-28.345	-4.355	11.244	135
CA	-28.72	-3.257	10.344	135
C	-27.479	-2.499	9.876	135
N	-27.296	-2.379	8.56	136
CA	-26.324	-1.452	7.958	136
C	-27.029	-0.124	7.683	136
N	-26.713	0.919	8.46	137
CA	-27.325	2.253	8.343	137
C	-26.314	3.273	7.833	137
N	-26.648	3.958	6.748	138
CA	-25.824	5.007	6.146	138
C	-26.103	6.343	6.833	138
N	-25.053	7.0	7.323	139
CA	-25.129	8.309	7.97	139
C	-24.541	9.406	7.09	139
N	-25.36	10.378	6.679	140
CA	-24.928	11.506	5.846	140
C	-25.19	12.846	6.529	140
N	-24.312	13.822	6.275	141
CA	-24.513	15.195	6.751	141
C	-25.765	15.807	6.118	141
N	-26.522	16.595	6.884	142
CA	-27.653	17.38	6.365	142
C	-27.262	18.156	5.097	142
N	-28.069	18.026	4.041	143
CA	-27.816	18.658	2.739	143
C	-26.766	17.958	1.864	143
N	-26.338	16.735	2.206	144
CA	-25.499	15.924	1.315	144
C	-26.197	15.686	-0.029	144
N	-25.46	15.8	-1.136	145
CA	-26.0	15.487	-2.472	145
C	-26.179	13.977	-2.677	145
N	-25.482	13.168	-1.879	146
CA	-25.444	11.709	-2.002	146
C	-26.617	10.976	-1.341	146
N	-27.587	11.675	-0.729	147
CA	-28.812	11.022	-0.23	147
C	-29.541	10.276	-1.356	147
N	-29.659	10.89	-2.538	148
CA	-30.327	10.26	-3.68	148
C	-29.572	9.022	-4.181	148
N	-28.242	9.04	-4.117	149
CA	-27.413	7.898	-4.505	149
C	-27.533	6.741	-3.512	149
N	-27.558	7.034	-2.208	150
CA	-27.793	6.028	-1.177	150
C	-29.17	5.364	-1.358	150
N	-30.218	6.156	-1.642	151
CA	-31.56	5.641	-1.978	151
C	-31.562	4.781	-3.233	151
N	-30.889	5.217	-4.298	152
CA	-30.746	4.424	-5.52	152
C	-30.004	3.094	-5.281	152
N	-29.117	3.039	-4.283	153
CA	-28.433	1.821	-3.859	153
C	-29.239	0.961	-2.863	153
N	-30.463	1.358	-2.492	154
CA	-31.36	0.614	-1.597	154
C	-31.297	1.005	-0.114	154
N	-30.586	2.082	0.236	155
CA	-30.548	2.625	1.597	155
C	-31.54	3.779	1.734	155
N	-32.537	3.661	2.608	156
CA	-33.646	4.623	2.685	156
C	-34.043	4.948	4.12	156
N	-34.674	6.099	4.319	157
CA	-35.226	6.47	5.616	157
C	-36.355	5.507	6.028	157
N	-37.16	5.042	5.068	158
CA	-38.34	4.199	5.292	158
C	-37.997	2.82	5.867	158
N	-36.895	2.212	5.419	159
CA	-36.4	0.943	5.964	159
C	-35.372	1.134	7.097	159
N	-35.167	2.369	7.573	160
CA	-34.261	2.681	8.681	160
C	-32.77	2.533	8.358	160
N	-32.396	2.447	7.077	161
CA	-31.005	2.214	6.642	161
C	-30.308	3.464	6.09	161
N	-30.957	4.631	6.122	162
CA	-30.37	5.935	5.798	162
C	-30.832	6.987	6.813	162
N	-29.935	7.877	7.237	163
CA	-30.276	8.951	8.168	163
C	-29.198	10.021	8.325	163
N	-29.395	10.893	9.318	164
CA	-28.401	11.899	9.693	164
C	-27.14	11.231	10.263	164
N	-25.981	11.808	9.947	165
CA	-24.669	11.365	10.43	165
C	-24.617	11.205	11.956	165
N	-25.092	12.183	12.725	166
CA	-24.939	12.203	14.181	166
C	-25.857	11.182	14.85	166
N	-27.099	11.073	14.373	167
CA	-28.043	10.038	14.812	167
C	-27.51	8.633	14.502	167
N	-26.924	8.454	13.315	168
CA	-26.35	7.17	12.909	168
C	-25.162	6.796	13.79	168
N	-24.25	7.73	14.089	169
CA	-23.12	7.485	15.003	169
C	-23.641	7.081	16.389	169
N	-24.549	7.865	16.977	170
CA	-25.093	7.579	18.313	170
C	-25.943	6.312	18.387	170
N	-26.513	5.862	17.268	171
CA	-27.295	4.631	17.179	171
C	-26.471	3.365	16.931	171
N	-25.204	3.475	16.527	172
CA	-24.41	2.33	16.058	172
C	-23.505	1.734	17.133	172
N	-23.274	0.426	17.047	173
CA	-22.337	-0.296	17.922	173
C	-20.965	-0.45	17.249	173
N	-20.959	-0.466	15.912	174
CA	-19.786	-0.316	15.056	174
C	-20.01	0.886	14.131	174
N	-19.146	1.894	14.202	175
CA	-19.19	3.088	13.345	175
C	-18.049	3.011	12.343	175
N	-18.357	2.896	11.054	176
CA	-17.379	2.924	9.967	176
C	-17.241	4.356	9.444	176
N	-16.123	5.012	9.748	177
CA	-15.889	6.407	9.379	177
C	-15.253	6.505	7.985	177
N	-16.094	6.614	6.952	178
CA	-15.707	6.585	5.531	178
C	-15.901	7.946	4.828	178
N	-15.802	9.038	5.593	179
CA	-15.737	10.413	5.073	179
C	-14.303	10.758	4.657	179
N	-14.124	11.846	3.9	180
CA	-12.781	12.304	3.52	180
C	-11.909	12.565	4.745	180
N	-10.639	12.203	4.666	181
CA	-9.676	12.31	5.764	181
C	-9.548	13.722	6.353	181
N	-9.54	14.756	5.504	182
CA	-9.57	16.147	5.963	182
C	-10.831	16.473	6.792	182
N	-11.979	15.875	6.456	183
CA	-13.202	16.036	7.238	183
C	-13.155	15.251	8.556	183
N	-12.459	14.108	8.615	184
CA	-12.194	13.422	9.885	184
C	-11.363	14.324	10.806	184
N	-10.266	14.89	10.293	185
CA	-9.411	15.819	11.035	185
C	-10.153	17.076	11.526	185
N	-11.095	17.608	10.745	186
CA	-11.864	18.794	11.143	186
C	-13.056	18.485	12.077	186
N	-13.46	17.217	12.254	187
CA	-14.694	16.861	12.98	187
C	-14.529	15.759	14.04	187
N	-13.311	15.275	14.309	188
CA	-13.092	14.129	15.202	188
C	-13.697	14.339	16.595	188
N	-13.597	15.539	17.178	189
CA	-14.161	15.834	18.505	189
C	-15.677	15.621	18.537	189
N	-16.366	16.063	17.479	190
CA	-17.814	15.909	17.357	190
C	-18.205	14.464	17.06	190
N	-17.406	13.732	16.288	191
CA	-17.623	12.297	16.061	191
C	-17.487	11.547	17.388	191
N	-16.395	11.779	18.117	192
CA	-16.102	11.122	19.389	192
C	-17.165	11.397	20.453	192
N	-17.736	12.605	20.5	193
CA	-18.797	12.935	21.462	193
C	-20.136	12.237	21.2	193
N	-20.344	11.69	19.998	194
CA	-21.553	10.944	19.639	194
C	-21.383	9.426	19.76	194
N	-20.153	8.923	19.928	195
CA	-19.871	7.492	20.075	195
C	-20.489	6.947	21.367	195
N	-21.071	5.744	21.314	196
CA	-21.544	5.073	22.532	196
C	-20.346	4.578	23.357	196
N	-20.42	4.581	24.695	197
CA	-19.482	3.819	25.514	197
C	-19.441	2.34	25.108	197
N	-18.24	1.763	25.06	198
CA	-17.942	0.387	24.642	198
C	-18.359	0.025	23.201	198
N	-18.638	1.02	22.352	199
CA	-18.776	0.798	20.906	199
C	-17.41	0.658	20.229	199
N	-17.421	0.487	18.909	200
CA	-16.226	0.3	18.092	200
C	-16.213	1.353	16.982	200
N	-15.12	2.105	16.873	201
CA	-14.816	2.939	15.714	201
C	-13.986	2.122	14.719	201
N	-14.509	1.933	13.513	202
CA	-13.812	1.342	12.378	202
C	-13.354	2.412	11.39	202
N	-12.074	2.385	11.03	203
CA	-11.479	3.229	9.992	203
C	-11.072	2.374	8.785	203
N	-11.087	2.938	7.579	204
CA	-10.467	2.29	6.404	204
C	-9.175	2.959	5.96	204
N	-8.626	3.809	6.827	205
CA	-7.338	4.459	6.663	205
C	-6.892	5.065	8.006	205
N	-5.607	4.981	8.343	206
CA	-5.031	5.465	9.597	206
C	-4.74	6.964	9.651	206
N	-5.157	7.744	8.648	207
CA	-4.939	9.195	8.597	207
C	-5.335	9.918	9.885	207
N	-6.47	9.547	10.491	208
CA	-6.94	10.197	11.712	208
C	-5.966	9.984	12.879	208
N	-5.333	8.808	12.991	209
CA	-4.273	8.589	13.978	209
C	-3.094	9.529	13.718	209
N	-2.589	9.575	12.482	210
CA	-1.473	10.456	12.135	210
C	-1.804	11.941	12.348	210
N	-3.056	12.348	12.112	211
CA	-3.529	13.689	12.444	211
C	-3.494	13.955	13.954	211
N	-4.082	13.072	14.77	212
CA	-4.105	13.19	16.232	212
C	-2.682	13.244	16.807	212
N	-1.786	12.368	16.342	213
CA	-0.368	12.376	16.712	213
C	0.301	13.72	16.368	213
N	0.003	14.309	15.198	214
CA	0.555	15.615	14.782	214
C	0.141	16.798	15.674	214
N	-0.887	16.623	16.511	215
CA	-1.37	17.617	17.48	215
C	-1.224	17.143	18.935	215
N	-0.501	16.043	19.177	216
CA	-0.226	15.523	20.52	216
C	-1.428	14.877	21.216	216
N	-2.401	14.376	20.451	217
CA	-3.602	13.702	20.949	217
C	-3.634	12.221	20.533	217
N	-4.567	11.474	21.12	218
CA	-4.893	10.08	20.794	218
C	-6.42	9.895	20.883	218
N	-6.916	8.749	20.433	219
CA	-8.327	8.396	20.51	219
C	-8.807	8.223	21.972	219
N	-10.086	8.535	22.268	220
CA	-10.693	8.288	23.575	220
C	-10.586	6.827	24.043	220
N	-10.505	6.612	25.363	221
CA	-10.301	5.273	25.957	221
C	-11.579	4.455	26.198	221
N	-12.758	5.01	25.915	222
CA	-14.055	4.406	26.259	222
C	-14.727	3.649	25.1	222
N	-14.059	3.503	23.955	223
CA	-14.49	2.688	22.816	223
C	-13.271	2.03	22.154	223
N	-13.483	0.924	21.438	224
CA	-12.428	0.269	20.651	224
C	-12.165	1.028	19.353	224
N	-10.944	0.926	18.837	225
CA	-10.541	1.511	17.555	225
C	-9.891	0.423	16.718	225
N	-10.521	0.11	15.591	226
CA	-10.054	-0.879	14.622	226
C	-9.935	-0.249	13.239	226
N	-9.244	-0.935	12.34	227
CA	-9.259	-0.603	10.931	227
C	-9.357	-1.836	10.047	227
N	-10.03	-1.669	8.914	228
CA	-9.994	-2.578	7.769	228
C	-9.814	-1.708	6.542	228
N	-8.657	-1.836	5.907	229
CA	-8.216	-0.969	4.826	229
C	-8.102	-1.794	3.54	229
N	-9.122	-1.769	2.66	230
CA	-9.022	-2.396	1.351	230
C	-7.874	-1.784	0.547	230
N	-6.974	-2.629	0.041	231
CA	-5.823	-2.267	-0.801	231
C	-6.265	-2.108	-2.257	231
N	-7.175	-1.153	-2.447	232
CA	-7.822	-0.839	-3.711	232
C	-8.928	0.209	-3.577	232
N	-9.247	0.87	-4.692	233
CA	-10.283	1.902	-4.73	233
C	-11.689	1.339	-4.452	233
N	-12.585	2.137	-3.864	234
CA	-13.953	1.691	-3.553	234
C	-14.705	1.029	-4.729	234
N	-14.656	1.579	-5.96	235
CA	-15.218	0.928	-7.143	235
C	-14.722	-0.51	-7.378	235
N	-13.429	-0.799	-7.177	236
CA	-12.889	-2.156	-7.342	236
C	-13.341	-3.094	-6.221	236
N	-13.449	-2.595	-4.981	237
CA	-14.014	-3.337	-3.834	237
C	-15.43	-3.837	-4.143	237
N	-16.289	-2.997	-4.74	238
CA	-17.64	-3.431	-5.136	238
C	-17.61	-4.358	-6.348	238
N	-16.847	-4.01	-7.387	239
CA	-16.839	-4.75	-8.656	239
C	-16.387	-6.196	-8.473	239
N	-15.261	-6.413	-7.797	240
CA	-14.73	-7.756	-7.568	240
C	-15.608	-8.57	-6.611	240
N	-16.221	-7.945	-5.597	241
CA	-17.205	-8.619	-4.736	241
C	-18.418	-9.138	-5.524	241
N	-18.895	-8.351	-6.498	242
CA	-19.996	-8.743	-7.389	242
C	-19.566	-9.875	-8.32	242
N	-18.379	-9.798	-8.938	243
CA	-17.817	-10.911	-9.723	243
C	-17.651	-12.18	-8.859	243
N	-17.326	-12.012	-7.575	244
CA	-17.182	-13.091	-6.601	244
C	-18.478	-13.764	-6.152	244
N	-19.646	-13.35	-6.665	245
CA	-20.909	-14.09	-6.468	245
C	-20.911	-15.422	-7.217	245
N	-20.179	-15.503	-8.325	246
CA	-20.073	-16.711	-9.151	246
C	-18.821	-17.531	-8.818	246
N	-17.756	-16.868	-8.352	247
CA	-16.457	-17.482	-8.062	247
C	-16.034	-17.114	-6.639	247
N	-15.952	-18.112	-5.755	248
CA	-15.588	-17.88	-4.36	248
C	-14.193	-17.24	-4.239	248
N	-14.055	-16.266	-3.337	249
CA	-12.773	-15.626	-3.027	249
C	-12.395	-14.421	-3.896	249
N	-13.287	-13.896	-4.748	250
CA	-13.015	-12.645	-5.463	250
C	-13.405	-11.392	-4.656	250
N	-12.481	-10.431	-4.602	251
CA	-12.595	-9.164	-3.882	251
C	-11.255	-8.426	-3.859	251
N	-11.141	-7.399	-3.016	252
CA	-9.897	-6.646	-2.792	252
C	-9.277	-7.077	-1.461	252
N	-7.973	-7.374	-1.455	253
CA	-7.23	-7.694	-0.23	253
C	-7.352	-6.544	0.768	253
N	-7.336	-6.844	2.062	254
CA	-7.351	-5.799	3.088	254
C	-6.232	-6.008	4.09	254
N	-5.684	-4.912	4.599	255
CA	-5.015	-4.951	5.894	255
C	-6.04	-4.715	7.003	255
N	-5.752	-5.181	8.215	256
CA	-6.527	-4.812	9.395	256
C	-5.616	-4.414	10.553	256
N	-6.124	-3.552	11.431	257
CA	-5.431	-3.12	12.636	257
C	-6.384	-3.079	13.832	257
N	-5.853	-3.354	15.021	258
CA	-6.53	-3.125	16.302	258
C	-5.676	-2.139	17.093	258
N	-6.091	-0.871	17.121	259
CA	-5.391	0.192	17.856	259
C	-5.776	0.193	19.334	259
N	-7.059	-0.042	19.62	260
CA	-7.596	-0.152	20.974	260
C	-8.675	-1.227	21.031	260
N	-8.621	-2.068	22.06	261
CA	-9.635	-3.077	22.354	261
C	-10.111	-2.928	23.804	261
N	-11.367	-2.518	24.002	262
CA	-11.919	-2.229	25.34	262
C	-12.625	-3.421	25.983	262
N	-12.96	-4.458	25.211	263
CA	-13.766	-5.588	25.69	263
C	-13.406	-6.959	25.085	263
N	-12.341	-7.042	24.282	264
CA	-11.829	-8.283	23.699	264
C	-12.467	-8.666	22.361	264
N	-13.398	-7.861	21.826	265
CA	-14.106	-8.17	20.567	265
C	-13.444	-7.569	19.331	265
N	-12.488	-6.655	19.499	266
CA	-12.002	-5.808	18.413	266
C	-11.436	-6.609	17.226	266
N	-10.617	-7.633	17.487	267
CA	-10.002	-8.452	16.429	267
C	-11.041	-9.193	15.593	267
N	-11.96	-9.93	16.225	268
CA	-12.97	-10.708	15.496	268
C	-13.958	-9.797	14.748	268
N	-14.288	-8.615	15.286	269
CA	-15.107	-7.617	14.572	269
C	-14.375	-7.06	13.344	269
N	-13.073	-6.772	13.443	270
CA	-12.273	-6.315	12.304	270
C	-12.172	-7.392	11.214	270
N	-11.891	-8.637	11.599	271
CA	-11.831	-9.759	10.663	271
C	-13.195	-10.029	10.012	271
N	-14.293	-9.96	10.771	272
CA	-15.647	-10.106	10.236	272
C	-15.993	-9.022	9.222	272
N	-15.616	-7.775	9.507	273
CA	-15.779	-6.677	8.565	273
C	-15.001	-6.953	7.277	273
N	-13.72	-7.316	7.36	274
CA	-12.903	-7.641	6.182	274
C	-13.467	-8.806	5.354	274
N	-13.863	-9.903	6.009	275
CA	-14.502	-11.055	5.349	275
C	-15.813	-10.64	4.678	275
N	-16.645	-9.833	5.343	276
CA	-17.909	-9.354	4.788	276
C	-17.729	-8.382	3.606	276
N	-16.575	-7.715	3.486	277
CA	-16.21	-6.946	2.291	277
C	-15.796	-7.828	1.106	277
N	-15.511	-9.111	1.348	278
CA	-15.074	-10.087	0.351	278
C	-13.559	-10.169	0.175	278
N	-12.76	-9.742	1.158	279
CA	-11.302	-9.719	1.01	279
C	-10.704	-11.119	0.809	279
N	-9.972	-11.388	-0.294	280
CA	-9.405	-12.711	-0.599	280
C	-8.462	-13.208	0.496	280
N	-7.648	-12.301	1.031	281
CA	-6.997	-12.467	2.319	281
C	-6.934	-11.14	3.073	281
N	-6.818	-11.261	4.391	282
CA	-6.688	-10.158	5.338	282
C	-5.389	-10.321	6.116	282
N	-4.513	-9.314	6.108	283
CA	-3.216	-9.345	6.802	283
C	-3.139	-8.294	7.915	283
N	-2.406	-8.592	8.987	284
CA	-2.286	-7.688	10.129	284
C	-1.309	-6.533	9.854	284
N	-1.688	-5.33	10.281	285
CA	-0.84	-4.131	10.351	285
C	-1.202	-3.317	11.605	285
N	-0.557	-2.172	11.812	286
CA	-1.001	-1.156	12.771	286
C	-1.552	0.058	12.026	286
N	-2.387	0.873	12.681	287
CA	-2.842	2.14	12.09	287
C	-1.669	3.034	11.657	287
N	-0.555	3.0	12.398	288
CA	0.637	3.798	12.103	288
C	1.365	3.327	10.844	288
N	1.555	2.016	10.698	289
CA	2.192	1.447	9.509	289
C	1.285	1.572	8.283	289
N	-0.026	1.433	8.474	290
CA	-1.007	1.586	7.407	290
C	-1.023	3.012	6.85	290
N	-1.151	4.058	7.682	291
CA	-1.202	5.415	7.12	291
C	0.119	5.807	6.458	291
N	1.251	5.294	6.961	292
CA	2.566	5.586	6.386	292
C	2.738	4.943	5.026	292
N	2.359	3.675	4.887	293
CA	2.477	2.946	3.624	293
C	1.45	3.404	2.593	293
N	0.194	3.611	2.987	294
CA	-0.918	3.94	2.086	294
C	-0.796	5.369	1.514	294
N	-0.627	6.397	2.371	295
CA	-0.424	7.801	1.932	295
C	0.807	7.9	1.016	295
N	1.834	7.092	1.282	296
CA	3.046	7.012	0.476	296
C	2.798	6.295	-0.853	296
N	2.132	5.14	-0.841	297
CA	1.836	4.328	-2.018	297
C	1.051	5.112	-3.066	297
N	-0.008	5.824	-2.651	298
CA	-0.842	6.663	-3.532	298
C	-0.085	7.864	-4.144	298
N	1.046	8.27	-3.558	299
CA	1.961	9.291	-4.113	299
C	3.069	8.679	-4.955	299
N	3.474	7.469	-4.597	300
CA	4.386	6.607	-5.321	300
C	3.702	5.903	-6.49	300
N	4.03	4.629	-6.683	301
CA	3.713	3.865	-7.893	301
C	2.216	3.679	-8.143	301
N	1.376	3.755	-7.108	302
CA	-0.052	3.492	-7.246	302
C	-0.742	4.548	-8.116	302
N	-0.399	5.836	-7.954	303
CA	-1.009	6.927	-8.728	303
C	-0.01	8.017	-9.146	303
N	0.648	8.678	-8.186	304
CA	1.471	9.864	-8.448	304
C	2.678	9.576	-9.335	304
N	3.535	8.648	-8.928	305
CA	4.741	8.318	-9.67	305
C	4.426	7.735	-11.048	305
N	3.468	6.803	-11.165	306
CA	3.086	6.254	-12.478	306
C	2.518	7.332	-13.414	306
N	1.802	8.344	-12.904	307
CA	1.41	9.509	-13.71	307
C	2.642	10.313	-14.164	307
N	3.577	10.602	-13.258	308
CA	4.805	11.328	-13.595	308
C	5.672	10.619	-14.643	308
N	5.848	9.296	-14.528	309
CA	6.691	8.542	-15.466	309
C	6.084	8.504	-16.87	309
N	4.759	8.335	-17.006	310
CA	4.136	8.251	-18.338	310
C	4.162	9.599	-19.049	310
N	4.013	10.712	-18.323	311
CA	4.151	12.066	-18.882	311
C	5.588	12.333	-19.359	311
N	6.593	11.964	-18.553	312
CA	8.012	12.123	-18.904	312
C	8.401	11.275	-20.12	312
N	8.05	9.984	-20.117	313
CA	8.381	9.066	-21.207	313
C	7.621	9.391	-22.494	313
N	6.339	9.769	-22.413	314
CA	5.575	10.202	-23.585	314
C	6.267	11.389	-24.256	314
N	6.637	12.404	-23.463	315
CA	7.349	13.583	-23.959	315
C	8.667	13.184	-24.613	315
N	9.498	12.4	-23.916	316
CA	10.778	11.898	-24.435	316
C	10.619	11.176	-25.769	316
N	9.651	10.274	-25.888	317
CA	9.471	9.494	-27.11	317
C	9.029	10.378	-28.273	317
N	8.118	11.325	-28.034	318
CA	7.717	12.279	-29.079	318
C	8.848	13.224	-29.497	318
N	9.703	13.659	-28.567	319
CA	10.883	14.489	-28.862	319
C	11.937	13.741	-29.694	319
N	12.02	12.414	-29.557	320
CA	12.859	11.544	-30.391	320
C	12.171	11.066	-31.686	320
N	11.066	11.7	-32.089	321
CA	10.415	11.46	-33.38	321
C	9.416	10.3	-33.411	321
N	9.1	9.679	-32.269	322
CA	8.012	8.702	-32.191	322
C	6.661	9.408	-32.377	322
N	5.766	8.835	-33.189	323
CA	4.401	9.365	-33.325	323
C	3.681	9.38	-31.974	323
N	2.768	10.328	-31.767	324
CA	2.049	10.463	-30.496	324
C	1.288	9.191	-30.102	324
N	0.596	8.551	-31.052	325
CA	-0.184	7.335	-30.783	325
C	0.733	6.192	-30.32	325
N	1.88	6.014	-30.988	326
CA	2.872	5.011	-30.599	326
C	3.551	5.354	-29.264	326
N	3.818	6.633	-28.983	327
CA	4.368	7.07	-27.7	327
C	3.391	6.807	-26.544	327
N	2.087	6.998	-26.765	328
CA	1.052	6.637	-25.795	328
C	0.988	5.12	-25.58	328
N	1.007	4.335	-26.663	329
CA	1.006	2.873	-26.587	329
C	2.238	2.333	-25.847	329
N	3.426	2.845	-26.168	330
CA	4.682	2.446	-25.534	330
C	4.831	2.951	-24.091	330
N	3.895	3.755	-23.573	331
CA	3.889	4.218	-22.177	331
C	2.683	3.679	-21.419	331
N	1.516	4.298	-21.594	332
CA	0.303	4.012	-20.82	332
C	-0.236	2.618	-21.118	332
N	-0.429	2.262	-22.391	333
CA	-0.947	0.931	-22.749	333
C	0.038	-0.165	-22.337	333
N	1.339	0.078	-22.532	334
CA	2.397	-0.849	-22.131	334
C	2.379	-1.152	-20.633	334
N	2.357	-0.112	-19.786	335
CA	2.339	-0.269	-18.324	335
C	1.043	-0.935	-17.873	335
N	-0.097	-0.421	-18.33	336
CA	-1.409	-0.77	-17.768	336
C	-2.009	-2.056	-18.334	336
N	-1.537	-2.512	-19.496	337
CA	-1.908	-3.786	-20.099	337
C	-0.837	-4.851	-19.868	337
N	0.088	-5.017	-20.816	338
CA	1.025	-6.152	-20.864	338
C	1.92	-6.237	-19.629	338
N	2.536	-5.131	-19.193	339
CA	3.415	-5.14	-18.012	339
C	2.618	-5.495	-16.751	339
N	1.481	-4.83	-16.513	340
CA	0.607	-5.133	-15.37	340
C	0.149	-6.589	-15.374	340
N	-0.261	-7.129	-16.529	341
CA	-0.73	-8.517	-16.636	341
C	0.369	-9.536	-16.325	341
N	1.594	-9.287	-16.79	342
CA	2.746	-10.147	-16.494	342
C	3.094	-10.072	-15.005	342
N	3.227	-8.869	-14.432	343
CA	3.577	-8.691	-13.012	343
C	2.524	-9.325	-12.114	343
N	1.249	-9.073	-12.411	344
CA	0.118	-9.717	-11.761	344
C	0.347	-11.23	-11.749	344
N	0.385	-11.896	-12.898	345
CA	0.359	-13.371	-12.932	345
C	1.681	-14.072	-12.602	345
N	2.831	-13.436	-12.848	346
CA	4.158	-14.084	-12.844	346
C	5.276	-13.25	-12.196	346
N	4.983	-12.052	-11.691	347
CA	5.962	-11.174	-11.046	347
C	6.871	-10.392	-12.007	347
N	7.715	-9.521	-11.442	348
CA	8.567	-8.589	-12.201	348
C	9.654	-9.282	-13.029	348
N	10.264	-10.36	-12.521	349
CA	11.276	-11.111	-13.278	349
C	10.719	-11.667	-14.591	349
N	9.432	-12.022	-14.634	350
CA	8.801	-12.496	-15.859	350
C	8.697	-11.403	-16.934	350
N	8.636	-10.119	-16.55	351
CA	8.705	-8.995	-17.499	351
C	10.083	-8.961	-18.147	351
N	11.147	-8.972	-17.339	352
CA	12.529	-8.962	-17.829	352
C	12.852	-10.201	-18.682	352
N	12.404	-11.383	-18.255	353
CA	12.655	-12.644	-18.956	353
C	11.85	-12.805	-20.256	353
N	10.779	-12.029	-20.452	354
CA	10.008	-12.022	-21.696	354
C	10.671	-11.198	-22.815	354
N	11.677	-10.385	-22.483	355
CA	12.423	-9.556	-23.426	355
C	13.518	-10.369	-24.138	355
N	13.788	-10.048	-25.404	356
CA	14.987	-10.517	-26.112	356
C	16.271	-9.926	-25.511	356
N	17.438	-10.468	-25.862	357
CA	18.722	-10.01	-25.3	357
C	19.035	-8.534	-25.601	357
N	18.602	-8.017	-26.752	358
CA	18.765	-6.601	-27.102	358
C	17.822	-5.718	-26.275	358
N	16.595	-6.188	-26.07	359
CA	15.579	-5.515	-25.267	359
C	15.921	-5.528	-23.768	359
N	16.549	-6.597	-23.259	360
CA	17.084	-6.646	-21.888	360
C	18.129	-5.56	-21.65	360
N	18.995	-5.27	-22.63	361
CA	19.968	-4.165	-22.517	361
C	19.281	-2.802	-22.411	361
N	18.188	-2.585	-23.143	362
CA	17.376	-1.364	-23.017	362
C	16.65	-1.28	-21.665	362
N	16.129	-2.404	-21.16	363
CA	15.563	-2.487	-19.812	363
C	16.606	-2.127	-18.75	363
N	17.793	-2.735	-18.79	364
CA	18.86	-2.514	-17.806	364
C	19.367	-1.074	-17.826	364
N	19.492	-0.481	-19.02	365
CA	19.838	0.933	-19.195	365
C	18.819	1.838	-18.5	365
N	17.53	1.614	-18.752	366
CA	16.454	2.382	-18.137	366
C	16.371	2.154	-16.62	366
N	16.476	0.898	-16.175	367
CA	16.395	0.516	-14.769	367
C	17.53	1.152	-13.963	367
N	18.772	0.969	-14.424	368
CA	19.971	1.506	-13.779	368
C	19.941	3.03	-13.67	368
N	19.414	3.723	-14.681	369
CA	19.352	5.179	-14.683	369
C	18.203	5.739	-13.831	369
N	17.112	4.986	-13.662	370
CA	15.88	5.485	-13.03	370
C	15.747	5.116	-11.554	370
N	16.391	4.035	-11.095	371
CA	16.221	3.507	-9.734	371
C	16.48	4.553	-8.638	371
N	17.655	5.193	-8.631	372
CA	17.99	6.188	-7.605	372
C	17.217	7.508	-7.743	372
N	17.008	8.082	-8.947	373
CA	16.117	9.235	-9.108	373
C	14.692	8.989	-8.592	373
N	14.122	7.806	-8.849	374
CA	12.828	7.426	-8.282	374
C	12.904	7.284	-6.756	374
N	13.946	6.62	-6.243	375
CA	14.165	6.442	-4.807	375
C	14.303	7.775	-4.067	375
N	14.94	8.788	-4.656	376
CA	15.098	10.126	-4.068	376
C	13.73	10.742	-3.72	376
N	12.835	10.823	-4.711	377
CA	11.492	11.39	-4.519	377
C	10.624	10.517	-3.607	377
N	10.719	9.188	-3.725	378
CA	10.024	8.275	-2.814	378
C	10.509	8.471	-1.372	378
N	11.815	8.625	-1.178	379
CA	12.392	8.778	0.143	379
C	11.939	10.091	0.798	379
N	12.01	11.21	0.066	380
CA	11.455	12.511	0.479	380
C	9.976	12.377	0.875	380
N	9.173	11.743	0.015	381
CA	7.742	11.567	0.24	381
C	7.443	10.783	1.521	381
N	8.143	9.67	1.758	382
CA	7.92	8.857	2.95	382
C	8.251	9.639	4.23	382
N	9.356	10.392	4.245	383
CA	9.75	11.173	5.424	383
C	8.79	12.334	5.711	383
N	8.264	12.997	4.677	384
CA	7.207	14.01	4.812	384
C	5.93	13.445	5.464	384
N	5.601	12.181	5.191	385
CA	4.44	11.493	5.769	385
C	4.721	11.091	7.213	385
N	5.865	10.452	7.468	386
CA	6.26	10.02	8.805	386
C	6.408	11.2	9.785	386
N	6.808	12.379	9.295	387
CA	6.883	13.617	10.072	387
C	5.52	14.316	10.283	387
N	4.444	13.848	9.637	388
CA	3.11	14.459	9.687	388
C	2.931	15.699	8.796	388
N	3.969	16.115	8.059	389
CA	3.93	17.245	7.119	389
C	2.907	17.011	6.011	389
N	2.894	15.807	5.436	390
CA	1.983	15.48	4.343	390
C	0.524	15.435	4.811	390
N	0.258	14.825	5.97	391
CA	-1.069	14.793	6.608	391
C	-1.572	16.218	6.845	391
N	-0.735	17.083	7.436	392
CA	-1.073	18.497	7.642	392
C	-1.391	19.193	6.319	392
N	-0.618	18.92	5.27	393
CA	-0.826	19.517	3.95	393
C	-2.185	19.134	3.344	393
N	-2.618	17.877	3.517	394
CA	-3.921	17.364	3.063	394
C	-5.068	18.026	3.823	394
N	-4.972	18.145	5.155	395
CA	-5.983	18.853	5.967	395
C	-6.154	20.291	5.47	395
N	-5.047	21.018	5.297	396
CA	-5.097	22.399	4.816	396
C	-5.606	22.5	3.371	396
N	-5.318	21.517	2.514	397
CA	-5.849	21.457	1.155	397
C	-7.369	21.271	1.138	397
N	-7.91	20.377	1.972	398
CA	-9.356	20.19	2.115	398
C	-10.079	21.48	2.514	398
N	-9.469	22.28	3.398	399
CA	-9.993	23.599	3.795	399
C	-9.956	24.637	2.666	399
N	-9.026	24.532	1.705	400
CA	-8.932	25.432	0.53	400
C	-9.966	25.133	-0.561	400
N	-10.749	24.062	-0.437	401
CA	-11.878	23.802	-1.34	401
C	-13.057	24.758	-1.131	401
N	-13.009	25.581	-0.086	402
CA	-14.016	26.578	0.244	402
C	-13.354	27.952	0.373	402
N	-14.115	29.009	0.099	403
CA	-13.647	30.382	0.285	403
C	-13.356	30.642	1.766	403
N	-12.188	31.218	2.051	404
CA	-11.774	31.631	3.398	404
C	-10.72	32.727	3.298	404
N	-10.585	33.548	4.339	405
CA	-9.53	34.581	4.426	405
C	-9.512	35.557	3.223	405
N	-10.665	35.789	2.58	406
CA	-10.776	36.656	1.398	406
C	-10.179	36.074	0.108	406
N	-9.832	34.783	0.096	407
CA	-9.318	34.066	-1.069	407
C	-10.395	33.156	-1.684	407
N	-10.348	32.933	-3.012	408
CA	-11.307	32.075	-3.695	408
C	-11.145	30.603	-3.292	408
N	-12.176	29.807	-3.566	409
CA	-12.127	28.357	-3.441	409
C	-11.283	27.727	-4.565	409
N	-10.476	26.719	-4.226	410
CA	-9.631	25.976	-5.167	410
C	-9.96	24.473	-5.163	410
N	-11.134	24.048	-5.673	411
CA	-11.397	22.627	-5.887	411
C	-10.391	22.034	-6.889	411
N	-10.141	20.726	-6.802	412
CA	-9.203	20.048	-7.705	412
C	-9.641	20.156	-9.175	412
N	-8.704	20.528	-10.052	413
CA	-8.906	20.565	-11.502	413
C	-8.752	19.199	-12.187	413
N	-9.061	19.164	-13.488	414
CA	-8.862	17.995	-14.363	414
C	-7.381	17.831	-14.717	414
N	-6.906	16.589	-14.778	415
CA	-5.504	16.246	-15.096	415
C	-5.339	15.57	-16.465	415
N	-6.442	15.219	-17.125	416
CA	-6.496	14.418	-18.353	416
C	-6.846	15.24	-19.61	416
N	-6.682	16.565	-19.559	417
CA	-7.005	17.46	-20.683	417
C	-5.764	17.94	-21.452	417
N	-4.569	17.471	-21.082	418
CA	-3.312	17.8	-21.771	418
C	-3.098	16.917	-23.007	418
N	-2.045	17.231	-23.774	419
CA	-1.704	16.622	-25.069	419
C	-1.814	15.094	-25.07	419
N	-1.093	14.402	-24.185	420
CA	-1.027	12.935	-24.218	420
C	-2.358	12.261	-23.877	420
N	-3.199	12.894	-23.061	421
CA	-4.482	12.312	-22.671	421
C	-5.53	12.444	-23.776	421
N	-5.458	13.51	-24.588	422
CA	-6.22	13.623	-25.845	422
C	-5.775	12.618	-26.899	422
N	-4.478	12.333	-26.963	423
CA	-3.951	11.214	-27.758	423
C	-4.519	9.889	-27.241	423
N	-4.555	9.684	-25.923	424
CA	-5.142	8.492	-25.31	424
C	-6.627	8.285	-25.623	424
N	-7.435	9.352	-25.658	425
CA	-8.832	9.283	-26.126	425
C	-8.907	8.737	-27.565	425
N	-8.049	9.24	-28.466	426
CA	-7.962	8.784	-29.861	426
C	-7.495	7.33	-29.965	426
N	-6.41	6.957	-29.285	427
CA	-5.883	5.581	-29.248	427
C	-6.959	4.596	-28.792	427
N	-7.655	4.892	-27.687	428
CA	-8.7	4.004	-27.157	428
C	-9.931	3.913	-28.055	428
N	-10.237	4.948	-28.842	429
CA	-11.391	4.939	-29.756	429
C	-11.274	3.92	-30.896	429
N	-10.053	3.487	-31.226	430
CA	-9.772	2.492	-32.273	430
C	-9.125	1.213	-31.734	430
N	-8.901	1.118	-30.416	431
CA	-8.291	-0.044	-29.757	431
C	-9.265	-1.233	-29.751	431
N	-8.857	-2.432	-30.203	432
CA	-9.705	-3.615	-30.125	432
C	-9.954	-4.037	-28.668	432
N	-11.079	-4.707	-28.423	433
CA	-11.376	-5.252	-27.102	433
C	-10.346	-6.329	-26.714	433
N	-9.829	-6.262	-25.485	434
CA	-8.828	-7.206	-24.974	434
C	-7.382	-6.918	-25.397	434
N	-7.117	-5.791	-26.065	435
CA	-5.751	-5.338	-26.348	435
C	-4.985	-5.069	-25.041	435
N	-3.758	-5.582	-24.935	436
CA	-2.875	-5.38	-23.781	436
C	-1.768	-4.35	-24.059	436
N	-1.698	-3.786	-25.261	437
CA	-0.617	-2.901	-25.665	437
C	0.744	-3.608	-25.783	437
N	1.777	-2.888	-26.242	438
CA	3.109	-3.448	-26.45	438
C	3.849	-3.692	-25.126	438
N	4.856	-4.566	-25.128	439
CA	5.87	-4.614	-24.07	439
C	7.062	-3.757	-24.504	439
N	7.128	-2.495	-24.065	440
CA	8.22	-1.607	-24.465	440
C	9.38	-1.681	-23.452	440
N	10.585	-2.152	-23.838	441
CA	11.631	-2.531	-22.881	441
C	12.122	-1.379	-22.0	441
N	12.304	-0.189	-22.584	442
CA	12.744	0.99	-21.837	442
C	11.685	1.422	-20.808	442
N	10.404	1.453	-21.199	443
CA	9.282	1.754	-20.287	443
C	9.203	0.731	-19.159	443
N	9.351	-0.56	-19.477	444
CA	9.392	-1.629	-18.484	444
C	10.54	-1.426	-17.482	444
N	11.736	-1.052	-17.949	445
CA	12.882	-0.759	-17.084	445
C	12.637	0.411	-16.127	445
N	12.034	1.512	-16.597	446
CA	11.685	2.661	-15.733	446
C	10.62	2.287	-14.697	446
N	9.535	1.633	-15.121	447
CA	8.426	1.283	-14.228	447
C	8.836	0.248	-13.172	447
N	9.596	-0.782	-13.559	448
CA	10.096	-1.798	-12.619	448
C	11.154	-1.212	-11.677	448
N	11.989	-0.265	-12.124	449
CA	12.904	0.45	-11.229	449
C	12.173	1.279	-10.171	449
N	11.095	1.97	-10.552	450
CA	10.226	2.673	-9.607	450
C	9.588	1.7	-8.6	450
N	9.083	0.553	-9.069	451
CA	8.469	-0.473	-8.216	451
C	9.462	-1.008	-7.181	451
N	10.67	-1.36	-7.623	452
CA	11.733	-1.855	-6.749	452
C	12.256	-0.782	-5.788	452
N	12.375	0.473	-6.232	453
CA	12.751	1.583	-5.359	453
C	11.713	1.801	-4.245	453
N	10.417	1.68	-4.559	454
CA	9.345	1.78	-3.569	454
C	9.395	0.634	-2.55	454
N	9.568	-0.599	-3.036	455
CA	9.733	-1.798	-2.204	455
C	10.893	-1.615	-1.222	455
N	12.043	-1.136	-1.699	456
CA	13.229	-0.968	-0.861	456
C	13.04	0.127	0.2	456
N	12.38	1.247	-0.129	457
CA	12.052	2.284	0.864	457
C	11.169	1.711	1.976	457
N	10.069	1.033	1.64	458
CA	9.175	0.455	2.651	458
C	9.863	-0.644	3.472	458
N	10.68	-1.49	2.832	459
CA	11.503	-2.5	3.515	459
C	12.432	-1.852	4.541	459
N	13.157	-0.793	4.163	460
CA	14.071	-0.071	5.07	460
C	13.347	0.728	6.149	460
N	12.079	1.074	5.93	461
CA	11.22	1.746	6.91	461
C	10.425	0.776	7.802	461
N	10.626	-0.539	7.652	462
CA	10.192	-1.564	8.613	462
C	8.804	-2.165	8.368	462
N	8.225	-1.966	7.182	463
CA	6.931	-2.547	6.807	463
C	7.014	-4.068	6.605	463
N	5.904	-4.775	6.842	464
CA	5.787	-6.209	6.544	464
C	5.775	-6.459	5.032	464
N	6.142	-7.664	4.589	465
CA	6.139	-7.987	3.163	465
C	4.724	-7.99	2.585	465
N	3.705	-8.427	3.34	466
CA	2.315	-8.332	2.868	466
C	1.918	-6.885	2.585	466
N	2.296	-5.946	3.455	467
CA	2.008	-4.525	3.25	467
C	2.797	-3.974	2.055	467
N	4.107	-4.238	1.984	468
CA	4.976	-3.809	0.872	468
C	4.439	-4.277	-0.485	468
N	4.086	-5.559	-0.594	469
CA	3.655	-6.178	-1.85	469
C	2.277	-5.662	-2.265	469
N	1.339	-5.482	-1.33	470
CA	0.034	-4.922	-1.679	470
C	0.15	-3.453	-2.115	470
N	0.91	-2.635	-1.384	471
CA	1.049	-1.183	-1.609	471
C	1.973	-0.806	-2.778	471
N	2.792	-1.746	-3.263	472
CA	3.763	-1.482	-4.34	472
C	3.542	-2.31	-5.598	472
N	2.814	-3.426	-5.508	473
CA	2.664	-4.38	-6.615	473
C	1.193	-4.681	-6.875	473
N	0.526	-5.4	-5.964	474
CA	-0.802	-5.99	-6.212	474
C	-1.848	-4.905	-6.458	474
N	-1.929	-3.877	-5.61	475
CA	-2.928	-2.822	-5.795	475
C	-2.737	-2.092	-7.134	475
N	-1.485	-1.828	-7.525	476
CA	-1.185	-1.19	-8.808	476
C	-1.719	-2.025	-9.973	476
N	-1.356	-3.309	-10.05	477
CA	-1.619	-4.136	-11.241	477
C	-3.011	-4.768	-11.272	477
N	-3.615	-5.046	-10.113	478
CA	-4.887	-5.779	-10.014	478
C	-6.09	-4.869	-9.685	478
N	-5.865	-3.62	-9.251	479
CA	-6.939	-2.676	-8.891	479
C	-6.867	-1.354	-9.659	479
N	-5.711	-0.684	-9.711	480
CA	-5.619	0.702	-10.196	480
C	-5.343	0.815	-11.702	480
N	-4.296	0.153	-12.198	481
CA	-3.888	0.202	-13.604	481
C	-5.01	-0.19	-14.585	481
N	-5.898	-1.167	-14.29	482
CA	-7.056	-1.455	-15.139	482
C	-7.965	-0.241	-15.405	482
N	-8.099	0.698	-14.458	483
CA	-8.864	1.935	-14.673	483
C	-8.124	2.913	-15.591	483
N	-6.799	3.042	-15.447	484
CA	-6.009	3.861	-16.372	484
C	-6.049	3.268	-17.787	484
N	-5.988	1.941	-17.912	485
CA	-6.134	1.246	-19.188	485
C	-7.51	1.494	-19.825	485
N	-8.578	1.491	-19.02	486
CA	-9.938	1.694	-19.504	486
C	-10.165	3.117	-20.041	486
N	-9.768	4.161	-19.293	487
CA	-10.147	5.56	-19.601	487
C	-9.09	6.626	-19.281	487
N	-7.829	6.245	-19.122	488
CA	-6.721	7.164	-18.853	488
C	-6.61	7.589	-17.384	488
N	-5.63	8.45	-17.086	489
CA	-5.179	8.713	-15.705	489
C	-6.258	9.261	-14.775	489
N	-7.146	10.149	-15.241	490
CA	-8.209	10.699	-14.384	490
C	-9.18	9.607	-13.934	490
N	-9.453	8.6	-14.771	491
CA	-10.345	7.505	-14.391	491
C	-9.761	6.614	-13.291	491
N	-8.435	6.513	-13.201	492
CA	-7.757	5.867	-12.078	492
C	-7.696	6.8	-10.859	492
N	-7.07	7.972	-11.009	493
CA	-6.772	8.898	-9.904	493
C	-8.039	9.44	-9.253	493
N	-9.009	9.897	-10.045	494
CA	-10.178	10.588	-9.508	494
C	-11.233	9.639	-8.925	494
N	-11.132	8.322	-9.159	495
CA	-11.936	7.309	-8.464	495
C	-11.434	6.997	-7.039	495
N	-10.177	7.321	-6.719	496
CA	-9.592	7.146	-5.387	496
C	-10.074	8.207	-4.368	496
N	-9.507	8.182	-3.157	497
CA	-9.837	9.103	-2.06	497
C	-9.435	10.554	-2.383	497
N	-9.927	11.523	-1.607	498
CA	-9.481	12.922	-1.752	498
C	-7.986	13.069	-1.445	498
N	-7.475	12.316	-0.469	499
CA	-6.056	12.278	-0.076	499
C	-5.2	11.764	-1.233	499
N	-5.625	10.673	-1.879	500
CA	-5.006	10.1	-3.074	500
C	-4.944	11.082	-4.239	500
N	-6.072	11.745	-4.514	501
CA	-6.194	12.716	-5.607	501
C	-5.288	13.926	-5.409	501
N	-5.153	14.4	-4.169	502
CA	-4.237	15.479	-3.794	502
C	-2.778	15.02	-3.872	502
N	-2.478	13.827	-3.353	503
CA	-1.152	13.216	-3.372	503
C	-0.627	13.035	-4.793	503
N	-1.403	12.386	-5.662	504
CA	-1.059	12.212	-7.077	504
C	-0.759	13.554	-7.761	504
N	-1.602	14.578	-7.558	505
CA	-1.402	15.923	-8.135	505
C	-0.176	16.659	-7.586	505
N	0.182	16.448	-6.314	506
CA	1.364	17.062	-5.687	506
C	2.658	16.39	-6.156	506
N	2.663	15.062	-6.253	507
CA	3.889	14.277	-6.4	507
C	4.166	13.8	-7.831	507
N	3.16	13.63	-8.702	508
CA	3.39	13.266	-10.109	508
C	4.376	14.201	-10.84	508
N	4.293	15.543	-10.695	509
CA	5.273	16.439	-11.309	509
C	6.707	16.222	-10.807	509
N	6.893	15.756	-9.563	510
CA	8.224	15.499	-8.989	510
C	8.897	14.317	-9.683	510
N	8.142	13.248	-9.944	511
CA	8.632	12.08	-10.68	511
C	8.906	12.384	-12.158	511
N	8.058	13.184	-12.814	512
CA	8.324	13.651	-14.184	512
C	9.647	14.436	-14.257	512
N	9.811	15.416	-13.364	513
CA	10.989	16.275	-13.355	513
C	12.263	15.509	-12.997	513
N	12.246	14.635	-11.983	514
CA	13.456	13.907	-11.569	514
C	13.926	12.93	-12.653	514
N	12.992	12.26	-13.342	515
CA	13.326	11.397	-14.47	515
C	13.93	12.216	-15.605	515
N	13.292	13.327	-15.972	516
CA	13.761	14.193	-17.061	516
C	15.126	14.818	-16.768	516
N	15.374	15.247	-15.529	517
CA	16.595	15.961	-15.145	517
C	17.782	15.044	-14.847	517
N	17.541	13.82	-14.366	518
CA	18.609	12.915	-13.934	518
C	18.634	11.616	-14.737	518
N	17.552	10.831	-14.708	519
CA	17.536	9.5	-15.318	519
C	17.737	9.565	-16.838	519
N	16.945	10.391	-17.522	520
CA	17.013	10.546	-18.973	520
C	18.336	11.188	-19.413	520
N	18.858	12.145	-18.639	521
CA	20.187	12.736	-18.873	521
C	21.299	11.689	-18.748	521
N	21.237	10.795	-17.758	522
CA	22.205	9.708	-17.612	522
C	22.151	8.727	-18.799	522
N	20.945	8.393	-19.269	523
CA	20.712	7.555	-20.46	523
C	21.303	8.19	-21.72	523
N	21.122	9.499	-21.902	524
CA	21.602	10.248	-23.072	524
C	23.122	10.462	-23.045	524
N	23.708	10.598	-21.852	525
CA	25.159	10.675	-21.659	525
C	25.868	9.31	-21.738	525
N	25.134	8.218	-21.979	526
CA	25.707	6.874	-22.054	526
C	26.31	6.407	-20.728	526
N	25.689	6.769	-19.598	527
CA	26.138	6.331	-18.282	527
C	26.244	4.791	-18.226	527
N	27.307	4.238	-17.612	528
CA	27.478	2.795	-17.518	528
C	26.348	2.163	-16.697	528
N	25.909	0.971	-17.107	529
CA	24.919	0.183	-16.364	529
C	25.526	-0.222	-15.018	529
N	24.838	0.111	-13.93	530
CA	25.206	-0.296	-12.584	530
C	24.888	-1.787	-12.39	530
N	25.911	-2.629	-12.538	531
CA	25.782	-4.086	-12.455	531
C	25.317	-4.569	-11.075	531
N	25.653	-3.856	-9.996	532
CA	25.177	-4.202	-8.653	532
C	23.66	-4.006	-8.549	532
N	23.11	-2.929	-9.128	533
CA	21.658	-2.714	-9.163	533
C	20.928	-3.802	-9.952	533
N	21.469	-4.211	-11.102	534
CA	20.866	-5.271	-11.918	534
C	20.954	-6.62	-11.195	534
N	22.115	-6.96	-10.63	535
CA	22.304	-8.185	-9.843	535
C	21.375	-8.232	-8.626	535
N	21.243	-7.119	-7.9	536
CA	20.326	-7.01	-6.767	536
C	18.873	-7.165	-7.215	536
N	18.464	-6.529	-8.318	537
CA	17.133	-6.728	-8.891	537
C	16.863	-8.198	-9.217	537
N	17.765	-8.87	-9.935	538
CA	17.56	-10.254	-10.374	538
C	17.531	-11.257	-9.211	538
N	18.201	-10.932	-8.102	539
CA	18.326	-11.787	-6.915	539
C	17.42	-11.385	-5.743	539
N	16.618	-10.32	-5.878	540
CA	15.833	-9.786	-4.764	540
C	14.785	-10.803	-4.275	540
N	14.75	-11.018	-2.96	541
CA	13.864	-11.99	-2.316	541
C	12.374	-11.642	-2.459	541
N	12.041	-10.385	-2.779	542
CA	10.658	-9.949	-2.99	542
C	9.989	-10.706	-4.132	542
N	10.735	-11.171	-5.141	543
CA	10.149	-11.919	-6.26	543
C	9.491	-13.218	-5.793	543
N	10.156	-13.961	-4.902	544
CA	9.583	-15.164	-4.293	544
C	8.428	-14.845	-3.34	544
N	8.509	-13.738	-2.596	545
CA	7.41	-13.299	-1.734	545
C	6.158	-12.89	-2.541	545
N	6.331	-12.218	-3.687	546
CA	5.242	-11.88	-4.617	546
C	4.587	-13.151	-5.153	546
N	5.355	-14.192	-5.487	547
CA	4.8	-15.476	-5.934	547
C	3.896	-16.111	-4.865	547
N	4.312	-16.091	-3.595	548
CA	3.488	-16.577	-2.475	548
C	2.212	-15.742	-2.324	548
N	2.303	-14.407	-2.344	549
CA	1.117	-13.543	-2.302	549
C	0.21	-13.743	-3.527	549
N	0.785	-14.012	-4.701	550
CA	0.047	-14.205	-5.939	550
C	-0.853	-15.45	-5.903	550
N	-0.488	-16.471	-5.117	551
CA	-1.299	-17.672	-4.866	551
C	-2.54	-17.399	-3.998	551
N	-2.584	-16.266	-3.286	552
CA	-3.705	-15.865	-2.423	552
C	-4.719	-14.957	-3.127	552
N	-4.445	-14.573	-4.372	553
CA	-5.291	-13.643	-5.115	553
C	-6.571	-14.306	-5.616	553
N	-7.602	-13.501	-5.922	554
CA	-8.746	-13.969	-6.684	554
C	-8.316	-14.686	-7.959	554
N	-9.058	-15.719	-8.34	555
CA	-8.928	-16.352	-9.662	555
C	-9.568	-15.524	-10.784	555
N	-10.096	-14.339	-10.46	556
CA	-10.838	-13.459	-11.364	556
C	-10.128	-12.117	-11.467	556
N	-9.751	-11.733	-12.686	557
CA	-9.282	-10.377	-12.968	557
C	-10.448	-9.378	-12.875	557
N	-10.159	-8.155	-12.429	558
CA	-11.164	-7.096	-12.42	558
C	-11.599	-6.744	-13.846	558
N	-12.911	-6.687	-14.062	559
CA	-13.485	-6.189	-15.311	559
C	-13.907	-4.729	-15.142	559
N	-13.221	-3.812	-15.833	560
CA	-13.491	-2.364	-15.796	560
C	-13.885	-1.862	-17.19	560
N	-15.184	-1.863	-17.54	561
CA	-15.625	-1.318	-18.817	561
C	-15.563	0.226	-18.814	561
N	-15.398	0.887	-19.976	562
CA	-15.384	2.352	-20.051	562
C	-16.663	3.027	-19.512	562
N	-17.819	2.381	-19.657	563
CA	-19.131	2.827	-19.17	563
C	-19.476	2.283	-17.77	563
N	-18.462	1.913	-16.974	564
CA	-18.64	1.385	-15.623	564
C	-19.567	2.26	-14.758	564
N	-20.633	1.649	-14.247	565
CA	-21.663	2.26	-13.403	565
C	-21.295	2.259	-11.907	565
N	-20.349	1.406	-11.515	566
CA	-19.856	1.245	-10.145	566
C	-18.799	2.285	-9.73	566
N	-18.409	3.186	-10.635	567
CA	-17.463	4.281	-10.359	567
C	-18.145	5.47	-9.683	567
N	-17.346	6.456	-9.251	568
CA	-17.877	7.708	-8.696	568
C	-18.89	8.349	-9.659	568
N	-20.034	8.861	-9.169	569
CA	-21.101	9.4	-10.015	569
C	-20.623	10.42	-11.049	569
N	-19.713	11.314	-10.662	570
CA	-19.156	12.36	-11.522	570
C	-18.226	11.848	-12.64	570
N	-17.817	10.574	-12.597	571
CA	-16.963	9.921	-13.6	571
C	-17.725	8.94	-14.503	571
N	-18.989	8.634	-14.184	572
CA	-19.851	7.792	-15.023	572
C	-20.097	8.49	-16.356	572
N	-19.943	7.746	-17.441	573
CA	-20.347	8.169	-18.777	573
C	-21.441	7.205	-19.218	573
N	-22.585	7.727	-19.661	574
CA	-23.589	6.896	-20.32	574
C	-22.978	6.328	-21.595	574
N	-23.129	5.025	-21.825	575
CA	-23.019	4.474	-23.171	575
C	-24.031	5.227	-24.042	575
N	-23.536	5.992	-25.017	576
CA	-24.382	6.544	-26.077	576
C	-24.809	5.435	-27.031	576
