ATOM	X	Y	Z	RESIDUE
N	14.281	31.509	3.014	1
CA	13.623	31.134	1.765	1
C	12.629	30.104	2.223	1
N	11.569	29.623	1.616	2
CA	10.431	30.213	0.917	2
C	9.093	29.675	1.438	2
N	8.255	30.622	1.802	3
CA	6.92	30.344	2.363	3
C	5.871	31.123	1.515	3
N	4.656	31.215	1.989	4
CA	3.622	31.944	1.321	4
C	2.818	31.038	0.468	4
N	1.786	31.593	-0.139	5
CA	0.801	30.799	-0.858	5
C	1.396	29.955	-1.984	5
N	2.372	30.485	-2.742	6
CA	2.883	29.743	-3.954	6
C	3.744	28.569	-3.605	6
N	4.25	28.561	-2.376	7
CA	5.134	27.47	-1.867	7
C	4.35	26.145	-1.613	7
N	5.014	25.18	-0.981	8
CA	4.394	23.9	-0.678	8
C	4.63	22.927	-1.815	8
N	3.927	22.009	-1.253	9
CA	2.64	22.578	-1.226	9
C	2.322	23.002	-2.694	9
N	1.119	23.466	-2.677	10
CA	0.901	24.603	-1.902	10
C	-0.057	25.476	-2.649	10
N	-0.298	26.579	-1.958	11
CA	-0.412	26.154	-0.586	11
C	-1.226	27.097	0.279	11
N	-1.68	26.428	1.321	12
CA	-1.866	25.137	0.71	12
C	-2.991	24.363	1.405	12
N	-3.595	24.766	2.565	13
CA	-4.566	23.688	2.427	13
C	-5.444	23.953	1.182	13
N	-5.311	22.995	0.187	14
CA	-5.686	22.682	-1.226	14
C	-4.93	21.359	-1.064	14
N	-4.328	20.671	-2.07	15
CA	-3.165	20.997	-2.972	15
C	-2.829	19.79	-3.859	15
N	-3.584	18.788	-3.448	16
CA	-3.624	17.787	-4.542	16
C	-3.073	16.684	-3.558	16
N	-1.865	16.177	-3.865	17
CA	-1.694	14.863	-4.447	17
C	-3.174	14.744	-4.488	17
N	-4.05	13.824	-4.727	18
CA	-3.894	12.456	-4.442	18
C	-4.901	12.043	-5.5	18
N	-4.704	10.822	-6.07	19
CA	-5.284	9.513	-5.82	19
C	-5.012	8.095	-6.434	19
N	-4.122	7.638	-7.374	20
CA	-3.356	8.851	-7.382	20
C	-3.042	9.318	-8.856	20
N	-3.261	8.189	-9.509	21
CA	-1.837	7.722	-9.685	21
C	-0.582	7.917	-10.658	21
N	-0.413	8.642	-11.827	22
CA	0.532	9.669	-12.358	22
C	0.695	10.574	-11.114	22
N	1.355	11.775	-10.91	23
CA	2.789	11.809	-11.28	23
C	3.111	11.014	-12.538	23
N	4.062	11.461	-13.328	24
CA	4.433	10.744	-14.542	24
C	5.655	9.96	-14.125	24
N	5.448	8.694	-13.845	25
CA	6.524	7.889	-13.326	25
C	7.742	7.72	-14.214	25
N	7.557	7.848	-15.508	26
CA	8.668	7.702	-16.428	26
C	9.5	8.971	-16.552	26
N	9.044	10.06	-15.949	27
CA	9.746	11.32	-15.959	27
C	10.361	11.638	-14.586	27
N	10.873	10.608	-13.907	28
CA	11.37	10.73	-12.533	28
C	12.519	11.672	-12.341	28
N	13.358	11.822	-13.357	29
CA	14.535	12.64	-13.265	29
C	15.577	12.219	-12.278	29
N	15.597	10.949	-11.89	30
CA	16.466	10.482	-10.845	30
C	16.553	8.957	-10.938	30
N	17.596	8.436	-10.318	31
CA	17.862	7.007	-10.31	31
C	18.112	6.456	-8.895	31
N	18.06	5.179	-8.78	32
CA	18.486	4.474	-7.595	32
C	19.959	4.427	-7.591	32
N	20.619	4.386	-6.382	33
CA	22.045	4.626	-6.211	33
C	22.983	3.44	-6.457	33
N	22.459	2.289	-6.843	34
CA	23.297	1.143	-7.11	34
C	23.833	1.084	-8.592	34
N	23.612	2.14	-9.345	35
CA	24.202	2.271	-10.688	35
C	24.454	3.724	-10.972	35
N	25.017	3.97	-12.14	36
CA	25.192	5.315	-12.704	36
C	24.534	5.399	-14.062	36
N	24.09	6.563	-14.456	37
CA	23.404	6.736	-15.739	37
C	24.068	7.833	-16.473	37
N	24.495	7.578	-17.712	38
CA	25.039	8.592	-18.627	38
C	24.089	8.797	-19.78	38
N	23.943	10.025	-20.23	39
CA	23.202	10.287	-21.46	39
C	24.184	10.957	-22.42	39
N	24.265	10.412	-23.632	40
CA	25.277	10.809	-24.63	40
C	24.623	11.385	-25.895	40
N	25.128	12.505	-26.319	41
CA	24.73	13.041	-27.619	41
C	25.588	12.389	-28.697	41
N	24.911	11.921	-29.72	42
CA	25.597	11.051	-30.698	42
C	26.246	11.775	-31.854	42
N	26.166	13.079	-31.943	43
CA	26.895	13.815	-32.964	43
C	28.328	13.964	-32.575	43
N	28.571	14.138	-31.267	44
CA	29.895	14.375	-30.756	44
C	30.355	13.287	-29.732	44
N	29.483	12.345	-29.419	45
CA	29.773	11.288	-28.424	45
C	30.307	11.861	-27.073	45
N	29.621	12.895	-26.557	46
CA	29.943	13.519	-25.282	46
C	28.773	13.259	-24.365	46
N	29.115	13.199	-23.081	47
CA	28.052	13.064	-22.064	47
C	27.361	14.417	-21.876	47
N	26.047	14.414	-22.082	48
CA	25.235	15.618	-21.944	48
C	24.322	15.65	-20.701	48
N	24.092	14.508	-20.048	49
CA	23.454	14.447	-18.727	49
C	24.07	13.279	-18.048	49
N	24.089	13.315	-16.724	50
CA	24.535	12.178	-15.95	50
C	23.915	12.201	-14.576	50
N	23.72	11.044	-13.994	51
CA	23.31	10.976	-12.595	51
C	24.376	11.631	-11.748	51
N	23.944	12.315	-10.675	52
CA	24.81	13.094	-9.821	52
C	25.903	12.296	-9.133	52
N	25.732	10.982	-9.04	53
CA	26.69	10.112	-8.48	53
C	27.703	9.549	-9.439	53
N	27.662	9.984	-10.73	54
CA	28.345	9.19	-11.776	54
C	29.864	9.209	-11.58	54
N	30.459	10.364	-11.314	55
CA	31.877	10.477	-11.255	55
C	32.339	9.639	-10.037	55
N	31.67	9.698	-8.882	56
CA	32.096	8.892	-7.735	56
C	31.971	7.398	-8.042	56
N	30.811	7.018	-8.569	57
CA	30.469	5.635	-8.841	57
C	31.398	4.94	-9.854	57
N	31.821	5.726	-10.851	58
CA	32.666	5.245	-11.945	58
C	34.149	5.491	-11.732	58
N	34.527	6.083	-10.573	59
CA	35.888	6.435	-10.314	59
C	36.503	7.335	-11.391	59
N	35.802	8.412	-11.695	60
CA	36.226	9.377	-12.727	60
C	36.386	10.745	-12.088	60
N	37.259	11.573	-12.595	61
CA	37.407	12.958	-12.067	61
C	36.29	13.833	-12.51	61
N	35.801	13.62	-13.708	62
CA	34.656	14.357	-14.217	62
C	33.976	13.519	-15.268	62
N	32.708	13.871	-15.5	63
CA	31.875	13.132	-16.422	63
C	31.078	14.026	-17.325	63
N	30.363	14.994	-16.808	64
CA	29.502	15.847	-17.659	64
C	30.371	16.601	-18.654	64
N	29.966	16.545	-19.908	65
CA	30.659	17.216	-20.965	65
C	31.819	16.464	-21.541	65
N	32.203	15.339	-20.949	66
CA	33.355	14.594	-21.399	66
C	33.035	13.719	-22.605	66
N	33.947	13.762	-23.613	67
CA	33.798	12.804	-24.7	67
C	33.984	11.385	-24.191	67
N	33.226	10.437	-24.692	68
CA	33.431	9.043	-24.297	68
C	34.838	8.579	-24.525	68
N	35.46	9.027	-25.619	69
CA	36.8	8.597	-25.902	69
C	37.817	8.963	-24.847	69
N	37.524	10.001	-24.041	70
CA	38.445	10.505	-23.07	70
C	38.179	9.931	-21.661	70
N	37.149	9.148	-21.476	71
CA	36.841	8.492	-20.196	71
C	37.768	7.306	-20.001	71
N	38.446	7.212	-18.85	72
CA	39.324	6.117	-18.565	72
C	38.586	4.807	-18.768	72
N	39.23	3.817	-19.385	73
CA	38.657	2.544	-19.661	73
C	38.325	2.349	-21.141	73
N	37.458	1.389	-21.408	74
CA	37.15	0.996	-22.775	74
C	35.719	1.117	-23.183	74
N	34.935	1.939	-22.512	75
CA	33.525	2.049	-22.807	75
C	33.278	2.304	-24.317	75
N	33.962	3.263	-24.899	76
CA	33.693	3.596	-26.29	76
C	33.954	2.441	-27.254	76
N	35.08	1.753	-27.108	77
CA	35.45	0.611	-27.969	77
C	34.423	-0.452	-27.805	77
N	33.883	-0.648	-26.584	78
CA	32.924	-1.664	-26.38	78
C	31.563	-1.38	-26.947	78
N	31.121	-0.138	-26.981	79
CA	29.809	0.171	-27.459	79
C	29.829	0.389	-29.008	79
N	30.958	0.768	-29.578	80
CA	31.025	1.063	-31.055	80
C	30.34	0.068	-31.958	80
N	30.521	-1.234	-31.746	81
CA	29.885	-2.223	-32.618	81
C	28.385	-2.215	-32.588	81
N	27.746	-1.502	-31.661	82
CA	26.333	-1.554	-31.515	82
C	25.659	-0.229	-31.82	82
N	26.403	0.771	-32.261	83
CA	25.829	2.105	-32.455	83
C	25.152	2.364	-33.819	83
N	25.476	1.577	-34.812	84
CA	24.917	1.852	-36.11	84
C	23.515	1.319	-36.103	84
N	22.629	2.028	-36.922	85
CA	21.254	1.5	-36.922	85
C	21.157	0.041	-37.31	85
N	20.272	-0.676	-36.644	86
CA	20.006	-2.071	-36.894	86
C	18.693	-2.406	-36.248	86
N	17.933	-3.266	-36.901	87
CA	16.649	-3.796	-36.332	87
C	16.833	-4.72	-35.096	87
N	17.947	-5.452	-35.017	88
CA	18.167	-6.397	-33.901	88
C	19.192	-5.831	-32.944	88
N	19.12	-4.543	-32.7	89
CA	20.15	-3.928	-31.941	89
C	19.736	-3.633	-30.527	89
N	19.605	-2.366	-30.228	90
CA	19.275	-1.929	-28.904	90
C	17.851	-2.243	-28.555	90
N	17.542	-2.417	-27.294	91
CA	18.49	-2.304	-26.185	91
C	19.513	-3.42	-26.14	91
N	20.706	-3.126	-25.711	92
CA	21.745	-4.154	-25.631	92
C	22.639	-3.894	-24.407	92
N	23.157	-4.933	-23.817	93
CA	24.091	-4.826	-22.734	93
C	25.524	-5.103	-23.209	93
N	26.488	-4.311	-22.781	94
CA	27.872	-4.526	-23.044	94
C	28.619	-4.691	-21.715	94
N	29.772	-5.233	-21.71	95
CA	30.643	-5.402	-20.568	95
C	31.895	-4.605	-20.83	95
N	32.256	-3.721	-19.95	96
CA	33.344	-2.817	-20.123	96
C	34.116	-2.551	-18.833	96
N	35.224	-1.881	-18.881	97
CA	35.9	-1.349	-17.749	97
C	35.994	0.118	-17.808	97
N	35.787	0.793	-16.675	98
CA	35.768	2.212	-16.543	98
C	36.509	2.661	-15.301	98
N	37.187	3.778	-15.354	99
CA	37.64	4.499	-14.159	99
C	39.051	4.227	-13.837	99
N	39.493	4.964	-12.826	100
CA	40.738	4.69	-12.118	100
C	40.553	4.962	-10.64	100
N	40.528	3.937	-9.834	101
CA	40.84	2.515	-10.165	101
C	39.831	1.927	-11.123	101
N	40.27	1.065	-12.026	102
CA	39.385	0.446	-13.013	102
C	38.505	-0.633	-12.411	102
N	37.232	-0.639	-12.762	103
CA	36.251	-1.608	-12.34	103
C	35.551	-2.126	-13.574	103
N	35.083	-3.326	-13.59	104
CA	34.232	-3.872	-14.615	104
C	32.786	-3.525	-14.372	104
N	32.098	-3.14	-15.435	105
CA	30.725	-2.795	-15.426	105
C	29.882	-3.519	-16.473	105
N	28.595	-3.682	-16.34	106
CA	27.706	-4.033	-17.397	106
C	26.943	-2.778	-17.696	106
N	27.016	-2.366	-18.966	107
CA	26.364	-1.204	-19.465	107
C	25.176	-1.47	-20.325	107
N	24.027	-1.09	-19.939	108
CA	22.784	-1.281	-20.623	108
C	22.472	-0.067	-21.453	108
N	22.377	-0.206	-22.755	109
CA	22.18	0.902	-23.653	109
C	20.846	0.883	-24.356	109
N	20.202	2.02	-24.462	110
CA	18.992	2.168	-25.252	110
C	18.849	3.588	-25.646	110
N	18.001	3.828	-26.646	111
CA	17.668	5.174	-27.069	111
C	16.232	5.464	-26.823	111
N	15.955	6.452	-25.965	112
CA	14.611	6.955	-25.861	112
C	14.2	7.632	-27.158	112
N	12.917	7.946	-27.296	113
CA	12.463	8.573	-28.555	113
C	13.248	9.798	-28.909	113
N	13.549	10.641	-27.947	114
CA	14.407	11.767	-28.082	114
C	15.286	11.882	-26.83	114
N	16.338	12.635	-26.91	115
CA	17.22	12.887	-25.796	115
C	18.555	12.26	-25.817	115
N	18.883	11.473	-26.836	116
CA	20.158	10.891	-27.01	116
C	20.231	9.4	-26.666	116
N	21.435	8.956	-26.34	117
CA	21.747	7.565	-26.055	117
C	21.928	7.411	-24.519	117
N	21.147	6.534	-23.91	118
CA	21.26	6.272	-22.46	118
C	22.126	5.061	-22.242	118
N	23.102	5.175	-21.357	119
CA	23.928	4.09	-20.877	119
C	23.81	3.988	-19.349	119
N	23.28	2.88	-18.867	120
CA	23.11	2.601	-17.444	120
C	24.105	1.567	-17.034	120
N	24.937	1.879	-16.067	121
CA	26.032	1.102	-15.691	121
C	25.833	0.475	-14.279	121
N	25.984	-0.806	-14.163	122
CA	25.951	-1.542	-12.893	122
C	27.292	-2.238	-12.691	122
N	27.793	-2.511	-11.483	123
CA	29.033	-3.24	-11.279	123
C	28.817	-4.664	-11.778	123
N	29.818	-5.161	-12.49	124
CA	29.781	-6.49	-13.033	124
C	30.097	-7.561	-11.984	124
N	29.605	-8.724	-12.164	125
CA	29.888	-9.882	-11.32	125
C	30.168	-11.058	-12.245	125
N	30.333	-12.218	-11.66	126
CA	30.687	-13.414	-12.392	126
C	29.566	-13.909	-13.255	126
N	29.92	-14.708	-14.265	127
CA	28.931	-15.49	-14.999	127
C	28.095	-16.262	-14.074	127
N	26.832	-16.287	-14.4	128
CA	25.932	-17.093	-13.637	128
C	25.694	-18.294	-14.525	128
N	25.701	-19.435	-13.881	129
CA	25.727	-20.669	-14.574	129
C	24.48	-21.341	-14.124	129
N	23.362	-21.007	-14.765	130
CA	22.091	-21.636	-14.324	130
C	21.526	-22.48	-15.446	130
N	22.309	-22.817	-16.474	131
CA	21.707	-23.573	-17.588	131
C	21.123	-24.962	-17.15	131
N	21.74	-25.576	-16.135	132
CA	21.326	-26.892	-15.642	132
C	20.024	-26.798	-14.828	132
N	19.77	-25.646	-14.212	133
CA	18.451	-25.371	-13.535	133
C	17.376	-25.047	-14.582	133
N	17.813	-24.362	-15.614	134
CA	16.909	-23.884	-16.645	134
C	16.342	-24.945	-17.526	134
N	17.107	-25.964	-17.854	135
CA	16.55	-26.991	-18.74	135
C	15.29	-27.617	-18.163	135
N	15.329	-28.059	-16.881	136
CA	14.119	-28.536	-16.242	136
C	13.051	-27.5	-15.895	136
N	13.446	-26.266	-15.621	137
CA	12.439	-25.219	-15.487	137
C	11.627	-25.105	-16.755	137
N	12.31	-25.116	-17.909	138
CA	11.598	-24.943	-19.185	138
C	10.655	-26.077	-19.419	138
N	11.05	-27.311	-19.069	139
CA	10.204	-28.465	-19.222	139
C	8.995	-28.393	-18.332	139
N	9.185	-27.946	-17.083	140
CA	8.021	-27.807	-16.201	140
C	6.997	-26.796	-16.705	140
N	7.5	-25.71	-17.25	141
CA	6.66	-24.708	-17.857	141
C	5.922	-25.245	-19.069	141
N	6.658	-25.845	-20.001	142
CA	5.998	-26.258	-21.242	142
C	5.002	-27.381	-21.095	142
N	5.079	-28.132	-19.985	143
CA	4.156	-29.2	-19.751	143
C	3.143	-28.95	-18.665	143
N	3.112	-27.761	-18.076	144
CA	2.084	-27.479	-17.047	144
C	0.692	-27.645	-17.618	144
N	-0.207	-28.319	-16.898	145
CA	-1.539	-28.679	-17.436	145
C	-2.653	-27.733	-17.09	145
N	-2.371	-26.735	-16.254	146
CA	-3.358	-25.752	-15.828	146
C	-2.635	-24.488	-15.401	146
N	-3.389	-23.374	-15.329	147
CA	-2.778	-22.129	-14.819	147
C	-2.352	-22.275	-13.322	147
N	-3.113	-23.048	-12.539	148
CA	-2.737	-23.299	-11.198	148
C	-1.366	-23.992	-11.117	148
N	-1.202	-25.056	-11.901	149
CA	0.049	-25.755	-11.914	149
C	1.186	-24.873	-12.355	149
N	0.924	-24.152	-13.441	150
CA	1.935	-23.309	-14.036	150
C	2.402	-22.234	-13.05	150
N	1.447	-21.555	-12.438	151
CA	1.824	-20.464	-11.545	151
C	2.486	-20.924	-10.214	151
N	2.101	-22.091	-9.736	152
CA	2.751	-22.673	-8.591	152
C	4.188	-23.018	-8.938	152
N	4.402	-23.643	-10.097	153
CA	5.773	-23.958	-10.515	153
C	6.585	-22.667	-10.711	153
N	5.933	-21.647	-11.285	154
CA	6.57	-20.37	-11.533	154
C	7.191	-19.789	-10.238	154
N	6.378	-19.728	-9.158	155
CA	6.904	-19.108	-7.944	155
C	8.06	-19.911	-7.336	155
N	7.941	-21.254	-7.398	156
CA	9.002	-22.089	-6.905	156
C	10.306	-21.914	-7.659	156
N	10.162	-21.916	-9.0	157
CA	11.317	-21.744	-9.892	157
C	12.004	-20.394	-9.687	157
N	11.214	-19.315	-9.651	158
CA	11.786	-18.044	-9.398	158
C	12.496	-17.973	-8.034	158
N	11.85	-18.552	-7.002	159
CA	12.466	-18.513	-5.695	159
C	13.836	-19.201	-5.723	159
N	13.897	-20.318	-6.428	160
CA	15.139	-21.095	-6.491	160
C	16.218	-20.324	-7.22	160
N	15.834	-19.66	-8.309	161
CA	16.751	-18.912	-9.175	161
C	17.276	-17.648	-8.537	161
N	16.407	-16.986	-7.808	162
CA	16.693	-15.645	-7.331	162
C	16.924	-15.523	-5.814	162
N	16.437	-16.478	-5.026	163
CA	16.664	-16.504	-3.579	163
C	15.871	-15.542	-2.78	163
N	14.87	-14.878	-3.345	164
CA	14.081	-13.929	-2.576	164
C	13.222	-14.635	-1.497	164
N	12.976	-13.893	-0.441	165
CA	12.254	-14.443	0.73	165
C	10.792	-14.756	0.35	165
N	10.144	-14.08	-0.597	166
CA	8.743	-14.347	-0.991	166
C	8.699	-14.136	-2.489	166
N	8.021	-15.039	-3.136	167
CA	7.697	-14.951	-4.615	167
C	6.257	-15.228	-4.854	167
N	5.617	-14.342	-5.609	168
CA	4.181	-14.424	-5.934	168
C	3.951	-14.281	-7.448	168
N	2.86	-14.839	-7.907	169
CA	2.239	-14.421	-9.164	169
C	1.054	-13.552	-8.808	169
N	1.124	-12.308	-9.269	170
CA	0.166	-11.3	-9.029	170
C	-0.618	-11.087	-10.341	170
N	-1.863	-11.424	-10.373	171
CA	-2.674	-11.434	-11.58	171
C	-3.569	-10.232	-11.628	171
N	-3.8	-9.668	-12.806	172
CA	-4.741	-8.571	-13.012	172
C	-6.0	-9.054	-13.672	172
N	-7.129	-8.546	-13.24	173
CA	-8.363	-8.819	-13.975	173
C	-8.663	-7.721	-14.983	173
N	-9.78	-7.801	-15.713	174
CA	-10.068	-6.819	-16.763	174
C	-10.337	-5.439	-16.207	174
N	-10.649	-5.365	-14.92	175
CA	-10.885	-4.046	-14.317	175
C	-9.632	-3.511	-13.656	175
N	-8.535	-4.224	-13.787	176
CA	-7.258	-3.841	-13.195	176
C	-7.028	-4.296	-11.746	176
N	-7.979	-4.942	-11.09	177
CA	-7.791	-5.346	-9.677	177
C	-6.774	-6.437	-9.63	177
N	-6.078	-6.594	-8.5	178
CA	-5.024	-7.509	-8.346	178
C	-5.319	-8.684	-7.465	178
N	-4.726	-9.814	-7.706	179
CA	-4.908	-11.022	-6.944	179
C	-3.604	-11.69	-6.771	179
N	-3.228	-12.11	-5.555	180
CA	-2.103	-12.965	-5.302	180
C	-2.502	-14.411	-5.636	180
N	-2.214	-14.853	-6.869	181
CA	-2.705	-16.091	-7.379	181
C	-1.868	-17.279	-6.984	181
N	-0.572	-17.074	-6.813	182
CA	0.317	-18.115	-6.289	182
C	1.33	-17.467	-5.401	182
N	1.893	-18.261	-4.497	183
CA	2.886	-17.757	-3.549	183
C	3.719	-18.855	-2.96	183
N	5.017	-18.577	-2.813	184
CA	5.864	-19.304	-1.905	184
C	6.688	-18.366	-1.094	184
N	7.127	-18.802	0.096	185
CA	7.875	-17.945	0.913	185
C	8.675	-18.769	1.924	185
N	9.671	-18.133	2.473	186
CA	10.469	-18.772	3.492	186
C	9.597	-19.051	4.75	186
N	9.915	-20.139	5.499	187
CA	9.101	-20.487	6.622	187
C	9.035	-19.348	7.615	187
N	7.832	-19.196	8.153	188
CA	7.656	-18.253	9.211	188
C	7.194	-16.889	8.835	188
N	7.232	-16.606	7.532	189
CA	6.773	-15.305	7.071	189
C	5.26	-15.247	6.917	189
N	4.739	-14.033	6.742	190
CA	3.351	-13.841	6.397	190
C	3.021	-14.373	5.004	190
N	1.8	-14.862	4.827	191
CA	1.291	-15.324	3.546	191
C	0.306	-14.307	3.008	191
N	0.524	-13.908	1.765	192
CA	-0.393	-13.015	1.051	192
C	-1.22	-13.799	0.026	192
N	-1.057	-15.081	-0.065	193
CA	-1.771	-15.918	-1.043	193
C	-3.237	-15.659	-0.993	193
N	-3.855	-15.394	-2.132	194
CA	-5.207	-15.17	-2.289	194
C	-5.757	-13.814	-1.911	194
N	-4.884	-12.93	-1.459	195
CA	-5.32	-11.601	-1.151	195
C	-5.667	-10.81	-2.397	195
N	-6.604	-9.919	-2.331	196
CA	-6.999	-9.022	-3.416	196
C	-6.661	-7.602	-3.093	196
N	-6.341	-6.827	-4.082	197
CA	-5.956	-5.467	-3.948	197
C	-6.6	-4.638	-5.027	197
N	-6.877	-3.37	-4.7	198
CA	-7.544	-2.517	-5.671	198
C	-6.598	-2.187	-6.804	198
N	-7.206	-1.836	-7.928	199
CA	-6.45	-1.51	-9.11	199
C	-5.545	-0.314	-8.91	199
N	-5.938	0.591	-8.019	200
CA	-5.186	1.774	-7.74	200
C	-3.8	1.421	-7.198	200
N	-3.602	0.201	-6.631	201
CA	-2.34	-0.115	-6.121	201
C	-1.277	-0.334	-7.212	201
N	-1.73	-0.654	-8.428	202
CA	-0.804	-0.69	-9.59	202
C	-1.505	0.059	-10.716	202
N	-1.31	1.346	-10.773	203
CA	-2.171	2.202	-11.621	203
C	-2.002	1.983	-13.084	203
N	-2.951	2.368	-13.901	204
CA	-2.875	2.112	-15.335	204
C	-1.591	2.48	-16.038	204
N	-1.074	3.639	-15.746	205
CA	0.188	4.081	-16.382	205
C	1.36	3.222	-16.006	205
N	1.396	2.701	-14.776	206
CA	2.391	1.76	-14.387	206
C	2.175	0.461	-15.15	206
N	0.978	-0.091	-15.261	207
CA	0.787	-1.341	-15.961	207
C	1.25	-1.198	-17.428	207
N	0.997	-0.036	-18.055	208
CA	1.376	0.195	-19.443	208
C	2.886	0.212	-19.583	208
N	3.562	0.866	-18.643	209
CA	4.999	0.867	-18.643	209
C	5.6	-0.559	-18.56	209
N	5.014	-1.391	-17.699	210
CA	5.492	-2.715	-17.508	210
C	5.285	-3.656	-18.703	210
N	4.52	-3.188	-19.684	211
CA	4.399	-3.994	-20.905	211
C	5.672	-3.723	-21.754	211
N	6.25	-2.546	-21.633	212
CA	7.439	-2.236	-22.36	212
C	8.746	-2.546	-21.591	212
N	8.743	-2.356	-20.263	213
CA	9.923	-2.523	-19.481	213
C	9.617	-3.704	-18.598	213
N	10.13	-4.85	-18.938	214
CA	9.621	-6.134	-18.455	214
C	10.264	-6.579	-17.143	214
N	11.314	-5.946	-16.631	215
CA	11.87	-6.307	-15.308	215
C	12.102	-4.998	-14.569	215
N	11.763	-5.019	-13.284	216
CA	12.073	-3.917	-12.367	216
C	12.755	-4.42	-11.106	216
N	13.77	-3.741	-10.675	217
CA	14.481	-4.087	-9.439	217
C	14.582	-2.887	-8.554	217
N	14.056	-3.036	-7.345	218
CA	14.203	-2.045	-6.314	218
C	15.156	-2.634	-5.256	218
N	16.333	-2.118	-5.155	219
CA	17.372	-2.69	-4.301	219
C	17.165	-2.417	-2.832	219
N	16.771	-1.251	-2.497	220
CA	16.584	-0.846	-1.081	220
C	15.517	0.21	-1.057	220
N	14.39	-0.107	-0.442	221
CA	13.251	0.76	-0.419	221
C	13.541	2.095	0.244	221
N	14.516	2.161	1.122	222
CA	14.917	3.376	1.809	222
C	15.944	4.255	1.124	222
N	16.196	3.982	-0.166	223
CA	17.21	4.729	-0.857	223
C	16.897	6.231	-0.964	223
N	17.962	7.041	-1.086	224
CA	17.828	8.447	-1.466	224
C	18.051	8.584	-3.033	224
N	17.037	9.112	-3.697	225
CA	17.153	9.257	-5.151	225
C	18.321	10.081	-5.531	225
N	18.93	9.731	-6.664	226
CA	20.092	10.439	-7.209	226
C	19.655	11.174	-8.442	226
N	19.654	12.499	-8.391	227
CA	19.092	13.312	-9.498	227
C	19.981	13.222	-10.756	227
N	19.322	13.301	-11.928	228
CA	20.08	13.597	-13.173	228
C	20.501	15.053	-13.194	228
N	21.694	15.31	-13.704	229
CA	22.25	16.627	-13.867	229
C	22.719	16.852	-15.304	229
N	22.239	17.894	-15.963	230
CA	21.053	18.682	-15.599	230
C	19.817	17.794	-15.592	230
N	18.711	18.228	-14.99	231
CA	17.523	17.424	-14.963	231
C	16.882	17.336	-16.359	231
N	16.732	18.488	-16.991	232
CA	16.099	18.562	-18.275	232
C	17.135	18.178	-19.364	232
N	16.656	17.441	-20.342	233
CA	17.535	17.124	-21.483	233
C	17.977	18.392	-22.261	233
N	19.266	18.554	-22.435	234
CA	19.74	19.648	-23.32	234
C	19.258	19.535	-24.718	234
N	18.905	18.355	-25.153	235
CA	18.46	18.17	-26.525	235
C	17.002	18.411	-26.754	235
N	16.174	18.389	-25.734	236
CA	14.739	18.522	-25.906	236
C	14.11	19.639	-25.067	236
N	14.795	20.087	-24.016	237
CA	14.275	21.002	-23.062	237
C	13.157	20.402	-22.23	237
N	13.016	19.089	-22.189	238
CA	11.941	18.446	-21.441	238
C	12.636	17.461	-20.506	238
N	11.888	16.959	-19.541	239
CA	12.366	15.842	-18.751	239
C	12.737	14.668	-19.63	239
N	13.748	13.933	-19.266	240
CA	14.185	12.752	-19.995	240
C	13.191	11.628	-19.887	240
N	12.826	10.953	-20.974	241
CA	11.961	9.804	-20.897	241
C	12.743	8.622	-20.393	241
N	12.433	8.238	-19.146	242
CA	13.159	7.172	-18.472	242
C	12.421	5.844	-18.496	242
N	11.433	5.68	-19.375	243
CA	10.68	4.463	-19.472	243
C	11.54	3.231	-19.604	243
N	12.634	3.298	-20.366	244
CA	13.464	2.159	-20.543	244
C	14.645	2.033	-19.636	244
N	14.668	2.849	-18.566	245
CA	15.808	2.898	-17.691	245
C	15.667	1.872	-16.523	245
N	16.533	0.898	-16.373	246
CA	16.402	-0.041	-15.287	246
C	16.764	0.537	-13.916	246
N	17.469	1.629	-13.901	247
CA	17.855	2.344	-12.67	247
C	16.828	3.347	-12.242	247
N	15.769	3.574	-12.98	248
CA	14.8	4.633	-12.751	248
C	14.364	4.64	-11.254	248
N	14.26	5.792	-10.604	249
CA	13.718	5.892	-9.248	249
C	12.236	5.643	-9.343	249
N	11.671	4.996	-8.352	250
CA	10.297	4.566	-8.304	250
C	9.382	5.509	-7.511	250
N	8.103	5.449	-7.799	251
CA	7.147	6.31	-7.172	251
C	7.19	6.269	-5.646	251
N	7.274	7.452	-5.023	252
CA	7.249	7.564	-3.573	252
C	5.988	6.954	-2.975	252
N	4.883	6.973	-3.667	253
CA	3.691	6.415	-3.11	253
C	3.826	4.884	-2.996	253
N	4.442	4.286	-4.008	254
CA	4.713	2.861	-4.009	254
C	5.761	2.5	-2.942	254
N	6.815	3.263	-2.822	255
CA	7.803	2.999	-1.753	255
C	7.187	3.032	-0.362	255
N	6.281	3.938	-0.145	256
CA	5.606	4.012	1.161	256
C	4.791	2.742	1.422	256
N	4.088	2.271	0.401	257
CA	3.358	1.023	0.442	257
C	4.24	-0.134	0.899	257
N	5.408	-0.257	0.305	258
CA	6.279	-1.324	0.633	258
C	6.833	-1.134	2.076	258
N	7.17	0.084	2.451	259
CA	7.633	0.366	3.812	259
C	6.59	-0.021	4.823	259
N	5.346	0.278	4.544	260
CA	4.266	-0.066	5.496	260
C	4.129	-1.594	5.591	260
N	4.54	-2.359	4.591	261
CA	4.609	-3.83	4.753	261
C	5.918	-4.375	5.325	261
N	6.906	-3.524	5.552	262
CA	8.207	-3.971	5.993	262
C	9.112	-4.609	4.965	262
N	8.734	-4.453	3.652	263
CA	9.53	-5.081	2.609	263
C	10.746	-4.186	2.32	263
N	11.934	-4.71	2.09	264
CA	13.118	-3.883	1.934	264
C	13.585	-3.783	0.471	264
N	13.219	-4.771	-0.324	265
CA	13.682	-4.92	-1.716	265
C	12.695	-5.711	-2.515	265
N	12.608	-5.42	-3.837	266
CA	11.646	-6.112	-4.702	266
C	12.271	-6.408	-6.095	266
N	11.784	-7.448	-6.718	267
CA	12.015	-7.79	-8.165	267
C	10.688	-8.09	-8.733	267
N	10.351	-7.494	-9.889	268
CA	9.101	-7.768	-10.537	268
C	9.394	-8.042	-12.026	268
N	8.723	-8.996	-12.567	269
CA	8.893	-9.425	-13.963	269
C	7.522	-9.533	-14.626	269
N	7.36	-8.846	-15.751	270
CA	6.081	-8.798	-16.413	270
C	5.683	-10.1	-17.117	270
N	4.411	-10.449	-17.065	271
CA	3.833	-11.506	-17.856	271
C	2.862	-10.877	-18.844	271
N	3.283	-10.934	-20.108	272
CA	2.526	-10.195	-21.161	272
C	1.908	-11.206	-22.109	272
N	0.6	-11.185	-22.169	273
CA	-0.196	-12.164	-22.879	273
C	-1.122	-11.384	-23.818	273
N	-1.053	-11.669	-25.123	274
CA	-1.88	-10.962	-26.117	274
C	-1.583	-9.496	-26.047	274
N	-0.333	-9.121	-25.756	275
CA	0.007	-7.702	-25.741	275
C	-0.529	-6.97	-24.509	275
N	-1.147	-7.663	-23.516	276
CA	-1.689	-6.989	-22.398	276
C	-0.893	-7.523	-21.166	276
N	-0.878	-6.734	-20.093	277
CA	-0.251	-7.138	-18.831	277
C	-1.163	-8.097	-18.078	277
N	-0.887	-9.372	-18.169	278
CA	-1.685	-10.399	-17.56	278
C	-1.399	-10.471	-16.03	278
N	-0.158	-10.236	-15.669	279
CA	0.264	-10.394	-14.302	279
C	1.677	-10.019	-14.161	279
N	2.201	-10.181	-12.94	280
CA	3.553	-9.98	-12.585	280
C	4.101	-11.133	-11.757	280
N	5.326	-11.495	-11.917	281
CA	6.027	-12.27	-10.894	281
C	6.627	-11.239	-9.971	281
N	6.208	-11.272	-8.674	282
CA	6.631	-10.267	-7.725	282
C	7.429	-10.91	-6.582	282
N	8.629	-10.459	-6.345	283
CA	9.465	-10.993	-5.304	283
C	9.789	-9.949	-4.268	283
N	9.703	-10.355	-3.003	284
CA	10.045	-9.528	-1.849	284
C	11.238	-10.054	-1.092	284
N	12.036	-9.15	-0.601	285
CA	13.109	-9.516	0.356	285
C	13.072	-8.589	1.505	285
N	13.521	-9.137	2.663	286
CA	13.486	-8.361	3.931	286
C	14.829	-7.751	4.246	286
N	15.791	-7.871	3.329	287
CA	17.039	-7.118	3.329	287
C	17.25	-6.624	1.872	287
N	18.068	-5.623	1.743	288
CA	18.356	-5.115	0.39	288
C	18.873	-6.229	-0.482	288
N	18.511	-6.162	-1.776	289
CA	18.876	-7.257	-2.694	289
C	19.008	-6.708	-4.109	289
N	20.036	-7.167	-4.793	290
CA	20.207	-6.812	-6.247	290
C	20.497	-8.064	-7.043	290
N	19.853	-8.195	-8.212	291
CA	20.197	-9.231	-9.121	291
C	20.774	-8.589	-10.374	291
N	21.898	-9.111	-10.834	292
CA	22.645	-8.507	-11.944	292
C	22.047	-8.858	-13.294	292
N	22.608	-8.202	-14.319	293
CA	22.042	-8.294	-15.638	293
C	21.844	-9.756	-16.094	293
N	22.799	-10.664	-15.937	294
CA	22.643	-12.018	-16.508	294
C	21.44	-12.742	-15.924	294
N	21.246	-12.579	-14.623	295
CA	20.135	-13.241	-13.952	295
C	18.802	-12.555	-14.285	295
N	18.804	-11.214	-14.453	296
CA	17.617	-10.548	-14.924	296
C	17.241	-11.065	-16.305	296
N	18.239	-11.286	-17.179	297
CA	17.969	-11.767	-18.502	297
C	17.326	-13.126	-18.471	297
N	17.797	-13.981	-17.571	298
CA	17.159	-15.292	-17.383	298
C	15.729	-15.141	-16.908	298
N	15.455	-14.229	-15.984	299
CA	14.09	-14.047	-15.516	299
C	13.184	-13.637	-16.648	299
N	13.675	-12.719	-17.504	300
CA	12.91	-12.31	-18.632	300
C	12.659	-13.483	-19.606	300
N	13.637	-14.351	-19.867	301
CA	13.437	-15.466	-20.757	301
C	12.379	-16.412	-20.174	301
N	12.435	-16.637	-18.864	302
CA	11.453	-17.469	-18.2	302
C	10.084	-16.867	-18.282	302
N	9.955	-15.55	-18.067	303
CA	8.65	-14.937	-18.175	303
C	8.075	-15.046	-19.584	303
N	8.921	-14.997	-20.626	304
CA	8.387	-15.204	-22.003	304
C	7.904	-16.584	-22.191	304
N	8.632	-17.591	-21.685	305
CA	8.187	-18.967	-21.767	305
C	6.861	-19.195	-21.037	305
N	6.712	-18.566	-19.853	306
CA	5.496	-18.742	-19.075	306
C	4.301	-18.106	-19.802	306
N	4.516	-16.925	-20.371	307
CA	3.441	-16.245	-21.107	307
C	3.003	-17.039	-22.31	307
N	3.926	-17.696	-23.003	308
CA	3.572	-18.585	-24.143	308
C	2.671	-19.654	-23.624	308
N	3.009	-20.263	-22.493	309
CA	2.13	-21.323	-21.966	309
C	0.773	-20.799	-21.453	309
N	0.747	-19.645	-20.826	310
CA	-0.555	-19.06	-20.467	310
C	-1.416	-18.879	-21.713	310
N	-0.812	-18.35	-22.771	311
CA	-1.563	-18.179	-24.067	311
C	-2.22	-19.469	-24.497	311
N	-1.471	-20.563	-24.45	312
CA	-2.007	-21.854	-24.898	312
C	-3.101	-22.373	-23.963	312
N	-2.897	-22.156	-22.672	313
CA	-3.875	-22.673	-21.713	313
C	-5.198	-21.935	-21.77	313
N	-5.139	-20.689	-22.144	314
CA	-6.344	-19.84	-22.217	314
C	-7.066	-19.955	-23.545	314
N	-6.435	-20.561	-24.544	315
CA	-7.024	-20.655	-25.871	315
C	-8.121	-21.729	-25.869	315
