ATOM	X	Y	Z	RESIDUE
N	13.916	0.027	6.496	1
CA	13.556	-0.964	7.525	1
C	12.548	-0.463	8.542	1
N	11.29	-0.433	8.13	2
CA	10.249	0.197	8.918	2
C	9.361	-0.877	9.542	2
N	8.518	-0.451	10.461	3
CA	7.828	-1.391	11.335	3
C	6.797	-2.197	10.551	3
N	6.545	-3.399	11.038	4
CA	5.473	-4.213	10.49	4
C	5.182	-5.381	11.403	4
N	4.926	-6.547	10.809	5
CA	4.487	-7.715	11.547	5
C	5.343	-8.938	11.219	5
N	6.467	-8.704	10.566	6
CA	7.372	-9.807	10.263	6
C	8.354	-10.143	11.386	6
N	9.223	-11.126	11.139	7
CA	10.206	-11.548	12.138	7
C	11.198	-10.452	12.491	7
N	11.541	-9.644	11.496	8
CA	12.588	-8.684	11.705	8
C	12.1	-7.281	12.0	8
N	10.784	-7.065	11.894	9
CA	10.235	-5.73	12.166	9
C	8.914	-5.74	12.951	9
N	8.613	-6.884	13.553	10
CA	7.365	-7.121	14.254	10
C	7.28	-6.533	15.649	10
N	6.179	-6.848	16.357	11
CA	5.945	-6.257	17.677	11
C	7.098	-6.301	18.675	11
N	7.939	-7.325	18.647	12
CA	9.059	-7.394	19.587	12
C	10.164	-6.365	19.29	12
N	10.096	-5.748	18.115	13
CA	11.087	-4.781	17.667	13
C	10.647	-3.341	17.848	13
N	9.339	-3.131	17.967	14
CA	8.785	-1.78	17.888	14
C	9.364	-0.813	18.928	14
N	9.763	-1.338	20.069	15
CA	10.205	-0.476	21.156	15
C	11.453	0.321	20.805	15
N	12.234	-0.167	19.849	16
CA	13.473	0.535	19.474	16
C	13.191	1.876	18.801	16
N	12.193	1.959	17.93	17
CA	11.781	3.246	17.399	17
C	10.726	3.935	18.249	17
N	9.956	3.179	19.04	18
CA	8.796	3.709	19.772	18
C	8.869	3.244	21.213	18
N	9.691	3.918	22.042	19
CA	9.945	3.369	23.369	19
C	8.704	3.228	24.27	19
N	7.634	3.96	23.926	20
CA	6.383	3.898	24.679	20
C	5.767	2.496	24.529	20
N	6.315	1.681	23.627	21
CA	5.894	0.28	23.489	21
C	5.948	-0.471	24.827	21
N	6.818	-0.03	25.726	22
CA	6.961	-0.656	27.053	22
C	6.374	0.238	28.144	22
N	5.424	1.091	27.773	23
CA	4.839	2.052	28.688	23
C	3.834	1.472	29.67	23
N	3.197	2.382	30.391	24
CA	2.295	2.02	31.477	24
C	0.843	1.739	31.086	24
N	0.45	2.024	29.848	25
CA	-0.955	1.823	29.466	25
C	-1.045	1.396	27.991	25
N	-0.326	0.316	27.68	26
CA	-0.278	-0.23	26.343	26
C	-1.416	-1.21	26.05	26
N	-1.766	-1.292	24.776	27
CA	-2.825	-2.149	24.295	27
C	-2.281	-3.005	23.154	27
N	-2.928	-4.139	22.897	28
CA	-4.099	-4.687	23.591	28
C	-3.692	-5.357	24.91	28
N	-4.678	-5.913	25.616	29
CA	-4.486	-6.655	26.844	29
C	-5.361	-7.904	26.818	29
N	-5.009	-8.85	27.683	30
CA	-5.92	-9.932	27.981	30
C	-6.988	-9.432	28.939	30
N	-8.242	-9.737	28.622	31
CA	-9.375	-9.417	29.492	31
C	-9.693	-10.668	30.323	31
N	-9.32	-10.605	31.597	32
CA	-9.613	-11.679	32.547	32
C	-11.014	-11.426	33.078	32
N	-11.975	-12.216	32.603	33
CA	-13.4	-11.97	32.861	33
C	-13.739	-12.094	34.325	33
N	-12.971	-12.887	35.056	34
CA	-13.245	-13.082	36.452	34
C	-12.703	-11.929	37.303	34
N	-11.666	-11.224	36.843	35
CA	-11.069	-10.099	37.568	35
C	-11.668	-8.732	37.179	35
N	-12.274	-8.64	36.001	36
CA	-12.968	-7.407	35.609	36
C	-14.117	-7.199	36.592	36
N	-14.351	-5.963	36.976	37
CA	-15.42	-5.704	37.922	37
C	-16.532	-4.847	37.332	37
N	-17.769	-5.257	37.594	38
CA	-18.909	-4.471	37.215	38
C	-18.798	-3.089	37.868	38
N	-19.016	-2.061	37.066	39
CA	-19.007	-0.665	37.5	39
C	-20.422	-0.09	37.289	39
N	-21.231	-0.041	38.357	40
CA	-22.631	0.395	38.188	40
C	-22.756	1.859	37.78	40
N	-21.667	2.601	37.934	41
CA	-21.631	4.018	37.567	41
C	-21.374	4.304	36.068	41
N	-21.098	3.261	35.293	42
CA	-20.941	3.419	33.847	42
C	-22.319	3.727	33.256	42
N	-22.452	4.875	32.588	43
CA	-23.737	5.276	32.005	43
C	-24.023	4.485	30.77	43
N	-25.253	4.601	30.255	44
CA	-25.479	3.859	29.019	44
C	-24.586	4.346	27.853	44
N	-24.195	3.369	27.051	45
CA	-23.377	3.537	25.863	45
C	-24.211	3.881	24.634	45
N	-23.807	4.92	23.904	46
CA	-24.639	5.477	22.851	46
C	-23.863	5.456	21.547	46
N	-24.28	4.6	20.635	47
CA	-23.679	4.513	19.31	47
C	-24.691	5.094	18.328	47
N	-24.419	6.286	17.801	48
CA	-25.334	6.992	16.913	48
C	-24.71	7.087	15.539	48
N	-24.974	6.088	14.711	49
CA	-24.368	5.985	13.386	49
C	-25.33	6.222	12.211	49
N	-26.542	6.723	12.479	50
CA	-27.566	6.832	11.431	50
C	-27.176	7.818	10.313	50
N	-26.389	8.837	10.64	51
CA	-25.965	9.824	9.653	51
C	-24.519	9.623	9.161	51
N	-23.971	8.433	9.383	52
CA	-22.588	8.183	8.994	52
C	-22.428	8.374	7.487	52
N	-21.315	8.996	7.113	53
CA	-20.943	9.19	5.729	53
C	-19.587	8.566	5.444	53
N	-19.582	7.348	4.923	54
CA	-18.334	6.733	4.519	54
C	-17.852	7.391	3.215	54
N	-16.544	7.463	3.028	55
CA	-15.988	8.035	1.807	55
C	-15.146	7.117	0.959	55
N	-14.267	6.345	1.598	56
CA	-13.163	5.732	0.906	56
C	-12.702	4.524	1.691	56
N	-12.061	3.59	0.992	57
CA	-11.4	2.463	1.63	57
C	-9.962	2.441	1.145	57
N	-9.012	2.235	2.066	58
CA	-7.583	2.376	1.793	58
C	-6.801	1.203	2.356	58
N	-5.95	0.579	1.525	59
CA	-4.959	-0.387	2.009	59
C	-3.713	0.419	2.393	59
N	-3.412	0.505	3.685	60
CA	-2.271	1.311	4.14	60
C	-0.994	0.525	4.384	60
N	-0.977	-0.738	3.976	61
CA	0.173	-1.593	4.151	61
C	0.211	-2.322	5.488	61
N	-0.722	-2.004	6.393	62
CA	-0.832	-2.642	7.712	62
C	-2.212	-3.263	7.94	62
N	-3.233	-2.68	7.335	63
CA	-4.619	-3.118	7.395	63
C	-5.345	-2.349	6.281	63
N	-6.659	-2.441	6.207	64
CA	-7.419	-1.528	5.358	64
C	-8.36	-0.714	6.224	64
N	-8.491	0.569	5.897	65
CA	-9.342	1.474	6.651	65
C	-10.515	1.915	5.79	65
N	-11.72	1.81	6.334	66
CA	-12.894	2.482	5.783	66
C	-13.009	3.826	6.496	66
N	-12.874	4.898	5.714	67
CA	-12.794	6.258	6.228	67
C	-14.131	6.968	6.111	67
N	-14.39	7.866	7.061	68
CA	-15.63	8.596	7.143	68
C	-15.384	10.094	7.125	68
N	-16.417	10.847	6.753	69
CA	-16.417	12.299	6.879	69
C	-16.61	12.658	8.346	69
N	-15.56	13.17	8.966	70
CA	-15.605	13.539	10.375	70
C	-15.495	15.05	10.563	70
N	-15.929	15.806	9.56	71
CA	-15.899	17.294	9.616	71
C	-17.182	17.877	10.238	71
N	-18.092	16.993	10.638	72
CA	-19.314	17.347	11.379	72
C	-19.678	16.182	12.274	72
N	-20.545	16.412	13.267	73
CA	-21.022	15.368	14.168	73
C	-22.084	14.571	13.431	73
N	-21.659	13.51	12.771	74
CA	-22.562	12.67	11.96	74
C	-22.732	11.26	12.531	74
N	-21.607	10.632	12.83	75
CA	-21.573	9.302	13.449	75
C	-20.745	9.465	14.721	75
N	-21.383	9.329	15.871	76
CA	-20.701	9.599	17.126	76
C	-20.927	8.519	18.164	76
N	-19.95	8.425	19.053	77
CA	-20.008	7.556	20.201	77
C	-19.991	8.428	21.427	77
N	-20.878	8.126	22.366	78
CA	-21.009	8.852	23.615	78
C	-21.414	7.892	24.733	78
N	-21.418	8.377	25.976	79
CA	-21.883	7.569	27.094	79
C	-20.862	6.528	27.477	79
N	-21.296	5.47	28.138	80
CA	-20.334	4.537	28.697	80
C	-19.384	5.226	29.648	80
N	-18.076	4.973	29.505	81
CA	-17.043	5.632	30.298	81
C	-16.687	7.023	29.798	81
N	-17.274	7.439	28.681	82
CA	-16.806	8.622	27.974	82
C	-17.453	9.884	28.508	82
N	-16.652	10.937	28.558	83
CA	-17.144	12.294	28.746	83
C	-17.066	12.984	27.385	83
N	-18.176	13.536	26.947	84
CA	-18.217	14.273	25.717	84
C	-18.529	13.393	24.519	84
N	-18.214	13.913	23.336	85
CA	-18.657	13.349	22.083	85
C	-17.453	12.937	21.286	85
N	-17.474	11.708	20.784	86
CA	-16.364	11.216	20.006	86
C	-16.842	10.884	18.579	86
N	-16.176	11.42	17.556	87
CA	-16.575	11.277	16.17	87
C	-15.888	10.11	15.504	87
N	-16.671	9.302	14.79	88
CA	-16.117	8.204	14.009	88
C	-15.292	8.728	12.841	88
N	-14.026	8.303	12.762	89
CA	-13.154	8.678	11.652	89
C	-12.855	7.518	10.699	89
N	-12.749	6.302	11.229	90
CA	-12.424	5.151	10.39	90
C	-12.663	3.878	11.164	90
N	-12.868	2.771	10.446	91
CA	-12.736	1.463	11.062	91
C	-11.783	0.614	10.242	91
N	-11.251	-0.406	10.908	92
CA	-10.386	-1.373	10.275	92
C	-10.44	-2.651	11.089	92
N	-9.71	-3.663	10.631	93
CA	-9.669	-4.962	11.312	93
C	-8.22	-5.41	11.467	93
N	-8.049	-6.362	12.373	94
CA	-6.833	-7.162	12.507	94
C	-7.258	-8.612	12.404	94
N	-6.476	-9.451	11.744	95
CA	-6.898	-10.834	11.523	95
C	-5.705	-11.756	11.401	95
N	-6.014	-13.043	11.429	96
CA	-4.997	-14.071	11.438	96
C	-4.805	-14.788	10.114	96
N	-3.794	-15.648	10.092	97
CA	-3.597	-16.591	8.983	97
C	-4.417	-17.877	9.159	97
N	-4.935	-18.085	10.352	98
CA	-5.712	-19.268	10.744	98
C	-6.885	-18.78	11.596	98
N	-7.984	-19.529	11.635	99
CA	-9.169	-19.061	12.367	99
C	-8.95	-18.96	13.896	99
N	-7.936	-19.663	14.412	100
CA	-7.641	-19.662	15.838	100
C	-6.79	-18.51	16.393	100
N	-6.514	-17.535	15.535	101
CA	-5.774	-16.367	15.957	101
C	-6.154	-15.184	15.048	101
N	-5.81	-13.974	15.493	102
CA	-6.069	-12.777	14.727	102
C	-6.508	-11.59	15.562	102
N	-7.208	-11.839	16.664	103
CA	-7.588	-10.731	17.517	103
C	-6.394	-10.194	18.287	103
N	-6.538	-8.949	18.705	104
CA	-5.53	-8.24	19.52	104
C	-5.849	-8.405	21.006	104
N	-7.033	-7.989	21.424	105
CA	-7.504	-8.366	22.738	105
C	-7.792	-9.85	22.783	105
N	-7.669	-10.408	23.973	106
CA	-8.036	-11.805	24.199	106
C	-8.974	-11.803	25.412	106
N	-9.751	-12.877	25.554	107
CA	-10.715	-13.002	26.638	107
C	-10.383	-14.301	27.354	107
N	-9.928	-14.189	28.592	108
CA	-9.421	-15.353	29.302	108
C	-8.451	-16.173	28.43	108
N	-7.57	-15.433	27.767	109
CA	-6.509	-15.905	26.888	109
C	-7.016	-16.457	25.542	109
N	-8.331	-16.474	25.327	110
CA	-8.897	-16.863	24.052	110
C	-8.618	-15.81	22.977	110
N	-8.094	-16.273	21.853	111
CA	-7.936	-15.475	20.64	111
C	-9.099	-15.719	19.681	111
N	-9.652	-14.653	19.125	112
CA	-10.675	-14.75	18.098	112
C	-10.025	-14.664	16.713	112
N	-10.797	-14.956	15.677	113
CA	-10.284	-14.955	14.318	113
C	-9.886	-13.574	13.802	113
N	-10.524	-12.553	14.343	114
CA	-10.269	-11.174	13.92	114
C	-10.889	-10.22	14.95	114
N	-10.556	-8.943	14.793	115
CA	-11.039	-7.905	15.678	115
C	-11.25	-6.633	14.852	115
N	-12.455	-6.085	14.969	116
CA	-12.852	-4.848	14.316	116
C	-12.641	-3.688	15.287	116
N	-12.02	-2.613	14.801	117
CA	-11.793	-1.391	15.548	117
C	-12.464	-0.225	14.878	117
N	-13.458	0.349	15.563	118
CA	-14.125	1.597	15.136	118
C	-13.508	2.742	15.92	118
N	-12.757	3.584	15.212	119
CA	-11.908	4.597	15.828	119
C	-12.63	5.933	15.847	119
N	-12.688	6.533	17.038	120
CA	-13.369	7.809	17.219	120
C	-12.489	8.807	17.973	120
N	-12.631	10.091	17.675	121
CA	-11.843	11.111	18.393	121
C	-12.701	12.147	19.109	121
N	-12.182	12.61	20.24	122
CA	-12.869	13.509	21.154	122
C	-12.949	14.905	20.534	122
N	-14.168	15.366	20.269	123
CA	-14.353	16.605	19.504	123
C	-13.826	17.831	20.245	123
N	-13.579	17.731	21.554	124
CA	-13.058	18.877	22.28	124
C	-11.641	19.226	21.849	124
N	-10.97	18.333	21.124	125
CA	-9.616	18.593	20.674	125
C	-9.544	19.041	19.208	125
N	-10.688	19.162	18.548	126
CA	-10.744	19.861	17.269	126
C	-10.384	19.069	16.016	126
N	-9.31	18.29	16.083	127
CA	-8.966	17.386	14.981	127
C	-8.304	16.118	15.537	127
N	-8.23	15.084	14.709	128
CA	-7.69	13.795	15.115	128
C	-6.227	13.907	15.505	128
N	-5.441	14.675	14.758	129
CA	-4.029	14.79	15.085	129
C	-3.75	15.413	16.448	129
N	-4.596	16.348	16.879	130
CA	-4.456	16.904	18.233	130
C	-4.957	15.899	19.279	130
N	-6.012	15.174	18.911	131
CA	-6.604	14.208	19.834	131
C	-5.624	13.126	20.227	131
N	-4.821	12.631	19.291	132
CA	-3.916	11.513	19.64	132
C	-2.829	11.927	20.622	132
N	-2.711	13.233	20.857	133
CA	-1.717	13.759	21.804	133
C	-2.299	13.899	23.217	133
N	-3.546	13.439	23.429	134
CA	-4.255	13.616	24.705	134
C	-4.596	12.26	25.313	134
N	-4.566	12.146	26.667	135
CA	-4.841	10.859	27.304	135
C	-6.272	10.381	27.084	135
N	-7.188	11.302	26.814	136
CA	-8.573	10.963	26.53	136
C	-8.962	11.367	25.112	136
N	-8.031	11.254	24.179	137
CA	-8.262	11.759	22.851	137
C	-9.101	10.89	21.948	137
N	-8.989	9.569	22.132	138
CA	-9.636	8.608	21.252	138
C	-10.495	7.664	22.052	138
N	-11.533	7.135	21.404	139
CA	-12.289	6.0	21.938	139
C	-12.336	4.99	20.789	139
N	-11.86	3.779	21.043	140
CA	-11.938	2.743	20.03	140
C	-12.884	1.669	20.528	140
N	-13.9	1.381	19.716	141
CA	-14.885	0.36	19.96	141
C	-14.362	-0.903	19.271	141
N	-14.085	-1.928	20.072	142
CA	-13.545	-3.184	19.582	142
C	-14.576	-4.282	19.603	142
N	-14.623	-5.041	18.521	143
CA	-15.632	-6.074	18.336	143
C	-14.926	-7.318	17.82	143
N	-15.075	-8.431	18.512	144
CA	-14.468	-9.686	18.077	144
C	-15.242	-10.312	16.938	144
N	-14.514	-10.992	16.047	145
CA	-15.095	-11.798	14.968	145
C	-14.737	-13.27	15.178	145
N	-15.753	-14.124	15.134	146
CA	-15.579	-15.568	15.082	146
C	-16.093	-16.074	13.76	146
N	-15.554	-17.217	13.348	147
CA	-15.943	-17.821	12.077	147
C	-17.135	-18.76	12.272	147
N	-18.192	-18.49	11.53	148
CA	-19.402	-19.311	11.551	148
C	-20.29	-18.861	10.4	148
N	-21.464	-18.321	10.734	149
CA	-22.365	-17.747	9.731	149
C	-21.824	-16.432	9.181	149
N	-22.167	-16.121	7.935	150
CA	-21.75	-14.86	7.337	150
C	-22.388	-13.678	8.046	150
N	-21.672	-12.556	8.017	151
CA	-22.21	-11.272	8.456	151
C	-22.629	-10.507	7.195	151
N	-23.924	-10.412	6.944	152
CA	-24.354	-9.786	5.679	152
C	-23.848	-8.352	5.526	152
N	-23.798	-7.596	6.615	153
CA	-23.38	-6.212	6.563	153
C	-21.899	-6.029	6.283	153
N	-21.109	-7.092	6.376	154
CA	-19.693	-7.044	6.025	154
C	-19.429	-7.264	4.532	154
N	-20.38	-7.825	3.796	155
CA	-20.064	-8.306	2.461	155
C	-19.647	-7.176	1.513	155
N	-20.247	-5.983	1.647	156
CA	-19.884	-4.871	0.761	156
C	-18.387	-4.526	0.927	156
N	-17.88	-4.686	2.142	157
CA	-16.456	-4.493	2.407	157
C	-15.63	-5.588	1.728	157
N	-16.025	-6.835	1.951	158
CA	-15.32	-7.969	1.366	158
C	-15.229	-7.847	-0.148	158
N	-16.29	-7.378	-0.781	159
CA	-16.306	-7.428	-2.233	159
C	-15.494	-6.34	-2.904	159
N	-15.109	-5.307	-2.162	160
CA	-14.291	-4.265	-2.748	160
C	-12.767	-4.527	-2.525	160
N	-12.402	-5.526	-1.724	161
CA	-11.006	-5.763	-1.386	161
C	-10.124	-6.091	-2.589	161
N	-10.724	-6.682	-3.619	162
CA	-9.991	-6.982	-4.852	162
C	-9.413	-5.732	-5.485	162
N	-10.083	-4.612	-5.278	163
CA	-9.659	-3.357	-5.862	163
C	-8.609	-2.598	-5.033	163
N	-8.308	-3.064	-3.813	164
CA	-7.29	-2.428	-2.974	164
C	-6.312	-3.48	-2.464	164
N	-5.866	-4.346	-3.365	165
CA	-5.08	-5.481	-2.938	165
C	-3.775	-5.103	-2.287	165
N	-3.125	-4.063	-2.801	166
CA	-1.765	-3.706	-2.399	166
C	-1.702	-2.342	-1.714	166
N	-0.637	-2.2	-0.938	167
CA	-0.343	-0.995	-0.189	167
C	-0.438	0.255	-1.028	167
N	-1.214	1.218	-0.537	168
CA	-1.351	2.505	-1.198	168
C	-2.532	2.644	-2.126	168
N	-3.21	1.543	-2.387	169
CA	-4.426	1.586	-3.201	169
C	-5.636	1.978	-2.373	169
N	-6.463	2.82	-2.961	170
CA	-7.734	3.214	-2.382	170
C	-8.861	3.106	-3.417	170
N	-10.087	3.083	-2.909	171
CA	-11.274	3.046	-3.749	171
C	-12.393	3.858	-3.102	171
N	-13.229	4.462	-3.925	172
CA	-14.424	5.094	-3.406	172
C	-15.228	4.053	-2.636	172
N	-15.803	4.474	-1.514	173
CA	-16.568	3.585	-0.674	173
C	-17.615	4.396	0.069	173
N	-18.603	4.871	-0.683	174
CA	-19.653	5.694	-0.102	174
C	-20.869	4.872	0.321	174
N	-21.658	5.446	1.224	175
CA	-22.954	4.896	1.631	175
C	-22.87	3.551	2.321	175
N	-21.759	3.319	3.012	176
CA	-21.64	2.102	3.803	176
C	-22.108	2.381	5.203	176
N	-22.948	1.492	5.731	177
CA	-23.577	1.652	7.034	177
C	-22.92	0.762	8.079	177
N	-22.125	1.377	8.972	178
CA	-21.388	0.549	9.942	178
C	-22.268	-0.101	11.004	178
N	-23.534	0.292	11.066	179
CA	-24.488	-0.369	11.985	179
C	-24.609	-1.851	11.677	179
N	-24.371	-2.241	10.418	180
CA	-24.447	-3.634	10.044	180
C	-23.304	-4.508	10.505	180
N	-22.33	-3.92	11.204	181
CA	-21.203	-4.667	11.751	181
C	-21.326	-4.902	13.266	181
N	-22.388	-4.401	13.898	182
CA	-22.552	-4.489	15.345	182
C	-23.282	-5.754	15.766	182
N	-22.905	-6.298	16.919	183
CA	-23.666	-7.413	17.475	183
C	-24.94	-6.902	18.135	183
N	-25.773	-7.795	18.647	184
CA	-27.028	-7.388	19.248	184
C	-26.812	-6.609	20.545	184
N	-25.95	-7.13	21.411	185
CA	-25.688	-6.523	22.711	185
C	-24.553	-5.518	22.689	185
N	-24.726	-4.431	23.441	186
CA	-23.652	-3.45	23.648	186
C	-22.933	-3.636	25.002	186
N	-23.109	-4.775	25.679	187
CA	-22.373	-5.057	26.91	187
C	-20.88	-4.982	26.581	187
N	-20.086	-4.383	27.46	188
CA	-18.688	-4.147	27.132	188
C	-17.763	-4.183	28.367	188
N	-16.464	-4.296	28.09	189
CA	-15.395	-4.022	29.045	189
C	-14.678	-2.741	28.613	189
N	-14.128	-2.018	29.576	190
CA	-13.415	-0.784	29.239	190
C	-12.191	-0.592	30.121	190
N	-11.148	-0.006	29.531	191
CA	-9.905	0.29	30.228	191
C	-9.129	1.35	29.433	191
N	-8.2	2.051	30.097	192
CA	-7.367	3.032	29.407	192
C	-6.17	2.358	28.731	192
N	-5.935	2.67	27.466	193
CA	-4.825	2.075	26.764	193
C	-4.27	2.935	25.67	193
N	-3.858	2.268	24.611	194
CA	-3.065	2.902	23.551	194
C	-3.496	2.495	22.16	194
N	-2.937	3.146	21.15	195
CA	-2.956	2.611	19.801	195
C	-2.199	1.297	19.849	195
N	-2.642	0.33	19.054	196
CA	-2.005	-0.997	19.044	196
C	-0.982	-1.137	17.923	196
N	-0.734	-0.06	17.175	197
CA	0.382	0.004	16.237	197
C	1.187	1.254	16.526	197
N	2.414	1.283	15.998	198
CA	3.149	2.553	16.095	198
C	2.281	3.675	15.559	198
N	2.337	4.84	16.179	199
CA	3.269	5.242	17.248	199
C	2.895	4.876	18.701	199
N	1.878	4.04	18.87	200
CA	1.589	3.396	20.168	200
C	1.203	4.409	21.233	200
N	0.649	5.531	20.783	201
CA	0.313	6.616	21.686	201
C	-0.745	6.222	22.709	201
N	-0.568	6.7	23.932	202
CA	-1.407	6.333	25.062	202
C	-2.594	7.285	25.185	202
N	-3.475	7.212	24.185	203
CA	-4.511	8.201	23.991	203
C	-5.904	7.58	23.877	203
N	-6.036	6.282	24.168	204
CA	-7.273	5.56	23.861	204
C	-8.03	5.077	25.079	204
N	-9.327	5.385	25.109	205
CA	-10.271	4.688	25.975	205
C	-10.811	3.527	25.151	205
N	-10.474	2.317	25.586	206
CA	-10.895	1.114	24.9	206
C	-12.237	0.679	25.43	206
N	-13.118	0.35	24.497	207
CA	-14.45	-0.167	24.803	207
C	-14.581	-1.439	23.942	207
N	-14.5	-2.61	24.582	208
CA	-14.484	-3.885	23.884	208
C	-15.796	-4.61	24.184	208
N	-16.566	-4.878	23.133	209
CA	-17.854	-5.548	23.301	209
C	-17.653	-7.012	23.654	209
N	-18.515	-7.482	24.539	210
CA	-18.495	-8.865	24.973	210
C	-18.98	-9.847	23.902	210
N	-20.005	-9.448	23.142	211
CA	-20.593	-10.336	22.151	211
C	-19.852	-10.224	20.83	211
N	-19.274	-11.326	20.348	212
CA	-18.631	-11.288	19.025	212
C	-19.664	-11.259	17.893	212
N	-19.24	-10.849	16.704	213
CA	-20.031	-11.09	15.506	213
C	-19.47	-12.318	14.804	213
N	-20.336	-13.003	14.056	214
CA	-19.929	-14.135	13.242	214
C	-19.743	-13.692	11.811	214
N	-18.642	-14.133	11.208	215
CA	-18.412	-13.962	9.778	215
C	-18.138	-15.335	9.181	215
N	-18.294	-15.479	7.875	216
CA	-18.097	-16.791	7.262	216
C	-16.628	-17.054	6.966	216
N	-16.299	-18.327	6.838	217
CA	-14.975	-18.719	6.388	217
C	-14.6	-18.011	5.073	217
N	-15.557	-17.869	4.161	218
CA	-15.29	-17.231	2.879	218
C	-14.99	-15.744	3.058	218
N	-15.657	-15.086	4.008	219
CA	-15.384	-13.685	4.253	219
C	-13.967	-13.472	4.784	219
N	-13.544	-14.282	5.741	220
CA	-12.229	-14.075	6.322	220
C	-11.143	-14.496	5.314	220
N	-11.429	-15.501	4.489	221
CA	-10.48	-15.921	3.473	221
C	-10.16	-14.764	2.542	221
N	-11.155	-13.926	2.255	222
CA	-10.93	-12.775	1.384	222
C	-10.062	-11.707	2.054	222
N	-10.179	-11.503	3.366	223
CA	-9.235	-10.633	4.062	223
C	-7.79	-11.116	3.834	223
N	-7.601	-12.429	3.864	224
CA	-6.276	-13.03	3.791	224
C	-5.65	-13.007	2.394	224
N	-6.379	-12.527	1.402	225
CA	-5.824	-12.362	0.054	225
C	-5.25	-10.989	-0.164	225
N	-5.474	-10.091	0.795	226
CA	-4.835	-8.79	0.712	226
C	-3.316	-8.917	0.807	226
N	-2.609	-7.857	0.433	227
CA	-1.153	-7.842	0.453	227
C	-0.624	-6.719	1.332	227
N	0.453	-6.969	2.074	228
CA	1.161	-5.91	2.795	228
C	1.961	-5.033	1.823	228
N	2.466	-5.674	0.772	229
CA	3.363	-5.016	-0.179	229
C	2.619	-4.108	-1.135	229
N	3.382	-3.243	-1.799	230
CA	2.85	-2.463	-2.891	230
C	2.831	-3.24	-4.203	230
N	2.095	-2.723	-5.189	231
CA	2.055	-3.31	-6.51	231
C	3.463	-3.343	-7.102	231
N	3.78	-4.48	-7.699	232
CA	5.064	-4.655	-8.35	232
C	6.194	-5.006	-7.416	232
N	5.866	-5.217	-6.138	233
CA	6.821	-5.696	-5.143	233
C	6.49	-7.152	-4.821	233
N	7.442	-7.892	-4.233	234
CA	7.158	-9.296	-3.905	234
C	5.942	-9.451	-2.978	234
N	5.117	-10.429	-3.298	235
CA	3.826	-10.618	-2.638	235
C	4.0	-11.219	-1.266	235
N	3.497	-10.482	-0.289	236
CA	3.429	-10.913	1.083	236
C	1.946	-10.789	1.445	236
N	1.347	-11.881	1.882	237
CA	-0.059	-11.84	2.267	237
C	-0.243	-11.065	3.55	237
N	-1.295	-10.249	3.563	238
CA	-1.649	-9.461	4.72	238
C	-2.459	-10.352	5.662	238
N	-1.737	-10.983	6.574	239
CA	-2.291	-11.867	7.595	239
C	-1.459	-11.654	8.871	239
N	-2.061	-11.98	10.006	240
CA	-1.402	-11.867	11.308	240
C	-0.885	-10.441	11.555	240
N	-1.759	-9.475	11.281	241
CA	-1.457	-8.074	11.532	241
C	-2.006	-7.608	12.874	241
N	-1.753	-8.417	13.903	242
CA	-2.183	-8.158	15.267	242
C	-0.988	-8.076	16.198	242
N	-1.099	-7.201	17.191	243
CA	-0.134	-7.115	18.278	243
C	-0.635	-8.016	19.403	243
N	0.251	-8.793	20.04	244
CA	-0.225	-9.625	21.15	244
C	-0.509	-8.799	22.414	244
N	-1.113	-9.452	23.387	245
CA	-1.473	-8.838	24.631	245
C	-0.234	-8.313	25.358	245
N	-0.417	-7.135	25.952	246
CA	0.622	-6.399	26.674	246
C	0.332	-6.41	28.177	246
N	1.345	-6.144	29.011	247
CA	1.096	-6.211	30.461	247
C	0.041	-5.204	30.917	247
N	-0.831	-5.638	31.814	248
CA	-1.915	-4.777	32.294	248
C	-1.365	-3.674	33.201	248
N	-0.317	-3.989	33.947	249
CA	0.307	-3.022	34.85	249
C	-0.738	-2.464	35.806	249
N	-0.715	-1.162	36.028	250
CA	-1.54	-0.593	37.07	250
C	-2.867	-0.141	36.498	250
N	-3.624	-1.113	35.993	251
CA	-4.927	-0.843	35.432	251
C	-5.985	-1.833	35.872	251
N	-7.24	-1.374	35.911	252
CA	-8.391	-2.24	36.173	252
C	-9.311	-2.181	34.971	252
N	-9.72	-3.345	34.524	253
CA	-10.717	-3.439	33.487	253
C	-12.097	-3.456	34.169	253
N	-12.982	-2.588	33.694	254
CA	-14.323	-2.475	34.234	254
C	-15.314	-3.074	33.258	254
N	-16.339	-3.722	33.787	255
CA	-17.429	-4.286	32.991	255
C	-18.696	-3.453	33.133	255
N	-19.446	-3.338	32.043	256
CA	-20.707	-2.618	32.026	256
C	-21.879	-3.468	32.5	256
N	-21.619	-4.746	32.753	257
CA	-22.651	-5.77	33.005	257
C	-22.189	-6.723	34.102	257
N	-23.098	-7.556	34.584	258
CA	-22.671	-8.692	35.411	258
C	-23.209	-10.002	34.855	258
