ATOM	X	Y	Z	RESIDUE
N	-16.012	5.071	27.54	1
CA	-16.234	5.18	28.955	1
C	-17.557	5.913	28.918	1
N	-18.457	5.51	29.803	2
CA	-19.698	6.227	29.945	2
C	-19.354	7.587	30.516	2
N	-19.95	8.6	29.911	3
CA	-19.768	9.984	30.301	3
C	-20.872	10.732	29.598	3
N	-21.376	11.761	30.257	4
CA	-22.542	12.49	29.81	4
C	-22.087	13.8	29.195	4
N	-22.812	14.359	28.24	5
CA	-22.416	15.607	27.639	5
C	-23.695	16.31	27.255	5
N	-23.748	17.578	27.609	6
CA	-24.942	18.365	27.406	6
C	-24.74	19.491	26.4	6
N	-25.813	19.874	25.717	7
CA	-25.819	21.062	24.905	7
C	-27.204	21.715	24.963	7
N	-27.354	23.045	24.883	8
CA	-28.67	23.673	24.903	8
C	-28.979	24.22	23.513	8
N	-30.239	24.566	23.223	9
CA	-30.595	25.43	22.11	9
C	-31.769	26.304	22.516	9
N	-32.114	27.314	21.724	10
CA	-33.232	28.201	22.01	10
C	-33.965	28.445	20.705	10
N	-35.228	28.856	20.755	11
CA	-35.977	29.165	19.554	11
C	-35.719	30.573	19.05	11
N	-36.199	30.847	17.837	12
CA	-36.494	32.199	17.368	12
C	-37.388	32.822	18.414	12
N	-37.267	34.098	18.67	13
CA	-38.128	34.709	19.681	13
C	-37.621	34.572	21.1	13
N	-36.617	33.747	21.353	14
CA	-35.805	33.914	22.532	14
C	-35.055	35.246	22.373	14
N	-34.989	36.213	23.303	15
CA	-34.54	37.588	23.056	15
C	-33.194	37.699	22.367	15
N	-32.183	36.945	22.819	16
CA	-30.862	37.014	22.202	16
C	-30.935	36.689	20.722	16
N	-31.727	35.672	20.394	17
CA	-31.839	35.246	19.019	17
C	-32.627	36.258	18.215	17
N	-33.543	37.025	18.813	18
CA	-34.306	38.023	18.074	18
C	-33.307	39.049	17.57	18
N	-32.424	39.438	18.48	19
CA	-31.374	40.367	18.142	19
C	-30.513	39.843	16.996	19
N	-30.14	38.558	17.006	20
CA	-29.353	37.95	15.942	20
C	-30.078	38.064	14.616	20
N	-31.313	37.563	14.594	21
CA	-32.188	37.613	13.44	21
C	-32.352	39.002	12.86	21
N	-32.726	40.022	13.629	22
CA	-32.78	41.391	13.129	22
C	-31.461	41.833	12.499	22
N	-30.317	41.616	13.155	23
CA	-29.043	42.05	12.623	23
C	-28.855	41.437	11.264	23
N	-28.954	40.106	11.196	24
CA	-28.696	39.427	9.944	24
C	-29.721	39.817	8.925	24
N	-30.95	40.115	9.333	25
CA	-31.944	40.588	8.404	25
C	-31.561	41.943	7.814	25
N	-30.933	42.846	8.559	26
CA	-30.39	44.072	7.996	26
C	-29.216	43.774	7.055	26
N	-28.33	42.854	7.435	27
CA	-27.222	42.451	6.588	27
C	-27.762	41.956	5.273	27
N	-28.723	41.053	5.272	28
CA	-29.285	40.551	4.047	28
C	-29.816	41.677	3.204	28
N	-30.677	42.501	3.793	29
CA	-31.277	43.607	3.066	29
C	-30.26	44.526	2.386	29
N	-29.102	44.754	3.022	30
CA	-28.068	45.6	2.445	30
C	-27.37	44.807	1.374	30
N	-26.957	43.591	1.667	31
CA	-26.264	42.72	0.743	31
C	-27.001	42.481	-0.562	31
N	-28.317	42.435	-0.533	32
CA	-29.138	42.295	-1.72	32
C	-29.054	43.521	-2.616	32
N	-28.843	44.7	-2.053	33
CA	-28.638	45.866	-2.878	33
C	-27.173	46.024	-3.241	33
N	-26.285	45.79	-2.292	34
CA	-24.875	46.034	-2.472	34
C	-24.155	44.843	-1.865	34
N	-23.842	43.795	-2.595	35
CA	-23.118	42.651	-2.07	35
C	-21.708	42.885	-1.556	35
N	-21.09	43.995	-1.917	36
CA	-19.745	44.223	-1.444	36
C	-19.781	45.07	-0.165	36
N	-20.963	45.519	0.271	37
CA	-21.138	46.302	1.481	37
C	-20.392	45.739	2.661	37
N	-19.89	46.626	3.506	38
CA	-19.254	46.164	4.711	38
C	-20.235	46.492	5.8	38
N	-20.774	45.537	6.565	39
CA	-21.62	45.899	7.7	39
C	-21.096	45.307	9.008	39
N	-21.414	45.969	10.121	40
CA	-21.166	45.49	11.475	40
C	-22.333	46.026	12.287	40
N	-23.479	45.363	12.202	41
CA	-24.735	45.775	12.829	41
C	-25.085	45.026	14.129	41
N	-25.01	45.699	15.281	42
CA	-25.283	45.136	16.593	42
C	-26.646	45.568	17.132	42
N	-27.403	44.688	17.774	43
CA	-28.794	44.927	18.158	43
C	-29.062	44.618	19.63	43
N	-29.962	45.378	20.242	44
CA	-30.25	45.255	21.648	44
C	-31.76	45.318	21.768	44
N	-32.409	44.332	22.348	45
CA	-33.838	44.378	22.58	45
C	-34.046	44.324	24.069	45
N	-35.057	45.048	24.503	46
CA	-35.463	45.187	25.893	46
C	-36.956	45.453	25.749	46
N	-37.728	45.533	26.826	47
CA	-39.165	45.342	26.737	47
C	-39.913	46.249	25.746	47
N	-39.556	47.522	25.661	48
CA	-40.313	48.343	24.745	48
C	-39.632	48.493	23.402	48
N	-38.43	47.955	23.194	49
CA	-37.534	48.615	22.273	49
C	-36.508	47.694	21.691	49
N	-36.162	48.08	20.471	50
CA	-35.1	47.451	19.727	50
C	-34.156	48.599	19.391	50
N	-32.873	48.554	19.723	51
CA	-31.913	49.53	19.24	51
C	-31.11	48.741	18.219	51
N	-30.933	49.295	17.018	52
CA	-30.181	48.642	15.963	52
C	-29.093	49.654	15.755	52
N	-27.865	49.255	15.988	53
CA	-26.761	50.18	16.086	53
C	-25.598	49.535	15.379	53
N	-24.839	50.335	14.657	54
CA	-24.037	49.751	13.617	54
C	-22.955	50.635	13.097	54
N	-21.978	50.048	12.431	55
CA	-21.279	50.762	11.385	55
C	-21.482	50.052	10.031	55
N	-21.857	50.798	8.993	56
CA	-22.27	50.26	7.702	56
C	-21.566	51.081	6.628	56
N	-20.752	50.511	5.764	57
CA	-20.292	51.272	4.634	57
C	-20.854	50.665	3.36	57
N	-21.777	51.396	2.748	58
CA	-22.526	50.89	1.622	58
C	-23.087	52.066	0.855	58
N	-23.385	51.76	-0.4	59
CA	-24.2	52.632	-1.219	59
C	-25.678	52.49	-0.886	59
N	-26.149	51.302	-0.482	60
CA	-27.566	51.013	-0.27	60
C	-28.351	51.933	0.662	60
N	-29.661	51.925	0.483	61
CA	-30.569	52.58	1.402	61
C	-31.527	51.483	1.795	61
N	-31.771	51.341	3.087	62
CA	-32.602	50.258	3.554	62
C	-33.379	50.791	4.747	62
N	-34.604	50.326	4.975	63
CA	-35.411	50.826	6.074	63
C	-35.279	50.0	7.359	63
N	-34.412	50.456	8.254	64
CA	-34.117	49.738	9.48	64
C	-35.397	49.472	10.285	64
N	-36.293	50.449	10.332	65
CA	-37.492	50.376	11.142	65
C	-38.374	49.267	10.575	65
N	-38.588	49.275	9.249	66
CA	-39.459	48.316	8.605	66
C	-38.873	46.933	8.764	66
N	-37.613	46.732	8.357	67
CA	-36.913	45.458	8.53	67
C	-37.047	44.873	9.94	67
N	-36.831	45.677	10.988	68
CA	-36.956	45.236	12.365	68
C	-38.371	44.709	12.613	68
N	-39.39	45.497	12.233	69
CA	-40.765	45.166	12.584	69
C	-41.234	43.909	11.903	69
N	-40.792	43.773	10.662	70
CA	-41.153	42.608	9.895	70
C	-40.505	41.371	10.477	70
N	-39.251	41.459	10.921	71
CA	-38.623	40.341	11.589	71
C	-39.321	39.978	12.89	71
N	-39.789	40.98	13.655	72
CA	-40.472	40.692	14.911	72
C	-41.824	40.031	14.679	72
N	-42.501	40.408	13.607	73
CA	-43.761	39.791	13.28	73
C	-43.624	38.357	12.768	73
N	-42.634	37.931	11.967	74
CA	-42.558	36.529	11.524	74
C	-42.279	35.607	12.703	74
N	-41.498	36.131	13.643	75
CA	-41.241	35.451	14.891	75
C	-42.545	35.286	15.656	75
N	-43.442	36.279	15.618	76
CA	-44.782	36.13	16.173	76
C	-45.132	37.098	17.29	76
N	-44.304	38.073	17.644	77
CA	-44.606	38.914	18.782	77
C	-45.43	40.043	18.238	77
N	-46.734	39.893	18.389	78
CA	-47.661	40.777	17.712	78
C	-48.852	41.26	18.57	78
N	-48.662	41.327	19.89	79
CA	-49.685	41.768	20.832	79
C	-49.084	41.878	22.223	79
N	-49.443	42.893	23.006	80
CA	-48.797	43.108	24.287	80
C	-48.862	41.966	25.306	80
N	-49.922	41.159	25.228	81
CA	-50.126	39.977	26.065	81
C	-48.996	38.964	25.941	81
N	-48.366	38.904	24.768	82
CA	-47.197	38.066	24.606	82
C	-45.982	38.539	25.378	82
N	-45.911	39.849	25.56	83
CA	-44.719	40.483	26.063	83
C	-44.286	41.628	25.156	83
N	-44.477	41.533	23.84	84
CA	-43.819	42.448	22.938	84
C	-44.666	42.533	21.682	84
N	-45.01	43.721	21.179	85
CA	-45.707	43.837	19.896	85
C	-44.824	44.453	18.818	85
N	-44.689	43.75	17.696	86
CA	-43.908	44.203	16.553	86
C	-44.444	45.506	16.027	86
N	-45.758	45.745	16.1	87
CA	-46.329	46.903	15.428	87
C	-46.31	48.128	16.312	87
N	-46.207	48.003	17.626	88
CA	-46.096	49.185	18.447	88
C	-44.779	49.352	19.179	88
N	-43.809	48.422	19.176	89
CA	-42.577	48.674	19.916	89
C	-41.735	49.805	19.337	89
N	-40.84	50.381	20.131	90
CA	-39.969	51.439	19.654	90
C	-38.788	50.81	18.929	90
N	-38.379	51.408	17.804	91
CA	-37.239	50.931	17.041	91
C	-36.33	52.15	16.991	91
N	-35.087	52.076	17.431	92
CA	-34.178	53.191	17.393	92
C	-32.981	52.778	16.562	92
N	-32.419	53.67	15.757	93
CA	-31.209	53.375	15.014	93
C	-30.073	54.296	15.389	93
N	-28.88	53.726	15.467	94
CA	-27.674	54.511	15.637	94
C	-26.585	53.886	14.75	94
N	-26.842	53.907	13.431	95
CA	-25.962	53.251	12.479	95
C	-25.207	54.328	11.738	95
N	-23.889	54.351	11.87	96
CA	-23.087	55.301	11.133	96
C	-22.947	54.731	9.737	96
N	-23.32	55.519	8.739	97
CA	-23.153	55.112	7.355	97
C	-21.902	55.823	6.854	97
N	-21.123	55.091	6.08	98
CA	-20.12	55.677	5.226	98
C	-20.526	55.129	3.868	98
N	-20.319	55.905	2.826	99
CA	-20.477	55.381	1.488	99
C	-19.038	55.285	0.977	99
N	-18.679	54.35	0.084	100
CA	-17.301	54.137	-0.366	100
C	-16.738	55.345	-1.104	100
N	-15.412	55.374	-1.089	101
CA	-14.598	56.352	-1.782	101
C	-14.511	55.956	-3.268	101
N	-14.789	56.795	-4.128	102
CA	-14.415	55.552	-4.973	102
C	-12.869	55.365	-4.48	102
N	-11.664	54.823	-4.998	103
CA	-10.569	53.779	-5.281	103
C	-10.226	52.548	-4.347	103
N	-10.592	51.918	-3.279	104
CA	-10.35	50.462	-3.098	104
C	-11.522	49.526	-2.939	104
N	-10.683	48.725	-2.447	105
CA	-10.669	47.317	-2.36	105
C	-9.227	47.526	-1.885	105
N	-8.068	47.171	-1.327	106
CA	-7.418	47.886	-0.14	106
C	-5.984	48.21	-0.462	106
N	-5.242	48.214	-1.628	107
CA	-3.953	47.456	-1.708	107
C	-4.677	46.092	-1.927	107
N	-4.176	45.089	-2.867	108
CA	-2.875	44.597	-3.28	108
C	-3.064	44.421	-4.788	108
N	-2.146	43.823	-5.554	109
CA	-2.383	43.647	-6.97	109
C	-3.416	42.55	-7.177	109
N	-3.276	41.418	-6.459	110
CA	-4.26	40.341	-6.503	110
C	-5.235	40.641	-5.394	110
N	-6.528	40.757	-5.656	111
CA	-7.555	40.89	-4.645	111
C	-7.461	39.759	-3.646	111
N	-7.19	38.531	-4.087	112
CA	-7.051	37.419	-3.168	112
C	-5.988	37.645	-2.111	112
N	-4.999	38.493	-2.361	113
CA	-3.962	38.703	-1.386	113
C	-4.35	39.76	-0.364	113
N	-5.554	40.348	-0.394	114
CA	-5.944	41.335	0.606	114
C	-5.892	40.641	1.946	114
N	-5.192	41.337	2.839	115
CA	-5.021	40.925	4.221	115
C	-6.3	40.972	5.058	115
N	-6.227	40.266	6.182	116
CA	-7.35	40.126	7.085	116
C	-7.639	41.409	7.833	116
N	-8.919	41.785	7.88	117
CA	-9.397	42.886	8.698	117
C	-9.857	42.352	10.044	117
N	-9.028	42.711	11.011	118
CA	-9.004	42.198	12.382	118
C	-8.346	40.826	12.443	118
N	-7.702	40.72	13.589	119
CA	-6.998	39.581	14.139	119
C	-8.016	38.516	14.61	119
N	-7.597	37.308	14.993	120
CA	-8.498	36.433	15.719	120
C	-8.217	34.961	15.509	120
N	-9.089	34.116	16.079	121
CA	-9.035	32.664	15.949	121
C	-10.43	32.116	15.723	121
N	-10.516	31.066	14.927	122
CA	-11.766	30.453	14.544	122
C	-11.545	28.939	14.613	122
N	-12.6	28.161	14.91	123
CA	-12.549	26.718	15.103	123
C	-13.665	26.101	14.304	123
N	-13.473	24.904	13.791	124
CA	-14.525	24.236	13.037	124
C	-14.464	22.763	13.383	124
N	-15.579	22.044	13.314	125
CA	-15.614	20.664	13.753	125
C	-16.564	19.858	12.887	125
N	-16.272	18.573	12.833	126
CA	-17.2	17.598	12.3	126
C	-16.905	16.274	12.977	126
N	-17.891	15.396	12.923	127
CA	-17.813	14.085	13.527	127
C	-18.737	13.245	12.708	127
N	-18.381	11.993	12.535	128
CA	-19.27	11.065	11.878	128
C	-20.472	10.676	12.729	128
N	-20.652	11.146	13.962	129
CA	-21.797	10.743	14.776	129
C	-23.199	11.228	14.394	129
N	-23.47	12.153	13.464	130
CA	-24.822	12.235	12.924	130
C	-24.779	12.13	11.421	130
N	-25.98	11.942	10.905	131
CA	-26.316	12.044	9.492	131
C	-25.692	13.299	8.891	131
N	-25.744	14.437	9.59	132
CA	-25.245	15.732	9.122	132
C	-23.811	16.091	9.494	132
N	-23.078	15.119	10.022	133
CA	-21.684	15.311	10.396	133
C	-21.49	16.368	11.477	133
N	-22.481	16.383	12.35	134
CA	-22.561	17.309	13.455	134
C	-22.661	16.527	14.749	134
N	-22.336	17.045	15.925	135
CA	-22.527	16.335	17.194	135
C	-24.0	16.025	17.457	135
N	-24.323	14.852	18.013	136
CA	-25.693	14.477	18.303	136
C	-26.397	15.444	19.233	136
N	-25.852	15.901	20.378	137
CA	-26.491	16.851	21.281	137
C	-27.053	18.087	20.611	137
N	-26.182	18.951	20.096	138
CA	-26.647	20.186	19.495	138
C	-27.61	19.973	18.322	138
N	-27.435	18.883	17.569	139
CA	-28.367	18.517	16.508	139
C	-29.788	18.27	17.036	139
N	-29.969	17.473	18.105	140
CA	-31.306	17.197	18.623	140
C	-31.85	18.377	19.372	140
N	-30.97	19.013	20.145	141
CA	-31.298	20.215	20.874	141
C	-31.953	21.244	19.959	141
N	-31.279	21.58	18.85	142
CA	-31.869	22.453	17.853	142
C	-33.162	21.857	17.312	142
N	-33.185	20.562	16.964	143
CA	-34.369	19.92	16.398	143
C	-35.587	20.006	17.328	143
N	-35.422	20.023	18.654	144
CA	-36.531	20.271	19.54	144
C	-37.126	21.663	19.407	144
N	-36.288	22.702	19.475	145
CA	-36.8	24.072	19.403	145
C	-37.381	24.382	18.045	145
N	-36.814	23.793	16.994	146
CA	-37.32	23.994	15.646	146
C	-38.695	23.375	15.454	146
N	-38.847	22.181	16.018	147
CA	-40.12	21.497	16.045	147
C	-41.103	22.33	16.839	147
N	-40.654	22.942	17.938	148
CA	-41.545	23.783	18.703	148
C	-42.087	24.913	17.836	148
N	-41.192	25.667	17.184	149
CA	-41.589	26.749	16.296	149
C	-42.549	26.235	15.236	149
N	-42.28	25.063	14.655	150
CA	-43.106	24.445	13.625	150
C	-44.537	24.224	14.125	150
N	-44.75	23.486	15.213	151
CA	-46.097	23.17	15.667	151
C	-46.81	24.406	16.191	151
N	-46.023	25.402	16.587	152
CA	-46.55	26.69	16.984	152
C	-47.111	27.296	15.72	152
N	-46.246	27.407	14.723	153
CA	-46.569	28.157	13.538	153
C	-47.583	27.431	12.676	153
N	-47.718	26.104	12.728	154
CA	-48.619	25.393	11.818	154
C	-50.032	25.163	12.386	154
N	-50.399	25.837	13.477	155
CA	-51.753	25.768	13.983	155
C	-51.962	24.542	14.841	155
N	-51.105	23.522	14.795	156
CA	-51.29	22.31	15.564	156
C	-51.372	22.587	17.045	156
N	-50.405	23.313	17.57	157
CA	-50.328	23.482	18.998	157
C	-50.424	24.958	19.362	157
N	-51.441	25.667	18.881	158
CA	-51.434	27.117	18.769	158
C	-51.564	27.903	20.078	158
N	-51.564	27.231	21.224	159
CA	-51.479	27.927	22.494	159
C	-50.027	28.209	22.843	159
N	-49.071	27.578	22.152	160
CA	-47.645	27.861	22.262	160
C	-47.32	29.317	21.904	160
N	-46.405	30.011	22.579	161
CA	-46.032	31.36	22.169	161
C	-44.566	31.346	21.715	161
N	-43.861	32.391	21.25	162
CA	-42.496	32.261	20.713	162
C	-41.293	31.725	21.509	162
N	-41.13	32.155	22.753	163
CA	-39.915	31.91	23.491	163
C	-39.856	30.464	23.944	163
N	-38.68	29.848	23.953	164
CA	-38.512	28.442	24.272	164
C	-37.045	28.057	24.308	164
N	-36.687	27.173	25.236	165
CA	-35.315	26.712	25.404	165
C	-35.357	25.199	25.525	165
N	-34.39	24.509	24.941	166
CA	-34.271	23.075	25.062	166
C	-32.857	22.763	25.498	166
N	-32.64	21.549	25.969	167
CA	-31.323	21.099	26.364	167
C	-31.457	19.591	26.417	167
N	-30.495	18.874	25.845	168
CA	-30.504	17.428	25.905	168
C	-29.126	16.942	26.347	168
N	-29.086	15.965	27.257	169
CA	-27.846	15.371	27.733	169
C	-27.763	13.923	27.286	169
N	-26.647	13.656	26.619	170
CA	-26.427	12.393	25.957	170
C	-25.435	11.597	26.762	170
N	-25.626	10.293	26.856	171
CA	-24.608	9.448	27.416	171
C	-23.967	8.755	26.244	171
N	-22.656	8.899	26.25	172
CA	-21.796	8.221	25.321	172
C	-21.022	7.217	26.147	172
N	-20.733	6.091	25.531	173
CA	-19.694	5.196	25.982	173
C	-18.864	4.971	24.746	173
N	-17.556	4.803	24.824	174
CA	-16.791	5.839	24.165	174
C	-16.933	6.054	22.677	174
N	-17.384	7.283	22.45	175
CA	-17.789	7.765	21.147	175
C	-19.099	7.169	20.644	175
N	-19.645	6.084	21.192	176
CA	-20.958	5.631	20.785	176
C	-21.877	6.482	21.627	176
N	-22.722	7.245	20.958	177
CA	-23.908	7.749	21.611	177
C	-24.661	6.496	22.021	177
N	-24.779	6.282	23.319	178
CA	-25.574	5.171	23.786	178
C	-27.022	5.595	23.957	178
N	-27.352	6.824	24.381	179
CA	-28.751	7.225	24.544	179
C	-28.903	8.56	25.259	179
N	-30.133	8.922	25.602	180
CA	-30.413	10.228	26.159	180
C	-30.721	10.063	27.63	180
N	-29.895	10.638	28.487	181
CA	-30.146	10.613	29.919	181
C	-31.277	11.587	30.243	181
N	-31.135	12.873	29.928	182
CA	-32.189	13.825	30.239	182
C	-32.484	14.775	29.097	182
N	-33.699	15.317	29.123	183
CA	-34.163	16.268	28.133	183
C	-35.025	17.265	28.871	183
N	-34.756	18.547	28.711	184
CA	-35.524	19.588	29.371	184
C	-36.085	20.461	28.26	184
N	-37.316	20.964	28.324	185
CA	-37.862	21.846	27.303	185
C	-38.859	22.793	27.954	185
N	-38.841	24.071	27.604	186
CA	-39.643	25.043	28.303	186
C	-40.227	25.947	27.244	186
N	-41.537	26.174	27.214	187
CA	-42.195	26.926	26.165	187
C	-43.108	27.994	26.724	187
N	-43.042	29.183	26.144	188
CA	-43.974	30.22	26.503	188
C	-45.319	29.716	26.024	188
N	-46.415	30.0	26.701	189
CA	-47.703	29.499	26.258	189
C	-48.771	30.523	26.574	189
N	-50.0	30.36	26.074	190
CA	-51.087	31.268	26.386	190
C	-51.643	30.908	27.751	190
N	-52.427	31.823	28.288	191
CA	-53.105	31.656	29.558	191
C	-54.218	30.613	29.389	191
N	-54.527	30.23	28.146	192
CA	-55.616	29.329	27.835	192
C	-55.298	27.9	28.283	192
N	-54.067	27.436	28.085	193
CA	-53.718	26.049	28.346	193
C	-53.248	25.82	29.78	193
N	-53.403	24.608	30.306	194
CA	-52.813	24.273	31.586	194
C	-51.588	23.408	31.38	194
N	-50.706	23.501	32.362	195
CA	-49.532	22.684	32.511	195
C	-49.616	21.216	32.251	195
N	-50.548	20.487	32.838	196
CA	-50.583	19.054	32.618	196
C	-51.044	18.782	31.189	196
N	-51.981	19.585	30.691	197
CA	-52.402	19.511	29.305	197
C	-51.208	19.837	28.389	197
N	-50.367	20.787	28.795	198
CA	-49.22	21.227	28.023	198
C	-48.209	20.116	27.886	198
N	-47.801	19.512	29.001	199
CA	-46.766	18.498	28.93	199
C	-47.193	17.181	28.292	199
N	-48.49	16.923	28.106	200
CA	-48.966	15.861	27.218	200
C	-48.584	16.245	25.784	200
N	-48.959	17.436	25.31	201
CA	-48.757	17.835	23.925	201
C	-47.3	18.008	23.555	201
N	-46.495	18.632	24.427	202
CA	-45.064	18.776	24.21	202
C	-44.431	17.399	24.064	202
N	-44.813	16.461	24.916	203
CA	-44.332	15.103	24.836	203
C	-44.751	14.441	23.534	203
N	-46.026	14.449	23.162	204
CA	-46.496	13.728	21.992	204
C	-46.056	14.368	20.688	204
N	-46.338	15.666	20.535	205
CA	-46.102	16.432	19.316	205
C	-44.729	17.06	19.127	205
N	-43.995	17.306	20.218	206
CA	-42.689	17.918	20.085	206
C	-41.577	16.919	20.38	206
N	-41.478	16.331	21.573	207
CA	-40.387	15.43	21.933	207
C	-40.441	14.058	21.249	207
N	-41.552	13.335	21.36	208
CA	-41.664	11.992	20.817	208
C	-41.391	11.87	19.333	208
N	-41.711	12.819	18.437	209
CA	-41.351	12.692	17.038	209
C	-39.898	13.07	16.764	209
N	-39.084	13.616	17.675	210
CA	-37.748	14.079	17.311	210
C	-36.679	13.178	17.9	210
N	-36.803	12.805	19.163	211
CA	-35.733	12.09	19.817	211
C	-35.865	10.642	19.399	211
N	-34.811	10.011	18.89	212
CA	-34.847	8.624	18.432	212
C	-35.275	7.683	19.558	212
N	-36.276	6.841	19.318	213
CA	-36.928	6.112	20.396	213
C	-36.017	5.129	21.13	213
N	-35.111	4.492	20.407	214
CA	-34.092	3.629	20.962	214
C	-33.199	4.346	21.951	214
N	-32.967	5.634	21.724	215
CA	-32.258	6.456	22.68	215
C	-33.06	6.795	23.912	215
N	-34.384	6.737	23.815	216
CA	-35.229	7.088	24.936	216
C	-35.555	5.86	25.763	216
N	-35.26	5.932	27.051	217
CA	-35.416	4.771	27.887	217
C	-36.442	5.081	28.95	217
N	-36.654	4.018	29.717	218
CA	-37.376	4.065	30.976	218
C	-36.71	5.065	31.917	218
N	-35.398	5.269	31.792	219
CA	-34.672	6.124	32.709	219
C	-34.597	7.588	32.283	219
N	-35.09	7.941	31.102	220
CA	-34.844	9.264	30.584	220
C	-35.64	10.321	31.358	220
N	-34.935	11.213	32.069	221
CA	-35.554	12.244	32.893	221
C	-36.027	13.389	32.003	221
N	-37.317	13.543	31.756	222
CA	-37.812	14.622	30.918	222
C	-38.249	15.751	31.83	222
N	-37.852	16.987	31.584	223
CA	-38.295	18.102	32.383	223
C	-38.965	19.042	31.41	223
N	-40.275	18.941	31.239	224
CA	-41.01	19.848	30.376	224
C	-41.555	20.972	31.26	224
N	-41.38	22.262	30.958	225
CA	-41.759	23.378	31.822	225
C	-41.583	23.177	33.324	225
N	-40.37	22.891	33.817	226
CA	-40.131	22.493	35.194	226
C	-40.614	23.477	36.243	226
N	-40.517	24.791	36.062	227
CA	-41.1	25.713	37.031	227
C	-42.535	26.088	36.658	227
N	-42.964	25.6	35.515	228
CA	-43.092	26.56	34.457	228
C	-44.534	26.928	34.292	228
N	-44.988	28.133	34.572	229
CA	-46.008	28.664	33.702	229
C	-45.381	29.831	32.992	229
N	-44.765	29.476	31.887	230
CA	-44.136	30.463	31.039	230
C	-45.201	31.162	30.195	230
N	-45.641	32.373	30.56	231
CA	-46.719	33.044	29.84	231
C	-46.316	34.31	29.087	231
N	-45.687	35.308	29.716	232
CA	-45.062	36.418	28.986	232
C	-43.634	35.993	28.755	232
N	-43.026	36.478	27.701	233
CA	-41.691	36.052	27.384	233
C	-41.178	36.998	26.347	233
N	-40.165	36.522	25.641	234
CA	-39.425	37.373	24.738	234
C	-38.866	38.553	25.514	234
N	-38.665	39.7	24.881	235
CA	-38.075	40.871	25.498	235
C	-38.678	41.326	26.821	235
N	-39.901	40.975	27.243	236
CA	-40.337	41.33	28.59	236
C	-39.483	40.679	29.666	236
N	-38.679	41.531	30.302	237
CA	-37.926	41.185	31.488	237
C	-36.693	40.328	31.215	237
N	-36.435	39.783	30.015	238
CA	-35.097	39.304	29.659	238
C	-34.571	40.437	28.759	238
N	-33.492	40.287	27.992	239
CA	-32.82	41.376	27.298	239
C	-31.946	40.695	26.246	239
N	-32.058	41.025	24.954	240
CA	-31.352	40.275	23.927	240
C	-30.276	41.122	23.297	240
N	-29.107	40.554	23.022	241
CA	-28.034	41.273	22.352	241
C	-27.426	40.317	21.333	241
N	-26.96	40.777	20.177	242
CA	-26.369	39.857	19.211	242
C	-25.095	39.17	19.68	242
N	-24.928	37.917	19.31	243
CA	-23.666	37.279	19.583	243
C	-23.658	36.744	20.985	243
N	-24.797	36.701	21.669	244
CA	-24.852	36.015	22.949	244
C	-25.172	34.534	22.828	244
N	-25.957	34.047	21.856	245
CA	-26.059	32.603	21.623	245
C	-25.004	31.976	20.69	245
N	-23.834	32.56	20.758	246
CA	-22.589	32.085	20.173	246
C	-22.297	30.58	20.241	246
N	-22.307	29.862	21.368	247
CA	-22.179	28.402	21.38	247
C	-23.25	27.608	20.634	247
N	-24.498	27.98	20.91	248
CA	-25.674	27.386	20.275	248
C	-25.586	27.498	18.777	248
N	-25.193	28.681	18.34	249
CA	-24.881	28.917	16.955	249
C	-23.945	27.933	16.284	249
N	-22.829	27.696	16.954	250
CA	-21.818	26.706	16.634	250
C	-22.145	25.213	16.793	250
N	-21.937	24.605	17.969	251
CA	-21.716	23.162	18.103	251
C	-22.086	22.689	19.502	251
N	-22.881	23.476	20.224	252
CA	-23.301	23.118	21.563	252
C	-22.157	22.863	22.529	252
N	-20.965	23.376	22.243	253
CA	-19.856	23.189	23.145	253
C	-19.206	21.822	23.0	253
N	-19.482	21.035	21.956	254
CA	-18.663	19.852	21.693	254
C	-17.213	20.191	21.336	254
N	-17.04	21.201	20.483	255
CA	-15.729	21.7	20.096	255
C	-15.55	23.123	20.607	255
N	-14.348	23.65	20.433	256
CA	-14.008	24.942	20.983	256
C	-14.554	26.171	20.238	256
N	-14.182	27.413	20.568	257
CA	-14.678	28.603	19.865	257
C	-13.617	29.692	20.023	257
N	-13.405	30.566	19.038	258
CA	-12.63	31.789	19.272	258
C	-13.583	32.83	19.821	258
N	-13.326	34.119	20.006	259
CA	-14.302	35.015	20.661	259
C	-15.743	35.021	20.107	259
N	-15.901	34.715	18.829	260
CA	-16.498	35.688	17.946	260
C	-17.866	35.334	17.407	260
N	-18.632	36.416	17.294	261
CA	-20.003	36.361	16.833	261
C	-20.181	36.427	15.335	261
N	-21.255	35.845	14.817	262
CA	-21.473	35.871	13.389	262
C	-22.378	36.991	12.918	262
N	-23.576	37.049	13.491	263
CA	-24.649	37.875	12.979	263
C	-24.365	39.372	12.944	263
N	-24.801	39.988	11.853	264
CA	-24.551	41.389	11.593	264
C	-23.144	41.633	11.05	264
N	-22.348	40.602	10.807	265
CA	-21.078	40.779	10.153	265
C	-21.226	40.255	8.736	265
N	-20.858	41.156	7.836	266
CA	-20.712	40.836	6.431	266
C	-19.484	39.932	6.268	266
N	-19.366	39.115	5.211	267
CA	-18.313	38.122	5.033	267
C	-16.865	38.576	5.033	267
N	-16.52	39.856	4.852	268
CA	-15.133	40.274	5.023	268
C	-14.599	40.025	6.432	268
N	-15.537	39.866	7.388	269
CA	-15.21	39.567	8.767	269
C	-14.782	38.125	8.958	269
N	-13.496	37.909	9.248	270
CA	-13.025	36.555	9.435	270
C	-13.742	35.833	10.537	270
N	-14.187	36.549	11.596	271
CA	-14.925	35.943	12.722	271
C	-16.009	35.016	12.169	271
N	-16.681	35.486	11.113	272
CA	-17.696	34.696	10.46	272
C	-17.137	33.785	9.373	272
N	-16.591	34.384	8.319	273
CA	-16.299	33.631	7.115	273
C	-15.223	32.578	7.354	273
N	-14.199	32.859	8.166	274
CA	-13.212	31.852	8.507	274
C	-13.86	30.738	9.301	274
N	-14.805	31.018	10.193	275
CA	-15.418	29.949	10.96	275
C	-16.22	29.062	10.027	275
N	-16.946	29.689	9.108	276
CA	-17.708	28.947	8.124	276
C	-16.772	28.101	7.267	276
N	-15.628	28.66	6.9	277
CA	-14.7	27.959	6.057	277
C	-14.163	26.776	6.829	277
N	-13.867	26.943	8.114	278
CA	-13.363	25.845	8.919	278
C	-14.392	24.726	8.966	278
N	-15.684	25.015	9.131	279
CA	-16.699	23.975	9.094	279
C	-16.661	23.225	7.787	279
N	-16.45	23.967	6.713	280
CA	-16.309	23.364	5.415	280
C	-15.078	22.468	5.381	280
N	-13.868	22.908	5.75	281
CA	-12.691	22.039	5.651	281
C	-12.812	20.772	6.503	281
N	-13.193	20.846	7.782	282
CA	-13.413	19.64	8.566	282
C	-14.52	18.758	7.998	282
N	-15.68	19.269	7.555	283
CA	-16.749	18.384	7.117	283
C	-16.282	17.596	5.897	283
N	-15.548	18.276	5.015	284
CA	-14.945	17.6	3.886	284
C	-13.975	16.52	4.319	284
N	-13.057	16.791	5.257	285
CA	-12.144	15.79	5.803	285
C	-12.868	14.534	6.256	285
N	-13.975	14.692	6.986	286
CA	-14.654	13.543	7.557	286
C	-15.464	12.811	6.506	286
N	-16.052	13.494	5.53	287
CA	-16.808	12.792	4.511	287
C	-15.891	11.925	3.661	287
N	-14.655	12.383	3.454	288
CA	-13.652	11.618	2.725	288
C	-13.085	10.438	3.51	288
N	-13.387	10.362	4.798	289
CA	-12.922	9.283	5.643	289
C	-11.46	9.439	6.004	289
N	-10.901	10.644	5.97	290
CA	-9.545	10.829	6.452	290
C	-9.489	10.755	7.977	290
N	-10.616	10.951	8.652	291
CA	-10.695	10.872	10.09	291
C	-12.149	10.73	10.455	291
N	-12.382	10.411	11.726	292
CA	-13.737	10.261	12.241	292
C	-14.275	11.534	12.856	292
N	-13.385	12.288	13.495	293
CA	-13.752	13.479	14.228	293
C	-12.663	14.476	13.911	293
N	-12.954	15.735	13.628	294
CA	-11.916	16.663	13.245	294
C	-12.313	18.055	13.716	294
N	-11.411	18.734	14.426	295
CA	-11.58	20.107	14.882	295
C	-10.404	20.908	14.317	295
N	-10.577	22.108	13.758	296
CA	-9.483	22.859	13.146	296
C	-9.447	24.232	13.792	296
N	-8.26	24.738	14.118	297
CA	-8.105	26.121	14.532	297
C	-7.33	26.868	13.446	297
N	-7.926	27.927	12.893	298
CA	-7.24	28.819	11.98	298
C	-7.208	30.177	12.672	298
N	-6.155	30.972	12.524	299
CA	-6.117	32.289	13.123	299
C	-5.689	33.293	12.071	299
N	-5.729	34.587	12.348	300
CA	-5.332	35.599	11.386	300
C	-4.646	36.705	12.149	300
N	-3.9	37.549	11.462	301
CA	-3.372	38.729	12.107	301
C	-3.643	39.843	11.128	301
N	-3.917	41.016	11.684	302
CA	-4.443	42.135	10.926	302
C	-3.452	42.568	9.868	302
N	-3.895	42.592	8.621	303
CA	-3.07	43.0	7.497	303
C	-2.153	41.911	6.943	303
N	-2.069	40.719	7.538	304
CA	-1.425	39.593	6.886	304
C	-2.543	38.847	6.181	304
N	-2.279	38.215	5.041	305
CA	-3.301	37.486	4.308	305
C	-3.283	35.987	4.542	305
N	-2.116	35.352	4.59	306
CA	-2.053	33.932	4.897	306
C	-2.365	33.78	6.381	306
N	-3.096	32.764	6.837	307
CA	-3.335	32.488	8.255	307
C	-2.064	32.287	9.057	307
N	-1.952	32.971	10.184	308
CA	-0.851	32.751	11.093	308
C	-0.764	31.356	11.69	308
N	-1.837	30.579	11.814	309
CA	-1.699	29.238	12.332	309
C	-2.827	28.416	11.754	309
N	-2.555	27.136	11.519	310
CA	-3.573	26.145	11.243	310
C	-3.193	25.024	12.193	310
N	-4.168	24.278	12.708	311
CA	-3.92	23.193	13.642	311
C	-5.013	22.189	13.354	311
N	-4.763	20.922	13.032	312
CA	-5.867	19.978	12.966	312
C	-5.796	19.045	14.165	312
N	-6.914	18.743	14.816	313
CA	-6.959	17.636	15.745	313
C	-8.049	16.706	15.283	313
N	-7.496	15.574	14.952	314
CA	-8.244	14.377	14.714	314
C	-7.817	13.636	15.962	314
N	-8.718	13.018	16.704	315
CA	-8.361	12.668	18.065	315
C	-8.16	11.168	17.946	315
N	-6.97	10.748	17.516	316
CA	-6.657	9.34	17.347	316
C	-7.495	8.697	16.249	316
N	-8.207	9.497	15.46	317
CA	-9.238	9.022	14.558	317
C	-8.801	9.087	13.098	317
N	-7.51	9.275	12.846	318
CA	-6.977	9.552	11.521	318
C	-7.017	8.302	10.65	318
N	-6.83	8.46	9.346	319
CA	-6.501	7.365	8.457	319
C	-5.308	7.813	7.63	319
N	-4.606	8.856	8.061	320
CA	-3.476	9.477	7.378	320
C	-2.799	10.257	8.479	320
N	-1.485	10.414	8.608	321
CA	-0.899	11.193	9.688	321
C	-1.284	12.655	9.584	321
N	-1.425	13.284	10.754	322
CA	-1.673	14.714	10.824	322
C	-0.772	15.582	9.958	322
N	0.475	15.187	9.665	323
CA	1.3	15.927	8.723	323
C	0.632	16.015	7.35	323
N	0.453	14.889	6.657	324
CA	-0.357	14.798	5.452	324
C	-1.7	15.491	5.545	324
N	-2.43	15.335	6.645	325
CA	-3.649	16.094	6.828	325
C	-3.434	17.589	6.727	325
N	-2.465	18.137	7.46	326
CA	-2.249	19.574	7.478	326
C	-1.825	20.044	6.097	326
N	-1.084	19.197	5.376	327
CA	-0.684	19.412	3.995	327
C	-1.968	19.641	3.196	327
N	-2.826	18.632	3.074	328
CA	-4.041	18.72	2.279	328
C	-4.949	19.893	2.632	328
N	-5.075	20.236	3.928	329
CA	-5.908	21.344	4.383	329
C	-5.398	22.604	3.737	329
N	-4.111	22.908	3.903	330
CA	-3.554	24.102	3.28	330
C	-3.227	23.875	1.794	330
N	-3.883	22.915	1.144	331
CA	-3.799	22.741	-0.279	331
C	-5.215	23.005	-0.74	331
N	-6.188	22.111	-0.535	332
CA	-7.499	22.207	-1.17	332
C	-8.37	23.412	-0.82	332
N	-7.89	24.251	0.094	333
CA	-8.682	25.301	0.664	333
C	-7.827	26.551	0.684	333
N	-8.419	27.61	0.123	334
CA	-7.812	28.922	0.134	334
C	-8.375	29.585	1.369	334
N	-7.493	29.784	2.331	335
CA	-7.889	30.374	3.59	335
C	-7.412	31.805	3.777	335
N	-6.971	32.465	2.703	336
CA	-6.811	33.907	2.731	336
C	-8.225	34.47	2.813	336
N	-8.499	35.498	3.629	337
CA	-9.803	36.127	3.771	337
C	-10.579	36.19	2.464	337
N	-10.032	36.793	1.408	338
CA	-10.798	36.906	0.175	338
C	-10.933	35.605	-0.578	338
N	-9.972	34.727	-0.334	339
CA	-10.007	33.392	-0.87	339
C	-11.213	32.669	-0.313	339
N	-11.329	32.513	1.012	340
CA	-12.451	31.771	1.552	340
C	-13.785	32.372	1.202	340
N	-13.82	33.681	0.995	341
CA	-15.016	34.315	0.47	341
C	-15.346	33.78	-0.916	341
N	-14.337	33.597	-1.747	342
CA	-14.551	33.094	-3.093	342
C	-14.757	31.591	-3.115	342
N	-14.127	30.874	-2.191	343
CA	-14.232	29.429	-2.105	343
C	-15.65	28.993	-1.771	343
N	-16.348	29.828	-1.014	344
CA	-17.68	29.515	-0.57	344
C	-18.771	30.401	-1.176	344
N	-18.445	31.301	-2.103	345
CA	-19.379	32.237	-2.73	345
C	-20.394	32.933	-1.818	345
N	-19.773	33.782	-1.014	346
CA	-20.476	34.334	0.111	346
C	-21.263	35.592	-0.112	346
N	-20.924	36.438	-1.082	347
CA	-21.591	37.722	-1.209	347
C	-22.985	37.563	-1.783	347
N	-23.915	37.156	-0.927	348
CA	-25.289	36.875	-1.292	348
C	-26.092	37.016	-0.027	348
N	-27.321	37.526	-0.07	349
CA	-28.246	37.526	1.051	349
C	-28.701	36.11	1.37	349
N	-27.909	35.368	2.131	350
CA	-28.301	34.039	2.588	350
C	-28.276	33.981	4.109	350
N	-28.1	35.113	4.789	351
CA	-27.7	35.088	6.174	351
C	-28.825	35.11	7.18	351
N	-30.007	35.722	7.034	352
CA	-31.056	35.646	8.055	352
C	-31.428	34.209	8.379	352
N	-31.387	33.318	7.391	353
CA	-31.682	31.905	7.593	353
C	-30.663	31.327	8.568	353
N	-29.407	31.758	8.525	354
CA	-28.379	31.308	9.448	354
C	-28.693	31.59	10.94	354
N	-29.538	32.58	11.238	355
CA	-29.573	33.221	12.544	355
C	-30.267	32.504	13.699	355
N	-30.997	31.45	13.366	356
CA	-31.711	30.68	14.354	356
C	-31.787	29.264	13.825	356
N	-31.628	28.319	14.752	357
CA	-31.559	26.881	14.522	357
C	-30.191	26.358	14.137	357
N	-29.218	27.25	14.055	358
CA	-27.839	26.808	14.037	358
C	-27.275	26.994	12.658	358
N	-26.03	27.439	12.703	359
CA	-25.368	27.885	11.497	359
C	-24.911	26.71	10.657	359
N	-24.623	25.625	11.366	360
CA	-24.061	24.449	10.752	360
C	-25.024	23.295	10.946	360
N	-24.821	22.224	10.202	361
CA	-25.652	21.046	10.277	361
C	-26.788	21.107	9.285	361
N	-26.978	22.217	8.58	362
CA	-28.18	22.358	7.79	362
C	-27.682	22.39	6.368	362
N	-27.63	21.21	5.773	363
CA	-26.994	20.913	4.492	363
C	-27.091	21.862	3.287	363
N	-27.919	22.901	3.272	364
CA	-28.029	23.748	2.093	364
C	-27.207	25.023	2.215	364
N	-26.221	25.076	3.081	365
CA	-25.453	26.292	3.206	365
C	-24.143	26.046	2.492	365
N	-23.466	27.026	1.888	366
CA	-22.232	26.822	1.144	366
C	-21.161	26.068	1.925	366
N	-21.117	26.244	3.246	367
CA	-20.084	25.646	4.076	367
C	-20.378	24.204	4.457	367
N	-21.578	23.721	4.121	368
CA	-21.989	22.355	4.372	368
C	-21.76	21.398	3.188	368
N	-21.248	21.878	2.044	369
CA	-21.032	21.039	0.877	369
C	-19.832	20.128	1.041	369
N	-19.948	18.891	0.582	370
CA	-18.82	17.98	0.585	370
C	-18.235	17.64	-0.776	370
N	-18.275	18.654	-1.62	371
CA	-17.762	18.597	-2.976	371
C	-16.277	18.237	-3.028	371
N	-15.498	18.603	-2.022	372
CA	-14.1	18.255	-2.017	372
C	-13.769	16.905	-1.432	372
N	-14.792	16.145	-1.02	373
CA	-14.646	14.789	-0.499	373
C	-13.613	13.928	-1.219	373
N	-13.85	13.645	-2.505	374
CA	-13.006	12.708	-3.225	374
C	-11.587	13.208	-3.377	374
N	-11.429	14.463	-3.78	375
CA	-10.122	15.023	-4.082	375
C	-9.254	14.896	-2.847	375
N	-9.839	15.164	-1.677	376
CA	-9.15	14.96	-0.419	376
C	-8.776	13.519	-0.186	376
N	-9.69	12.611	-0.482	377
CA	-9.43	11.194	-0.364	377
C	-8.211	10.79	-1.196	377
N	-8.225	11.193	-2.479	378
CA	-7.228	10.86	-3.489	378
C	-5.85	11.268	-3.097	378
N	-5.651	12.575	-3.033	379
CA	-4.372	13.122	-2.635	379
C	-3.916	12.609	-1.273	379
N	-4.823	12.251	-0.363	380
CA	-4.414	11.633	0.883	380
C	-4.314	10.122	0.729	380
N	-3.692	9.639	-0.344	381
CA	-3.554	8.216	-0.592	381
C	-4.915	7.553	-0.743	381
N	-5.416	7.544	-1.97	382
CA	-6.647	6.861	-2.339	382
C	-6.882	5.49	-1.71	382
N	-8.134	5.387	-1.285	383
CA	-8.675	4.251	-0.561	383
C	-10.094	4.066	-1.129	383
