ATOM	X	Y	Z	RESIDUE
N	63.334	-61.637	-44.504	1
CA	64.364	-60.592	-44.286	1
C	63.945	-59.121	-44.708	1
N	63.363	-57.962	-44.127	2
CA	63.513	-56.514	-44.58	2
C	63.203	-54.924	-44.475	2
N	62.613	-53.747	-43.893	3
CA	61.508	-53.019	-43.135	3
C	61.128	-51.412	-43.4	3
N	60.082	-50.449	-42.945	4
CA	59.798	-48.876	-43.086	4
C	59.019	-47.369	-42.91	4
N	57.871	-46.648	-42.286	5
CA	56.948	-45.333	-42.221	5
C	56.565	-43.667	-42.157	5
N	55.474	-42.715	-41.681	6
CA	54.719	-41.241	-41.697	6
C	54.602	-39.516	-41.643	6
N	53.671	-38.295	-41.432	7
CA	53.477	-36.766	-40.848	7
C	52.442	-35.401	-41.093	7
N	51.917	-33.977	-40.761	8
CA	51.805	-32.426	-40.171	8
C	50.715	-31.096	-40.367	8
N	50.139	-29.723	-39.923	9
CA	50.016	-28.073	-39.941	9
C	49.371	-26.502	-39.554	9
N	48.361	-25.638	-38.793	10
CA	47.758	-24.226	-38.163	10
C	47.206	-22.611	-38.381	10
N	46.243	-21.63	-37.708	11
CA	45.525	-20.141	-37.517	11
C	45.332	-18.426	-37.316	11
N	44.287	-17.39	-36.818	12
CA	43.659	-15.924	-36.274	12
C	43.277	-14.223	-36.515	12
N	42.317	-13.007	-36.078	13
CA	41.951	-11.358	-35.689	13
C	40.661	-10.059	-35.658	13
N	40.108	-8.519	-35.41	14
CA	39.07	-7.22	-34.836	14
C	38.457	-5.483	-34.824	14
N	37.523	-4.36	-34.065	15
CA	36.492	-2.902	-33.816	15
C	35.9	-1.128	-33.867	15
N	35.106	0.296	-33.446	16
CA	34.143	1.537	-32.632	16
C	33.284	3.175	-32.71	16
N	32.592	4.337	-31.704	17
CA	33.932	4.809	-31.376	17
C	34.668	5.283	-32.625	17
N	35.436	6.361	-32.475	18
CA	36.215	6.922	-33.575	18
C	37.509	6.151	-33.795	18
N	38.027	6.234	-35.016	19
CA	39.329	5.673	-35.354	19
C	40.414	6.345	-34.527	19
N	41.505	5.625	-34.271	20
CA	42.552	6.112	-33.377	20
C	43.148	7.422	-33.882	20
N	43.396	7.516	-35.18	21
CA	43.986	8.738	-35.724	21
C	43.001	9.914	-35.688	21
N	41.706	9.628	-35.781	22
CA	40.692	10.674	-35.645	22
C	40.67	11.221	-34.22	22
N	40.743	10.316	-33.251	23
CA	40.82	10.697	-31.846	23
C	42.041	11.572	-31.579	23
N	43.159	11.206	-32.196	24
CA	44.402	11.946	-32.026	24
C	44.234	13.419	-32.389	24
N	43.512	13.692	-33.474	25
CA	43.359	15.055	-33.984	25
C	42.178	15.777	-33.336	25
N	41.522	15.104	-32.397	26
CA	40.517	15.734	-31.557	26
C	41.265	16.353	-30.379	26
N	40.649	17.289	-29.673	27
CA	41.377	17.966	-28.614	27
C	41.567	17.122	-27.375	27
N	42.052	17.751	-26.288	28
CA	41.972	17.009	-25.037	28
C	40.503	16.769	-24.818	28
N	40.168	15.641	-24.234	29
CA	38.784	15.26	-24.25	29
C	38.049	15.795	-23.008	29
N	36.792	16.178	-23.207	30
CA	36.172	17.234	-22.41	30
C	34.652	17.128	-22.42	30
N	34.02	17.467	-21.291	31
CA	32.569	17.596	-21.188	31
C	32.239	19.008	-20.732	31
N	30.99	19.403	-20.931	32
CA	30.514	20.715	-20.512	32
C	29.789	20.618	-19.185	32
N	30.165	21.476	-18.241	33
CA	29.483	21.546	-16.947	33
C	28.553	22.749	-16.945	33
N	27.283	22.516	-16.655	34
CA	26.265	23.569	-16.759	34
C	25.475	23.77	-15.474	34
N	25.541	24.989	-14.944	35
CA	24.728	25.356	-13.8	35
C	23.51	26.152	-14.238	35
N	22.344	25.597	-13.945	36
CA	21.061	26.262	-14.169	36
C	20.743	27.178	-12.993	36
N	20.782	28.486	-13.239	37
CA	20.394	29.518	-12.267	37
C	20.993	29.333	-10.88	37
N	22.33	29.185	-10.794	38
CA	22.908	29.051	-9.447	38
C	22.613	30.265	-8.569	38
N	22.342	30.025	-7.286	39
CA	21.931	31.089	-6.366	39
C	23.026	31.529	-5.41	39
N	23.86	30.584	-4.989	40
CA	24.845	30.85	-3.944	40
C	26.235	30.996	-4.552	40
N	26.887	32.161	-4.358	41
CA	28.184	32.365	-5.014	41
C	29.24	31.329	-4.614	41
N	29.299	30.937	-3.343	42
CA	30.283	29.933	-2.94	42
C	30.097	28.619	-3.698	42
N	28.852	28.256	-3.998	43
CA	28.618	27.047	-4.795	43
C	29.173	27.207	-6.212	43
N	28.859	28.32	-6.864	44
CA	29.37	28.558	-8.208	44
C	30.895	28.585	-8.223	44
N	31.499	29.217	-7.222	45
CA	32.948	29.259	-7.145	45
C	33.543	27.867	-6.973	45
N	32.93	27.062	-6.111	46
CA	33.433	25.711	-5.891	46
C	33.215	24.82	-7.107	46
N	32.241	25.165	-7.951	47
CA	32.088	24.466	-9.22	47
C	33.129	24.955	-10.229	47
N	33.332	26.267	-10.302	48
CA	34.344	26.829	-11.191	48
C	35.724	26.258	-10.921	48
N	36.022	26.04	-9.645	49
CA	37.296	25.481	-9.24	49
C	37.483	24.104	-9.87	49
N	36.41	23.317	-9.877	50
CA	36.421	21.987	-10.479	50
C	36.547	22.067	-11.988	50
N	35.802	22.988	-12.593	51
CA	35.862	23.146	-14.052	51
C	37.281	23.49	-14.503	51
N	37.919	24.421	-13.802	52
CA	39.256	24.847	-14.173	52
C	40.275	23.743	-13.888	52
N	40.008	22.93	-12.866	53
CA	40.863	21.781	-12.556	53
C	40.863	20.752	-13.685	53
N	39.71	20.557	-14.312	54
CA	39.589	19.583	-15.389	54
C	39.929	20.203	-16.737	54
N	39.894	21.532	-16.798	55
CA	40.008	22.246	-18.058	55
C	38.752	22.162	-18.911	55
N	37.587	22.094	-18.271	56
CA	36.327	21.923	-18.979	56
C	35.483	23.195	-18.953	56
N	34.686	23.417	-20.009	57
CA	33.839	24.614	-20.047	57
C	32.831	24.652	-18.902	57
N	32.674	25.825	-18.29	58
CA	31.606	26.056	-17.328	58
C	30.563	26.994	-17.899	58
N	29.341	26.484	-18.033	59
CA	28.202	27.265	-18.508	59
C	27.357	27.741	-17.327	59
N	27.167	29.054	-17.201	60
CA	26.246	29.573	-16.195	60
C	25.01	30.103	-16.891	60
N	23.858	29.589	-16.497	61
CA	22.595	30.007	-17.086	61
C	21.905	31.01	-16.168	61
N	21.806	32.246	-16.649	62
CA	21.151	33.313	-15.901	62
C	19.644	33.06	-15.824	62
N	18.959	33.649	-14.827	63
CA	19.465	34.556	-13.791	63
C	20.356	33.878	-12.742	63
N	21.469	34.526	-12.403	64
CA	22.295	34.114	-11.271	64
C	21.83	34.84	-10.013	64
N	22.044	34.225	-8.856	65
CA	21.649	34.84	-7.598	65
C	22.654	35.824	-7.018	65
N	23.676	36.174	-7.792	66
CA	24.783	37.012	-7.336	66
C	25.382	37.812	-8.5	66
N	26.057	38.908	-8.171	67
CA	26.88	39.644	-9.121	67
C	28.205	38.919	-9.326	67
N	28.749	38.959	-10.541	68
CA	29.998	38.254	-10.814	68
C	31.192	38.91	-10.103	68
N	30.973	40.099	-9.543	69
CA	32.002	40.78	-8.763	69
C	31.974	40.422	-7.272	69
N	31.11	39.484	-6.893	70
CA	30.98	39.084	-5.492	70
C	32.297	38.612	-4.913	70
N	32.673	39.172	-3.753	71
CA	33.863	38.726	-3.029	71
C	33.769	37.255	-2.646	71
N	32.575	36.669	-2.657	72
CA	32.391	35.281	-2.23	72
C	32.727	34.234	-3.296	72
N	33.179	34.674	-4.473	73
CA	33.41	33.762	-5.602	73
C	34.833	33.208	-5.665	73
N	35.731	33.913	-4.99	74
CA	37.152	33.587	-4.932	74
C	37.534	33.027	-3.568	74
N	38.828	32.787	-3.37	75
CA	39.377	32.517	-2.043	75
C	40.812	33.039	-1.971	75
N	41.19	33.585	-0.82	76
CA	42.564	34.014	-0.588	76
C	43.517	32.859	-0.855	76
N	44.598	33.137	-1.58	77
CA	45.564	32.108	-1.916	77
C	45.14	31.293	-3.12	77
N	43.914	31.522	-3.57	78
CA	43.418	30.842	-4.751	78
C	43.27	31.773	-5.927	78
N	43.573	31.268	-7.117	79
CA	43.089	31.925	-8.309	79
C	42.768	30.86	-9.362	79
N	41.494	30.781	-9.717	80
CA	41.073	29.787	-10.689	80
C	40.204	30.39	-11.78	80
N	39.487	31.462	-11.457	81
CA	38.592	32.06	-12.44	81
C	39.278	32.477	-13.75	81
N	40.523	32.992	-13.694	82
CA	41.175	33.296	-14.975	82
C	41.384	32.078	-15.86	82
N	41.33	30.899	-15.256	83
CA	41.575	29.67	-15.985	83
C	40.295	28.907	-16.273	83
N	39.162	29.531	-15.981	84
CA	37.88	28.923	-16.278	84
C	37.428	29.284	-17.689	84
N	37.107	28.267	-18.477	85
CA	36.48	28.489	-19.767	85
C	35.012	28.801	-19.506	85
N	34.723	30.065	-19.205	86
CA	33.38	30.472	-18.799	86
C	32.454	30.795	-19.975	86
N	31.262	30.211	-19.951	87
CA	30.224	30.477	-20.938	87
C	29.012	31.038	-20.221	87
N	28.519	32.183	-20.675	88
CA	27.357	32.779	-20.041	88
C	26.162	32.727	-20.974	88
N	25.029	32.277	-20.447	89
CA	23.771	32.218	-21.193	89
C	22.708	33.073	-20.532	89
N	21.941	33.799	-21.341	90
CA	20.956	34.72	-20.792	90
C	19.706	34.032	-20.257	90
N	19.443	32.817	-20.723	91
CA	18.302	32.049	-20.258	91
C	18.487	30.586	-20.604	91
N	17.64	29.74	-20.036	92
CA	17.663	28.33	-20.375	92
C	17.297	28.143	-21.844	92
N	16.314	28.91	-22.317	93
CA	15.898	28.843	-23.718	93
C	17.061	29.144	-24.653	93
N	17.81	30.194	-24.326	94
CA	18.94	30.597	-25.142	94
C	20.036	29.542	-25.096	94
N	20.213	28.928	-23.925	95
CA	21.171	27.838	-23.793	95
C	20.803	26.689	-24.746	95
N	19.55	26.235	-24.71	96
CA	19.106	25.139	-25.581	96
C	19.276	25.479	-27.04	96
N	18.919	26.71	-27.376	97
CA	19.007	27.173	-28.741	97
C	20.464	27.197	-29.223	97
N	21.402	27.335	-28.289	98
CA	22.815	27.418	-28.619	98
C	23.507	26.052	-28.72	98
N	22.839	24.982	-28.298	99
CA	23.424	23.639	-28.357	99
C	23.686	23.212	-29.805	99
N	24.83	22.552	-30.058	100
CA	25.083	21.991	-31.387	100
C	24.055	20.923	-31.698	100
N	23.714	20.736	-32.967	101
CA	22.808	19.66	-33.328	101
C	23.386	18.325	-32.851	101
N	22.558	17.512	-32.204	102
CA	23.004	16.208	-31.744	102
C	23.634	16.242	-30.36	102
N	23.586	17.405	-29.724	103
CA	24.112	17.544	-28.365	103
C	23.383	16.614	-27.416	103
N	24.146	15.981	-26.528	104
CA	23.57	15.124	-25.512	104
C	23.642	15.842	-24.174	104
N	22.499	15.978	-23.516	105
CA	22.43	16.645	-22.224	105
C	21.883	15.69	-21.168	105
N	22.616	15.537	-20.068	106
CA	22.143	14.736	-18.953	106
C	21.733	15.642	-17.799	106
N	20.487	15.531	-17.362	107
CA	20.004	16.329	-16.236	107
C	20.207	15.581	-14.923	107
N	20.893	16.203	-13.967	108
CA	21.159	15.52	-12.707	108
C	20.112	15.832	-11.662	108
N	19.552	14.77	-11.093	109
CA	18.573	14.873	-10.022	109
C	18.675	13.681	-9.077	109
N	18.468	13.942	-7.793	110
CA	18.416	12.883	-6.793	110
C	17.199	11.977	-6.999	110
N	16.273	12.394	-7.857	111
CA	15.14	11.548	-8.234	111
C	15.3	11.07	-9.676	111
N	16.538	11.086	-10.169	112
CA	16.849	10.68	-11.533	112
C	16.515	9.231	-11.85	112
N	16.27	8.956	-13.128	113
CA	15.752	7.664	-13.569	113
C	16.819	6.572	-13.663	113
N	18.064	6.966	-13.907	114
CA	19.166	6.013	-14.004	114
C	20.337	6.449	-13.125	114
N	21.172	5.496	-12.723	115
CA	22.362	5.823	-11.951	115
C	23.413	6.488	-12.818	115
N	24.08	7.489	-12.246	116
CA	25.252	8.098	-12.853	116
C	26.203	7.044	-13.422	116
N	26.372	5.956	-12.684	117
CA	27.411	4.998	-13.006	117
C	26.97	4.03	-14.102	117
N	25.699	4.118	-14.492	118
CA	25.175	3.349	-15.626	118
C	25.457	4.075	-16.933	118
N	25.65	5.385	-16.842	119
CA	25.811	6.209	-18.028	119
C	27.171	5.982	-18.662	119
N	27.215	6.039	-19.987	120
CA	28.48	5.993	-20.699	120
C	28.692	7.339	-21.368	120
N	29.539	8.159	-20.76	121
CA	29.763	9.519	-21.237	121
C	30.634	9.592	-22.486	121
N	30.439	10.657	-23.257	122
CA	31.237	10.918	-24.439	122
C	31.715	12.351	-24.477	122
N	32.735	12.587	-25.287	123
CA	33.131	13.929	-25.676	123
C	31.971	14.872	-25.888	123
N	32.086	16.05	-25.282	124
CA	31.155	17.134	-25.518	124
C	29.766	16.931	-24.961	124
N	29.581	15.907	-24.132	125
CA	28.32	15.742	-23.419	125
C	28.077	16.958	-22.539	125
N	26.816	17.252	-22.251	126
CA	26.493	18.313	-21.297	126
C	25.923	17.736	-20.01	126
N	26.528	18.124	-18.884	127
CA	26.078	17.733	-17.555	127
C	25.376	18.916	-16.903	127
N	24.078	18.77	-16.637	128
CA	23.218	19.885	-16.218	128
C	22.737	19.733	-14.777	128
N	22.982	20.77	-13.973	129
CA	22.7	20.746	-12.54	129
C	21.82	21.92	-12.129	129
N	20.967	21.706	-11.134	130
CA	20.067	22.744	-10.668	130
C	20.603	23.54	-9.498	130
N	19.852	24.567	-9.074	131
CA	20.185	25.392	-7.908	131
C	20.003	24.61	-6.615	131
N	20.779	24.952	-5.595	132
CA	20.765	24.236	-4.317	132
C	19.375	24.172	-3.679	132
N	18.613	25.251	-3.796	133
CA	17.357	25.339	-3.064	133
C	16.226	24.495	-3.653	133
N	16.224	24.301	-4.966	134
CA	15.052	23.748	-5.651	134
C	15.358	22.662	-6.674	134
N	16.602	22.586	-7.136	135
CA	16.938	21.664	-8.209	135
C	16.33	22.103	-9.536	135
N	16.455	21.261	-10.562	136
CA	15.92	21.59	-11.885	136
C	14.401	21.472	-11.876	136
N	13.719	22.339	-12.639	137
CA	12.255	22.29	-12.728	137
C	11.789	20.993	-13.38	137
N	10.57	20.559	-13.074	138
CA	10.058	19.294	-13.592	138
C	10.034	19.256	-15.116	138
N	9.77	20.398	-15.743	139
CA	9.712	20.451	-17.201	139
C	11.086	20.219	-17.81	139
N	12.124	20.716	-17.142	140
CA	13.492	20.504	-17.601	140
C	13.885	19.038	-17.419	140
N	13.532	18.476	-16.265	141
CA	13.826	17.076	-15.979	141
C	13.142	16.154	-16.979	141
N	11.886	16.456	-17.298	142
CA	11.115	15.647	-18.237	142
C	11.695	15.712	-19.647	142
N	12.457	16.767	-19.915	143
CA	13.009	17.027	-21.24	143
C	14.265	16.207	-21.55	143
N	15.033	15.882	-20.516	144
CA	16.313	15.207	-20.706	144
C	16.383	13.868	-19.983	144
N	17.289	12.987	-20.43	145
CA	17.561	11.8	-19.622	145
C	18.146	12.246	-18.286	145
N	17.677	11.659	-17.195	146
CA	18.085	12.11	-15.872	146
C	18.992	11.08	-15.211	146
N	19.988	11.569	-14.475	147
CA	20.94	10.71	-13.771	147
C	20.944	11.008	-12.286	147
N	20.966	9.944	-11.484	148
CA	21.01	10.04	-10.04	148
C	22.368	9.618	-9.501	148
N	22.9	10.39	-8.56	149
CA	24.027	9.925	-7.757	149
C	23.462	9.139	-6.571	149
N	23.823	7.843	-6.452	150
CA	23.227	7.015	-5.4	150
C	23.493	7.581	-4.015	150
N	22.505	7.472	-3.135	151
CA	22.66	7.877	-1.738	151
C	21.966	6.839	-0.884	151
N	22.702	5.805	-0.463	152
CA	22.057	4.723	0.294	152
C	21.531	5.198	1.652	152
N	22.091	6.29	2.162	153
CA	21.638	6.862	3.419	153
C	20.388	7.712	3.287	153
N	19.804	8.119	4.428	154
CA	18.546	8.876	4.422	154
C	18.739	10.356	4.111	154
N	19.31	10.636	2.942	155
CA	19.635	11.995	2.519	155
C	18.936	12.3	1.196	155
N	18.362	13.497	1.07	156
CA	17.558	13.834	-0.109	156
C	18.4	14.325	-1.273	156
N	19.539	14.936	-0.964	157
CA	20.43	15.454	-2.002	157
C	21.786	15.817	-1.428	157
N	22.784	15.855	-2.305	158
CA	24.122	16.327	-1.962	158
C	24.226	17.81	-2.251	158
N	25.2	18.481	-1.642	159
CA	25.54	19.86	-2.014	159
C	25.828	19.959	-3.512	159
N	25.379	21.041	-4.143	160
CA	25.574	21.238	-5.576	160
C	27.012	21.034	-6.036	160
N	27.962	21.697	-5.384	161
CA	29.353	21.633	-5.848	161
C	29.909	20.223	-5.677	161
N	29.431	19.526	-4.65	162
CA	29.837	18.135	-4.458	162
C	29.267	17.25	-5.568	162
N	27.985	17.432	-5.894	163
CA	27.347	16.644	-6.947	163
C	28.027	16.862	-8.3	163
N	28.371	18.113	-8.601	164
CA	29.058	18.416	-9.844	164
C	30.41	17.715	-9.878	164
N	31.152	17.776	-8.775	165
CA	32.45	17.134	-8.737	165
C	32.356	15.623	-8.908	165
N	31.416	14.993	-8.206	166
CA	31.24	13.544	-8.304	166
C	30.898	13.103	-9.737	166
N	29.988	13.838	-10.365	167
CA	29.59	13.531	-11.735	167
C	30.702	13.834	-12.748	167
N	31.305	15.018	-12.639	168
CA	32.341	15.433	-13.579	168
C	33.519	14.481	-13.517	168
N	33.916	14.094	-12.31	169
CA	35.084	13.239	-12.199	169
C	34.776	11.786	-12.595	169
N	33.53	11.335	-12.444	170
CA	33.172	10.03	-13.014	170
C	33.317	10.075	-14.549	170
N	32.852	11.155	-15.172	171
CA	33.016	11.291	-16.618	171
C	34.498	11.362	-16.987	171
N	35.28	12.113	-16.215	172
CA	36.717	12.17	-16.431	172
C	37.323	10.766	-16.344	172
N	36.929	10.011	-15.324	173
CA	37.432	8.634	-15.171	173
C	37.115	7.787	-16.41	173
N	35.874	7.872	-16.869	174
CA	35.444	7.117	-18.045	174
C	36.239	7.525	-19.275	174
N	36.383	8.829	-19.488	175
CA	37.001	9.317	-20.724	175
C	38.493	9.046	-20.831	175
N	39.188	9.106	-19.706	176
CA	40.633	8.983	-19.709	176
C	41.028	7.523	-19.515	176
N	40.03	6.688	-19.247	177
CA	40.242	5.263	-19.081	177
C	40.036	4.507	-20.38	177
N	40.313	5.738	-20.641	178
CA	41.582	5.129	-21.087	178
C	41.782	4.227	-22.32	178
N	-33.221	-113.361	11.883	1
CA	-32.149	-112.986	12.791	1
C	-32.43	-111.589	13.401	1
N	-31.512	-110.564	13.716	2
CA	-30.716	-109.536	12.918	2
C	-30.326	-108.108	13.586	2
N	-29.657	-106.843	13.19	3
CA	-28.503	-105.955	12.558	3
C	-28.743	-104.372	12.75	3
N	-27.881	-103.159	12.617	4
CA	-26.732	-102.246	11.973	4
C	-26.486	-100.559	12.134	4
N	-25.671	-99.279	11.778	5
CA	-24.467	-98.201	11.37	5
C	-24.58	-96.528	11.07	5
N	-23.815	-95.195	10.851	6
CA	-22.654	-94.013	10.786	6
C	-22.379	-92.424	10.207	6
N	-21.578	-91.098	10.229	7
CA	-20.352	-89.952	10.229	7
C	-19.924	-88.261	9.97	7
N	-18.777	-87.209	9.991	8
CA	-18.011	-85.7	10.219	8
C	-17.903	-83.911	9.981	8
N	-16.795	-82.765	9.705	9
CA	-16.048	-81.209	9.663	9
C	-15.197	-79.714	10.205	9
N	-14.445	-78.301	10.054	10
CA	-13.45	-77.053	9.442	10
C	-13.055	-75.341	9.706	10
N	-12.161	-74.034	9.46	11
CA	-11.116	-72.848	8.804	11
C	-10.625	-71.189	9.045	11
N	-9.591	-70.142	8.517	12
CA	-8.867	-68.624	8.255	12
C	-8.028	-67.211	8.843	12
N	-7.277	-65.84	8.632	13
CA	-6.513	-64.513	7.969	13
C	-6.054	-62.923	8.486	13
N	-5.277	-61.553	8.309	14
CA	-4.578	-60.144	7.667	14
C	-3.941	-58.569	8.112	14
N	-3.132	-57.373	7.512	15
CA	-2.277	-55.892	7.551	15
C	-2.094	-54.164	7.869	15
N	-1.337	-52.769	7.673	16
CA	-0.535	-51.434	6.987	16
C	0.002	-49.773	7.293	16
N	0.897	-48.661	6.654	17
CA	1.543	-47.097	6.469	17
C	2.284	-45.533	6.773	17
N	3.155	-44.418	6.102	18
CA	3.818	-42.858	5.883	18
C	4.607	-41.309	6.189	18
N	5.48	-40.218	5.47	19
CA	6.129	-38.652	5.198	19
C	6.922	-37.056	5.44	19
N	7.752	-35.878	4.753	20
CA	8.514	-34.319	4.51	20
C	9.612	-32.902	4.646	20
N	10.148	-31.369	4.456	21
CA	11.178	-30.185	3.725	21
C	11.509	-28.435	3.68	21
N	12.478	-27.286	3.025	22
CA	13.323	-25.776	2.662	22
C	14.478	-24.341	2.728	22
N	15.344	-22.893	2.499	23
CA	16.491	-21.59	1.87	23
C	17.085	-19.729	1.762	23
N	18.017	-18.293	1.41	24
CA	19.313	-17.063	0.997	24
C	19.765	-15.289	0.557	24
N	20.942	-14.067	0.44	25
CA	22.104	-12.666	0.136	25
C	22.665	-10.86	0.108	25
N	23.893	-9.741	-0.145	26
CA	24.739	-8.162	-0.185	26
C	25.33	-6.397	-0.445	26
N	26.446	-5.081	-0.553	27
CA	26.55	-4.106	0.52	27
C	25.933	-4.592	1.82	27
N	25.813	-3.7	2.818	28
CA	26.214	-2.288	2.777	28
C	27.726	-2.109	2.85	28
N	28.176	-0.894	2.572	29
CA	29.595	-0.604	2.542	29
C	29.91	0.487	3.532	29
N	31.126	0.456	4.07	30
CA	31.553	1.485	5.011	30
C	33.044	1.778	4.908	30
N	33.358	3.038	4.636	31
CA	34.708	3.576	4.791	31
C	34.591	4.688	5.816	31
N	35.728	5.243	6.225	32
CA	35.772	6.368	7.144	32
C	36.296	7.63	6.468	32
N	35.607	8.749	6.686	33
CA	36.051	10.039	6.174	33
C	36.668	10.828	7.312	33
N	37.9	11.296	7.118	34
CA	38.638	11.955	8.2	34
C	39.098	13.358	7.784	34
N	38.645	14.392	8.507	35
CA	39.11	15.766	8.272	35
C	40.124	16.174	9.32	35
N	41.328	16.491	8.864	36
CA	42.392	16.966	9.736	36
C	42.249	18.478	9.928	36
N	41.953	18.916	11.153	37
CA	41.861	20.355	11.465	37
C	41.057	21.206	10.45	37
N	39.823	20.776	10.121	38
CA	39.023	21.561	9.177	38
C	38.787	22.986	9.68	38
N	38.777	23.945	8.761	39
CA	38.783	25.361	9.142	39
C	37.432	26.022	8.935	39
N	36.746	25.638	7.873	40
CA	35.507	26.31	7.491	40
C	34.274	25.447	7.804	40
N	33.344	25.962	8.62	41
CA	32.224	25.121	9.065	41
C	31.352	24.658	7.905	41
N	31.215	25.482	6.87	42
CA	30.395	25.115	5.73	42
C	30.962	23.874	5.042	42
N	32.285	23.779	4.984	43
CA	32.911	22.604	4.386	43
C	32.672	21.367	5.229	43
N	32.838	21.496	6.544	44
CA	32.64	20.335	7.4	44
C	31.189	19.858	7.375	44
N	30.245	20.789	7.283	45
CA	28.845	20.416	7.253	45
C	28.502	19.746	5.943	45
N	29.075	20.254	4.851	46
CA	28.86	19.661	3.534	46
C	29.407	18.238	3.535	46
N	30.581	18.052	4.129	47
CA	31.145	16.705	4.245	47
C	30.259	15.789	5.091	47
N	29.725	16.313	6.199	48
CA	28.782	15.563	7.02	48
C	27.569	15.088	6.219	48
N	27.075	15.949	5.334	49
CA	25.971	15.602	4.452	49
C	26.329	14.418	3.545	49
N	27.515	14.476	2.956	50
CA	28.021	13.383	2.137	50
C	28.224	12.101	2.96	50
N	28.781	12.238	4.157	51
CA	28.945	11.07	5.042	51
C	27.591	10.431	5.371	51
N	26.598	11.261	5.668	52
CA	25.261	10.747	5.94	52
C	24.68	10.069	4.699	52
N	24.955	10.643	3.529	53
CA	24.433	10.091	2.283	53
C	25.006	8.701	1.981	53
N	26.267	8.476	2.361	54
CA	26.904	7.184	2.159	54
C	26.734	6.228	3.33	54
N	26.42	6.763	4.51	55
CA	26.367	5.962	5.729	55
C	27.743	5.641	6.276	55
N	28.669	6.591	6.125	56
CA	30.064	6.426	6.544	56
C	30.42	7.33	7.717	56
N	31.198	6.815	8.681	57
CA	31.582	7.695	9.787	57
C	32.426	8.888	9.344	57
N	32.212	10.001	10.027	58
CA	32.978	11.225	9.807	58
C	33.799	11.534	11.053	58
N	35.116	11.545	10.887	59
CA	36.057	11.853	11.956	59
C	36.551	13.284	11.8	59
N	36.481	14.068	12.873	60
CA	37.125	15.382	12.891	60
C	38.304	15.374	13.849	60
N	39.44	15.897	13.402	61
CA	40.623	15.997	14.269	61
C	40.871	17.445	14.68	61
N	40.835	17.692	15.988	62
CA	41.047	19.022	16.533	62
C	42.5	19.466	16.38	62
N	42.753	20.787	16.401	63
CA	41.811	21.907	16.545	63
C	41.016	22.206	15.281	63
N	39.771	22.613	15.481	64
CA	38.894	23.021	14.388	64
C	38.903	24.542	14.27	64
N	38.506	25.058	13.11	65
CA	38.419	26.499	12.914	65
C	37.083	27.093	13.326	65
N	36.271	26.278	13.989	66
CA	34.91	26.655	14.372	66
C	34.509	25.884	15.618	66
N	33.478	26.364	16.312	67
CA	32.906	25.636	17.445	67
C	31.9	24.596	16.957	67
N	31.813	23.464	17.642	68
CA	30.87	22.422	17.232	68
C	29.423	22.85	17.441	68
N	29.251	23.933	18.19	69
CA	27.957	24.558	18.44	69
C	27.523	25.487	17.309	69
N	28.403	25.687	16.331	70
CA	28.187	26.643	15.252	70
C	26.92	26.374	14.445	70
N	26.006	27.352	14.42	71
CA	24.826	27.305	13.552	71
C	25.179	27.115	12.08	71
N	26.276	27.716	11.625	72
CA	26.71	27.566	10.237	72
C	27.097	26.127	9.938	72
N	27.703	25.48	10.926	73
CA	28.038	24.068	10.833	73
C	26.756	23.255	10.751	73
N	25.868	23.47	11.722	74
CA	24.605	22.746	11.771	74
C	23.788	22.942	10.498	74
N	23.633	24.194	10.078	75
CA	22.883	24.504	8.862	75
C	23.465	23.832	7.621	75
N	24.789	23.793	7.542	76
CA	25.492	23.189	6.412	76
C	25.214	21.687	6.287	76
N	24.816	21.052	7.384	77
CA	24.468	19.647	7.343	77
C	22.965	19.449	7.293	77
N	22.235	20.555	7.132	78
CA	20.768	20.561	7.088	78
C	20.196	19.756	8.252	78
N	19.262	18.852	7.962	79
CA	18.672	18.014	9.01	79
C	19.294	16.621	9.037	79
N	20.526	16.513	8.548	80
CA	21.173	15.214	8.384	80
C	22.114	14.844	9.519	80
N	22.493	15.831	10.329	81
CA	23.384	15.579	11.463	81
C	22.915	14.423	12.381	81
N	21.592	14.268	12.61	82
CA	21.183	13.068	13.358	82
C	21.62	11.738	12.738	82
N	21.926	11.733	11.444	83
CA	22.274	10.501	10.744	83
C	23.77	10.365	10.495	83
N	24.551	11.265	11.077	84
CA	25.999	11.224	10.927	84
C	26.62	10.528	12.12	84
N	27.455	9.535	11.851	85
CA	28.251	8.896	12.898	85
C	29.511	9.728	13.087	85
N	29.454	10.681	14.016	86
CA	30.515	11.673	14.177	86
C	31.524	11.238	15.231	86
N	32.801	11.227	14.85	87
CA	33.89	10.883	15.761	87
C	34.804	12.086	15.947	87
N	35.131	12.416	17.192	88
CA	36.031	13.526	17.458	88
C	37.343	13.027	18.024	88
N	38.444	13.56	17.515	89
CA	39.759	13.231	18.044	89
C	40.444	14.499	18.536	89
N	41.045	14.433	19.725	90
CA	41.665	15.614	20.31	90
C	42.925	16.038	19.599	90
N	43.519	15.115	18.85	91
CA	44.778	15.359	18.177	91
C	45.003	14.299	17.128	91
N	46.0	14.516	16.28	92
CA	46.37	13.494	15.314	92
C	46.828	12.22	16.027	92
N	47.556	12.371	17.134	93
CA	47.999	11.202	17.883	93
C	46.821	10.358	18.34	93
N	45.763	11.029	18.782	94
CA	44.562	10.371	19.261	94
C	43.881	9.628	18.13	94
N	43.856	10.251	16.956	95
CA	43.309	9.593	15.777	95
C	44.049	8.296	15.481	95
N	45.377	8.356	15.508	96
CA	46.192	7.179	15.207	96
C	45.962	6.04	16.197	96
N	45.795	6.374	17.474	97
CA	45.537	5.351	18.488	97
C	44.164	4.718	18.334	97
N	43.258	5.429	17.671	98
CA	41.92	4.918	17.428	98
C	41.869	4.109	16.135	98
N	42.995	4.043	15.431	99
CA	43.079	3.335	14.157	99
C	43.353	1.854	14.394	99
N	42.371	0.987	14.089	100
CA	42.546	-0.455	14.327	100
C	43.839	-0.987	13.717	100
N	44.465	-1.939	14.396	101
CA	45.679	-2.537	13.863	101
C	45.427	-3.084	12.464	101
N	46.302	-2.732	11.527	102
CA	46.158	-3.171	10.15	102
C	45.294	-2.287	9.267	102
N	44.59	-1.329	9.864	103
CA	43.699	-0.455	9.088	103
C	44.49	0.391	8.084	103
N	43.874	0.672	6.933	104
CA	44.554	1.449	5.884	104
C	44.128	2.903	5.913	104
N	45.093	3.795	5.715	105
CA	44.806	5.212	5.553	105
C	45.335	5.67	4.208	105
N	44.52	6.427	3.478	106
CA	44.97	7.11	2.274	106
C	44.966	8.608	2.556	106
N	46.107	9.262	2.344	107
CA	46.218	10.708	2.55	107
C	45.989	11.428	1.224	107
N	44.955	12.26	1.165	108
CA	44.629	12.929	-0.082	108
C	45.365	14.25	-0.187	108
N	46.044	14.44	-1.31	109
CA	46.839	15.64	-1.497	109
C	46.889	16.001	-2.964	109
N	46.822	17.299	-3.266	110
CA	47.034	17.772	-4.636	110
C	48.473	17.512	-5.101	110
N	49.369	17.228	-4.16	111
CA	50.739	16.832	-4.482	111
C	50.939	15.312	-4.379	111
N	49.839	14.562	-4.333	112
CA	49.911	13.127	-4.067	112
C	50.626	12.335	-5.151	112
N	51.077	11.134	-4.789	113
CA	51.963	10.314	-5.627	113
C	51.239	9.535	-6.711	113
N	50.065	9.012	-6.368	114
CA	49.282	8.21	-7.301	114
C	47.899	8.805	-7.515	114
N	47.342	8.591	-8.699	115
CA	45.993	9.031	-8.975	115
C	44.994	8.272	-8.125	115
N	43.966	8.98	-7.67	116
CA	42.79	8.361	-7.07	116
C	42.339	7.088	-7.806	116
N	42.341	7.125	-9.138	117
CA	41.75	6.037	-9.924	117
C	42.668	4.826	-10.021	117
N	43.896	4.959	-9.52	118
CA	44.798	3.814	-9.431	118
C	44.624	3.038	-8.127	118
N	44.0	3.663	-7.127	119
CA	43.755	2.983	-5.847	119
C	42.688	1.909	-5.984	119
N	42.829	0.843	-5.2	120
CA	41.794	-0.162	-5.094	120
C	41.276	-0.181	-3.663	120
N	40.129	0.444	-3.443	121
CA	39.648	0.64	-2.088	121
C	39.047	-0.63	-1.494	121
N	39.067	-0.693	-0.167	122
CA	38.523	-1.823	0.582	122
C	37.601	-1.332	1.674	122
N	36.619	-2.16	2.018	123
CA	35.795	-1.934	3.2	123
C	36.65	-1.551	4.409	123
N	36.291	-0.459	5.072	124
CA	37.004	-0.06	6.272	124
C	38.194	0.874	6.082	124
N	38.553	1.166	4.832	125
CA	39.617	2.139	4.55	125
C	39.305	3.487	5.181	125
N	40.347	4.192	5.615	126
CA	40.223	5.574	6.083	126
C	40.724	6.535	5.017	126
N	39.898	7.528	4.685	127
CA	40.268	8.559	3.716	127
C	40.526	9.857	4.46	127
N	41.77	10.337	4.393	128
CA	42.236	11.471	5.184	128
C	42.441	12.721	4.343	128
N	41.855	13.831	4.785	129
CA	41.924	15.098	4.058	129
C	42.434	16.202	4.951	129
N	43.084	17.187	4.345	130
CA	43.704	18.257	5.102	130
C	42.874	19.524	5.168	130
N	43.381	20.52	5.908	131
CA	42.719	21.817	6.072	131
C	42.749	22.641	4.784	131
N	41.704	23.432	4.57	132
CA	41.545	24.23	3.363	132
C	42.754	25.131	3.04	132
N	43.327	25.762	4.063	133
CA	44.322	26.81	3.858	133
C	45.752	26.303	3.656	133
N	46.024	25.043	3.982	134
CA	47.389	24.55	3.796	134
C	47.552	23.061	3.595	134
N	46.468	22.309	3.691	135
CA	46.555	20.881	3.458	135
C	47.262	20.146	4.587	135
N	47.41	18.833	4.425	136
CA	48.083	18.009	5.411	136
C	49.541	18.398	5.567	136
N	50.038	18.363	6.81	137
CA	51.448	18.586	7.137	137
C	52.354	17.611	6.409	137
N	53.569	18.04	6.08	138
CA	54.493	17.19	5.351	138
C	54.732	15.873	6.081	138
N	54.795	15.94	7.411	139
CA	55.045	14.765	8.237	139
C	53.905	13.748	8.137	139
N	52.693	14.244	7.919	140
CA	51.535	13.367	7.779	140
C	51.529	12.778	6.373	140
N	51.777	13.621	5.374	141
CA	51.893	13.137	3.994	141
C	52.966	12.061	3.871	141
N	54.037	12.191	4.652	142
CA	55.146	11.244	4.558	142
C	54.771	9.879	5.122	142
N	53.803	9.87	6.027	143
CA	53.45	8.668	6.752	143
C	52.543	7.676	6.029	143
N	51.731	8.172	5.108	144
CA	50.73	7.351	4.434	144
C	50.908	7.398	2.925	144
N	50.42	6.365	2.211	145
CA	50.324	6.508	0.76	145
C	49.445	7.703	0.421	145
N	49.873	8.505	-0.545	146
CA	49.122	9.696	-0.921	146
C	48.433	9.525	-2.262	146
N	47.226	10.072	-2.346	147
CA	46.425	9.977	-3.56	147
C	46.106	11.386	-4.026	147
N	46.256	11.614	-5.332	148
CA	45.89	12.866	-5.959	148
C	44.676	12.696	-6.861	148
N	43.683	13.554	-6.679	149
CA	42.623	13.686	-7.66	149
C	43.188	14.48	-8.826	149
N	43.149	13.898	-10.037	150
CA	43.816	14.546	-11.168	150
C	43.29	15.95	-11.42	150
N	44.213	16.863	-11.668	151
CA	43.871	18.234	-12.017	151
C	44.75	18.675	-13.182	151
N	44.394	18.248	-14.391	152
CA	45.226	18.614	-15.546	152
C	45.217	20.12	-15.827	152
N	44.134	20.796	-15.456	153
CA	44.053	22.247	-15.575	153
C	44.916	22.985	-14.567	153
N	44.937	24.322	-14.641	154
CA	45.912	25.095	-13.859	154
C	45.641	25.248	-12.356	154
N	44.579	24.645	-11.828	155
CA	44.157	24.854	-10.437	155
C	45.019	24.127	-9.383	155
N	45.263	24.791	-8.253	156
CA	46.154	24.288	-7.208	156
C	45.535	23.164	-6.375	156
N	44.213	23.175	-6.268	157
CA	43.496	22.261	-5.377	157
C	41.999	22.425	-5.564	157
N	41.243	21.378	-5.243	158
CA	39.796	21.45	-5.216	158
C	39.341	21.926	-3.85	158
N	38.1	22.39	-3.793	159
CA	37.459	22.684	-2.524	159
C	37.419	21.411	-1.689	159
N	37.629	21.55	-0.384	160
CA	37.703	20.387	0.514	160
C	36.488	19.459	0.43	160
N	35.273	20.0	0.479	161
CA	34.075	19.164	0.458	161
C	33.909	18.465	-0.897	161
N	34.29	19.153	-1.97	162
CA	34.264	18.54	-3.296	162
C	35.272	17.388	-3.379	162
N	36.491	17.606	-2.882	163
CA	37.519	16.567	-2.933	163
C	37.051	15.341	-2.149	163
N	36.437	15.569	-0.995	164
CA	35.945	14.439	-0.196	164
C	34.876	13.67	-0.945	164
N	33.913	14.387	-1.517	165
CA	32.886	13.756	-2.323	165
C	33.426	12.944	-3.488	165
N	34.39	13.503	-4.217	166
CA	34.95	12.818	-5.38	166
C	35.659	11.524	-4.968	166
N	36.44	11.615	-3.903	167
CA	37.165	10.457	-3.4	167
C	36.21	9.409	-2.85	167
N	35.267	9.848	-2.02	168
CA	34.335	8.926	-1.388	168
C	33.521	8.189	-2.438	168
N	33.053	8.903	-3.46	169
CA	32.181	8.228	-4.415	169
C	32.946	7.339	-5.4	169
N	34.216	7.619	-5.664	170
CA	34.997	6.653	-6.434	170
C	35.15	5.356	-5.63	170
N	35.368	5.475	-4.318	171
CA	35.445	4.27	-3.487	171
C	34.104	3.528	-3.47	171
N	33.01	4.275	-3.38	172
CA	31.678	3.683	-3.424	172
C	31.44	2.943	-4.747	172
N	31.81	3.583	-5.852	173
CA	31.679	2.97	-7.169	173
C	32.444	1.652	-7.233	173
N	33.679	1.67	-6.751	174
CA	34.495	0.453	-6.754	174
C	33.882	-0.681	-5.953	174
N	33.352	-0.361	-4.781	175
CA	32.882	-1.391	-3.87	175
C	31.499	-1.914	-4.216	175
N	30.691	-1.105	-4.891	176
CA	29.357	-1.557	-5.262	176
C	29.404	-2.278	-6.601	176
N	30.596	-2.369	-7.18	177
CA	30.779	-3.117	-8.41	177
C	30.344	-2.413	-9.687	177
N	29.669	-1.273	-9.571	178
CA	29.391	-0.474	-10.763	178
C	30.567	0.454	-11.053	178
