ATOM	X	Y	Z	RESIDUE
N	-58.138	50.22	-26.443	1
CA	-57.475	50.772	-25.255	1
C	-56.538	49.963	-24.333	1
N	-56.495	48.618	-24.636	2
CA	-55.658	47.403	-24.403	2
C	-54.336	46.629	-24.807	2
N	-53.336	46.893	-25.735	3
CA	-51.896	46.51	-26.009	3
C	-51.217	45.095	-26.256	3
N	-50.024	44.997	-26.976	4
CA	-48.732	44.214	-27.02	4
C	-48.516	42.677	-27.168	4
N	-47.25	42.093	-27.369	5
CA	-45.819	42.274	-27.811	5
C	-44.707	41.102	-27.846	5
N	-43.303	41.237	-28.034	6
CA	-41.956	40.64	-27.544	6
C	-41.04	39.446	-28.112	6
N	-40.113	38.413	-27.686	7
CA	-38.837	38.051	-26.874	7
C	-37.935	36.696	-27.018	7
N	-36.822	35.969	-26.399	8
CA	-35.291	35.767	-26.053	8
C	-34.358	34.378	-25.937	8
N	-32.927	33.939	-25.767	9
CA	-32.194	32.523	-25.469	9
C	-30.837	31.469	-25.515	9
N	-29.374	31.269	-25.901	10
CA	-28.053	30.3	-25.618	10
C	-26.504	29.82	-26.198	10
N	-25.265	28.989	-25.8	11
CA	-23.985	28.248	-26.467	11
C	-22.523	27.371	-26.709	11
N	-21.304	26.584	-26.185	12
CA	-19.818	25.915	-26.589	12
C	-18.622	24.775	-26.03	12
N	-17.269	23.947	-26.11	13
CA	-15.644	23.577	-25.872	13
C	-14.387	22.41	-26.255	13
N	-12.961	21.958	-25.781	14
CA	-11.623	20.985	-25.415	14
C	-10.106	20.158	-25.737	14
N	-9.253	18.992	-25.2	15
CA	-7.761	18.266	-25.033	15
C	-6.288	17.518	-25.54	15
N	-5.055	16.802	-24.95	16
CA	-4.021	15.526	-24.976	16
C	-2.341	15.338	-24.627	16
N	-1.023	14.533	-24.666	17
CA	0.597	14.502	-24.395	17
C	1.927	13.487	-24.753	17
N	3.361	13.343	-24.328	18
CA	4.871	12.769	-24.499	18
C	5.901	11.447	-24.656	18
N	7.333	11.112	-24.398	19
CA	8.312	9.841	-24.578	19
C	9.968	9.888	-24.849	19
N	10.877	8.792	-25.242	20
CA	12.163	8.228	-25.721	20
C	11.925	7.111	-26.723	20
N	12.725	7.1	-27.777	21
CA	12.721	5.976	-28.683	21
C	14.09	5.296	-28.692	21
N	14.096	3.971	-28.561	22
CA	15.346	3.226	-28.638	22
C	15.61	2.692	-30.065	22
N	16.841	2.895	-30.535	23
CA	17.241	2.637	-31.92	23
C	17.956	1.298	-32.129	23
N	17.419	0.481	-33.032	24
CA	18.064	-0.766	-33.435	24
C	17.668	-1.947	-32.58	24
N	18.238	-3.109	-32.896	25
CA	17.892	-4.368	-32.226	25
C	18.54	-4.5	-30.85	25
N	17.827	-5.164	-29.944	26
CA	18.329	-5.419	-28.607	26
C	19.449	-6.464	-28.658	26
N	20.641	-6.084	-28.2	27
CA	21.755	-7.035	-28.08	27
C	22.242	-7.093	-26.626	27
N	21.908	-8.186	-25.916	28
CA	22.29	-8.319	-24.513	28
C	23.782	-8.101	-24.269	28
N	24.096	-7.538	-23.11	29
CA	25.468	-7.298	-22.701	29
C	25.896	-8.369	-21.708	29
N	27.204	-8.598	-21.636	30
CA	27.78	-9.57	-20.715	30
C	28.082	-8.998	-19.331	30
N	28.112	-7.676	-19.232	31
CA	28.265	-6.994	-17.952	31
C	27.263	-7.515	-16.922	31
N	27.754	-7.83	-15.726	32
CA	26.897	-8.04	-14.552	32
C	26.842	-6.752	-13.732	32
N	25.657	-6.397	-13.262	33
CA	25.519	-5.277	-12.338	33
C	24.909	-5.787	-11.048	33
N	25.604	-5.52	-9.941	34
CA	25.221	-5.979	-8.614	34
C	24.624	-4.834	-7.808	34
N	23.471	-5.076	-7.205	35
CA	22.95	-4.159	-6.206	35
C	23.248	-4.768	-4.839	35
N	24.227	-4.182	-4.151	36
CA	24.696	-4.682	-2.86	36
C	23.645	-4.317	-1.818	36
N	22.942	-5.313	-1.293	37
CA	21.821	-5.055	-0.393	37
C	22.183	-5.42	1.043	37
N	23.431	-5.146	1.422	38
CA	23.927	-5.495	2.745	38
C	23.728	-4.404	3.792	38
N	23.029	-3.322	3.446	39
CA	22.93	-2.147	4.335	39
C	21.504	-1.91	4.813	39
N	20.738	-2.993	4.835	40
CA	19.365	-3.058	5.334	40
C	19.229	-2.45	6.737	40
N	20.165	-2.763	7.637	41
CA	20.08	-2.296	9.027	41
C	20.38	-0.812	9.242	41
N	20.92	-0.16	8.215	42
CA	21.272	1.257	8.281	42
C	20.127	2.195	7.889	42
N	19.012	1.633	7.431	43
CA	17.906	2.43	6.914	43
C	16.679	2.426	7.834	43
N	15.968	3.554	7.886	44
CA	14.621	3.581	8.474	44
C	13.616	3.024	7.454	44
N	12.369	2.795	7.871	45
CA	11.371	2.135	7.005	45
C	11.062	2.889	5.713	45
N	11.008	4.219	5.79	46
CA	10.817	5.06	4.606	46
C	11.967	4.929	3.6	46
N	13.179	4.706	4.105	47
CA	14.345	4.535	3.246	47
C	14.345	3.17	2.568	47
N	13.866	2.145	3.281	48
CA	13.683	0.806	2.706	48
C	12.684	0.874	1.561	48
N	11.551	1.52	1.807	49
CA	10.489	1.629	0.807	49
C	10.922	2.413	-0.433	49
N	11.659	3.49	-0.199	50
CA	12.249	4.276	-1.269	50
C	13.224	3.417	-2.07	50
N	14.115	2.708	-1.376	51
CA	15.065	1.818	-2.049	51
C	14.387	0.706	-2.844	51
N	13.341	0.125	-2.274	52
CA	12.591	-0.954	-2.921	52
C	12.066	-0.532	-4.292	52
N	11.6	0.71	-4.363	53
CA	11.085	1.31	-5.57	53
C	12.211	1.646	-6.541	53
N	13.388	1.938	-5.997	54
CA	14.562	2.192	-6.818	54
C	15.052	0.893	-7.457	54
N	14.97	-0.207	-6.707	55
CA	15.252	-1.533	-7.27	55
C	14.32	-1.85	-8.446	55
N	13.03	-1.562	-8.285	56
CA	12.052	-1.797	-9.36	56
C	12.386	-0.991	-10.623	56
N	12.835	0.25	-10.449	57
CA	13.206	1.112	-11.584	57
C	14.421	0.6	-12.353	57
N	15.416	0.085	-11.63	58
CA	16.566	-0.566	-12.253	58
C	16.115	-1.671	-13.203	58
N	15.238	-2.555	-12.724	59
CA	14.728	-3.629	-13.563	59
C	13.977	-3.083	-14.781	59
N	13.118	-2.089	-14.562	60
CA	12.402	-1.423	-15.654	60
C	13.353	-0.845	-16.679	60
N	14.391	-0.158	-16.197	61
CA	15.425	0.392	-17.05	61
C	16.154	-0.729	-17.795	61
N	16.391	-1.851	-17.115	62
CA	17.048	-2.998	-17.746	62
C	16.176	-3.68	-18.798	62
N	14.879	-3.779	-18.511	63
CA	13.908	-4.486	-19.353	63
C	13.727	-3.847	-20.736	63
N	13.907	-2.53	-20.814	64
CA	13.752	-1.789	-22.067	64
C	15.097	-1.272	-22.6	64
N	16.191	-1.757	-22.016	65
CA	17.52	-1.332	-22.435	65
C	17.855	-1.918	-23.799	65
N	18.68	-1.206	-24.565	66
CA	19.181	-1.745	-25.82	66
C	20.153	-2.878	-25.523	66
N	20.933	-2.717	-24.452	67
CA	21.877	-3.745	-23.996	67
C	21.615	-4.151	-22.543	67
N	20.587	-4.983	-22.315	68
CA	20.309	-5.432	-20.951	68
C	21.503	-6.174	-20.34	68
N	21.723	-5.948	-19.048	69
CA	22.802	-6.578	-18.289	69
C	22.217	-7.705	-17.457	69
N	23.074	-8.537	-16.879	70
CA	22.61	-9.47	-15.866	70
C	22.587	-8.712	-14.554	70
N	21.397	-8.551	-13.986	71
CA	21.229	-7.786	-12.756	71
C	21.214	-8.713	-11.542	71
N	22.087	-8.444	-10.578	72
CA	22.127	-9.199	-9.326	72
C	21.663	-8.348	-8.146	72
N	21.105	-9.001	-7.14	73
CA	20.877	-8.366	-5.854	73
C	21.447	-9.265	-4.754	73
N	22.571	-8.839	-4.173	74
CA	23.29	-9.651	-3.193	74
C	22.994	-9.245	-1.764	74
N	23.226	-10.176	-0.835	75
CA	22.787	-10.043	0.55	75
C	21.319	-9.671	0.64	75
N	20.547	-10.114	-0.347	76
CA	19.14	-9.736	-0.425	76
C	18.309	-10.477	0.619	76
N	17.485	-9.743	1.348	77
CA	16.701	-10.324	2.422	77
C	16.174	-9.214	3.288	77
N	15.842	-9.549	4.531	78
CA	15.426	-8.564	5.523	78
C	14.226	-7.748	5.098	78
N	14.106	-6.546	5.66	79
CA	12.978	-5.664	5.375	79
C	12.804	-5.324	3.895	79
N	13.905	-5.21	3.159	80
CA	13.809	-4.873	1.745	80
C	13.028	-5.96	1.003	80
N	13.394	-7.215	1.269	81
CA	12.747	-8.375	0.673	81
C	11.254	-8.394	0.977	81
N	10.924	-8.2	2.251	82
CA	9.549	-8.18	2.722	82
C	8.762	-7.079	2.018	82
N	9.361	-5.896	1.921	83
CA	8.715	-4.762	1.277	83
C	8.452	-5.039	-0.196	83
N	9.433	-5.636	-0.871	84
CA	9.293	-6.004	-2.276	84
C	8.112	-6.947	-2.511	84
N	8.028	-8.017	-1.72	85
CA	6.923	-8.962	-1.874	85
C	5.545	-8.342	-1.6	85
N	5.478	-7.464	-0.599	86
CA	4.262	-6.736	-0.244	86
C	3.779	-5.785	-1.358	86
N	4.717	-5.113	-2.017	87
CA	4.391	-4.179	-3.093	87
C	4.13	-4.897	-4.423	87
N	4.901	-5.945	-4.707	88
CA	4.848	-6.604	-6.021	88
C	4.102	-7.945	-6.036	88
N	3.76	-8.439	-4.851	89
CA	2.91	-9.622	-4.69	89
C	3.322	-10.805	-5.568	89
N	4.63	-11.027	-5.663	90
CA	5.172	-12.166	-6.385	90
C	5.722	-11.852	-7.761	90
N	5.441	-10.678	-8.263	91
CA	5.87	-10.306	-9.588	91
C	7.358	-10.41	-9.819	91
N	8.158	-10.145	-8.797	92
CA	9.589	-10.2	-8.93	92
C	10.178	-11.532	-9.431	92
N	9.469	-12.639	-9.204	93
CA	9.838	-13.966	-9.701	93
C	9.79	-14.08	-11.222	93
N	8.917	-13.301	-11.849	94
CA	8.776	-13.369	-13.296	94
C	9.783	-12.481	-14.032	94
N	10.616	-11.747	-13.281	95
CA	11.627	-10.842	-13.864	95
C	12.789	-11.604	-14.468	95
N	13.179	-11.204	-15.671	96
CA	14.268	-11.842	-16.391	96
C	15.573	-11.074	-16.181	96
N	16.704	-11.756	-16.353	97
CA	18.035	-11.178	-16.117	97
C	18.121	-10.557	-14.716	97
N	17.397	-11.167	-13.777	98
CA	17.308	-10.71	-12.403	98
C	17.689	-11.846	-11.454	98
N	18.651	-11.591	-10.572	99
CA	19.198	-12.645	-9.727	99
C	19.332	-12.233	-8.264	99
N	18.241	-12.352	-7.501	100
CA	18.385	-12.046	-6.09	100
C	18.991	-13.252	-5.361	100
N	19.857	-12.986	-4.394	101
CA	20.494	-14.048	-3.629	101
C	20.884	-13.578	-2.235	101
N	20.789	-14.492	-1.271	102
CA	21.178	-14.22	0.108	102
C	22.692	-14.111	0.228	102
N	23.401	-14.633	-0.766	103
CA	24.858	-14.558	-0.801	103
C	25.382	-13.139	-1.0	103
N	26.537	-12.861	-0.409	104
CA	27.246	-11.628	-0.655	104
C	27.822	-11.662	-2.073	104
N	28.181	-10.501	-2.616	105
CA	28.812	-10.477	-3.936	105
C	30.19	-11.131	-3.909	105
N	30.805	-11.154	-2.73	106
CA	32.092	-11.813	-2.542	106
C	31.968	-13.334	-2.685	106
N	30.983	-13.932	-2.012	107
CA	30.677	-15.366	-2.157	107
C	30.245	-15.711	-3.58	107
N	29.303	-14.936	-4.116	108
CA	28.71	-15.162	-5.444	108
C	29.725	-15.092	-6.585	108
N	30.727	-14.228	-6.437	109
CA	31.757	-14.041	-7.451	109
C	33.174	-14.344	-6.923	109
N	33.3	-15.317	-6.045	110
CA	34.578	-15.835	-5.559	110
C	35.578	-16.107	-6.647	110
N	35.151	-16.748	-7.703	111
CA	36.034	-17.054	-8.83	111
C	36.407	-15.826	-9.674	111
N	35.549	-14.81	-9.663	112
CA	35.714	-13.644	-10.528	112
C	35.946	-12.36	-9.739	112
N	36.654	-12.502	-8.62	113
CA	36.943	-11.415	-7.686	113
C	37.665	-10.212	-8.302	113
N	38.585	-10.47	-9.233	114
CA	39.354	-9.4	-9.88	114
C	38.512	-8.578	-10.871	114
N	37.281	-9.03	-11.12	115
CA	36.359	-8.355	-12.034	115
C	35.374	-7.423	-11.329	115
N	35.417	-7.398	-10.001	116
CA	34.512	-6.546	-9.238	116
C	34.978	-5.101	-9.283	116
N	34.045	-4.186	-9.544	117
CA	34.287	-2.762	-9.394	117
C	33.133	-2.166	-8.606	117
N	33.435	-1.647	-7.422	118
CA	32.433	-0.992	-6.61	118
C	32.342	0.468	-6.99	118
N	31.203	0.877	-7.535	119
CA	31.0	2.277	-7.845	119
C	30.812	3.059	-6.556	119
N	31.562	4.149	-6.415	120
CA	31.454	5.009	-5.237	120
C	31.821	6.437	-5.586	120
N	31.056	7.388	-5.069	121
CA	31.351	8.798	-5.277	121
C	32.618	9.235	-4.525	121
N	33.104	8.395	-3.61	122
CA	34.243	8.729	-2.747	122
C	35.558	8.144	-3.279	122
N	35.519	7.565	-4.472	123
CA	36.695	6.916	-5.041	123
C	37.702	7.912	-5.603	123
N	38.987	7.571	-5.51	124
CA	40.038	8.338	-6.195	124
C	39.96	8.095	-7.698	124
N	39.566	6.879	-8.087	125
CA	39.424	6.505	-9.5	125
C	38.186	7.066	-10.176	125
N	38.273	7.26	-11.487	126
CA	37.117	7.64	-12.28	126
C	36.888	6.604	-13.372	126
N	35.631	6.199	-13.506	127
CA	35.21	5.233	-14.497	127
C	35.038	5.993	-15.818	127
N	35.739	5.564	-16.859	128
CA	35.596	6.204	-18.169	128
C	34.828	5.319	-19.143	128
N	34.998	4.013	-18.995	129
CA	34.44	3.051	-19.927	129
C	34.03	1.784	-19.178	129
N	32.899	1.2	-19.571	130
CA	32.447	-0.056	-18.976	130
C	32.96	-1.236	-19.792	130
N	33.623	-2.175	-19.128	131
CA	34.144	-3.368	-19.794	131
C	33.147	-4.511	-19.697	131
N	32.931	-5.195	-20.824	132
CA	32.022	-6.351	-20.903	132
C	32.389	-7.492	-19.939	132
N	33.66	-7.576	-19.551	133
CA	34.122	-8.628	-18.626	133
C	33.969	-8.281	-17.121	133
N	33.638	-7.027	-16.826	134
CA	33.617	-6.545	-15.445	134
C	32.251	-6.684	-14.76	134
N	32.274	-6.572	-13.432	135
CA	31.101	-6.715	-12.586	135
C	30.998	-5.457	-11.728	135
N	30.031	-4.598	-12.034	136
CA	29.905	-3.312	-11.34	136
C	28.882	-3.388	-10.224	136
N	29.278	-2.861	-9.068	137
CA	28.479	-2.923	-7.863	137
C	27.943	-1.55	-7.52	137
N	26.642	-1.502	-7.237	138
CA	25.994	-0.298	-6.743	138
C	25.542	-0.581	-5.315	138
N	25.939	0.28	-4.381	139
CA	25.529	0.121	-2.986	139
C	24.035	0.342	-2.904	139
N	23.307	-0.683	-2.465	140
CA	21.859	-0.574	-2.331	140
C	21.516	0.089	-1.002	140
N	21.601	1.417	-0.995	141
CA	21.292	2.209	0.199	141
C	20.786	3.624	-0.124	141
N	19.737	4.032	0.594	142
CA	19.276	5.41	0.607	142
C	19.706	5.991	1.948	142
N	20.727	6.836	1.922	143
CA	21.229	7.461	3.143	143
C	21.372	8.978	3.005	143
N	20.984	9.509	1.849	144
CA	21.193	10.925	1.518	144
C	22.67	11.305	1.676	144
N	23.544	10.32	1.479	145
CA	24.999	10.441	1.699	145
C	25.42	10.765	3.15	145
N	24.521	10.489	4.092	146
CA	24.815	10.614	5.515	146
C	26.014	9.757	5.945	146
N	26.138	8.552	5.374	147
CA	27.297	7.688	5.64	147
C	28.315	7.825	4.505	147
N	29.048	8.936	4.518	148
CA	30.136	9.161	3.568	148
C	31.187	8.079	3.782	148
N	31.781	7.623	2.679	149
CA	32.808	6.57	2.658	149
C	32.395	5.136	2.991	149
N	31.111	4.926	3.245	150
CA	30.618	3.596	3.553	150
C	31.07	2.57	2.511	150
N	30.768	2.85	1.251	151
CA	31.034	1.898	0.181	151
C	32.502	1.855	-0.25	151
N	33.141	3.024	-0.292	152
CA	34.578	3.12	-0.548	152
C	35.372	2.298	0.463	152
N	34.944	2.357	1.72	153
CA	35.615	1.688	2.815	153
C	35.439	0.177	2.787	153
N	34.211	-0.261	2.515	154
CA	33.89	-1.682	2.437	154
C	34.721	-2.362	1.349	154
N	34.646	-1.81	0.142	155
CA	35.404	-2.283	-1.016	155
C	36.925	-2.27	-0.798	155
N	37.469	-1.149	-0.315	156
CA	38.908	-1.057	-0.033	156
C	39.363	-2.212	0.859	156
N	38.713	-2.354	2.006	157
CA	39.017	-3.408	2.965	157
C	38.9	-4.827	2.398	157
N	38.045	-5.013	1.395	158
CA	37.93	-6.31	0.733	158
C	38.985	-6.478	-0.361	158
N	39.622	-5.378	-0.747	159
CA	40.664	-5.408	-1.766	159
C	40.145	-5.318	-3.19	159
N	38.92	-4.816	-3.356	160
CA	38.373	-4.63	-4.698	160
C	38.391	-3.163	-5.113	160
N	38.534	-2.954	-6.416	161
CA	38.643	-1.64	-7.023	161
C	37.358	-0.825	-6.856	161
N	37.502	0.494	-6.751	162
CA	36.362	1.412	-6.78	162
C	36.525	2.474	-7.878	162
N	35.431	3.152	-8.212	163
CA	35.431	4.189	-9.228	163
C	34.19	5.054	-9.083	163
N	34.357	6.351	-9.305	164
CA	33.24	7.272	-9.353	164
C	32.812	7.528	-10.795	164
N	31.586	8.014	-10.964	165
CA	31.075	8.386	-12.277	165
C	31.743	9.668	-12.784	165
N	32.011	9.745	-14.099	166
CA	32.698	10.922	-14.627	166
C	31.751	12.108	-14.783	166
N	30.916	12.332	-13.769	167
CA	30.153	13.572	-13.672	167
C	31.11	14.587	-13.049	167
N	30.705	15.854	-12.985	168
CA	31.549	16.969	-12.504	168
C	32.392	17.409	-13.705	168
N	31.895	17.096	-14.9	169
CA	32.247	17.846	-16.094	169
C	30.826	18.318	-16.368	169
N	29.871	17.656	-15.708	170
CA	28.442	17.887	-15.905	170
C	27.72	18.598	-14.745	170
N	28.032	18.223	-13.502	171
CA	27.442	18.9	-12.334	171
C	28.559	19.576	-11.526	171
N	28.304	20.809	-11.093	172
CA	29.348	21.64	-10.491	172
C	29.212	21.82	-8.975	172
N	28.218	22.594	-8.544	173
CA	28.121	22.999	-7.14	173
C	27.091	22.194	-6.34	173
N	27.56	21.334	-5.434	174
CA	28.99	21.084	-5.213	174
C	29.224	19.593	-4.981	174
N	28.688	19.096	-3.864	175
CA	28.7	17.671	-3.528	175
C	27.292	17.07	-3.658	175
N	26.553	17.534	-4.667	176
CA	25.301	16.902	-5.09	176
C	25.626	15.94	-6.235	176
N	26.894	15.525	-6.268	177
CA	27.404	14.539	-7.214	177
C	27.06	13.093	-6.807	177
N	26.288	12.939	-5.73	178
CA	25.881	11.623	-5.236	178
C	24.452	11.294	-5.662	178
N	24.346	10.332	-6.571	179
CA	23.078	9.961	-7.186	179
C	22.368	8.817	-6.45	179
N	21.084	8.631	-6.752	180
CA	20.299	7.5	-6.254	180
C	20.709	6.206	-6.977	180
N	20.346	5.056	-6.406	181
CA	20.672	3.745	-6.972	181
C	20.202	3.62	-8.42	181
N	18.921	3.884	-8.663	182
CA	18.372	3.758	-10.017	182
C	18.954	4.748	-11.025	182
N	19.368	5.924	-10.557	183
CA	20.003	6.919	-11.436	183
C	21.346	6.43	-11.963	183
N	22.148	5.844	-11.069	184
CA	23.45	5.29	-11.422	184
C	23.283	4.127	-12.392	184
N	22.344	3.239	-12.085	185
CA	21.998	2.154	-12.997	185
C	21.505	2.655	-14.356	185
N	20.56	3.595	-14.34	186
CA	20.012	4.164	-15.569	186
C	21.123	4.787	-16.417	186
N	22.069	5.453	-15.751	187
CA	23.242	6.057	-16.407	187
C	24.202	5.022	-17.014	187
N	24.473	3.949	-16.276	188
CA	25.339	2.9	-16.781	188
C	24.692	2.246	-17.992	188
N	23.385	2.011	-17.907	189
CA	22.641	1.346	-18.974	189
C	22.629	2.174	-20.253	189
N	22.3	3.454	-20.12	190
CA	22.326	4.382	-21.248	190
C	23.729	4.547	-21.848	190
N	24.768	4.456	-21.015	191
CA	26.129	4.502	-21.536	191
C	26.378	3.327	-22.473	191
N	25.874	2.149	-22.133	192
CA	25.977	1.013	-23.051	192
C	25.269	1.317	-24.374	192
N	24.189	2.088	-24.293	193
CA	23.387	2.477	-25.451	193
C	24.046	3.583	-26.277	193
N	24.492	4.647	-25.612	194
CA	24.959	5.857	-26.297	194
C	26.471	5.935	-26.376	194
N	27.151	5.175	-25.518	195
CA	28.616	5.228	-25.396	195
C	29.087	6.674	-25.216	195
N	28.216	7.478	-24.613	196
CA	28.443	8.895	-24.392	196
C	27.955	9.242	-22.989	196
N	28.856	9.775	-22.172	197
CA	28.543	10.092	-20.786	197
C	27.585	11.263	-20.619	197
N	27.864	12.386	-21.29	198
CA	27.018	13.583	-21.158	198
C	25.571	13.336	-21.596	198
N	25.387	12.636	-22.688	199
CA	24.065	12.292	-23.154	199
C	23.324	11.502	-22.104	199
N	23.967	10.451	-21.621	200
CA	23.418	9.624	-20.548	200
C	22.978	10.468	-19.359	200
N	23.846	11.377	-18.908	201
CA	23.506	12.289	-17.809	201
C	22.296	13.162	-18.148	201
N	22.234	13.627	-19.397	202
CA	21.198	14.562	-19.864	202
C	19.787	13.992	-19.813	202
N	19.681	12.676	-19.968	203
CA	18.389	12.005	-19.974	203
C	17.962	11.546	-18.591	203
N	18.93	11.173	-17.759	204
CA	18.634	10.71	-16.405	204
C	18.554	11.9	-15.454	204
N	19.522	12.808	-15.567	205
CA	19.509	14.059	-14.808	205
C	19.328	15.18	-15.848	205
N	18.09	15.702	-16.004	206
CA	17.874	16.838	-16.913	206
C	17.946	18.115	-16.076	206
N	17.037	19.254	-16.412	207
CA	15.663	19.997	-16.899	207
C	14.21	20.701	-16.445	207
N	12.92	21.14	-17.067	208
CA	11.585	22.041	-17.037	208
C	11.293	23.669	-16.943	208
N	10.329	24.743	-17.28	209
CA	8.945	25.488	-17.046	209
C	8.414	27.04	-17.29	209
N	7.174	27.791	-17.068	210
CA	5.933	28.752	-17.45	210
C	5.452	30.295	-17.924	210
N	4.137	30.92	-17.562	211
CA	2.935	31.936	-17.762	211
C	2.897	33.533	-17.874	211
N	1.952	34.576	-17.56	212
CA	0.874	35.437	-18.271	212
C	-0.188	36.324	-17.432	212
N	-1.365	37.006	-17.801	213
CA	-2.308	38.195	-18.013	213
C	-3.317	39.277	-17.373	213
N	-4.164	40.338	-17.769	214
CA	-5.152	41.117	-16.885	214
C	-5.797	42.431	-17.485	214
N	-6.777	43.206	-16.846	215
CA	-7.347	44.542	-17.27	215
C	-8.748	45.054	-16.763	215
N	-9.378	46.248	-17.023	216
CA	-10.872	46.452	-17.095	216
C	-11.207	47.95	-16.981	216
N	-12.531	48.242	-16.796	217
CA	-13.184	49.054	-15.74	217
C	-12.297	50.149	-16.367	217
N	97.931	-38.383	-61.164	1
CA	97.16	-37.717	-62.226	1
C	96.897	-36.303	-61.705	1
N	96.067	-36.01	-60.708	2
CA	95.552	-34.645	-60.846	2
C	94.545	-34.048	-59.855	2
N	94.146	-34.862	-58.856	3
CA	92.821	-35.048	-58.242	3
C	92.148	-33.753	-57.625	3
N	91.096	-33.646	-56.7	4
CA	90.85	-32.467	-55.822	4
C	89.995	-31.628	-54.754	4
N	88.811	-31.807	-54.003	5
CA	87.839	-31.034	-53.0	5
C	86.91	-29.655	-52.91	5
N	85.698	-29.109	-52.147	6
CA	85.042	-28.572	-50.767	6
C	83.599	-27.756	-50.375	6
N	82.884	-27.351	-49.134	7
CA	81.511	-26.985	-48.395	7
C	80.179	-25.981	-48.364	7
N	79.042	-25.728	-47.405	8
CA	77.725	-25.034	-46.723	8
C	77.003	-23.692	-46.019	8
N	75.848	-23.479	-45.071	9
CA	74.78	-22.332	-44.673	9
C	73.478	-21.903	-43.663	9
N	72.603	-20.888	-42.983	10
CA	72.243	-19.536	-42.225	10
C	71.121	-18.559	-41.465	10
N	69.698	-18.538	-41.179	11
CA	68.449	-17.707	-40.652	11
C	67.735	-16.984	-39.364	11
N	66.361	-16.397	-39.205	12
CA	65.365	-15.935	-38.056	12
C	63.958	-15.337	-37.318	12
N	62.569	-14.823	-37.434	13
CA	61.368	-13.84	-36.99	13
C	60.018	-13.709	-36.024	13
N	59.251	-12.555	-35.455	14
CA	58.179	-12.122	-34.346	14
C	57.118	-10.891	-33.781	14
N	56.175	-10.643	-32.603	15
CA	54.828	-10.095	-31.747	15
C	53.763	-8.794	-31.101	15
N	52.687	-8.269	-29.931	16
CA	51.507	-7.312	-28.984	16
C	50.017	-6.399	-28.554	16
N	49.067	-5.663	-27.423	17
CA	47.57	-5.147	-26.663	17
C	46.713	-3.909	-25.596	17
N	45.284	-3.392	-24.982	18
CA	44.017	-2.685	-23.937	18
C	43.308	-1.247	-23.093	18
N	42.044	-0.426	-22.452	19
CA	41.219	0.4	-21.167	19
C	39.902	1.505	-20.568	19
N	39.337	1.912	-19.116	20
CA	38.081	1.695	-18.333	20
C	38.038	2.569	-17.08	20
N	39.043	2.425	-16.217	21
CA	39.135	3.196	-14.971	21
C	40.456	3.971	-14.899	21
N	40.382	5.26	-14.564	22
CA	41.582	6.111	-14.501	22
C	41.795	6.804	-13.142	22
N	43.059	6.994	-12.769	23
CA	43.429	7.676	-11.526	23
C	44.185	9.005	-11.748	23
N	43.72	10.079	-11.114	24
CA	44.455	11.352	-11.099	24
C	43.739	12.523	-11.749	24
N	44.364	13.7	-11.697	25
CA	43.852	14.864	-12.419	25
C	44.19	14.738	-13.906	25
N	43.298	15.235	-14.753	26
CA	43.525	15.229	-16.184	26
C	44.426	16.401	-16.55	26
N	45.651	16.094	-16.972	27
CA	46.578	17.111	-17.456	27
C	46.894	16.848	-18.922	27
N	46.446	17.745	-19.823	28
CA	46.725	17.575	-21.254	28
C	48.215	17.431	-21.546	28
N	48.549	16.566	-22.506	29
CA	49.931	16.345	-22.909	29
C	50.248	17.189	-24.131	29
N	51.507	17.605	-24.254	30
CA	51.907	18.414	-25.395	30
C	52.269	17.549	-26.605	30
N	52.281	16.227	-26.419	31
CA	52.622	15.312	-27.501	31
C	51.639	15.436	-28.645	31
N	52.18	15.405	-29.854	32
CA	51.399	15.407	-31.072	32
C	51.462	14.022	-31.692	32
N	50.294	13.529	-32.075	33
CA	50.18	12.231	-32.686	33
C	49.433	12.414	-33.962	33
N	50.006	11.849	-35.018	34
CA	49.565	12.086	-36.368	34
C	49.108	10.778	-36.997	34
N	47.876	10.772	-37.492	35
CA	47.411	9.712	-38.358	35
C	47.715	10.096	-39.797	35
N	48.58	9.312	-40.428	36
CA	49.013	9.57	-41.785	36
C	47.997	8.834	-42.642	36
N	47.151	9.604	-43.326	37
CA	46.021	9.056	-44.082	37
C	46.273	9.071	-45.598	37
N	47.524	8.857	-45.981	38
CA	47.938	8.861	-47.381	38
C	47.779	7.529	-48.127	38
N	46.989	6.598	-47.597	39
CA	47.003	5.225	-48.13	39
C	45.686	4.758	-48.77	39
N	44.867	5.735	-49.146	40
CA	43.583	5.516	-49.795	40
C	43.661	4.522	-50.969	40
N	44.611	4.729	-51.879	41
CA	44.751	3.875	-53.067	41
C	45.003	2.402	-52.757	41
N	45.408	2.115	-51.527	42
CA	45.768	0.757	-51.129	42
C	44.617	-0.017	-50.484	42
N	43.482	0.644	-50.286	43
CA	42.404	0.071	-49.49	43
C	41.085	-0.171	-50.233	43
N	40.368	-1.188	-49.74	44
CA	38.94	-1.46	-49.978	44
C	38.006	-0.383	-49.466	44
N	36.755	-0.446	-49.918	45
CA	35.632	0.188	-49.222	45
C	35.432	-0.388	-47.81	45
N	35.617	-1.706	-47.657	46
CA	35.508	-2.374	-46.348	46
C	36.61	-1.905	-45.389	46
N	37.798	-1.696	-45.942	47
CA	38.94	-1.248	-45.173	47
C	38.825	0.239	-44.83	47
N	38.496	1.063	-45.822	48
CA	38.263	2.485	-45.585	48
C	37.252	2.687	-44.457	48
N	36.2	1.866	-44.448	49
CA	35.149	1.959	-43.438	49
C	35.634	1.548	-42.06	49
N	36.373	0.447	-41.989	50
CA	36.969	0.059	-40.722	50
C	37.876	1.167	-40.177	50
N	38.754	1.682	-41.036	51
CA	39.685	2.751	-40.678	51
C	38.955	3.94	-40.065	51
N	37.847	4.34	-40.689	52
CA	37.041	5.451	-40.19	52
C	36.526	5.227	-38.772	52
N	36.198	3.981	-38.453	53
CA	35.726	3.639	-37.125	53
C	36.902	3.614	-36.141	53
N	38.064	3.179	-36.628	54
CA	39.301	3.2	-35.854	54
C	39.737	4.629	-35.521	54
N	39.635	5.526	-36.499	55
CA	39.912	6.939	-36.277	55
C	38.979	7.524	-35.212	55
N	37.703	7.146	-35.283	56
CA	36.713	7.552	-34.284	56
C	37.056	7.031	-32.887	56
N	37.578	5.805	-32.789	57
CA	37.969	5.246	-31.485	57
C	39.19	5.97	-30.892	57
N	40.043	6.511	-31.763	58
CA	41.183	7.314	-31.334	58
C	40.676	8.564	-30.645	58
N	39.782	9.286	-31.312	59
CA	39.21	10.483	-30.726	59
C	38.496	10.223	-29.393	59
N	37.735	9.13	-29.33	60
CA	37.032	8.708	-28.117	60
C	37.976	8.414	-26.961	60
N	39.028	7.637	-27.231	61
CA	40.005	7.305	-26.195	61
C	40.776	8.538	-25.738	61
N	41.005	9.466	-26.656	62
CA	41.706	10.702	-26.339	62
C	40.822	11.638	-25.509	62
N	39.513	11.601	-25.762	63
CA	38.571	12.394	-24.979	63
C	38.581	12.013	-23.497	63
N	38.666	10.72	-23.194	64
CA	38.598	10.264	-21.799	64
C	39.964	9.99	-21.159	64
N	41.039	10.308	-21.878	65
CA	42.407	10.018	-21.431	65
C	42.797	10.86	-20.229	65
N	43.701	10.335	-19.401	66
CA	44.32	11.114	-18.33	66
C	45.174	12.236	-18.927	66
N	45.839	11.937	-20.045	67
CA	46.632	12.935	-20.738	67
C	46.216	13.022	-22.209	67
N	45.207	13.846	-22.509	68
CA	44.817	13.988	-23.906	68
C	45.926	14.648	-24.728	68
N	46.085	14.189	-25.965	69
CA	47.103	14.686	-26.879	69
C	46.45	15.519	-27.975	69
N	47.238	16.305	-28.706	70
CA	46.729	16.921	-29.915	70
C	46.801	15.888	-31.015	70
N	45.636	15.539	-31.545	71
CA	45.539	14.527	-32.58	71
C	45.417	15.163	-33.96	71
N	46.255	14.715	-34.888	72
CA	46.252	15.217	-36.259	72
C	45.915	14.108	-37.246	72
N	45.258	14.484	-38.335	73
CA	45.014	13.565	-39.428	73
C	45.429	14.272	-40.697	73
N	46.585	13.87	-41.22	74
CA	47.222	14.508	-42.356	74
C	46.901	13.727	-43.631	74
N	47.095	14.359	-44.795	75
CA	46.612	13.829	-46.084	75
C	45.16	13.389	-45.993	75
N	44.41	14.085	-45.156	76
CA	43.064	13.683	-44.842	76
C	42.128	14.1	-45.955	76
N	41.306	13.156	-46.396	77
CA	40.294	13.437	-47.401	77
C	39.866	12.2	-48.152	77
N	39.446	12.41	-49.403	78
CA	39.061	11.33	-50.302	78
C	37.926	10.527	-49.717	78
N	37.993	9.215	-49.901	79
CA	36.949	8.32	-49.43	79
C	36.71	8.433	-47.931	79
N	37.794	8.515	-47.159	80
CA	37.725	8.493	-45.699	80
C	36.978	9.693	-45.12	80
N	37.176	10.868	-45.717	81
CA	36.485	12.083	-45.279	81
C	34.98	11.907	-45.427	81
N	34.574	11.43	-46.606	82
CA	33.178	11.148	-46.955	82
C	32.525	10.209	-45.944	82
N	33.241	9.137	-45.614	83
CA	32.773	8.117	-44.679	83
C	32.719	8.647	-43.242	83
N	33.507	9.687	-42.966	84
CA	33.535	10.309	-41.639	84
C	32.378	11.294	-41.433	84
N	31.762	11.72	-42.534	85
CA	30.584	12.584	-42.489	85
C	29.303	11.759	-42.632	85
N	29.324	10.796	-43.553	86
CA	28.221	9.855	-43.751	86
C	27.737	9.231	-42.443	86
N	28.664	8.627	-41.702	87
CA	28.416	8.216	-40.325	87
C	28.815	9.457	-39.539	87
N	28.155	9.705	-38.408	88
CA	28.411	10.902	-37.591	88
C	28.189	12.152	-38.437	88
N	26.921	12.52	-38.616	89
CA	26.53	13.609	-39.528	89
C	27.035	14.986	-39.071	89
N	28.296	15.275	-39.382	90
CA	28.919	16.542	-38.997	90
C	29.389	16.607	-37.548	90
N	29.097	15.558	-36.775	91
CA	29.482	15.477	-35.357	91
C	30.991	15.57	-35.134	91
N	31.761	15.266	-36.184	92
CA	33.225	15.338	-36.162	92
C	33.75	16.774	-36.141	92
N	32.864	17.733	-36.397	93
CA	33.245	19.148	-36.417	93
C	33.247	19.739	-35.012	93
N	32.58	19.038	-34.095	94
CA	32.552	19.404	-32.676	94
C	33.578	18.614	-31.85	94
N	34.584	18.082	-32.547	95
CA	35.679	17.329	-31.942	95
C	36.8	18.269	-31.506	95
N	37.03	18.334	-30.198	96
CA	38.157	19.083	-29.662	96
C	39.428	18.251	-29.844	96
N	40.583	18.919	-29.828	97
CA	41.896	18.257	-29.855	97
C	42.047	17.322	-31.061	97
N	41.426	17.728	-32.161	98
CA	41.38	16.948	-33.371	98
C	41.621	17.9	-34.523	98
N	42.735	17.7	-35.221	99
CA	43.195	18.635	-36.23	99
C	43.377	17.977	-37.605	99
N	42.288	17.818	-38.373	100
CA	42.441	17.212	-39.695	100
C	42.916	18.223	-40.735	100
N	43.586	17.737	-41.775	101
CA	44.121	18.584	-42.844	101
C	44.568	17.744	-44.03	101
N	44.415	18.307	-45.235	102
CA	44.773	17.616	-46.479	102
C	46.265	17.672	-46.697	102
N	46.945	18.502	-45.915	103
CA	48.392	18.617	-45.989	103
C	49.022	17.322	-45.501	103
N	50.203	17.006	-46.024	104
CA	50.979	15.897	-45.518	104
C	51.592	16.319	-44.179	104
N	52.109	15.353	-43.415	105
CA	52.725	15.667	-42.13	105
C	54.053	16.355	-42.346	105
N	54.637	16.123	-43.517	106
CA	55.882	16.755	-43.883	106
C	55.606	18.255	-44.085	106
N	54.452	18.583	-44.676	107
CA	54.033	19.972	-44.859	107
C	53.626	20.61	-43.529	107
N	52.704	19.962	-42.809	108
CA	52.238	20.42	-41.491	108
C	53.353	20.693	-40.492	108
N	54.391	19.866	-40.511	109
CA	55.472	20.012	-39.542	109
C	56.83	20.268	-40.207	109
N	56.807	20.982	-41.341	110
CA	58.033	21.399	-42.058	110
C	58.953	22.116	-41.096	110
N	58.331	22.923	-40.248	111
CA	58.995	23.613	-39.159	111
C	59.739	22.684	-38.185	111
N	59.362	21.406	-38.129	112
CA	59.87	20.515	-37.079	112
C	60.209	19.084	-37.514	112
N	60.68	18.915	-38.75	113
CA	60.952	17.584	-39.31	113
C	61.76	16.656	-38.406	113
N	62.668	17.213	-37.609	114
CA	63.526	16.382	-36.748	114
C	62.826	15.872	-35.483	114
N	61.601	16.341	-35.254	115
CA	60.8	15.9	-34.12	115
C	59.834	14.774	-34.493	115
N	59.801	14.428	-35.779	116
CA	58.923	13.394	-36.316	116
C	59.492	12.001	-36.071	116
N	58.664	11.116	-35.526	117
CA	59.016	9.701	-35.397	117
C	57.879	8.888	-36.013	117
N	58.182	8.172	-37.088	118
CA	57.189	7.317	-37.693	118
C	57.217	5.959	-36.99	118
N	56.138	5.627	-36.291	119
CA	56.013	4.312	-35.684	119
C	55.801	3.252	-36.75	119
N	56.577	2.187	-36.647	120
CA	56.52	1.092	-37.588	120
C	56.966	-0.166	-36.86	120
N	56.245	-1.275	-37.04	121
CA	56.697	-2.58	-36.504	121
C	57.978	-3.076	-37.169	121
N	58.335	-2.493	-38.309	122
CA	59.485	-2.963	-39.088	122
C	60.742	-2.158	-38.821	122
N	60.705	-1.319	-37.799	123
CA	61.829	-0.444	-37.535	123
C	62.975	-1.225	-36.919	123
N	64.193	-0.735	-37.113	124
CA	65.357	-1.287	-36.432	124
C	65.494	-0.663	-35.045	124
N	64.702	0.372	-34.786	125
CA	64.739	1.065	-33.511	125
C	63.515	0.755	-32.655	125
N	63.563	1.166	-31.386	126
CA	62.497	0.883	-30.423	126
C	62.232	2.077	-29.504	126
N	60.968	2.486	-29.411	127
CA	60.521	3.418	-28.363	127
C	60.774	2.8	-26.986	127
N	61.314	3.584	-26.059	128
CA	61.399	3.166	-24.659	128
C	60.48	4.058	-23.825	128
N	60.376	5.317	-24.247	129
CA	59.514	6.316	-23.621	129
C	59.055	7.325	-24.658	129
N	57.905	7.93	-24.401	130
CA	57.411	9.008	-25.235	130
C	57.935	10.343	-24.702	130
N	58.455	11.175	-25.593	131
CA	58.917	12.503	-25.215	131
C	57.847	13.53	-25.579	131
N	57.609	14.465	-24.664	132
CA	56.615	15.527	-24.821	132
C	56.861	16.415	-26.032	132
N	58.098	16.416	-26.516	133
CA	58.491	17.284	-27.624	133
C	58.403	16.612	-28.995	133
N	58.261	15.284	-29.018	134
CA	58.27	14.557	-30.286	134
C	56.891	14.503	-30.911	134
N	56.873	14.139	-32.186	135
CA	55.658	13.991	-32.959	135
C	55.63	12.558	-33.495	135
N	54.678	11.758	-33.024	136
CA	54.59	10.353	-33.415	136
C	53.563	10.135	-34.491	136
N	53.969	9.407	-35.521	137
CA	53.115	9.118	-36.651	137
C	52.662	7.651	-36.676	137
N	51.359	7.454	-36.863	138
CA	50.771	6.133	-37.061	138
C	50.269	6.06	-38.499	138
N	50.68	5.029	-39.231	139
CA	50.226	4.857	-40.606	139
C	48.743	4.541	-40.57	139
N	47.913	5.416	-41.12	140
CA	46.47	5.212	-41.051	140
C	46.039	4.297	-42.185	140
N	46.319	3.012	-42.017	141
CA	46.011	2.023	-43.032	141
C	45.466	0.765	-42.356	141
N	44.478	0.136	-42.991	142
CA	44.001	-1.185	-42.574	142
C	44.345	-2.245	-43.61	142
N	45.451	-2.953	-43.41	143
CA	45.922	-3.898	-44.419	143
C	46.124	-5.342	-43.967	143
N	45.972	-5.603	-42.67	144
CA	46.302	-6.923	-42.089	144
C	47.768	-7.286	-42.39	144
N	48.622	-6.264	-42.363	145
CA	50.05	-6.346	-42.72	145
C	50.407	-6.959	-44.089	145
N	49.461	-6.921	-45.022	146
CA	49.724	-7.262	-46.423	146
C	50.874	-6.444	-47.036	146
N	50.965	-5.158	-46.709	147
CA	52.044	-4.331	-47.245	147
C	53.191	-4.168	-46.253	147
N	54.045	-5.18	-46.169	148
CA	55.142	-5.158	-45.206	148
C	56.186	-4.102	-45.577	148
N	56.733	-3.445	-44.55	149
CA	57.738	-2.389	-44.682	149
C	57.264	-1.142	-45.413	149
N	55.955	-0.969	-45.564	150
CA	55.41	0.173	-46.303	150
C	55.78	1.488	-45.596	150
N	55.406	1.595	-44.325	151
CA	55.671	2.769	-43.523	151
C	57.172	2.923	-43.227	151
N	57.874	1.802	-43.021	152
CA	59.333	1.807	-42.921	152
C	59.981	2.483	-44.117	152
N	59.547	2.102	-45.318	153
CA	60.159	2.594	-46.556	153
C	59.81	4.033	-46.797	153
N	58.577	4.401	-46.459	154
CA	58.129	5.756	-46.664	154
C	58.946	6.706	-45.783	154
N	59.003	6.413	-44.485	155
CA	59.683	7.279	-43.532	155
C	61.179	7.438	-43.86	155
N	61.855	6.314	-44.088	156
CA	63.272	6.303	-44.453	156
C	63.606	7.103	-45.716	156
N	62.729	7.074	-46.717	157
CA	62.944	7.835	-47.941	157
C	62.817	9.342	-47.685	157
N	61.954	9.71	-46.747	158
CA	61.801	11.1	-46.336	158
C	62.914	11.522	-45.368	158
N	63.72	10.564	-44.932	159
CA	64.737	10.824	-43.93	159
C	64.215	11.05	-42.516	159
N	63.077	10.46	-42.163	160
CA	62.611	10.62	-40.788	160
C	62.832	9.353	-39.969	160
N	63.141	9.531	-38.686	161
CA	63.39	8.406	-37.785	161
C	62.14	7.518	-37.635	161
N	62.35	6.209	-37.53	162
CA	61.284	5.256	-37.246	162
C	61.539	4.525	-35.935	162
N	60.49	3.953	-35.362	163
CA	60.61	3.213	-34.117	163
C	59.445	2.263	-33.993	163
N	59.678	1.117	-33.362	164
CA	58.603	0.196	-33.023	164
C	58.28	0.279	-31.544	164
N	57.111	-0.235	-31.17	165
CA	56.72	-0.281	-29.762	165
C	57.443	-1.438	-29.052	165
N	57.743	-1.275	-27.753	166
CA	58.451	-2.334	-27.018	166
C	57.466	-3.374	-26.471	166
N	56.772	-4.05	-27.385	167
CA	55.626	-4.903	-27.06	167
C	55.72	-6.335	-27.639	167
N	56.87	-6.711	-28.12	168
CA	57.114	-8.029	-28.588	168
C	56.601	-9.135	-27.65	168
N	57.044	-9.11	-26.414	169
CA	56.704	-10.109	-25.472	169
C	55.208	-10.265	-25.25	169
N	54.48	-9.18	-25.295	170
CA	53.045	-9.215	-25.039	170
C	52.256	-9.643	-26.281	170
N	52.826	-9.397	-27.461	171
CA	52.278	-9.916	-28.72	171
C	52.471	-11.436	-28.82	171
N	53.59	-11.921	-28.287	172
CA	53.895	-13.35	-28.292	172
C	52.913	-14.159	-27.444	172
N	52.634	-13.702	-26.223	173
CA	51.683	-14.407	-25.363	173
C	50.258	-14.341	-25.909	173
N	49.969	-13.296	-26.688	174
CA	48.633	-13.087	-27.246	174
C	48.539	-13.555	-28.709	174
N	47.363	-13.393	-29.305	175
CA	47.076	-14.084	-30.56	175
C	47.773	-13.562	-31.818	175
N	47.788	-12.253	-32.03	176
CA	48.488	-11.707	-33.202	176
C	49.143	-10.376	-33.13	176
N	49.988	-10.186	-34.12	177
CA	50.685	-8.904	-34.297	177
C	50.014	-8.021	-35.359	177
N	48.711	-8.197	-35.56	178
CA	47.946	-7.223	-36.332	178
C	47.349	-6.208	-35.35	178
N	48.155	-5.203	-35.022	179
CA	47.706	-4.073	-34.207	179
C	47.154	-2.991	-35.107	179
N	45.918	-2.598	-34.835	180
CA	45.232	-1.569	-35.602	180
C	45.654	-0.152	-35.194	180
N	45.213	0.825	-35.977	181
CA	45.47	2.236	-35.715	181
C	45.031	2.646	-34.303	181
N	43.808	2.287	-33.914	182
CA	43.328	2.667	-32.589	182
C	44.044	1.978	-31.441	182
N	44.445	0.725	-31.639	183
CA	45.11	-0.031	-30.584	183
C	46.468	0.556	-30.29	183
N	47.188	0.93	-31.35	184
CA	48.474	1.607	-31.235	184
C	48.28	2.934	-30.503	184
N	47.308	3.716	-30.957	185
CA	47.028	4.996	-30.332	185
C	46.7	4.836	-28.842	185
N	45.825	3.872	-28.535	186
CA	45.379	3.646	-27.16	186
C	46.523	3.164	-26.311	186
N	47.486	2.485	-26.921	187
CA	48.62	1.988	-26.149	187
C	49.503	3.161	-25.733	187
N	49.737	4.075	-26.667	188
CA	50.474	5.293	-26.398	188
C	49.764	6.091	-25.317	188
N	48.463	6.271	-25.498	189
CA	47.632	7.052	-24.592	189
C	47.719	6.495	-23.184	189
N	47.497	5.188	-23.036	190
CA	47.612	4.549	-21.718	190
C	49.029	4.548	-21.14	190
N	50.057	4.522	-21.995	191
CA	51.437	4.654	-21.487	191
C	51.677	5.976	-20.771	191
N	51.103	7.064	-21.288	192
CA	51.223	8.367	-20.621	192
C	50.656	8.307	-19.201	192
N	49.614	7.504	-19.018	193
CA	49.006	7.306	-17.705	193
C	49.82	6.347	-16.841	193
N	50.146	5.177	-17.37	194
CA	50.764	4.131	-16.557	194
C	52.285	4.186	-16.493	194
N	52.91	4.691	-17.554	195
CA	54.373	4.647	-17.733	195
C	54.905	3.215	-17.659	195
N	54.106	2.294	-18.196	196
CA	54.356	0.863	-18.123	196
C	53.755	0.305	-19.412	196
N	54.596	-0.297	-20.248	197
CA	54.156	-0.772	-21.577	197
C	53.299	-2.036	-21.468	197
N	53.648	-2.929	-20.535	198
CA	52.851	-4.144	-20.292	198
C	51.418	-3.842	-19.864	198
N	51.262	-3.028	-18.817	199
CA	49.931	-2.618	-18.377	199
C	49.18	-2.007	-19.544	199
N	49.823	-1.074	-20.245	200
CA	49.202	-0.418	-21.398	200
C	48.743	-1.415	-22.461	200
N	49.618	-2.338	-22.851	201
CA	49.248	-3.357	-23.843	201
C	48.112	-4.267	-23.356	201
N	48.281	-4.849	-22.164	202
CA	47.297	-5.787	-21.61	202
C	45.905	-5.179	-21.459	202
N	45.852	-3.86	-21.282	203
CA	44.594	-3.126	-21.247	203
C	43.903	-3.047	-22.605	203
N	44.681	-2.953	-23.683	204
CA	44.127	-2.646	-25.015	204
C	43.752	-3.889	-25.826	204
N	44.589	-4.915	-25.764	205
CA	44.35	-6.13	-26.529	205
C	43.684	-7.164	-25.621	205
N	42.399	-7.486	-25.903	206
CA	41.612	-8.406	-25.068	206
C	42.158	-9.836	-25.118	206
N	41.031	-10.932	-25.207	207
CA	39.926	-12.149	-24.992	207
C	39.588	-13.8	-24.632	207
N	38.567	-14.873	-25.024	208
CA	37.357	-15.941	-24.646	208
C	36.516	-17.318	-25.353	208
N	35.371	-18.31	-25.019	209
CA	34.689	-19.811	-24.969	209
C	34.22	-21.159	-25.867	209
N	33.331	-22.308	-25.587	210
CA	32.908	-23.751	-26.139	210
C	31.792	-24.871	-25.603	210
N	31.212	-26.174	-26.093	211
CA	31.115	-27.774	-25.974	211
C	29.734	-28.694	-26.193	211
N	29.149	-30.048	-26.027	212
CA	29.011	-31.418	-25.28	212
C	28.285	-32.858	-24.966	212
N	27.275	-33.876	-25.139	213
CA	26.588	-34.921	-25.995	213
C	25.484	-36.092	-25.99	213
N	24.544	-36.657	-25.139	214
CA	23.665	-37.88	-25.367	214
C	24.356	-39.23	-25.699	214
N	23.656	-40.356	-25.437	215
CA	24.082	-41.763	-25.353	215
C	22.751	-42.525	-25.548	215
N	22.613	-43.875	-25.432	216
CA	21.942	-45.103	-25.915	216
C	22.216	-46.086	-27.073	216
N	21.013	-46.646	-27.314	217
CA	20.671	-47.906	-26.604	217
C	21.469	-49.174	-26.987	217
