ATOM	X	Y	Z	RESIDUE
N	4.377	1.283	36.508	1
CA	5.108	2.246	35.658	1
C	4.841	1.844	34.225	1
N	4.316	2.747	33.397	2
CA	4.213	2.503	31.961	2
C	5.617	2.204	31.419	2
N	5.817	1.007	30.868	3
CA	7.08	0.635	30.237	3
C	7.284	1.41	28.937	3
N	8.541	1.582	28.538	4
CA	8.876	1.975	27.168	4
C	9.058	0.733	26.301	4
N	8.841	0.877	24.999	5
CA	9.072	-0.174	24.011	5
C	9.553	0.434	22.691	5
N	10.147	-0.394	21.834	6
CA	10.575	0.003	20.496	6
C	9.571	-0.494	19.459	6
N	9.253	0.356	18.488	7
CA	8.458	-0.017	17.324	7
C	9.135	0.458	16.044	7
N	9.062	-0.35	14.99	8
CA	9.807	-0.127	13.751	8
C	8.89	-0.213	12.543	8
N	9.036	0.733	11.616	9
CA	8.42	0.667	10.289	9
C	9.466	0.901	9.206	9
N	9.268	0.29	8.039	10
CA	10.063	0.558	6.841	10
C	9.235	1.229	5.742	10
N	9.928	1.9	4.828	11
CA	9.396	2.452	3.586	11
C	10.429	2.277	2.482	11
N	9.977	2.359	1.236	12
CA	10.837	2.304	0.056	12
C	10.522	3.456	-0.899	12
N	11.496	3.836	-1.721	13
CA	11.359	4.896	-2.715	13
C	10.675	4.437	-3.999	13
N	10.393	5.402	-4.875	14
CA	9.711	5.192	-6.161	14
C	10.434	4.205	-7.091	14
N	11.752	4.034	-6.945	15
CA	12.545	3.121	-7.767	15
C	12.749	1.727	-7.196	15
N	12.255	1.44	-5.989	16
CA	12.268	0.069	-5.487	16
C	11.46	-0.816	-6.449	16
N	11.947	-1.996	-6.87	17
CA	11.344	-2.739	-7.978	17
C	9.877	-3.125	-7.74	17
N	9.497	-3.514	-6.519	18
CA	8.073	-3.698	-6.175	18
C	7.252	-2.405	-6.322	18
N	7.81	-1.246	-5.939	19
CA	7.12	0.037	-6.093	19
C	7.077	0.549	-7.519	19
N	8.017	0.16	-8.376	20
CA	7.868	0.347	-9.824	20
C	6.626	-0.408	-10.305	20
N	6.443	-1.655	-9.863	21
CA	5.314	-2.486	-10.275	21
C	3.977	-1.899	-9.814	21
N	3.877	-1.488	-8.547	22
CA	2.692	-0.795	-8.031	22
C	2.345	0.456	-8.85	22
N	3.338	1.31	-9.114	23
CA	3.133	2.532	-9.892	23
C	2.734	2.234	-11.341	23
N	3.328	1.233	-11.994	24
CA	2.939	0.851	-13.363	24
C	1.507	0.319	-13.392	24
N	1.152	-0.556	-12.45	25
CA	-0.201	-1.089	-12.297	25
C	-1.239	0.027	-12.122	25
N	-0.976	1.013	-11.259	26
CA	-1.897	2.138	-11.064	26
C	-1.869	3.178	-12.189	26
N	-0.756	3.339	-12.91	27
CA	-0.732	4.166	-14.117	27
C	-1.645	3.593	-15.214	27
N	-1.709	2.263	-15.329	28
CA	-2.614	1.58	-16.26	28
C	-4.063	1.711	-15.792	28
N	-4.33	1.553	-14.491	29
CA	-5.655	1.811	-13.923	29
C	-6.124	3.243	-14.211	29
N	-5.285	4.242	-13.941	30
CA	-5.612	5.644	-14.199	30
C	-5.878	5.889	-15.69	30
N	-5.096	5.28	-16.587	31
CA	-5.342	5.375	-18.025	31
C	-6.698	4.767	-18.433	31
N	-7.114	3.659	-17.809	32
CA	-8.446	3.087	-18.023	32
C	-9.545	4.046	-17.541	32
N	-9.432	4.54	-16.304	33
CA	-10.461	5.364	-15.659	33
C	-10.588	6.768	-16.255	33
N	-9.533	7.281	-16.89	34
CA	-9.573	8.559	-17.59	34
C	-10.527	8.547	-18.801	34
N	-10.695	7.399	-19.464	35
CA	-11.582	7.24	-20.628	35
C	-12.879	6.489	-20.291	35
N	-12.817	5.527	-19.368	36
CA	-13.945	4.711	-18.927	36
C	-13.952	4.577	-17.391	36
N	-14.687	5.456	-16.68	37
CA	-14.81	5.432	-15.218	37
C	-15.366	4.123	-14.631	37
N	-15.95	3.248	-15.458	38
CA	-16.51	1.961	-15.034	38
C	-15.628	0.761	-15.402	38
N	-14.4	1.015	-15.865	39
CA	-13.399	-0.01	-16.168	39
C	-13.255	-1.026	-15.037	39
N	-13.135	-2.302	-15.407	40
CA	-12.786	-3.396	-14.5	40
C	-11.317	-3.72	-14.709	40
N	-10.505	-3.53	-13.677	41
CA	-9.044	-3.622	-13.757	41
C	-8.533	-4.493	-12.611	41
N	-7.738	-5.497	-12.964	42
CA	-6.905	-6.315	-12.091	42
C	-5.536	-6.471	-12.777	42
N	-4.761	-5.386	-12.771	43
CA	-3.514	-5.262	-13.514	43
C	-2.308	-5.521	-12.61	43
N	-1.662	-6.661	-12.79	44
CA	-0.415	-7.012	-12.127	44
C	0.789	-6.58	-12.967	44
N	1.883	-6.241	-12.288	45
CA	3.156	-5.915	-12.926	45
C	4.278	-6.728	-12.289	45
N	5.166	-7.265	-13.123	46
CA	6.431	-7.859	-12.715	46
C	7.604	-7.111	-13.354	46
N	8.678	-6.911	-12.594	47
CA	9.889	-6.245	-13.055	47
C	11.134	-7.097	-12.792	47
N	12.009	-7.209	-13.793	48
CA	13.376	-7.738	-13.643	48
C	14.287	-7.08	-14.675	48
N	15.574	-7.414	-14.699	49
CA	16.585	-6.83	-15.593	49
C	16.07	-6.636	-17.022	49
N	15.901	-5.373	-17.424	50
CA	15.463	-4.999	-18.769	50
C	14.029	-5.395	-19.135	50
N	13.184	-5.798	-18.184	51
CA	11.827	-6.282	-18.443	51
C	10.812	-5.665	-17.483	51
N	9.708	-5.181	-18.049	52
CA	8.425	-5.016	-17.368	52
C	7.42	-5.944	-18.045	52
N	6.748	-6.782	-17.267	53
CA	5.624	-7.588	-17.726	53
C	4.365	-7.093	-17.036	53
N	3.37	-6.727	-17.829	54
CA	2.031	-6.366	-17.375	54
C	1.112	-7.543	-17.685	54
N	0.354	-8.02	-16.703	55
CA	-0.51	-9.191	-16.852	55
C	-1.74	-9.123	-15.942	55
N	-2.749	-9.947	-16.218	56
CA	-4.013	-9.974	-15.476	56
C	-5.208	-9.631	-16.36	56
N	-6.236	-9.018	-15.777	57
CA	-7.542	-8.886	-16.418	57
C	-8.011	-7.429	-16.496	57
N	-8.311	-6.957	-17.708	58
CA	-8.853	-5.619	-17.954	58
C	-10.034	-5.703	-18.921	58
N	-11.195	-5.253	-18.45	59
CA	-12.384	-5.009	-19.273	59
C	-12.718	-3.526	-19.21	59
N	-12.456	-2.823	-20.308	60
CA	-12.584	-1.366	-20.425	60
C	-12.96	-0.972	-21.85	60
N	-13.596	0.192	-22.006	61
CA	-13.789	0.857	-23.305	61
C	-12.591	1.72	-23.721	61
N	-11.638	1.952	-22.817	62
CA	-10.457	2.772	-23.06	62
C	-9.537	2.163	-24.13	62
N	-8.893	3.009	-24.935	63
CA	-7.852	2.576	-25.871	63
C	-6.465	2.823	-25.278	63
N	-5.825	1.755	-24.804	64
CA	-4.576	1.857	-24.052	64
C	-3.342	1.646	-24.935	64
N	-2.396	2.582	-24.865	65
CA	-1.015	2.361	-25.298	65
C	-0.169	1.914	-24.096	65
N	-0.164	0.604	-23.83	66
CA	0.604	0.018	-22.727	66
C	2.099	0.346	-22.805	66
N	2.685	0.387	-24.011	67
CA	4.103	0.719	-24.179	67
C	4.37	2.128	-23.66	67
N	3.554	3.099	-24.075	68
CA	3.703	4.486	-23.645	68
C	3.465	4.648	-22.145	68
N	2.377	4.093	-21.602	69
CA	2.026	4.225	-20.176	69
C	3.15	3.67	-19.291	69
N	3.612	2.446	-19.57	70
CA	4.689	1.797	-18.808	70
C	5.979	2.621	-18.877	70
N	6.381	3.044	-20.08	71
CA	7.629	3.791	-20.29	71
C	7.594	5.18	-19.656	71
N	6.476	5.893	-19.745	72
CA	6.32	7.209	-19.119	72
C	6.39	7.116	-17.587	72
N	5.823	6.063	-16.992	73
CA	5.922	5.811	-15.546	73
C	7.371	5.575	-15.114	73
N	8.111	4.709	-15.814	74
CA	9.532	4.426	-15.514	74
C	10.397	5.683	-15.695	74
N	10.101	6.486	-16.726	75
CA	10.744	7.782	-16.959	75
C	10.535	8.73	-15.776	75
N	9.306	8.844	-15.256	76
CA	8.973	9.7	-14.099	76
C	9.689	9.262	-12.813	76
N	9.844	7.953	-12.616	77
CA	10.598	7.372	-11.493	77
C	12.084	7.77	-11.576	77
N	12.642	7.836	-12.789	78
CA	13.997	8.331	-13.065	78
C	14.986	7.264	-13.54	78
N	14.481	6.116	-14.003	79
CA	15.26	5.088	-14.697	79
C	15.294	5.376	-16.2	79
N	16.302	6.137	-16.606	80
CA	16.445	6.736	-17.932	80
C	17.828	6.508	-18.556	80
N	18.645	5.618	-17.996	81
CA	19.952	5.288	-18.551	81
C	20.42	3.91	-18.077	81
N	21.088	3.176	-18.965	82
CA	21.711	1.886	-18.651	82
C	22.683	1.938	-17.461	82
N	23.353	3.072	-17.223	83
CA	24.227	3.302	-16.072	83
C	23.482	3.284	-14.725	83
N	22.152	3.444	-14.729	84
CA	21.297	3.306	-13.538	84
C	20.805	1.867	-13.328	84
N	21.132	0.949	-14.242	85
CA	20.687	-0.449	-14.244	85
C	19.331	-0.688	-14.922	85
N	18.618	0.372	-15.321	86
CA	17.321	0.284	-15.993	86
C	17.018	1.561	-16.794	86
N	16.386	1.42	-17.961	87
CA	16.099	2.535	-18.87	87
C	14.746	2.367	-19.578	87
N	13.851	3.342	-19.39	88
CA	12.53	3.376	-20.024	88
C	12.57	3.351	-21.559	88
N	13.668	3.793	-22.188	89
CA	13.784	3.839	-23.656	89
C	14.054	2.468	-24.265	89
N	14.714	1.584	-23.52	90
CA	15.298	0.345	-24.057	90
C	14.8	-0.92	-23.366	90
N	14.086	-0.813	-22.238	91
CA	13.491	-1.982	-21.595	91
C	12.455	-2.673	-22.499	91
N	12.359	-3.991	-22.357	92
CA	11.284	-4.795	-22.906	92
C	10.006	-4.573	-22.085	92
N	8.881	-4.392	-22.773	93
CA	7.552	-4.3	-22.162	93
C	6.703	-5.411	-22.766	93
N	6.382	-6.408	-21.946	94
CA	5.542	-7.552	-22.29	94
C	4.134	-7.321	-21.743	94
N	3.115	-7.655	-22.533	95
CA	1.707	-7.48	-22.159	95
C	0.989	-8.815	-22.325	95
N	0.415	-9.314	-21.236	96
CA	-0.387	-10.531	-21.163	96
C	-1.702	-10.222	-20.429	96
N	-2.491	-9.318	-21.016	97
CA	-3.775	-8.859	-20.481	97
C	-4.915	-9.547	-21.225	97
N	-5.848	-10.113	-20.469	98
CA	-7.089	-10.7	-20.971	98
C	-8.308	-9.938	-20.428	98
N	-9.511	-10.333	-20.841	99
CA	-10.747	-9.778	-20.284	99
C	-11.004	-10.34	-18.879	99
N	-11.749	-9.602	-18.05	100
CA	-12.285	-10.15	-16.804	100
C	-13.099	-11.415	-17.102	100
N	-12.948	-12.441	-16.26	101
CA	-13.765	-13.652	-16.354	101
C	-15.265	-13.303	-16.378	101
N	-16.035	-13.787	-17.374	102
CA	-17.485	-13.602	-17.413	102
C	-18.193	-14.159	-16.17	102
N	-17.668	-15.239	-15.578	103
CA	-18.22	-15.846	-14.36	103
C	-18.09	-14.917	-13.141	103
N	-17.035	-14.092	-13.102	104
CA	-16.863	-13.045	-12.086	104
C	-17.781	-11.863	-12.405	104
N	-17.846	-11.439	-13.67	105
CA	-18.633	-10.279	-14.083	105
C	-20.121	-10.426	-13.719	105
N	-20.737	-11.558	-14.082	106
CA	-22.149	-11.846	-13.795	106
C	-22.465	-11.883	-12.292	106
N	-21.515	-12.343	-11.469	107
CA	-21.699	-12.422	-10.019	107
C	-21.56	-11.065	-9.325	107
N	-20.771	-10.156	-9.9	108
CA	-20.336	-8.921	-9.239	108
C	-21.128	-7.704	-9.704	108
N	-21.232	-7.449	-11.013	109
CA	-21.675	-6.137	-11.516	109
C	-22.637	-6.154	-12.707	109
N	-22.73	-7.236	-13.485	110
CA	-23.684	-7.268	-14.603	110
C	-25.133	-7.269	-14.101	110
N	-26.0	-6.531	-14.802	111
CA	-27.433	-6.396	-14.488	111
C	-27.737	-5.917	-13.051	111
N	-26.789	-5.212	-12.416	112
CA	-26.938	-4.615	-11.082	112
C	-26.851	-3.093	-11.135	112
N	-27.634	-2.433	-10.287	113
CA	-27.474	-1.004	-10.033	113
C	-26.145	-0.736	-9.316	113
N	-25.552	0.441	-9.553	114
CA	-24.213	0.762	-9.046	114
C	-24.095	0.598	-7.525	114
N	-25.125	0.958	-6.752	115
CA	-25.106	0.868	-5.28	115
C	-25.176	-0.573	-4.756	115
N	-25.684	-1.497	-5.572	116
CA	-25.932	-2.895	-5.211	116
C	-24.948	-3.864	-5.881	116
N	-23.882	-3.344	-6.502	117
CA	-22.79	-4.192	-6.981	117
C	-22.222	-5.008	-5.817	117
N	-21.929	-6.272	-6.094	118
CA	-21.276	-7.14	-5.131	118
C	-19.818	-6.747	-4.913	118
N	-19.238	-7.187	-3.799	119
CA	-17.792	-7.188	-3.649	119
C	-17.144	-7.986	-4.793	119
N	-16.083	-7.436	-5.388	120
CA	-15.373	-8.058	-6.509	120
C	-14.598	-9.321	-6.144	120
N	-14.38	-9.551	-4.852	121
CA	-13.811	-10.769	-4.287	121
C	-14.247	-10.898	-2.816	121
N	-14.015	-12.06	-2.216	122
CA	-13.994	-12.197	-0.769	122
C	-12.714	-11.596	-0.183	122
N	-12.763	-11.191	1.08	123
CA	-11.552	-10.787	1.779	123
C	-11.826	-10.069	3.082	123
N	-10.74	-9.668	3.729	124
CA	-10.728	-8.986	5.017	124
C	-9.936	-7.7	4.82	124
N	-10.42	-6.581	5.341	125
CA	-9.757	-5.286	5.213	125
C	-9.675	-4.629	6.575	125
N	-8.561	-3.946	6.819	126
CA	-8.313	-3.247	8.068	126
C	-8.121	-1.759	7.821	126
N	-8.645	-0.978	8.752	127
CA	-8.464	0.451	8.884	127
C	-7.788	0.757	10.203	127
N	-6.916	1.755	10.229	128
CA	-6.243	2.163	11.455	128
C	-6.085	3.671	11.544	128
N	-6.186	4.187	12.766	129
CA	-5.827	5.554	13.105	129
C	-5.282	5.641	14.538	129
N	-4.4	6.61	14.76	130
CA	-3.715	6.901	16.031	130
C	-3.583	8.414	16.183	130
N	-3.685	8.949	17.398	131
CA	-3.552	10.387	17.67	131
C	-2.096	10.849	17.864	131
N	-1.118	9.98	17.592	132
CA	0.303	10.294	17.771	132
C	0.839	11.325	16.762	132
N	0.204	11.47	15.59	133
CA	0.488	12.551	14.632	133
C	-0.791	13.236	14.136	133
N	-0.707	14.487	13.633	134
CA	-1.858	15.193	13.062	134
C	-2.523	14.462	11.886	134
N	-1.751	13.704	11.105	135
CA	-2.241	12.917	9.969	135
C	-3.025	11.662	10.402	135
N	-3.015	11.318	11.692	136
CA	-3.687	10.134	12.213	136
C	-2.942	8.823	11.928	136
N	-1.626	8.866	11.698	137
CA	-0.791	7.729	11.281	137
C	0.359	7.48	12.267	137
N	0.956	6.271	12.279	138
CA	2.158	6.026	13.06	138
C	3.31	6.941	12.633	138
N	4.011	7.527	13.601	139
CA	5.167	8.379	13.344	139
C	6.291	7.607	12.638	139
N	6.484	6.332	12.986	140
CA	7.492	5.455	12.372	140
C	7.35	5.391	10.85	140
N	6.147	5.094	10.339	141
CA	5.907	4.951	8.896	141
C	5.931	6.307	8.185	141
N	5.391	7.359	8.812	142
CA	5.441	8.716	8.266	142
C	6.877	9.207	8.067	142
N	7.756	9.017	9.054	143
CA	9.163	9.402	8.926	143
C	9.877	8.559	7.867	143
N	9.625	7.248	7.815	144
CA	10.193	6.388	6.778	144
C	9.771	6.843	5.361	144
N	8.501	7.2	5.15	145
CA	8.05	7.783	3.883	145
C	8.743	9.115	3.588	145
N	8.764	10.044	4.555	146
CA	9.359	11.382	4.392	146
C	10.848	11.326	4.046	146
N	11.597	10.362	4.585	147
CA	12.998	10.139	4.212	147
C	13.146	9.739	2.733	147
N	12.291	8.847	2.218	148
CA	12.324	8.487	0.794	148
C	11.85	9.626	-0.118	148
N	10.855	10.414	0.306	149
CA	10.418	11.604	-0.437	149
C	11.56	12.62	-0.549	149
N	12.229	12.937	0.565	150
CA	13.359	13.865	0.577	150
C	14.532	13.397	-0.304	150
N	14.84	12.092	-0.331	151
CA	15.854	11.553	-1.253	151
C	15.438	11.683	-2.722	151
N	14.155	11.493	-3.038	152
CA	13.66	11.674	-4.397	152
C	13.709	13.146	-4.832	152
N	13.374	14.077	-3.938	153
CA	13.468	15.518	-4.185	153
C	14.922	15.94	-4.424	153
N	15.842	15.548	-3.536	154
CA	17.271	15.854	-3.655	154
C	17.929	15.244	-4.911	154
N	17.419	14.094	-5.369	155
CA	17.826	13.482	-6.64	155
C	17.32	14.281	-7.841	155
N	16.076	14.766	-7.789	156
CA	15.415	15.48	-8.895	156
C	15.903	16.917	-9.038	156
N	16.177	17.6	-7.93	157
CA	16.716	18.965	-7.935	157
C	18.234	19.018	-8.201	157
N	18.908	17.864	-8.141	158
CA	20.329	17.706	-8.436	158
C	21.266	18.01	-7.266	158
N	20.746	18.379	-6.091	159
CA	21.549	18.605	-4.88	159
C	22.331	17.358	-4.46	159
N	21.774	16.168	-4.713	160
CA	22.427	14.87	-4.543	160
C	22.386	14.069	-5.859	160
N	23.025	14.584	-6.916	161
CA	22.971	14.024	-8.28	161
C	23.45	12.558	-8.431	161
N	24.214	12.051	-7.463	162
CA	24.668	10.66	-7.407	162
C	23.558	9.687	-6.978	162
N	22.474	10.168	-6.351	163
CA	21.354	9.328	-5.927	163
C	20.665	8.69	-7.132	163
N	20.283	7.426	-6.97	164
CA	19.473	6.675	-7.928	164
C	18.104	6.33	-7.319	164
N	17.115	5.924	-8.139	165
CA	15.725	5.849	-7.684	165
C	15.411	4.783	-6.616	165
N	16.169	3.684	-6.542	166
CA	15.921	2.591	-5.589	166
C	16.467	2.93	-4.199	166
N	15.563	3.133	-3.245	167
CA	15.896	3.479	-1.863	167
C	15.016	2.707	-0.884	167
N	15.55	2.438	0.307	168
CA	14.856	1.833	1.445	168
C	15.222	2.58	2.716	168
N	14.253	2.773	3.594	169
CA	14.461	3.418	4.892	169
C	13.719	2.659	5.971	169
N	14.27	2.613	7.175	170
CA	13.609	2.026	8.333	170
C	13.796	2.944	9.535	170
N	12.72	3.204	10.272	171
CA	12.733	4.082	11.446	171
C	12.204	3.302	12.638	171
N	12.997	3.266	13.706	172
CA	12.619	2.71	15.007	172
C	12.435	3.849	15.989	172
N	11.269	3.905	16.617	173
CA	10.902	4.919	17.607	173
C	10.749	4.231	18.958	173
N	11.257	4.871	20.006	174
CA	10.926	4.513	21.38	174
C	9.599	5.166	21.762	174
N	8.657	4.357	22.231	175
CA	7.329	4.776	22.648	175
C	7.123	4.531	24.137	175
N	6.291	5.374	24.744	176
CA	5.639	5.101	26.023	176
C	4.202	4.65	25.757	176
N	3.767	3.571	26.409	177
CA	2.356	3.161	26.418	177
C	1.598	3.904	27.53	177
N	0.662	4.77	27.154	178
CA	-0.233	5.481	28.063	178
C	-1.653	4.916	27.947	178
N	-1.867	3.743	28.547	179
CA	-3.167	3.063	28.583	179
C	-3.714	2.768	27.172	179
N	-2.881	2.158	26.322	180
CA	-3.206	1.798	24.936	180
C	-2.908	2.896	23.911	180
N	-2.739	4.144	24.367	181
CA	-2.271	5.265	23.546	181
C	-0.749	5.239	23.441	181
N	-0.226	5.25	22.222	182
CA	1.215	5.267	21.978	182
C	1.735	6.699	21.887	182
N	2.732	7.031	22.712	183
CA	3.336	8.369	22.749	183
C	4.811	8.279	22.338	183
N	5.199	8.789	21.151	184
CA	6.595	8.828	20.719	184
C	7.466	9.575	21.732	184
N	8.628	9.021	22.075	185
CA	9.595	9.645	22.985	185
C	10.826	10.145	22.225	185
N	11.453	9.277	21.42	186
CA	12.679	9.578	20.659	186
C	12.883	8.599	19.5	186
N	13.752	8.932	18.546	187
CA	14.16	8.006	17.479	187
C	15.288	7.099	17.976	187
N	15.027	5.804	18.158	188
CA	16.081	4.855	18.538	188
C	17.074	4.601	17.401	188
N	16.561	4.268	16.214	189
CA	17.384	3.814	15.089	189
C	16.838	4.317	13.756	189
N	17.724	4.811	12.887	190
CA	17.434	5.144	11.484	190
C	18.32	4.307	10.566	190
N	17.708	3.608	9.612	191
CA	18.397	2.895	8.53	191
C	18.077	3.582	7.213	191
N	19.097	3.844	6.399	192
CA	18.935	4.331	5.023	192
C	19.816	3.498	4.108	192
N	19.199	2.88	3.103	193
CA	19.889	2.278	1.968	193
C	19.444	2.961	0.677	193
N	20.359	3.55	-0.079	194
CA	20.078	4.255	-1.32	194
C	20.984	3.746	-2.438	194
N	20.392	3.399	-3.577	195
CA	21.141	3.115	-4.786	195
C	21.917	4.377	-5.184	195
N	23.177	4.215	-5.574	196
CA	24.052	5.339	-5.89	196
C	24.89	5.094	-7.139	196
N	25.333	6.19	-7.742	197
CA	26.33	6.178	-8.794	197
C	27.704	5.727	-8.25	197
N	28.588	5.26	-9.131	198
CA	29.846	4.61	-8.73	198
C	30.9	5.614	-8.232	198
N	30.753	6.879	-8.621	199
CA	31.699	7.961	-8.369	199
C	31.706	8.501	-6.93	199
N	30.648	8.29	-6.136	200
CA	30.6	8.791	-4.754	200
C	31.237	7.808	-3.766	200
N	32.043	8.33	-2.838	201
CA	32.617	7.527	-1.754	201
C	31.555	7.179	-0.706	201
N	31.685	6.021	-0.053	202
CA	30.781	5.636	1.046	202
C	30.826	6.636	2.211	202
N	31.96	7.305	2.44	203
CA	32.109	8.327	3.483	203
C	31.274	9.575	3.171	203
N	31.456	10.16	1.984	204
CA	30.735	11.367	1.564	204
C	29.233	11.122	1.49	204
N	28.838	9.981	0.924	205
CA	27.441	9.585	0.858	205
C	26.826	9.491	2.264	205
N	27.555	8.938	3.249	206
CA	27.032	8.763	4.615	206
C	26.845	10.109	5.293	206
N	27.805	11.012	5.111	207
CA	27.721	12.377	5.608	207
C	26.53	13.121	4.983	207
N	26.399	13.087	3.652	208
CA	25.338	13.787	2.922	208
C	23.942	13.246	3.253	208
N	23.741	11.925	3.32	209
CA	22.44	11.371	3.726	209
C	22.089	11.72	5.175	209
N	23.081	11.832	6.063	210
CA	22.823	12.258	7.436	210
C	22.381	13.723	7.488	210
N	23.188	14.642	6.956	211
CA	22.943	16.087	7.075	211
C	21.821	16.582	6.164	211
N	21.772	16.105	4.919	212
CA	20.873	16.649	3.899	212
C	19.506	15.97	3.872	212
N	19.385	14.756	4.422	213
CA	18.132	13.99	4.434	213
C	17.641	13.767	5.865	213
N	18.376	13.006	6.683	214
CA	17.876	12.551	7.992	214
C	17.635	13.732	8.939	214
N	18.63	14.603	9.11	215
CA	18.559	15.75	10.027	215
C	17.597	16.853	9.552	215
N	17.221	16.867	8.263	216
CA	16.202	17.786	7.728	216
C	14.779	17.25	7.853	216
N	14.603	15.93	7.788	217
CA	13.283	15.286	7.837	217
C	12.824	15.036	9.269	217
N	13.717	14.548	10.129	218
CA	13.358	14.161	11.493	218
C	13.431	15.391	12.412	218
N	12.399	15.656	13.241	219
CA	12.45	16.721	14.237	219
C	13.678	16.598	15.144	219
N	14.424	17.698	15.29	220
CA	15.711	17.717	16.003	220
C	15.594	17.286	17.464	220
N	14.478	17.592	18.108	221
CA	14.169	17.234	19.493	221
C	13.887	15.738	19.697	221
N	13.719	14.97	18.617	222
CA	13.61	13.51	18.666	222
C	14.938	12.781	18.409	222
N	15.992	13.511	18.031	223
CA	17.335	12.989	17.786	223
C	18.251	13.337	18.966	223
N	19.007	12.355	19.445	224
CA	19.953	12.51	20.556	224
C	21.273	11.763	20.294	224
N	22.206	11.834	21.244	225
CA	23.508	11.168	21.176	225
C	23.434	9.632	21.153	225
N	22.3	9.048	21.554	226
CA	22.074	7.602	21.593	226
C	21.362	7.083	20.336	226
N	20.966	7.975	19.429	227
CA	20.307	7.617	18.175	227
C	21.279	6.885	17.256	227
N	20.896	5.681	16.829	228
CA	21.728	4.813	15.991	228
C	21.465	5.11	14.52	228
N	22.529	5.339	13.756	229
CA	22.447	5.611	12.32	229
C	23.118	4.487	11.525	229
N	22.338	3.764	10.723	230
CA	22.824	2.757	9.777	230
C	22.616	3.257	8.344	230
N	23.568	4.05	7.853	231
CA	23.517	4.67	6.523	231
C	24.435	3.898	5.57	231
N	23.877	3.374	4.475	232
CA	24.517	2.368	3.613	232
C	25.224	1.279	4.426	232
N	24.476	0.507	5.235	233
CA	25.065	-0.573	6.017	233
C	25.692	-1.659	5.127	233
N	25.225	-1.829	3.881	234
CA	25.837	-2.74	2.898	234
C	27.208	-2.28	2.388	234
N	27.581	-1.02	2.63	235
CA	28.804	-0.393	2.129	235
C	28.745	0.02	0.655	235
N	28.104	-0.78	-0.207	236
CA	27.969	-0.528	-1.648	236
C	26.586	-0.944	-2.152	236
N	25.934	-0.065	-2.91	237
CA	24.64	-0.311	-3.551	237
C	24.567	0.37	-4.933	237
N	25.449	-0.031	-5.854	238
CA	25.465	0.504	-7.234	238
C	24.432	-0.204	-8.118	238
N	24.413	-1.54	-8.068	239
CA	23.388	-2.359	-8.728	239
C	22.106	-2.259	-7.904	239
N	21.033	-1.741	-8.494	240
CA	19.732	-1.595	-7.842	240
C	18.578	-1.706	-8.831	240
N	17.383	-1.327	-8.387	241
CA	16.161	-1.439	-9.176	241
C	15.891	-2.883	-9.624	241
N	15.202	-3.08	-10.764	242
CA	14.895	-4.415	-11.281	242
C	16.127	-5.271	-11.616	242
N	17.304	-4.659	-11.794	243
CA	18.55	-5.397	-11.995	243
C	18.977	-6.097	-10.698	243
N	18.937	-5.377	-9.573	244
CA	19.318	-5.892	-8.257	244
C	18.326	-6.905	-7.69	244
N	17.026	-6.629	-7.785	245
CA	15.971	-7.461	-7.19	245
C	14.761	-7.58	-8.132	245
N	13.973	-8.648	-8.018	246
CA	12.733	-8.776	-8.783	246
C	11.634	-7.934	-8.127	246
N	10.795	-7.3	-8.939	247
CA	9.65	-6.524	-8.479	247
C	8.342	-7.212	-8.816	247
N	7.37	-7.135	-7.913	248
CA	5.987	-7.54	-8.153	248
C	5.019	-6.551	-7.491	248
N	3.905	-6.275	-8.166	249
CA	2.775	-5.521	-7.607	249
C	2.298	-6.17	-6.304	249
N	1.932	-5.359	-5.308	250
CA	1.358	-5.876	-4.063	250
C	2.344	-6.559	-3.111	250
N	3.659	-6.396	-3.297	251
CA	4.679	-6.924	-2.362	251
C	5.11	-5.939	-1.278	251
N	4.437	-4.789	-1.198	252
CA	4.708	-3.712	-0.239	252
C	3.48	-3.309	0.591	252
N	2.515	-4.216	0.778	253
CA	1.242	-3.951	1.487	253
C	1.376	-3.366	2.906	253
N	2.455	-3.673	3.637	254
CA	2.704	-3.08	4.964	254
C	3.221	-1.64	4.844	254
N	4.075	-1.376	3.847	255
CA	4.56	-0.028	3.505	255
C	3.4	0.838	3.017	255
N	2.448	0.246	2.299	256
CA	1.285	0.95	1.755	256
C	0.269	1.395	2.794	256
N	0.273	0.735	3.953	257
CA	-0.708	0.927	5.001	257
C	-0.101	1.571	6.259	257
N	0.168	0.766	7.29	258
CA	0.404	1.255	8.655	258
C	1.789	0.896	9.203	258
N	2.719	0.443	8.354	259
CA	4.098	0.152	8.759	259
C	4.221	-0.883	9.881	259
N	3.247	-1.787	9.997	260
CA	3.18	-2.835	11.015	260
C	2.386	-2.47	12.272	260
N	2.008	-1.202	12.48	261
CA	1.297	-0.765	13.693	261
C	-0.139	-1.313	13.804	261
N	-0.679	-1.798	12.687	262
CA	-1.985	-2.432	12.574	262
C	-1.929	-3.57	11.559	262
N	-2.954	-4.413	11.596	263
CA	-3.127	-5.536	10.687	263
C	-3.333	-5.061	9.247	263
N	-2.971	-5.919	8.298	264
CA	-3.384	-5.819	6.894	264
C	-4.046	-7.131	6.507	264
N	-5.07	-7.068	5.664	265
CA	-5.873	-8.244	5.332	265
C	-5.269	-9.18	4.286	265
N	-4.155	-8.778	3.667	266
CA	-3.431	-9.546	2.649	266
C	-3.665	-9.066	1.212	266
N	-4.779	-8.382	0.94	267
CA	-5.085	-7.816	-0.373	267
C	-4.164	-6.657	-0.765	267
N	-3.575	-6.725	-1.962	268
CA	-2.853	-5.605	-2.569	268
C	-3.811	-4.501	-3.04	268
N	-3.338	-3.253	-3.094	269
CA	-4.133	-2.123	-3.579	269
C	-3.932	-1.874	-5.078	269
N	-2.684	-1.663	-5.501	270
CA	-2.292	-1.238	-6.852	270
C	-2.869	-2.098	-7.974	270
N	-3.264	-1.46	-9.079	271
CA	-3.783	-2.141	-10.269	271
C	-5.236	-2.594	-10.174	271
N	-5.966	-2.192	-9.129	272
CA	-7.34	-2.642	-8.883	272
C	-8.345	-1.494	-8.908	272
N	-9.454	-1.674	-9.624	273
CA	-10.575	-0.724	-9.611	273
C	-11.393	-0.792	-8.302	273
N	-12.333	0.141	-8.119	274
CA	-13.11	0.285	-6.881	274
C	-13.964	-0.94	-6.517	274
N	-14.288	-1.823	-7.469	275
CA	-15.055	-3.036	-7.18	275
C	-14.235	-4.053	-6.379	275
N	-12.899	-3.945	-6.366	276
CA	-12.018	-4.819	-5.58	276
C	-11.924	-4.27	-4.163	276
N	-12.645	-4.925	-3.259	277
CA	-12.767	-4.516	-1.854	277
C	-11.434	-4.47	-1.114	277
N	-10.414	-5.208	-1.567	278
CA	-9.033	-5.091	-1.073	278
C	-8.565	-3.639	-0.97	278
N	-8.939	-2.815	-1.952	279
CA	-8.592	-1.399	-2.02	279
C	-9.701	-0.52	-1.459	279
N	-10.907	-0.604	-2.022	280
CA	-11.989	0.333	-1.689	280
C	-12.438	0.207	-0.235	280
N	-12.561	-1.016	0.285	281
CA	-12.943	-1.225	1.674	281
C	-11.79	-0.963	2.653	281
N	-10.523	-1.126	2.251	282
CA	-9.386	-0.685	3.067	282
C	-9.337	0.849	3.188	282
N	-9.598	1.578	2.097	283
CA	-9.737	3.038	2.133	283
C	-10.92	3.465	3.008	283
N	-12.063	2.784	2.9	284
CA	-13.21	3.036	3.768	284
C	-12.899	2.736	5.241	284
N	-12.192	1.646	5.538	285
CA	-11.79	1.318	6.899	285
C	-10.846	2.373	7.481	285
N	-9.889	2.873	6.69	286
CA	-9.076	4.037	7.064	286
C	-9.951	5.253	7.363	286
N	-10.901	5.558	6.485	287
CA	-11.802	6.697	6.631	287
C	-12.638	6.619	7.911	287
N	-13.185	5.442	8.22	288
CA	-13.91	5.169	9.465	288
C	-12.993	5.358	10.673	288
N	-11.834	4.691	10.697	289
CA	-10.883	4.768	11.805	289
C	-10.448	6.217	12.087	289
N	-10.098	6.967	11.036	290
CA	-9.699	8.372	11.153	290
C	-10.845	9.255	11.641	290
N	-12.072	8.992	11.189	291
CA	-13.263	9.724	11.635	291
C	-13.548	9.525	13.122	291
N	-13.365	8.31	13.647	292
CA	-13.531	8.019	15.076	292
C	-12.51	8.776	15.942	292
N	-11.233	8.784	15.538	293
CA	-10.178	9.535	16.244	293
C	-10.428	11.044	16.159	293
N	-10.779	11.565	14.979	294
CA	-11.078	12.985	14.783	294
C	-12.315	13.455	15.572	294
N	-13.308	12.581	15.763	295
CA	-14.478	12.841	16.6	295
C	-14.177	12.799	18.112	295
N	-12.948	12.448	18.512	296
CA	-12.546	12.344	19.914	296
C	-13.119	11.124	20.64	296
N	-13.64	10.134	19.906	297
CA	-14.243	8.933	20.49	297
C	-13.197	7.971	21.059	297
N	-12.013	7.932	20.45	298
CA	-10.868	7.112	20.837	298
C	-9.551	7.815	20.478	298
N	-8.429	7.33	21.018	299
CA	-7.079	7.826	20.679	299
C	-6.355	6.934	19.684	299
N	-6.729	5.662	19.634	300
CA	-6.182	4.665	18.728	300
C	-7.263	3.647	18.413	300
N	-7.381	3.244	17.156	301
CA	-8.413	2.289	16.75	301
C	-7.987	1.49	15.534	301
N	-8.318	0.204	15.549	302
CA	-8.316	-0.675	14.393	302
C	-9.76	-1.069	14.075	302
N	-10.142	-0.949	12.811	303
CA	-11.451	-1.351	12.288	303
C	-11.231	-2.469	11.284	303
N	-12.061	-3.503	11.316	304
CA	-12.013	-4.62	10.381	304
C	-13.378	-4.805	9.726	304
N	-13.379	-4.994	8.409	305
CA	-14.54	-5.481	7.666	305
C	-14.175	-6.723	6.858	305
N	-15.176	-7.516	6.479	306
CA	-14.993	-8.615	5.528	306
C	-16.144	-8.703	4.535	306
N	-15.88	-9.277	3.364	307
CA	-16.854	-9.456	2.285	307
C	-16.78	-10.876	1.725	307
N	-17.85	-11.292	1.051	308
CA	-17.848	-12.416	0.121	308
C	-18.125	-11.907	-1.295	308
N	-17.502	-12.544	-2.288	309
CA	-17.678	-12.191	-3.698	309
C	-19.165	-12.167	-4.086	309
N	-19.58	-11.118	-4.796	310
CA	-20.955	-10.942	-5.268	310
C	-21.957	-10.417	-4.229	310
N	-21.577	-10.309	-2.949	311
CA	-22.402	-9.732	-1.875	311
C	-21.98	-8.278	-1.638	311
N	-22.94	-7.349	-1.653	312
CA	-22.668	-5.92	-1.481	312
C	-22.359	-5.561	-0.018	312
N	-23.154	-6.08	0.919	313
CA	-23.01	-5.795	2.348	313
C	-21.793	-6.51	2.963	313
N	-21.074	-5.875	3.908	314
CA	-20.039	-6.551	4.678	314
C	-20.613	-7.73	5.477	314
N	-19.866	-8.831	5.555	315
CA	-20.216	-9.991	6.383	315
C	-19.977	-9.74	7.874	315
N	-19.015	-8.877	8.196	316
CA	-18.627	-8.577	9.571	316
C	-18.084	-7.161	9.704	316
N	-18.28	-6.572	10.882	317
CA	-17.616	-5.36	11.353	317
C	-17.061	-5.627	12.758	317
N	-15.764	-5.398	12.95	318
CA	-15.096	-5.485	14.247	318
C	-14.281	-4.217	14.518	318
N	-14.241	-3.798	15.781	319
CA	-13.519	-2.614	16.249	319
C	-12.677	-3.0	17.459	319
N	-11.423	-2.557	17.477	320
CA	-10.547	-2.592	18.65	320
C	-10.002	-1.183	18.897	320
N	-10.424	-0.562	19.996	321
CA	-10.003	0.791	20.392	321
C	-8.776	0.792	21.305	321
N	-8.166	-0.376	21.531	322
CA	-7.015	-0.577	22.409	322
C	-7.241	-0.029	23.829	322
N	-8.497	0.012	24.29	323
CA	-8.875	0.59	25.584	323
C	-8.845	2.123	25.644	323
N	-8.682	2.809	24.509	324
CA	-8.583	4.279	24.447	324
C	-9.913	4.985	24.191	324
N	-10.998	4.228	24.021	325
CA	-12.31	4.789	23.756	325
C	-13.005	5.317	25.012	325
N	-13.845	6.327	24.801	326
CA	-14.765	6.863	25.82	326
C	-16.097	6.108	25.877	326
N	-16.34	5.24	24.892	327
CA	-17.523	4.395	24.716	327
C	-17.103	2.934	24.587	327
N	-18.038	2.017	24.811	328
CA	-17.811	0.59	24.549	328
C	-17.62	0.311	23.052	328
N	-16.918	-0.77	22.698	329
CA	-16.736	-1.147	21.288	329
C	-18.086	-1.43	20.593	329
N	-19.096	-1.925	21.325	330
CA	-20.472	-2.099	20.824	330
C	-21.105	-0.757	20.428	330
N	-21.014	0.263	21.289	331
CA	-21.479	1.611	20.948	331
C	-20.713	2.199	19.756	331
N	-19.403	1.945	19.645	332
CA	-18.61	2.409	18.5	332
C	-19.077	1.73	17.206	332
N	-19.327	0.418	17.212	333
CA	-19.89	-0.317	16.063	333
C	-21.246	0.27	15.649	333
N	-22.085	0.611	16.623	334
CA	-23.383	1.25	16.41	334
C	-23.251	2.628	15.741	334
N	-22.26	3.418	16.166	335
CA	-21.941	4.721	15.57	335
C	-21.457	4.54	14.131	335
N	-20.583	3.563	13.868	336
CA	-20.103	3.266	12.511	336
C	-21.294	2.912	11.615	336
N	-22.133	1.968	12.042	337
CA	-23.269	1.463	11.256	337
C	-24.313	2.542	10.933	337
N	-24.47	3.558	11.795	338
CA	-25.384	4.697	11.563	338
C	-24.816	5.763	10.623	338
N	-23.497	5.818	10.445	339
CA	-22.831	6.91	9.728	339
C	-22.173	6.473	8.414	339
N	-21.914	5.181	8.225	340
CA	-21.231	4.646	7.054	340
C	-22.035	3.516	6.425	340
N	-22.301	3.659	5.131	341
CA	-22.729	2.567	4.27	341
C	-21.485	2.061	3.538	341
N	-21.147	0.801	3.789	342
CA	-19.878	0.206	3.385	342
C	-20.007	-0.638	2.114	342
N	-21.17	-0.639	1.452	343
CA	-21.329	-1.323	0.166	343
C	-20.36	-0.732	-0.87	343
N	-19.631	-1.543	-1.666	344
CA	-18.638	-1.048	-2.632	344
C	-19.198	-0.002	-3.607	344
N	-20.464	-0.175	-3.989	345
CA	-21.227	0.738	-4.834	345
C	-21.529	2.11	-4.231	345
N	-21.618	2.19	-2.904	346
CA	-21.768	3.451	-2.167	346
C	-20.398	4.071	-1.906	346
N	-19.398	3.248	-1.573	347
CA	-18.018	3.691	-1.358	347
C	-17.432	4.408	-2.576	347
N	-17.69	3.918	-3.794	348
CA	-17.217	4.593	-5.014	348
C	-17.768	6.012	-5.151	348
N	-18.995	6.27	-4.677	349
CA	-19.613	7.603	-4.69	349
C	-19.075	8.484	-3.564	349
N	-19.079	7.989	-2.326	350
CA	-18.656	8.758	-1.142	350
C	-17.166	9.13	-1.191	350
N	-16.328	8.249	-1.747	351
CA	-14.878	8.436	-1.833	351
C	-14.394	8.813	-3.243	351
N	-15.311	9.013	-4.196	352
CA	-15.032	9.453	-5.571	352
C	-13.924	8.617	-6.257	352
N	-14.098	7.286	-6.196	353
CA	-13.109	6.265	-6.582	353
C	-13.146	5.905	-8.078	353
N	-14.094	6.429	-8.85	354
CA	-14.156	6.204	-10.298	354
C	-13.251	7.169	-11.097	354
N	-12.283	7.82	-10.437	355
CA	-11.39	8.826	-11.03	355
C	-9.955	8.318	-11.175	355
N	-9.186	8.857	-12.137	356
CA	-7.775	8.527	-12.318	356
C	-6.887	9.244	-11.282	356
N	-6.913	8.77	-10.034	357
CA	-6.179	9.347	-8.891	357
C	-5.25	8.34	-8.199	357
N	-5.03	7.165	-8.785	358
CA	-4.412	6.032	-8.103	358
C	-2.891	6.017	-8.196	358
N	-2.29	6.449	-9.308	359
CA	-0.831	6.461	-9.463	359
C	-0.119	7.222	-8.325	359
N	-0.59	8.403	-7.874	360
CA	-0.001	9.083	-6.719	360
C	-0.143	8.338	-5.38	360
N	-1.004	7.32	-5.281	361
CA	-1.14	6.476	-4.077	361
C	-0.109	5.346	-4.036	361
N	0.418	4.948	-5.2	362
CA	1.274	3.778	-5.374	362
C	2.704	3.938	-4.824	362
N	3.055	5.096	-4.266	363
CA	4.304	5.334	-3.543	363
C	4.051	6.209	-2.315	363
N	4.916	6.077	-1.303	364
CA	4.857	6.859	-0.057	364
C	3.602	6.662	0.81	364
N	2.909	5.532	0.653	365
CA	1.776	5.131	1.487	365
C	0.444	5.728	1.029	365
N	-0.59	4.889	0.963	366
CA	-1.912	5.266	0.443	366
C	-2.661	6.259	1.35	366
N	-2.227	6.38	2.604	367
CA	-2.877	7.175	3.649	367
C	-2.108	8.459	4.004	367
N	-0.977	8.72	3.34	368
CA	-0.08	9.836	3.679	368
C	-0.613	11.187	3.196	368
N	-1.178	11.263	1.987	369
CA	-1.671	12.527	1.434	369
C	-3.061	12.88	1.987	369
N	-3.107	13.937	2.798	370
CA	-4.301	14.372	3.527	370
C	-5.404	14.964	2.631	370
N	-5.123	15.184	1.344	371
CA	-6.114	15.655	0.375	371
C	-7.027	14.543	-0.157	371
N	-6.664	13.27	0.041	372
CA	-7.471	12.152	-0.438	372
C	-8.832	12.068	0.272	372
N	-9.9	11.618	-0.417	373
CA	-11.247	11.571	0.157	373
C	-11.343	10.755	1.452	373
N	-10.676	9.599	1.522	374
CA	-10.645	8.758	2.728	374
C	-9.837	9.362	3.884	374
N	-9.027	10.39	3.622	375
CA	-8.299	11.13	4.65	375
C	-9.099	12.319	5.206	375
N	-10.297	12.616	4.677	376
CA	-11.184	13.69	5.156	376
C	-12.215	13.121	6.139	376
N	-12.057	13.327	7.462	377
CA	-12.936	12.723	8.46	377
C	-14.411	13.071	8.232	377
N	-15.292	12.071	8.311	378
CA	-16.742	12.281	8.3	378
C	-17.179	12.846	9.648	378
N	-18.02	13.879	9.645	379
CA	-18.69	14.325	10.874	379
C	-19.692	13.261	11.313	379
N	-19.44	12.647	12.467	380
CA	-20.256	11.558	12.999	380
C	-21.433	12.094	13.824	380
N	-22.579	11.416	13.746	381
CA	-23.748	11.626	14.614	381
C	-23.776	10.533	15.683	381
N	-23.729	10.907	16.963	382
CA	-23.758	9.987	18.107	382
C	-24.211	10.656	19.405	382
