ATOM	X	Y	Z	RESIDUE
N	-12.496	25.145	22.331	1
CA	-12.306	23.706	22.068	1
C	-13.517	23.247	21.288	1
N	-13.328	22.737	20.078	2
CA	-14.426	22.255	19.236	2
C	-14.247	20.764	18.982	2
N	-15.347	20.015	19.026	3
CA	-15.407	18.671	18.463	3
C	-16.067	18.715	17.088	3
N	-15.715	17.763	16.233	4
CA	-16.324	17.584	14.919	4
C	-16.257	16.113	14.51	4
N	-17.107	15.723	13.562	5
CA	-17.121	14.378	12.995	5
C	-16.411	14.381	11.643	5
N	-15.585	13.369	11.398	6
CA	-14.97	13.127	10.096	6
C	-15.155	11.665	9.704	6
N	-15.376	11.41	8.417	7
CA	-15.711	10.084	7.897	7
C	-14.782	9.7	6.755	7
N	-14.301	8.459	6.772	8
CA	-13.617	7.829	5.639	8
C	-14.261	6.482	5.325	8
N	-14.154	6.052	4.073	9
CA	-14.642	4.756	3.597	9
C	-13.512	3.893	3.027	9
N	-13.785	2.597	2.891	10
CA	-12.959	1.633	2.169	10
C	-13.84	0.562	1.522	10
N	-13.277	-0.204	0.59	11
CA	-13.976	-1.301	-0.095	11
C	-13.051	-2.508	-0.241	11
N	-13.612	-3.715	-0.251	12
CA	-12.831	-4.95	-0.408	12
C	-12.299	-5.12	-1.827	12
N	-11.393	-6.085	-1.983	13
CA	-10.878	-6.531	-3.281	13
C	-11.967	-6.979	-4.275	13
N	-13.157	-7.369	-3.804	14
CA	-14.26	-7.788	-4.668	14
C	-15.192	-6.673	-5.134	14
N	-14.996	-5.427	-4.697	15
CA	-15.738	-4.285	-5.232	15
C	-15.415	-4.096	-6.724	15
N	-16.385	-3.839	-7.622	16
CA	-16.14	-3.846	-9.067	16
C	-15.035	-2.88	-9.522	16
N	-14.978	-1.653	-8.993	17
CA	-13.84	-0.751	-9.267	17
C	-12.493	-1.31	-8.771	17
N	-12.473	-2.015	-7.628	18
CA	-11.251	-2.639	-7.106	18
C	-10.844	-3.897	-7.845	18
N	-11.778	-4.598	-8.48	19
CA	-11.44	-5.637	-9.457	19
C	-10.66	-4.999	-10.609	19
N	-11.137	-3.87	-11.146	20
CA	-10.466	-3.173	-12.243	20
C	-9.062	-2.693	-11.861	20
N	-8.906	-2.057	-10.696	21
CA	-7.591	-1.654	-10.18	21
C	-6.62	-2.848	-10.083	21
N	-7.072	-3.972	-9.515	22
CA	-6.245	-5.173	-9.357	22
C	-5.911	-5.856	-10.683	22
N	-6.822	-5.852	-11.659	23
CA	-6.556	-6.376	-13.008	23
C	-5.533	-5.494	-13.722	23
N	-5.71	-4.173	-13.676	24
CA	-4.774	-3.199	-14.239	24
C	-3.356	-3.375	-13.681	24
N	-3.202	-3.51	-12.361	25
CA	-1.882	-3.747	-11.765	25
C	-1.362	-5.182	-11.938	25
N	-2.23	-6.186	-12.102	26
CA	-1.79	-7.53	-12.483	26
C	-1.157	-7.543	-13.883	26
N	-1.725	-6.778	-14.824	27
CA	-1.154	-6.59	-16.165	27
C	0.186	-5.86	-16.085	27
N	0.283	-4.807	-15.268	28
CA	1.547	-4.108	-15.032	28
C	2.627	-5.047	-14.481	28
N	2.325	-5.793	-13.418	29
CA	3.274	-6.724	-12.805	29
C	3.715	-7.806	-13.802	29
N	2.799	-8.32	-14.631	30
CA	3.129	-9.291	-15.674	30
C	4.096	-8.73	-16.734	30
N	3.97	-7.445	-17.084	31
CA	4.903	-6.763	-17.982	31
C	6.27	-6.556	-17.309	31
N	6.292	-5.991	-16.095	32
CA	7.526	-5.662	-15.368	32
C	8.346	-6.89	-14.965	32
N	7.695	-8.032	-14.734	33
CA	8.378	-9.288	-14.434	33
C	9.288	-9.775	-15.58	33
N	8.996	-9.396	-16.829	34
CA	9.777	-9.78	-18.013	34
C	10.575	-8.606	-18.598	34
N	10.035	-7.391	-18.514	35
CA	10.653	-6.159	-18.996	35
C	10.463	-5.034	-17.961	35
N	11.441	-4.83	-17.056	36
CA	11.393	-3.794	-16.019	36
C	11.261	-2.356	-16.545	36
N	11.453	-2.132	-17.852	37
CA	11.357	-0.817	-18.491	37
C	10.057	-0.619	-19.284	37
N	9.128	-1.579	-19.201	38
CA	7.801	-1.517	-19.821	38
C	7.126	-0.164	-19.596	38
N	6.474	0.346	-20.639	39
CA	5.609	1.526	-20.581	39
C	4.175	1.026	-20.557	39
N	3.458	1.281	-19.47	40
CA	2.131	0.712	-19.209	40
C	1.189	1.823	-18.751	40
N	0.051	1.921	-19.426	41
CA	-1.138	2.678	-19.054	41
C	-2.36	1.775	-19.313	41
N	-2.51	0.735	-18.489	42
CA	-3.548	-0.282	-18.636	42
C	-4.778	0.089	-17.809	42
N	-5.841	0.51	-18.471	43
CA	-7.15	0.715	-17.868	43
C	-7.965	-0.581	-17.909	43
N	-8.884	-0.74	-16.958	44
CA	-9.816	-1.868	-16.915	44
C	-11.231	-1.365	-16.652	44
N	-12.205	-1.928	-17.361	45
CA	-13.627	-1.763	-17.092	45
C	-14.305	-3.131	-16.934	45
N	-15.317	-3.222	-16.074	46
CA	-16.06	-4.465	-15.835	46
C	-17.556	-4.216	-15.678	46
N	-18.358	-5.167	-16.158	47
CA	-19.807	-5.266	-15.926	47
C	-20.217	-6.74	-16.032	47
N	-21.498	-7.051	-15.847	48
CA	-22.061	-8.406	-15.914	48
C	-21.472	-9.23	-17.065	48
N	-20.711	-10.273	-16.721	49
CA	-20.14	-11.219	-17.681	49
C	-18.971	-10.707	-18.532	49
N	-18.369	-9.549	-18.236	50
CA	-17.307	-8.965	-19.066	50
C	-16.236	-8.236	-18.248	50
N	-14.968	-8.44	-18.612	51
CA	-13.84	-7.553	-18.291	51
C	-13.251	-7.03	-19.601	51
N	-13.024	-5.727	-19.704	52
CA	-12.318	-5.097	-20.818	52
C	-11.052	-4.443	-20.286	52
N	-9.901	-4.796	-20.85	53
CA	-8.668	-4.028	-20.671	53
C	-8.43	-3.163	-21.907	53
N	-7.965	-1.939	-21.693	54
CA	-7.706	-0.961	-22.744	54
C	-6.575	-0.002	-22.361	54
N	-6.078	0.76	-23.332	55
CA	-5.017	1.75	-23.137	55
C	-3.726	1.361	-23.849	55
N	-2.585	1.796	-23.316	56
CA	-1.318	1.752	-24.044	56
C	-0.236	0.95	-23.313	56
N	0.302	-0.077	-23.977	57
CA	1.41	-0.893	-23.479	57
C	2.495	-1.017	-24.551	57
N	3.682	-0.495	-24.243	58
CA	4.912	-0.753	-25.001	58
C	5.86	-1.553	-24.118	58
N	6.037	-2.831	-24.44	59
CA	6.83	-3.776	-23.647	59
C	7.508	-4.808	-24.543	59
N	8.637	-5.354	-24.084	60
CA	9.267	-6.555	-24.657	60
C	8.695	-7.855	-24.08	60
N	7.857	-7.768	-23.049	61
CA	7.234	-8.915	-22.408	61
C	6.265	-9.631	-23.358	61
N	6.231	-10.962	-23.288	62
CA	5.178	-11.749	-23.92	62
C	4.114	-12.072	-22.861	62
N	3.016	-11.314	-22.852	63
CA	1.967	-11.405	-21.825	63
C	0.686	-11.978	-22.421	63
N	0.224	-13.1	-21.868	64
CA	-1.136	-13.592	-22.098	64
C	-2.109	-12.797	-21.217	64
N	-2.603	-11.68	-21.752	65
CA	-3.516	-10.793	-21.034	65
C	-4.791	-11.505	-20.573	65
N	-5.322	-12.431	-21.377	66
CA	-6.528	-13.169	-21.017	66
C	-6.29	-14.026	-19.772	66
N	-5.146	-14.71	-19.696	67
CA	-4.763	-15.475	-18.508	67
C	-4.561	-14.576	-17.287	67
N	-3.868	-13.443	-17.434	68
CA	-3.616	-12.501	-16.324	68
C	-4.924	-11.972	-15.733	68
N	-5.855	-11.524	-16.583	69
CA	-7.182	-11.043	-16.162	69
C	-7.933	-12.132	-15.393	69
N	-7.982	-13.355	-15.935	70
CA	-8.721	-14.465	-15.317	70
C	-8.128	-14.888	-13.976	70
N	-6.805	-14.982	-13.857	71
CA	-6.168	-15.333	-12.58	71
C	-6.344	-14.232	-11.522	71
N	-6.354	-12.948	-11.906	72
CA	-6.674	-11.856	-10.983	72
C	-8.116	-11.964	-10.445	72
N	-9.107	-12.156	-11.325	73
CA	-10.525	-12.323	-10.937	73
C	-10.729	-13.564	-10.057	73
N	-10.053	-14.668	-10.387	74
CA	-10.066	-15.902	-9.595	74
C	-9.504	-15.687	-8.192	74
N	-8.351	-15.017	-8.07	75
CA	-7.682	-14.738	-6.786	75
C	-8.558	-13.912	-5.84	75
N	-9.344	-12.976	-6.376	76
CA	-10.326	-12.178	-5.616	76
C	-11.459	-13.059	-5.042	76
N	-11.758	-14.191	-5.688	77
CA	-12.768	-15.16	-5.25	77
C	-14.052	-15.177	-6.083	77
N	-14.053	-14.549	-7.265	78
CA	-15.117	-14.676	-8.27	78
C	-14.873	-15.905	-9.155	78
N	-15.149	-17.074	-8.586	79
CA	-14.873	-18.412	-9.128	79
C	-16.124	-19.255	-9.403	79
N	-17.302	-18.665	-9.214	80
CA	-18.588	-19.307	-9.421	80
C	-19.65	-18.265	-9.779	80
N	-20.439	-18.561	-10.81	81
CA	-21.465	-17.651	-11.331	81
C	-22.535	-17.289	-10.287	81
N	-22.753	-18.121	-9.26	82
CA	-23.662	-17.813	-8.146	82
C	-23.222	-16.608	-7.31	82
N	-21.936	-16.223	-7.35	83
CA	-21.388	-15.023	-6.69	83
C	-21.631	-13.734	-7.489	83
N	-22.236	-13.843	-8.675	84
CA	-22.506	-12.741	-9.603	84
C	-21.418	-12.536	-10.662	84
N	-20.276	-13.216	-10.558	85
CA	-19.194	-13.117	-11.536	85
C	-18.282	-14.344	-11.457	85
N	-17.718	-14.762	-12.589	86
CA	-16.938	-15.999	-12.688	86
C	-15.787	-15.844	-13.693	86
N	-14.549	-16.04	-13.227	87
CA	-13.346	-15.967	-14.063	87
C	-13.329	-16.981	-15.217	87
N	-14.097	-18.078	-15.136	88
CA	-14.148	-19.12	-16.178	88
C	-15.013	-18.704	-17.36	88
N	-16.105	-17.989	-17.096	89
CA	-17.169	-17.734	-18.079	89
C	-17.248	-16.279	-18.523	89
N	-16.619	-15.342	-17.803	90
CA	-16.588	-13.949	-18.233	90
C	-15.88	-13.792	-19.59	90
N	-16.408	-12.889	-20.414	91
CA	-15.752	-12.434	-21.626	91
C	-14.579	-11.515	-21.256	91
N	-13.45	-11.654	-21.949	92
CA	-12.275	-10.795	-21.761	92
C	-11.992	-10.091	-23.079	92
N	-12.199	-8.777	-23.104	93
CA	-11.924	-7.926	-24.257	93
C	-10.567	-7.246	-24.07	93
N	-9.727	-7.279	-25.103	94
CA	-8.389	-6.674	-25.092	94
C	-8.325	-5.607	-26.179	94
N	-8.226	-4.345	-25.768	95
CA	-8.118	-3.172	-26.634	95
C	-6.855	-2.363	-26.28	95
N	-5.697	-3.029	-26.341	96
CA	-4.386	-2.467	-25.992	96
C	-3.629	-2.084	-27.266	96
N	-3.125	-0.854	-27.314	97
CA	-2.242	-0.35	-28.371	97
C	-0.851	-0.005	-27.815	97
N	0.091	0.387	-28.675	98
CA	1.397	0.876	-28.219	98
C	1.299	2.325	-27.734	98
N	2.174	2.712	-26.802	99
CA	2.299	4.107	-26.378	99
C	2.628	5.008	-27.574	99
N	1.962	6.166	-27.65	100
CA	2.245	7.181	-28.666	100
C	3.749	7.51	-28.737	100
N	4.373	7.441	-29.931	101
CA	5.764	7.847	-30.127	101
C	6.044	9.294	-29.692	101
N	5.057	10.188	-29.831	102
CA	5.16	11.606	-29.458	102
C	5.298	11.798	-27.94	102
N	4.692	10.904	-27.15	103
CA	4.873	10.851	-25.693	103
C	6.239	10.234	-25.373	103
N	6.582	9.116	-26.019	104
CA	7.813	8.379	-25.736	104
C	9.081	9.237	-25.929	104
N	9.111	10.094	-26.961	105
CA	10.227	11.018	-27.209	105
C	10.383	12.132	-26.169	105
N	9.288	12.601	-25.566	106
CA	9.356	13.563	-24.467	106
C	9.869	12.926	-23.173	106
N	9.492	11.668	-22.93	107
CA	9.721	10.977	-21.655	107
C	11.102	10.327	-21.59	107
N	11.441	9.432	-22.526	108
CA	12.614	8.558	-22.368	108
C	13.468	8.337	-23.626	108
N	12.937	8.476	-24.849	109
CA	13.757	8.267	-26.059	109
C	14.804	9.388	-26.161	109
N	16.066	9.02	-26.407	110
CA	17.183	9.966	-26.539	110
C	17.75	10.501	-25.216	110
N	17.175	10.134	-24.063	111
CA	17.717	10.484	-22.742	111
C	18.874	9.541	-22.402	111
N	20.094	10.079	-22.35	112
CA	21.317	9.291	-22.093	112
C	21.367	8.792	-20.648	112
N	20.974	9.643	-19.699	113
CA	20.947	9.31	-18.282	113
C	19.529	8.868	-17.867	113
N	19.342	7.645	-17.33	114
CA	18.049	7.177	-16.822	114
C	17.431	8.07	-15.736	114
N	18.239	8.859	-15.027	115
CA	17.766	9.801	-14.003	115
C	17.168	11.089	-14.587	115
N	17.472	11.394	-15.851	116
CA	17.034	12.606	-16.553	116
C	15.829	12.358	-17.478	116
N	15.115	11.239	-17.286	117
CA	13.823	11.026	-17.947	117
C	12.823	12.114	-17.542	117
N	11.999	12.525	-18.5	118
CA	10.916	13.466	-18.255	118
C	9.743	12.809	-17.532	118
N	8.917	13.609	-16.859	119
CA	7.642	13.125	-16.345	119
C	6.768	12.577	-17.485	119
N	6.088	11.454	-17.231	120
CA	5.199	10.799	-18.195	120
C	3.98	11.626	-18.597	120
N	3.606	12.59	-17.758	121
CA	2.504	13.523	-17.96	121
C	2.712	14.761	-17.063	121
N	1.886	15.787	-17.244	122
CA	1.704	16.854	-16.268	122
C	0.813	16.401	-15.104	122
N	0.84	17.147	-14.004	123
CA	-0.091	16.945	-12.897	123
C	0.494	17.395	-11.571	123
N	-0.302	17.289	-10.513	124
CA	0.165	17.487	-9.148	124
C	-0.27	16.325	-8.262	124
N	0.548	15.985	-7.276	125
CA	0.344	14.856	-6.377	125
C	0.489	15.339	-4.945	125
N	-0.226	14.694	-4.026	126
CA	-0.152	15.015	-2.61	126
C	0.308	13.817	-1.795	126
N	1.089	14.122	-0.77	127
CA	1.554	13.214	0.255	127
C	1.049	13.66	1.608	127
N	0.595	12.726	2.433	128
CA	0.083	13.053	3.756	128
C	0.546	12.06	4.819	128
N	0.81	12.58	6.015	129
CA	1.06	11.791	7.211	129
C	0.542	12.507	8.462	129
N	0.168	11.715	9.462	130
CA	-0.272	12.179	10.781	130
C	0.12	11.168	11.847	130
N	0.476	11.623	13.045	131
CA	0.802	10.762	14.185	131
C	-0.409	10.093	14.879	131
N	-1.6	10.106	14.269	132
CA	-2.818	9.491	14.826	132
C	-2.741	7.961	14.966	132
N	-1.955	7.282	14.123	133
CA	-1.848	5.813	14.09	133
C	-0.393	5.352	13.961	133
N	-0.067	4.091	14.318	134
CA	1.301	3.572	14.222	134
C	1.913	3.63	12.814	134
N	1.095	3.569	11.758	135
CA	1.553	3.644	10.358	135
C	1.512	5.063	9.786	135
N	1.306	6.059	10.649	136
CA	1.238	7.48	10.328	136
C	0.128	7.845	9.324	136
N	-1.034	7.207	9.473	137
CA	-2.254	7.423	8.686	137
C	-3.386	8.026	9.537	137
N	-4.367	8.724	8.931	138
CA	-5.559	9.183	9.647	138
C	-6.352	8.011	10.232	138
N	-6.84	8.134	11.473	139
CA	-7.512	7.02	12.16	139
C	-8.766	6.534	11.416	139
N	-9.578	7.456	10.898	140
CA	-10.782	7.142	10.098	140
C	-10.474	6.242	8.905	140
N	-9.469	6.607	8.106	141
CA	-9.059	5.832	6.94	141
C	-8.409	4.501	7.336	141
N	-7.527	4.517	8.342	142
CA	-6.89	3.312	8.877	142
C	-7.933	2.273	9.312	142
N	-8.912	2.668	10.133	143
CA	-9.951	1.755	10.615	143
C	-10.849	1.248	9.48	143
N	-11.27	2.113	8.549	144
CA	-12.09	1.683	7.416	144
C	-11.365	0.626	6.56	144
N	-10.081	0.843	6.256	145
CA	-9.25	-0.09	5.484	145
C	-8.962	-1.397	6.233	145
N	-8.677	-1.347	7.533	146
CA	-8.442	-2.567	8.313	146
C	-9.711	-3.425	8.462	146
N	-10.903	-2.814	8.503	147
CA	-12.17	-3.555	8.496	147
C	-12.367	-4.356	7.193	147
N	-12.024	-3.803	6.018	148
CA	-12.115	-4.557	4.745	148
C	-11.033	-5.625	4.626	148
N	-9.826	-5.358	5.136	149
CA	-8.744	-6.342	5.189	149
C	-9.155	-7.536	6.059	149
N	-9.748	-7.277	7.233	150
CA	-10.228	-8.331	8.132	150
C	-11.378	-9.138	7.537	150
N	-12.344	-8.483	6.892	151
CA	-13.412	-9.175	6.157	151
C	-12.863	-10.091	5.06	151
N	-11.887	-9.596	4.301	152
CA	-11.235	-10.341	3.22	152
C	-10.474	-11.552	3.764	152
N	-9.709	-11.38	4.846	153
CA	-9.009	-12.459	5.558	153
C	-9.976	-13.57	5.996	153
N	-11.054	-13.206	6.702	154
CA	-12.015	-14.168	7.25	154
C	-12.857	-14.87	6.176	154
N	-13.067	-14.229	5.021	155
CA	-13.679	-14.872	3.852	155
C	-12.732	-15.903	3.243	155
N	-11.481	-15.521	2.974	156
CA	-10.493	-16.408	2.344	156
C	-10.147	-17.623	3.202	156
N	-10.105	-17.468	4.527	157
CA	-9.818	-18.58	5.435	157
C	-11.053	-19.44	5.786	157
N	-12.242	-19.084	5.283	158
CA	-13.486	-19.83	5.484	158
C	-14.203	-19.59	6.818	158
N	-13.684	-18.736	7.71	159
CA	-14.357	-18.384	8.98	159
C	-15.723	-17.749	8.718	159
N	-15.803	-16.858	7.725	160
CA	-17.054	-16.291	7.221	160
C	-17.423	-16.943	5.884	160
N	-17.7	-18.25	5.886	161
CA	-17.997	-19.018	4.667	161
C	-19.204	-18.493	3.859	161
N	-20.119	-17.767	4.508	162
CA	-21.266	-17.125	3.863	162
C	-20.9	-15.833	3.115	162
N	-19.743	-15.23	3.412	163
CA	-19.332	-13.949	2.853	163
C	-18.893	-14.097	1.393	163
N	-19.316	-13.147	0.563	164
CA	-18.932	-13.041	-0.847	164
C	-17.947	-11.877	-1.049	164
N	-17.295	-11.76	-2.222	165
CA	-16.139	-10.874	-2.365	165
C	-16.403	-9.37	-2.177	165
N	-17.592	-8.854	-2.505	166
CA	-17.896	-7.411	-2.488	166
C	-18.34	-6.923	-1.1	166
N	-17.616	-5.976	-0.507	167
CA	-18.035	-5.301	0.711	167
C	-17.497	-3.867	0.784	167
N	-18.185	-3.04	1.572	168
CA	-17.87	-1.631	1.823	168
C	-17.873	-1.363	3.32	168
N	-16.925	-0.56	3.782	169
CA	-16.836	-0.101	5.17	169
C	-16.776	1.418	5.206	169
N	-17.336	2.011	6.254	170
CA	-17.256	3.446	6.493	170
C	-17.149	3.697	7.992	170
N	-16.212	4.552	8.393	171
CA	-15.952	4.865	9.799	171
C	-16.004	6.37	9.996	171
N	-16.881	6.802	10.898	172
CA	-16.963	8.178	11.387	172
C	-16.309	8.253	12.757	172
N	-15.313	9.119	12.909	173
CA	-14.623	9.376	14.18	173
C	-14.949	10.786	14.645	173
N	-15.175	10.917	15.944	174
CA	-15.224	12.204	16.615	174
C	-13.806	12.671	16.935	174
N	-13.482	13.877	16.489	175
CA	-12.203	14.528	16.703	175
C	-12.367	15.755	17.577	175
N	-11.341	16.04	18.374	176
CA	-11.216	17.271	19.147	176
C	-10.084	18.13	18.585	176
N	-10.347	19.431	18.396	177
CA	-9.362	20.428	17.947	177
C	-9.011	21.414	19.065	177
N	-7.726	21.476	19.401	178
CA	-7.127	22.427	20.344	178
C	-5.975	23.165	19.646	178
N	-6.224	24.397	19.187	179
CA	-5.272	25.109	18.328	179
C	-5.027	24.341	17.022	179
N	-3.778	23.93	16.796	180
CA	-3.349	23.126	15.643	180
C	-3.412	21.611	15.892	180
N	-3.542	21.189	17.156	181
CA	-3.597	19.776	17.529	181
C	-4.979	19.198	17.239	181
N	-4.989	18.046	16.574	182
CA	-6.179	17.245	16.282	182
C	-6.008	15.901	16.979	182
N	-7.025	15.446	17.704	183
CA	-6.948	14.196	18.47	183
C	-8.236	13.392	18.292	183
N	-8.156	12.124	17.839	184
CA	-9.3	11.221	17.832	184
C	-9.805	10.983	19.256	184
N	-11.114	11.097	19.459	185
CA	-11.76	10.899	20.764	185
C	-12.404	9.52	20.826	185
N	-13.284	9.219	19.868	186
CA	-14.053	7.969	19.802	186
C	-14.562	7.698	18.39	186
N	-14.911	6.451	18.1	187
CA	-15.634	6.073	16.883	187
C	-17.123	6.344	17.088	187
N	-17.657	7.263	16.286	188
CA	-19.058	7.663	16.314	188
C	-19.964	6.679	15.585	188
N	-19.583	6.28	14.374	189
CA	-20.395	5.384	13.548	189
C	-19.512	4.426	12.772	189
N	-19.921	3.16	12.724	190
CA	-19.352	2.139	11.846	190
C	-20.454	1.638	10.917	190
N	-20.185	1.669	9.616	191
CA	-21.026	1.066	8.582	191
C	-20.257	-0.079	7.943	191
N	-20.897	-1.239	7.819	192
CA	-20.397	-2.364	7.029	192
C	-21.551	-2.878	6.175	192
N	-21.351	-2.922	4.861	193
CA	-22.24	-3.606	3.919	193
C	-21.434	-4.672	3.199	193
N	-21.723	-5.942	3.458	194
CA	-20.997	-7.08	2.888	194
C	-21.928	-7.973	2.083	194
N	-21.468	-8.378	0.903	195
CA	-22.158	-9.319	0.046	195
C	-22.172	-10.696	0.717	195
N	-23.284	-11.413	0.601	196
CA	-23.472	-12.687	1.29	196
C	-24.239	-13.708	0.444	196
N	-24.188	-14.977	0.841	197
CA	-25.028	-16.021	0.26	197
C	-26.509	-15.889	0.662	197
N	-27.366	-16.743	0.107	198
CA	-28.805	-16.685	0.386	198
C	-29.217	-17.283	1.734	198
N	-28.322	-18.025	2.395	199
CA	-28.648	-18.884	3.538	199
C	-28.416	-18.185	4.871	199
N	-27.418	-17.306	4.954	200
CA	-27.116	-16.581	6.191	200
C	-28.224	-15.575	6.531	200
N	-28.593	-15.494	7.811	201
CA	-29.585	-14.528	8.298	201
C	-28.937	-13.183	8.607	201
N	-29.725	-12.109	8.582	202
CA	-29.224	-10.785	8.947	202
C	-28.763	-10.718	10.404	202
N	-29.379	-11.488	11.293	203
CA	-28.992	-11.588	12.698	203
C	-27.588	-12.186	12.826	203
N	-27.301	-13.261	12.08	204
CA	-25.978	-13.882	12.052	204
C	-24.932	-12.943	11.444	204
N	-25.239	-12.292	10.311	205
CA	-24.339	-11.301	9.696	205
C	-23.971	-10.218	10.718	205
N	-24.959	-9.625	11.401	206
CA	-24.708	-8.559	12.386	206
C	-23.848	-9.042	13.553	206
N	-24.104	-10.25	14.054	207
CA	-23.328	-10.845	15.137	207
C	-21.869	-11.085	14.717	207
N	-21.654	-11.734	13.572	208
CA	-20.327	-12.056	13.038	208
C	-19.506	-10.801	12.736	208
N	-20.114	-9.797	12.096	209
CA	-19.445	-8.528	11.806	209
C	-19.016	-7.809	13.088	209
N	-19.863	-7.811	14.12	210
CA	-19.529	-7.166	15.39	210
C	-18.419	-7.92	16.125	210
N	-18.525	-9.244	16.208	211
CA	-17.622	-10.073	17.009	211
C	-16.274	-10.326	16.332	211
N	-16.286	-10.717	15.059	212
CA	-15.103	-11.235	14.369	212
C	-14.358	-10.159	13.574	212
N	-15.052	-9.09	13.169	213
CA	-14.476	-8.019	12.341	213
C	-14.215	-6.768	13.174	213
N	-15.259	-6.16	13.746	214
CA	-15.136	-4.858	14.418	214
C	-14.257	-4.95	15.662	214
N	-14.526	-5.901	16.564	215
CA	-13.722	-6.071	17.787	215
C	-12.26	-6.421	17.508	215
N	-11.977	-7.073	16.38	216
CA	-10.615	-7.427	15.997	216
C	-9.81	-6.225	15.475	216
N	-10.485	-5.21	14.926	217
CA	-9.845	-4.071	14.25	217
C	-9.864	-2.803	15.094	217
N	-10.994	-2.485	15.729	218
CA	-11.185	-1.196	16.397	218
C	-10.738	-1.298	17.856	218
N	-9.712	-0.535	18.287	219
CA	-9.283	-0.534	19.68	219
C	-10.437	-0.186	20.625	219
N	-10.597	-0.969	21.696	220
CA	-11.722	-0.849	22.628	220
C	-11.876	0.56	23.228	220
N	-10.774	1.297	23.396	221
CA	-10.769	2.679	23.893	221
C	-11.528	3.684	23.01	221
N	-11.791	3.349	21.743	222
CA	-12.569	4.189	20.833	222
C	-14.033	3.752	20.711	222
N	-14.433	2.65	21.349	223
CA	-15.798	2.132	21.318	223
C	-16.487	2.397	22.656	223
N	-17.737	2.843	22.606	224
CA	-18.579	3.01	23.79	224
C	-20.043	2.651	23.499	224
N	-20.896	2.776	24.517	225
CA	-22.327	2.463	24.432	225
C	-23.087	3.359	23.435	225
N	-22.496	4.489	23.024	226
CA	-23.063	5.421	22.051	226
C	-22.517	5.203	20.628	226
N	-21.648	4.215	20.384	227
CA	-21.178	3.916	19.023	227
C	-22.329	3.348	18.193	227
N	-22.604	3.978	17.05	228
CA	-23.685	3.579	16.145	228
C	-23.165	2.529	15.16	228
N	-23.897	1.425	15.009	229
CA	-23.545	0.334	14.099	229
C	-24.608	0.162	13.007	229
N	-24.218	0.349	11.745	230
CA	-25.036	0.039	10.57	230
C	-24.455	-1.177	9.841	230
N	-24.974	-2.362	10.159	231
CA	-24.458	-3.648	9.68	231
C	-25.462	-4.285	8.708	231
N	-25.095	-4.332	7.424	232
CA	-25.971	-4.601	6.278	232
C	-27.297	-3.811	6.349	232
N	-27.251	-2.461	6.369	233
CA	-28.442	-1.626	6.544	233
C	-29.482	-1.773	5.42	233
N	-29.092	-2.232	4.222	234
CA	-30.023	-2.543	3.122	234
C	-30.852	-3.812	3.351	234
N	-30.539	-4.589	4.388	235
CA	-31.173	-5.866	4.677	235
C	-30.651	-7.007	3.809	235
N	-30.65	-6.903	2.478	236
CA	-30.186	-7.992	1.595	236
C	-29.141	-7.489	0.606	236
N	-28.008	-8.187	0.517	237
CA	-26.935	-7.903	-0.438	237
C	-26.355	-9.204	-1.024	237
N	-27.164	-9.935	-1.797	238
CA	-26.741	-11.214	-2.412	238
C	-26.073	-11.01	-3.775	238
N	-26.646	-10.123	-4.594	239
CA	-26.093	-9.715	-5.889	239
C	-25.066	-8.614	-5.627	239
N	-23.822	-8.832	-6.043	240
CA	-22.714	-7.889	-5.882	240
C	-21.73	-7.988	-7.044	240
N	-20.585	-7.321	-6.913	241
CA	-19.559	-7.314	-7.951	241
C	-20.047	-6.718	-9.279	241
N	-19.45	-7.121	-10.417	242
CA	-19.8	-6.595	-11.741	242
C	-21.27	-6.801	-12.152	242
N	-21.945	-7.814	-11.594	243
CA	-23.379	-8.02	-11.818	243
C	-24.213	-6.928	-11.149	243
N	-23.865	-6.556	-9.914	244
CA	-24.537	-5.492	-9.168	244
C	-24.251	-4.092	-9.715	244
N	-23.003	-3.801	-10.084	245
CA	-22.56	-2.454	-10.473	245
C	-21.422	-2.522	-11.51	245
N	-21.221	-1.474	-12.306	246
CA	-20.041	-1.368	-13.179	246
C	-18.791	-1.031	-12.368	246
N	-17.617	-1.425	-12.858	247
CA	-16.335	-1.043	-12.269	247
C	-15.381	-0.459	-13.296	247
N	-14.562	0.507	-12.891	248
CA	-13.493	1.091	-13.695	248
C	-12.247	1.342	-12.834	248
N	-11.071	1.189	-13.437	249
CA	-9.783	1.556	-12.832	249
C	-9.793	3.029	-12.416	249
N	-9.175	3.351	-11.277	250
CA	-9.025	4.741	-10.843	250
C	-10.301	5.403	-10.314	250
N	-11.315	4.628	-9.911	251
CA	-12.562	5.154	-9.309	251
C	-12.595	5.094	-7.784	251
N	-11.459	4.765	-7.166	252
CA	-11.292	4.627	-5.713	252
C	-10.087	5.41	-5.173	252
N	-9.661	6.464	-5.874	253
CA	-8.441	7.242	-5.573	253
C	-8.366	7.829	-4.151	253
N	-9.503	8.169	-3.536	254
CA	-9.533	8.645	-2.142	254
C	-9.384	7.486	-1.144	254
N	-9.912	6.302	-1.476	255
CA	-9.695	5.059	-0.719	255
C	-8.249	4.58	-0.888	255
N	-7.635	4.824	-2.041	256
CA	-6.235	4.462	-2.27	256
C	-5.233	5.34	-1.535	256
N	-5.669	6.521	-1.1	257
CA	-4.813	7.536	-0.504	257
C	-5.093	7.74	0.985	257
N	-5.906	8.737	1.335	258
CA	-5.986	9.266	2.701	258
C	-7.418	9.394	3.23	258
N	-8.413	8.808	2.555	259
CA	-9.799	8.791	3.032	259
C	-10.426	10.18	3.206	259
N	-9.978	11.169	2.431	260
CA	-10.446	12.558	2.481	260
C	-9.548	13.503	3.285	260
N	-8.542	12.986	3.997	261
CA	-7.528	13.809	4.661	261
C	-6.432	14.269	3.702	261
N	-5.69	15.301	4.106	262
CA	-4.665	15.9	3.261	262
C	-5.299	16.514	2.014	262
N	-4.925	16.005	0.844	263
CA	-5.507	16.368	-0.442	263
C	-5.257	15.247	-1.467	263
N	-5.808	15.39	-2.674	264
CA	-5.578	14.461	-3.778	264
C	-5.353	15.209	-5.095	264
N	-4.483	14.66	-5.945	265
CA	-4.075	15.264	-7.216	265
C	-5.043	15.068	-8.38	265
N	-5.837	14.003	-8.3	266
CA	-6.779	13.567	-9.335	266
C	-6.292	12.344	-10.116	266
N	-4.976	12.141	-10.219	267
CA	-4.383	10.993	-10.903	267
C	-4.609	9.659	-10.184	267
N	-5.123	8.659	-10.904	268
CA	-5.199	7.274	-10.432	268
C	-3.818	6.597	-10.391	268
N	-3.687	5.507	-9.63	269
CA	-2.427	4.77	-9.502	269
C	-2.382	3.52	-10.385	269
N	-3.354	2.62	-10.223	270
CA	-3.413	1.289	-10.845	270
C	-3.217	1.305	-12.359	270
N	-2.472	0.33	-12.886	271
CA	-2.241	0.17	-14.326	271
C	-1.171	1.078	-14.924	271
N	-0.49	1.889	-14.109	272
CA	0.512	2.854	-14.578	272
C	1.928	2.447	-14.188	272
N	2.846	2.418	-15.151	273
CA	4.27	2.242	-14.848	273
C	4.862	3.476	-14.142	273
N	6.033	3.309	-13.532	274
CA	6.602	4.303	-12.631	274
C	7.064	5.615	-13.301	274
N	7.09	5.71	-14.641	275
CA	7.303	7.008	-15.306	275
C	6.076	7.92	-15.22	275
N	4.89	7.387	-14.889	276
CA	3.676	8.182	-14.663	276
C	3.728	8.762	-13.254	276
N	3.966	10.067	-13.192	277
CA	4.179	10.807	-11.941	277
C	2.962	10.823	-11.02	277
N	1.76	10.53	-11.525	278
CA	0.58	10.264	-10.689	278
C	0.864	9.23	-9.596	278
N	1.594	8.162	-9.941	279
CA	1.962	7.088	-9.017	279
C	3.27	7.395	-8.299	279
N	4.363	7.574	-9.042	280
CA	5.695	7.735	-8.439	280
C	5.826	9.037	-7.645	280
N	5.234	10.132	-8.126	281
CA	5.183	11.416	-7.426	281
C	4.321	11.374	-6.162	281
N	3.174	10.685	-6.182	282
CA	2.354	10.491	-4.98	282
C	3.065	9.619	-3.932	282
N	3.737	8.546	-4.362	283
CA	4.536	7.697	-3.473	283
C	5.698	8.481	-2.853	283
N	6.38	9.32	-3.638	284
CA	7.425	10.206	-3.137	284
C	6.882	11.226	-2.127	284
N	5.737	11.847	-2.412	285
CA	5.123	12.795	-1.493	285
C	4.711	12.113	-0.173	285
N	4.161	10.886	-0.221	286
CA	3.911	10.063	0.977	286
C	5.204	9.798	1.741	286
N	6.257	9.386	1.041	287
CA	7.559	9.084	1.63	287
C	8.137	10.286	2.383	287
N	8.038	11.482	1.796	288
CA	8.437	12.743	2.428	288
C	7.588	13.019	3.672	288
N	6.259	13.096	3.529	289
CA	5.363	13.452	4.63	289
C	5.518	12.486	5.817	289
N	5.599	11.177	5.534	290
CA	5.821	10.135	6.542	290
C	7.159	10.322	7.251	290
N	8.231	10.594	6.506	291
CA	9.569	10.777	7.08	291
C	9.654	12.022	7.967	291
N	9.012	13.126	7.571	292
CA	8.952	14.359	8.365	292
C	8.22	14.154	9.702	292
N	7.065	13.479	9.683	293
CA	6.303	13.171	10.907	293
C	7.054	12.16	11.781	293
N	7.653	11.121	11.189	294
CA	8.441	10.124	11.92	294
C	9.695	10.717	12.587	294
N	10.344	11.7	11.953	295
CA	11.456	12.456	12.535	295
C	11.013	13.419	13.659	295
N	9.708	13.507	13.939	296
CA	9.146	14.381	14.96	296
C	9.259	15.865	14.615	296
N	9.349	16.214	13.324	297
CA	9.399	17.602	12.85	297
C	8.015	18.259	12.816	297
N	6.944	17.469	12.723	298
CA	5.553	17.909	12.797	298
C	4.653	16.762	13.281	298
N	3.478	17.081	13.828	299
CA	2.469	16.062	14.157	299
C	1.718	15.593	12.901	299
N	1.545	16.5	11.927	300
CA	0.801	16.294	10.676	300
C	1.48	17.074	9.555	300
N	1.576	16.491	8.365	301
CA	2.275	17.108	7.239	301
C	1.573	16.79	5.915	301
N	1.32	17.826	5.112	302
CA	0.895	17.738	3.717	302
C	2.044	18.195	2.819	302
N	2.324	17.427	1.772	303
CA	3.315	17.75	0.742	303
C	2.621	17.745	-0.611	303
N	2.873	18.739	-1.458	304
CA	2.468	18.737	-2.865	304
C	3.711	18.736	-3.753	304
N	3.679	17.963	-4.835	305
CA	4.662	18.022	-5.928	305
C	3.921	18.192	-7.25	305
N	4.48	18.926	-8.213	306
CA	3.891	19.047	-9.555	306
C	4.918	18.893	-10.669	306
N	4.478	18.419	-11.832	307
CA	5.326	18.148	-12.993	307
C	4.695	18.669	-14.285	307
N	5.53	18.786	-15.317	308
CA	5.119	18.95	-16.712	308
C	5.659	17.788	-17.535	308
N	4.889	17.326	-18.521	309
CA	5.293	16.233	-19.407	309
C	6.665	16.512	-20.046	309
N	7.551	15.517	-20.026	310
CA	8.897	15.615	-20.599	310
C	9.921	16.42	-19.781	310
N	9.512	17.051	-18.674	311
CA	10.404	17.77	-17.75	311
C	10.769	16.861	-16.576	311
N	12.067	16.725	-16.285	312
CA	12.544	15.837	-15.222	312
C	12.331	16.428	-13.819	312
N	12.652	17.709	-13.608	313
CA	12.484	18.354	-12.297	313
C	11.016	18.732	-12.053	313
N	10.526	18.668	-10.802	314
CA	9.205	19.19	-10.476	314
C	9.121	20.699	-10.761	314
N	7.933	21.173	-11.143	315
CA	7.635	22.598	-11.31	315
C	7.437	23.302	-9.964	315
N	6.888	22.591	-8.98	316
CA	6.701	23.096	-7.623	316
C	6.789	21.979	-6.588	316
N	7.219	22.363	-5.387	317
CA	7.136	21.573	-4.158	317
C	6.551	22.484	-3.08	317
N	5.528	22.017	-2.372	318
CA	4.874	22.743	-1.281	318
C	4.763	21.843	-0.055	318
N	4.878	22.432	1.134	319
CA	4.708	21.742	2.412	319
C	3.887	22.6	3.371	319
N	2.979	21.96	4.106	320
CA	2.18	22.562	5.179	320
C	2.117	21.597	6.367	320
N	2.577	22.058	7.529	321
CA	2.526	21.291	8.784	321
C	1.27	21.547	9.609	321
N	0.303	22.285	9.068	322
CA	-0.926	22.715	9.729	322
C	-0.668	23.508	11.018	322
N	0.505	24.142	11.136	323
CA	0.977	24.814	12.351	323
C	1.467	23.87	13.458	323
N	1.728	22.596	13.144	324
CA	2.278	21.601	14.089	324
C	3.794	21.418	13.969	324
N	4.441	22.136	13.046	325
CA	5.88	22.071	12.818	325
C	6.707	22.608	13.991	325
N	7.818	21.933	14.307	326
CA	8.881	22.448	15.199	326
C	9.829	23.427	14.496	326
N	9.742	23.484	13.17	327
CA	10.418	24.409	12.261	327
C	9.359	25.088	11.401	327
N	9.707	26.215	10.796	328
CA	8.844	26.849	9.796	328
C	8.696	25.948	8.569	328
N	7.576	26.053	7.853	329
CA	7.363	25.269	6.629	329
C	8.441	25.564	5.561	329
N	9.023	26.772	5.56	330
CA	10.153	27.129	4.698	330
C	11.446	26.366	5.05	330
N	11.756	26.206	6.339	331
CA	12.881	25.369	6.776	331
C	12.627	23.887	6.475	331
N	11.383	23.42	6.619	332
CA	11.008	22.047	6.262	332
C	11.167	21.82	4.759	332
N	10.782	22.785	3.922	333
CA	10.997	22.714	2.478	333
C	12.488	22.573	2.132	333
N	13.371	23.321	2.8	334
CA	14.817	23.174	2.613	334
C	15.331	21.778	3.024	334
N	14.78	21.186	4.093	335
CA	15.069	19.791	4.469	335
C	14.613	18.838	3.357	335
N	13.447	19.065	2.744	336
CA	12.973	18.248	1.618	336
C	13.97	18.326	0.45	336
N	14.348	19.533	0.026	337
CA	15.265	19.756	-1.104	337
C	16.644	19.104	-0.894	337
N	17.13	19.068	0.35	338
CA	18.416	18.458	0.696	338
C	18.385	16.921	0.755	338
N	17.201	16.314	0.877	339
CA	17.063	14.882	1.144	339
C	16.407	14.093	0.011	339
N	15.625	14.713	-0.872	340
CA	14.82	13.994	-1.861	340
C	15.078	14.501	-3.281	340
N	15.56	13.614	-4.155	341
CA	15.636	13.893	-5.587	341
C	14.332	13.462	-6.258	341
N	13.505	14.452	-6.576	342
CA	12.153	14.25	-7.085	342
C	12.089	14.075	-8.608	342
N	13.215	13.877	-9.304	343
CA	13.167	13.515	-10.73	343
C	12.557	12.112	-10.902	343
N	11.645	11.862	-11.866	344
CA	10.981	10.563	-12.027	344
C	11.946	9.373	-12.109	344
N	13.069	9.52	-12.822	345
CA	14.1	8.48	-12.9	345
C	14.779	8.192	-11.556	345
N	15.033	9.229	-10.753	346
CA	15.56	9.09	-9.393	346
C	14.547	8.433	-8.457	346
N	13.263	8.789	-8.565	347
CA	12.192	8.149	-7.799	347
C	12.082	6.658	-8.125	347
N	12.163	6.291	-9.407	348
CA	12.168	4.891	-9.834	348
C	13.325	4.1	-9.217	348
N	14.523	4.699	-9.156	349
CA	15.718	4.118	-8.529	349
C	15.548	3.993	-7.014	349
N	15.258	5.1	-6.337	350
CA	15.261	5.195	-4.872	350
C	14.125	4.387	-4.238	350
N	12.962	4.338	-4.896	351
CA	11.806	3.553	-4.46	351
C	11.734	2.168	-5.135	351
N	12.692	1.81	-5.996	352
CA	12.78	0.498	-6.657	352
C	11.486	0.095	-7.4	352
N	10.929	1.021	-8.191	353
CA	9.581	0.932	-8.783	353
C	9.518	0.216	-10.143	353
N	10.597	-0.432	-10.568	354
CA	10.636	-1.25	-11.796	354
C	10.429	-2.742	-11.518	354
N	10.066	-3.09	-10.277	355
CA	9.781	-4.458	-9.823	355
C	8.276	-4.763	-9.932	355
N	7.871	-6.03	-10.135	356
CA	6.461	-6.429	-10.176	356
C	5.859	-6.517	-8.759	356
N	5.516	-5.365	-8.178	357
CA	5.085	-5.222	-6.774	357
C	3.707	-4.56	-6.616	357
N	3.003	-4.276	-7.712	358
CA	1.905	-3.313	-7.728	358
C	0.533	-3.935	-7.479	358
N	0.273	-5.192	-7.861	359
CA	-1.052	-5.813	-7.688	359
C	-1.518	-5.763	-6.23	359
N	-0.59	-5.927	-5.286	360
CA	-0.906	-5.851	-3.859	360
C	-1.247	-4.447	-3.368	360
N	-0.893	-3.381	-4.09	361
CA	-1.28	-1.998	-3.75	361
C	-2.732	-1.699	-4.11	361
N	-3.262	-2.38	-5.13	362
CA	-4.564	-2.103	-5.73	362
C	-5.779	-2.405	-4.827	362
N	-5.569	-2.977	-3.637	363
CA	-6.588	-3.2	-2.606	363
C	-5.999	-2.982	-1.206	363
N	-6.829	-2.518	-0.266	364
CA	-6.42	-2.195	1.109	364
C	-5.668	-0.864	1.269	364
N	-5.585	-0.054	0.208	365
CA	-4.88	1.23	0.182	365
C	-3.396	1.106	-0.191	365
N	-2.86	2.15	-0.831	366
CA	-1.452	2.207	-1.246	366
C	-0.516	2.628	-0.103	366
N	-1.052	3.284	0.928	367
CA	-0.285	3.904	2.007	367
C	-0.603	3.297	3.374	367
N	0.326	3.45	4.317	368
CA	0.152	3.01	5.701	368
C	0.276	1.506	5.922	368
N	0.999	0.802	5.048	369
CA	1.149	-0.658	5.072	369
C	2.607	-1.054	5.287	369
N	2.83	-2.118	6.056	370
CA	4.168	-2.562	6.476	370
C	4.777	-3.642	5.564	370
N	4.252	-3.81	4.352	371
CA	4.816	-4.755	3.392	371
C	6.174	-4.223	2.877	371
N	7.253	-5.03	2.904	372
CA	8.599	-4.587	2.54	372
C	8.757	-4.098	1.093	372
N	7.869	-4.453	0.159	373
CA	7.971	-3.882	-1.191	373
C	7.452	-2.444	-1.276	373
N	6.702	-1.965	-0.278	374
CA	6.22	-0.584	-0.224	374
C	7.314	0.321	0.325	374
N	8.347	0.5	-0.485	375
CA	9.556	1.266	-0.163	375
C	9.261	2.711	0.246	375
N	8.176	3.312	-0.253	376
CA	7.712	4.646	0.154	376
C	7.192	4.708	1.598	376
N	6.885	3.564	2.211	377
CA	6.539	3.464	3.628	377
C	7.78	3.322	4.527	377
N	8.983	3.136	3.97	378
CA	10.227	3.087	4.753	378
C	10.711	4.502	5.048	378
N	10.684	4.889	6.324	379
CA	11.098	6.224	6.781	379
C	12.55	6.501	6.388	379
N	12.788	7.656	5.759	380
CA	14.131	8.139	5.436	380
C	14.75	8.839	6.645	380
N	16.009	8.535	6.946	381
CA	16.809	9.345	7.869	381
C	17.134	10.697	7.213	381
N	16.661	11.789	7.818	382
CA	16.745	13.135	7.248	382
C	18.004	13.868	7.722	382
N	18.742	14.455	6.778	383
CA	19.762	15.475	7.049	383
C	19.061	16.8	7.354	383
N	19.309	17.343	8.543	384
CA	18.612	18.517	9.089	384
C	19.084	19.846	8.516	384
