ATOM	X	Y	Z	RESIDUE
N	-1.86	83.103	23.883	1
CA	-1.126	82.049	24.703	1
C	0.337	82.376	25.346	1
N	0.966	81.44	26.268	2
CA	1.958	80.91	27.379	2
C	3.511	80.538	27.759	2
N	4.166	79.997	29.025	3
CA	5.468	79.693	30.023	3
C	7.071	79.116	30.345	3
N	8.129	78.652	31.393	4
CA	9.483	77.973	32.169	4
C	11.147	78.105	32.685	4
N	12.338	77.26	33.266	5
CA	13.883	76.865	33.815	5
C	15.36	77.001	34.689	5
N	16.403	76.092	35.355	6
CA	17.819	75.596	36.048	6
C	19.191	75.609	37.081	6
N	20.146	74.607	37.769	7
CA	21.552	74.075	38.489	7
C	22.921	74.067	39.54	7
N	23.895	73.084	40.247	8
CA	25.319	72.556	40.973	8
C	26.735	72.529	42.011	8
N	27.757	71.544	42.74	9
CA	29.168	70.899	43.466	9
C	30.592	70.831	44.504	9
N	31.498	69.768	45.282	10
CA	32.846	69.288	46.227	10
C	34.072	69.123	47.466	10
N	35.162	68.168	48.156	11
CA	36.001	67.656	49.557	11
C	37.639	67.104	49.923	11
N	38.399	66.515	51.175	12
CA	39.592	65.676	52.127	12
C	41.228	65.434	52.749	12
N	42.068	64.92	53.979	13
CA	43.351	64.096	54.744	13
C	45.052	63.796	55.167	13
N	46.059	62.876	56.004	14
CA	47.515	62.282	56.657	14
C	49.015	62.477	57.498	14
N	50.207	61.724	58.206	15
CA	51.137	61.306	59.552	15
C	52.734	60.759	60.045	15
N	53.54	60.352	61.311	16
CA	54.981	59.961	61.982	16
C	56.596	60.096	62.46	16
N	57.647	59.643	63.509	17
CA	58.544	58.594	64.407	17
C	60.066	58.673	65.265	17
N	60.906	57.69	66.121	18
CA	62.162	57.104	67.085	18
C	63.808	56.539	67.436	18
N	64.697	56.075	68.697	19
CA	66.003	55.239	69.492	19
C	67.739	55.135	69.883	19
N	68.964	54.308	70.552	20
CA	70.512	53.751	71.116	20
C	72.121	53.828	71.875	20
N	73.056	52.809	72.686	21
CA	74.117	52.202	73.875	21
C	75.621	52.272	74.759	21
N	76.739	51.582	75.709	22
CA	77.703	50.272	76.303	22
C	79.101	50.365	77.328	22
N	80.292	49.85	78.21	23
CA	81.123	49.379	79.357	23
C	82.538	49.933	79.242	23
N	83.019	50.543	80.323	24
CA	84.352	51.139	80.357	24
C	85.396	50.174	80.921	24
N	86.53	50.076	80.233	25
CA	87.629	49.206	80.638	25
C	88.879	50.068	80.771	25
N	89.948	49.499	81.318	26
CA	91.21	50.229	81.407	26
C	92.213	49.375	80.645	26
N	92.194	49.527	79.326	27
CA	93.067	48.766	78.447	27
C	94.322	49.533	78.073	27
N	94.167	50.84	77.887	28
CA	95.269	51.72	77.515	28
C	94.931	53.151	77.908	28
N	95.935	53.906	78.345	29
CA	95.703	55.297	78.731	29
C	95.32	56.086	77.485	29
N	95.754	55.589	76.331	30
CA	95.478	56.236	75.052	30
C	93.971	56.288	74.784	30
N	93.222	55.342	75.357	31
CA	91.767	55.289	75.187	31
C	91.047	56.298	76.081	31
N	91.747	56.819	77.079	32
CA	91.151	57.774	78.009	32
C	91.525	59.215	77.683	32
N	90.619	60.145	77.982	33
CA	90.874	61.56	77.731	33
C	91.882	62.051	78.765	33
N	92.545	63.165	78.476	34
CA	93.523	63.71	79.409	34
C	92.876	64.03	80.753	34
N	91.642	64.525	80.72	35
CA	90.933	64.869	81.95	35
C	90.69	63.634	82.815	35
N	90.335	62.523	82.177	36
CA	90.083	61.292	82.913	36
C	91.376	60.793	83.548	36
N	92.467	60.849	82.79	37
CA	93.76	60.406	83.294	37
C	94.204	61.264	84.472	37
N	93.932	62.566	84.4	38
CA	94.308	63.47	85.479	38
C	93.499	63.145	86.721	38
N	92.233	62.792	86.526	39
CA	91.369	62.441	87.644	39
C	91.912	61.177	88.313	39
N	92.362	60.224	87.5	40
CA	92.917	58.975	88.022	40
C	94.15	59.24	88.876	40
N	95.102	59.98	88.317	41
CA	96.334	60.299	89.026	41
C	96.058	61.039	90.33	41
N	95.073	61.933	90.314	42
CA	94.717	62.677	91.521	42
C	94.08	61.753	92.563	42
N	93.242	60.82	92.119	43
CA	92.617	59.887	93.058	43
C	93.708	58.976	93.618	43
N	94.711	58.693	92.792	44
CA	95.838	57.854	93.201	44
C	96.563	58.556	94.344	44
N	96.785	59.857	94.181	45
CA	97.457	60.636	95.217	45
C	96.6	60.658	96.478	45
N	95.283	60.709	96.3	46
CA	94.36	60.736	97.434	46
C	94.442	59.416	98.201	46
N	94.418	58.306	97.47	47
CA	94.504	56.988	98.093	47
C	95.84	56.789	98.791	47
N	96.884	57.398	98.242	48
CA	98.211	57.28	98.831	48
C	98.218	57.912	100.22	48
N	97.366	58.914	100.421	49
CA	97.278	59.587	101.718	49
C	96.33	58.865	102.683	49
N	95.277	58.258	102.139	50
CA	94.283	57.532	102.935	50
C	94.11	56.166	102.271	50
N	94.953	55.213	102.657	51
CA	94.951	53.877	102.065	51
C	93.727	52.984	102.258	51
N	93.091	53.03	103.424	52
CA	91.922	52.179	103.653	52
C	90.626	52.857	103.224	52
N	89.777	52.111	102.524	53
CA	88.518	52.667	102.061	53
C	87.463	51.602	101.851	53
N	86.294	52.011	101.371	54
CA	85.218	51.064	101.133	54
C	84.77	51.057	99.674	54
N	85.601	51.601	98.789	55
CA	85.266	51.652	97.368	55
C	84.992	50.28	96.758	55
N	85.573	49.237	97.345	56
CA	85.379	47.883	96.839	56
C	84.771	46.964	97.898	56
N	84.071	47.536	98.872	57
CA	83.481	46.723	99.934	57
C	82.57	45.621	99.392	57
N	82.912	44.373	99.707	58
CA	82.119	43.245	99.255	58
C	82.289	42.937	97.781	58
N	83.177	43.668	97.114	59
CA	83.42	43.461	95.685	59
C	84.646	42.573	95.503	59
N	84.85	42.08	94.289	60
CA	86.0	41.226	94.028	60
C	86.569	41.432	92.632	60
N	87.834	41.065	92.47	61
CA	88.501	41.175	91.186	61
C	89.251	39.877	90.933	61
N	89.166	39.375	89.707	62
CA	89.873	38.159	89.337	62
C	91.15	38.63	88.646	62
N	92.301	38.226	89.179	63
CA	93.593	38.607	88.612	63
C	94.117	37.412	87.828	63
N	94.003	37.471	86.507	64
CA	94.44	36.357	85.667	64
C	95.846	36.566	85.129	64
N	96.764	35.706	85.559	65
CA	98.162	35.799	85.153	65
C	98.619	34.685	84.22	65
N	99.102	35.06	83.039	66
CA	99.618	34.074	82.1	66
C	101.146	34.124	82.129	66
N	101.695	35.026	82.944	67
CA	103.146	35.19	83.077	67
C	103.515	35.544	84.519	67
N	104.809	35.459	84.871	68
CA	105.221	35.782	86.244	68
C	104.914	37.219	86.672	68
N	104.932	37.448	87.982	69
CA	104.69	38.775	88.548	69
C	104.837	38.8	90.057	69
N	105.433	39.871	90.576	70
CA	105.562	40.034	92.017	70
C	104.825	41.311	92.429	70
N	105.178	42.439	91.814	71
CA	104.538	43.714	92.144	71
C	103.073	43.801	91.719	71
N	102.782	43.437	90.474	72
CA	101.408	43.519	89.986	72
C	100.469	42.648	90.822	72
N	100.862	41.402	91.056	73
CA	100.042	40.499	91.853	73
C	99.869	41.044	93.271	73
N	100.982	41.372	93.916	74
CA	100.93	41.883	95.281	74
C	100.138	43.181	95.435	74
N	100.421	44.175	94.593	75
CA	99.722	45.458	94.701	75
C	98.216	45.363	94.437	75
N	97.807	44.595	93.433	76
CA	96.374	44.442	93.167	76
C	95.708	43.686	94.321	76
N	96.33	42.596	94.755	77
CA	95.757	41.805	95.843	77
C	95.575	42.657	97.102	77
N	96.613	43.395	97.484	78
CA	96.533	44.263	98.661	78
C	95.577	45.427	98.45	78
N	95.577	45.975	97.237	79
CA	94.699	47.088	96.923	79
C	93.241	46.705	97.091	79
N	92.884	45.509	96.629	80
CA	91.514	45.036	96.758	80
C	91.186	44.926	98.244	80
N	92.113	44.353	99.006	81
CA	91.927	44.189	100.441	81
C	91.72	45.514	101.179	81
N	92.569	46.487	100.875	82
CA	92.498	47.785	101.534	82
C	91.23	48.561	101.223	82
N	90.577	48.22	100.115	83
CA	89.334	48.887	99.736	83
C	88.106	48.054	100.094	83
N	88.307	47.04	100.934	84
CA	87.199	46.209	101.383	84
C	86.76	45.089	100.457	84
N	87.542	44.823	99.416	85
CA	87.19	43.77	98.48	85
C	88.106	42.567	98.611	85
N	88.06	41.676	97.623	86
CA	88.891	40.473	97.628	86
C	89.352	40.14	96.222	86
N	90.627	39.786	96.088	87
CA	91.17	39.412	94.79	87
C	91.35	37.901	94.722	87
N	90.981	37.315	93.586	88
CA	91.149	35.884	93.361	88
C	92.244	35.789	92.301	88
N	93.357	35.154	92.649	89
CA	94.478	35.027	91.723	89
C	94.391	33.714	90.963	89
N	94.441	33.8	89.638	90
CA	94.356	32.622	88.79	90
C	95.54	32.538	87.831	90
N	95.985	31.315	87.568	91
CA	97.103	31.079	86.661	91
C	96.748	29.916	85.738	91
N	96.093	30.215	84.601	92
CA	95.694	29.193	83.631	92
C	96.888	28.332	83.241	92
N	96.696	27.018	83.268	93
CA	97.78	26.117	82.936	93
C	98.481	25.649	84.196	93
N	98.279	26.374	85.294	94
CA	98.887	26.011	86.569	94
C	97.8	25.49	87.496	94
N	96.857	26.354	87.862	95
CA	95.751	25.934	88.714	95
C	94.474	25.936	87.872	95
N	94.181	27.063	87.234	96
CA	93.003	27.159	86.378	96
C	93.325	26.404	85.093	96
N	92.299	26.109	84.299	97
CA	92.498	25.376	83.044	97
C	93.051	26.265	81.928	97
N	93.828	25.679	80.988	98
CA	94.408	26.432	79.864	98
C	93.286	26.961	78.971	98
N	93.463	28.17	78.442	99
CA	92.423	28.825	77.654	99
C	92.681	29.075	76.163	99
N	91.64	28.864	75.365	100
CA	91.689	29.057	73.915	100
C	91.129	30.436	73.572	100
N	91.806	31.172	72.693	101
CA	91.32	32.497	72.319	101
C	90.872	32.617	70.864	101
N	91.344	31.714	70.009	102
CA	90.964	31.732	68.598	102
C	89.5	31.33	68.429	102
N	88.826	31.953	67.466	103
CA	87.417	31.666	67.215	103
C	87.181	30.605	66.143	103
N	86.16	29.779	66.36	104
CA	85.805	28.747	65.401	104
C	86.746	27.568	65.259	104
N	87.792	27.529	66.074	105
CA	88.75	26.432	66.011	105
C	88.189	25.172	66.665	105
N	88.754	24.024	66.301	106
CA	88.358	22.741	66.873	106
C	89.304	22.522	68.05	106
N	88.779	22.658	69.262	107
CA	89.59	22.516	70.465	107
C	89.952	21.087	70.846	107
N	90.872	20.497	70.09	108
CA	91.314	19.134	70.352	108
C	92.793	19.137	70.714	108
N	93.29	20.31	71.098	109
CA	94.683	20.446	71.476	109
C	94.896	20.594	72.976	109
N	95.817	21.474	73.353	110
CA	96.147	21.699	74.759	110
C	95.109	22.492	75.554	110
N	94.484	23.481	74.924	111
CA	93.488	24.3	75.613	111
C	92.221	23.514	75.971	111
N	91.73	23.711	77.198	112
CA	90.537	23.016	77.71	112
C	89.217	23.749	77.525	112
N	89.248	25.079	77.541	113
CA	88.028	25.858	77.37	113
C	88.301	27.172	76.65	113
N	87.236	27.793	76.17	114
CA	87.346	29.035	75.418	114
C	87.116	30.285	76.263	114
N	87.805	31.369	75.909	115
CA	87.676	32.635	76.622	115
C	86.218	33.088	76.649	115
N	85.452	32.71	75.629	116
CA	84.039	33.074	75.579	116
C	83.372	32.637	76.878	116
N	83.589	31.383	77.265	117
CA	83.012	30.864	78.499	117
C	83.72	31.42	79.728	117
N	85.047	31.445	79.686	118
CA	85.807	31.933	80.831	118
C	85.415	33.338	81.265	118
N	85.334	34.266	80.317	119
CA	84.989	35.649	80.646	119
C	83.56	35.787	81.152	119
N	82.64	35.037	80.558	120
CA	81.243	35.091	80.975	120
C	81.065	34.494	82.367	120
N	81.784	33.41	82.65	121
CA	81.701	32.771	83.963	121
C	82.244	33.704	85.038	121
N	83.463	34.199	84.838	122
CA	84.064	35.105	85.813	122
C	83.17	36.313	86.01	122
N	82.471	36.7	84.949	123
CA	81.579	37.841	85.025	123
C	80.388	37.601	85.936	123
N	80.142	36.339	86.278	124
CA	79.032	35.994	87.163	124
C	79.56	35.93	88.595	124
N	80.885	35.924	88.732	125
CA	81.531	35.844	90.044	125
C	82.085	37.166	90.554	125
N	82.993	37.752	89.779	126
CA	83.656	38.991	90.174	126
C	83.116	40.279	89.561	126
N	83.587	41.406	90.085	127
CA	83.156	42.723	89.623	127
C	84.152	43.36	88.667	127
N	85.356	42.803	88.629	128
CA	86.422	43.302	87.767	128
C	87.334	42.148	87.383	128
N	87.949	42.245	86.21	129
CA	88.877	41.218	85.758	129
C	90.171	41.862	85.284	129
N	91.286	41.419	85.853	130
CA	92.573	41.933	85.435	130
C	93.268	40.824	84.661	130
N	94.021	41.166	83.624	131
CA	94.709	40.121	82.885	131
C	96.107	40.512	82.455	131
N	97.031	39.583	82.66	132
CA	98.422	39.764	82.282	132
C	98.758	38.677	81.274	132
N	99.198	39.074	80.084	133
CA	99.547	38.108	79.05	133
C	100.587	38.686	78.098	133
N	101.836	38.263	78.268	134
CA	102.924	38.738	77.42	134
C	102.818	38.129	76.031	134
N	103.512	38.723	75.05	135
CA	103.447	38.151	73.706	135
C	104.104	36.775	73.756	135
N	103.848	35.948	72.749	136
CA	104.43	34.61	72.71	136
C	105.819	34.631	72.077	136
N	106.15	35.754	71.443	137
CA	107.45	35.965	70.807	137
C	107.744	35.118	69.566	137
N	106.723	34.459	69.033	138
CA	106.9	33.636	67.837	138
C	106.545	34.429	66.578	138
N	105.562	35.314	66.701	139
CA	105.104	36.112	65.569	139
C	104.53	37.438	66.063	139
N	105.235	38.537	65.81	140
CA	104.759	39.843	66.256	140
C	103.446	40.239	65.583	140
N	103.191	39.711	64.388	141
CA	101.949	40.024	63.69	141
C	100.764	39.539	64.513	141
N	100.962	38.448	65.24	142
CA	99.907	37.901	66.078	142
C	99.9	38.551	67.458	142
N	101.082	38.712	68.045	143
CA	101.179	39.308	69.374	143
C	100.667	40.743	69.41	143
N	100.96	41.52	68.368	144
CA	100.534	42.916	68.343	144
C	99.027	43.113	68.244	144
N	98.285	42.044	67.984	145
CA	96.835	42.172	67.886	145
C	96.204	42.275	69.277	145
N	96.979	41.951	70.31	146
CA	96.487	42.046	71.689	146
C	95.223	41.189	71.834	146
N	95.281	39.967	71.313	147
CA	94.145	39.049	71.341	147
C	93.583	38.689	72.717	147
N	94.454	38.422	73.681	148
CA	93.985	38.058	75.016	148
C	93.216	39.194	75.688	148
N	93.809	40.383	75.74	149
CA	93.145	41.52	76.372	149
C	91.83	41.852	75.662	149
N	91.869	41.902	74.334	150
CA	90.673	42.202	73.552	150
C	89.592	41.149	73.757	150
N	89.993	39.886	73.867	151
CA	89.015	38.822	74.071	151
C	88.331	38.993	75.427	151
N	89.101	39.323	76.458	152
CA	88.497	39.533	77.768	152
C	87.529	40.711	77.734	152
N	87.936	41.804	77.097	153
CA	87.086	42.988	77.021	153
C	85.803	42.718	76.238	153
N	85.904	41.863	75.227	154
CA	84.765	41.515	74.386	154
C	83.726	40.645	75.087	154
N	84.18	39.564	75.715	155
CA	83.274	38.629	76.376	155
C	82.91	38.912	77.832	155
N	83.703	39.725	78.519	156
CA	83.404	40.026	79.916	156
C	82.291	41.046	80.104	156
N	81.347	40.759	81.014	157
CA	80.235	41.672	81.286	157
C	80.653	42.706	82.333	157
N	81.885	42.576	82.822	158
CA	82.418	43.492	83.822	158
C	83.706	44.138	83.311	158
N	84.086	45.291	83.881	159
CA	85.303	45.983	83.446	159
C	86.571	45.138	83.48	159
N	87.393	45.312	82.451	160
CA	88.653	44.596	82.322	160
C	89.822	45.561	82.509	160
N	90.842	45.115	83.237	161
CA	92.031	45.928	83.498	161
C	93.282	45.259	82.929	161
N	94.043	46.012	82.142	162
CA	95.278	45.521	81.535	162
C	96.379	45.45	82.606	162
N	96.805	44.239	82.966	163
CA	97.862	44.066	83.967	163
C	99.2	43.825	83.269	163
N	99.209	44.18	81.986	164
CA	100.323	44.1	81.042	164
C	100.218	43.019	79.974	164
N	100.078	43.46	78.728	165
CA	100.035	42.561	77.584	165
C	101.114	43.114	76.644	165
N	100.734	43.97	75.695	166
CA	101.722	44.575	74.799	166
C	101.903	46.047	75.173	166
N	101.136	46.479	76.171	167
CA	101.227	47.822	76.737	167
C	101.082	47.578	78.238	167
N	101.473	48.552	79.048	168
CA	101.421	48.404	80.5	168
C	100.905	49.724	81.083	168
N	99.626	50.062	80.832	169
CA	99.026	51.307	81.33	169
C	99.077	51.541	82.843	169
N	99.038	50.474	83.64	170
CA	99.11	50.653	85.088	170
C	100.492	51.175	85.451	170
N	101.503	50.7	84.734	171
CA	102.872	51.139	84.975	171
C	102.97	52.61	84.576	171
N	102.366	52.953	83.44	172
CA	102.382	54.334	82.954	172
C	101.977	55.325	84.033	172
N	100.863	55.041	84.699	173
CA	100.36	55.938	85.727	173
C	101.19	55.943	87.003	173
N	101.756	54.794	87.364	174
CA	102.588	54.711	88.561	174
C	103.829	55.555	88.288	174
N	104.335	55.429	87.064	175
CA	105.507	56.156	86.585	175
C	105.216	57.658	86.562	175
N	104.121	58.038	85.905	176
CA	103.731	59.444	85.81	176
C	103.593	60.078	87.187	176
N	102.889	59.399	88.088	177
CA	102.701	59.923	89.434	177
C	104.04	60.127	90.135	177
N	104.935	59.152	90.01	178
CA	106.248	59.25	90.639	178
C	107.021	60.468	90.128	178
N	106.884	60.765	88.839	179
CA	107.573	61.912	88.256	179
C	106.963	63.214	88.757	179
N	105.636	63.265	88.843	180
CA	104.965	64.471	89.313	180
C	105.32	64.734	90.769	180
N	105.454	63.663	91.543	181
CA	105.817	63.8	92.945	181
C	107.252	64.31	93.036	181
N	108.144	63.713	92.251	182
CA	109.545	64.115	92.257	182
C	109.742	65.586	91.892	182
N	109.057	66.05	90.85	183
CA	109.196	67.443	90.434	183
C	108.269	68.4	91.172	183
N	107.388	67.852	92.005	184
CA	106.474	68.676	92.78	184
C	105.39	69.395	91.994	184
N	105.015	68.842	90.848	185
CA	103.982	69.447	90.017	185
C	103.387	68.436	89.046	185
N	102.096	68.588	88.721	186
CA	101.436	67.667	87.79	186
C	101.853	67.972	86.355	186
N	102.384	69.175	86.147	187
CA	102.799	69.619	84.818	187
C	104.256	69.293	84.514	187
N	104.455	68.297	83.657	188
CA	105.79	67.848	83.287	188
C	106.276	68.418	81.952	188
N	105.462	69.261	81.324	189
CA	105.834	69.863	80.044	189
C	107.175	70.571	80.167	189
N	108.05	70.366	79.188	190
CA	109.345	71.021	79.221	190
C	110.517	70.157	79.645	190
N	110.248	69.068	80.36	191
CA	111.317	68.181	80.808	191
C	111.828	67.287	79.682	191
N	113.132	67.024	79.671	192
CA	113.697	66.15	78.654	192
C	113.62	64.722	79.176	192
N	112.835	63.906	78.487	193
CA	112.619	62.515	78.863	193
C	113.359	61.572	77.921	193
N	114.19	60.703	78.482	194
CA	114.934	59.745	77.676	194
C	114.524	58.295	77.944	194
N	113.841	57.691	76.979	195
CA	113.44	56.293	77.09	195
C	114.55	55.512	76.402	195
N	115.392	54.852	77.188	196
CA	116.5	54.107	76.613	196
C	116.436	52.595	76.734	196
N	116.793	51.934	75.641	197
CA	116.861	50.486	75.598	197
C	118.083	50.196	76.454	197
N	118.102	49.048	77.118	198
CA	119.258	48.67	77.914	198
C	119.471	47.182	77.703	198
N	120.631	46.678	78.105	199
CA	120.945	45.272	77.899	199
C	120.244	44.269	78.816	199
N	120.058	43.063	78.286	200
CA	119.436	41.941	78.986	200
C	119.837	40.728	78.152	200
N	120.169	39.605	78.803	201
CA	120.568	38.412	78.05	201
C	119.507	37.831	77.122	201
N	118.243	38.139	77.391	202
CA	117.15	37.62	76.577	202
C	116.325	38.718	75.925	202
N	115.645	38.389	74.817	203
CA	114.804	39.358	74.111	203
C	113.491	39.43	74.893	203
N	113.111	40.627	75.329	204
CA	111.892	40.785	76.115	204
C	110.759	41.57	75.459	204
N	109.645	41.63	76.18	205
CA	108.427	42.326	75.774	205
C	108.682	43.827	75.565	205
N	108.047	44.432	74.557	206
CA	108.21	45.872	74.315	206
C	107.18	46.681	75.101	206
N	106.224	45.979	75.703	207
CA	105.146	46.597	76.469	207
C	105.522	47.818	77.307	207
N	106.505	47.668	78.188	208
CA	106.895	48.785	79.04	208
C	107.419	49.977	78.245	208
N	108.176	49.71	77.183	209
CA	108.714	50.786	76.356	209
C	107.583	51.465	75.59	209
N	106.671	50.666	75.038	210
CA	105.542	51.217	74.293	210
C	104.748	52.159	75.19	210
N	104.525	51.721	76.423	211
CA	103.777	52.511	77.39	211
C	104.515	53.757	77.853	211
N	105.821	53.642	78.062	212
CA	106.6	54.791	78.509	212
C	106.554	55.872	77.436	212
N	106.707	55.453	76.184	213
CA	106.688	56.381	75.059	213
C	105.325	57.065	74.996	213
N	104.28	56.278	75.226	214
CA	102.909	56.768	75.19	214
C	102.589	57.804	76.266	214
N	102.88	57.481	77.525	215
CA	102.579	58.403	78.616	215
C	103.512	59.618	78.682	215
N	104.787	59.429	78.353	216
CA	105.738	60.538	78.395	216
C	105.334	61.63	77.404	216
N	104.842	61.222	76.235	217
CA	104.407	62.175	75.219	217
C	103.035	62.739	75.574	217
N	102.178	61.898	76.149	218
CA	100.843	62.336	76.542	218
C	100.989	63.395	77.634	218
N	102.108	63.339	78.353	219
CA	102.392	64.288	79.426	219
C	103.069	65.55	78.891	219
N	103.391	65.541	77.6	220
CA	104.004	66.698	76.974	220
C	105.487	66.931	77.183	220
N	106.254	65.875	77.434	221
CA	107.69	66.037	77.627	221
C	108.43	65.939	76.292	221
N	109.708	66.313	76.303	222
CA	110.555	66.245	75.114	222
C	111.19	64.865	75.173	222
N	110.585	63.931	74.45	223
CA	111.008	62.54	74.44	223
C	111.974	62.081	73.361	223
N	113.003	61.372	73.801	224
CA	113.986	60.808	72.898	224
C	114.042	59.302	73.116	224
N	113.729	58.541	72.072	225
CA	113.794	57.089	72.156	225
C	115.202	56.698	71.742	225
N	115.995	56.278	72.72	226
CA	117.376	55.878	72.49	226
C	117.479	54.354	72.409	226
N	118.01	53.848	71.299	227
CA	118.181	52.409	71.125	227
C	119.366	52.106	70.204	227
N	119.971	50.916	70.35	228
CA	121.124	50.5	69.541	228
C	121.037	50.687	68.024	228
N	119.973	50.186	67.406	229
CA	119.822	50.305	65.958	229
C	118.36	50.486	65.553	229
N	118.116	50.841	64.279	230
CA	116.753	51.034	63.782	230
C	115.9	49.784	63.988	230
N	116.556	48.637	64.144	231
CA	115.849	47.377	64.363	231
C	115.132	47.374	65.713	231
N	115.573	48.241	66.62	232
CA	114.977	48.307	67.951	232
C	113.934	49.4	68.147	232
N	113.571	50.081	67.065	233
CA	112.556	51.12	67.136	233
C	111.239	50.403	67.437	233
N	110.391	51.03	68.245	234
CA	109.118	50.429	68.628	234
C	108.117	50.333	67.481	234
N	107.086	49.519	67.678	235
CA	106.067	49.328	66.66	235
C	105.491	50.669	66.225	235
N	105.193	50.786	64.934	236
CA	104.651	52.019	64.378	236
C	103.425	52.516	65.134	236
N	102.597	51.588	65.604	237
CA	101.395	51.955	66.342	237
C	101.723	52.945	67.456	237
N	102.76	52.637	68.231	238
CA	103.16	53.486	69.347	238
C	103.952	54.718	68.931	238
N	104.713	54.619	67.845	239
CA	105.453	55.786	67.384	239
C	104.407	56.801	66.924	239
N	103.286	56.296	66.412	240
CA	102.207	57.158	65.941	240
C	101.404	57.739	67.092	240
N	101.126	56.924	68.108	241
CA	100.392	57.42	69.267	241
C	101.186	58.59	69.833	241
N	102.495	58.391	69.944	242
CA	103.395	59.401	70.487	242
C	103.363	60.673	69.652	242
N	103.487	60.514	68.338	243
CA	103.462	61.651	67.426	243
C	102.177	62.437	67.64	243
N	101.07	61.72	67.798	244
CA	99.779	62.36	68.013	244
C	99.717	63.031	69.378	244
N	100.317	62.394	70.381	245
CA	100.319	62.947	71.731	245
C	101.145	64.227	71.793	245
N	102.289	64.225	71.117	246
CA	103.155	65.399	71.092	246
C	102.394	66.581	70.505	246
N	101.767	66.356	69.356	247
CA	101.007	67.398	68.683	247
C	99.911	67.973	69.574	247
N	99.391	67.154	70.485	248
CA	98.322	67.586	71.381	248
C	98.801	68.119	72.732	248
N	99.949	67.641	73.199	249
CA	100.474	68.074	74.49	249
C	101.503	69.19	74.41	249
N	102.209	69.278	73.289	250
CA	103.208	70.321	73.139	250
C	104.632	69.849	73.37	250
N	104.811	68.543	73.534	251
CA	106.145	68.011	73.745	251
C	106.84	67.774	72.418	251
N	107.735	66.793	72.381	252
CA	108.459	66.47	71.159	252
C	108.938	65.025	71.195	252
N	109.176	64.457	70.019	253
CA	109.634	63.08	69.912	253
C	110.743	62.942	68.88	253
N	111.745	62.135	69.204	254
CA	112.855	61.894	68.296	254
C	113.502	60.554	68.624	254
N	114.049	59.905	67.602	255
CA	114.718	58.622	67.767	255
C	116.221	58.867	67.689	255
N	116.975	58.199	68.553	256
CA	118.421	58.37	68.581	256
C	119.168	57.071	68.838	256
N	120.332	56.942	68.209	257
CA	121.173	55.766	68.379	257
C	122.503	56.207	68.985	257
N	122.538	57.45	69.459	258
CA	123.736	58.007	70.074	258
C	123.507	58.297	71.553	258
N	124.165	57.514	72.397	259
CA	124.057	57.624	73.849	259
C	124.355	59.0	74.449	259
N	125.58	59.477	74.267	260
CA	125.984	60.76	74.83	260
C	125.065	61.941	74.539	260
N	124.625	62.086	73.294	261
CA	123.747	63.2	72.945	261
C	122.34	63.04	73.519	261
N	121.868	61.801	73.615	262
CA	120.534	61.544	74.149	262
C	120.451	61.9	75.633	262
N	121.391	61.385	76.422	263
CA	121.417	61.649	77.86	263
C	121.646	63.121	78.198	263
N	122.384	63.809	77.332	264
CA	122.72	65.217	77.525	264
C	121.576	66.094	78.017	264
N	121.721	66.595	79.242	265
CA	120.719	67.469	79.829	265
C	119.375	66.848	80.164	265
N	119.29	65.522	80.14	266
CA	118.031	64.845	80.438	266
C	117.54	65.119	81.856	266
N	116.219	65.147	82.014	267
CA	115.59	65.367	83.314	267
C	115.144	64.02	83.877	267
N	114.797	63.108	82.976	268
CA	114.352	61.775	83.362	268
C	114.918	60.73	82.415	268
N	115.392	59.629	82.985	269
CA	115.921	58.517	82.205	269
C	115.173	57.254	82.645	269
N	114.493	56.611	81.701	270
CA	113.732	55.391	81.974	270
C	114.265	54.296	81.063	270
N	114.818	53.239	81.651	271
CA	115.382	52.155	80.86	271
C	114.564	50.873	80.859	271
N	114.653	50.142	79.75	272
CA	113.968	48.866	79.591	272
C	114.577	48.138	78.402	272
N	114.773	46.835	78.543	273
CA	115.325	46.046	77.457	273
C	114.172	45.334	76.767	273
N	114.267	45.193	75.449	274
CA	113.235	44.507	74.683	274
C	113.865	43.88	73.449	274
N	113.222	42.846	72.917	275
CA	113.745	42.188	71.734	275
C	113.377	42.956	70.479	275
N	114.289	42.983	69.51	276
CA	114.039	43.688	68.256	276
C	112.848	43.041	67.561	276
N	111.838	43.846	67.249	277
CA	110.624	43.348	66.616	277
C	110.832	42.546	65.334	277
N	111.749	42.988	64.463	278
CA	111.957	42.227	63.228	278
C	112.489	40.81	63.442	278
N	112.95	40.515	64.655	279
CA	113.493	39.193	64.948	279
C	112.552	38.227	65.651	279
N	111.269	38.571	65.73	280
CA	110.301	37.685	66.367	280
C	110.248	36.366	65.603	280
N	110.307	35.256	66.332	281
CA	110.27	33.952	65.7	281
C	111.635	33.531	65.189	281
N	112.598	34.444	65.272	282
CA	113.961	34.194	64.815	282
C	114.938	34.943	65.719	282
N	115.054	34.481	66.962	283
CA	115.913	35.123	67.953	283
C	117.398	34.769	67.941	283
N	117.761	33.642	67.337	284
CA	119.166	33.243	67.3	284
C	120.079	34.353	66.774	284
N	119.694	35.007	65.664	285
CA	120.525	36.081	65.109	285
C	120.513	37.423	65.849	285
N	119.447	37.723	66.59	286
CA	119.407	39.0	67.302	286
C	120.212	38.932	68.596	286
N	120.602	37.721	68.987	287
CA	121.389	37.519	70.199	287
C	122.767	38.172	70.077	287
N	123.516	37.852	69.007	288
CA	124.84	38.462	68.855	288
C	124.728	39.977	68.709	288
N	123.565	40.438	68.259	289
CA	123.328	41.864	68.089	289
C	123.204	42.558	69.444	289
N	122.242	42.131	70.256	290
CA	122.06	42.746	71.569	290
C	123.344	42.636	72.388	290
N	124.033	41.508	72.246	291
CA	125.271	41.257	72.98	291
C	126.389	42.254	72.687	291
N	126.346	42.897	71.526	292
CA	127.375	43.872	71.196	292
C	126.965	45.264	71.674	292
N	125.852	45.336	72.4	293
CA	125.378	46.611	72.922	293
C	125.131	46.597	74.422	293
N	125.865	45.765	75.154	294
CA	125.667	45.732	76.593	294
C	126.214	46.99	77.252	294
N	126.807	47.87	76.447	295
CA	127.338	49.122	76.971	295
C	126.209	50.145	77.085	295
N	124.989	49.725	76.756	296
CA	123.836	50.611	76.863	296
C	123.367	50.627	78.309	296
N	124.021	49.817	79.134	297
CA	123.702	49.731	80.553	297
C	123.738	51.129	81.166	297
N	122.747	51.454	81.99	298
CA	122.719	52.766	82.621	298
C	123.71	52.772	83.779	298
N	124.767	53.571	83.641	299
CA	125.792	53.68	84.674	299
C	125.961	55.129	85.123	299
N	126.906	55.369	86.028	300
CA	127.135	56.717	86.537	300
C	127.578	57.697	85.456	300
N	128.432	57.236	84.549	301
CA	128.931	58.09	83.473	301
C	127.79	58.702	82.675	301
N	126.877	57.857	82.209	302
CA	125.744	58.324	81.423	302
C	124.822	59.238	82.226	302
N	124.562	58.874	83.479	303
CA	123.692	59.682	84.326	303
C	124.342	61.017	84.676	303
N	125.655	61.099	84.501	304
CA	126.38	62.331	84.791	304
C	126.166	63.338	83.663	304
N	125.793	62.839	82.488	305
CA	125.552	63.701	81.335	305
C	124.182	64.36	81.433	305
N	123.357	63.858	82.349	306
CA	122.01	64.383	82.545	306
C	121.998	65.617	83.441	306
N	120.883	66.339	83.416	307
CA	120.719	67.532	84.234	307
C	120.263	67.118	85.633	307
N	121.114	66.368	86.325	308
CA	120.79	65.882	87.66	308
C	119.455	65.151	87.536	308
N	119.314	64.408	86.443	309
CA	118.085	63.684	86.183	309
C	117.847	62.458	87.036	309
N	116.587	62.053	87.115	310
CA	116.224	60.876	87.884	310
C	116.219	59.654	86.983	310
N	116.388	58.492	87.597	311
CA	116.388	57.243	86.865	311
C	115.301	56.343	87.429	311
N	114.665	55.572	86.559	312
CA	113.651	54.64	87.017	312
C	113.589	53.439	86.09	312
N	112.981	52.374	86.59	313
CA	112.836	51.139	85.847	313
C	111.574	50.504	86.422	313
N	110.827	49.8	85.58	314
CA	109.591	49.145	85.992	314
C	109.828	47.963	86.932	314
N	111.015	47.369	86.841	315
CA	111.381	46.199	87.634	315
C	110.559	45.014	87.11	315
N	111.051	43.776	87.288	316
CA	112.31	43.378	87.934	316
C	113.546	43.82	87.148	316
N	114.586	44.241	87.865	317
CA	115.817	44.702	87.221	317
C	117.052	43.887	87.595	317
N	117.821	43.501	86.578	318
CA	119.056	42.745	86.773	318
C	120.194	43.742	86.991	318
N	120.718	43.783	88.212	319
CA	121.801	44.701	88.545	319
C	123.092	44.398	87.786	319
N	123.759	45.461	87.348	320
CA	125.011	45.36	86.606	320
C	124.831	44.755	85.22	320
N	123.615	44.855	84.698	321
CA	123.296	44.356	83.365	321
C	122.427	45.422	82.719	321
N	121.303	45.727	83.365	322
CA	120.387	46.751	82.882	322
C	120.854	48.103	83.41	322
N	121.292	48.114	84.665	323
CA	121.795	49.323	85.316	323
C	122.772	48.893	86.405	323
N	123.769	49.728	86.689	324
CA	124.755	49.387	87.71	324
C	124.209	49.589	89.117	324
N	124.901	49.011	90.093	325
CA	124.519	49.135	91.496	325
C	124.492	50.601	91.914	325
N	125.498	51.354	91.474	326
CA	125.606	52.77	91.814	326
C	124.376	53.565	91.4	326
N	123.916	53.353	90.173	327
CA	122.743	54.058	89.68	327
C	121.489	53.644	90.461	327
N	121.365	52.353	90.754	328
CA	120.208	51.86	91.497	328
C	120.163	52.432	92.904	328
N	121.327	52.546	93.536	329
CA	121.399	53.069	94.894	329
C	121.558	54.581	94.975	329
N	121.567	55.254	93.83	330
CA	121.713	56.704	93.835	330
C	120.411	57.344	94.302	330
N	120.501	58.511	94.954	331
CA	119.292	59.185	95.431	331
C	118.396	59.648	94.287	331
N	118.928	59.612	93.066	332
CA	118.18	60.031	91.885	332
C	117.329	58.904	91.309	332
N	117.478	57.705	91.862	333
CA	116.696	56.56	91.405	333
C	115.368	56.549	92.154	333
N	114.266	56.623	91.416	334
CA	112.951	56.617	92.042	334
C	112.176	55.335	91.749	334
N	112.875	54.294	91.304	335
CA	112.227	53.024	90.978	335
C	111.383	52.433	92.111	335
N	111.829	52.582	93.354	336
CA	111.066	52.028	94.472	336
C	109.775	52.82	94.665	336
N	109.849	54.128	94.444	337
CA	108.676	54.975	94.579	337
C	107.686	54.643	93.472	337
N	108.195	54.452	92.257	338
CA	107.329	54.109	91.138	338
C	106.646	52.769	91.423	338
N	107.404	51.816	91.963	339
CA	106.852	50.5	92.289	339
C	105.75	50.652	93.333	339
N	105.985	51.489	94.339	340
CA	104.961	51.697	95.355	340
C	103.697	52.259	94.719	340
N	103.874	53.217	93.812	341
CA	102.736	53.861	93.167	341
C	101.838	52.932	92.365	341
N	102.336	51.748	92.02	342
CA	101.51	50.781	91.3	342
C	100.266	50.516	92.159	342
N	100.479	50.379	93.465	343
CA	99.388	50.124	94.404	343
C	98.34	51.231	94.375	343
N	98.801	52.469	94.506	344
CA	97.907	53.617	94.531	344
C	97.155	53.905	93.238	344
N	97.836	53.846	92.095	345
CA	97.144	54.134	90.84	345
C	96.148	53.039	90.485	345
N	96.469	51.802	90.841	346
CA	95.58	50.688	90.54	346
C	94.307	50.755	91.373	346
N	94.422	51.249	92.601	347
CA	93.247	51.392	93.439	347
C	92.367	52.482	92.821	347
N	92.996	53.518	92.269	348
CA	92.24	54.597	91.624	348
C	91.511	54.04	90.393	348
N	92.172	53.142	89.674	349
CA	91.585	52.525	88.488	349
C	90.397	51.62	88.845	349
N	90.574	50.753	89.838	350
CA	89.493	49.854	90.237	350
C	88.282	50.642	90.742	350
N	88.54	51.673	91.54	351
CA	87.471	52.51	92.08	351
C	86.7	53.191	90.95	351
N	87.425	53.668	89.945	352
CA	86.791	54.347	88.822	352
C	85.925	53.414	87.986	352
N	86.384	52.18	87.798	353
CA	85.653	51.216	86.983	353
C	84.462	50.557	87.669	353
N	84.498	50.484	88.993	354
CA	83.416	49.859	89.741	354
C	82.219	50.809	89.874	354
N	81.331	51.557	90.761	355
CA	80.133	52.013	91.681	355
C	78.602	52.51	91.658	355
N	77.794	53.422	92.41	356
CA	76.284	53.645	92.254	356
C	74.882	54.34	92.679	356
N	74.583	55.231	93.769	357
CA	73.299	55.787	94.529	357
C	71.957	56.647	94.953	357
N	70.878	57.6	94.984	358
CA	69.685	57.614	96.021	358
C	68.32	58.498	96.091	358
N	67.411	58.827	97.146	359
CA	66.109	58.617	97.836	359
C	64.628	58.82	97.574	359
