ATOM	X	Y	Z	RESIDUE
N	-116.769	-51.67	-21.632	1
CA	-116.768	-50.898	-20.371	1
C	-115.746	-49.736	-20.33	1
N	-114.378	-49.884	-20.429	2
CA	-113.382	-50.469	-19.497	2
C	-111.908	-50.014	-19.834	2
N	-110.629	-50.317	-19.376	3
CA	-109.644	-51.432	-19.547	3
C	-108.058	-51.51	-19.415	3
N	-106.959	-50.689	-19.111	4
CA	-105.618	-50.8	-18.387	4
C	-104.472	-49.77	-18.873	4
N	-103.119	-49.405	-18.585	5
CA	-101.831	-49.603	-17.769	5
C	-100.38	-48.987	-18.146	5
N	-99.1	-48.91	-17.458	6
CA	-97.713	-48.171	-17.553	6
C	-96.237	-48.657	-16.956	6
N	-94.809	-48.247	-16.832	7
CA	-93.311	-48.039	-17.307	7
C	-91.94	-47.863	-16.376	7
N	-90.523	-47.526	-16.664	8
CA	-89.14	-47.478	-15.856	8
C	-87.47	-47.136	-15.704	8
N	-86.14	-46.605	-16.18	9
CA	-84.694	-46.342	-15.506	9
C	-83.084	-46.051	-15.893	9
N	-81.792	-45.774	-15.182	10
CA	-80.294	-45.239	-15.432	10
C	-78.781	-45.065	-14.707	10
N	-77.494	-44.404	-15.161	11
CA	-75.891	-44.297	-15.498	11
C	-74.273	-44.437	-14.915	11
N	-72.755	-44.219	-15.133	12
CA	-71.303	-43.601	-14.672	12
C	-69.618	-43.746	-14.781	12
N	-68.497	-43.02	-14.091	13
CA	-66.995	-42.387	-14.067	13
C	-65.31	-42.622	-14.233	13
N	-63.952	-41.972	-13.913	14
CA	-62.377	-42.281	-13.551	14
C	-60.703	-41.941	-13.218	14
N	-59.589	-40.926	-13.042	15
CA	-57.947	-40.895	-13.089	15
C	-56.611	-39.887	-12.707	15
N	-55.102	-39.603	-12.882	16
CA	-53.499	-39.936	-13.051	16
C	-51.899	-39.294	-12.858	16
N	-50.433	-39.749	-13.006	17
CA	-48.75	-39.732	-12.861	17
C	-47.16	-38.996	-13.137	17
N	-45.589	-39.216	-13.287	18
CA	-43.958	-38.744	-13.089	18
C	-42.24	-39.104	-13.291	18
N	-40.774	-38.499	-13.164	19
CA	-39.04	-38.519	-13.462	19
C	-37.469	-37.641	-13.509	19
N	-35.857	-37.585	-13.711	20
CA	-34.245	-37.097	-13.162	20
C	-32.532	-37.158	-13.758	20
N	-31.073	-36.864	-13.233	21
CA	-29.831	-36.059	-13.066	21
C	-28.584	-36.941	-12.893	21
N	-27.415	-36.331	-12.893	22
CA	-26.168	-37.056	-13.048	22
C	-25.621	-37.514	-11.706	22
N	-25.265	-38.789	-11.624	23
CA	-24.69	-39.35	-10.43	23
C	-23.174	-39.494	-10.595	23
N	-22.429	-38.905	-9.661	24
CA	-21.0	-39.085	-9.572	24
C	-20.686	-39.989	-8.391	24
N	-19.795	-40.939	-8.639	25
CA	-19.207	-41.758	-7.611	25
C	-17.706	-41.604	-7.706	25
N	-17.102	-41.26	-6.588	26
CA	-15.702	-40.911	-6.549	26
C	-14.933	-41.852	-5.625	26
N	-13.926	-42.518	-6.166	27
CA	-13.015	-43.292	-5.349	27
C	-11.824	-42.451	-4.942	27
N	-11.691	-42.228	-3.642	28
CA	-10.743	-41.215	-3.11	28
C	-10.371	-41.492	-1.672	28
N	-9.091	-41.314	-1.349	29
CA	-8.661	-41.455	0.01	29
C	-9.147	-40.313	0.898	29
N	-9.609	-39.206	0.312	30
CA	-9.885	-37.974	1.081	30
C	-11.235	-37.41	0.692	30
N	-12.305	-38.128	1.051	31
CA	-13.662	-37.745	0.714	31
C	-14.017	-36.296	1.066	31
N	-13.474	-35.79	2.156	32
CA	-13.845	-34.461	2.633	32
C	-13.317	-33.323	1.809	32
N	-12.317	-33.593	0.969	33
CA	-11.901	-32.598	-0.024	33
C	-13.066	-32.129	-0.865	33
N	-14.046	-33.024	-1.085	34
CA	-15.157	-32.733	-2.022	34
C	-16.178	-31.703	-1.491	34
N	-16.078	-31.394	-0.221	35
CA	-16.745	-30.231	0.335	35
C	-16.387	-28.928	-0.365	35
N	-15.188	-28.848	-0.923	36
CA	-14.829	-27.632	-1.69	36
C	-15.859	-27.358	-2.813	36
N	-16.406	-28.416	-3.412	37
CA	-17.481	-28.313	-4.412	37
C	-18.847	-28.247	-3.798	37
N	-19.113	-29.128	-2.837	38
CA	-20.518	-29.327	-2.4	38
C	-20.968	-28.295	-1.384	38
N	-20.032	-27.574	-0.748	39
CA	-20.381	-26.609	0.296	39
C	-20.35	-25.158	-0.136	39
N	-19.911	-24.835	-1.355	40
CA	-19.71	-23.436	-1.728	40
C	-20.083	-23.193	-3.161	40
N	-20.744	-22.068	-3.408	41
CA	-20.98	-21.593	-4.761	41
C	-22.097	-22.306	-5.462	41
N	-22.148	-22.098	-6.763	42
CA	-23.164	-22.684	-7.602	42
C	-23.146	-24.215	-7.618	42
N	-21.978	-24.831	-7.392	43
CA	-21.945	-26.291	-7.268	43
C	-22.644	-26.772	-5.955	43
N	-22.597	-25.942	-4.923	44
CA	-23.345	-26.205	-3.686	44
C	-24.857	-26.149	-3.906	44
N	-25.316	-25.083	-4.542	45
CA	-26.751	-24.917	-4.78	45
C	-27.284	-26.021	-5.67	45
N	-26.533	-26.368	-6.719	46
CA	-26.956	-27.436	-7.619	46
C	-27.022	-28.772	-6.889	46
N	-26.091	-29.009	-5.973	47
CA	-26.133	-30.237	-5.178	47
C	-27.395	-30.269	-4.308	47
N	-27.632	-29.17	-3.594	48
CA	-28.814	-28.996	-2.735	48
C	-30.14	-29.122	-3.477	48
N	-30.227	-28.56	-4.677	49
CA	-31.364	-28.78	-5.566	49
C	-31.371	-30.143	-6.255	49
N	-30.413	-31.017	-5.963	50
CA	-30.404	-32.383	-6.539	50
C	-30.325	-32.455	-8.064	50
N	-29.539	-31.555	-8.65	51
CA	-29.226	-31.57	-10.086	51
C	-28.098	-32.555	-10.395	51
N	-27.368	-32.98	-9.366	52
CA	-26.385	-34.055	-9.528	52
C	-26.201	-34.694	-8.198	52
N	-25.685	-35.91	-8.179	53
CA	-25.353	-36.559	-6.91	53
C	-23.881	-36.852	-6.85	53
N	-23.377	-36.934	-5.642	54
CA	-21.989	-37.135	-5.424	54
C	-21.818	-38.051	-4.2	54
N	-21.273	-39.239	-4.426	55
CA	-20.922	-40.139	-3.339	55
C	-19.469	-40.39	-3.43	55
N	-18.832	-40.543	-2.265	56
CA	-17.424	-40.923	-2.21	56
C	-17.237	-42.321	-1.628	56
N	-16.095	-42.927	-1.95	57
CA	-15.78	-44.301	-1.603	57
C	-14.297	-44.315	-1.28	57
N	-13.971	-44.507	-0.012	58
CA	-12.625	-44.439	0.463	58
C	-12.014	-45.808	0.408	58
N	-10.995	-46.013	-0.463	59
CA	-10.37	-47.372	-0.568	59
C	-10.026	-48.009	0.829	59
N	-9.692	-47.194	1.82	60
CA	-9.365	-47.706	3.174	60
C	-10.534	-48.425	3.872	60
N	-11.747	-48.018	3.529	61
CA	-12.957	-48.687	4.005	61
C	-13.142	-50.074	3.419	61
N	-12.412	-50.409	2.357	62
CA	-12.515	-51.712	1.732	62
C	-11.328	-52.634	2.003	62
N	-10.623	-52.407	3.107	63
CA	-9.506	-53.233	3.513	63
C	-9.986	-54.128	4.641	63
N	-9.19	-55.13	4.994	64
CA	-9.524	-56.009	6.139	64
C	-8.582	-55.927	7.31	64
N	-7.393	-55.348	7.137	65
CA	-6.414	-55.313	8.221	65
C	-6.671	-54.122	9.156	65
N	-6.22	-54.271	10.392	66
CA	-6.281	-53.209	11.398	66
C	-5.723	-51.882	10.894	66
N	-4.661	-51.97	10.093	67
CA	-3.93	-50.79	9.607	67
C	-4.548	-50.095	8.4	67
N	-5.57	-50.712	7.802	68
CA	-6.284	-50.102	6.667	68
C	-5.296	-49.771	5.507	68
N	-4.432	-50.717	5.198	69
CA	-3.293	-50.452	4.305	69
C	-3.757	-50.349	2.883	69
N	-3.429	-49.27	2.199	70
CA	-3.865	-49.13	0.791	70
C	-2.708	-48.918	-0.205	70
N	-1.487	-49.074	0.265	71
CA	-0.311	-48.89	-0.553	71
C	0.815	-49.784	-0.078	71
N	1.794	-49.978	-0.966	72
CA	3.012	-50.743	-0.665	72
C	4.082	-50.29	-1.64	72
N	5.255	-50.897	-1.543	73
CA	6.445	-50.454	-2.24	73
C	6.321	-50.872	-3.687	73
N	6.842	-50.064	-4.589	74
CA	6.833	-50.469	-5.975	74
C	7.805	-51.641	-6.167	74
N	7.407	-52.673	-6.879	75
CA	8.36	-53.749	-7.198	75
C	9.422	-53.13	-8.091	75
N	10.667	-53.436	-7.904	76
CA	11.623	-52.779	-8.847	76
C	12.13	-51.438	-8.328	76
N	11.555	-50.97	-7.221	77
CA	12.196	-49.964	-6.411	77
C	11.763	-48.556	-6.709	77
N	12.232	-47.64	-5.883	78
CA	11.918	-46.215	-6.014	78
C	11.617	-45.697	-4.631	78
N	11.559	-44.384	-4.466	79
CA	11.38	-43.844	-3.117	79
C	9.927	-43.711	-2.678	79
N	8.985	-43.891	-3.599	80
CA	7.571	-43.705	-3.329	80
C	6.788	-44.993	-3.07	80
N	5.469	-44.867	-3.145	81
CA	4.543	-45.954	-2.868	81
C	3.608	-46.091	-4.051	81
N	3.01	-47.267	-4.124	82
CA	2.041	-47.589	-5.145	82
C	0.756	-48.026	-4.492	82
N	-0.394	-47.598	-5.014	83
CA	-1.68	-48.017	-4.415	83
C	-1.98	-49.479	-4.778	83
N	-2.354	-50.263	-3.777	84
CA	-2.786	-51.666	-3.961	84
C	-4.021	-51.756	-4.858	84
N	-4.024	-52.739	-5.76	85
CA	-5.124	-52.965	-6.645	85
C	-6.436	-53.332	-5.914	85
N	-6.316	-54.199	-4.921	86
CA	-7.467	-54.919	-4.403	86
C	-8.495	-53.976	-3.721	86
N	-8.053	-53.129	-2.776	87
CA	-9.018	-52.199	-2.201	87
C	-9.627	-51.25	-3.216	87
N	-8.864	-50.836	-4.21	88
CA	-9.442	-49.978	-5.243	88
C	-10.481	-50.725	-6.054	88
N	-10.213	-51.982	-6.397	89
CA	-11.178	-52.737	-7.218	89
C	-12.468	-52.979	-6.44	89
N	-12.358	-53.27	-5.147	90
CA	-13.535	-53.463	-4.3	90
C	-14.353	-52.154	-4.157	90
N	-13.673	-51.018	-3.931	91
CA	-14.394	-49.736	-3.865	91
C	-15.14	-49.441	-5.176	91
N	-14.454	-49.66	-6.306	92
CA	-15.053	-49.431	-7.612	92
C	-16.287	-50.314	-7.8	92
N	-16.171	-51.575	-7.418	93
CA	-17.31	-52.459	-7.566	93
C	-18.449	-52.036	-6.68	93
N	-18.147	-51.566	-5.467	94
CA	-19.207	-51.1	-4.597	94
C	-19.893	-49.933	-5.261	94
N	-19.128	-49.044	-5.896	95
CA	-19.725	-47.892	-6.562	95
C	-20.583	-48.336	-7.755	95
N	-20.066	-49.287	-8.534	96
CA	-20.863	-49.873	-9.612	96
C	-22.168	-50.47	-9.08	96
N	-22.115	-51.184	-7.957	97
CA	-23.333	-51.779	-7.402	97
C	-24.296	-50.704	-6.984	97
N	-23.8	-49.579	-6.442	98
CA	-24.701	-48.509	-6.018	98
C	-25.387	-47.907	-7.22	98
N	-24.621	-47.713	-8.282	99
CA	-25.215	-47.176	-9.478	99
C	-26.196	-48.175	-10.093	99
N	-25.927	-49.481	-10.0	100
CA	-26.838	-50.449	-10.607	100
C	-28.212	-50.409	-9.921	100
N	-28.234	-50.179	-8.605	101
CA	-29.496	-50.167	-7.876	101
C	-30.295	-48.903	-8.234	101
N	-29.628	-47.897	-8.793	102
CA	-30.304	-46.735	-9.364	102
C	-30.659	-46.954	-10.83	102
N	-30.381	-48.135	-11.362	103
CA	-30.633	-48.438	-12.765	103
C	-29.668	-47.782	-13.722	103
N	-28.435	-47.538	-13.268	104
CA	-27.363	-47.057	-14.136	104
C	-26.375	-48.197	-14.244	104
N	-26.273	-48.797	-15.425	105
CA	-25.291	-49.854	-15.666	105
C	-24.227	-49.311	-16.595	105
N	-23.051	-49.904	-16.587	106
CA	-21.983	-49.434	-17.463	106
C	-21.657	-47.931	-17.434	106
N	-21.77	-47.273	-16.284	107
CA	-21.081	-45.978	-16.145	107
C	-19.588	-46.209	-16.39	107
N	-18.958	-45.276	-17.066	108
CA	-17.563	-45.381	-17.369	108
C	-16.756	-45.13	-16.086	108
N	-15.658	-45.867	-15.917	109
CA	-14.679	-45.578	-14.886	109
C	-13.63	-44.671	-15.502	109
N	-13.554	-43.441	-15.002	110
CA	-12.591	-42.488	-15.484	110
C	-11.554	-42.274	-14.4	110
N	-10.291	-42.544	-14.723	111
CA	-9.19	-42.288	-13.802	111
C	-8.569	-40.948	-14.081	111
N	-8.391	-40.161	-13.024	112
CA	-7.669	-38.903	-13.145	112
C	-6.19	-39.255	-13.235	112
N	-5.514	-38.779	-14.26	113
CA	-4.144	-39.169	-14.48	113
C	-3.436	-38.222	-15.414	113
N	-2.178	-37.872	-15.103	114
CA	-1.417	-37.059	-16.052	114
C	-1.208	-37.765	-17.406	114
N	-1.445	-39.066	-17.465	115
CA	-1.385	-39.77	-18.76	115
C	-2.579	-39.618	-19.698	115
N	-3.709	-39.156	-19.172	116
CA	-4.925	-39.072	-19.932	116
C	-4.91	-37.934	-20.917	116
N	-5.845	-37.985	-21.839	117
CA	-6.075	-36.854	-22.691	117
C	-6.489	-35.691	-21.793	117
N	-6.013	-34.495	-22.128	118
CA	-6.243	-33.316	-21.335	118
C	-7.709	-32.876	-21.379	118
N	-8.259	-32.535	-20.224	119
CA	-9.647	-32.155	-20.137	119
C	-9.851	-30.905	-20.986	119
N	-10.954	-30.847	-21.697	120
CA	-11.296	-29.628	-22.401	120
C	-12.787	-29.562	-22.643	120
N	-13.229	-28.422	-23.173	121
CA	-14.655	-28.155	-23.301	121
C	-15.421	-29.271	-23.985	121
N	-14.835	-29.841	-25.035	122
CA	-15.492	-30.917	-25.789	122
C	-15.684	-32.134	-24.91	122
N	-14.641	-32.469	-24.163	123
CA	-14.739	-33.639	-23.297	123
C	-15.747	-33.359	-22.182	123
N	-15.756	-32.147	-21.652	124
CA	-16.759	-31.817	-20.619	124
C	-18.186	-32.079	-21.139	124
N	-18.436	-31.7	-22.394	125
CA	-19.795	-31.786	-22.958	125
C	-20.191	-33.23	-23.146	125
N	-19.27	-34.071	-23.595	126
CA	-19.565	-35.505	-23.643	126
C	-19.88	-36.076	-22.255	126
N	-19.112	-35.728	-21.218	127
CA	-19.399	-36.326	-19.904	127
C	-20.765	-35.903	-19.403	127
N	-21.15	-34.672	-19.718	128
CA	-22.436	-34.132	-19.254	128
C	-23.627	-34.887	-19.812	128
N	-23.435	-35.627	-20.904	129
CA	-24.533	-36.422	-21.492	129
C	-24.651	-37.793	-20.893	129
N	-23.666	-38.207	-20.088	130
CA	-23.681	-39.52	-19.457	130
C	-24.481	-39.451	-18.167	130
N	-25.286	-40.493	-17.871	131
CA	-26.121	-40.536	-16.666	131
C	-25.35	-40.641	-15.347	131
N	-24.111	-41.091	-15.437	132
CA	-23.287	-41.215	-14.273	132
C	-21.876	-41.506	-14.675	132
N	-20.977	-41.278	-13.725	133
CA	-19.557	-41.492	-13.883	133
C	-18.958	-41.997	-12.569	133
N	-17.928	-42.817	-12.708	134
CA	-17.106	-43.224	-11.611	134
C	-15.73	-42.616	-11.848	134
N	-15.275	-41.797	-10.91	135
CA	-13.99	-41.169	-11.021	135
C	-13.034	-41.79	-10.016	135
N	-11.869	-42.11	-10.516	136
CA	-10.841	-42.719	-9.707	136
C	-9.735	-41.691	-9.487	136
N	-9.514	-41.375	-8.212	137
CA	-8.468	-40.452	-7.768	137
C	-7.285	-41.158	-7.143	137
N	-6.126	-41.019	-7.756	138
CA	-4.927	-41.602	-7.19	138
C	-4.266	-40.716	-6.163	138
N	-3.394	-41.327	-5.368	139
CA	-2.428	-40.648	-4.478	139
C	-1.105	-41.434	-4.566	139
N	-0.061	-40.938	-3.935	140
CA	1.301	-41.529	-3.978	140
C	1.821	-41.453	-5.413	140
N	2.682	-42.372	-5.812	141
CA	3.372	-42.31	-7.107	141
C	2.58	-42.949	-8.251	141
N	1.65	-43.829	-7.915	142
CA	1.032	-44.669	-8.932	142
C	-0.031	-45.56	-8.343	142
N	-0.931	-45.976	-9.203	143
CA	-1.851	-47.07	-8.94	143
C	-1.346	-48.311	-9.68	143
N	-1.441	-49.464	-9.035	144
CA	-1.01	-50.715	-9.641	144
C	-1.595	-50.822	-11.054	144
N	-0.724	-50.984	-12.022	145
CA	-1.118	-51.02	-13.416	145
C	-2.193	-52.066	-13.751	145
N	-2.236	-53.167	-13.015	146
CA	-3.202	-54.219	-13.314	146
C	-4.602	-53.791	-12.923	146
N	-4.736	-52.948	-11.888	147
CA	-6.042	-52.335	-11.561	147
C	-6.526	-51.506	-12.755	147
N	-5.651	-50.646	-13.218	148
CA	-5.951	-49.768	-14.317	148
C	-6.397	-50.542	-15.581	148
N	-5.614	-51.549	-15.967	149
CA	-5.891	-52.354	-17.145	149
C	-7.218	-53.063	-17.015	149
N	-7.526	-53.573	-15.836	150
CA	-8.756	-54.317	-15.614	150
C	-10.031	-53.472	-15.601	150
N	-10.017	-52.328	-14.903	151
CA	-11.284	-51.629	-14.606	151
C	-11.409	-50.197	-15.126	151
N	-10.308	-49.537	-15.503	152
CA	-10.389	-48.15	-15.937	152
C	-10.76	-48.112	-17.414	152
N	-11.792	-47.331	-17.756	153
CA	-12.19	-47.173	-19.136	153
C	-11.466	-46.031	-19.825	153
N	-11.079	-45.001	-19.092	154
CA	-10.551	-43.794	-19.713	154
C	-9.735	-43.044	-18.666	154
N	-8.695	-42.351	-19.1	155
CA	-7.89	-41.501	-18.22	155
C	-8.059	-40.079	-18.722	155
N	-8.064	-39.131	-17.782	156
CA	-8.209	-37.71	-18.086	156
C	-7.188	-36.978	-17.266	156
N	-6.404	-36.169	-17.961	157
CA	-5.439	-35.31	-17.329	157
C	-6.039	-33.922	-17.129	157
N	-5.72	-33.311	-16.008	158
CA	-6.058	-31.903	-15.825	158
C	-5.123	-31.016	-16.65	158
N	-3.934	-31.524	-17.008	159
CA	-2.98	-30.753	-17.779	159
C	-1.582	-31.285	-17.589	159
N	-0.606	-30.598	-18.193	160
CA	0.765	-31.061	-18.253	160
C	1.58	-30.619	-17.067	160
N	1.242	-31.164	-15.913	161
CA	1.889	-30.857	-14.657	161
C	1.423	-31.981	-13.735	161
N	2.086	-32.139	-12.599	162
CA	1.774	-33.213	-11.683	162
C	1.295	-32.649	-10.355	162
N	0.118	-33.115	-9.932	163
CA	-0.425	-32.799	-8.647	163
C	-0.188	-33.964	-7.698	163
N	-0.457	-33.759	-6.412	164
CA	-0.242	-34.802	-5.385	164
C	-1.349	-35.814	-5.338	164
N	-2.506	-35.475	-5.902	165
CA	-3.64	-36.374	-5.928	165
C	-4.602	-36.086	-7.05	165
N	-5.487	-37.047	-7.293	166
CA	-6.543	-36.939	-8.31	166
C	-7.782	-36.193	-7.873	166
N	-7.848	-35.771	-6.61	167
CA	-9.056	-35.093	-6.134	167
C	-9.316	-33.72	-6.768	167
N	-8.295	-32.892	-6.886	168
CA	-8.529	-31.587	-7.502	168
C	-8.925	-31.746	-8.974	168
N	-8.258	-32.643	-9.719	169
CA	-8.673	-32.879	-11.119	169
C	-10.089	-33.349	-11.257	169
N	-10.495	-34.228	-10.343	170
CA	-11.854	-34.725	-10.329	170
C	-12.85	-33.618	-10.06	170
N	-12.559	-32.75	-9.09	171
CA	-13.499	-31.657	-8.784	171
C	-13.568	-30.675	-9.943	171
N	-12.438	-30.427	-10.612	172
CA	-12.478	-29.585	-11.822	172
C	-13.405	-30.16	-12.846	172
N	-13.266	-31.463	-13.088	173
CA	-14.122	-32.149	-14.064	173
C	-15.579	-31.994	-13.671	173
N	-15.875	-32.297	-12.409	174
CA	-17.244	-32.259	-11.942	174
C	-17.833	-30.851	-12.046	174
N	-17.078	-29.847	-11.599	175
CA	-17.493	-28.429	-11.663	175
C	-17.876	-28.042	-13.103	175
N	-16.959	-28.294	-14.041	176
CA	-17.161	-27.988	-15.49	176
C	-18.4	-28.66	-16.023	176
N	-18.557	-29.944	-15.691	177
CA	-19.701	-30.74	-16.111	177
C	-21.013	-30.21	-15.501	177
N	-21.04	-30.023	-14.184	178
CA	-22.248	-29.536	-13.526	178
C	-22.793	-28.206	-14.128	178
N	-21.896	-27.298	-14.491	179
CA	-22.249	-26.061	-15.172	179
C	-23.083	-26.268	-16.427	179
N	-22.899	-27.394	-17.094	180
CA	-23.675	-27.718	-18.282	180
C	-24.858	-28.629	-18.044	180
N	-25.207	-28.903	-16.801	181
CA	-26.37	-29.754	-16.554	181
C	-27.653	-28.932	-16.555	181
N	-28.781	-29.567	-16.915	182
CA	-30.059	-28.867	-16.935	182
C	-30.414	-28.235	-15.605	182
N	-30.838	-26.982	-15.675	183
CA	-31.35	-26.278	-14.52	183
C	-30.325	-25.721	-13.558	183
N	-29.036	-25.869	-13.856	184
CA	-28.002	-25.364	-12.958	184
C	-27.77	-23.84	-13.089	184
N	-27.608	-23.323	-14.296	185
CA	-27.395	-21.879	-14.471	185
C	-28.721	-21.065	-14.384	185
N	-28.642	-19.835	-13.847	186
CA	-29.826	-18.979	-13.551	186
C	-30.597	-18.451	-14.774	186
N	-31.493	-17.545	-14.387	187
CA	-31.854	-17.227	-13.019	187
C	-32.523	-16.245	-14.004	187
N	-32.305	-16.701	-15.286	188
CA	-33.234	-17.703	-15.836	188
C	-33.375	-18.36	-17.253	188
N	-32.78	-18.391	-18.489	189
CA	-31.897	-17.869	-19.562	189
C	-30.419	-17.67	-19.166	189
N	-29.254	-17.774	-19.863	190
CA	-28.669	-16.709	-20.684	190
C	-27.181	-16.789	-21.024	190
N	-26.216	-17.71	-20.86	191
CA	-25.619	-18.191	-19.621	191
C	-24.579	-19.271	-19.937	191
N	-24.273	-19.569	-21.221	192
CA	-23.862	-18.781	-22.393	192
C	-22.374	-18.63	-22.77	192
N	-21.933	-17.593	-23.52	193
CA	-20.939	-16.533	-23.665	193
C	-19.556	-16.943	-23.124	193
N	-19.45	-18.161	-22.588	194
CA	-18.186	-18.664	-22.024	194
C	-17.038	-18.654	-23.042	194
N	-15.831	-18.356	-22.543	195
CA	-14.582	-18.618	-23.276	195
C	-14.578	-20.065	-23.843	195
N	-13.971	-20.224	-25.03	196
CA	-13.839	-21.518	-25.747	196
C	-15.118	-22.005	-26.437	196
N	-16.299	-21.704	-25.893	197
CA	-17.567	-22.059	-26.577	197
C	-17.534	-21.689	-28.062	197
N	-17.441	-20.397	-28.393	198
CA	-17.412	-19.943	-29.808	198
C	-15.986	-19.902	-30.406	198
N	-15.084	-20.749	-29.901	199
CA	-13.673	-20.734	-30.297	199
C	-12.814	-19.569	-29.801	199
N	-13.448	-18.446	-29.446	200
CA	-12.757	-17.263	-28.92	200
C	-12.72	-17.182	-27.394	200
N	-11.835	-16.327	-26.887	201
CA	-11.806	-15.962	-25.477	201
C	-12.889	-14.946	-25.203	201
N	-13.335	-14.881	-23.951	202
CA	-14.329	-13.873	-23.522	202
C	-13.792	-12.453	-23.714	202
N	-14.696	-11.485	-23.866	203
CA	-14.347	-10.057	-24.001	203
C	-14.2	-9.432	-22.602	203
N	-13.71	-8.185	-22.518	204
CA	-13.611	-7.58	-21.182	204
C	-14.987	-7.134	-20.665	204
N	-15.113	-6.931	-19.358	205
CA	-16.382	-6.501	-18.763	205
C	-16.174	-5.372	-17.729	205
N	-17.226	-4.585	-17.515	206
CA	-17.174	-3.453	-16.596	206
C	-18.476	-3.344	-15.857	206
N	-18.384	-2.879	-14.621	207
CA	-19.561	-2.512	-13.837	207
C	-19.259	-1.183	-13.108	207
N	-20.121	-0.778	-12.183	208
CA	-19.966	0.539	-11.519	208
C	-18.706	0.554	-10.673	208
N	-18.049	1.725	-10.535	209
CA	-18.375	3.072	-10.983	209
C	-17.935	3.362	-12.384	209
N	-18.503	4.43	-12.947	210
CA	-18.192	4.828	-14.313	210
C	-16.732	5.22	-14.473	210
N	-16.186	5.891	-13.474	211
CA	-14.769	6.173	-13.462	211
C	-14.199	5.491	-12.237	211
N	-13.12	4.739	-12.415	212
CA	-12.481	4.053	-11.297	212
C	-11.005	4.374	-11.363	212
N	-10.456	4.953	-10.302	213
CA	-9.051	5.367	-10.281	213
C	-8.679	6.113	-11.565	213
N	-9.515	7.076	-11.953	214
CA	-9.252	7.901	-13.125	214
C	-9.412	7.201	-14.467	214
N	-10.06	6.036	-14.488	215
CA	-10.286	5.307	-15.734	215
C	-11.772	5.069	-15.92	215
N	-12.264	5.469	-17.079	216
CA	-13.677	5.446	-17.371	216
C	-14.029	4.221	-18.189	216
N	-15.199	3.659	-17.907	217
CA	-15.814	2.653	-18.755	217
C	-15.849	3.146	-20.221	217
N	-15.741	2.224	-21.199	218
CA	-15.971	2.568	-22.609	218
C	-17.346	3.198	-22.9	218
N	-17.333	4.339	-23.578	219
CA	-18.555	5.022	-24.029	219
C	-19.664	4.106	-24.564	219
N	-19.32	3.252	-25.521	220
CA	-20.328	2.4	-26.164	220
C	-21.118	1.553	-25.162	220
N	-20.467	1.152	-24.066	221
CA	-21.124	0.342	-23.032	221
C	-22.08	1.184	-22.191	221
N	-21.833	2.49	-22.125	222
CA	-22.748	3.413	-21.468	222
C	-23.887	3.783	-22.423	222
N	-23.576	3.948	-23.708	223
CA	-24.555	4.411	-24.711	223
C	-25.701	3.472	-25.074	223
N	-25.804	2.344	-24.368	224
CA	-26.954	1.43	-24.447	224
C	-27.484	0.968	-25.805	224
N	-26.628	0.859	-26.822	225
CA	-27.073	0.414	-28.159	225
C	-26.685	-1.024	-28.496	225
N	-27.609	-1.955	-28.224	226
CA	-27.355	-3.411	-28.255	226
C	-26.584	-3.915	-29.469	226
N	-26.805	-3.306	-30.635	227
CA	-26.085	-3.685	-31.86	227
C	-24.609	-3.268	-31.821	227
N	-24.345	-2.008	-31.452	228
CA	-22.975	-1.461	-31.426	228
C	-22.142	-2.062	-30.295	228
N	-22.819	-2.396	-29.205	229
CA	-22.199	-3.067	-28.088	229
C	-21.826	-4.484	-28.498	229
N	-22.759	-5.198	-29.131	230
CA	-22.511	-6.583	-29.536	230
C	-21.251	-6.64	-30.395	230
N	-21.037	-5.588	-31.188	231
CA	-19.839	-5.456	-32.007	231
C	-18.587	-5.21	-31.183	231
N	-18.645	-4.244	-30.278	232
CA	-17.521	-3.977	-29.388	232
C	-17.105	-5.26	-28.663	232
N	-18.084	-5.959	-28.102	233
CA	-17.814	-7.204	-27.405	233
C	-17.114	-8.222	-28.307	233
N	-17.547	-8.306	-29.566	234
CA	-16.926	-9.207	-30.547	234
C	-15.477	-8.818	-30.834	234
N	-15.27	-7.553	-31.205	235
CA	-13.933	-7.017	-31.486	235
C	-12.937	-7.266	-30.364	235
N	-13.367	-7.03	-29.13	236
CA	-12.436	-7.078	-28.039	236
C	-12.184	-8.508	-27.637	236
N	-13.156	-9.386	-27.886	237
CA	-12.913	-10.815	-27.764	237
C	-11.828	-11.244	-28.766	237
N	-11.867	-10.667	-29.96	238
CA	-10.895	-11.0	-30.994	238
C	-9.529	-10.472	-30.593	238
N	-9.481	-9.216	-30.155	239
CA	-8.231	-8.634	-29.672	239
C	-7.621	-9.472	-28.555	239
N	-8.411	-9.788	-27.526	240
CA	-7.954	-10.652	-26.46	240
C	-7.427	-11.946	-27.005	240
N	-8.182	-12.547	-27.913	241
CA	-7.857	-13.874	-28.419	241
C	-6.604	-13.805	-29.271	241
N	-6.574	-12.801	-30.145	242
CA	-5.409	-12.523	-30.964	242
C	-4.162	-12.338	-30.105	242
N	-4.284	-11.574	-29.03	243
CA	-3.122	-11.249	-28.209	243
C	-2.688	-12.353	-27.268	243
N	-3.637	-13.014	-26.615	244
CA	-3.306	-14.022	-25.599	244
C	-3.282	-15.439	-26.169	244
N	-4.183	-15.735	-27.095	245
CA	-4.374	-17.092	-27.593	245
C	-4.547	-17.09	-29.108	245
N	-3.476	-16.741	-29.838	246
CA	-3.516	-16.657	-31.303	246
C	-3.728	-18.022	-31.954	246
N	-3.257	-19.069	-31.284	247
CA	-3.611	-20.433	-31.675	247
C	-5.131	-20.608	-31.853	247
N	-5.967	-19.939	-31.047	248
CA	-7.442	-20.055	-31.195	248
C	-8.011	-19.251	-32.336	248
N	-7.314	-18.189	-32.734	249
CA	-7.698	-17.445	-33.956	249
C	-7.463	-18.33	-35.193	249
N	-6.275	-18.931	-35.252	250
CA	-5.945	-19.888	-36.308	250
C	-7.066	-20.926	-36.355	250
N	-7.307	-21.584	-35.209	251
CA	-8.331	-22.639	-35.103	251
C	-9.727	-22.146	-35.481	251
N	-10.046	-20.905	-35.135	252
CA	-11.353	-20.337	-35.447	252
C	-11.497	-20.049	-36.931	252
N	-10.368	-19.817	-37.604	253
CA	-10.361	-19.577	-39.054	253
C	-10.495	-20.899	-39.786	253
N	-9.614	-21.842	-39.444	254
CA	-9.658	-23.198	-39.992	254
C	-11.03	-23.823	-39.799	254
N	-11.71	-23.47	-38.705	255
CA	-13.061	-23.962	-38.421	255
C	-14.132	-23.024	-38.956	255
N	-13.708	-22.115	-39.839	256
CA	-14.602	-21.264	-40.61	256
C	-15.568	-20.487	-39.738	256
N	-15.123	-20.154	-38.523	257
CA	-15.961	-19.48	-37.522	257
C	-15.796	-17.954	-37.548	257
N	-14.864	-17.451	-38.362	258
CA	-14.587	-16.009	-38.462	258
C	-15.346	-15.365	-39.618	258
N	-15.891	-14.175	-39.392	259
CA	-16.645	-13.447	-40.42	259
C	-15.71	-12.619	-41.294	259
N	-16.29	-11.838	-42.212	260
CA	-15.533	-10.912	-43.064	260
C	-15.011	-9.749	-42.233	260
N	-15.933	-9.03	-41.594	261
CA	-15.588	-7.907	-40.715	261
C	-14.64	-8.335	-39.588	261
N	-14.9	-9.505	-39.006	262
CA	-13.991	-10.097	-38.03	262
C	-12.57	-10.133	-38.587	262
N	-12.44	-10.639	-39.808	263
CA	-11.126	-10.803	-40.443	263
C	-10.495	-9.461	-40.825	263
N	-11.331	-8.515	-41.244	264
CA	-10.893	-7.149	-41.524	264
C	-10.349	-6.465	-40.263	264
N	-11.004	-6.706	-39.131	265
CA	-10.6	-6.142	-37.836	265
C	-9.237	-6.673	-37.425	265
N	-9.069	-7.976	-37.584	266
CA	-7.825	-8.624	-37.247	266
C	-6.666	-8.122	-38.099	266
N	-6.885	-7.989	-39.397	267
CA	-5.829	-7.477	-40.268	267
C	-5.381	-6.08	-39.817	267
N	-6.327	-5.24	-39.414	268
CA	-5.984	-3.873	-39.018	268
C	-5.172	-3.86	-37.73	268
N	-5.452	-4.787	-36.828	269
CA	-4.661	-4.895	-35.599	269
C	-3.233	-5.33	-35.948	269
N	-3.111	-6.246	-36.906	270
CA	-1.801	-6.72	-37.35	270
C	-0.997	-5.598	-38.013	270
N	-1.617	-4.908	-38.971	271
CA	-1.005	-3.748	-39.63	271
C	-0.547	-2.687	-38.607	271
N	-1.451	-2.284	-37.717	272
CA	-1.127	-1.33	-36.642	272
C	0.177	-1.764	-35.967	272
N	0.177	-2.97	-35.405	273
CA	1.336	-3.496	-34.681	273
C	2.587	-3.789	-35.53	273
N	2.472	-3.823	-36.856	274
CA	3.666	-4.019	-37.695	274
C	4.514	-2.742	-37.815	274
N	3.896	-1.577	-37.615	275
CA	4.531	-0.286	-37.934	275
C	5.985	-0.208	-37.454	275
N	6.535	0.999	-37.854	276
CA	7.994	1.207	-38.221	276
C	8.67	0.487	-39.429	276
N	70.327	12.744	54.439	1
CA	70.635	13.943	53.621	1
C	71.32	13.256	52.489	1
N	71.307	13.478	51.188	2
CA	70.226	13.742	50.279	2
C	69.114	12.76	49.892	2
N	68.74	11.5	50.237	3
CA	68.383	10.285	49.413	3
C	66.909	10.428	48.838	3
N	66.223	9.329	48.31	4
CA	64.916	8.738	47.717	4
C	63.928	8.915	46.435	4
N	63.149	7.935	45.676	5
CA	62.075	7.521	44.544	5
C	60.564	7.472	43.778	5
N	60.003	6.667	42.678	6
CA	58.899	5.756	41.935	6
C	57.724	5.902	40.748	6
N	56.4	5.329	40.257	7
CA	55.743	4.8	38.867	7
C	54.318	4.15	38.072	7
N	52.926	3.597	38.041	8
CA	51.523	3.913	37.299	8
C	50.046	3.136	36.881	8
N	48.602	2.831	36.428	9
CA	47.702	2.102	35.231	9
C	46.106	1.846	34.698	9
N	45.396	1.147	33.583	10
CA	43.926	1.156	32.883	10
C	42.787	0.745	31.673	10
N	42.431	0.02	30.405	11
CA	41.485	-0.335	29.104	11
C	39.919	-0.848	28.608	11
N	39.005	-1.618	27.588	12
CA	37.553	-1.778	26.762	12
C	36.806	-2.706	25.447	12
N	35.517	-3.168	24.612	13
CA	34.544	-4.319	23.829	13
C	33.045	-4.419	22.927	13
N	32.121	-5.181	21.893	14
CA	30.859	-6.178	21.322	14
C	30.142	-6.949	19.921	14
N	28.843	-7.665	19.397	15
CA	28.069	-8.672	18.294	15
C	26.517	-9.096	17.608	15
N	25.746	-9.928	16.493	16
CA	24.299	-10.697	15.988	16
C	23.337	-11.308	14.607	16
N	21.98	-11.9	14.04	17
CA	21.176	-12.786	12.816	17
C	19.639	-13.062	11.984	17
N	18.853	-13.804	10.837	18
CA	17.332	-14.189	10.192	18
C	16.405	-14.891	8.871	18
N	14.916	-15.302	8.545	19
CA	13.725	-16.048	7.547	19
C	11.999	-16.39	7.177	19
N	10.801	-16.924	6.21	20
CA	10.904	-18.405	6.106	20
C	10.768	-18.908	4.678	20
N	9.671	-19.616	4.409	21
CA	9.463	-20.29	3.138	21
C	8.255	-19.691	2.392	21
N	7.856	-20.303	1.28	22
CA	6.929	-19.665	0.341	22
C	5.531	-19.312	0.884	22
N	5.097	-18.084	0.599	23
CA	3.845	-17.541	1.124	23
C	2.865	-17.374	-0.021	23
N	1.684	-17.955	0.149	24
CA	0.589	-17.787	-0.78	24
C	-0.477	-16.923	-0.111	24
N	-0.926	-15.881	-0.789	25
CA	-2.058	-15.118	-0.312	25
C	-3.119	-15.192	-1.4	25
N	-4.339	-15.502	-1.014	26
CA	-5.386	-15.758	-1.976	26
C	-6.576	-14.841	-1.748	26
N	-7.059	-14.225	-2.818	27
CA	-8.227	-13.401	-2.737	27
C	-9.348	-14.247	-3.272	27
N	-10.328	-14.512	-2.429	28
CA	-11.376	-15.462	-2.774	28
C	-12.603	-15.202	-1.923	28
N	-13.775	-15.349	-2.533	29
CA	-15.062	-15.338	-1.81	29
C	-15.268	-16.559	-0.908	29
N	-14.498	-17.649	-1.113	30
CA	-14.728	-18.916	-0.373	30
C	-13.438	-19.511	0.214	30
N	-12.852	-18.841	1.215	31
CA	-11.61	-19.239	1.878	31
C	-11.606	-20.684	2.376	31
N	-12.773	-21.188	2.75	32
CA	-12.849	-22.549	3.266	32
C	-12.528	-23.617	2.254	32
N	-12.622	-23.308	0.965	33
CA	-12.357	-24.295	-0.07	33
C	-10.918	-24.789	0.048	33
N	-10.054	-23.889	0.514	34
CA	-8.625	-24.145	0.629	34
C	-8.248	-25.189	1.691	34
N	-9.182	-25.486	2.577	35
CA	-9.036	-26.656	3.437	35
C	-8.864	-27.963	2.698	35
N	-9.335	-28.023	1.454	36
CA	-9.122	-29.201	0.657	36
C	-7.631	-29.472	0.544	36
N	-6.813	-28.407	0.541	37
CA	-5.351	-28.515	0.49	37
C	-4.706	-28.648	1.853	37
N	-5.171	-27.858	2.815	38
CA	-4.5	-27.746	4.117	38
C	-4.915	-28.789	5.138	38
N	-6.008	-29.497	4.883	39
CA	-6.457	-30.54	5.784	39
C	-5.991	-31.942	5.403	39
N	-5.603	-32.19	4.149	40
CA	-5.402	-33.565	3.65	40
C	-4.15	-33.715	2.836	40
N	-3.502	-34.854	3.018	41
CA	-2.393	-35.255	2.173	41
C	-1.112	-34.501	2.424	41
N	-0.168	-34.662	1.51	42
CA	1.132	-34.002	1.62	42
C	1.039	-32.473	1.737	42
N	0.021	-31.845	1.127	43
CA	-0.127	-30.391	1.257	43
C	-0.487	-30.018	2.7	43
N	-1.183	-30.927	3.393	44
CA	-1.459	-30.749	4.795	44
C	-0.218	-30.849	5.663	44
N	0.544	-31.919	5.491	45
CA	1.753	-32.118	6.272	45
C	2.703	-30.958	6.04	45
N	2.874	-30.561	4.784	46
CA	3.767	-29.47	4.449	46
C	3.354	-28.17	5.114	46
N	2.064	-27.869	5.12	47
CA	1.564	-26.663	5.793	47
C	1.85	-26.718	7.296	47
N	1.603	-27.876	7.888	48
CA	1.833	-28.085	9.31	48
C	3.339	-27.99	9.668	48
N	4.21	-28.429	8.769	49
CA	5.652	-28.224	8.943	49
C	6.113	-26.831	8.508	49
N	5.183	-25.957	8.15	50
CA	5.511	-24.604	7.733	50
C	6.496	-24.569	6.591	50
N	6.291	-25.43	5.611	51
CA	7.056	-25.34	4.371	51
C	6.443	-24.321	3.438	51
N	5.196	-23.941	3.684	52
CA	4.595	-22.836	2.964	52
C	3.541	-22.237	3.846	52
N	3.117	-21.032	3.484	53
CA	2.06	-20.347	4.201	53
C	0.901	-20.131	3.25	53
N	-0.313	-20.214	3.767	54
CA	-1.473	-19.955	2.968	54
C	-2.389	-19.088	3.777	54
N	-2.687	-17.917	3.229	55
CA	-3.521	-16.94	3.87	55
C	-4.544	-16.476	2.83	55
N	-5.784	-16.294	3.261	56
CA	-6.88	-15.946	2.383	56
C	-7.516	-14.625	2.79	56
N	-8.09	-13.943	1.808	57
CA	-8.729	-12.658	1.998	57
C	-10.06	-12.657	1.267	57
N	-11.129	-12.403	1.996	58
CA	-12.432	-12.357	1.406	58
C	-12.769	-10.939	0.997	58
N	-13.049	-10.72	-0.297	59
CA	-13.443	-9.392	-0.759	59
C	-14.674	-8.832	-0.046	59
N	-15.566	-9.7	0.427	60
CA	-16.709	-9.217	1.161	60
C	-16.325	-8.447	2.433	60
N	-15.125	-8.651	2.974	61
CA	-14.657	-7.91	4.142	61
C	-14.13	-6.51	3.823	61
N	-14.179	-6.108	2.554	62
CA	-13.628	-4.838	2.076	62
C	-14.702	-4.057	1.319	62
N	-15.884	-3.972	1.928	63
CA	-17.027	-3.282	1.374	63
C	-17.51	-2.237	2.384	63
N	-18.315	-1.291	1.923	64
CA	-18.796	-0.163	2.753	64
C	-20.316	-0.105	2.885	64
N	-21.015	-0.96	2.146	65
CA	-22.472	-1.05	2.242	65
C	-22.812	-2.06	3.335	65
N	-24.101	-2.216	3.627	66
CA	-24.569	-3.138	4.662	66
C	-24.674	-4.554	4.176	66
N	-24.657	-4.755	2.861	67
CA	-24.872	-6.09	2.284	67
C	-23.611	-6.711	1.672	67
N	-22.464	-6.225	2.121	68
CA	-21.178	-6.779	1.743	68
C	-21.21	-7.117	0.259	68
N	-21.568	-6.11	-0.542	69
CA	-21.842	-6.278	-1.967	69
C	-20.549	-6.276	-2.758	69
N	-20.313	-7.349	-3.522	70
CA	-19.046	-7.468	-4.265	70
C	-19.197	-7.637	-5.767	70
N	-20.424	-7.537	-6.267	71
CA	-20.709	-7.715	-7.679	71
C	-21.928	-6.862	-8.094	71
N	-21.962	-6.411	-9.338	72
CA	-23.191	-5.834	-9.889	72
C	-23.32	-6.218	-11.357	72
N	-24.418	-5.796	-11.993	73
CA	-24.701	-6.101	-13.407	73
C	-23.668	-5.405	-14.332	73
N	-23.347	-6.011	-15.489	74
CA	-22.375	-5.349	-16.369	74
C	-22.986	-4.185	-17.099	74
N	-22.214	-3.128	-17.309	75
CA	-22.602	-2.075	-18.229	75
C	-22.752	-2.702	-19.627	75
N	-23.758	-2.269	-20.381	76
CA	-24.036	-2.838	-21.709	76
C	-24.883	-4.106	-21.702	76
N	-25.396	-4.512	-20.54	77
CA	-26.343	-5.619	-20.461	77
C	-25.686	-6.977	-20.595	77
N	-26.506	-8.003	-20.768	78
CA	-26.035	-9.374	-20.751	78
C	-26.358	-9.931	-19.383	78
N	-26.439	-11.261	-19.273	79
CA	-27.069	-11.895	-18.112	79
C	-26.204	-12.056	-16.859	79
N	-24.902	-11.787	-16.939	80
CA	-24.0	-12.096	-15.813	80
C	-23.914	-11.08	-14.673	80
N	-23.079	-11.394	-13.685	81
CA	-22.593	-10.403	-12.719	81
C	-21.072	-10.203	-12.858	81
N	-20.622	-8.973	-12.614	82
CA	-19.23	-8.572	-12.711	82
C	-18.768	-8.133	-11.338	82
N	-17.652	-8.665	-10.853	83
CA	-17.148	-8.273	-9.542	83
C	-16.658	-6.84	-9.548	83
N	-17.08	-6.096	-8.525	84
CA	-16.649	-4.716	-8.304	84
C	-15.146	-4.656	-8.087	84
N	-14.517	-3.633	-8.65	85
CA	-13.067	-3.475	-8.579	85
C	-12.529	-3.184	-7.163	85
N	-13.212	-2.315	-6.431	86
CA	-12.646	-1.764	-5.204	86
C	-12.39	-2.816	-4.098	86
N	-13.376	-3.666	-3.786	87
CA	-13.154	-4.742	-2.784	87
C	-11.959	-5.613	-3.138	87
N	-11.798	-5.873	-4.429	88
CA	-10.705	-6.697	-4.902	88
C	-9.35	-5.975	-4.808	88
N	-9.316	-4.716	-5.228	89
CA	-8.099	-3.935	-5.037	89
C	-7.768	-3.855	-3.542	89
N	-8.775	-3.637	-2.704	90
CA	-8.515	-3.547	-1.254	90
C	-7.922	-4.874	-0.731	90
N	-8.53	-5.997	-1.136	91
CA	-8.072	-7.318	-0.687	91
C	-6.649	-7.564	-1.123	91
N	-6.353	-7.229	-2.36	92
CA	-5.008	-7.394	-2.896	92
C	-3.95	-6.571	-2.156	92
N	-4.275	-5.313	-1.871	93
CA	-3.354	-4.463	-1.108	93
C	-3.196	-4.968	0.313	93
N	-4.238	-5.558	0.887	94
CA	-4.069	-6.104	2.236	94
C	-3.091	-7.281	2.157	94
N	-3.214	-8.092	1.114	95
CA	-2.279	-9.204	0.949	95
C	-0.852	-8.698	0.711	95
N	-0.696	-7.668	-0.111	96
CA	0.647	-7.109	-0.332	96
C	1.256	-6.552	0.949	96
N	0.452	-5.858	1.745	97
CA	0.934	-5.313	3.022	97
C	1.283	-6.462	3.961	97
N	0.427	-7.487	4.065	98
CA	0.743	-8.596	4.987	98
C	2.036	-9.285	4.59	98
N	2.259	-9.427	3.299	99
CA	3.492	-10.021	2.809	99
C	4.721	-9.109	3.045	99
N	4.55	-7.793	2.924	100
CA	5.633	-6.864	3.284	100
C	6.027	-7.017	4.762	100
N	5.056	-7.193	5.66	101
CA	5.351	-7.421	7.084	101
C	6.189	-8.692	7.337	101
N	6.193	-9.631	6.393	102
CA	7.051	-10.828	6.487	102
C	8.362	-10.633	5.781	102
N	8.63	-9.428	5.3	103
CA	9.806	-9.199	4.479	103
C	9.738	-9.796	3.085	103
N	8.543	-10.128	2.601	104
CA	8.374	-10.469	1.189	104
C	7.813	-9.26	0.473	104
N	8.52	-8.778	-0.536	105
CA	8.063	-7.616	-1.299	105
C	7.998	-7.966	-2.765	105
N	7.178	-7.249	-3.516	106
CA	7.098	-7.491	-4.954	106
C	6.583	-8.862	-5.406	106
N	5.726	-9.501	-4.615	107
CA	5.082	-10.732	-5.064	107
C	4.177	-10.42	-6.244	107
N	4.272	-11.225	-7.28	108
CA	3.411	-11.066	-8.427	108
C	1.943	-11.398	-8.047	108
N	1.005	-10.628	-8.603	109
CA	-0.413	-10.93	-8.507	109
C	-0.782	-11.733	-9.745	109
N	-1.289	-12.941	-9.53	110
CA	-1.631	-13.83	-10.606	110
C	-3.139	-14.106	-10.532	110
N	-3.85	-13.845	-11.613	111
CA	-5.269	-14.073	-11.653	111
C	-5.54	-15.398	-12.356	111
N	-6.407	-16.216	-11.773	112
CA	-6.83	-17.436	-12.436	112
C	-7.877	-16.999	-13.436	112
N	-7.643	-17.316	-14.687	113
CA	-8.525	-16.908	-15.735	113
C	-8.337	-17.791	-16.929	113
N	-9.416	-18.168	-17.597	114
CA	-9.272	-18.928	-18.827	114
C	-8.523	-18.201	-19.963	114
N	-8.336	-16.891	-19.841	115
CA	-7.579	-16.162	-20.87	115
C	-6.077	-16.298	-20.704	115
N	-5.661	-16.827	-19.567	116
CA	-4.263	-16.988	-19.253	116
C	-3.629	-18.082	-20.043	116
N	-2.307	-18.093	-19.98	117
CA	-1.517	-19.182	-20.535	117
C	-1.786	-20.391	-19.65	117
N	-1.885	-21.551	-20.266	118
CA	-2.199	-22.774	-19.571	118
C	-1.051	-23.198	-18.683	118
N	-1.383	-23.451	-17.431	119
CA	-0.433	-23.953	-16.462	119
C	0.232	-25.217	-16.965	119
N	1.549	-25.282	-16.811	120
CA	2.305	-26.475	-17.096	120
C	3.512	-26.566	-16.163	120
N	4.255	-27.658	-16.294	121
CA	5.43	-27.909	-15.489	121
C	6.435	-26.753	-15.432	121
N	6.787	-26.184	-16.582	122
CA	7.726	-25.035	-16.607	122
C	7.213	-23.88	-15.754	122
N	5.941	-23.548	-15.933	123
CA	5.334	-22.462	-15.161	123
C	5.328	-22.793	-13.666	123
N	5.044	-24.047	-13.333	124
CA	5.057	-24.467	-11.935	124
C	6.419	-24.258	-11.294	124
N	7.475	-24.653	-12.002	125
CA	8.856	-24.528	-11.495	125
C	9.256	-23.06	-11.34	125
N	8.905	-22.243	-12.321	126
CA	9.103	-20.795	-12.206	126
C	8.412	-20.232	-10.944	126
N	7.168	-20.631	-10.653	127
CA	6.498	-20.117	-9.432	127
C	7.174	-20.595	-8.159	127
N	7.666	-21.831	-8.2	128
CA	8.268	-22.444	-7.027	128
C	9.561	-21.728	-6.626	128
N	10.189	-20.991	-7.547	129
CA	11.363	-20.159	-7.21	129
C	11.003	-18.809	-6.552	129
N	9.734	-18.409	-6.597	130
CA	9.314	-17.127	-6.043	130
C	9.055	-17.22	-4.543	130
N	9.395	-16.163	-3.802	131
CA	9.214	-16.231	-2.356	131
C	7.773	-16.045	-1.89	131
N	6.93	-15.469	-2.736	132
CA	5.518	-15.262	-2.417	132
C	4.705	-15.129	-3.693	132
N	3.421	-15.427	-3.619	133
CA	2.511	-15.184	-4.736	133
C	1.199	-14.683	-4.182	133
N	0.503	-13.93	-5.009	134
CA	-0.842	-13.495	-4.656	134
C	-1.729	-13.963	-5.777	134
N	-2.765	-14.711	-5.417	135
CA	-3.626	-15.344	-6.397	135
C	-4.988	-14.736	-6.245	135
N	-5.552	-14.334	-7.374	136
CA	-6.862	-13.74	-7.423	136
C	-7.827	-14.736	-8.05	136
N	-8.848	-15.12	-7.307	137
CA	-9.875	-16.044	-7.802	137
C	-11.168	-15.294	-8.055	137
N	-11.658	-15.414	-9.277	138
CA	-12.924	-14.869	-9.653	138
C	-14.084	-15.778	-9.369	138
N	-15.263	-15.171	-9.294	139
CA	-16.543	-15.881	-9.36	139
C	-17.439	-15.076	-10.293	139
N	-18.638	-15.562	-10.558	140
CA	-19.535	-14.904	-11.496	140
C	-18.854	-14.84	-12.867	140
N	-19.257	-13.869	-13.686	141
CA	-18.986	-13.89	-15.102	141
C	-17.658	-13.242	-15.409	141
N	-17.236	-12.305	-14.562	142
CA	-16.033	-11.505	-14.826	142
C	-15.587	-10.683	-13.625	142
N	-14.369	-10.167	-13.738	143
CA	-13.864	-9.122	-12.868	143
C	-13.752	-7.854	-13.699	143
N	-14.083	-6.697	-13.099	144
CA	-13.951	-5.408	-13.777	144
C	-12.559	-5.251	-14.383	144
N	-12.505	-5.007	-15.684	145
CA	-11.239	-4.962	-16.414	145
C	-10.242	-3.95	-15.816	145
N	-10.77	-2.869	-15.278	146
CA	-9.938	-1.851	-14.665	146
C	-9.169	-2.412	-13.497	146
N	-9.801	-3.28	-12.716	147
CA	-9.088	-3.949	-11.643	147
C	-7.905	-4.77	-12.197	147
N	-8.176	-5.582	-13.21	148
CA	-7.166	-6.436	-13.831	148
C	-6.012	-5.606	-14.361	148
N	-6.356	-4.617	-15.183	149
CA	-5.378	-3.763	-15.843	149
C	-4.446	-3.115	-14.855	149
N	-4.99	-2.762	-13.708	150
CA	-4.284	-2.009	-12.703	150
C	-3.383	-2.851	-11.804	150
N	-3.854	-4.015	-11.364	151
CA	-3.083	-4.776	-10.371	151
C	-2.645	-6.195	-10.756	151
N	-3.097	-6.728	-11.879	152
CA	-2.784	-8.101	-12.199	152
C	-1.533	-8.159	-13.06	152
N	-0.586	-8.986	-12.63	153
CA	0.675	-9.132	-13.323	153
C	0.626	-10.237	-14.347	153
N	-0.197	-11.262	-14.12	154
CA	-0.2	-12.425	-14.988	154
C	-1.551	-13.168	-14.856	154
N	-2.005	-13.757	-15.95	155
CA	-3.179	-14.627	-15.984	155
C	-2.709	-16.067	-16.196	155
N	-3.356	-17.016	-15.514	156
CA	-3.067	-18.436	-15.656	156
C	-4.387	-19.157	-15.792	156
N	-4.518	-19.915	-16.876	157
CA	-5.645	-20.799	-17.069	157
C	-5.317	-22.199	-16.558	157
N	-6.303	-22.88	-15.989	158
CA	-6.148	-24.305	-15.676	158
C	-6.227	-25.177	-16.916	158
N	-6.852	-24.667	-17.971	159
CA	-7.037	-25.422	-19.195	159
C	-8.176	-24.823	-19.99	159
N	-8.464	-25.41	-21.153	160
CA	-9.445	-24.853	-22.072	160
C	-10.855	-25.358	-21.761	160
N	-11.341	-24.978	-20.587	161
CA	-12.692	-25.335	-20.169	161
C	-13.066	-24.249	-19.195	161
N	-14.325	-24.148	-18.824	162
CA	-14.702	-23.096	-17.885	162
C	-15.327	-23.678	-16.624	162
N	-14.782	-23.251	-15.498	163
CA	-15.22	-23.612	-14.195	163
C	-15.993	-22.467	-13.584	163
N	-16.626	-22.749	-12.449	164
CA	-17.468	-21.782	-11.767	164
C	-16.674	-20.728	-10.98	164
N	-15.395	-20.99	-10.686	165
CA	-14.587	-20.056	-9.939	165
C	-13.107	-20.323	-10.036	165
N	-12.294	-19.393	-9.555	166
CA	-10.838	-19.534	-9.656	166
C	-10.189	-20.335	-8.544	166
N	-10.995	-20.846	-7.625	167
CA	-10.475	-21.517	-6.438	167
C	-9.85	-22.875	-6.777	167
N	-10.53	-23.672	-7.6	168
CA	-9.964	-24.972	-7.971	168
C	-8.679	-24.788	-8.793	168
N	-8.685	-23.873	-9.791	169
CA	-7.426	-23.522	-10.466	169
C	-6.294	-23.104	-9.519	169
N	-6.577	-22.228	-8.554	170
CA	-5.571	-21.732	-7.611	170
C	-4.998	-22.867	-6.8	170
N	-5.901	-23.709	-6.33	171
CA	-5.519	-24.88	-5.534	171
C	-4.627	-25.866	-6.308	171
N	-4.93	-26.043	-7.576	172
CA	-4.113	-26.893	-8.431	172
C	-2.722	-26.312	-8.595	172
N	-2.671	-24.992	-8.774	173
CA	-1.406	-24.292	-8.857	173
C	-0.615	-24.427	-7.572	173
N	-1.263	-24.171	-6.45	174
CA	-0.593	-24.271	-5.151	174
C	-0.047	-25.685	-4.95	174
N	-0.875	-26.706	-5.203	175
CA	-0.496	-28.099	-4.982	175
C	0.714	-28.433	-5.836	175
N	0.682	-28.132	-7.132	176
CA	1.821	-28.451	-7.986	176
C	3.091	-27.756	-7.553	176
N	2.973	-26.496	-7.115	177
CA	4.131	-25.718	-6.634	177
C	4.689	-26.323	-5.363	177
N	3.813	-26.59	-4.402	178
CA	4.221	-27.06	-3.083	178
C	5.014	-28.364	-3.18	178
N	4.671	-29.186	-4.157	179
CA	5.359	-30.433	-4.4	179
C	6.82	-30.2	-4.692	179
N	7.164	-29.042	-5.251	180
CA	8.549	-28.746	-5.606	180
C	9.27	-27.848	-4.63	180
N	8.655	-27.523	-3.502	181
CA	9.298	-26.653	-2.536	181
C	10.264	-27.471	-1.697	181
N	11.313	-26.821	-1.159	182
CA	12.278	-27.494	-0.288	182
C	11.649	-28.089	0.964	182
N	11.952	-29.366	1.205	183
CA	11.489	-30.085	2.382	183
C	10.175	-30.821	2.21	183
N	9.399	-30.47	1.196	184
CA	8.082	-31.056	1.068	184
C	8.207	-32.522	0.694	184
N	9.014	-32.789	-0.316	185
CA	9.381	-34.142	-0.648	185
C	10.882	-34.264	-0.316	185
N	11.343	-35.472	0.008	186
CA	12.79	-35.689	0.131	186
C	13.459	-35.53	-1.225	186
N	14.78	-35.437	-1.198	187
CA	15.559	-35.168	-2.397	187
C	15.253	-36.164	-3.519	187
N	15.206	-37.454	-3.16	188
CA	15.01	-38.503	-4.151	188
C	13.646	-38.392	-4.843	188
N	12.606	-38.118	-4.072	189
CA	11.281	-37.989	-4.662	189
C	11.282	-36.799	-5.642	189
N	11.998	-35.729	-5.276	190
CA	12.106	-34.518	-6.109	190
C	12.837	-34.76	-7.418	190
N	13.798	-35.686	-7.436	191
CA	14.542	-35.997	-8.669	191
C	13.857	-37.049	-9.555	191
N	12.786	-37.674	-9.079	192
CA	12.072	-38.685	-9.89	192
C	11.605	-38.105	-11.235	192
N	11.701	-38.897	-12.303	193
CA	11.195	-38.465	-13.619	193
C	9.686	-38.781	-13.764	193
N	8.887	-38.181	-12.874	194
CA	7.435	-38.058	-13.036	194
C	7.036	-37.621	-14.442	194
N	5.77	-37.829	-14.774	195
CA	5.267	-37.34	-16.045	195
C	5.712	-35.857	-16.239	195
N	6.2	-35.557	-17.439	196
CA	6.561	-34.2	-17.903	196
C	7.956	-33.726	-17.487	196
N	8.583	-34.351	-16.479	197
CA	9.882	-33.883	-16.01	197
C	10.938	-34.035	-17.098	197
N	10.981	-35.186	-17.76	198
CA	11.993	-35.449	-18.775	198
C	11.351	-35.454	-20.167	198
N	10.26	-34.714	-20.325	199
CA	9.479	-34.691	-21.567	199
C	8.509	-35.85	-21.821	199
N	8.55	-36.895	-20.986	200
CA	7.793	-38.125	-21.233	200
C	6.764	-38.428	-20.143	200
N	5.808	-39.298	-20.458	201
CA	4.893	-39.81	-19.445	201
C	5.626	-40.825	-18.566	201
N	5.124	-41.004	-17.351	202
CA	5.642	-42.018	-16.43	202
C	5.535	-43.436	-17.0	202
N	6.368	-44.345	-16.501	203
CA	6.184	-45.786	-16.781	203
C	5.072	-46.364	-15.892	203
N	4.63	-47.578	-16.162	204
CA	3.694	-48.221	-15.248	204
C	4.378	-48.677	-13.955	204
N	3.591	-48.904	-12.918	205
CA	4.106	-49.428	-11.647	205
C	3.256	-50.568	-11.106	205
N	3.876	-51.361	-10.236	206
CA	3.278	-52.543	-9.692	206
C	3.673	-52.68	-8.224	206
N	2.791	-53.29	-7.447	207
CA	3.069	-53.642	-6.07	207
C	2.351	-54.948	-5.733	207
N	2.473	-55.402	-4.494	208
CA	1.987	-56.724	-4.143	208
C	0.5	-56.857	-4.444	208
N	0.046	-58.048	-4.852	209
CA	0.801	-59.307	-4.945	209
C	1.43	-59.527	-6.286	209
N	2.358	-60.485	-6.335	210
CA	3.046	-60.791	-7.579	210
C	2.07	-61.202	-8.639	210
N	0.984	-61.858	-8.224	211
CA	-0.022	-62.286	-9.156	211
C	-1.399	-61.811	-8.73	211
N	-2.049	-61.024	-9.575	212
CA	-3.313	-60.347	-9.206	212
C	-4.376	-60.61	-10.265	212
N	-5.481	-61.234	-9.854	213
CA	-6.528	-61.683	-10.8	213
C	-5.899	-62.316	-12.035	213
N	-4.999	-63.262	-11.79	214
CA	-4.296	-63.999	-12.835	214
C	-3.235	-63.276	-13.626	214
N	-2.885	-62.044	-13.247	215
CA	-1.926	-61.26	-14.01	215
C	-0.684	-61.031	-13.144	215
N	0.443	-61.43	-13.69	216
CA	1.681	-61.366	-12.971	216
C	2.402	-60.06	-13.273	216
N	3.045	-59.528	-12.253	217
CA	4.03	-58.456	-12.421	217
C	5.103	-58.912	-13.4	217
N	5.5	-58.052	-14.36	218
CA	6.619	-58.392	-15.247	218
C	7.868	-58.874	-14.483	218
N	8.484	-59.949	-14.969	219
CA	9.562	-60.636	-14.243	219
C	10.754	-59.758	-13.872	219
N	11.16	-58.871	-14.771	220
CA	12.308	-58.021	-14.537	220
C	12.108	-57.147	-13.312	220
N	10.869	-56.781	-13.012	221
CA	10.597	-55.947	-11.846	221
C	10.682	-56.725	-10.536	221
N	10.657	-58.05	-10.622	222
CA	10.82	-58.924	-9.44	222
C	12.257	-59.397	-9.216	222
N	13.134	-59.186	-10.18	223
CA	14.488	-59.709	-10.135	223
C	15.509	-58.851	-9.405	223
N	15.131	-57.636	-9.004	224
CA	16.037	-56.744	-8.271	224
C	17.318	-56.271	-8.978	224
N	17.375	-56.286	-10.308	225
CA	18.587	-55.784	-11.001	225
C	18.323	-54.443	-11.618	225
N	18.935	-53.43	-11.021	226
CA	18.552	-52.055	-11.266	226
C	18.667	-51.645	-12.738	226
N	19.75	-52.031	-13.401	227
CA	19.967	-51.563	-14.766	227
C	18.893	-52.095	-15.709	227
N	18.551	-53.36	-15.55	228
CA	17.518	-53.974	-16.354	228
C	16.129	-53.338	-16.073	228
N	15.849	-53.092	-14.808	229
CA	14.634	-52.448	-14.383	229
C	14.534	-51.049	-14.979	229
N	15.632	-50.288	-14.975	230
CA	15.611	-48.942	-15.528	230
C	15.456	-48.927	-17.052	230
N	16.041	-49.902	-17.725	231
CA	15.815	-50.071	-19.164	231
C	14.349	-50.363	-19.455	231
N	13.745	-51.281	-18.688	232
CA	12.332	-51.632	-18.886	232
C	11.447	-50.414	-18.683	232
N	11.672	-49.702	-17.585	233
CA	10.906	-48.504	-17.277	233
C	10.987	-47.414	-18.332	233
N	12.186	-47.17	-18.844	234
CA	12.36	-46.188	-19.922	234
C	11.558	-46.63	-21.14	234
N	11.692	-47.9	-21.521	235
CA	10.944	-48.431	-22.657	235
C	9.427	-48.352	-22.483	235
N	8.938	-48.598	-21.27	236
CA	7.502	-48.508	-21.037	236
C	7.041	-47.06	-20.871	236
N	7.906	-46.172	-20.377	237
CA	7.594	-44.758	-20.399	237
C	7.449	-44.27	-21.884	237
N	8.355	-44.694	-22.744	238
CA	8.267	-44.406	-24.192	238
C	6.997	-44.947	-24.851	238
N	6.64	-46.204	-24.558	239
CA	5.392	-46.784	-25.027	239
C	4.177	-46.047	-24.566	239
N	4.074	-45.768	-23.261	240
CA	2.985	-44.952	-22.761	240
C	2.918	-43.615	-23.497	240
N	4.062	-42.963	-23.646	241
CA	4.071	-41.631	-24.277	241
C	3.679	-41.702	-25.776	241
N	4.302	-42.615	-26.509	242
CA	3.936	-42.877	-27.889	242
C	2.445	-43.142	-28.026	242
N	1.871	-44.018	-27.201	243
CA	0.455	-44.366	-27.315	243
C	-0.524	-43.289	-26.864	243
N	-0.198	-42.54	-25.816	244
CA	-1.173	-41.565	-25.281	244
C	-0.893	-40.119	-25.676	244
N	0.371	-39.807	-25.925	245
CA	0.82	-38.441	-26.122	245
C	1.957	-38.408	-27.098	245
N	1.704	-38.887	-28.349	246
CA	2.746	-38.887	-29.36	246
C	3.313	-37.496	-29.617	246
N	2.543	-36.45	-29.322	247
CA	3.074	-35.076	-29.41	247
C	4.299	-34.846	-28.529	247
N	4.346	-35.516	-27.38	248
CA	5.524	-35.421	-26.504	248
C	6.717	-36.141	-27.085	248
N	6.486	-37.213	-27.837	249
CA	7.602	-37.864	-28.526	249
C	8.216	-36.889	-29.56	249
N	7.37	-36.229	-30.331	250
CA	7.839	-35.23	-31.323	250
C	8.677	-34.167	-30.612	250
N	8.152	-33.602	-29.519	251
CA	8.899	-32.58	-28.771	251
C	10.157	-33.157	-28.189	251
N	10.093	-34.349	-27.616	252
CA	11.299	-34.928	-27.029	252
C	12.379	-35.108	-28.089	252
N	11.974	-35.616	-29.247	253
CA	12.882	-35.701	-30.387	253
C	13.391	-34.293	-30.72	253
N	12.479	-33.364	-31.008	254
CA	12.836	-31.943	-31.235	254
C	13.85	-31.41	-30.216	254
N	13.622	-31.691	-28.93	255
CA	14.501	-31.247	-27.836	255
C	15.735	-32.142	-27.608	255
N	15.978	-33.105	-28.491	256
CA	17.2	-33.944	-28.466	256
C	17.354	-34.85	-27.231	256
N	16.228	-35.25	-26.636	257
CA	16.226	-36.042	-25.404	257
C	16.165	-37.539	-25.674	257
N	16.08	-37.93	-26.951	258
CA	15.949	-39.338	-27.335	258
C	17.247	-39.947	-27.808	258
N	17.647	-41.047	-27.182	259
CA	18.83	-41.779	-27.602	259
C	18.545	-42.655	-28.828	259
N	19.593	-43.315	-29.318	260
CA	19.504	-44.165	-30.499	260
C	18.694	-45.42	-30.184	260
N	18.91	-45.965	-28.988	261
CA	18.121	-47.11	-28.506	261
C	16.666	-46.685	-28.21	261
N	16.469	-45.477	-27.675	262
CA	15.118	-44.877	-27.554	262
C	14.411	-44.871	-28.932	262
N	15.127	-44.456	-29.981	263
CA	14.558	-44.376	-31.34	263
C	14.293	-45.764	-31.908	263
N	15.263	-46.655	-31.766	264
CA	15.114	-48.025	-32.251	264
C	13.933	-48.738	-31.578	264
N	13.767	-48.531	-30.274	265
CA	12.582	-49.026	-29.551	265
C	11.285	-48.438	-30.109	265
N	11.247	-47.128	-30.275	266
CA	10.058	-46.491	-30.788	266
C	9.774	-46.979	-32.221	266
N	10.816	-47.092	-33.045	267
CA	10.624	-47.65	-34.381	267
C	10.039	-49.047	-34.272	267
N	10.523	-49.863	-33.331	268
CA	9.989	-51.225	-33.237	268
C	8.496	-51.212	-32.889	268
N	8.086	-50.308	-32.009	269
CA	6.696	-50.266	-31.582	269
C	5.813	-49.919	-32.779	269
N	6.293	-48.969	-33.569	270
CA	5.552	-48.516	-34.723	270
C	5.475	-49.625	-35.781	270
N	6.605	-50.278	-36.07	271
CA	6.605	-51.323	-37.096	271
C	5.568	-52.366	-36.695	271
N	5.62	-52.764	-35.435	272
CA	4.732	-53.798	-34.945	272
C	3.242	-53.425	-35.027	272
N	2.901	-52.199	-34.661	273
CA	1.498	-51.774	-34.685	273
C	0.963	-51.658	-36.092	273
N	1.836	-51.459	-37.063	274
CA	1.37	-51.347	-38.432	274
C	1.182	-52.718	-39.09	274
N	1.632	-53.795	-38.431	275
CA	1.393	-55.178	-38.886	275
C	0.074	-55.713	-38.326	275
N	-0.046	-57.013	-38.591	276
CA	0.514	-57.784	-39.675	276
C	-0.137	-57.505	-41.012	276
