ATOM	X	Y	Z	RESIDUE
N	29.163	-22.629	-58.383	1
CA	30.382	-22.639	-57.532	1
C	29.908	-22.337	-56.127	1
N	29.361	-23.378	-55.518	2
CA	28.397	-23.322	-54.423	2
C	29.071	-23.682	-53.099	2
N	30.159	-22.976	-52.781	3
CA	30.982	-23.255	-51.601	3
C	31.148	-22.06	-50.642	3
N	30.539	-20.9	-50.918	4
CA	30.743	-19.68	-50.108	4
C	29.503	-19.24	-49.299	4
N	28.449	-20.068	-49.251	5
CA	27.203	-19.793	-48.496	5
C	26.975	-20.686	-47.267	5
N	27.959	-21.491	-46.864	6
CA	27.786	-22.509	-45.818	6
C	28.393	-22.161	-44.441	6
N	29.034	-21.003	-44.27	7
CA	29.772	-20.656	-43.036	7
C	29.019	-19.773	-42.032	7
N	27.727	-19.489	-42.24	8
CA	26.964	-18.535	-41.404	8
C	25.767	-19.149	-40.641	8
N	25.798	-20.454	-40.317	9
CA	24.665	-21.11	-39.616	9
C	25.001	-21.994	-38.415	9
N	26.252	-22.053	-37.962	10
CA	26.664	-23.08	-36.979	10
C	27.145	-22.565	-35.62	10
N	26.883	-21.302	-35.244	11
CA	27.397	-20.733	-33.979	11
C	26.393	-19.952	-33.092	11
N	25.065	-20.109	-33.236	12
CA	24.097	-19.231	-32.515	12
C	23.173	-19.924	-31.489	12
N	23.213	-21.246	-31.271	13
CA	22.139	-21.9	-30.485	13
C	22.489	-22.648	-29.187	13
N	23.702	-22.546	-28.624	14
CA	24.058	-23.345	-27.428	14
C	24.59	-22.596	-26.19	14
N	24.588	-21.257	-26.153	15
CA	25.024	-20.492	-24.961	15
C	24.019	-19.472	-24.399	15
N	22.867	-19.231	-25.039	16
CA	21.993	-18.098	-24.677	16
C	21.032	-18.334	-23.504	16
N	20.627	-19.577	-23.228	17
CA	19.535	-19.832	-22.269	17
C	19.963	-19.739	-20.797	17
N	21.266	-19.798	-20.505	18
CA	21.781	-19.613	-19.144	18
C	22.048	-18.152	-18.765	18
N	21.991	-17.214	-19.714	19
CA	22.21	-15.791	-19.422	19
C	20.915	-15.005	-19.219	19
N	19.792	-15.483	-19.766	20
CA	18.509	-14.784	-19.661	20
C	17.929	-14.823	-18.255	20
N	17.223	-13.749	-17.91	21
CA	16.526	-13.662	-16.637	21
C	15.453	-14.774	-16.539	21
N	15.428	-15.582	-15.46	22
CA	14.432	-16.632	-15.246	22
C	13.005	-16.101	-15.05	22
N	12.839	-14.828	-14.671	23
CA	11.52	-14.192	-14.552	23
C	11.078	-13.727	-15.937	23
N	10.035	-14.364	-16.474	24
CA	9.574	-14.154	-17.85	24
C	9.205	-12.685	-18.103	24
N	8.487	-12.059	-17.174	25
CA	8.064	-10.664	-17.266	25
C	9.261	-9.704	-17.337	25
N	10.33	-9.983	-16.582	26
CA	11.563	-9.18	-16.592	26
C	12.295	-9.352	-17.92	26
N	12.479	-10.591	-18.385	27
CA	13.16	-10.886	-19.649	27
C	12.464	-10.245	-20.867	27
N	11.141	-10.067	-20.805	28
CA	10.36	-9.451	-21.881	28
C	10.437	-7.915	-21.881	28
N	10.575	-7.301	-20.703	29
CA	10.395	-5.852	-20.523	29
C	11.705	-5.113	-20.27	29
N	12.703	-5.717	-19.631	30
CA	13.941	-5.024	-19.249	30
C	15.003	-5.13	-20.355	30
N	15.697	-4.034	-20.725	31
CA	16.78	-4.099	-21.705	31
C	17.962	-4.945	-21.208	31
N	18.478	-5.828	-22.06	32
CA	19.655	-6.673	-21.784	32
C	20.979	-6.028	-22.247	32
N	20.956	-4.746	-22.623	33
CA	22.123	-3.976	-23.085	33
C	22.35	-2.737	-22.225	33
N	23.59	-2.254	-22.17	34
CA	23.96	-1.038	-21.448	34
C	25.084	-0.271	-22.164	34
N	25.032	1.061	-22.103	35
CA	26.102	1.97	-22.53	35
C	26.617	2.752	-21.305	35
N	27.781	2.372	-20.746	36
CA	28.352	3.029	-19.572	36
C	28.822	4.471	-19.791	36
N	28.954	4.93	-21.041	37
CA	29.45	6.276	-21.363	37
C	28.382	7.373	-21.247	37
N	27.095	7.002	-21.193	38
CA	25.991	7.962	-21.157	38
C	26.009	8.807	-19.868	38
N	25.882	10.146	-19.966	39
CA	25.858	11.016	-18.798	39
C	24.565	10.823	-17.997	39
N	24.67	10.885	-16.666	40
CA	23.564	10.568	-15.743	40
C	23.173	11.768	-14.873	40
N	24.083	12.253	-14.02	41
CA	23.841	13.373	-13.092	41
C	24.207	14.718	-13.732	41
N	23.506	15.085	-14.799	42
CA	23.72	16.356	-15.509	42
C	23.031	17.524	-14.795	42
N	23.32	18.761	-15.215	43
CA	22.572	19.938	-14.758	43
C	21.057	19.782	-14.974	43
N	20.646	19.266	-16.143	44
CA	19.233	18.99	-16.444	44
C	18.638	17.993	-15.461	44
N	19.372	16.922	-15.147	45
CA	18.911	15.898	-14.219	45
C	18.671	16.465	-12.813	45
N	19.561	17.339	-12.333	46
CA	19.389	18.04	-11.058	46
C	18.213	19.012	-11.069	46
N	18.151	19.903	-12.061	47
CA	17.106	20.921	-12.139	47
C	15.72	20.282	-12.28	47
N	15.534	19.44	-13.302	48
CA	14.254	18.779	-13.555	48
C	13.9	17.786	-12.45	48
N	14.884	17.068	-11.902	49
CA	14.691	16.158	-10.775	49
C	14.153	16.87	-9.541	49
N	14.845	17.912	-9.075	50
CA	14.436	18.656	-7.885	50
C	13.093	19.362	-8.08	50
N	12.86	20.01	-9.226	51
CA	11.561	20.64	-9.513	51
C	10.431	19.611	-9.536	51
N	10.653	18.443	-10.148	52
CA	9.668	17.352	-10.176	52
C	9.355	16.832	-8.773	52
N	10.385	16.662	-7.939	53
CA	10.243	16.252	-6.544	53
C	9.395	17.254	-5.745	53
N	9.742	18.546	-5.813	54
CA	9.046	19.634	-5.101	54
C	7.59	19.753	-5.547	54
N	7.334	19.69	-6.853	55
CA	5.984	19.821	-7.392	55
C	5.103	18.634	-6.993	55
N	5.614	17.403	-7.101	56
CA	4.845	16.222	-6.711	56
C	4.542	16.201	-5.218	56
N	5.516	16.517	-4.358	57
CA	5.265	16.481	-2.915	57
C	4.3	17.585	-2.504	57
N	4.41	18.775	-3.103	58
CA	3.458	19.856	-2.877	58
C	2.03	19.412	-3.203	58
N	1.817	18.882	-4.412	59
CA	0.488	18.481	-4.862	59
C	-0.059	17.32	-4.026	59
N	0.737	16.277	-3.782	60
CA	0.292	15.11	-3.015	60
C	-0.054	15.459	-1.561	60
N	0.752	16.296	-0.9	61
CA	0.442	16.779	0.452	61
C	-0.833	17.606	0.451	61
N	-0.971	18.52	-0.507	62
CA	-2.139	19.382	-0.618	62
C	-3.436	18.595	-0.862	62
N	-3.422	17.643	-1.798	63
CA	-4.59	16.818	-2.113	63
C	-4.985	15.871	-0.983	63
N	-4.06	15.508	-0.099	64
CA	-4.352	14.561	0.981	64
C	-5.317	15.113	2.037	64
N	-5.342	16.43	2.263	65
CA	-6.288	17.06	3.198	65
C	-7.728	17.109	2.661	65
N	-7.924	16.904	1.352	66
CA	-9.244	16.973	0.716	66
C	-10.103	15.743	1.025	66
N	-11.416	15.906	0.892	67
CA	-12.415	14.835	1.042	67
C	-12.201	13.671	0.079	67
N	-11.814	13.964	-1.164	68
CA	-11.453	12.977	-2.182	68
C	-9.964	13.136	-2.522	68
N	-9.063	12.437	-1.81	69
CA	-7.633	12.609	-2.008	69
C	-7.183	11.99	-3.336	69
N	-6.526	12.791	-4.175	70
CA	-5.847	12.341	-5.39	70
C	-4.364	12.103	-5.081	70
N	-3.814	10.957	-5.487	71
CA	-2.364	10.713	-5.439	71
C	-1.791	10.759	-6.848	71
N	-0.852	11.671	-7.062	72
CA	-0.145	11.863	-8.319	72
C	1.136	11.037	-8.287	72
N	1.228	10.07	-9.198	73
CA	2.399	9.206	-9.329	73
C	3.549	9.892	-10.076	73
N	4.759	9.348	-9.926	74
CA	5.942	9.832	-10.637	74
C	5.868	9.62	-12.155	74
N	4.941	8.779	-12.63	75
CA	4.686	8.57	-14.058	75
C	4.326	9.904	-14.729	75
N	3.605	10.793	-14.032	76
CA	3.267	12.121	-14.549	76
C	4.537	12.923	-14.883	76
N	5.524	12.92	-13.981	77
CA	6.82	13.568	-14.212	77
C	7.639	12.839	-15.28	77
N	7.626	11.503	-15.308	78
CA	8.272	10.703	-16.358	78
C	7.754	11.05	-17.769	78
N	6.513	11.513	-17.906	79
CA	5.977	11.953	-19.201	79
C	6.315	13.423	-19.448	79
N	6.042	14.291	-18.469	80
CA	6.198	15.74	-18.594	80
C	7.658	16.168	-18.817	80
N	8.608	15.461	-18.205	81
CA	10.04	15.763	-18.291	81
C	10.608	15.46	-19.672	81
N	10.059	14.508	-20.431	82
CA	10.612	14.144	-21.737	82
C	10.654	15.311	-22.748	82
N	9.547	16.032	-23.038	83
CA	9.592	17.177	-23.943	83
C	10.458	18.31	-23.383	83
N	10.405	18.567	-22.07	84
CA	11.193	19.623	-21.415	84
C	12.694	19.305	-21.492	84
N	13.089	18.063	-21.22	85
CA	14.47	17.593	-21.299	85
C	15.013	17.631	-22.725	85
N	14.207	17.231	-23.721	86
CA	14.565	17.379	-25.144	86
C	14.673	18.842	-25.568	86
N	13.823	19.715	-25.033	87
CA	13.907	21.153	-25.264	87
C	15.196	21.727	-24.666	87
N	15.484	21.459	-23.388	88
CA	16.723	21.88	-22.721	88
C	17.977	21.343	-23.421	88
N	17.956	20.11	-23.933	89
CA	19.075	19.556	-24.699	89
C	19.294	20.238	-26.062	89
N	18.285	20.928	-26.606	90
CA	18.405	21.703	-27.85	90
C	18.778	23.162	-27.608	90
N	18.398	23.733	-26.467	91
CA	18.538	25.172	-26.2	91
C	19.694	25.529	-25.275	91
N	20.095	24.641	-24.359	92
CA	21.179	24.942	-23.426	92
C	22.548	24.906	-24.118	92
N	23.464	25.813	-23.736	93
CA	24.787	25.885	-24.329	93
C	25.631	24.667	-23.939	93
N	26.43	24.192	-24.891	94
CA	27.358	23.064	-24.721	94
C	28.687	23.476	-24.09	94
N	28.912	24.779	-23.882	95
CA	30.143	25.328	-23.304	95
C	30.452	24.698	-21.951	95
N	31.692	24.228	-21.798	96
CA	32.186	23.734	-20.517	96
C	32.625	24.913	-19.66	96
N	32.042	25.024	-18.474	97
CA	32.413	26.006	-17.473	97
C	33.273	25.32	-16.412	97
N	34.461	25.873	-16.173	98
CA	35.341	25.432	-15.099	98
C	35.058	26.279	-13.857	98
N	34.509	25.668	-12.808	99
CA	34.394	26.285	-11.484	99
C	35.147	25.424	-10.474	99
N	36.057	26.036	-9.707	100
CA	36.769	25.381	-8.595	100
C	37.418	24.031	-8.979	100
N	38.024	23.964	-10.17	101
CA	38.704	22.763	-10.675	101
C	37.778	21.671	-11.222	101
N	36.458	21.88	-11.214	102
CA	35.479	20.965	-11.796	102
C	34.924	21.566	-13.09	102
N	35.105	20.831	-14.185	103
CA	34.541	21.13	-15.503	103
C	33.105	20.615	-15.55	103
N	32.113	21.493	-15.697	104
CA	30.735	21.08	-15.964	104
C	30.155	21.797	-17.185	104
N	29.359	21.07	-17.97	105
CA	28.595	21.624	-19.089	105
C	27.111	21.633	-18.74	105
N	26.416	22.707	-19.12	106
CA	24.957	22.794	-19.009	106
C	24.259	21.839	-19.991	106
N	24.945	21.458	-21.073	107
CA	24.458	20.527	-22.078	107
C	25.557	19.528	-22.493	107
N	25.755	18.441	-21.725	108
CA	26.793	17.448	-22.009	108
C	26.462	16.523	-23.194	108
N	25.286	16.664	-23.811	109
CA	24.851	15.83	-24.925	109
C	23.329	15.699	-25.016	109
N	22.827	14.852	-25.932	110
CA	21.399	14.596	-26.091	110
C	20.746	14.086	-24.8	110
N	19.481	14.455	-24.575	111
CA	18.708	13.947	-23.44	111
C	18.519	12.433	-23.559	111
N	19.145	11.686	-22.653	112
CA	19.206	10.229	-22.717	112
C	18.314	9.548	-21.663	112
N	18.179	8.225	-21.776	113
CA	17.315	7.426	-20.901	113
C	17.791	7.415	-19.44	113
N	19.103	7.481	-19.171	114
CA	19.649	7.453	-17.805	114
C	19.414	8.759	-17.056	114
N	19.585	9.906	-17.723	115
CA	19.137	11.203	-17.185	115
C	17.649	11.144	-16.826	115
N	16.834	10.578	-17.721	116
CA	15.392	10.508	-17.527	116
C	14.983	9.629	-16.336	116
N	15.656	8.489	-16.156	117
CA	15.429	7.6	-15.013	117
C	15.781	8.314	-13.714	117
N	16.947	8.962	-13.613	118
CA	17.329	9.697	-12.394	118
C	16.357	10.83	-12.056	118
N	15.867	11.578	-13.048	119
CA	14.839	12.605	-12.81	119
C	13.572	11.971	-12.217	119
N	13.191	10.79	-12.704	120
CA	12.036	10.047	-12.181	120
C	12.294	9.501	-10.774	120
N	13.538	9.161	-10.421	121
CA	13.907	8.788	-9.046	121
C	13.746	9.974	-8.086	121
N	14.172	11.182	-8.475	122
CA	13.852	12.383	-7.693	122
C	12.334	12.581	-7.566	122
N	11.588	12.379	-8.655	123
CA	10.133	12.466	-8.647	123
C	9.485	11.421	-7.713	123
N	9.976	10.173	-7.676	124
CA	9.506	9.119	-6.763	124
C	9.641	9.538	-5.292	124
N	10.721	10.239	-4.923	125
CA	10.856	10.812	-3.579	125
C	9.746	11.83	-3.26	125
N	9.249	12.555	-4.267	126
CA	8.145	13.507	-4.138	126
C	6.74	12.887	-4.147	126
N	6.583	11.604	-4.493	127
CA	5.275	10.914	-4.424	127
C	4.924	10.51	-2.99	127
N	5.944	10.209	-2.175	128
CA	5.815	9.596	-0.852	128
C	4.979	8.288	-0.865	128
N	5.579	7.2	-1.375	129
CA	4.989	5.85	-1.385	129
C	4.577	5.378	0.022	129
N	3.427	4.694	0.129	130
CA	2.869	4.219	1.41	130
C	1.416	4.59	1.692	130
N	0.792	5.298	0.749	131
CA	-0.535	5.876	0.891	131
C	-0.503	7.401	0.936	131
N	0.127	8.06	-0.047	132
CA	-0.096	9.465	-0.441	132
C	0.616	10.567	0.345	132
N	1.377	10.233	1.383	133
CA	2.029	11.228	2.22	133
C	3.189	10.594	2.993	133
N	4.236	11.377	3.296	134
CA	5.135	10.989	4.378	134
C	4.257	10.966	5.631	134
N	3.831	9.771	6.038	135
CA	2.821	9.518	7.074	135
C	3.155	10.206	8.42	135
N	4.376	10.732	8.563	136
CA	4.846	11.561	9.664	136
C	4.054	12.864	9.749	136
N	3.634	13.427	8.608	137
CA	2.647	14.513	8.566	137
C	1.343	14.067	9.201	137
N	0.893	12.838	8.95	138
CA	-0.33	12.325	9.554	138
C	-0.344	12.405	11.076	138
N	0.766	12.127	11.77	139
CA	0.768	12.378	13.212	139
C	0.908	13.836	13.587	139
N	1.665	14.626	12.831	140
CA	1.77	16.066	13.081	140
C	0.384	16.71	12.977	140
N	-0.388	16.35	11.955	141
CA	-1.784	16.742	11.769	141
C	-2.67	16.214	12.885	141
N	-2.518	14.957	13.31	142
CA	-3.287	14.427	14.448	142
C	-2.961	15.168	15.75	142
N	-1.69	15.464	16.019	143
CA	-1.265	16.232	17.19	143
C	-1.803	17.673	17.144	143
N	-1.665	18.394	16.017	144
CA	-2.124	19.794	15.886	144
C	-3.636	19.946	15.697	144
N	-4.256	19.224	14.765	145
CA	-5.659	19.44	14.389	145
C	-6.641	18.689	15.3	145
N	-6.327	17.445	15.68	146
CA	-7.261	16.602	16.438	146
C	-7.037	16.673	17.95	146
N	-5.788	16.553	18.406	147
CA	-5.45	16.734	19.82	147
C	-5.235	18.206	20.198	147
N	-5.189	19.151	19.247	148
CA	-4.999	20.591	19.53	148
C	-3.748	20.89	20.374	148
N	-2.699	20.092	20.186	149
CA	-1.426	20.215	20.886	149
C	-0.527	21.274	20.23	149
N	0.218	22.028	21.042	150
CA	1.265	22.933	20.564	150
C	2.542	22.158	20.205	150
N	2.759	21.935	18.907	151
CA	3.985	21.336	18.371	151
C	4.83	22.398	17.66	151
N	6.139	22.431	17.923	152
CA	7.059	23.326	17.213	152
C	7.41	22.794	15.82	152
N	7.615	23.703	14.86	153
CA	8.017	23.348	13.492	153
C	9.299	22.509	13.47	153
N	10.276	22.865	14.31	154
CA	11.56	22.161	14.413	154
C	11.364	20.717	14.894	154
N	10.49	20.483	15.88	155
CA	10.179	19.125	16.327	155
C	9.524	18.322	15.194	155
N	8.535	18.904	14.504	156
CA	7.934	18.29	13.316	156
C	8.966	17.957	12.233	156
N	9.926	18.854	11.992	157
CA	10.988	18.67	11.004	157
C	11.898	17.501	11.363	157
N	12.279	17.377	12.635	158
CA	13.038	16.221	13.091	158
C	12.244	14.926	12.92	158
N	10.96	14.865	13.311	159
CA	10.114	13.671	13.084	159
C	10.116	13.288	11.6	159
N	9.889	14.255	10.709	160
CA	9.773	13.997	9.27	160
C	11.1	13.528	8.675	160
N	12.217	14.183	8.998	161
CA	13.519	13.837	8.426	161
C	14.066	12.526	8.988	161
N	14.0	12.309	10.303	162
CA	14.587	11.104	10.903	162
C	13.845	9.84	10.477	162
N	12.51	9.88	10.425	163
CA	11.685	8.73	10.012	163
C	11.971	8.296	8.577	163
N	12.218	9.253	7.679	164
CA	12.575	8.979	6.289	164
C	14.023	8.496	6.144	164
N	14.978	9.169	6.797	165
CA	16.406	8.819	6.726	165
C	16.676	7.441	7.353	165
N	15.941	7.045	8.401	166
CA	16.016	5.682	8.953	166
C	15.731	4.614	7.889	166
N	14.78	4.879	6.987	167
CA	14.457	3.978	5.883	167
C	15.652	3.709	4.962	167
N	16.523	4.699	4.731	168
CA	17.765	4.503	3.97	168
C	18.729	3.558	4.67	168
N	18.86	3.696	5.99	169
CA	19.686	2.807	6.797	169
C	19.267	1.346	6.634	169
N	17.965	1.066	6.763	170
CA	17.416	-0.277	6.544	170
C	17.581	-0.752	5.099	170
N	17.283	0.103	4.117	171
CA	17.426	-0.223	2.7	171
C	18.871	-0.594	2.336	171
N	19.863	0.121	2.872	172
CA	21.278	-0.183	2.66	172
C	21.655	-1.596	3.1	172
N	21.224	-1.986	4.304	173
CA	21.484	-3.313	4.887	173
C	20.739	-4.414	4.119	173
N	19.512	-4.12	3.682	174
CA	18.623	-5.094	3.052	174
C	18.774	-5.188	1.527	174
N	19.561	-4.305	0.895	175
CA	19.786	-4.285	-0.562	175
C	20.22	-5.643	-1.105	175
N	21.137	-6.317	-0.406	176
CA	21.646	-7.638	-0.811	176
C	20.576	-8.73	-0.864	176
N	19.478	-8.568	-0.125	177
CA	18.401	-9.556	-0.035	177
C	17.209	-9.221	-0.932	177
N	16.978	-7.934	-1.213	178
CA	15.762	-7.463	-1.886	178
C	16.007	-6.829	-3.261	178
N	17.262	-6.565	-3.637	179
CA	17.623	-5.986	-4.945	179
C	18.485	-6.939	-5.759	179
N	19.528	-7.5	-5.152	180
CA	20.49	-8.342	-5.869	180
C	19.894	-9.699	-6.323	180
N	19.01	-10.378	-5.557	181
CA	18.414	-11.634	-6.001	181
C	17.435	-11.445	-7.162	181
N	17.455	-12.401	-8.088	182
CA	16.653	-12.36	-9.318	182
C	15.167	-12.593	-9.041	182
N	14.854	-13.429	-8.048	183
CA	13.477	-13.711	-7.623	183
C	12.771	-12.475	-7.03	183
N	13.527	-11.456	-6.6	184
CA	12.998	-10.193	-6.072	184
C	12.887	-9.177	-7.208	184
N	11.808	-9.273	-7.983	185
CA	11.712	-8.597	-9.276	185
C	10.91	-7.291	-9.285	185
N	10.144	-6.999	-8.231	186
CA	9.399	-5.747	-8.025	186
C	8.46	-5.39	-9.193	186
N	7.254	-5.986	-9.257	187
CA	6.398	-5.913	-10.444	187
C	6.0	-4.497	-10.869	187
N	5.743	-3.605	-9.908	188
CA	5.436	-2.193	-10.168	188
C	6.514	-1.468	-10.982	188
N	7.789	-1.849	-10.847	189
CA	8.884	-1.228	-11.593	189
C	8.82	-1.538	-13.09	189
N	8.23	-2.672	-13.488	190
CA	8.138	-3.041	-14.903	190
C	7.262	-2.067	-15.695	190
N	6.262	-1.445	-15.06	191
CA	5.496	-0.373	-15.69	191
C	6.376	0.836	-16.029	191
N	7.21	1.28	-15.081	192
CA	8.124	2.405	-15.295	192
C	9.174	2.079	-16.364	192
N	9.779	0.883	-16.311	193
CA	10.737	0.413	-17.33	193
C	10.085	0.384	-18.711	193
N	8.894	-0.211	-18.829	194
CA	8.165	-0.28	-20.098	194
C	7.872	1.11	-20.662	194
N	7.523	2.078	-19.809	195
CA	7.295	3.451	-20.241	195
C	8.596	4.121	-20.709	195
N	9.717	3.988	-19.987	196
CA	11.003	4.54	-20.446	196
C	11.379	4.03	-21.834	196
N	11.19	2.729	-22.065	197
CA	11.426	2.104	-23.366	197
C	10.495	2.661	-24.433	197
N	9.197	2.769	-24.15	198
CA	8.228	3.343	-25.084	198
C	8.563	4.792	-25.491	198
N	9.152	5.576	-24.581	199
CA	9.48	6.989	-24.788	199
C	10.825	7.229	-25.502	199
N	11.814	6.348	-25.305	200
CA	13.188	6.526	-25.808	200
C	13.579	5.57	-26.941	200
N	13.068	4.337	-26.968	201
CA	13.415	3.37	-28.015	201
C	12.666	3.686	-29.318	201
N	13.4	3.751	-30.433	202
CA	12.795	3.806	-31.767	202
C	12.414	2.388	-32.189	202
N	11.118	2.086	-32.224	203
CA	10.641	0.814	-32.775	203
C	10.826	0.779	-34.299	203
N	11.426	-0.304	-34.801	204
CA	11.394	-0.629	-36.225	204
C	9.932	-0.78	-36.672	204
N	9.593	-0.257	-37.861	205
CA	8.228	-0.281	-38.419	205
C	7.685	-1.719	-38.411	205
N	6.871	-2.05	-37.411	206
CA	6.142	-3.317	-37.312	206
C	4.676	-3.094	-37.676	206
N	3.977	-4.161	-38.08	207
CA	2.529	-4.117	-38.314	207
C	1.817	-3.809	-36.986	207
N	1.325	-2.578	-36.828	208
CA	0.564	-2.113	-35.662	208
C	0.983	-0.726	-35.16	208
N	0.293	-0.234	-34.127	209
CA	0.662	1.006	-33.438	209
C	2.026	0.843	-32.755	209
N	2.871	1.869	-32.799	210
CA	4.074	1.869	-31.958	210
C	3.681	2.007	-30.489	210
N	4.54	1.569	-29.559	211
CA	4.303	1.754	-28.11	211
C	3.96	3.207	-27.765	211
N	4.696	4.165	-28.333	212
CA	4.455	5.599	-28.14	212
C	3.108	6.072	-28.709	212
N	2.727	5.635	-29.92	213
CA	1.425	6.017	-30.495	213
C	0.271	5.459	-29.667	213
N	0.375	4.2	-29.243	214
CA	-0.617	3.586	-28.364	214
C	-0.704	4.322	-27.023	214
N	0.446	4.629	-26.415	215
CA	0.531	5.402	-25.181	215
C	-0.211	6.74	-25.288	215
N	0.053	7.537	-26.331	216
CA	-0.583	8.848	-26.51	216
C	-2.099	8.752	-26.728	216
N	-2.562	7.747	-27.48	217
CA	-3.999	7.509	-27.688	217
C	-4.673	7.109	-26.376	217
N	-4.098	6.153	-25.643	218
CA	-4.632	5.706	-24.359	218
C	-4.608	6.827	-23.306	218
N	-3.547	7.64	-23.287	219
CA	-3.411	8.8	-22.408	219
C	-4.513	9.826	-22.686	219
N	-4.718	10.186	-23.958	220
CA	-5.761	11.129	-24.362	220
C	-7.166	10.614	-24.05	220
N	-7.425	9.329	-24.31	221
CA	-8.698	8.697	-23.978	221
C	-8.958	8.711	-22.465	221
N	-7.971	8.323	-21.653	222
CA	-8.087	8.327	-20.191	222
C	-8.252	9.735	-19.623	222
N	-7.523	10.711	-20.173	223
CA	-7.623	12.118	-19.795	223
C	-9.039	12.646	-20.028	223
N	-9.581	12.485	-21.238	224
CA	-10.938	12.948	-21.562	224
C	-11.977	12.186	-20.737	224
N	-11.835	10.863	-20.645	225
CA	-12.806	10.014	-19.972	225
C	-12.923	10.336	-18.481	225
N	-11.82	10.641	-17.785	226
CA	-11.855	10.935	-16.347	226
C	-12.673	12.19	-15.986	226
N	-12.956	13.093	-16.936	227
CA	-13.91	14.188	-16.718	227
C	-15.329	13.693	-16.379	227
N	-15.679	12.473	-16.807	228
CA	-16.95	11.838	-16.482	228
C	-16.997	11.425	-15.0	228
N	-16.285	10.388	-14.512	229
CA	-16.367	10.007	-13.102	229
C	-15.804	11.074	-12.154	229
N	-14.807	11.856	-12.576	230
CA	-14.142	12.824	-11.704	230
C	-14.931	14.11	-11.44	230
N	-15.958	14.426	-12.241	231
CA	-16.693	15.69	-12.099	231
C	-18.143	15.647	-12.602	231
N	-18.387	15.21	-13.844	232
CA	-19.727	15.29	-14.45	232
C	-20.697	14.222	-13.915	232
N	-20.219	12.988	-13.763	233
CA	-20.958	11.805	-13.32	233
C	-20.193	11.012	-12.236	233
N	-19.995	11.558	-11.02	234
CA	-19.432	10.822	-9.88	234
C	-20.059	9.447	-9.601	234
N	-21.311	9.218	-10.008	235
CA	-21.955	7.898	-9.939	235
C	-21.189	6.796	-10.701	235
N	-20.404	7.139	-11.731	236
CA	-19.57	6.174	-12.46	236
C	-18.409	5.637	-11.61	236
N	-18.067	6.308	-10.503	237
CA	-17.072	5.803	-9.557	237
C	-17.561	4.523	-8.896	237
N	-18.784	4.454	-8.358	238
CA	-19.427	3.177	-8.003	238
C	-20.899	3.199	-8.397	238
N	-21.248	2.337	-9.351	239
CA	-22.624	2.132	-9.768	239
C	-23.206	0.898	-9.074	239
N	-24.152	1.125	-8.162	240
CA	-24.753	0.086	-7.315	240
C	-26.186	-0.218	-7.728	240
N	-26.338	-0.952	-8.832	241
CA	-27.646	-1.24	-9.438	241
C	-28.635	-1.942	-8.49	241
N	-28.144	-2.71	-7.512	242
CA	-28.98	-3.379	-6.5	242
C	-29.79	-2.358	-5.691	242
N	-29.23	-1.181	-5.403	243
CA	-29.949	-0.132	-4.677	243
C	-31.072	0.492	-5.513	243
N	-30.919	0.512	-6.839	244
CA	-31.958	0.959	-7.768	244
C	-33.087	-0.064	-7.894	244
N	-32.748	-1.354	-7.897	245
CA	-33.733	-2.43	-7.95	245
C	-34.533	-2.567	-6.638	245
N	-33.915	-2.286	-5.483	246
CA	-34.554	-2.378	-4.162	246
C	-34.336	-1.115	-3.304	246
N	-34.984	0.015	-3.645	247
CA	-34.751	1.308	-2.99	247
C	-35.218	1.372	-1.526	247
N	-36.09	0.458	-1.09	248
CA	-36.667	0.47	0.262	248
C	-36.13	-0.642	1.182	248
N	-35.184	-1.467	0.72	249
CA	-34.667	-2.601	1.499	249
C	-33.292	-2.296	2.083	249
N	-33.208	-2.189	3.415	250
CA	-31.932	-1.996	4.126	250
C	-30.956	-3.124	3.792	250
N	-31.401	-4.382	3.842	251
CA	-30.52	-5.528	3.585	251
C	-30.019	-5.549	2.144	251
N	-30.876	-5.248	1.16	252
CA	-30.443	-5.192	-0.236	252
C	-29.41	-4.078	-0.451	252
N	-29.612	-2.908	0.163	253
CA	-28.647	-1.813	0.08	253
C	-27.349	-2.115	0.837	253
N	-27.39	-2.764	2.003	254
CA	-26.182	-3.222	2.707	254
C	-25.363	-4.223	1.878	254
N	-26.029	-5.1	1.126	255
CA	-25.369	-6.078	0.249	255
C	-24.82	-5.407	-1.012	255
N	-25.611	-4.538	-1.638	256
CA	-25.334	-3.989	-2.961	256
C	-24.571	-2.669	-2.997	256
N	-24.579	-1.892	-1.912	257
CA	-23.951	-0.568	-1.858	257
C	-22.453	-0.651	-2.071	257
N	-21.969	0.192	-2.977	258
CA	-20.586	0.229	-3.388	258
C	-19.7	1.067	-2.471	258
N	-20.288	2.031	-1.75	259
CA	-19.599	2.897	-0.783	259
C	-19.756	2.456	0.675	259
N	-20.94	1.969	1.045	260
CA	-21.341	1.744	2.438	260
C	-21.814	0.31	2.709	260
N	-21.642	-0.591	1.743	261
CA	-22.053	-1.985	1.829	261
C	-20.964	-2.961	1.401	261
N	-21.392	-4.165	1.023	262
CA	-20.517	-5.239	0.548	262
C	-20.184	-5.133	-0.95	262
N	-20.823	-4.224	-1.691	263
CA	-20.569	-4.001	-3.115	263
C	-20.912	-5.189	-4.018	263
N	-21.819	-6.085	-3.612	264
CA	-22.215	-7.224	-4.455	264
C	-22.964	-6.706	-5.679	264
N	-22.392	-6.936	-6.859	265
CA	-22.942	-6.451	-8.123	265
C	-22.658	-4.974	-8.403	265
N	-22.066	-4.235	-7.463	266
CA	-21.549	-2.905	-7.738	266
C	-20.283	-3.008	-8.594	266
N	-20.117	-2.075	-9.522	267
CA	-18.909	-1.974	-10.329	267
C	-18.485	-0.519	-10.469	267
N	-17.182	-0.319	-10.621	268
CA	-16.612	0.978	-10.975	268
C	-16.357	1.034	-12.473	268
N	-16.583	2.201	-13.06	269
CA	-16.083	2.537	-14.387	269
C	-15.003	3.62	-14.302	269
N	-14.46	3.867	-13.11	270
CA	-13.447	4.876	-12.837	270
C	-12.093	4.222	-12.536	270
N	-11.073	4.562	-13.327	271
CA	-9.715	4.065	-13.114	271
C	-9.132	4.48	-11.755	271
N	-9.483	5.664	-11.236	272
CA	-9.083	6.063	-9.887	272
C	-9.713	5.13	-8.84	272
N	-10.998	4.791	-8.994	273
CA	-11.68	3.774	-8.188	273
C	-11.01	2.392	-8.24	273
N	-10.553	1.941	-9.411	274
CA	-9.879	0.635	-9.573	274
C	-8.51	0.615	-8.88	274
N	-7.722	1.679	-9.042	275
CA	-6.301	1.702	-8.668	275
C	-6.016	2.274	-7.271	275
N	-6.999	2.911	-6.619	276
CA	-6.821	3.707	-5.396	276
C	-6.069	3.015	-4.243	276
N	-6.312	1.72	-4.003	277
CA	-5.831	1.038	-2.788	277
C	-4.825	-0.089	-3.039	277
N	-4.906	-0.768	-4.187	278
CA	-3.996	-1.862	-4.562	278
C	-3.054	-1.493	-5.721	278
N	-3.046	-0.221	-6.138	279
CA	-2.349	0.229	-7.338	279
C	-2.958	-0.367	-8.606	279
N	-2.259	-0.229	-9.73	280
CA	-2.741	-0.779	-10.995	280
C	-2.827	-2.316	-10.954	280
N	-3.984	-2.918	-11.276	281
CA	-4.087	-4.368	-11.383	281
C	-3.296	-4.922	-12.573	281
N	-2.988	-4.103	-13.585	282
CA	-2.243	-4.525	-14.778	282
C	-0.772	-4.837	-14.472	282
N	-0.24	-4.384	-13.33	283
CA	1.145	-4.678	-12.928	283
C	1.278	-5.877	-11.999	283
N	0.184	-6.294	-11.363	284
CA	0.208	-7.387	-10.41	284
C	0.232	-8.745	-11.136	284
N	1.053	-9.707	-10.679	285
CA	1.05	-11.053	-11.238	285
C	-0.313	-11.721	-11.06	285
N	-0.724	-12.544	-12.029	286
CA	-2.003	-13.26	-11.961	286
C	-2.155	-14.091	-10.679	286
N	-1.089	-14.769	-10.241	287
CA	-1.106	-15.534	-8.988	287
C	-1.454	-14.654	-7.788	287
N	-0.95	-13.423	-7.751	288
CA	-1.208	-12.484	-6.66	288
C	-2.652	-12.001	-6.692	288
N	-3.175	-11.679	-7.88	289
CA	-4.589	-11.321	-8.074	289
C	-5.502	-12.451	-7.594	289
N	-5.203	-13.697	-7.967	290
CA	-5.999	-14.851	-7.562	290
C	-5.986	-15.06	-6.039	290
N	-4.823	-14.94	-5.389	291
CA	-4.719	-15.04	-3.928	291
C	-5.531	-13.933	-3.227	291
N	-5.399	-12.672	-3.666	292
CA	-6.214	-11.547	-3.163	292
C	-7.703	-11.845	-3.366	292
N	-8.091	-12.395	-4.52	293
CA	-9.479	-12.726	-4.843	293
C	-10.086	-13.792	-3.937	293
N	-9.342	-14.864	-3.654	294
CA	-9.769	-15.897	-2.695	294
C	-9.972	-15.291	-1.305	294
N	-9.043	-14.436	-0.87	295
CA	-9.146	-13.717	0.398	295
C	-10.36	-12.798	0.475	295
N	-10.578	-12.009	-0.574	296
CA	-11.697	-11.08	-0.685	296
C	-13.043	-11.807	-0.598	296
N	-13.252	-12.841	-1.421	297
CA	-14.508	-13.607	-1.442	297
C	-14.757	-14.258	-0.079	297
N	-13.737	-14.9	0.495	298
CA	-13.855	-15.557	1.795	298
C	-14.259	-14.569	2.895	298
N	-13.615	-13.407	2.976	299
CA	-13.86	-12.493	4.088	299
C	-15.085	-11.61	3.884	299
N	-15.226	-10.998	2.711	300
CA	-16.286	-10.023	2.447	300
C	-17.611	-10.704	2.115	300
N	-17.606	-11.792	1.343	301
CA	-18.849	-12.435	0.894	301
C	-19.267	-13.646	1.725	301
N	-18.407	-14.144	2.62	302
CA	-18.754	-15.263	3.507	302
C	-18.665	-14.84	4.975	302
N	-17.48	-14.466	5.468	303
CA	-17.266	-14.241	6.909	303
C	-18.058	-13.033	7.424	303
N	-17.984	-11.872	6.763	304
CA	-18.706	-10.658	7.19	304
C	-20.229	-10.895	7.24	304
N	-20.884	-11.414	6.178	305
CA	-22.298	-11.789	6.204	305
C	-22.675	-12.731	7.346	305
N	-21.874	-13.777	7.562	306
CA	-22.117	-14.771	8.611	306
C	-21.987	-14.138	10.001	306
N	-20.973	-13.307	10.232	307
CA	-20.807	-12.592	11.496	307
C	-21.935	-11.581	11.752	307
N	-22.385	-10.847	10.729	308
CA	-23.414	-9.811	10.866	308
C	-24.824	-10.401	11.009	308
N	-25.277	-11.145	9.996	309
CA	-26.661	-11.611	9.921	309
C	-26.895	-12.91	10.677	309
N	-25.947	-13.854	10.723	310
CA	-26.185	-15.14	11.406	310
C	-25.871	-15.073	12.896	310
N	-24.67	-14.627	13.256	311
CA	-24.189	-14.718	14.639	311
C	-24.281	-13.419	15.443	311
N	-24.595	-12.278	14.812	312
CA	-24.563	-10.953	15.448	312
C	-23.28	-10.743	16.283	312
N	-22.137	-11.146	15.725	313
CA	-20.858	-11.165	16.439	313
C	-20.49	-9.746	16.878	313
N	-20.143	-9.557	18.155	314
CA	-19.824	-8.241	18.742	314
C	-20.977	-7.221	18.694	314
N	-22.229	-7.681	18.788	315
CA	-23.423	-6.836	18.64	315
C	-23.481	-6.08	17.297	315
N	-22.896	-6.671	16.248	316
CA	-22.743	-6.109	14.906	316
C	-23.965	-5.34	14.378	316
N	-25.183	-5.85	14.6	317
CA	-26.427	-5.276	14.057	317
C	-26.771	-3.89	14.604	317
N	-26.182	-3.477	15.732	318
CA	-26.343	-2.119	16.285	318
C	-25.6	-1.059	15.472	318
N	-24.703	-1.482	14.585	319
CA	-23.815	-0.61	13.831	319
C	-24.025	-0.788	12.317	319
N	-23.625	0.21	11.509	320
CA	-23.538	0.058	10.06	320
C	-22.63	-1.121	9.689	320
N	-22.98	-1.88	8.644	321
CA	-22.169	-3.027	8.198	321
C	-20.752	-2.597	7.784	321
N	-20.639	-1.432	7.14	322
CA	-19.393	-0.778	6.762	322
C	-19.37	0.639	7.346	322
N	-18.396	0.925	8.208	323
CA	-18.114	2.281	8.688	323
C	-16.705	2.359	9.268	323
N	-16.058	3.513	9.11	324
CA	-14.792	3.857	9.762	324
C	-14.975	4.578	11.103	324
N	-16.215	4.867	11.498	325
CA	-16.504	5.585	12.731	325
C	-16.442	4.666	13.954	325
N	-16.255	5.299	15.108	326
CA	-16.272	4.668	16.42	326
C	-17.648	4.873	17.055	326
N	-18.154	3.869	17.772	327
CA	-19.521	3.869	18.292	327
C	-19.599	3.636	19.8	327
N	-20.659	4.15	20.412	328
CA	-21.096	3.792	21.763	328
C	-21.966	2.532	21.722	328
N	-22.287	1.96	22.884	329
CA	-23.2	0.803	22.994	329
C	-24.582	1.042	22.36	329
N	-25.027	2.301	22.257	330
CA	-26.315	2.694	21.666	330
C	-26.253	2.966	20.156	330
N	-25.123	2.679	19.5	331
CA	-24.949	2.89	18.058	331
C	-24.717	4.349	17.656	331
N	-24.527	5.256	18.62	332
CA	-24.177	6.655	18.351	332
C	-22.671	6.812	18.165	332
N	-22.249	7.872	17.471	333
CA	-20.829	8.201	17.31	333
C	-20.172	8.418	18.68	333
N	-18.99	7.842	18.863	334
CA	-18.229	7.92	20.104	334
C	-17.456	9.241	20.171	334
N	-17.743	10.054	21.185	335
CA	-17.061	11.324	21.422	335
C	-15.797	11.099	22.258	335
N	-14.648	11.235	21.603	336
CA	-13.335	10.971	22.194	336
C	-12.913	12.03	23.204	336
N	-13.441	13.254	23.107	337
CA	-13.069	14.357	24.01	337
C	-13.531	14.102	25.443	337
N	-14.601	13.318	25.62	338
CA	-15.172	12.968	26.93	338
C	-14.303	12.05	27.786	338
N	-13.262	11.44	27.22	339
CA	-12.394	10.474	27.919	339
C	-10.919	10.896	27.933	339
N	-10.627	12.129	27.514	340
CA	-9.281	12.691	27.458	340
C	-9.037	13.601	28.661	340
N	-7.881	13.445	29.298	341
CA	-7.365	14.437	30.244	341
C	-6.795	15.648	29.491	341
N	-6.554	16.786	30.171	342
CA	-5.866	17.932	29.569	342
C	-4.454	17.616	29.043	342
N	-3.812	16.556	29.548	343
CA	-2.486	16.087	29.118	343
C	-2.548	15.09	27.948	343
N	-3.736	14.883	27.373	344
CA	-4.002	13.919	26.304	344
C	-3.804	12.454	26.71	344
N	-3.944	12.156	28.003	345
CA	-3.971	10.793	28.528	345
C	-5.423	10.308	28.701	345
N	-5.611	8.999	28.887	346
CA	-6.931	8.422	29.161	346
C	-7.404	8.76	30.581	346
N	-8.552	9.426	30.691	347
CA	-9.294	9.514	31.948	347
C	-10.088	8.218	32.167	347
N	-9.596	7.385	33.085	348
CA	-10.196	6.082	33.392	348
C	-11.583	6.245	34.029	348
N	-11.777	7.264	34.871	349
CA	-13.056	7.519	35.531	349
C	-14.115	7.93	34.515	349
N	-13.773	8.885	33.649	350
CA	-14.659	9.333	32.583	350
C	-14.959	8.215	31.57	350
N	-13.963	7.4	31.203	351
CA	-14.161	6.236	30.331	351
C	-15.126	5.207	30.928	351
N	-14.971	4.877	32.212	352
CA	-15.85	3.914	32.874	352
C	-17.305	4.408	32.932	352
N	-17.515	5.723	33.057	353
CA	-18.844	6.337	33.069	353
C	-19.449	6.484	31.665	353
N	-18.646	6.861	30.665	354
CA	-19.121	7.066	29.293	354
C	-19.398	5.742	28.567	354
N	-18.622	4.704	28.889	355
CA	-18.819	3.341	28.417	355
C	-17.762	2.869	27.42	355
N	-17.894	1.604	27.008	356
CA	-16.948	0.959	26.089	356
C	-17.114	1.477	24.661	356
N	-16.006	1.472	23.926	357
CA	-15.969	1.777	22.501	357
C	-16.292	0.542	21.649	357
N	-17.121	0.746	20.63	358
CA	-17.55	-0.251	19.659	358
C	-17.081	0.112	18.249	358
N	-16.849	-0.916	17.44	359
CA	-16.398	-0.822	16.06	359
C	-17.473	-1.398	15.149	359
N	-17.511	-0.92	13.907	360
CA	-18.289	-1.609	12.885	360
C	-17.749	-3.039	12.692	360
N	-18.614	-4.004	12.359	361
CA	-18.232	-5.405	12.208	361
C	-17.161	-5.606	11.135	361
N	-17.272	-4.912	9.999	362
CA	-16.252	-4.964	8.955	362
C	-14.921	-4.378	9.436	362
N	-14.94	-3.273	10.189	363
CA	-13.711	-2.701	10.735	363
C	-13.062	-3.63	11.776	363
N	-13.851	-4.242	12.664	364
CA	-13.353	-5.216	13.635	364
C	-12.726	-6.445	12.947	364
N	-13.403	-7.026	11.952	365
CA	-12.886	-8.174	11.198	365
C	-11.643	-7.813	10.372	365
N	-11.588	-6.6	9.822	366
CA	-10.4	-6.063	9.154	366
C	-9.224	-5.879	10.118	366
N	-9.45	-5.489	11.374	367
CA	-8.384	-5.511	12.389	367
C	-7.902	-6.946	12.637	367
N	-8.834	-7.894	12.774	368
CA	-8.517	-9.319	12.888	368
C	-7.664	-9.838	11.723	368
N	-7.922	-9.344	10.506	369
CA	-7.099	-9.609	9.316	369
C	-5.635	-9.272	9.518	369
N	-5.368	-8.132	10.162	370
CA	-4.023	-7.623	10.371	370
C	-3.215	-8.569	11.249	370
N	-3.856	-9.144	12.271	371
CA	-3.241	-10.129	13.161	371
C	-2.849	-11.412	12.418	371
N	-3.759	-11.953	11.6	372
CA	-3.47	-13.123	10.772	372
C	-2.388	-12.835	9.727	372
N	-2.485	-11.7	9.032	373
CA	-1.553	-11.323	7.967	373
C	-0.129	-11.169	8.463	373
N	0.053	-10.527	9.612	374
CA	1.382	-10.28	10.152	374
C	2.129	-11.584	10.439	374
N	1.504	-12.474	11.205	375
CA	2.089	-13.776	11.553	375
C	2.228	-14.681	10.339	375
N	1.253	-14.664	9.426	376
CA	1.365	-15.364	8.154	376
C	2.572	-14.884	7.346	376
N	2.848	-13.575	7.316	377
CA	3.997	-13.0	6.591	377
C	5.31	-13.53	7.15	377
N	5.468	-13.509	8.477	378
CA	6.673	-14.019	9.13	378
C	6.859	-15.518	8.875	378
N	5.823	-16.331	9.106	379
CA	5.933	-17.783	8.928	379
C	6.116	-18.165	7.46	379
N	5.402	-17.522	6.532	380
CA	5.527	-17.812	5.103	380
C	6.95	-17.542	4.606	380
N	7.516	-16.368	4.905	381
CA	8.884	-16.038	4.475	381
C	9.907	-16.955	5.144	381
N	9.741	-17.274	6.432	382
CA	10.63	-18.204	7.127	382
C	10.648	-19.599	6.472	382
N	9.488	-20.109	6.051	383
CA	9.358	-21.443	5.461	383
C	9.794	-21.511	3.989	383
N	9.384	-20.538	3.171	384
CA	9.61	-20.563	1.723	384
C	10.949	-19.945	1.316	384
N	11.376	-18.86	1.968	385
CA	12.58	-18.108	1.595	385
C	13.686	-18.168	2.659	385
N	13.388	-18.635	3.877	386
CA	14.321	-18.588	5.006	386
C	15.648	-19.297	4.74	386
N	15.638	-20.416	4.0	387
CA	16.873	-21.131	3.636	387
C	17.771	-20.308	2.711	387
N	17.193	-19.582	1.763	388
CA	17.958	-18.791	0.796	388
C	18.451	-17.487	1.42	388
N	17.629	-16.86	2.268	389
CA	18.037	-15.726	3.106	389
C	19.215	-16.136	3.996	389
N	19.11	-17.267	4.704	390
CA	20.175	-17.761	5.58	390
C	21.478	-18.006	4.817	390
N	21.406	-18.662	3.653	391
CA	22.583	-18.859	2.795	391
C	23.208	-17.529	2.38	391
N	22.411	-16.543	1.973	392
CA	22.918	-15.22	1.589	392
C	23.518	-14.444	2.768	392
N	23.033	-14.664	3.993	393
CA	23.618	-14.058	5.195	393
C	25.036	-14.567	5.454	393
N	25.269	-15.87	5.258	394
CA	26.535	-16.548	5.578	394
C	27.49	-16.721	4.392	394
N	27.017	-16.527	3.164	395
CA	27.85	-16.599	1.967	395
C	28.703	-15.341	1.818	395
N	29.972	-15.508	1.432	396
CA	30.745	-14.401	0.881	396
C	30.021	-13.858	-0.368	396
N	30.07	-12.538	-0.57	397
CA	29.259	-11.734	-1.518	397
C	29.29	-12.218	-2.988	397
N	30.158	-13.169	-3.341	398
CA	30.423	-13.587	-4.718	398
C	29.785	-14.921	-5.152	398
N	29.001	-15.609	-4.314	399
CA	28.488	-16.958	-4.657	399
C	27.063	-16.973	-5.228	399
N	26.388	-15.824	-5.307	400
CA	25.041	-15.729	-5.889	400
C	25.139	-15.732	-7.415	400
N	24.401	-16.621	-8.099	401
CA	24.31	-16.616	-9.569	401
C	23.798	-15.247	-10.033	401
N	24.678	-14.435	-10.62	402
CA	24.301	-13.157	-11.218	402
C	23.582	-13.409	-12.545	402
N	22.425	-12.778	-12.715	403
CA	21.75	-12.674	-14.005	403
C	22.487	-11.692	-14.935	403
N	22.003	-11.57	-16.174	404
CA	22.534	-10.614	-17.154	404
C	22.58	-9.181	-16.599	404
N	21.573	-8.757	-15.831	405
CA	21.523	-7.411	-15.26	405
C	22.562	-7.213	-14.155	405
N	22.743	-8.213	-13.295	406
CA	23.79	-8.248	-12.29	406
C	25.184	-8.144	-12.899	406
N	25.451	-8.869	-13.996	407
CA	26.718	-8.784	-14.745	407
C	26.952	-7.383	-15.316	407
N	25.962	-6.802	-16.003	408
CA	26.065	-5.445	-16.566	408
C	26.337	-4.392	-15.48	408
N	25.732	-4.566	-14.303	409
CA	25.902	-3.661	-13.168	409
C	27.289	-3.719	-12.515	409
N	28.113	-4.736	-12.798	410
CA	29.486	-4.809	-12.276	410
C	30.405	-3.726	-12.853	410
N	30.05	-3.131	-13.996	411
CA	30.803	-2.017	-14.59	411
C	30.763	-0.736	-13.74	411
N	29.801	-0.617	-12.816	412
CA	29.618	0.566	-11.979	412
C	30.166	0.389	-10.564	412
N	30.737	1.47	-10.019	413
CA	31.168	1.507	-8.617	413
C	29.959	1.384	-7.685	413
N	29.982	0.366	-6.821	414
CA	28.985	0.174	-5.759	414
C	29.035	1.324	-4.739	414
N	27.911	1.536	-4.055	415
CA	27.84	2.421	-2.883	415
C	28.513	1.706	-1.711	415
N	29.495	2.33	-1.037	416
CA	30.065	1.774	0.184	416
C	28.991	1.612	1.266	416
N	28.938	0.462	1.941	417
CA	27.899	0.198	2.953	417
C	27.934	1.189	4.124	417
N	29.12	1.7	4.469	418
CA	29.291	2.664	5.556	418
C	28.52	3.973	5.356	418
N	28.177	4.346	4.116	419
CA	27.317	5.509	3.853	419
C	25.938	5.323	4.494	419
N	25.366	4.124	4.362	420
CA	24.079	3.787	4.964	420
C	24.176	3.653	6.485	420
N	25.274	3.096	7.012	421
CA	25.474	2.995	8.462	421
C	25.59	4.365	9.138	421
N	26.253	5.342	8.508	422
CA	26.329	6.71	9.041	422
C	24.951	7.369	9.063	422
N	24.182	7.267	7.973	423
CA	22.818	7.802	7.936	423
C	21.926	7.156	8.998	423
N	22.034	5.835	9.162	424
CA	21.286	5.095	10.17	424
C	21.643	5.575	11.58	424
N	22.934	5.602	11.918	425
CA	23.41	6.008	13.237	425
C	23.033	7.462	13.558	425
N	23.223	8.379	12.603	426
CA	22.847	9.784	12.755	426
C	21.343	9.963	12.963	426
N	20.518	9.236	12.203	427
CA	19.064	9.323	12.341	427
C	18.552	8.712	13.649	427
N	19.121	7.583	14.092	428
CA	18.82	6.994	15.409	428
C	19.186	7.971	16.523	428
N	20.392	8.545	16.499	429
CA	20.839	9.499	17.513	429
C	19.92	10.727	17.586	429
N	19.56	11.291	16.43	430
CA	18.661	12.44	16.361	430
C	17.25	12.097	16.851	430
N	16.738	10.914	16.509	431
CA	15.437	10.446	17.001	431
C	15.441	10.286	18.525	431
N	16.496	9.689	19.09	432
CA	16.632	9.535	20.54	432
C	16.701	10.887	21.249	432
N	17.431	11.859	20.688	433
CA	17.497	13.224	21.215	433
C	16.098	13.832	21.381	433
N	15.178	13.568	20.448	434
CA	13.799	14.051	20.556	434
C	13.069	13.531	21.794	434
N	13.348	12.292	22.212	435
CA	12.751	11.701	23.421	435
C	13.201	12.416	24.701	435
N	14.352	13.096	24.661	436
CA	14.896	13.856	25.786	436
C	14.509	15.337	25.728	436
N	14.581	15.966	24.55	437
CA	14.329	17.409	24.376	437
C	12.833	17.733	24.344	437
N	12.033	16.963	23.6	438
CA	10.588	17.184	23.434	438
C	9.764	16.109	24.143	438
N	10.162	15.755	25.369	439
CA	9.54	14.678	26.153	439
C	8.024	14.847	26.303	439
N	7.555	16.06	26.593	440
CA	6.122	16.345	26.763	440
C	5.358	16.287	25.44	440
N	5.983	16.732	24.343	441
CA	5.338	16.726	23.032	441
C	5.261	15.325	22.427	441
N	6.366	14.575	22.475	442
CA	6.522	13.266	21.821	442
C	5.952	12.132	22.677	442
N	6.011	12.265	24.007	443
CA	5.549	11.307	25.027	443
C	6.151	9.886	24.976	443
N	6.838	9.507	23.897	444
CA	7.487	8.213	23.73	444
C	8.873	8.228	24.403	444
N	9.139	7.35	25.388	445
CA	10.459	7.248	26.0	445
C	11.505	6.709	25.013	445
N	12.782	7.005	25.272	446
CA	13.91	6.629	24.406	446
C	13.967	5.122	24.094	446
N	13.676	4.263	25.078	447
CA	13.658	2.81	24.881	447
C	12.506	2.38	23.962	447
N	11.391	3.119	23.976	448
CA	10.255	2.907	23.084	448
C	10.622	3.205	21.631	448
N	11.45	4.228	21.385	449
CA	12.003	4.483	20.048	449
C	12.929	3.358	19.581	449
N	13.866	2.909	20.427	450
CA	14.741	1.776	20.087	450
C	13.941	0.512	19.773	450
N	12.878	0.266	20.537	451
CA	11.995	-0.861	20.293	451
C	11.258	-0.737	18.95	451
N	10.804	0.466	18.577	452
CA	10.214	0.717	17.261	452
C	11.206	0.416	16.127	452
N	12.476	0.807	16.283	453
CA	13.531	0.553	15.294	453
C	13.839	-0.931	15.144	453
N	13.991	-1.646	16.26	454
CA	14.238	-3.083	16.245	454
C	13.095	-3.831	15.546	454
N	11.849	-3.475	15.871	455
CA	10.681	-4.103	15.271	455
C	10.567	-3.765	13.777	455
N	10.769	-2.5	13.385	456
CA	10.809	-2.08	11.981	456
C	11.863	-2.855	11.179	456
N	13.08	-2.987	11.709	457
CA	14.161	-3.71	11.042	457
C	13.798	-5.18	10.787	457
N	13.254	-5.867	11.798	458
CA	12.852	-7.278	11.696	458
C	11.76	-7.469	10.639	458
N	10.746	-6.599	10.613	459
CA	9.581	-6.774	9.727	459
C	9.838	-6.307	8.296	459
N	10.825	-5.433	8.077	460
CA	11.11	-4.884	6.742	460
C	11.518	-5.976	5.757	460
N	12.348	-6.943	6.169	461
CA	12.787	-8.012	5.269	461
C	11.625	-8.932	4.833	461
N	10.815	-9.52	5.739	462
CA	9.681	-10.35	5.339	462
C	8.643	-9.614	4.49	462
N	8.281	-8.383	4.866	463
CA	7.321	-7.58	4.093	463
C	7.888	-7.283	2.7	463
N	9.183	-6.965	2.615	464
CA	9.866	-6.717	1.352	464
C	9.908	-7.926	0.429	464
N	10.11	-9.137	0.958	465
CA	10.083	-10.372	0.153	465
C	8.709	-10.577	-0.487	465
N	7.629	-10.398	0.282	466
CA	6.266	-10.521	-0.254	466
C	5.999	-9.429	-1.294	466
N	6.353	-8.175	-1.008	467
CA	6.116	-7.066	-1.934	467
C	6.916	-7.204	-3.237	467
N	8.193	-7.581	-3.155	468
CA	9.074	-7.734	-4.31	468
C	8.672	-8.893	-5.237	468
N	7.917	-9.877	-4.738	469
CA	7.476	-11.05	-5.516	469
C	6.018	-10.962	-5.973	469
N	5.147	-10.312	-5.192	470
CA	3.681	-10.328	-5.401	470
C	3.072	-8.964	-5.715	470
N	3.859	-7.888	-5.615	471
CA	3.393	-6.499	-5.677	471
C	2.414	-6.09	-4.558	471
N	2.139	-6.96	-3.582	472
CA	1.276	-6.65	-2.442	472
C	2.14	-6.371	-1.215	472
N	1.843	-5.3	-0.479	473
CA	2.606	-4.901	0.704	473
C	1.816	-5.215	1.984	473
N	2.151	-6.293	2.719	474
CA	1.536	-6.56	4.012	474
C	1.714	-5.388	4.99	474
N	0.612	-4.914	5.577	475
CA	0.64	-3.849	6.586	475
C	1.173	-4.32	7.947	475
N	1.96	-3.468	8.612	476
CA	2.573	-3.698	9.936	476
C	2.004	-2.79	11.052	476
N	1.27	-1.752	10.682	477
CA	0.863	-0.655	11.557	477
C	-0.015	-1.048	12.741	477
N	-0.958	-1.965	12.536	478
CA	-1.831	-2.452	13.607	478
C	-0.992	-3.135	14.694	478
N	0.072	-3.844	14.313	479
CA	0.887	-4.64	15.235	479
C	1.797	-3.763	16.077	479
N	2.476	-2.798	15.452	480
CA	3.297	-1.842	16.191	480
C	2.471	-1.105	17.249	480
N	1.283	-0.628	16.863	481
CA	0.349	0.041	17.772	481
C	-0.218	-0.901	18.845	481
N	-0.525	-2.152	18.494	482
CA	-1.003	-3.167	19.434	482
C	0.041	-3.465	20.514	482
N	1.3	-3.7	20.136	483
CA	2.343	-4.058	21.103	483
C	2.634	-2.875	22.03	483
N	2.91	-1.686	21.48	484
CA	3.227	-0.525	22.322	484
C	2.02	-0.07	23.149	484
N	0.789	-0.258	22.663	485
CA	-0.432	0.034	23.417	485
C	-0.644	-0.876	24.632	485
N	-0.094	-2.097	24.627	486
CA	-0.058	-2.951	25.821	486
C	0.999	-2.502	26.832	486
N	2.136	-1.99	26.351	487
CA	3.266	-1.586	27.199	487
C	3.044	-0.183	27.791	487
N	2.533	0.756	26.99	488
CA	2.234	2.147	27.346	488
C	0.746	2.469	27.095	488
N	-0.187	1.835	27.83	489
CA	-1.612	2.105	27.676	489
C	-1.958	3.521	28.15	489
N	-2.967	4.142	27.538	490
CA	-3.43	5.476	27.927	490
C	-2.719	6.624	27.22	490
N	-1.681	6.344	26.417	491
CA	-0.819	7.352	25.781	491
C	-0.964	7.351	24.255	491
N	-1.97	8.044	23.69	492
CA	-2.205	8.055	22.248	492
C	-1.047	8.642	21.446	492
N	-0.414	9.716	21.926	493
CA	0.668	10.38	21.189	493
C	1.912	9.486	21.153	493
N	2.286	8.866	22.278	494
CA	3.393	7.909	22.304	494
C	3.15	6.727	21.344	494
N	1.925	6.189	21.326	495
CA	1.522	5.122	20.407	495
C	1.635	5.557	18.935	495
N	1.206	6.781	18.638	496
CA	1.242	7.375	17.31	496
C	2.679	7.611	16.809	496
N	3.576	8.126	17.656	497
CA	4.999	8.284	17.312	497
C	5.664	6.917	17.103	497
N	5.358	5.926	17.947	498
CA	5.857	4.558	17.772	498
C	5.398	3.958	16.435	498
N	4.118	4.145	16.075	499
CA	3.552	3.722	14.784	499
C	4.332	4.31	13.619	499
N	4.634	5.605	13.666	500
CA	5.37	6.291	12.604	500
C	6.764	5.71	12.461	500
N	7.566	5.714	13.525	501
CA	8.938	5.22	13.434	501
C	8.998	3.748	13.023	501
N	8.009	2.955	13.439	502
CA	7.85	1.576	13.008	502
C	7.471	1.43	11.526	502
N	6.35	2.026	11.098	503
CA	5.767	1.821	9.758	503
C	6.517	2.585	8.674	503
N	6.803	3.861	8.912	504
CA	7.326	4.771	7.887	504
C	8.73	4.37	7.481	504
N	9.566	4.028	8.461	505
CA	10.924	3.583	8.17	505
C	10.91	2.309	7.32	505
N	9.996	1.363	7.579	506
CA	9.796	0.175	6.734	506
C	9.314	0.534	5.332	506
N	8.246	1.323	5.202	507
CA	7.665	1.667	3.894	507
C	8.667	2.419	3.019	507
N	9.378	3.401	3.575	508
CA	10.411	4.112	2.829	508
C	11.599	3.215	2.506	508
N	12.036	2.345	3.424	509
CA	13.084	1.378	3.108	509
C	12.705	0.517	1.893	509
N	11.459	0.037	1.841	510
CA	10.941	-0.75	0.721	510
C	10.817	0.071	-0.566	510
N	10.363	1.323	-0.486	511
CA	10.338	2.232	-1.64	511
C	11.743	2.467	-2.199	511
N	12.737	2.694	-1.334	512
CA	14.118	2.896	-1.766	512
C	14.712	1.636	-2.385	512
N	14.401	0.46	-1.838	513
CA	14.802	-0.823	-2.416	513
C	14.158	-1.059	-3.788	513
N	12.875	-0.722	-3.949	514
CA	12.192	-0.778	-5.238	514
C	12.892	0.123	-6.264	514
N	13.173	1.375	-5.912	515
CA	13.904	2.309	-6.77	515
C	15.321	1.816	-7.103	515
N	16.043	1.231	-6.141	516
CA	17.356	0.63	-6.395	516
C	17.257	-0.531	-7.394	516
N	16.185	-1.335	-7.34	517
CA	15.91	-2.366	-8.352	517
C	15.572	-1.748	-9.712	517
N	14.812	-0.654	-9.76	518
CA	14.577	0.086	-11.005	518
C	15.896	0.605	-11.602	518
N	16.773	1.177	-10.772	519
CA	18.118	1.596	-11.169	519
C	18.968	0.433	-11.685	519
N	18.846	-0.748	-11.075	520
CA	19.49	-1.98	-11.536	520
C	18.988	-2.408	-12.928	520
N	17.674	-2.359	-13.164	521
CA	17.08	-2.66	-14.469	521
C	17.44	-1.649	-15.553	521
N	17.615	-0.379	-15.199	522
CA	17.963	0.686	-16.145	522
C	19.468	0.99	-16.207	522
N	20.292	0.206	-15.499	523
CA	21.757	0.322	-15.445	523
C	22.232	1.726	-15.067	523
N	21.602	2.267	-14.03	524
CA	21.971	3.549	-13.441	524
C	23.07	3.32	-12.399	524
N	24.169	4.099	-12.419	525
CA	25.23	3.972	-11.432	525
C	24.678	4.039	-9.993	525
N	24.981	3.061	-9.115	526
CA	24.404	2.997	-7.768	526
C	24.665	4.238	-6.906	526
N	25.816	4.897	-7.091	527
CA	26.143	6.144	-6.379	527
C	25.261	7.313	-6.811	527
N	24.886	7.382	-8.088	528
CA	23.946	8.388	-8.58	528
C	22.547	8.147	-8.006	528
N	22.106	6.883	-7.96	529
CA	20.843	6.498	-7.317	529
C	20.807	6.949	-5.856	529
N	21.834	6.6	-5.074	530
CA	21.932	6.994	-3.668	530
C	21.84	8.513	-3.475	530
N	22.605	9.288	-4.251	531
CA	22.606	10.752	-4.137	531
C	21.255	11.352	-4.52	531
N	20.66	10.904	-5.629	532
CA	19.374	11.415	-6.097	532
C	18.254	11.128	-5.093	532
N	18.214	9.902	-4.571	533
CA	17.251	9.514	-3.553	533
C	17.437	10.354	-2.284	533
N	18.646	10.379	-1.704	534
CA	18.908	11.069	-0.437	534
C	18.553	12.557	-0.508	534
N	19.025	13.259	-1.544	535
CA	18.715	14.685	-1.71	535
C	17.226	14.878	-1.986	535
N	16.639	14.049	-2.854	536
CA	15.209	14.071	-3.145	536
C	14.355	13.911	-1.888	536
N	14.696	12.982	-0.994	537
CA	13.982	12.757	0.271	537
C	14.139	13.919	1.238	537
N	15.34	14.478	1.404	538
CA	15.522	15.629	2.305	538
C	14.684	16.813	1.822	538
N	14.73	17.11	0.52	539
CA	13.919	18.175	-0.086	539
C	12.427	17.873	0.056	539
N	11.994	16.653	-0.273	540
CA	10.601	16.242	-0.139	540
C	10.113	16.36	1.309	540
N	10.893	15.905	2.292	541
CA	10.543	15.988	3.708	541
C	10.356	17.424	4.197	541
N	11.261	18.334	3.822	542
CA	11.164	19.757	4.191	542
C	9.939	20.407	3.547	542
N	9.741	20.213	2.238	543
CA	8.607	20.809	1.513	543
C	7.285	20.23	2.001	543
N	7.21	18.916	2.223	544
CA	6.013	18.26	2.742	544
C	5.577	18.882	4.073	544
N	6.52	19.034	5.011	545
CA	6.224	19.686	6.278	545
C	5.816	21.142	6.081	545
N	6.528	21.898	5.243	546
CA	6.202	23.296	4.96	546
C	4.78	23.478	4.425	546
N	4.364	22.647	3.465	547
CA	3.012	22.681	2.882	547
C	1.964	22.282	3.912	547
N	2.186	21.188	4.644	548
CA	1.272	20.761	5.697	548
C	1.11	21.835	6.783	548
N	2.211	22.469	7.193	549
CA	2.193	23.534	8.192	549
C	1.439	24.763	7.692	549
N	1.697	25.17	6.445	550
CA	0.974	26.255	5.789	550
C	-0.53	25.981	5.746	550
N	-0.953	24.782	5.344	551
CA	-2.376	24.431	5.288	551
C	-3.028	24.424	6.671	551
N	-2.354	23.85	7.671	552
CA	-2.858	23.773	9.045	552
C	-2.994	25.137	9.734	552
N	-2.227	26.145	9.314	553
CA	-2.265	27.488	9.914	553
C	-3.049	28.512	9.087	553
N	-3.211	28.295	7.778	554
CA	-3.932	29.226	6.895	554
C	-5.405	28.88	6.692	554
N	-5.778	27.598	6.766	555
CA	-7.16	27.152	6.576	555
C	-7.799	27.004	7.954	555
N	-8.728	27.906	8.264	556
CA	-9.484	27.855	9.508	556
C	-10.322	26.567	9.564	556
N	-10.343	25.915	10.73	557
CA	-11.134	24.708	11.018	557
C	-10.889	23.519	10.061	557
N	-9.7	23.469	9.446	558
CA	-9.277	22.346	8.605	558
C	-9.405	21.01	9.356	558
N	-9.946	19.995	8.679	559
CA	-10.241	18.671	9.232	559
C	-11.389	18.605	10.263	559
N	-12.044	19.716	10.624	560
CA	-13.171	19.719	11.564	560
C	-14.517	19.511	10.853	560
N	-14.854	18.25	10.58	561
CA	-16.086	17.874	9.858	561
C	-17.37	18.266	10.625	561
N	-17.297	18.471	11.944	562
CA	-18.478	18.759	12.771	562
C	-18.71	20.258	12.964	562
N	-17.633	21.05	13.0	563
CA	-17.694	22.508	13.078	563
C	-17.966	23.195	11.737	563
N	-17.541	22.594	10.622	564
CA	-17.576	23.245	9.311	564
C	-18.934	23.151	8.592	564
N	-19.159	24.072	7.649	565
CA	-20.27	23.964	6.705	565
C	-20.196	22.607	5.97	565
N	-21.32	21.885	5.758	566
CA	-21.341	20.56	5.116	566
C	-20.705	20.476	3.712	566
N	-20.279	21.608	3.143	567
CA	-19.654	21.735	1.831	567
C	-18.136	22.022	1.893	567
N	-17.504	22.079	3.074	568
CA	-16.052	22.287	3.154	568
C	-15.319	21.088	2.547	568
N	-14.416	21.301	1.577	569
CA	-13.741	20.199	0.908	569
C	-12.587	19.612	1.738	569
N	-12.318	20.134	2.939	570
CA	-11.131	19.836	3.746	570
C	-11.421	18.89	4.917	570
N	-11.91	17.683	4.624	571
CA	-12.361	16.734	5.663	571
C	-11.294	15.742	6.144	571
N	-10.096	15.731	5.551	572
CA	-8.93	14.967	6.022	572
C	-9.179	13.475	6.362	572
N	-9.76	12.673	5.452	573
CA	-10.261	11.331	5.765	573
C	-9.175	10.363	6.262	573
N	-7.968	10.404	5.679	574
CA	-6.845	9.548	6.106	574
C	-6.344	9.893	7.511	574
N	-6.3	11.184	7.838	575
CA	-5.873	11.655	9.154	575
C	-6.917	11.351	10.216	575
N	-8.205	11.373	9.852	576
CA	-9.278	10.91	10.732	576
C	-9.106	9.447	11.131	576
N	-8.857	8.557	10.168	577
CA	-8.593	7.133	10.463	577
C	-7.335	6.963	11.322	577
N	-6.318	7.804	11.117	578
CA	-5.094	7.77	11.93	578
C	-5.344	8.221	13.371	578
N	-6.191	9.231	13.579	579
CA	-6.67	9.647	14.897	579
C	-7.512	8.556	15.57	579
N	-8.488	7.994	14.858	580
CA	-9.338	6.933	15.402	580
C	-8.487	5.7	15.787	580
N	-7.433	5.398	15.02	581
CA	-6.459	4.368	15.374	581
C	-5.658	4.703	16.65	581
N	-5.205	5.952	16.846	582
CA	-4.508	6.337	18.088	582
C	-5.425	6.263	19.308	582
N	-6.731	6.468	19.124	583
CA	-7.741	6.276	20.172	583
C	-7.903	4.795	20.528	583
N	-8.074	3.92	19.53	584
CA	-8.246	2.471	19.74	584
C	-7.009	1.87	20.422	584
N	-5.824	2.116	19.858	585
CA	-4.607	1.405	20.247	585
C	-3.795	2.104	21.331	585
N	-3.814	3.434	21.375	586
CA	-3.023	4.215	22.32	586
C	-3.828	4.68	23.528	586
N	-4.93	5.402	23.294	587
CA	-5.736	6.0	24.363	587
C	-6.472	4.935	25.188	587
N	-7.419	4.207	24.594	588
CA	-8.154	3.149	25.311	588
C	-7.219	1.969	25.593	588
N	-6.437	1.61	24.578	589
CA	-5.434	0.567	24.64	589
C	-6.003	-0.836	24.381	589
N	-5.209	-1.717	23.753	590
CA	-5.64	-3.049	23.343	590
C	-6.02	-3.948	24.521	590
N	-5.452	-3.747	25.72	591
CA	-5.83	-4.521	26.915	591
C	-7.329	-4.44	27.22	591
N	-7.967	-3.282	27.014	592
CA	-9.397	-3.076	27.315	592
C	-10.323	-3.618	26.223	592
N	-9.869	-3.63	24.969	593
CA	-10.68	-4.023	23.809	593
C	-10.458	-5.485	23.382	593
N	-9.213	-5.957	23.43	594
CA	-8.753	-7.266	22.945	594
C	-8.201	-8.173	24.059	594
N	-8.031	-7.658	25.279	595
CA	-7.583	-8.447	26.425	595
C	-8.701	-9.245	27.112	595
N	-8.402	-9.86	28.27	596
CA	-9.407	-10.518	29.104	596
C	-10.546	-9.55	29.472	596
N	-11.793	-9.904	29.138	597
CA	-12.979	-9.051	29.341	597
C	-13.25	-8.019	28.232	597
N	-12.36	-7.923	27.24	598
CA	-12.556	-7.126	26.033	598
C	-13.492	-7.815	25.039	598
N	-14.316	-7.026	24.347	599
CA	-15.297	-7.539	23.384	599
C	-14.641	-8.265	22.201	599
N	-13.47	-7.8	21.763	600
CA	-12.778	-8.287	20.568	600
C	-11.692	-9.319	20.872	600
N	-11.658	-9.865	22.096	601
CA	-10.637	-10.828	22.54	601
C	-10.442	-11.984	21.565	601
N	-11.535	-12.495	21.005	602
CA	-11.483	-13.652	20.117	602
C	-10.732	-13.369	18.805	602
N	-10.608	-12.103	18.387	603
CA	-9.826	-11.743	17.203	603
C	-8.325	-11.966	17.407	603
N	-7.819	-11.948	18.644	604
CA	-6.388	-12.169	18.927	604
C	-5.942	-13.582	18.523	604
N	-6.841	-14.577	18.531	605
CA	-6.543	-15.933	18.039	605
C	-6.155	-15.976	16.559	605
N	-6.486	-14.934	15.792	606
CA	-6.083	-14.83	14.396	606
C	-4.564	-14.717	14.23	606
N	-3.806	-14.296	15.251	607
CA	-2.344	-14.431	15.239	607
C	-1.895	-15.89	15.124	607
N	-2.507	-16.79	15.896	608
CA	-2.148	-18.204	15.855	608
C	-2.573	-18.826	14.522	608
N	-3.784	-18.505	14.061	609
CA	-4.299	-18.987	12.775	609
C	-3.39	-18.514	11.632	609
N	-3.018	-17.233	11.619	610
CA	-2.086	-16.668	10.646	610
C	-0.717	-17.341	10.665	610
N	-0.176	-17.645	11.847	611
CA	1.096	-18.351	11.977	611
C	1.037	-19.792	11.442	611
N	-0.089	-20.49	11.617	612
CA	-0.234	-21.909	11.251	612
C	-0.581	-22.096	9.774	612
N	-1.425	-21.241	9.188	613
CA	-1.936	-21.416	7.819	613
C	-0.86	-21.589	6.719	613
N	0.321	-20.937	6.767	614
CA	1.382	-21.178	5.787	614
C	2.024	-22.572	5.88	614
N	1.975	-23.231	7.046	615
CA	2.665	-24.51	7.298	615
C	2.1	-25.647	6.432	615
N	0.77	-25.884	6.357	616
CA	0.208	-26.885	5.449	616
C	0.57	-26.645	3.982	616
N	0.532	-25.388	3.524	617
CA	0.868	-25.038	2.133	617
C	2.33	-25.368	1.836	617
N	3.228	-25.028	2.761	618
CA	4.64	-25.364	2.645	618
C	4.877	-26.876	2.64	618
N	4.253	-27.618	3.556	619
CA	4.377	-29.071	3.613	619
C	3.904	-29.724	2.303	619
N	2.744	-29.311	1.781	620
CA	2.23	-29.776	0.49	620
C	3.178	-29.444	-0.668	620
N	3.833	-28.278	-0.64	621
CA	4.814	-27.901	-1.668	621
C	6.053	-28.807	-1.675	621
N	6.433	-29.356	-0.511	622
CA	7.547	-30.305	-0.375	622
C	7.154	-31.731	-0.74	622
N	5.928	-32.144	-0.417	623
CA	5.411	-33.484	-0.739	623
C	5.146	-33.618	-2.245	623
N	4.639	-32.56	-2.888	624
CA	4.267	-32.567	-4.305	624
C	5.086	-31.56	-5.133	624
N	6.417	-31.737	-5.266	625
CA	7.284	-30.775	-5.959	625
C	6.924	-30.595	-7.444	625
N	6.266	-31.588	-8.051	626
CA	5.814	-31.54	-9.444	626
C	4.658	-30.544	-9.666	626
N	3.919	-30.173	-8.612	627
CA	2.761	-29.273	-8.692	627
C	3.198	-27.829	-8.437	627
N	3.704	-27.175	-9.488	628
CA	4.236	-25.795	-9.445	628
C	3.25	-24.721	-8.956	628
N	1.947	-25.002	-8.922	629
CA	0.937	-24.057	-8.436	629
C	0.829	-24.005	-6.904	629
N	1.246	-25.05	-6.176	630
CA	1.134	-25.088	-4.706	630
C	2.009	-24.011	-4.041	630
N	3.292	-23.825	-4.427	631
CA	4.108	-22.726	-3.906	631
C	3.558	-21.323	-4.204	631
N	2.659	-21.175	-5.186	632
CA	2.042	-19.887	-5.519	632
C	0.897	-19.516	-4.565	632
N	0.432	-20.443	-3.718	633
CA	-0.529	-20.126	-2.659	633
C	0.201	-19.328	-1.579	633
N	-0.172	-18.062	-1.452	634
CA	0.471	-17.117	-0.562	634
C	-0.542	-16.646	0.485	634
N	-0.528	-17.3	1.651	635
CA	-1.415	-16.979	2.78	635
C	-1.335	-15.495	3.189	635
N	-0.147	-14.86	3.298	636
CA	-0.058	-13.411	3.492	636
C	-0.89	-12.608	2.486	636
N	-0.807	-12.94	1.196	637
CA	-1.554	-12.25	0.132	637
C	-3.049	-12.576	0.174	637
N	-3.436	-13.81	0.508	638
CA	-4.846	-14.16	0.756	638
C	-5.395	-13.312	1.907	638
N	-4.652	-13.19	3.007	639
CA	-5.044	-12.329	4.129	639
C	-5.015	-10.823	3.809	639
N	-4.458	-10.449	2.654	640
CA	-4.45	-9.086	2.137	640
C	-5.712	-8.747	1.326	640
N	-6.481	-9.743	0.86	641
CA	-7.709	-9.547	0.068	641
C	-8.835	-8.762	0.748	641
N	-8.713	-8.52	2.048	642
CA	-9.638	-7.729	2.859	642
C	-8.884	-6.709	3.728	642
N	-7.648	-6.38	3.335	643
CA	-6.861	-5.317	3.941	643
C	-7.387	-3.94	3.531	643
N	-7.116	-2.931	4.357	644
CA	-7.359	-1.536	3.986	644
C	-8.827	-1.117	3.978	644
N	-9.755	-1.988	4.391	645
CA	-11.157	-1.629	4.587	645
C	-11.462	-1.407	6.071	645
N	-11.921	-0.22	6.486	646
CA	-11.911	1.059	5.761	646
C	-10.484	1.655	5.657	646
N	-10.215	2.645	4.774	647
CA	-11.16	3.404	3.944	647
C	-11.49	2.788	2.576	647
N	-10.786	1.742	2.134	648
CA	-11.13	1.049	0.896	648
C	-12.527	0.437	0.998	648
N	-13.307	0.531	-0.075	649
CA	-14.601	-0.144	-0.156	649
C	-14.417	-1.531	-0.771	649
N	-15.318	-2.484	-0.485	650
CA	-15.331	-3.765	-1.178	650
C	-15.321	-3.645	-2.704	650
N	-15.993	-2.63	-3.244	651
CA	-16.096	-2.386	-4.688	651
C	-14.768	-1.986	-5.311	651
N	-13.914	-1.239	-4.593	652
CA	-12.548	-0.969	-5.051	652
C	-11.803	-2.283	-5.32	652
N	-11.815	-3.204	-4.348	653
CA	-11.085	-4.473	-4.464	653
C	-11.745	-5.393	-5.493	653
N	-13.074	-5.523	-5.492	654
CA	-13.791	-6.322	-6.486	654
C	-13.461	-5.865	-7.917	654
N	-13.448	-4.553	-8.151	655
CA	-13.134	-3.981	-9.461	655
C	-11.669	-4.166	-9.856	655
N	-10.75	-4.057	-8.891	656
CA	-9.336	-4.38	-9.081	656
C	-9.142	-5.848	-9.487	656
N	-9.846	-6.775	-8.829	657
CA	-9.811	-8.207	-9.138	657
C	-10.359	-8.512	-10.534	657
N	-11.508	-7.935	-10.898	658
CA	-12.124	-8.131	-12.221	658
C	-11.201	-7.604	-13.317	658
N	-10.732	-6.362	-13.186	659
CA	-9.836	-5.735	-14.169	659
C	-8.524	-6.51	-14.289	659
N	-7.926	-6.896	-13.16	660
CA	-6.705	-7.698	-13.136	660
C	-6.875	-9.069	-13.78	660
N	-8.025	-9.717	-13.587	661
CA	-8.345	-11.0	-14.229	661
C	-8.46	-10.85	-15.743	661
N	-9.153	-9.814	-16.221	662
CA	-9.288	-9.543	-17.658	662
C	-7.905	-9.403	-18.302	662
N	-7.043	-8.537	-17.768	663
CA	-5.761	-8.251	-18.409	663
C	-4.692	-9.327	-18.163	663
N	-4.553	-9.848	-16.943	664
CA	-3.449	-10.758	-16.603	664
C	-3.776	-12.244	-16.759	664
N	-5.05	-12.62	-16.894	665
CA	-5.425	-13.994	-17.226	665
C	-5.899	-14.103	-18.673	665
N	-6.963	-13.389	-19.049	666
CA	-7.538	-13.536	-20.388	666
C	-6.641	-12.917	-21.466	666
N	-6.31	-11.629	-21.363	667
CA	-5.493	-10.961	-22.39	667
C	-4.078	-11.548	-22.443	667
N	-3.493	-11.916	-21.299	668
CA	-2.193	-12.591	-21.255	668
C	-2.193	-13.942	-21.991	668
N	-3.199	-14.797	-21.763	669
CA	-3.246	-16.134	-22.364	669
C	-3.664	-16.112	-23.843	669
N	-4.676	-15.318	-24.209	670
CA	-5.235	-15.313	-25.57	670
C	-4.543	-14.317	-26.515	670
N	-3.969	-13.231	-25.986	671
CA	-3.338	-12.164	-26.77	671
C	-1.956	-11.778	-26.223	671
N	-1.121	-12.78	-25.916	672
CA	0.202	-12.605	-25.287	672
C	1.08	-11.533	-25.945	672
N	1.132	-11.469	-27.284	673
CA	1.908	-10.436	-28.012	673
C	1.396	-9.014	-27.768	673
N	0.077	-8.838	-27.672	674
CA	-0.522	-7.545	-27.342	674
C	-0.197	-7.176	-25.898	674
N	-0.36	-8.127	-24.973	675
CA	-0.074	-7.915	-23.557	675
C	1.381	-7.483	-23.343	675
N	2.328	-8.218	-23.93	676
CA	3.764	-7.923	-23.857	676
C	4.12	-6.531	-24.384	676
N	3.419	-6.063	-25.422	677
CA	3.722	-4.779	-26.053	677
C	3.029	-3.603	-25.366	677
N	1.801	-3.788	-24.884	678
CA	0.917	-2.682	-24.516	678
C	0.392	-2.713	-23.081	678
N	0.39	-3.835	-22.353	679
CA	-0.264	-3.906	-21.035	679
C	0.326	-2.906	-20.024	679
N	1.648	-2.921	-19.849	680
CA	2.328	-1.973	-18.963	680
C	2.235	-0.522	-19.455	680
N	2.209	-0.321	-20.776	681
CA	2.025	1.002	-21.39	681
C	0.61	1.531	-21.139	681
N	-0.404	0.664	-21.208	682
CA	-1.795	0.988	-20.908	682
C	-1.94	1.389	-19.443	682
N	-1.36	0.616	-18.52	683
CA	-1.344	0.968	-17.095	683
C	-0.788	2.373	-16.869	683
N	0.381	2.671	-17.445	684
CA	1.008	3.977	-17.285	684
C	0.185	5.109	-17.926	684
N	-0.472	4.843	-19.059	685
CA	-1.327	5.812	-19.739	685
C	-2.615	6.116	-18.959	685
N	-3.238	5.1	-18.354	686
CA	-4.43	5.26	-17.518	686
C	-4.102	6.048	-16.242	686
N	-3.031	5.667	-15.533	687
CA	-2.565	6.384	-14.337	687
C	-2.278	7.859	-14.648	687
N	-1.54	8.121	-15.73	688
CA	-1.182	9.478	-16.114	688
C	-2.388	10.293	-16.595	688
N	-3.265	9.721	-17.424	689
CA	-4.417	10.434	-17.976	689
C	-5.401	10.844	-16.885	689
N	-5.696	9.923	-15.964	690
CA	-6.491	10.201	-14.762	690
C	-5.832	11.262	-13.882	690
N	-4.519	11.181	-13.64	691
CA	-3.82	12.173	-12.824	691
C	-3.82	13.577	-13.461	691
N	-3.526	13.696	-14.762	692
CA	-3.535	14.984	-15.468	692
C	-4.923	15.63	-15.469	692
N	-5.977	14.86	-15.761	693
CA	-7.339	15.393	-15.741	693
C	-7.79	15.711	-14.313	693
N	-7.436	14.891	-13.319	694
CA	-7.746	15.175	-11.916	694
C	-7.149	16.493	-11.432	694
N	-5.89	16.77	-11.78	695
CA	-5.255	18.067	-11.498	695
C	-5.975	19.21	-12.222	695
N	-6.355	19.018	-13.489	696
CA	-7.047	20.046	-14.268	696
C	-8.44	20.367	-13.707	696
N	-9.291	19.356	-13.497	697
CA	-10.636	19.51	-12.921	697
C	-10.575	20.214	-11.572	697
N	-9.567	19.862	-10.78	698
CA	-9.355	20.485	-9.498	698
C	-9.113	21.993	-9.627	698
N	-8.061	22.395	-10.348	699
CA	-7.683	23.807	-10.438	699
C	-8.694	24.641	-11.227	699
N	-9.344	24.054	-12.234	700
CA	-10.276	24.765	-13.099	700
C	-11.686	24.906	-12.502	700
N	-12.166	23.928	-11.721	701
CA	-13.578	23.853	-11.315	701
C	-13.738	23.742	-9.796	701
N	-13.208	22.675	-9.192	702
CA	-13.444	22.371	-7.772	702
C	-12.832	23.425	-6.84	702
N	-11.669	23.98	-7.192	703
CA	-11.022	25.01	-6.382	703
C	-11.787	26.345	-6.387	703
N	-12.558	26.621	-7.44	704
CA	-13.425	27.793	-7.531	704
C	-14.813	27.566	-6.893	704
N	-15.078	26.373	-6.341	705
CA	-16.379	26.011	-5.769	705
C	-17.474	25.786	-6.817	705
N	-17.104	25.538	-8.078	706
CA	-18.054	25.2	-9.135	706
C	-18.439	23.718	-9.058	706
N	-19.238	23.342	-8.062	707
CA	-19.755	21.977	-7.931	707
C	-21.103	21.828	-8.65	707
N	-21.189	20.871	-9.576	708
CA	-22.455	20.471	-10.189	708
C	-23.265	19.648	-9.178	708
N	-24.563	19.939	-9.033	709
CA	-25.497	19.141	-8.222	709
C	-26.65	18.647	-9.088	709
N	-26.665	17.351	-9.366	710
CA	-27.714	16.646	-10.106	710
C	-27.668	15.133	-9.814	710
N	-28.574	14.332	-10.386	711
CA	-28.672	12.897	-10.053	711
C	-27.36	12.118	-10.274	711
N	-26.557	12.504	-11.274	712
CA	-25.267	11.873	-11.571	712
C	-24.156	12.194	-10.563	712
N	-24.354	13.202	-9.707	713
CA	-23.408	13.597	-8.642	713
C	-23.74	12.999	-7.283	713
N	-24.955	12.476	-7.105	714
CA	-25.275	11.663	-5.937	714
C	-24.591	10.307	-6.065	714
N	-23.697	10.052	-5.122	715
CA	-22.833	8.887	-5.154	715
C	-23.595	7.676	-4.6	715
N	-23.49	6.527	-5.273	716
CA	-24.034	5.213	-4.875	716
C	-25.569	5.04	-4.905	716
N	-26.366	6.076	-4.599	717
CA	-27.842	6.002	-4.482	717
C	-28.343	4.943	-3.471	717
N	-27.591	4.715	-2.387	718
CA	-27.894	3.706	-1.359	718
C	-28.033	4.314	0.059	718
N	-29.019	5.194	0.326	719
CA	-29.106	5.929	1.594	719
C	-29.319	5.037	2.829	719
N	-29.879	3.836	2.655	720
CA	-30.188	2.894	3.732	720
C	-29.05	1.901	4.021	720
N	-27.972	1.893	3.229	721
CA	-26.864	0.946	3.399	721
C	-26.123	1.114	4.737	721
N	-26.092	2.335	5.27	722
CA	-25.482	2.643	6.565	722
C	-26.41	2.366	7.753	722
N	-27.658	1.946	7.522	723
CA	-28.614	1.764	8.603	723
C	-28.319	0.515	9.444	723
N	-28.352	0.622	10.785	724
CA	-28.302	-0.539	11.662	724
C	-29.598	-1.357	11.557	724
N	-29.522	-2.637	11.92	725
CA	-30.642	-3.597	11.833	725
C	-31.107	-4.106	13.199	725
N	-30.502	-3.624	14.289	726
CA	-30.936	-3.942	15.643	726
C	-32.181	-3.118	16.041	726
N	-33.213	-3.748	16.637	727
CA	-34.387	-3.043	17.151	727
C	-34.034	-1.955	18.169	727
N	-34.756	-0.834	18.118	728
CA	-34.601	0.289	19.05	728
C	-33.381	1.199	18.836	728
N	-32.486	0.9	17.886	729
CA	-31.371	1.796	17.547	729
C	-31.866	2.9	16.61	729
N	-31.74	4.157	17.048	730
CA	-32.069	5.331	16.231	730
C	-30.814	5.864	15.548	730
N	-30.781	5.8	14.223	731
CA	-29.769	6.454	13.399	731
C	-30.441	7.481	12.48	731
N	-29.777	8.615	12.243	732
CA	-30.318	9.696	11.409	732
C	-30.558	9.184	9.982	732
N	-31.774	9.362	9.463	733
CA	-32.155	8.922	8.112	733
C	-32.547	7.444	7.991	733
N	-32.552	6.691	9.094	734
CA	-32.897	5.273	9.102	734
C	-34.264	5.019	9.746	734
N	-35.047	4.052	9.234	735
CA	-36.245	3.595	9.922	735
C	-35.857	2.902	11.235	735
N	-36.683	3.086	12.263	736
CA	-36.498	2.452	13.573	736
C	-37.325	1.172	13.595	736
N	-36.673	0.048	13.893	737
CA	-37.301	-1.267	14.038	737
C	-37.829	-1.515	15.447	737
