ATOM	X	Y	Z	RESIDUE
N	10.496	0.295	7.463	1
CA	10.041	0.703	8.79	1
C	9.367	-0.437	9.554	1
N	8.445	-0.087	10.446	2
CA	7.859	-1.076	11.334	2
C	6.82	-1.908	10.588	2
N	6.59	-3.116	11.095	3
CA	5.573	-3.975	10.529	3
C	5.22	-5.106	11.464	3
N	4.933	-6.277	10.897	4
CA	4.562	-7.435	11.698	4
C	5.44	-8.651	11.428	4
N	6.506	-8.501	10.642	5
CA	7.412	-9.596	10.364	5
C	8.4	-9.846	11.492	5
N	9.189	-10.907	11.318	6
CA	10.181	-11.287	12.324	6
C	11.211	-10.182	12.559	6
N	11.501	-9.386	11.538	7
CA	12.557	-8.394	11.629	7
C	12.054	-6.973	11.838	7
N	10.734	-6.746	11.809	8
CA	10.223	-5.403	12.056	8
C	8.96	-5.41	12.912	8
N	8.664	-6.528	13.582	9
CA	7.416	-6.705	14.292	9
C	7.394	-6.153	15.705	9
N	6.341	-6.512	16.452	10
CA	6.123	-5.94	17.796	10
C	7.309	-5.973	18.746	10
N	8.198	-6.961	18.652	11
CA	9.345	-6.998	19.556	11
C	10.419	-5.98	19.194	11
N	10.349	-5.392	17.998	12
CA	11.309	-4.385	17.563	12
C	10.821	-2.959	17.79	12
N	9.512	-2.759	18.002	13
CA	8.946	-1.409	17.922	13
C	9.547	-0.465	18.953	13
N	9.903	-0.978	20.136	14
CA	10.395	-0.11	21.205	14
C	11.639	0.677	20.804	14
N	12.422	0.182	19.838	15
CA	13.671	0.862	19.495	15
C	13.423	2.201	18.804	15
N	12.302	2.345	18.097	16
CA	11.925	3.632	17.531	16
C	10.769	4.304	18.247	16
N	10.04	3.574	19.092	17
CA	8.869	4.093	19.802	17
C	8.96	3.594	21.24	17
N	9.758	4.268	22.082	18
CA	10.108	3.719	23.41	18
C	8.979	3.587	24.421	18
N	7.836	4.154	24.011	19
CA	6.596	4.123	24.769	19
C	5.939	2.774	24.596	19
N	6.318	2.016	23.551	20
CA	6.048	0.569	23.612	20
C	6.162	-0.161	24.945	20
N	7.067	0.27	25.819	21
CA	7.232	-0.329	27.135	21
C	6.62	0.527	28.236	21
N	5.627	1.351	27.896	22
CA	5.058	2.317	28.817	22
C	4.08	1.707	29.807	22
N	3.419	2.602	30.547	23
CA	2.564	2.229	31.67	23
C	1.114	1.959	31.289	23
N	0.683	2.299	30.075	24
CA	-0.712	2.062	29.686	24
C	-0.802	1.607	28.221	24
N	-0.113	0.508	27.9	25
CA	-0.051	-0.007	26.541	25
C	-1.198	-0.979	26.256	25
N	-1.57	-1.061	24.972	26
CA	-2.642	-1.936	24.474	26
C	-2.109	-2.82	23.346	26
N	-2.741	-3.977	23.101	27
CA	-3.92	-4.503	23.801	27
C	-3.533	-5.186	25.11	27
N	-4.533	-5.711	25.824	28
CA	-4.325	-6.473	27.05	28
C	-5.222	-7.702	27.018	28
N	-4.884	-8.669	27.87	29
CA	-5.796	-9.766	28.155	29
C	-6.868	-9.278	29.126	29
N	-8.121	-9.601	28.825	30
CA	-9.251	-9.256	29.682	30
C	-9.555	-10.491	30.527	30
N	-9.151	-10.454	31.796	31
CA	-9.463	-11.538	32.724	31
C	-10.858	-11.286	33.287	31
N	-11.833	-12.077	32.835	32
CA	-13.23	-11.786	33.143	32
C	-13.531	-11.917	34.626	32
N	-12.779	-12.753	35.343	33
CA	-13.038	-12.94	36.764	33
C	-12.431	-11.828	37.614	33
N	-11.497	-11.051	37.057	34
CA	-10.868	-9.928	37.742	34
C	-11.471	-8.577	37.357	34
N	-12.104	-8.477	36.192	35
CA	-12.785	-7.242	35.82	35
C	-13.945	-6.986	36.779	35
N	-14.11	-5.736	37.197	36
CA	-15.115	-5.393	38.198	36
C	-16.293	-4.671	37.557	36
N	-17.498	-5.144	37.852	37
CA	-18.697	-4.434	37.429	37
C	-18.729	-3.056	38.076	37
N	-18.965	-2.024	37.266	38
CA	-19.003	-0.642	37.749	38
C	-20.404	-0.106	37.499	38
N	-21.258	-0.028	38.524	39
CA	-22.64	0.421	38.293	39
C	-22.752	1.893	37.936	39
N	-21.688	2.677	38.104	40
CA	-21.702	4.07	37.678	40
C	-21.464	4.244	36.18	40
N	-21.089	3.185	35.46	41
CA	-20.886	3.296	34.019	41
C	-22.229	3.412	33.305	41
N	-22.367	4.429	32.462	42
CA	-23.603	4.604	31.713	42
C	-23.621	3.765	30.445	42
N	-24.804	3.565	29.857	43
CA	-24.866	2.867	28.572	43
C	-24.093	3.65	27.526	43
N	-23.471	2.912	26.614	44
CA	-22.88	3.53	25.443	44
C	-23.974	4.151	24.585	44
N	-23.621	5.236	23.913	45
CA	-24.457	5.861	22.897	45
C	-23.665	5.833	21.596	45
N	-24.048	4.948	20.682	46
CA	-23.477	4.887	19.337	46
C	-24.484	5.532	18.395	46
N	-24.144	6.694	17.842	47
CA	-25.031	7.447	16.953	47
C	-24.377	7.547	15.576	47
N	-24.605	6.53	14.745	48
CA	-24.007	6.424	13.418	48
C	-25.003	6.691	12.287	48
N	-26.208	7.175	12.609	49
CA	-27.253	7.331	11.597	49
C	-26.81	8.226	10.44	49
N	-26.044	9.278	10.727	50
CA	-25.641	10.247	9.712	50
C	-24.213	10.039	9.204	50
N	-23.645	8.85	9.406	51
CA	-22.267	8.588	9.008	51
C	-22.072	8.816	7.512	51
N	-20.924	9.396	7.156	52
CA	-20.542	9.632	5.761	52
C	-19.188	8.975	5.492	52
N	-19.209	7.767	4.942	53
CA	-17.959	7.118	4.556	53
C	-17.407	7.757	3.282	53
N	-16.079	7.705	3.133	54
CA	-15.398	8.361	2.018	54
C	-14.606	7.385	1.158	54
N	-13.589	6.725	1.721	55
CA	-12.66	5.909	0.952	55
C	-12.366	4.631	1.719	55
N	-11.906	3.619	0.987	56
CA	-11.314	2.423	1.577	56
C	-9.89	2.295	1.051	56
N	-8.953	1.952	1.942	57
CA	-7.53	2.117	1.669	57
C	-6.735	0.96	2.265	57
N	-5.79	0.416	1.487	58
CA	-4.777	-0.51	2.006	58
C	-3.58	0.34	2.417	58
N	-3.319	0.429	3.722	59
CA	-2.249	1.284	4.236	59
C	-0.955	0.522	4.531	59
N	-0.834	-0.724	4.066	60
CA	0.348	-1.524	4.3	60
C	0.372	-2.282	5.611	60
N	-0.532	-1.968	6.543	61
CA	-0.63	-2.671	7.815	61
C	-2.013	-3.256	8.049	61
N	-3.042	-2.656	7.471	62
CA	-4.423	-3.115	7.531	62
C	-5.134	-2.455	6.357	62
N	-6.441	-2.657	6.256	63
CA	-7.256	-1.846	5.37	63
C	-8.182	-1.018	6.25	63
N	-8.479	0.199	5.804	64
CA	-9.286	1.093	6.615	64
C	-10.332	1.78	5.754	64
N	-11.478	2.055	6.373	65
CA	-12.539	2.859	5.777	65
C	-12.572	4.187	6.52	65
N	-12.497	5.292	5.779	66
CA	-12.417	6.618	6.373	66
C	-13.754	7.346	6.261	66
N	-13.991	8.274	7.192	67
CA	-15.258	8.985	7.301	67
C	-15.016	10.49	7.341	67
N	-16.039	11.242	6.936	68
CA	-16.054	12.692	7.11	68
C	-16.302	13.012	8.583	68
N	-15.276	13.519	9.261	69
CA	-15.356	13.87	10.674	69
C	-15.296	15.38	10.887	69
N	-15.728	16.152	9.89	70
CA	-15.713	17.607	10.014	70
C	-16.946	18.157	10.722	70
N	-17.929	17.308	11.027	71
CA	-19.088	17.655	11.84	71
C	-19.462	16.427	12.654	71
N	-20.387	16.614	13.601	72
CA	-20.866	15.538	14.477	72
C	-21.878	14.656	13.737	72
N	-21.378	13.901	12.757	73
CA	-22.246	13.034	11.957	73
C	-22.358	11.618	12.515	73
N	-21.243	11.037	12.925	74
CA	-21.194	9.69	13.484	74
C	-20.367	9.815	14.753	74
N	-21.019	9.716	15.91	75
CA	-20.364	10.004	17.179	75
C	-20.616	8.892	18.189	75
N	-19.668	8.75	19.109	76
CA	-19.764	7.872	20.264	76
C	-19.775	8.752	21.512	76
N	-20.724	8.495	22.411	77
CA	-20.831	9.209	23.679	77
C	-21.237	8.227	24.768	77
N	-21.315	8.726	25.998	78
CA	-21.753	7.878	27.091	78
C	-20.682	6.867	27.468	78
N	-21.115	5.783	28.1	79
CA	-20.175	4.796	28.578	79
C	-19.238	5.4	29.608	79
N	-17.931	5.199	29.45	80
CA	-16.961	5.865	30.327	80
C	-16.565	7.271	29.884	80
N	-17.134	7.799	28.802	81
CA	-16.573	8.954	28.106	81
C	-17.174	10.274	28.588	81
N	-16.345	11.317	28.598	82
CA	-16.792	12.696	28.775	82
C	-16.804	13.366	27.408	82
N	-17.955	13.874	27.008	83
CA	-18.013	14.615	25.77	83
C	-18.263	13.732	24.557	83
N	-17.946	14.284	23.393	84
CA	-18.368	13.728	22.116	84
C	-17.147	13.291	21.323	84
N	-17.193	12.074	20.79	85
CA	-16.08	11.503	20.044	85
C	-16.548	11.17	18.635	85
N	-15.893	11.751	17.633	86
CA	-16.29	11.586	16.234	86
C	-15.584	10.399	15.585	86
N	-16.336	9.626	14.802	87
CA	-15.765	8.493	14.077	87
C	-14.878	8.985	12.931	87
N	-13.613	8.575	12.95	88
CA	-12.632	8.886	11.916	88
C	-12.467	7.758	10.898	88
N	-12.304	6.521	11.368	89
CA	-12.024	5.402	10.48	89
C	-12.317	4.12	11.238	89
N	-12.528	3.032	10.488	90
CA	-12.449	1.692	11.058	90
C	-11.486	0.822	10.258	90
N	-10.943	-0.196	10.921	91
CA	-9.999	-1.124	10.311	91
C	-10.062	-2.417	11.114	91
N	-9.329	-3.434	10.649	92
CA	-9.33	-4.749	11.277	92
C	-7.905	-5.254	11.51	92
N	-7.797	-6.215	12.435	93
CA	-6.613	-7.039	12.643	93
C	-7.065	-8.494	12.548	93
N	-6.279	-9.35	11.884	94
CA	-6.714	-10.733	11.676	94
C	-5.521	-11.679	11.587	94
N	-5.828	-12.982	11.589	95
CA	-4.825	-14.022	11.652	95
C	-4.665	-14.789	10.344	95
N	-3.645	-15.653	10.335	96
CA	-3.474	-16.631	9.263	96
C	-4.34	-17.873	9.464	96
N	-4.856	-18.078	10.679	97
CA	-5.705	-19.208	11.047	97
C	-6.803	-18.692	11.973	97
N	-7.895	-19.453	12.084	98
CA	-9.067	-18.96	12.814	98
C	-8.819	-18.811	14.315	98
N	-7.824	-19.509	14.874	99
CA	-7.529	-19.437	16.294	99
C	-6.636	-18.297	16.734	99
N	-6.365	-17.332	15.856	100
CA	-5.545	-16.185	16.213	100
C	-5.932	-15.035	15.3	100
N	-5.615	-13.817	15.732	101
CA	-5.894	-12.643	14.93	101
C	-6.358	-11.448	15.733	101
N	-7.043	-11.679	16.854	102
CA	-7.45	-10.551	17.687	102
C	-6.258	-10.005	18.464	102
N	-6.384	-8.746	18.873	103
CA	-5.376	-8.07	19.684	103
C	-5.695	-8.227	21.168	103
N	-6.871	-7.771	21.591	104
CA	-7.328	-8.145	22.918	104
C	-7.638	-9.631	22.958	104
N	-7.515	-10.209	24.154	105
CA	-7.899	-11.592	24.4	105
C	-8.835	-11.615	25.603	105
N	-9.633	-12.675	25.716	106
CA	-10.593	-12.814	26.816	106
C	-10.275	-14.123	27.526	106
N	-9.816	-14.028	28.776	107
CA	-9.32	-15.195	29.504	107
C	-8.329	-15.99	28.654	107
N	-7.44	-15.266	27.969	108
CA	-6.395	-15.779	27.077	108
C	-6.919	-16.278	25.731	108
N	-8.233	-16.3	25.514	109
CA	-8.777	-16.749	24.236	109
C	-8.539	-15.694	23.16	109
N	-8.009	-16.13	22.016	110
CA	-7.843	-15.289	20.837	110
C	-8.988	-15.541	19.866	110
N	-9.522	-14.468	19.297	111
CA	-10.535	-14.556	18.253	111
C	-9.87	-14.464	16.882	111
N	-10.65	-14.774	15.833	112
CA	-10.117	-14.801	14.468	112
C	-9.747	-13.412	13.96	112
N	-10.383	-12.368	14.483	113
CA	-10.093	-11.011	14.037	113
C	-10.673	-10.047	15.059	113
N	-10.359	-8.766	14.864	114
CA	-10.846	-7.705	15.737	114
C	-11.045	-6.438	14.917	114
N	-12.235	-5.851	15.055	115
CA	-12.619	-4.606	14.398	115
C	-12.393	-3.445	15.356	115
N	-11.756	-2.379	14.858	116
CA	-11.53	-1.163	15.636	116
C	-12.208	0.016	14.953	116
N	-13.181	0.622	15.644	117
CA	-13.816	1.87	15.212	117
C	-13.187	3.006	16.015	117
N	-12.467	3.883	15.321	118
CA	-11.562	4.862	15.926	118
C	-12.256	6.225	15.963	118
N	-12.347	6.812	17.167	119
CA	-13.024	8.091	17.392	119
C	-12.117	9.065	18.145	119
N	-12.326	10.375	17.936	120
CA	-11.511	11.39	18.604	120
C	-12.378	12.446	19.281	120
N	-11.865	12.959	20.401	121
CA	-12.597	13.856	21.294	121
C	-12.668	15.257	20.684	121
N	-13.893	15.719	20.383	122
CA	-14.051	16.97	19.636	122
C	-13.515	18.186	20.381	122
N	-13.329	18.094	21.699	123
CA	-12.801	19.244	22.421	123
C	-11.371	19.577	22.02	123
N	-10.658	18.651	21.384	124
CA	-9.296	18.902	20.927	124
C	-9.213	19.403	19.482	124
N	-10.334	19.503	18.774	125
CA	-10.366	20.206	17.5	125
C	-9.97	19.404	16.273	125
N	-8.897	18.618	16.368	126
CA	-8.498	17.723	15.286	126
C	-7.798	16.502	15.875	126
N	-7.699	15.443	15.068	127
CA	-7.189	14.175	15.588	127
C	-5.705	14.27	15.939	127
N	-4.939	15.092	15.211	128
CA	-3.535	15.263	15.544	128
C	-3.327	15.833	16.935	128
N	-4.192	16.761	17.35	129
CA	-4.111	17.268	18.716	129
C	-4.582	16.215	19.71	129
N	-5.631	15.474	19.345	130
CA	-6.234	14.504	20.251	130
C	-5.256	13.401	20.638	130
N	-4.404	12.967	19.704	131
CA	-3.466	11.883	20.006	131
C	-2.385	12.287	20.997	131
N	-2.255	13.576	21.288	132
CA	-1.336	14.058	22.302	132
C	-1.987	14.209	23.678	132
N	-3.216	13.716	23.862	133
CA	-3.947	13.876	25.12	133
C	-4.315	12.516	25.712	133
N	-4.315	12.39	27.048	134
CA	-4.644	11.093	27.658	134
C	-6.072	10.638	27.421	134
N	-6.992	11.547	27.117	135
CA	-8.374	11.215	26.788	135
C	-8.72	11.675	25.372	135
N	-7.757	11.591	24.453	136
CA	-7.975	12.119	23.118	136
C	-8.79	11.237	22.196	136
N	-8.676	9.912	22.332	137
CA	-9.315	8.973	21.422	137
C	-10.154	7.973	22.21	137
N	-11.172	7.421	21.545	138
CA	-11.917	6.273	22.058	138
C	-12.017	5.255	20.932	138
N	-11.554	4.034	21.183	139
CA	-11.626	2.975	20.185	139
C	-12.628	1.937	20.662	139
N	-13.631	1.682	19.824	140
CA	-14.61	0.633	20.064	140
C	-14.098	-0.632	19.384	140
N	-13.828	-1.661	20.184	141
CA	-13.277	-2.92	19.698	141
C	-14.337	-4.011	19.706	141
N	-14.396	-4.763	18.607	142
CA	-15.405	-5.801	18.416	142
C	-14.703	-7.061	17.907	142
N	-14.873	-8.175	18.62	143
CA	-14.285	-9.454	18.221	143
C	-15.056	-10.087	17.063	143
N	-14.322	-10.774	16.183	144
CA	-14.906	-11.58	15.114	144
C	-14.595	-13.057	15.342	144
N	-15.635	-13.889	15.296	145
CA	-15.497	-15.34	15.247	145
C	-16.03	-15.86	13.916	145
N	-15.554	-17.032	13.518	146
CA	-15.97	-17.644	12.256	146
C	-17.208	-18.508	12.481	146
N	-18.256	-18.229	11.72	147
CA	-19.503	-18.964	11.783	147
C	-20.356	-18.553	10.605	147
N	-21.53	-17.991	10.877	148
CA	-22.384	-17.468	9.823	148
C	-21.833	-16.143	9.3	148
N	-22.217	-15.81	8.071	149
CA	-21.757	-14.575	7.451	149
C	-22.388	-13.354	8.113	149
N	-21.656	-12.238	8.074	150
CA	-22.143	-10.958	8.569	150
C	-22.592	-10.136	7.37	150
N	-23.896	-9.954	7.141	151
CA	-24.306	-9.306	5.882	151
C	-23.792	-7.887	5.746	151
N	-23.711	-7.152	6.854	152
CA	-23.194	-5.795	6.843	152
C	-21.715	-5.683	6.537	152
N	-20.982	-6.798	6.539	153
CA	-19.573	-6.793	6.158	153
C	-19.355	-7.051	4.668	153
N	-20.366	-7.556	3.958	154
CA	-20.132	-8.082	2.616	154
C	-19.688	-6.997	1.638	154
N	-20.215	-5.777	1.774	155
CA	-19.818	-4.728	0.839	155
C	-18.344	-4.373	0.982	155
N	-17.795	-4.517	2.193	156
CA	-16.358	-4.342	2.398	156
C	-15.591	-5.455	1.703	156
N	-15.983	-6.701	1.966	157
CA	-15.277	-7.852	1.411	157
C	-15.258	-7.793	-0.114	157
N	-16.344	-7.321	-0.721	158
CA	-16.426	-7.391	-2.175	158
C	-15.528	-6.388	-2.885	158
N	-15.021	-5.373	-2.18	159
CA	-14.156	-4.367	-2.789	159
C	-12.665	-4.608	-2.513	159
N	-12.316	-5.592	-1.672	160
CA	-10.92	-5.783	-1.283	160
C	-10.029	-6.13	-2.472	160
N	-10.592	-6.769	-3.505	161
CA	-9.83	-7.069	-4.72	161
C	-9.263	-5.814	-5.369	161
N	-9.926	-4.673	-5.196	162
CA	-9.464	-3.446	-5.827	162
C	-8.395	-2.719	-5.02	162
N	-8.087	-3.174	-3.802	163
CA	-7.073	-2.522	-2.969	163
C	-6.077	-3.556	-2.451	163
N	-5.606	-4.428	-3.347	164
CA	-4.834	-5.591	-2.916	164
C	-3.519	-5.189	-2.258	164
N	-2.848	-4.17	-2.793	165
CA	-1.495	-3.83	-2.387	165
C	-1.439	-2.473	-1.695	165
N	-0.36	-2.29	-0.936	166
CA	-0.137	-1.085	-0.151	166
C	-0.227	0.17	-1.013	166
N	-0.989	1.157	-0.528	167
CA	-1.172	2.421	-1.209	167
C	-2.432	2.524	-2.05	167
N	-3.052	1.402	-2.407	168
CA	-4.249	1.454	-3.24	168
C	-5.464	1.903	-2.433	168
N	-6.336	2.685	-3.073	169
CA	-7.57	3.149	-2.446	169
C	-8.71	3.119	-3.458	169
N	-9.94	3.136	-2.939	170
CA	-11.129	3.172	-3.79	170
C	-12.226	3.991	-3.12	170
N	-13.154	4.492	-3.939	171
CA	-14.341	5.143	-3.398	171
C	-15.126	4.148	-2.554	171
N	-15.594	4.597	-1.393	172
CA	-16.373	3.722	-0.526	172
C	-17.442	4.547	0.183	172
N	-18.271	5.227	-0.609	173
CA	-19.318	6.069	-0.053	173
C	-20.56	5.246	0.295	173
N	-21.412	5.846	1.129	174
CA	-22.708	5.28	1.498	174
C	-22.586	3.94	2.215	174
N	-21.512	3.735	2.976	175
CA	-21.414	2.541	3.804	175
C	-21.927	2.847	5.207	175
N	-22.773	1.953	5.74	176
CA	-23.398	2.129	7.046	176
C	-22.675	1.248	8.055	176
N	-21.825	1.805	8.925	177
CA	-21.086	0.961	9.881	177
C	-21.961	0.334	10.962	177
N	-23.226	0.74	11.086	178
CA	-24.108	0.087	12.047	178
C	-24.283	-1.398	11.755	178
N	-24.085	-1.823	10.501	179
CA	-24.186	-3.226	10.137	179
C	-23.062	-4.101	10.648	179
N	-22.052	-3.52	11.301	180
CA	-20.915	-4.268	11.823	180
C	-21.036	-4.582	13.306	180
N	-22.091	-4.066	13.987	181
CA	-22.189	-4.214	15.436	181
C	-22.911	-5.507	15.809	181
N	-22.634	-6.042	16.996	182
CA	-23.44	-7.138	17.544	182
C	-24.723	-6.561	18.138	182
N	-25.574	-7.453	18.662	183
CA	-26.838	-7.02	19.262	183
C	-26.609	-6.238	20.55	183
N	-25.77	-6.766	21.438	184
CA	-25.562	-6.188	22.76	184
C	-24.431	-5.174	22.74	184
N	-24.594	-4.115	23.538	185
CA	-23.552	-3.116	23.752	185
C	-22.865	-3.253	25.108	185
N	-23.026	-4.389	25.794	186
CA	-22.258	-4.641	27.011	186
C	-20.766	-4.592	26.682	186
N	-19.965	-4.033	27.597	187
CA	-18.568	-3.755	27.263	187
C	-17.672	-3.826	28.496	187
N	-16.376	-4.011	28.234	188
CA	-15.302	-3.734	29.182	188
C	-14.589	-2.446	28.77	188
N	-13.986	-1.751	29.743	189
CA	-13.292	-0.5	29.446	189
C	-12.056	-0.326	30.325	189
N	-11.006	0.251	29.742	190
CA	-9.753	0.49	30.444	190
C	-8.974	1.557	29.678	190
N	-8.05	2.255	30.34	191
CA	-7.221	3.246	29.638	191
C	-6.012	2.603	28.975	191
N	-5.771	2.916	27.714	192
CA	-4.705	2.273	26.965	192
C	-4.086	3.146	25.891	192
N	-3.696	2.505	24.787	193
CA	-2.854	3.134	23.776	193
C	-3.294	2.714	22.377	193
N	-2.768	3.423	21.368	194
CA	-2.768	2.868	20.018	194
C	-2.003	1.549	20.021	194
N	-2.465	0.585	19.219	195
CA	-1.781	-0.705	19.144	195
C	-0.782	-0.811	18.001	195
N	-0.598	0.247	17.213	196
CA	0.496	0.359	16.256	196
C	1.285	1.624	16.562	196
N	2.535	1.712	16.092	197
CA	3.265	2.981	16.207	197
C	2.402	4.151	15.711	197
N	2.449	5.297	16.405	198
CA	3.376	5.668	17.482	198
C	3.045	5.15	18.892	198
N	2.031	4.294	19.046	199
CA	1.735	3.653	20.331	199
C	1.345	4.667	21.408	199
N	0.79	5.803	20.98	200
CA	0.501	6.91	21.881	200
C	-0.53	6.509	22.935	200
N	-0.309	6.968	24.168	201
CA	-1.142	6.557	25.3	201
C	-2.316	7.522	25.475	201
N	-3.22	7.463	24.491	202
CA	-4.27	8.458	24.315	202
C	-5.661	7.849	24.169	202
N	-5.835	6.549	24.437	203
CA	-7.06	5.826	24.082	203
C	-7.825	5.393	25.327	203
N	-9.123	5.714	25.361	204
CA	-10.075	4.998	26.207	204
C	-10.587	3.817	25.388	204
N	-10.253	2.605	25.828	205
CA	-10.675	1.39	25.137	205
C	-12.054	0.954	25.61	205
N	-12.925	0.631	24.652	206
CA	-14.261	0.095	24.918	206
C	-14.381	-1.177	24.086	206
N	-14.358	-2.336	24.742	207
CA	-14.326	-3.625	24.051	207
C	-15.643	-4.344	24.311	207
N	-16.385	-4.645	23.24	208
CA	-17.692	-5.275	23.395	208
C	-17.554	-6.742	23.798	208
N	-18.437	-7.171	24.705	209
CA	-18.425	-8.553	25.174	209
C	-18.867	-9.527	24.084	209
N	-19.881	-9.16	23.295	210
CA	-20.459	-10.075	22.307	210
C	-19.694	-9.991	20.985	210
N	-19.11	-11.078	20.502	211
CA	-18.475	-11.044	19.181	211
C	-19.528	-10.949	18.086	211
N	-19.068	-10.609	16.897	212
CA	-19.864	-10.805	15.691	212
C	-19.369	-12.066	14.999	212
N	-20.26	-12.724	14.257	213
CA	-19.877	-13.873	13.445	213
C	-19.689	-13.438	11.996	213
N	-18.615	-13.928	11.376	214
CA	-18.34	-13.735	9.957	214
C	-18.097	-15.11	9.345	214
N	-18.296	-15.22	8.032	215
CA	-18.123	-16.532	7.417	215
C	-16.656	-16.806	7.077	215
N	-16.346	-18.088	6.863	216
CA	-14.998	-18.436	6.428	216
C	-14.651	-17.739	5.113	216
N	-15.628	-17.62	4.195	217
CA	-15.354	-16.935	2.931	217
C	-15.023	-15.459	3.146	217
N	-15.68	-14.802	4.107	218
CA	-15.371	-13.401	4.387	218
C	-13.956	-13.229	4.944	218
N	-13.571	-14.037	5.936	219
CA	-12.231	-13.87	6.504	219
C	-11.151	-14.296	5.514	219
N	-11.432	-15.3	4.672	220
CA	-10.46	-15.698	3.659	220
C	-10.118	-14.535	2.743	220
N	-11.104	-13.688	2.441	221
CA	-10.839	-12.536	1.589	221
C	-9.932	-11.508	2.265	221
N	-10.021	-11.353	3.595	222
CA	-9.045	-10.528	4.31	222
C	-7.633	-11.027	4.046	222
N	-7.447	-12.349	4.087	223
CA	-6.132	-12.978	4.031	223
C	-5.523	-12.959	2.634	223
N	-6.252	-12.483	1.624	224
CA	-5.685	-12.369	0.284	224
C	-5.088	-10.994	0.009	224
N	-5.255	-10.04	0.927	225
CA	-4.584	-8.751	0.819	225
C	-3.067	-8.909	0.967	225
N	-2.337	-7.876	0.547	226
CA	-0.878	-7.895	0.559	226
C	-0.344	-6.772	1.437	226
N	0.685	-7.094	2.235	227
CA	1.448	-6.061	2.936	227
C	2.229	-5.2	1.95	227
N	2.734	-5.811	0.882	228
CA	3.651	-5.168	-0.045	228
C	2.907	-4.263	-1.021	228
N	3.662	-3.348	-1.628	229
CA	3.139	-2.564	-2.724	229
C	3.206	-3.319	-4.038	229
N	2.529	-2.763	-5.041	230
CA	2.44	-3.407	-6.346	230
C	3.824	-3.583	-6.963	230
N	4.115	-4.801	-7.42	231
CA	5.382	-5.113	-8.048	231
C	6.421	-5.739	-7.139	231
N	6.202	-5.737	-5.827	232
CA	7.158	-6.277	-4.874	232
C	6.848	-7.741	-4.586	232
N	7.798	-8.487	-4.014	233
CA	7.512	-9.879	-3.642	233
C	6.262	-9.96	-2.777	233
N	5.357	-10.864	-3.147	234
CA	4.056	-10.933	-2.494	234
C	4.197	-11.523	-1.101	234
N	3.757	-10.763	-0.103	235
CA	3.704	-11.218	1.281	235
C	2.279	-10.977	1.769	235
N	1.55	-12.062	2.026	236
CA	0.146	-11.944	2.39	236
C	-0.018	-11.147	3.68	236
N	-1.019	-10.262	3.693	237
CA	-1.384	-9.497	4.889	237
C	-2.189	-10.412	5.812	237
N	-1.47	-11.062	6.733	238
CA	-2.047	-11.915	7.769	238
C	-1.239	-11.683	9.038	238
N	-1.87	-11.963	10.181	239
CA	-1.207	-11.834	11.486	239
C	-0.714	-10.407	11.741	239
N	-1.557	-9.433	11.406	240
CA	-1.282	-8.013	11.667	240
C	-1.854	-7.575	13.015	240
N	-1.475	-8.298	14.07	241
CA	-1.955	-8.044	15.42	241
C	-0.775	-7.941	16.371	241
N	-0.88	-7.003	17.33	242
CA	0.055	-6.905	18.441	242
C	-0.422	-7.801	19.586	242
N	0.46	-8.566	20.227	243
CA	0.028	-9.403	21.352	243
C	-0.274	-8.567	22.591	243
N	-0.911	-9.234	23.557	244
CA	-1.283	-8.613	24.82	244
C	-0.056	-8.095	25.565	244
N	-0.208	-6.918	26.165	245
CA	0.831	-6.202	26.882	245
C	0.549	-6.206	28.384	245
N	1.554	-5.928	29.217	246
CA	1.34	-5.949	30.676	246
C	0.265	-4.966	31.136	246
N	-0.633	-5.447	32.004	247
CA	-1.715	-4.597	32.502	247
C	-1.188	-3.504	33.432	247
N	-0.156	-3.809	34.212	248
CA	0.503	-2.819	35.094	248
C	-0.528	-2.248	36.075	248
N	-0.514	-0.943	36.334	249
CA	-1.384	-0.357	37.356	249
C	-2.716	0.094	36.748	249
N	-3.485	-0.884	36.252	250
CA	-4.772	-0.601	35.629	250
C	-5.821	-1.62	36.057	250
N	-7.067	-1.162	36.115	251
CA	-8.213	-2.016	36.396	251
C	-9.155	-1.977	35.2	251
N	-9.59	-3.143	34.753	252
CA	-10.59	-3.236	33.7	252
C	-11.966	-3.248	34.357	252
N	-12.866	-2.404	33.861	253
CA	-14.207	-2.283	34.408	253
C	-15.201	-2.887	33.428	253
N	-16.243	-3.525	33.956	254
CA	-17.316	-4.092	33.145	254
C	-18.591	-3.276	33.314	254
N	-19.331	-3.1	32.216	255
CA	-20.615	-2.407	32.238	255
C	-21.767	-3.316	32.642	255
N	-21.506	-4.604	32.849	256
CA	-22.548	-5.601	33.029	256
C	-22.147	-6.548	34.15	256
N	-23.155	-7.192	34.738	257
CA	-22.94	-8.2	35.769	257
C	-22.811	-9.567	35.118	257
