ATOM	X	Y	Z	RESIDUE
N	152.55	-12.696	100.038	1
CA	151.403	-13.337	99.407	1
C	150.401	-13.8	100.454	1
N	149.189	-13.257	100.383	2
CA	148.135	-13.596	101.33	2
C	147.869	-15.101	101.331	2
N	147.74	-15.692	102.53	3
CA	147.305	-17.088	102.609	3
C	145.876	-17.22	102.112	3
N	145.477	-18.427	101.738	4
CA	144.105	-18.666	101.318	4
C	143.169	-18.602	102.52	4
N	142.147	-17.758	102.424	5
CA	141.176	-17.598	103.503	5
C	139.825	-18.173	103.085	5
N	139.251	-19.007	103.946	6
CA	137.975	-19.647	103.665	6
C	136.962	-19.306	104.752	6
N	135.756	-18.933	104.339	7
CA	134.721	-18.523	105.278	7
C	133.424	-19.296	105.073	7
N	132.919	-19.893	106.145	8
CA	131.553	-20.381	106.133	8
C	130.681	-19.328	106.79	8
N	129.679	-18.863	106.057	9
CA	128.815	-17.81	106.561	9
C	127.418	-18.327	106.881	9
N	126.977	-18.094	108.111	10
CA	125.583	-18.316	108.464	10
C	124.774	-17.114	108.002	10
N	123.941	-17.305	106.969	11
CA	123.19	-16.195	106.372	11
C	122.118	-15.638	107.312	11
N	122.533	-14.878	108.322	12
CA	121.613	-14.365	109.336	12
C	121.452	-12.846	109.256	12
N	122.548	-12.112	109.405	13
CA	122.504	-10.654	109.267	13
C	122.192	-10.238	107.829	13
N	121.916	-8.958	107.575	14
CA	121.758	-8.53	106.18	14
C	123.15	-8.258	105.582	14
N	123.47	-8.951	104.478	15
CA	124.817	-9.084	103.907	15
C	125.465	-7.797	103.43	15
N	124.679	-6.733	103.328	16
CA	125.185	-5.448	102.881	16
C	125.968	-4.752	103.992	16
N	125.777	-5.206	105.227	17
CA	126.454	-4.608	106.374	17
C	127.433	-5.591	107.007	17
N	127.535	-6.77	106.409	18
CA	128.423	-7.818	106.892	18
C	129.824	-7.674	106.292	18
N	130.863	-7.796	107.119	19
CA	132.218	-7.515	106.642	19
C	132.819	-8.701	105.89	19
N	132.304	-9.901	106.141	20
CA	132.785	-11.09	105.439	20
C	132.37	-11.05	103.971	20
N	131.14	-10.614	103.717	21
CA	130.645	-10.46	102.353	21
C	131.552	-9.524	101.553	21
N	132.021	-8.462	102.201	22
CA	132.902	-7.503	101.542	22
C	134.286	-8.094	101.263	22
N	134.831	-8.842	102.221	23
CA	136.065	-9.599	101.995	23
C	135.977	-10.477	100.753	23
N	134.873	-11.207	100.645	24
CA	134.67	-12.143	99.55	24
C	134.497	-11.394	98.231	24
N	133.748	-10.296	98.275	25
CA	133.485	-9.486	97.088	25
C	134.775	-8.986	96.444	25
N	135.787	-8.707	97.26	26
CA	137.06	-8.21	96.739	26
C	138.111	-9.31	96.587	26
N	137.719	-10.555	96.837	27
CA	138.595	-11.687	96.587	27
C	139.665	-11.991	97.625	27
N	139.551	-11.407	98.817	28
CA	140.472	-11.729	99.911	28
C	140.173	-13.092	100.525	28
N	138.95	-13.561	100.322	29
CA	138.517	-14.835	100.874	29
C	137.454	-15.434	99.975	29
N	137.178	-16.717	100.16	30
CA	136.113	-17.348	99.402	30
C	135.116	-18.018	100.344	30
N	133.835	-17.914	100.008	31
CA	132.793	-18.592	100.771	31
C	132.767	-20.077	100.438	31
N	132.477	-20.895	101.443	32
CA	132.247	-22.321	101.237	32
C	130.817	-22.636	101.663	32
N	130.276	-23.758	101.202	33
CA	128.85	-24.014	101.385	33
C	128.529	-24.709	102.704	33
N	129.564	-25.134	103.421	34
CA	129.374	-25.821	104.693	34
C	130.642	-25.787	105.538	34
N	130.504	-26.094	106.824	35
CA	131.659	-26.176	107.708	35
C	132.558	-27.33	107.262	35
N	131.939	-28.39	106.754	36
CA	132.677	-29.543	106.249	36
C	133.55	-29.179	105.046	36
N	133.161	-28.132	104.326	37
CA	133.883	-27.713	103.128	37
C	135.106	-26.854	103.46	37
N	135.177	-26.355	104.69	38
CA	136.368	-25.644	105.146	38
C	137.539	-26.625	105.149	38
N	138.747	-26.149	104.817	39
CA	139.891	-27.066	104.69	39
C	140.324	-27.707	106.012	39
N	140.407	-29.034	106.037	40
CA	140.895	-29.743	107.218	40
C	142.36	-29.407	107.482	40
N	142.724	-29.285	108.754	41
CA	144.105	-29.024	109.108	41
C	144.488	-27.565	108.961	41
N	143.52	-26.728	108.602	42
CA	143.753	-25.292	108.535	42
C	143.682	-24.692	109.934	42
N	144.231	-23.493	110.087	43
CA	143.926	-22.668	111.247	43
C	142.472	-22.23	111.149	43
N	141.689	-22.444	112.204	44
CA	140.376	-21.816	112.253	44
C	140.336	-20.834	113.414	44
N	139.938	-19.606	113.111	45
CA	139.729	-18.634	114.167	45
C	138.519	-19.086	114.964	45
N	138.632	-19.005	116.281	46
CA	137.586	-19.486	117.165	46
C	137.693	-18.719	118.469	46
N	136.77	-17.774	118.694	47
CA	136.812	-16.946	119.903	47
C	136.462	-17.708	121.181	47
N	135.983	-18.947	121.066	48
CA	135.559	-19.71	122.241	48
C	136.656	-20.57	122.861	48
N	137.775	-20.741	122.163	49
CA	138.888	-21.511	122.725	49
C	139.854	-20.568	123.442	49
N	140.787	-21.13	124.204	50
CA	141.683	-20.322	125.026	50
C	143.083	-20.204	124.43	50
N	143.339	-20.959	123.365	51
CA	144.663	-21.003	122.752	51
C	144.846	-19.87	121.746	51
N	145.713	-18.899	122.067	52
CA	145.878	-17.751	121.17	52
C	146.745	-18.046	119.952	52
N	146.377	-17.421	118.837	53
CA	147.17	-17.446	117.615	53
C	148.551	-16.852	117.865	53
N	149.581	-17.469	117.294	54
CA	150.953	-16.977	117.419	54
C	151.599	-16.886	116.031	54
N	152.702	-16.124	115.902	55
CA	153.36	-15.983	114.596	55
C	153.71	-17.312	113.93	55
N	154.09	-18.315	114.718	56
CA	154.528	-19.584	114.147	56
C	153.384	-20.357	113.488	56
N	152.142	-19.945	113.743	57
CA	150.99	-20.523	113.043	57
C	150.98	-20.17	111.551	57
N	151.83	-19.223	111.157	58
CA	152.001	-18.869	109.743	58
C	152.228	-20.09	108.844	58
N	153.037	-21.033	109.318	59
CA	153.405	-22.195	108.513	59
C	152.171	-23.015	108.125	59
N	151.219	-23.125	109.05	60
CA	149.972	-23.843	108.807	60
C	149.041	-23.068	107.874	60
N	148.927	-21.762	108.104	61
CA	148.118	-20.898	107.246	61
C	148.596	-20.928	105.795	61
N	149.909	-20.974	105.598	62
CA	150.479	-21.05	104.254	62
C	150.181	-22.369	103.554	62
N	150.204	-23.459	104.314	63
CA	150.136	-24.793	103.726	63
C	148.722	-25.375	103.689	63
N	147.892	-25.019	104.666	64
CA	146.529	-25.545	104.734	64
C	145.482	-24.448	104.55	64
N	145.819	-23.223	104.94	65
CA	144.901	-22.103	104.799	65
C	144.384	-21.569	106.124	65
N	143.534	-20.548	106.048	66
CA	142.93	-19.928	107.228	66
C	141.41	-19.957	107.106	66
N	140.745	-20.555	108.088	67
CA	139.294	-20.712	108.048	67
C	138.606	-19.842	109.094	67
N	137.382	-19.424	108.793	68
CA	136.552	-18.701	109.75	68
C	135.085	-19.05	109.561	68
N	134.329	-18.965	110.646	69
CA	132.88	-19.013	110.565	69
C	132.344	-17.608	110.802	69
N	131.574	-17.095	109.849	70
CA	130.935	-15.798	110.017	70
C	129.484	-15.987	110.448	70
N	129.15	-15.464	111.621	71
CA	127.801	-15.575	112.165	71
C	127.559	-14.384	113.073	71
N	126.38	-14.278	113.669	72
CA	126.154	-13.211	114.635	72
C	126.901	-13.537	115.923	72
N	127.292	-12.512	116.674	73
CA	127.958	-12.75	117.951	73
C	127.011	-13.396	118.957	73
N	125.712	-13.174	118.779	74
CA	124.714	-13.783	119.652	74
C	124.691	-15.303	119.497	74
N	125.06	-15.786	118.313	75
CA	125.092	-17.223	118.04	75
C	126.499	-17.823	118.082	75
N	127.516	-16.971	118.188	76
CA	128.904	-17.393	117.987	76
C	129.353	-18.519	118.918	76
N	129.01	-18.425	120.198	77
CA	129.444	-19.443	121.15	77
C	128.814	-20.788	120.811	77
N	127.501	-20.796	120.611	78
CA	126.787	-22.026	120.288	78
C	127.329	-22.689	119.019	78
N	127.576	-21.886	117.991	79
CA	128.023	-22.413	116.705	79
C	129.424	-23.018	116.788	79
N	130.36	-22.286	117.383	80
CA	131.735	-22.767	117.465	80
C	131.876	-23.971	118.394	80
N	131.116	-23.995	119.483	81
CA	131.261	-25.076	120.452	81
C	130.645	-26.379	119.946	81
N	129.599	-26.279	119.134	82
CA	128.864	-27.475	118.735	82
C	129.27	-28.055	117.379	82
N	129.892	-27.262	116.51	83
CA	130.075	-27.724	115.133	83
C	131.512	-27.837	114.615	83
N	132.512	-27.512	115.428	84
CA	133.886	-27.753	114.989	84
C	134.682	-28.552	116.022	84
N	134.993	-29.793	115.656	85
CA	135.703	-30.715	116.535	85
C	136.785	-31.484	115.778	85
N	138.034	-31.344	116.213	86
CA	139.124	-32.158	115.697	86
C	139.647	-31.802	114.312	86
N	138.766	-31.289	113.46	87
CA	139.075	-31.042	112.055	87
C	140.113	-29.928	111.848	87
N	140.178	-28.992	112.791	88
CA	140.977	-27.782	112.621	88
C	142.028	-27.575	113.708	88
N	142.907	-26.606	113.47	89
CA	143.76	-26.06	114.513	89
C	143.089	-24.789	115.036	89
N	142.407	-24.925	116.171	90
CA	141.536	-23.874	116.687	90
C	142.319	-22.863	117.511	90
N	142.222	-21.593	117.132	91
CA	142.947	-20.526	117.817	91
C	142.078	-19.288	118.021	91
N	142.084	-18.742	119.233	92
CA	141.48	-17.433	119.443	92
C	142.505	-16.389	119.045	92
N	142.053	-15.162	118.831	93
CA	142.993	-14.076	118.642	93
C	143.45	-13.589	120.004	93
N	144.709	-13.145	120.096	94
CA	145.138	-12.431	121.298	94
C	144.306	-11.169	121.459	94
N	144.266	-10.64	122.674	95
CA	143.344	-9.569	123.019	95
C	143.626	-8.283	122.253	95
N	142.616	-7.809	121.53	96
CA	142.734	-6.6	120.729	96
C	141.5	-5.73	120.918	96
N	141.63	-4.458	120.569	97
CA	140.548	-3.501	120.727	97
C	139.864	-3.269	119.381	97
N	138.539	-3.368	119.354	98
CA	137.784	-3.173	118.116	98
C	137.842	-1.718	117.663	98
N	137.893	-1.514	116.35	99
CA	137.923	-0.172	115.78	99
C	136.678	0.133	114.95	99
N	135.831	-0.871	114.737	100
CA	134.614	-0.678	113.951	100
C	133.627	0.227	114.7	100
N	132.742	0.924	113.965	101
CA	131.818	1.893	114.573	101
C	130.849	1.302	115.599	101
N	130.544	0.014	115.494	102
CA	129.604	-0.616	116.417	102
C	130.199	-0.824	117.806	102
N	131.416	-1.352	117.856	103
CA	132.025	-1.725	119.126	103
C	133.338	-1.003	119.394	103
N	133.495	0.194	118.83	104
CA	134.735	0.954	118.976	104
C	135.21	1.029	120.423	104
N	136.47	0.672	120.644	105
CA	137.075	0.821	121.954	105
C	136.923	-0.375	122.873	105
N	136.137	-1.364	122.459	106
CA	135.859	-2.509	123.325	106
C	136.724	-3.718	122.968	106
N	137.167	-4.466	123.99	107
CA	138.104	-5.58	123.813	107
C	137.5	-6.856	123.22	107
N	138.32	-7.555	122.434	108
CA	138.117	-8.951	122.029	108
C	137.053	-9.19	120.964	108
N	135.931	-8.486	121.049	109
CA	134.816	-8.743	120.143	109
C	135.016	-8.006	118.819	109
N	135.648	-8.678	117.857	110
CA	136.02	-8.039	116.599	110
C	135.071	-8.389	115.46	110
N	135.02	-7.523	114.452	111
CA	134.339	-7.861	113.209	111
C	135.138	-8.941	112.493	111
N	134.496	-9.633	111.56	112
CA	135.172	-10.683	110.816	112
C	136.39	-10.117	110.076	112
N	136.252	-8.928	109.492	113
CA	137.358	-8.37	108.717	113
C	138.52	-7.952	109.625	113
N	138.216	-7.453	110.821	114
CA	139.263	-7.094	111.776	114
C	139.992	-8.344	112.252	114
N	139.239	-9.419	112.436	115
CA	139.829	-10.673	112.873	115
C	140.764	-11.249	111.822	115
N	140.331	-11.214	110.565	116
CA	141.17	-11.673	109.465	116
C	142.454	-10.848	109.414	116
N	142.319	-9.53	109.501	117
CA	143.483	-8.649	109.439	117
C	144.43	-8.873	110.617	117
N	143.87	-9.017	111.817	118
CA	144.681	-9.307	112.998	118
C	145.466	-10.608	112.83	118
N	144.791	-11.648	112.348	119
CA	145.435	-12.936	112.134	119
C	146.582	-12.801	111.136	119
N	146.313	-12.119	110.027	120
CA	147.332	-11.862	109.01	120
C	148.534	-11.116	109.588	120
N	148.258	-10.042	110.318	121
CA	149.316	-9.229	110.911	121
C	150.207	-10.067	111.833	121
N	149.577	-10.811	112.736	122
CA	150.297	-11.62	113.72	122
C	151.179	-12.665	113.038	122
N	150.712	-13.187	111.909	123
CA	151.451	-14.222	111.203	123
C	152.431	-13.653	110.172	123
N	152.645	-12.342	110.213	124
CA	153.673	-11.729	109.39	124
C	153.204	-11.203	108.045	124
N	151.899	-11.244	107.8	125
CA	151.351	-10.697	106.56	125
C	150.822	-9.286	106.799	125
N	151.713	-8.382	107.192	126
CA	151.323	-7.021	107.555	126
C	150.77	-6.217	106.38	126
N	151.38	-6.358	105.209	127
CA	150.921	-5.614	104.037	127
C	149.522	-6.072	103.639	127
N	149.323	-7.384	103.631	128
CA	148.02	-7.965	103.342	128
C	146.968	-7.532	104.36	128
N	147.353	-7.478	105.629	129
CA	146.431	-7.052	106.675	129
C	145.93	-5.634	106.41	129
N	146.829	-4.769	105.949	130
CA	146.471	-3.383	105.658	130
C	145.595	-3.274	104.407	130
N	145.911	-4.059	103.381	131
CA	145.101	-4.089	102.161	131
C	143.661	-4.486	102.472	131
N	143.517	-5.448	103.376	132
CA	142.212	-5.896	103.845	132
C	141.481	-4.788	104.621	132
N	142.171	-4.172	105.576	133
CA	141.56	-3.147	106.423	133
C	141.153	-1.896	105.645	133
N	141.877	-1.597	104.576	134
CA	141.588	-0.403	103.791	134
C	140.234	-0.488	103.071	134
N	139.588	-1.654	103.116	135
CA	138.228	-1.796	102.591	135
C	137.199	-0.975	103.377	135
N	137.568	-0.535	104.578	136
CA	136.721	0.366	105.363	136
C	137.504	1.62	105.738	136
N	136.821	2.751	105.851	137
CA	137.531	3.98	106.178	137
C	138.128	3.889	107.584	137
N	137.457	3.157	108.474	138
CA	137.909	2.999	109.861	138
C	138.91	1.851	110.02	138
N	139.1	1.083	108.954	139
CA	139.946	-0.103	108.988	139
C	141.379	0.077	109.47	139
N	142.15	0.957	108.813	140
CA	143.554	1.147	109.201	140
C	143.726	1.544	110.669	140
N	142.74	2.241	111.228	141
CA	142.795	2.652	112.63	141
C	142.838	1.464	113.598	141
N	142.389	0.299	113.14	142
CA	142.465	-0.92	113.945	142
C	143.904	-1.237	114.328	142
N	144.816	-1.079	113.374	143
CA	146.229	-1.297	113.649	143
C	146.793	-0.165	114.508	143
N	146.405	1.071	114.205	144
CA	146.86	2.229	114.978	144
C	146.567	2.089	116.474	144
N	145.311	1.824	116.821	145
CA	144.933	1.79	118.23	145
C	145.43	0.515	118.913	145
N	145.793	-0.498	118.128	146
CA	146.332	-1.738	118.692	146
C	147.832	-1.908	118.478	146
N	148.489	-0.86	117.99	147
CA	149.867	-0.962	117.505	147
C	150.832	-1.576	118.516	147
N	150.787	-1.092	119.751	148
CA	151.704	-1.564	120.784	148
C	151.473	-3.029	121.147	148
N	150.215	-3.463	121.115	149
CA	149.886	-4.851	121.42	149
C	150.296	-5.749	120.26	149
N	149.927	-5.34	119.05	150
CA	150.234	-6.098	117.842	150
C	151.731	-6.32	117.654	150
N	152.533	-5.319	118.01	151
CA	153.987	-5.428	117.915	151
C	154.499	-6.57	118.785	151
N	153.949	-6.692	119.989	152
C	153.754	-9.106	120.413	152
CA	154.319	-7.774	120.893	152
N	152.484	-9.101	120.007	153
CA	151.842	-10.322	119.516	153
C	152.555	-10.888	118.286	153
N	153.003	-10.003	117.401	154
CA	153.693	-10.421	116.183	154
C	155.093	-10.931	116.493	154
N	155.583	-10.619	117.687	155
CA	156.893	-11.086	118.121	155
C	156.759	-12.285	119.051	155
N	155.551	-12.837	119.123	156
CA	155.29	-14.018	119.925	156
C	155.145	-13.751	121.414	156
N	154.976	-12.484	121.779	157
CA	154.887	-12.097	123.184	157
C	153.448	-11.756	123.576	157
N	152.868	-12.574	124.452	158
CA	151.462	-12.432	124.831	158
C	151.259	-11.699	126.155	158
N	152.337	-11.155	126.708	159
CA	152.252	-10.415	127.969	159
C	151.289	-9.205	127.986	159
N	151.013	-8.561	126.83	160
CA	150.029	-7.469	126.922	160
C	148.625	-7.845	127.413	160
N	148.206	-9.098	127.249	161
CA	146.8	-9.459	127.459	161
C	146.268	-9.16	128.858	161
N	146.992	-9.594	129.885	162
CA	146.508	-9.443	131.254	162
C	146.389	-7.981	131.665	162
N	147.333	-7.155	131.223	163
CA	147.285	-5.735	131.551	163
C	146.175	-5.038	130.772	163
N	145.991	-5.444	129.522	164
CA	144.969	-4.845	128.675	164
C	143.562	-5.205	129.157	164
N	143.34	-6.476	129.478	165
CA	142.038	-6.903	129.986	165
C	141.869	-6.52	131.455	165
N	142.985	-6.431	132.17	166
CA	142.973	-5.99	133.554	166
C	142.639	-7.101	134.532	166
N	142.831	-8.345	134.104	167
CA	142.595	-9.51	134.954	167
C	143.729	-10.521	134.814	167
N	144.028	-11.226	135.9	168
CA	144.934	-12.362	135.821	168
C	144.222	-13.55	135.191	168
N	142.941	-13.69	135.513	169
CA	142.139	-14.805	135.028	169
C	141.544	-14.407	133.679	169
N	142.371	-14.478	132.64	170
CA	141.961	-14.092	131.289	170
C	140.809	-14.958	130.779	170
N	140.897	-16.269	131.009	171
CA	139.872	-17.211	130.559	171
C	138.471	-16.78	131.0	171
N	138.304	-16.491	132.288	172
CA	137.003	-16.072	132.801	172
C	136.544	-14.754	132.183	172
N	137.493	-13.846	131.988	173
CA	137.205	-12.546	131.421	173
C	136.687	-12.656	129.999	173
N	137.345	-13.478	129.188	174
CA	136.913	-13.682	127.81	174
C	135.54	-14.348	127.749	174
N	135.322	-15.341	128.609	175
CA	134.042	-16.041	128.657	175
C	132.909	-15.072	128.983	175
N	133.19	-14.1	129.844	176
CA	132.174	-13.134	130.241	176
C	131.864	-12.106	129.148	176
N	132.892	-11.631	128.447	177
CA	132.678	-10.681	127.354	177
C	131.749	-11.26	126.296	177
N	131.858	-12.564	126.068	178
CA	131.016	-13.22	125.077	178
C	129.649	-13.58	125.642	178
N	129.609	-13.907	126.931	179
CA	128.354	-14.214	127.608	179
C	127.392	-13.034	127.494	179
N	127.944	-11.827	127.564	180
CA	127.171	-10.596	127.417	180
C	126.424	-10.559	126.086	180
N	127.103	-10.972	125.023	181
CA	126.518	-10.957	123.688	181
C	125.593	-12.145	123.467	181
N	125.94	-13.273	124.073	182
CA	125.119	-14.473	123.989	182
C	123.742	-14.225	124.602	182
N	123.728	-13.534	125.738	183
CA	122.509	-13.361	126.524	183
C	121.785	-12.038	126.28	183
N	122.264	-11.255	125.32	184
CA	121.667	-9.962	125.039	184
C	121.422	-9.72	123.563	184
N	120.453	-8.823	123.807	185
CA	118.987	-9.069	123.579	185
C	118.101	-9.213	122.369	185
N	157.64	-21.56	148.327	1
CA	156.495	-22.228	148.934	1
C	155.61	-22.86	147.869	1
N	155.451	-24.177	147.947	2
CA	154.636	-24.915	146.989	2
C	153.203	-24.38	146.974	2
N	152.633	-24.199	145.772	3
CA	151.208	-23.867	145.703	3
C	150.373	-25.034	146.201	3
N	149.126	-24.777	146.569	4
CA	148.237	-25.85	146.977	4
C	147.844	-26.699	145.773	4
N	148.08	-28.003	145.874	5
CA	147.732	-28.931	144.804	5
C	146.556	-29.808	145.227	5
N	145.543	-29.88	144.37	6
CA	144.349	-30.668	144.646	6
C	144.139	-31.714	143.557	6
N	143.858	-32.946	143.965	7
CA	143.699	-34.044	143.021	7
C	142.387	-34.79	143.235	7
N	141.615	-34.944	142.165	8
CA	140.509	-35.886	142.181	8
C	140.966	-37.173	141.517	8
N	140.867	-38.279	142.244	9
CA	141.34	-39.549	141.72	9
C	140.196	-40.505	141.411	9
N	140.126	-40.952	140.164	10
CA	139.267	-42.072	139.818	10
C	139.964	-43.345	140.261	10
N	139.482	-43.96	141.349	11
CA	140.227	-45.068	141.956	11
C	140.06	-46.386	141.228	11
N	140.457	-46.407	139.961	12
CA	140.491	-47.641	139.188	12
C	141.924	-47.961	138.764	12
N	142.728	-48.361	139.746	13
CA	144.141	-48.685	139.568	13
C	144.684	-49.169	140.903	13
N	145.728	-49.99	140.875	14
CA	146.379	-50.422	142.106	14
C	147.008	-49.204	142.773	14
N	146.469	-48.801	143.936	15
CA	146.892	-47.577	144.629	15
C	148.385	-47.548	144.937	15
N	148.978	-48.724	145.125	16
CA	150.383	-48.827	145.5	16
C	151.33	-48.519	144.34	16
N	150.79	-48.449	143.127	17
CA	151.605	-48.175	141.945	17
C	151.251	-46.826	141.327	17
N	150.281	-46.151	141.93	18
CA	149.811	-44.861	141.447	18
C	150.638	-43.714	142.035	18
N	151.082	-42.781	141.192	19
CA	151.996	-41.74	141.663	19
C	151.265	-40.63	142.413	19
N	149.972	-40.47	142.147	20
CA	149.179	-39.455	142.837	20
C	149.003	-39.817	144.309	20
N	148.753	-41.095	144.575	21
CA	148.639	-41.594	145.942	21
C	149.901	-41.27	146.746	21
N	151.058	-41.424	146.111	22
CA	152.332	-41.152	146.77	22
C	152.523	-39.66	147.057	22
N	152.159	-38.81	146.096	23
CA	152.102	-37.362	146.316	23
C	151.287	-36.999	147.551	23
N	150.109	-37.603	147.657	24
CA	149.194	-37.313	148.749	24
C	149.762	-37.834	150.066	24
N	150.351	-39.024	150.017	25
CA	150.916	-39.655	151.207	25
C	151.988	-38.782	151.853	25
N	152.729	-38.038	151.035	26
CA	153.793	-37.178	151.549	26
C	153.364	-35.718	151.701	26
N	152.085	-35.437	151.47	27
CA	151.547	-34.112	151.723	27
C	151.833	-33.035	150.686	27
N	152.25	-33.436	149.487	28
CA	152.447	-32.483	148.393	28
C	151.121	-32.055	147.776	28
N	150.096	-32.871	147.987	29
CA	148.777	-32.609	147.43	29
C	147.717	-33.22	148.328	29
N	146.467	-32.826	148.127	30
CA	145.381	-33.434	148.879	30
C	144.303	-33.965	147.938	30
N	143.765	-35.136	148.265	31
CA	142.652	-35.696	147.506	31
C	141.358	-34.974	147.849	31
N	140.487	-34.83	146.855	32
CA	139.135	-34.326	147.078	32
C	138.153	-35.412	146.651	32
N	136.914	-35.334	147.12	33
CA	135.98	-36.439	146.922	33
C	135.248	-36.374	145.583	33
N	135.393	-35.258	144.876	34
CA	134.715	-35.076	143.598	34
C	135.362	-33.969	142.774	34
N	135.039	-33.928	141.485	35
CA	135.546	-32.88	140.606	35
C	134.999	-31.524	141.051	35
N	133.772	-31.529	141.56	36
CA	133.143	-30.31	142.057	36
C	133.896	-29.735	143.257	36
N	134.599	-30.6	143.982	37
CA	135.329	-30.184	145.176	37
C	136.684	-29.557	144.838	37
N	137.145	-29.743	143.603	38
CA	138.361	-29.068	143.151	38
C	138.09	-27.566	143.154	38
N	139.105	-26.753	143.477	39
CA	138.858	-25.309	143.617	39
C	138.53	-24.604	142.299	39
N	137.436	-23.849	142.277	40
CA	137.079	-23.063	141.098	40
C	138.106	-21.964	140.846	40
N	138.391	-21.697	139.578	41
CA	139.318	-20.636	139.236	41
C	140.769	-21.057	139.359	41
N	141.001	-22.311	139.738	42
CA	142.358	-22.845	139.788	42
C	142.833	-23.227	138.39	42
N	144.146	-23.342	138.229	43
CA	144.706	-24.018	137.069	43
C	144.353	-25.497	137.166	43
N	143.787	-26.069	136.107	44
CA	143.674	-27.519	136.065	44
C	144.504	-28.038	134.899	44
N	145.376	-28.993	135.193	45
CA	146.11	-29.65	134.129	45
C	145.114	-30.469	133.331	45
N	145.237	-30.41	132.014	46
CA	144.298	-31.079	131.134	46
C	145.018	-31.37	129.829	46
N	145.379	-32.643	129.606	47
CA	146.106	-33.033	128.392	47
C	145.259	-32.969	127.122	47
N	143.95	-32.757	127.249	48
CA	143.078	-32.736	126.075	48
C	142.893	-31.348	125.459	48
N	143.318	-30.297	126.156	49
CA	143.203	-28.948	125.597	49
C	144.499	-28.576	124.883	49
N	144.466	-27.502	124.1	50
CA	145.615	-27.126	123.28	50
C	146.409	-25.964	123.879	50
N	145.882	-25.372	124.948	51
CA	146.502	-24.2	125.56	51
C	147.581	-24.611	126.561	51
N	148.854	-24.326	126.248	52
CA	149.933	-24.76	127.14	52
C	150.114	-23.867	128.365	52
N	150.453	-24.502	129.483	53
CA	150.844	-23.811	130.705	53
C	152.049	-22.912	130.449	53
N	152.023	-21.703	131.005	54
CA	153.137	-20.764	130.878	54
C	153.535	-20.247	132.267	54
N	154.742	-19.668	132.397	55
CA	155.191	-19.154	133.696	55
C	154.208	-18.188	134.358	55
N	153.537	-17.36	133.563	56
CA	152.644	-16.349	134.117	56
C	151.409	-16.962	134.785	56
N	151.169	-18.253	134.558	57
CA	150.093	-18.964	135.255	57
C	150.391	-19.139	136.746	57
N	151.634	-18.869	137.139	58
CA	152.025	-18.893	138.551	58
C	151.07	-18.098	139.448	58
N	150.651	-16.926	138.981	59
CA	149.846	-16.028	139.803	59
C	148.511	-16.681	140.177	59
N	147.946	-17.452	139.25	60
CA	146.709	-18.187	139.499	60
C	146.936	-19.369	140.442	60
N	148.014	-20.116	140.213	61
CA	148.371	-21.244	141.072	61
C	148.561	-20.813	142.524	61
N	149.181	-19.654	142.716	62
CA	149.389	-19.101	144.05	62
C	148.089	-18.708	144.742	62
N	147.161	-18.138	143.979	63
CA	145.965	-17.536	144.563	63
C	144.756	-18.475	144.602	63
N	144.659	-19.389	143.638	64
CA	143.526	-20.315	143.58	64
C	143.955	-21.769	143.777	64
N	145.182	-22.091	143.384	65
CA	145.684	-23.447	143.519	65
C	145.873	-24.153	142.187	65
N	146.327	-25.401	142.251	66
CA	146.558	-26.226	141.066	66
C	145.777	-27.531	141.184	66
N	144.946	-27.822	140.189	67
CA	144.089	-29.002	140.228	67
C	144.489	-30.03	139.177	67
N	144.24	-31.299	139.482	68
CA	144.465	-32.385	138.535	68
C	143.428	-33.479	138.727	68
N	143.124	-34.181	137.644	69
CA	142.356	-35.407	137.731	69
C	143.297	-36.578	137.487	69
N	143.37	-37.493	138.445	70
CA	144.171	-38.696	138.267	70
C	143.274	-39.853	137.83	70
N	143.551	-40.4	136.654	71
CA	142.782	-41.519	136.124	71
C	143.693	-42.333	135.222	71
N	143.183	-43.392	134.612	72
CA	143.995	-44.128	133.654	72
C	144.095	-43.316	132.37	72
N	145.181	-43.493	131.622	73
CA	145.306	-42.801	130.342	73
C	144.275	-43.302	129.336	73
N	143.828	-44.543	129.505	74
CA	142.801	-45.097	128.627	74
C	141.48	-44.341	128.769	74
N	141.236	-43.774	129.949	75
CA	140.005	-43.028	130.202	75
C	140.195	-41.511	130.199	75
N	141.439	-41.053	130.069	76
CA	141.762	-39.64	130.284	76
C	141.008	-38.69	129.356	76
N	140.902	-39.047	128.08	77
CA	140.249	-38.161	127.126	77
C	138.769	-38.024	127.467	77
N	138.101	-39.153	127.673	78
CA	136.681	-39.153	128.016	78
C	136.388	-38.346	129.285	78
N	137.198	-38.549	130.318	79
CA	136.962	-37.904	131.609	79
C	137.137	-36.389	131.533	79
N	138.238	-35.943	130.936	80
CA	138.509	-34.513	130.847	80
C	137.539	-33.79	129.917	80
N	137.158	-34.429	128.816	81
CA	136.289	-33.769	127.848	81
C	134.857	-33.639	128.36	81
N	134.423	-34.581	129.19	82
CA	133.018	-34.62	129.583	82
C	132.72	-34.009	130.953	82
N	133.729	-33.848	131.806	83
CA	133.435	-33.493	133.194	83
C	134.042	-32.193	133.731	83
N	134.804	-31.463	132.923	84
CA	135.298	-30.165	133.388	84
C	135.021	-29.049	132.376	84
N	134.06	-28.19	132.71	85
CA	133.69	-27.075	131.842	85
C	133.508	-25.769	132.612	85
N	134.202	-24.726	132.165	86
CA	134.019	-23.384	132.692	86
C	134.636	-23.115	134.053	86
N	134.643	-24.132	134.906	87
CA	135.04	-23.996	136.305	87
C	136.529	-23.665	136.492	87
N	137.357	-24.083	135.54	88
CA	138.805	-24.012	135.707	88
C	139.508	-23.211	134.617	88
N	140.785	-22.924	134.856	89
CA	141.685	-22.466	133.811	89
C	142.447	-23.685	133.288	89
N	141.998	-24.193	132.144	90
CA	142.466	-25.472	131.618	90
C	143.734	-25.303	130.793	90
N	144.782	-26.022	131.178	91
CA	146.07	-25.93	130.501	91
C	146.708	-27.302	130.302	91
N	147.183	-27.571	129.09	92
CA	148.008	-28.75	128.88	92
C	149.423	-28.383	129.273	92
N	150.263	-29.387	129.477	93
CA	151.673	-29.113	129.665	93
C	152.321	-28.953	128.306	93
N	153.328	-28.075	128.218	94
CA	154.167	-28.059	127.019	94
C	154.853	-29.412	126.861	94
N	155.28	-29.717	125.642	95
CA	155.753	-31.052	125.296	95
C	157.009	-31.464	126.06	95
N	156.906	-32.571	126.787	96
CA	158.007	-33.079	127.591	96
C	158.144	-34.583	127.406	96
N	159.314	-35.101	127.747	97
CA	159.608	-36.516	127.584	97
C	159.454	-37.226	128.925	97
N	158.707	-38.325	128.945	98
CA	158.496	-39.077	130.179	98
C	159.785	-39.756	130.629	98
N	159.994	-39.816	131.943	99
CA	161.178	-40.457	132.506	99
C	160.829	-41.683	133.346	99
N	159.537	-41.917	133.563	100
CA	159.096	-43.06	134.356	100
C	159.383	-44.369	133.609	100
N	159.535	-45.486	134.345	101
CA	159.912	-46.771	133.735	101
C	158.926	-47.301	132.696	101
N	157.652	-46.939	132.806	102
CA	156.644	-47.442	131.876	102
C	156.747	-46.807	130.494	102
N	156.89	-45.487	130.451	103
CA	156.865	-44.773	129.181	103
C	158.148	-44.003	128.904	103
N	159.264	-44.477	129.455	104
CA	160.538	-43.774	129.33	104
C	160.858	-43.395	127.888	104
N	161.169	-42.123	127.673	105
CA	161.616	-41.671	126.37	105
C	160.506	-41.202	125.451	105
N	159.256	-41.401	125.86	106
CA	158.126	-41.083	124.99	106
C	157.498	-39.735	125.343	106
N	157.086	-38.977	124.316	107
CA	156.596	-37.606	124.491	107
C	155.187	-37.482	125.072	107
N	155.001	-36.446	125.892	108
CA	153.696	-35.906	126.289	108
C	152.952	-36.703	127.353	108
N	153.006	-38.026	127.267	109
CA	152.221	-38.874	128.161	109
C	152.951	-39.066	129.49	109
N	152.67	-38.188	130.452	110
CA	153.414	-38.167	131.708	110
C	152.644	-38.816	132.853	110
N	153.374	-39.301	133.853	111
CA	152.745	-39.725	135.097	111
C	152.191	-38.497	135.809	111
N	151.28	-38.714	136.747	112
CA	150.697	-37.605	137.487	112
C	151.794	-36.832	138.23	112
N	152.754	-37.543	138.82	113
CA	153.794	-36.863	139.593	113
C	154.735	-36.056	138.687	113
N	155.01	-36.559	137.488	114
CA	155.844	-35.825	136.54	114
C	155.131	-34.566	136.068	114
N	153.821	-34.669	135.897	115
CA	153.048	-33.526	135.445	115
C	153.012	-32.434	136.5	115
N	152.84	-32.835	137.756	116
CA	152.858	-31.886	138.861	116
C	154.212	-31.182	138.903	116
N	155.286	-31.96	138.824	117
CA	156.632	-31.396	138.872	117
C	156.909	-30.461	137.692	117
N	156.504	-30.873	136.492	118
CA	156.657	-30.026	135.31	118
C	155.925	-28.693	135.478	118
N	154.686	-28.758	135.959	119
CA	153.893	-27.556	136.174	119
C	154.577	-26.626	137.173	119
N	155.037	-27.197	138.282	120
CA	155.751	-26.435	139.304	120
C	156.994	-25.758	138.73	120
N	157.788	-26.532	137.999	121
CA	159.022	-26.032	137.403	121
C	158.741	-24.847	136.48	121
N	157.791	-25.037	135.57	122
CA	157.445	-24.014	134.588	122
C	156.992	-22.73	135.278	122
N	156.292	-22.877	136.399	123
CA	155.781	-21.714	137.112	123
C	156.773	-21.165	138.141	123
N	158.016	-21.634	138.083	124
CA	159.075	-21.063	138.894	124
C	159.284	-21.709	140.255	124
N	158.591	-22.813	140.512	125
CA	158.783	-23.554	141.755	125
C	159.742	-24.714	141.508	125
N	160.977	-24.385	141.153	126
CA	161.946	-25.398	140.754	126
C	162.364	-26.285	141.922	126
N	162.533	-25.687	143.096	127
CA	162.946	-26.44	144.275	127
C	161.863	-27.434	144.67	127
N	160.619	-26.964	144.673	128
CA	159.473	-27.815	144.965	128
C	159.333	-28.936	143.94	128
N	159.57	-28.618	142.67	129
CA	159.501	-29.626	141.617	129
C	160.46	-30.777	141.907	129
N	161.655	-30.44	142.386	130
CA	162.678	-31.447	142.663	130
C	162.335	-32.263	143.908	130
N	161.814	-31.594	144.935	131
CA	161.373	-32.278	146.151	131
C	160.312	-33.321	145.826	131
N	159.411	-32.958	144.921	132
CA	158.369	-33.861	144.455	132
C	158.961	-35.05	143.683	132
N	159.851	-34.766	142.736	133
CA	160.427	-35.811	141.886	133
C	161.301	-36.796	142.666	133
N	161.934	-36.318	143.728	134
CA	162.828	-37.169	144.504	134
C	162.078	-38.302	145.224	134
N	160.747	-38.275	145.19	135
CA	159.948	-39.386	145.715	135
C	160.143	-40.691	144.929	135
N	160.701	-40.596	143.725	136
CA	161.048	-41.782	142.937	136
C	162.525	-41.73	142.561	136
N	163.16	-42.887	142.426	137
CA	164.578	-42.881	142.102	137
C	164.795	-42.304	140.702	137
N	163.831	-42.522	139.808	138
CA	163.919	-42.048	138.42	138
C	163.422	-40.61	138.263	138
N	162.867	-40.063	139.339	139
CA	162.248	-38.745	139.313	139
C	163.119	-37.588	138.846	139
N	164.272	-37.372	139.501	140
CA	165.132	-36.249	139.111	140
C	165.565	-36.299	137.643	140
N	165.652	-37.5	137.079	141
CA	166.048	-37.654	135.683	141
C	165.045	-37.016	134.718	141
N	163.808	-36.831	135.174	142
CA	162.791	-36.143	134.377	142
C	163.242	-34.738	133.993	142
N	163.816	-34.019	134.952	143
CA	164.344	-32.689	134.677	143
C	165.601	-32.769	133.804	143
N	166.483	-33.718	134.102	144
CA	167.711	-33.893	133.322	144
C	167.444	-34.082	131.827	144
N	166.595	-35.045	131.481	145
CA	166.377	-35.359	130.072	145
C	165.515	-34.295	129.388	145
N	164.828	-33.471	130.174	146
CA	164.017	-32.389	129.614	146
C	164.614	-31.004	129.824	146
N	165.864	-30.95	130.277	147
CA	166.439	-29.71	130.8	147
C	166.377	-28.541	129.818	147
N	166.763	-28.782	128.572	148
CA	166.838	-27.698	127.601	148
C	165.448	-27.205	127.19	148
N	164.468	-28.106	127.167	149
CA	163.084	-27.717	126.895	149
C	162.516	-26.912	128.061	149
N	162.682	-27.448	129.269	150
CA	162.176	-26.808	130.479	150
C	162.738	-25.405	130.671	150
N	164.015	-25.229	130.344	151
CA	164.654	-23.921	130.438	151
C	163.928	-22.906	129.561	151
N	163.554	-23.326	128.358	152
C	161.374	-22.273	127.915	152
CA	162.821	-22.452	127.454	152
N	160.721	-23.367	128.307	153
CA	159.335	-23.291	128.773	153
C	159.192	-22.392	130.003	153
N	160.173	-22.457	130.901	154
CA	160.143	-21.66	132.124	154
C	160.412	-20.188	131.833	154
N	160.889	-19.902	130.627	155
CA	161.137	-18.527	130.211	155
C	160.039	-18.046	129.269	155
N	158.964	-18.823	129.181	156
CA	157.829	-18.477	128.345	156
C	158.082	-18.668	126.859	156
N	158.991	-19.576	126.521	157
CA	159.324	-19.831	125.123	157
C	158.9	-21.241	124.712	157
N	157.884	-21.326	123.857	158
CA	157.308	-22.612	123.465	158
C	157.847	-23.149	122.143	158
N	158.846	-22.474	121.584	159
CA	159.457	-22.917	120.329	159
C	160.034	-24.353	120.318	159
N	160.444	-24.911	121.479	160
CA	160.9	-26.309	121.392	160
C	159.877	-27.338	120.898	160
N	158.582	-27.073	121.055	161
CA	157.567	-28.11	120.845	161
C	157.56	-28.724	119.447	161
N	157.567	-27.888	118.412	162
CA	157.494	-28.402	117.044	162
C	158.704	-29.231	116.661	162
N	159.879	-28.79	117.092	163
CA	161.105	-29.518	116.806	163
C	161.124	-30.839	117.568	163
N	160.661	-30.804	118.813	164
CA	160.667	-31.996	119.652	164
C	159.66	-33.037	119.156	164
N	158.445	-32.6	118.837	165
CA	157.427	-33.509	118.313	165
C	157.679	-33.848	116.844	165
N	158.32	-32.929	116.127	166
CA	158.685	-33.157	114.74	166
C	157.546	-32.892	113.772	166
N	156.569	-32.101	114.209	167
CA	155.433	-31.734	113.368	167
C	155.111	-30.252	113.509	167
N	154.642	-29.647	112.426	168
CA	154.142	-28.285	112.509	168
C	152.746	-28.293	113.119	168
N	151.985	-29.336	112.806	169
CA	150.616	-29.478	113.289	169
C	150.657	-30.198	114.636	169
N	151.038	-29.463	115.675	170
CA	151.148	-30.015	117.024	170
C	149.817	-30.571	117.535	170
N	148.728	-29.838	117.296	171
CA	147.397	-30.244	117.75	171
C	147.06	-31.669	117.314	171
N	147.209	-31.953	116.022	172
CA	146.941	-33.293	115.509	172
C	147.86	-34.343	116.129	172
N	149.12	-33.969	116.319	173
CA	150.107	-34.863	116.888	173
C	149.747	-35.263	118.306	173
N	149.374	-34.282	119.122	174
CA	148.982	-34.553	120.501	174
C	147.725	-35.416	120.567	174
N	146.755	-35.118	119.706	175
CA	145.513	-35.882	119.665	175
C	145.794	-37.347	119.34	175
N	146.744	-37.585	118.444	176
CA	147.07	-38.95	118.046	176
C	147.807	-39.719	119.148	176
N	148.728	-39.056	119.846	177
CA	149.455	-39.706	120.94	177
C	148.499	-40.231	122.003	177
N	147.427	-39.488	122.251	178
CA	146.442	-39.905	123.241	178
C	145.454	-40.912	122.668	178
N	145.143	-40.759	121.382	179
CA	144.272	-41.685	120.661	179
C	144.783	-43.117	120.797	179
N	146.101	-43.271	120.708	180
CA	146.76	-44.564	120.87	180
C	146.412	-45.226	122.204	180
N	146.422	-44.435	123.271	181
CA	146.138	-44.949	124.606	181
C	144.647	-45.174	124.812	181
N	143.842	-44.288	124.24	182
CA	142.391	-44.397	124.315	182
C	141.909	-45.712	123.704	182
N	142.482	-46.064	122.557	183
CA	142.027	-47.214	121.782	183
C	142.803	-48.499	122.066	183
N	143.787	-48.421	122.954	184
CA	144.619	-49.571	123.26	184
C	144.622	-49.937	124.73	184
N	144.726	-51.279	124.698	185
CA	143.29	-51.661	124.701	185
C	142.942	-51.574	126.177	185
N	121.111	-17.968	135.54	1
CA	121.096	-16.654	134.906	1
C	121.189	-15.547	135.945	1
N	122.246	-14.749	135.852	2
CA	122.482	-13.664	136.794	2
C	121.308	-12.684	136.802	2
N	120.879	-12.264	138.003	3
CA	119.889	-11.189	138.074	3
C	120.494	-9.889	137.572	3
N	119.648	-8.931	137.22	4
CA	120.126	-7.628	136.788	4
C	120.647	-6.842	137.992	4
N	121.901	-6.411	137.912	5
CA	122.517	-5.64	138.986	5
C	122.686	-4.186	138.556	5
N	122.248	-3.269	139.413	6
CA	122.325	-1.843	139.129	6
C	123.135	-1.139	140.21	6
N	124.041	-0.261	139.795	7
CA	124.921	0.421	140.735	7
C	124.922	1.93	140.529	7
N	124.66	2.669	141.601	8
CA	124.925	4.095	141.593	8
C	126.268	4.325	142.262	8
N	127.186	4.94	141.529	9
CA	128.521	5.166	142.052	9
C	128.751	6.636	142.377	9
N	129.193	6.898	143.603	10
CA	129.717	8.211	143.965	10
C	131.181	8.271	143.528	10
N	131.479	9.03	142.456	11
CA	132.803	8.975	141.826	11
C	133.871	9.756	142.591	11
N	134.088	9.404	143.851	12
CA	135.181	9.999	144.6	12
C	136.157	8.909	145.007	12
N	136.849	8.355	144.012	13
CA	137.876	7.331	144.189	13
C	138.597	7.113	142.869	13
N	139.812	6.583	142.923	14
CA	140.507	6.193	141.705	14
C	139.705	5.084	141.031	14
N	139.115	5.381	139.86	15
CA	138.236	4.437	139.159	15
C	138.93	3.115	138.844	15
N	140.248	3.163	138.678	16
CA	141.023	1.986	138.307	16
C	141.194	1.003	139.465	16
N	140.941	1.464	140.686	17
CA	141.092	0.616	141.867	17
C	139.737	0.216	142.444	17
N	138.677	0.767	141.867	18
CA	137.319	0.514	142.329	18
C	136.753	-0.781	141.737	18
N	136.168	-1.634	142.579	19
CA	135.725	-2.948	142.109	19
C	134.395	-2.871	141.363	19
N	133.618	-1.823	141.617	20
CA	132.346	-1.646	140.922	20
C	132.581	-1.3	139.453	20
N	133.58	-0.46	139.197	21
CA	133.951	-0.102	137.832	21
C	134.3	-1.353	137.02	21
N	134.981	-2.297	137.66	22
CA	135.377	-3.533	136.993	22
C	134.178	-4.441	136.709	22
N	133.258	-4.54	137.668	23
CA	131.978	-5.223	137.451	23
C	131.253	-4.707	136.215	23
N	131.179	-3.385	136.104	24
CA	130.477	-2.738	135.009	24
C	131.213	-2.967	133.692	24
N	132.539	-2.899	133.747	25
CA	133.37	-3.071	132.561	25
C	133.145	-4.434	131.912	25
N	132.906	-5.454	132.732	26
CA	132.687	-6.805	132.217	26
C	131.203	-7.155	132.079	26
N	130.33	-6.183	132.319	27
CA	128.91	-6.365	132.074	27
C	128.118	-7.16	133.101	27
N	128.67	-7.336	134.3	28
CA	127.932	-7.98	135.388	28
C	126.916	-7.027	136.002	28
N	127.144	-5.734	135.81	29
CA	126.273	-4.717	136.376	29
C	126.231	-3.498	135.475	29
N	125.243	-2.649	135.718	30
CA	125.048	-1.437	134.944	30
C	125.086	-0.218	135.864	30
N	125.853	0.804	135.491	31
CA	125.824	2.062	136.236	31
C	124.565	2.853	135.907	31
N	124.043	3.565	136.901	32
CA	122.93	4.486	136.692	32
C	123.369	5.877	137.144	32
N	122.673	6.912	136.684	33
CA	123.16	8.275	136.88	33
C	122.702	8.895	138.195	33
N	121.816	8.202	138.903	34
CA	121.312	8.698	140.179	34
C	120.692	7.583	141.011	34
N	120.479	7.854	142.296	35
CA	119.821	6.898	143.176	35
C	118.373	6.69	142.726	35
N	117.761	7.752	142.213	36
CA	116.397	7.683	141.7	36
C	116.283	6.729	140.509	36
N	117.388	6.544	139.793	37
CA	117.397	5.704	138.6	37
C	117.524	4.217	138.945	37
N	117.914	3.919	140.18	38
CA	117.934	2.534	140.646	38
C	116.498	2.012	140.633	38
N	116.307	0.726	140.305	39
CA	114.935	0.218	140.16	39
C	114.166	0.143	141.479	39
N	112.969	0.719	141.507	40
CA	112.117	0.645	142.691	40
C	111.675	-0.792	142.94	40
N	111.59	-1.175	144.208	41
CA	111.131	-2.505	144.553	41
C	112.221	-3.552	144.436	41
N	113.425	-3.125	144.069	42
CA	114.559	-4.039	144.008	42
C	115.117	-4.275	145.405	42
N	115.897	-5.338	145.553	43
CA	116.752	-5.485	146.719	43
C	117.849	-4.436	146.627	43
N	118.051	-3.655	147.684	44
CA	119.251	-2.834	147.733	44
C	120.117	-3.291	148.9	44
N	121.376	-3.577	148.601	45
CA	122.319	-3.884	149.659	45
C	122.532	-2.61	150.454	45
N	122.542	-2.745	151.771	46
CA	122.653	-1.595	152.652	46
C	123.265	-2.067	153.954	46
N	124.55	-1.748	154.172	47
CA	125.245	-2.196	155.382	47
C	124.77	-1.494	156.652	47
N	123.942	-0.458	156.534	48
CA	123.495	0.29	157.708	48
C	122.2	-0.232	158.329	48
N	121.498	-1.123	157.634	49
CA	120.275	-1.7	158.198	49
C	120.603	-3.008	158.918	49
N	119.649	-3.53	159.683	50
CA	119.906	-4.713	160.501	50
C	119.293	-5.981	159.906	50
N	118.525	-5.824	158.831	51
CA	117.829	-6.952	158.222	51
C	118.722	-7.68	157.221	51
N	119.105	-8.927	157.535	52
CA	120.02	-9.654	156.652	52
C	119.334	-10.247	155.427	52
N	120.048	-10.219	154.307	53
CA	119.637	-10.899	153.086	53
C	119.469	-12.395	153.332	53
N	118.411	-12.979	152.775	54
CA	118.151	-14.414	152.905	54
C	117.905	-15.022	151.519	54
N	118.019	-16.357	151.391	55
CA	117.817	-16.993	150.083	55
C	116.484	-16.643	149.42	55
N	115.433	-16.465	150.215	56
CA	114.111	-16.195	149.66	56
C	114.023	-14.816	149.0	56
N	115.022	-13.964	149.223	57
CA	115.094	-12.677	148.522	57
C	115.389	-12.853	147.026	57
N	115.789	-14.061	146.633	58
CA	115.997	-14.395	145.218	58
C	114.83	-13.973	144.318	58
N	113.607	-14.203	144.784	59
CA	112.424	-13.946	143.968	59
C	112.321	-12.465	143.591	59
N	112.692	-11.59	144.523	60
CA	112.692	-10.149	144.285	60
C	113.83	-9.73	143.354	60
N	115.017	-10.289	143.58	61
CA	116.174	-10.026	142.724	61
C	115.908	-10.415	141.271	61
N	115.207	-11.526	141.077	62
CA	114.844	-11.983	139.738	62
C	113.851	-11.059	139.042	62
N	112.886	-10.551	139.8	63
CA	111.767	-9.818	139.213	63
C	111.976	-8.302	139.166	63
N	112.711	-7.758	140.133	64
CA	112.942	-6.314	140.189	64
C	114.418	-5.965	140.007	64
N	115.302	-6.867	140.419	65
CA	116.732	-6.642	140.281	65
C	117.447	-6.448	141.607	65
N	118.753	-6.211	141.53	66
CA	119.59	-5.996	142.707	66
C	120.32	-4.662	142.583	66
N	120.15	-3.796	143.576	67
CA	120.75	-2.467	143.54	67
C	121.846	-2.308	144.586	67
N	122.822	-1.46	144.281	68
CA	123.865	-1.101	145.234	68
C	124.29	0.346	145.051	68
N	124.754	0.949	146.136	69
CA	125.436	2.227	146.065	69
C	126.921	1.994	146.3	69
N	127.743	2.392	145.337	70
CA	129.186	2.305	145.502	70
C	129.733	3.661	145.941	70
N	130.34	3.694	147.122	71
CA	130.927	4.919	147.654	71
C	132.092	4.539	148.552	71
N	132.755	5.506	149.17	72
CA	133.799	5.159	150.127	72
C	133.146	4.672	151.412	72
N	133.837	3.817	152.159	73
CA	133.305	3.367	153.442	73
C	133.226	4.519	154.44	73
N	134.06	5.535	154.241	74
CA	134.045	6.708	155.11	74
C	132.734	7.482	154.966	74
N	132.117	7.397	153.791	75
CA	130.859	8.093	153.533	75
C	129.634	7.177	153.556	75
N	129.862	5.87	153.669	76
CA	128.802	4.878	153.472	76
C	127.598	5.066	154.392	76
N	127.846	5.311	155.675	77
CA	126.749	5.457	156.623	77
C	125.912	6.684	156.272	77
N	126.575	7.815	156.065	78
CA	125.886	9.055	155.726	78
C	125.032	8.917	154.458	78
N	125.595	8.298	153.427	79
CA	124.898	8.166	152.147	79
C	123.665	7.264	152.245	79
N	123.828	6.091	152.849	80
CA	122.729	5.136	152.933	80
C	121.613	5.607	153.864	80
N	121.971	6.289	154.946	81
CA	120.967	6.683	155.927	81
C	120.124	7.855	155.436	81
N	120.698	8.683	154.571	82
CA	120.031	9.916	154.173	82
C	119.335	9.862	152.812	82
N	119.718	8.929	151.946	83
CA	119.257	9.015	150.56	83
C	118.45	7.829	150.022	83
N	118.179	6.82	150.844	84
CA	117.303	5.739	150.386	84
C	116.198	5.419	151.397	84
N	114.989	5.894	151.105	85
CA	113.836	5.662	151.969	85
C	112.654	5.088	151.195	85
N	112.13	3.963	151.672	86
CA	110.892	3.406	151.153	86
C	110.963	2.742	149.787	86
N	111.793	3.291	148.907	87
CA	111.866	2.874	147.506	87
C	112.339	1.428	147.306	87
N	113.132	0.922	148.247	88
CA	113.775	-0.376	148.079	88
C	113.432	-1.383	149.171	88
N	113.841	-2.626	148.939	89
CA	113.899	-3.638	149.98	89
C	115.335	-3.686	150.495	89
N	115.563	-3.029	151.628	90
CA	116.911	-2.807	152.146	90
C	117.394	-3.989	152.971	90
N	118.537	-4.548	152.586	91
CA	119.093	-5.708	153.277	91
C	120.6	-5.577	153.48	91
N	121.07	-5.856	154.693	92
CA	122.505	-5.984	154.909	92
C	122.902	-7.391	154.517	92
N	124.192	-7.61	154.308	93
CA	124.659	-8.967	154.117	93
C	124.844	-9.609	155.475	93
N	124.583	-10.919	155.564	94
CA	124.979	-11.637	156.774	94
C	126.492	-11.56	156.933	94
N	126.969	-11.79	158.149	95
CA	128.36	-11.535	158.494	95
C	129.34	-12.419	157.725	95
N	130.254	-11.776	157.005	96
CA	131.248	-12.472	156.2	96
C	132.619	-11.841	156.388	96
N	133.654	-12.595	156.045	97
CA	135.027	-12.141	156.196	97
C	135.568	-11.667	154.847	97
N	136.14	-10.468	154.817	98
CA	136.686	-9.914	153.579	98
C	137.926	-10.683	153.135	98
N	138.081	-10.849	151.825	99
CA	139.236	-11.545	151.272	99
C	140.123	-10.617	150.45	99
N	139.674	-9.382	150.24	100
CA	140.435	-8.43	149.434	100
C	141.709	-8.015	150.176	100
N	142.751	-7.594	149.438	101
CA	144.053	-7.279	150.044	101
C	144.016	-6.166	151.09	101
N	143.08	-5.233	150.966	102
CA	143.003	-4.105	151.89	102
C	142.518	-4.513	153.278	102
N	141.438	-5.285	153.329	103
CA	140.815	-5.624	154.603	103
C	140.794	-7.12	154.885	103
N	141.75	-7.856	154.319	104
CA	141.776	-9.313	154.451	104
C	141.603	-9.769	155.897	104
N	140.683	-10.702	156.11	105
CA	140.504	-11.296	157.42	105
C	139.552	-10.556	158.341	105
N	139.083	-9.385	157.92	106
CA	138.233	-8.567	158.785	106
C	136.751	-8.71	158.431	106
N	135.881	-8.725	159.456	107
CA	134.447	-8.978	159.281	107
C	133.641	-7.817	158.693	107
N	132.641	-8.169	157.884	108
CA	131.529	-7.296	157.482	108
C	131.847	-6.252	156.418	108
N	133.005	-5.612	156.524	109
CA	133.36	-4.533	155.607	109
C	133.891	-5.105	154.295	109
N	132.999	-5.294	153.323	110
CA	133.356	-5.955	152.074	110
C	133.535	-4.968	150.923	110
N	134.319	-5.355	149.921	111
CA	134.364	-4.592	148.677	111
C	133.02	-4.726	147.971	111
N	132.746	-3.827	147.035	112
CA	131.494	-3.884	146.295	112
C	131.375	-5.221	145.554	112
N	132.47	-5.697	144.963	113
CA	132.395	-6.935	144.186	113
C	132.182	-8.155	145.094	113
N	132.772	-8.139	146.286	114
CA	132.561	-9.224	147.243	114
C	131.113	-9.244	147.71	114
N	130.55	-8.06	147.904	115
CA	129.167	-7.955	148.34	115
C	128.202	-8.474	147.284	115
N	128.446	-8.11	146.031	116
CA	127.628	-8.6	144.931	116
C	127.7	-10.127	144.878	116
N	128.91	-10.668	144.971	117
CA	129.093	-12.115	144.903	117
C	128.437	-12.829	146.085	117
N	128.579	-12.261	147.28	118
CA	127.933	-12.825	148.464	118
C	126.409	-12.859	148.303	118
N	125.843	-11.758	147.816	119
CA	124.403	-11.672	147.606	119
C	123.943	-12.73	146.606	119
N	124.659	-12.83	145.491	120
CA	124.382	-13.846	144.477	120
C	124.413	-15.258	145.061	120
N	125.482	-15.564	145.785	121
CA	125.659	-16.883	146.388	121
C	124.484	-17.232	147.302	121
N	124.183	-16.326	148.224	122
CA	123.118	-16.528	149.204	122
C	121.775	-16.772	148.518	122
N	121.55	-16.102	147.391	123
CA	120.285	-16.239	146.682	123
C	120.303	-17.368	145.646	123
N	121.324	-18.219	145.703	124
CA	121.344	-19.418	144.883	124
C	122.054	-19.287	143.548	124
N	122.626	-18.118	143.28	125
CA	123.372	-17.912	142.044	125
C	124.859	-18.168	142.281	125
N	125.189	-19.396	142.666	126
CA	126.561	-19.746	143.028	126
C	127.535	-19.65	141.855	126
N	127.12	-20.117	140.683	127
CA	127.994	-20.087	139.512	127
C	128.311	-18.649	139.115	127
N	127.283	-17.807	139.113	128
CA	127.443	-16.391	138.817	128
C	128.334	-15.704	139.847	128
N	128.169	-16.065	141.115	129
CA	129.004	-15.498	142.17	129
C	130.481	-15.763	141.885	129
N	130.785	-16.965	141.404	130
CA	132.168	-17.342	141.124	130
C	132.695	-16.632	139.878	130
N	131.849	-16.518	138.859	131
CA	132.218	-15.807	137.635	131
C	132.591	-14.365	137.951	131
N	131.839	-13.769	138.867	132
CA	132.101	-12.414	139.329	132
C	133.426	-12.331	140.104	132
N	133.62	-13.237	141.058	133
CA	134.813	-13.211	141.903	133
C	136.099	-13.477	141.121	133
N	135.994	-14.247	140.047	134
CA	137.178	-14.595	139.274	134
C	137.786	-13.378	138.56	134
N	137.093	-12.24	138.592	135
CA	137.651	-10.995	138.057	135
C	138.88	-10.514	138.839	135
N	139.082	-11.051	140.042	136
CA	140.285	-10.767	140.829	136
C	140.98	-12.069	141.212	136
N	142.3	-12.036	141.349	137
CA	143.013	-13.261	141.681	137
C	142.623	-13.74	143.081	137
N	142.337	-12.796	143.977	138
CA	141.965	-13.11	145.361	138
C	140.467	-13.4	145.512	138
N	139.715	-13.177	144.441	139
CA	138.266	-13.309	144.469	139
C	137.711	-14.643	144.947	139
N	138.104	-15.748	144.293	140
CA	137.555	-17.053	144.68	140
C	137.817	-17.406	146.144	140
N	138.9	-16.881	146.71	141
CA	139.235	-17.15	148.105	141
C	138.185	-16.596	149.074	141
N	137.402	-15.621	148.617	142
CA	136.302	-15.078	149.413	142
C	135.304	-16.168	149.78	142
N	134.996	-17.04	148.824	143
CA	134.104	-18.159	149.101	143
C	134.796	-19.212	149.971	143
N	136.068	-19.487	149.692	144
CA	136.827	-20.468	150.472	144
C	136.855	-20.136	151.964	144
N	137.246	-18.912	152.306	145
CA	137.408	-18.566	153.714	145
C	136.054	-18.365	154.393	145
N	134.995	-18.211	153.601	146
CA	133.65	-18.056	154.162	146
C	132.738	-19.262	153.945	146
N	133.3	-20.371	153.473	147
CA	132.49	-21.483	152.971	147
C	131.495	-22.028	153.995	147
N	131.95	-22.232	155.224	148
CA	131.087	-22.789	156.258	148
C	129.944	-21.845	156.628	148
N	130.209	-20.541	156.61	149
CA	129.178	-19.552	156.906	149
C	128.197	-19.452	155.743	149
N	128.739	-19.356	154.532	150
CA	127.927	-19.236	153.325	150
C	126.99	-20.423	153.135	150
N	127.464	-21.622	153.466	151
CA	126.641	-22.824	153.369	151
C	125.399	-22.715	154.254	151
N	125.571	-22.162	155.45	152
CA	124.443	-21.934	156.343	152
C	123.562	-20.789	155.849	152
N	124.183	-19.674	155.468	153
CA	123.436	-18.508	154.996	153
C	122.601	-18.839	153.759	153
N	123.158	-19.667	152.881	154
CA	122.472	-20.061	151.654	154
C	121.325	-21.02	151.955	154
N	121.328	-21.578	153.162	155
CA	120.281	-22.499	153.586	155
C	119.286	-21.809	154.512	155
N	119.405	-20.489	154.619	156
CA	118.501	-19.694	155.43	156
C	118.822	-19.709	156.916	156
N	120.03	-20.142	157.261	157
CA	120.432	-20.264	158.66	157
C	121.439	-19.182	159.064	157
N	121.007	-18.265	159.925	158
CA	121.835	-17.125	160.32	158
C	122.581	-17.323	161.635	158
N	122.502	-18.525	162.199	159
CA	123.18	-18.814	163.465	159
C	124.709	-18.581	163.485	159
N	125.407	-18.678	162.332	160
CA	126.846	-18.385	162.438	160
C	127.231	-16.97	162.887	160
N	126.344	-15.988	162.74	161
CA	126.728	-14.588	162.938	161
C	127.255	-14.266	164.333	161
N	126.532	-14.697	165.362	162
CA	126.889	-14.325	166.726	162
C	128.231	-14.912	167.162	162
N	128.513	-16.153	166.775	163
CA	129.782	-16.77	167.153	163
C	130.93	-16.21	166.312	163
N	130.634	-15.837	165.07	164
CA	131.658	-15.293	164.191	164
C	132.051	-13.891	164.652	164
N	131.06	-13.065	164.97	165
CA	131.329	-11.724	165.484	165
C	131.735	-11.77	166.96	165
N	131.285	-12.805	167.661	166
CA	131.654	-13.008	169.051	166
C	130.861	-12.149	170.019	166
N	129.693	-11.688	169.579	167
CA	128.803	-10.887	170.415	167
C	127.36	-11.366	170.283	167
N	126.601	-11.29	171.37	168
CA	125.167	-11.528	171.273	168
C	124.482	-10.313	170.654	168
N	124.989	-9.131	170.985	169
CA	124.429	-7.876	170.499	169
C	125.072	-7.559	169.151	169
N	124.606	-8.242	168.11	170
CA	125.147	-8.067	166.762	170
C	124.972	-6.634	166.252	170
N	123.795	-6.05	166.478	171
CA	123.495	-4.693	166.015	171
C	124.558	-3.683	166.454	171
N	124.889	-3.689	167.743	172
CA	125.897	-2.772	168.264	172
C	127.267	-3.048	167.652	172
N	127.568	-4.327	167.462	173
CA	128.836	-4.738	166.892	173
C	129.008	-4.218	165.477	173
N	127.979	-4.39	164.655	174
CA	128.028	-3.911	163.278	174
C	128.15	-2.391	163.219	174
N	127.391	-1.701	164.067	175
CA	127.423	-0.243	164.109	175
C	128.825	0.262	164.444	175
N	129.517	-0.454	165.323	176
CA	130.858	-0.051	165.725	176
C	131.898	-0.298	164.627	176
N	131.791	-1.431	163.935	177
CA	132.719	-1.741	162.843	177
C	132.708	-0.649	161.782	177
N	131.527	-0.103	161.513	178
CA	131.4	0.955	160.518	178
C	131.777	2.324	161.072	178
N	131.491	2.542	162.353	179
CA	131.83	3.796	163.02	179
C	133.332	4.044	162.956	179
N	134.106	2.965	163.044	180
CA	135.557	3.033	162.902	180
C	135.948	3.665	161.568	180
N	135.271	3.247	160.505	181
CA	135.566	3.745	159.167	181
C	135.007	5.144	158.951	181
N	133.85	5.407	159.547	182
CA	133.218	6.718	159.469	182
C	134.115	7.796	160.075	182
N	134.714	7.483	161.219	183
CA	135.505	8.456	161.966	183
C	137.007	8.36	161.697	183
N	137.395	7.485	160.775	184
CA	138.801	7.284	160.471	184
C	139.175	7.72	159.068	184
N	140.445	7.473	158.588	185
CA	141.248	8.685	158.087	185
C	142.558	7.813	157.744	185
