ATOM	X	Y	Z	RESIDUE
N	10.577	47.363	-6.557	1
CA	10.202	48.198	-7.705	1
C	10.683	49.56	-7.244	1
N	11.916	49.194	-6.948	2
CA	12.121	48.332	-5.772	2
C	11.67	48.794	-4.338	2
N	12.069	48.297	-3.022	3
CA	13.062	48.578	-1.738	3
C	13.373	48.022	-0.193	3
N	13.028	46.96	0.686	4
CA	13.513	46.429	2.164	4
C	13.387	46.673	3.942	4
N	14.272	46.807	5.236	5
CA	14.937	45.511	5.568	5
C	15.851	45.672	6.786	5
N	15.324	45.313	7.959	6
CA	15.991	45.534	9.261	6
C	17.28	44.73	9.446	6
N	18.181	45.268	10.264	7
CA	19.413	44.581	10.626	7
C	19.963	45.16	11.912	7
N	21.288	45.135	12.032	8
CA	21.971	45.688	13.203	8
C	22.98	46.79	12.856	8
N	23.081	47.151	11.577	9
CA	23.988	48.244	11.184	9
C	23.357	49.606	11.505	9
N	24.107	50.69	11.309	10
CA	23.602	52.022	11.688	10
C	22.322	52.438	10.937	10
N	22.197	52.023	9.681	11
CA	21.069	52.442	8.858	11
C	19.769	51.682	9.145	11
N	19.879	50.389	9.444	12
CA	18.697	49.516	9.596	12
C	18.532	48.91	11.005	12
N	19.327	49.4	11.961	13
CA	19.465	48.786	13.29	13
C	18.44	49.174	14.343	13
N	18.652	48.734	15.605	14
CA	17.695	48.931	16.699	14
C	17.095	50.329	16.853	14
N	17.867	51.374	16.56	15
CA	17.344	52.748	16.639	15
C	16.392	53.127	15.495	15
N	16.494	52.41	14.375	16
CA	15.647	52.585	13.177	16
C	14.401	51.652	13.131	16
N	14.386	50.583	13.938	17
CA	13.271	49.612	13.916	17
C	11.861	50.194	14.098	17
N	11.735	51.215	14.953	18
CA	10.418	51.812	15.277	18
C	9.647	52.359	14.054	18
N	10.369	52.642	12.973	19
CA	9.793	53.234	11.753	19
C	8.797	52.307	11.047	19
N	9.186	51.036	10.864	20
CA	8.273	50.014	10.323	20
C	7.609	49.189	11.416	20
N	8.222	49.174	12.611	21
CA	7.694	48.427	13.763	21
C	7.484	49.308	14.996	21
N	6.364	50.061	15.025	22
CA	6.134	51.025	16.129	22
C	6.051	50.404	17.519	22
N	5.828	49.084	17.585	23
CA	5.786	48.362	18.855	23
C	7.162	48.429	19.543	23
N	8.196	48.823	18.794	24
CA	9.575	48.975	19.331	24
C	9.589	49.919	20.517	24
N	8.652	50.872	20.511	25
CA	8.51	51.864	21.59	25
C	7.387	51.522	22.574	25
N	7.013	50.241	22.642	26
CA	5.886	49.787	23.445	26
C	6.174	49.625	24.919	26
N	5.218	49.054	25.632	27
CA	5.304	48.923	27.088	27
C	5.821	47.595	27.617	27
N	5.971	46.597	26.734	28
CA	6.493	45.291	27.15	28
C	7.657	44.849	26.264	28
N	8.586	45.761	26.009	29
CA	9.763	45.499	25.153	29
C	10.941	44.88	25.912	29
N	11.739	44.116	25.177	30
CA	12.861	43.356	25.724	30
C	14.094	43.609	24.842	30
N	15.319	43.45	25.359	31
CA	15.655	43.053	26.73	31
C	15.553	44.223	27.73	31
N	15.76	43.904	29.011	32
CA	15.744	44.902	30.098	32
C	16.989	44.72	30.949	32
N	17.28	45.767	31.727	33
CA	18.224	45.679	32.825	33
C	17.492	45.22	34.076	33
N	17.969	44.144	34.676	34
CA	17.362	43.579	35.85	34
C	18.096	44.247	37.02	34
N	17.365	45.089	37.756	35
CA	17.901	45.724	38.975	35
C	17.489	44.875	40.18	35
N	18.465	44.271	40.865	36
CA	18.179	43.235	41.864	36
C	17.537	43.781	43.141	36
N	17.778	45.062	43.408	37
CA	17.156	45.748	44.551	37
C	15.658	45.979	44.327	37
N	15.214	45.884	43.069	38
CA	13.82	46.169	42.678	38
C	12.991	44.928	42.264	38
N	13.626	43.763	42.249	39
CA	12.924	42.522	41.974	39
C	12.041	42.174	43.169	39
N	10.957	41.458	42.905	40
CA	10.096	40.964	43.969	40
C	10.138	39.442	44.008	40
N	10.626	38.872	45.114	41
CA	10.58	37.409	45.306	41
C	9.131	36.934	45.325	41
N	8.853	35.864	44.582	42
CA	7.508	35.314	44.482	42
C	7.498	33.831	44.848	42
N	6.927	33.531	46.017	43
CA	6.825	32.144	46.507	43
C	5.92	31.223	45.678	43
N	5.043	31.804	44.855	44
CA	4.178	31.006	43.97	44
C	4.891	30.443	42.717	44
N	6.085	30.961	42.414	45
CA	6.911	30.461	41.299	45
C	7.439	29.062	41.599	45
N	7.104	28.105	40.732	46
CA	7.606	26.74	40.835	46
C	9.015	26.638	40.204	46
N	9.768	25.559	40.499	47
CA	11.059	25.425	39.811	47
C	10.836	25.206	38.312	47
N	11.827	25.591	37.518	48
CA	11.819	25.307	36.076	48
C	12.084	23.834	35.83	48
N	11.259	23.248	34.973	49
CA	11.396	21.872	34.564	49
C	11.603	21.8	33.046	49
N	12.774	21.329	32.616	50
CA	12.993	21.076	31.17	50
C	13.191	19.599	30.92	50
N	12.572	19.122	29.845	51
CA	12.744	17.742	29.422	51
C	12.75	17.735	27.905	51
N	13.954	17.691	27.352	52
CA	14.156	17.726	25.913	52
C	14.72	16.413	25.395	52
N	14.205	16.009	24.245	53
CA	14.571	14.776	23.592	53
C	15.582	15.117	22.487	53
N	16.833	14.589	22.561	54
CA	17.824	14.967	21.552	54
C	17.412	14.602	20.111	54
N	16.501	13.639	19.961	55
CA	15.986	13.281	18.62	55
C	15.198	14.375	17.918	55
N	14.781	15.396	18.664	56
CA	14.026	16.518	18.061	56
C	14.94	17.549	17.395	56
N	16.255	17.496	17.624	57
CA	17.162	18.414	16.915	57
C	17.093	18.165	15.408	57
N	16.95	19.223	14.619	58
CA	16.715	19.092	13.158	58
C	17.789	19.709	12.249	58
N	18.055	20.997	12.428	59
CA	18.735	21.761	11.415	59
C	19.401	22.983	12.027	59
N	20.506	23.374	11.415	60
CA	21.186	24.619	11.732	60
C	21.203	25.471	10.472	60
N	20.901	26.753	10.619	61
CA	20.771	27.636	9.439	61
C	21.356	29.026	9.697	61
N	22.061	29.55	8.695	62
CA	22.557	30.916	8.718	62
C	21.481	31.834	8.192	62
N	20.975	32.706	9.069	63
CA	19.866	33.602	8.672	63
C	20.321	35.046	8.411	63
N	21.634	35.241	8.222	64
CA	22.151	36.53	7.777	64
C	22.564	37.383	8.962	64
N	21.65	37.602	9.901	65
CA	21.945	38.375	11.116	65
C	22.363	37.484	12.294	65
N	22.147	36.17	12.163	66
CA	22.397	35.232	13.25	66
C	22.411	33.837	12.662	66
N	22.429	32.828	13.528	67
CA	22.165	31.447	13.109	67
C	21.204	30.818	14.093	67
N	20.409	29.863	13.609	68
CA	19.375	29.217	14.409	68
C	19.583	27.716	14.416	68
N	19.347	27.094	15.566	69
CA	19.295	25.644	15.662	69
C	17.839	25.277	15.929	69
N	17.241	24.621	14.939	70
CA	15.796	24.337	14.96	70
C	15.477	22.918	15.361	70
N	14.316	22.753	15.992	71
CA	13.85	21.475	16.498	71
C	12.503	21.124	15.897	71
N	12.305	19.825	15.662	72
CA	10.981	19.285	15.311	72
C	10.027	19.594	16.448	72
N	8.874	20.191	16.124	73
CA	7.912	20.599	17.159	73
C	6.471	20.148	16.846	73
N	6.368	18.963	16.268	74
CA	5.067	18.379	15.932	74
C	4.383	17.715	17.137	74
N	5.127	17.478	18.224	75
CA	4.582	16.859	19.447	75
C	5.315	17.33	20.699	75
N	5.01	16.733	21.845	76
CA	5.574	17.172	23.132	76
C	6.778	16.392	23.604	76
N	7.611	15.941	22.662	77
CA	8.848	15.262	23.027	77
C	9.805	16.169	23.826	77
N	9.777	17.473	23.547	78
CA	10.694	18.437	24.189	78
C	9.914	19.599	24.721	78
N	9.843	19.686	26.059	79
CA	8.964	20.652	26.721	79
C	9.608	21.371	27.917	79
N	9.126	22.588	28.143	80
CA	9.392	23.394	29.328	80
C	8.103	23.476	30.159	80
N	8.254	23.288	31.47	81
CA	7.13	23.3	32.427	81
C	7.594	24.007	33.699	81
N	6.642	24.368	34.562	82
CA	6.98	24.963	35.852	82
C	7.179	26.46	35.817	82
N	8.014	26.959	36.725	83
CA	8.176	28.399	36.876	83
C	6.838	29.114	37.034	83
N	6.589	30.149	36.204	84
CA	5.333	30.896	36.243	84
C	4.198	30.277	35.42	84
N	4.433	29.111	34.819	85
CA	3.539	28.535	33.805	85
C	2.586	27.469	34.346	85
N	1.348	27.5	33.851	86
CA	0.374	26.435	34.106	86
C	0.361	25.448	32.945	86
N	0.784	25.948	31.784	87
CA	0.782	25.221	30.514	87
C	2.185	24.684	30.22	87
N	2.243	23.617	29.429	88
CA	3.481	23.092	28.869	88
C	3.849	23.932	27.645	88
N	5.144	24.247	27.49	89
CA	5.62	24.978	26.305	89
C	6.596	24.105	25.545	89
N	6.442	24.109	24.225	90
CA	7.127	23.182	23.345	90
C	8.389	23.849	22.764	90
N	9.536	23.2	22.929	91
CA	10.812	23.684	22.355	91
C	10.722	23.825	20.842	91
N	11.178	24.948	20.291	92
CA	11.331	24.985	18.823	92
C	12.692	25.384	18.307	92
N	13.477	26.094	19.126	93
CA	14.741	26.655	18.642	93
C	15.634	27.105	19.782	93
N	16.949	27.089	19.549	94
CA	17.827	27.958	20.336	94
C	18.722	28.745	19.405	94
N	19.168	29.908	19.907	95
CA	20.105	30.769	19.179	95
C	20.818	31.643	20.181	95
N	21.741	32.452	19.665	96
CA	22.57	33.29	20.501	96
C	22.528	34.714	20.014	96
N	22.934	35.602	20.932	97
CA	23.28	36.965	20.577	97
C	24.673	37.241	21.108	97
N	25.399	38.076	20.376	98
CA	26.77	38.464	20.775	98
C	27.062	39.882	20.312	98
N	28.207	40.406	20.765	99
CA	28.591	41.79	20.461	99
C	29.897	41.848	19.699	99
N	30.296	43.068	19.323	100
CA	31.522	43.267	18.52	100
C	32.819	43.022	19.31	100
N	32.756	43.182	20.631	101
CA	33.884	42.822	21.505	101
C	33.353	42.157	22.763	101
N	34.275	41.601	23.559	102
CA	33.924	40.848	24.771	102
C	33.155	41.693	25.78	102
N	33.33	43.01	25.724	103
CA	32.756	43.912	26.731	103
C	31.223	44.009	26.718	103
N	30.568	43.594	25.629	104
CA	29.125	43.871	25.487	104
C	28.421	43.069	24.371	104
N	27.764	41.994	24.728	105
CA	27.193	41.126	23.711	105
C	25.888	40.545	24.167	105
N	25.676	40.525	25.489	106
CA	24.39	40.034	25.989	106
C	23.298	41.044	25.656	106
N	22.074	40.559	25.718	107
CA	20.915	41.412	25.554	107
C	20.418	41.894	26.907	107
N	20.03	40.968	27.786	108
CA	19.712	41.358	29.167	108
C	20.998	41.769	29.884	108
N	20.817	42.626	30.886	109
CA	21.933	43.038	31.755	109
C	21.447	42.863	33.196	109
N	22.38	42.762	34.139	110
CA	22.01	42.597	35.546	110
C	22.765	43.644	36.363	110
N	21.992	44.511	37.022	111
CA	22.544	45.674	37.748	111
C	23.532	46.481	36.886	111
N	23.18	46.688	35.607	112
CA	24.011	47.416	34.654	112
C	25.182	46.669	34.018	112
N	25.419	45.423	34.439	113
CA	26.558	44.666	33.965	113
C	26.171	43.951	32.653	113
N	26.979	44.207	31.634	114
CA	26.857	43.606	30.285	114
C	27.734	42.367	30.231	114
N	27.165	41.254	29.761	115
CA	27.922	40.019	29.553	115
C	28.322	39.9	28.082	115
N	29.061	38.849	27.726	116
CA	29.682	38.759	26.399	116
C	28.765	38.187	25.33	116
N	27.773	37.413	25.752	117
CA	26.797	36.855	24.811	117
C	25.607	36.364	25.627	117
N	24.579	35.864	24.92	118
CA	23.366	35.387	25.547	118
C	22.774	34.267	24.716	118
N	22.359	33.228	25.43	119
CA	21.704	32.055	24.837	119
C	20.207	32.245	25.046	119
N	19.454	32.043	23.958	120
CA	17.967	32.014	24.0	120
C	17.454	30.65	23.608	120
N	16.695	30.016	24.51	121
CA	16.031	28.725	24.24	121
C	14.521	29.045	24.161	121
N	13.944	28.916	22.963	122
CA	12.597	29.415	22.688	122
C	11.574	28.279	22.569	122
N	10.376	28.557	23.09	123
CA	9.281	27.593	23.212	123
C	7.957	28.294	22.913	123
N	6.942	27.523	22.489	124
CA	5.606	28.067	22.229	124
C	4.521	27.261	22.95	124
N	3.424	27.953	23.255	125
CA	2.373	27.397	24.107	125
C	1.46	26.459	23.327	125
N	1.798	25.173	23.357	126
CA	1.09	24.146	22.581	126
C	-0.136	23.623	23.328	126
N	-0.26	24.004	24.599	127
CA	-1.507	23.72	25.353	127
C	-2.686	24.564	24.852	127
N	-2.433	25.833	24.525	128
CA	-3.459	26.791	24.104	128
C	-3.57	26.987	22.59	128
N	-2.453	26.864	21.883	129
CA	-2.395	27.175	20.438	129
C	-1.955	25.97	19.608	129
N	-2.247	26.019	18.301	130
CA	-2.029	24.901	17.388	130
C	-0.686	24.925	16.666	130
N	-0.051	26.1	16.635	131
CA	1.207	26.266	15.916	131
C	1.992	27.415	16.506	131
N	3.285	27.425	16.167	132
CA	4.122	28.569	16.477	132
C	3.584	29.855	15.898	132
N	3.169	29.831	14.621	133
CA	2.647	31.022	13.969	133
C	1.473	31.626	14.73	133
N	0.573	30.771	15.225	134
CA	-0.558	31.237	16.024	134
C	-0.086	31.816	17.361	134
N	0.795	31.088	18.042	135
CA	1.281	31.503	19.363	135
C	2.083	32.808	19.367	135
N	2.769	33.117	18.265	136
CA	3.776	34.2	18.177	136
C	3.293	35.592	18.547	136
N	2.03	35.88	18.267	137
CA	1.482	37.213	18.557	137
C	0.596	37.246	19.818	137
N	0.499	36.134	20.548	138
CA	-0.357	36.041	21.746	138
C	0.461	36.419	22.983	138
N	-0.11	37.186	23.911	139
CA	0.644	37.583	25.113	139
C	1.255	36.444	25.902	139
N	0.586	35.289	25.941	140
CA	1.048	34.093	26.637	140
C	1.549	33.015	25.656	140
N	1.99	33.456	24.482	141
CA	2.3	32.526	23.383	141
C	3.665	31.883	23.436	141
N	4.657	32.639	23.913	142
CA	6.059	32.208	23.879	142
C	6.747	32.246	25.237	142
N	7.673	31.313	25.45	143
CA	8.517	31.291	26.665	143
C	9.955	31.194	26.191	143
N	10.806	32.128	26.623	144
CA	12.224	32.065	26.246	144
C	13.093	32.008	27.485	144
N	13.982	31.017	27.561	145
CA	14.967	30.98	28.647	145
C	16.161	31.76	28.125	145
N	16.618	32.749	28.91	146
CA	17.817	33.506	28.565	146
C	18.926	33.172	29.555	146
N	20.105	32.852	29.029	147
CA	21.26	32.51	29.853	147
C	22.38	33.475	29.472	147
N	22.873	34.207	30.475	148
CA	23.982	35.13	30.278	148
C	25.288	34.368	30.146	148
N	26.097	34.777	29.157	149
CA	27.354	34.073	28.865	149
C	28.532	34.98	29.226	149
N	29.3	34.533	30.223	150
CA	30.426	35.287	30.748	150
C	31.746	34.8	30.149	150
N	32.498	35.718	29.561	151
CA	33.784	35.371	28.961	151
C	34.712	34.813	30.035	151
N	35.348	33.703	29.714	152
CA	36.216	32.999	30.629	152
C	36.689	31.718	29.988	152
N	36.541	30.609	30.702	153
CA	36.966	29.284	30.247	153
C	36.142	28.858	29.045	153
N	36.793	28.185	28.1	154
CA	36.037	27.55	27.008	154
C	34.966	26.63	27.568	154
N	33.798	26.664	26.932	155
CA	32.669	25.846	27.325	155
C	32.584	24.617	26.403	155
N	32.929	23.41	26.907	156
CA	32.922	22.23	26.031	156
C	31.539	21.865	25.485	156
N	30.488	22.242	26.205	157
CA	29.123	21.897	25.809	157
C	28.705	22.653	24.554	157
N	29.278	23.833	24.347	158
CA	29.072	24.598	23.121	158
C	29.694	23.985	21.877	158
N	30.586	23.002	22.023	159
CA	31.427	22.654	20.87	159
C	30.755	21.95	19.683	159
N	29.756	21.07	19.886	160
CA	28.984	20.507	18.742	160
C	28.402	21.663	17.957	160
N	27.882	22.681	18.661	161
CA	27.272	23.817	17.955	161
C	28.319	24.574	17.157	161
N	29.412	24.937	17.817	162
CA	30.447	25.702	17.125	162
C	31.084	24.93	15.963	162
N	31.251	23.614	16.132	163
CA	31.825	22.736	15.09	163
C	30.957	22.721	13.837	163
N	29.65	22.943	14.008	164
CA	28.709	22.939	12.881	164
C	28.763	24.184	12.009	164
N	29.328	25.289	12.514	165
CA	29.276	26.559	11.812	165
C	30.036	26.551	10.469	165
N	31.058	25.705	10.369	166
CA	31.871	25.675	9.117	166
C	31.051	25.268	7.899	166
N	29.91	24.597	8.123	167
CA	29.033	24.136	7.032	167
C	27.941	25.129	6.673	167
N	27.832	26.212	7.449	168
CA	26.79	27.227	7.224	168
C	27.382	28.629	7.223	168
N	28.518	28.788	6.548	169
CA	29.31	30.01	6.711	169
C	28.619	31.272	6.215	169
N	27.839	31.148	5.132	170
CA	27.239	32.298	4.465	170
C	25.702	32.198	4.513	170
N	25.093	33.35	4.273	171
CA	23.637	33.525	4.401	171
C	22.819	32.512	3.607	171
N	21.86	31.894	4.287	172
CA	20.974	30.888	3.664	172
C	21.454	29.465	3.665	172
N	22.738	29.228	3.954	173
CA	23.224	27.859	4.081	173
C	22.558	27.2	5.266	173
N	22.15	25.954	5.074	174
CA	21.53	25.141	6.113	174
C	22.12	23.745	6.082	174
N	22.121	23.089	7.234	175
CA	22.676	21.762	7.354	175
C	21.931	20.985	8.415	175
N	21.821	19.652	8.266	176
CA	21.218	18.846	9.33	176
C	22.008	18.988	10.657	176
N	21.288	19.007	11.777	177
CA	21.93	19.151	13.102	177
C	21.072	18.326	14.032	177
N	21.579	17.166	14.445	178
CA	20.735	16.155	15.044	178
C	21.323	15.648	16.35	178
N	20.477	14.986	17.132	179
CA	20.906	14.255	18.346	179
C	21.599	15.196	19.333	179
N	20.879	16.244	19.687	180
CA	21.401	17.258	20.605	180
C	20.311	17.712	21.571	180
N	20.634	17.671	22.879	181
CA	19.721	18.103	23.933	181
C	20.229	19.44	24.507	181
N	19.53	20.556	24.221	182
CA	20.051	21.881	24.628	182
C	19.968	22.17	26.136	182
N	19.32	21.297	26.899	183
CA	19.405	21.414	28.379	183
C	20.85	21.281	28.882	183
N	21.718	20.659	28.079	184
CA	23.143	20.529	28.401	184
C	23.862	21.879	28.416	184
N	23.256	22.91	27.806	185
CA	23.838	24.255	27.747	185
C	23.442	25.127	28.937	185
N	22.456	24.661	29.698	186
CA	21.877	25.463	30.782	186
C	22.798	25.402	32.002	186
N	22.77	26.437	32.857	187
CA	23.593	26.359	34.079	187
C	23.072	25.29	35.058	187
N	23.896	24.911	36.037	188
CA	23.464	23.871	36.984	188
C	22.326	24.331	37.93	188
N	22.346	25.597	38.353	189
CA	21.196	26.19	39.058	189
C	20.24	26.72	38.025	189
N	18.956	26.452	38.241	190
CA	17.917	27.051	37.41	190
C	17.095	28.103	38.162	190
N	17.67	28.66	39.237	191
CA	17.117	29.882	39.853	191
C	16.992	30.958	38.794	191
N	15.885	31.686	38.811	192
CA	15.597	32.597	37.714	192
C	14.866	33.893	38.066	192
N	14.93	34.856	37.146	193
CA	14.035	36.013	37.111	193
C	12.994	35.799	36.018	193
N	11.798	36.353	36.21	194
CA	10.779	36.34	35.148	194
C	10.09	37.697	34.991	194
N	9.786	38.067	33.751	195
CA	9.037	39.299	33.449	195
C	8.333	39.131	32.085	195
N	7.237	39.87	31.857	196
CA	6.544	39.852	30.562	196
C	7.199	40.775	29.574	196
N	7.613	40.25	28.416	197
CA	8.281	41.098	27.464	197
C	8.073	40.658	26.036	197
N	9.119	40.803	25.217	198
CA	8.945	40.759	23.761	198
C	10.033	39.937	23.098	198
N	9.822	39.585	21.826	199
CA	10.973	39.268	20.951	199
C	11.951	40.437	20.904	199
N	13.241	40.143	20.877	200
CA	14.249	41.229	20.878	200
C	14.685	41.728	19.51	200
N	14.08	41.191	18.445	201
CA	14.232	41.769	17.123	201
C	12.901	41.758	16.371	201
N	12.803	42.508	15.249	202
CA	11.513	42.536	14.519	202
C	11.019	41.098	14.24	202
N	9.723	40.849	14.399	203
CA	8.674	41.874	14.572	203
C	8.397	42.344	15.996	203
N	9.264	42.003	16.959	204
CA	9.19	42.599	18.304	204
C	7.87	42.368	19.043	204
N	7.162	41.292	18.692	205
CA	5.905	40.953	19.381	205
C	6.034	40.856	20.893	205
N	5.074	41.447	21.605	206
CA	5.052	41.391	23.073	206
C	4.339	40.113	23.546	206
N	4.961	38.981	23.203	207
CA	4.387	37.661	23.4	207
C	5.255	36.736	24.249	207
N	6.31	37.284	24.869	208
CA	7.299	36.43	25.532	208
C	7.239	36.512	27.065	208
N	7.066	35.373	27.739	209
CA	7.396	35.292	29.164	209
C	8.874	34.929	29.254	209
N	9.69	35.859	29.757	210
CA	11.131	35.631	29.892	210
C	11.48	34.861	31.156	210
N	12.409	33.912	31.046	211
CA	12.99	33.196	32.185	211
C	14.484	33.484	32.101	211
N	15.006	34.343	32.985	212
CA	16.432	34.721	32.913	212
C	17.164	34.019	34.034	212
N	18.119	33.168	33.691	213
CA	18.869	32.439	34.702	213
C	19.774	33.352	35.521	213
N	19.775	33.122	36.835	214
CA	20.668	33.83	37.739	214
C	22.162	33.486	37.509	214
N	22.445	32.2	37.288	215
CA	23.811	31.723	37.069	215
C	24.155	31.874	35.602	215
N	25.357	32.362	35.346	216
CA	25.87	32.478	33.983	216
C	26.45	31.147	33.561	216
N	26.699	31.047	32.251	217
CA	27.566	29.993	31.714	217
C	28.795	30.632	31.102	217
N	29.836	29.831	30.908	218
CA	31.069	30.353	30.37	218
C	31.122	30.276	28.838	218
N	32.006	31.09	28.278	219
CA	32.346	31.093	26.847	219
C	33.765	31.651	26.74	219
N	34.616	31.045	25.907	220
CA	35.935	31.652	25.737	220
C	35.936	32.787	24.7	220
N	36.99	33.595	24.746	221
CA	37.158	34.681	23.791	221
C	37.23	34.112	22.363	221
N	37.832	32.933	22.229	222
CA	37.965	32.269	20.91	222
C	36.626	31.68	20.439	222
N	35.829	31.13	21.374	223
CA	34.462	30.711	20.998	223
C	33.619	31.893	20.491	223
N	33.73	33.069	21.129	224
CA	33.038	34.261	20.671	224
C	33.483	34.68	19.267	224
N	34.785	34.531	19.002	225
CA	35.333	34.819	17.674	225
C	34.697	33.939	16.584	225
N	34.38	32.687	16.924	226
CA	33.707	31.761	15.993	226
C	32.334	32.308	15.59	226
N	31.578	32.831	16.56	227
CA	30.308	33.481	16.223	227
C	30.556	34.632	15.245	227
N	31.554	35.472	15.549	228
CA	31.767	36.723	14.802	228
C	32.359	36.471	13.417	228
N	32.855	35.261	13.207	229
CA	33.412	34.877	11.902	229
C	32.357	34.317	10.958	229
N	31.146	34.062	11.453	230
CA	30.048	33.762	10.514	230
C	29.856	34.943	9.562	230
N	29.403	34.663	8.344	231
CA	29.254	35.709	7.333	231
C	27.798	36.039	7.03	231
N	27.516	37.322	6.939	232
CA	26.151	37.795	6.689	232
C	25.79	37.866	5.198	232
N	26.816	37.807	4.368	233
CA	26.669	37.877	2.91	233
C	26.383	36.49	2.35	233
N	25.859	36.457	1.124	234
CA	25.693	35.195	0.404	234
C	27.033	34.775	-0.224	234
N	27.184	33.487	-0.49	235
CA	28.388	32.926	-1.101	235
C	28.731	33.629	-2.406	235
N	30.011	33.969	-2.547	236
CA	30.522	34.649	-3.74	236
C	30.61	36.148	-3.624	236
N	29.803	36.74	-2.74	237
CA	29.878	38.181	-2.449	237
C	31.052	38.493	-1.524	237
N	31.369	39.788	-1.396	238
CA	32.399	40.242	-0.466	238
C	32.019	39.771	0.947	238
N	32.999	39.243	1.685	239
CA	32.744	38.727	3.057	239
C	32.362	39.863	4.024	239
N	31.257	39.699	4.758	240
CA	30.765	40.695	5.735	240
C	30.55	39.937	7.059	240
N	31.563	39.931	7.945	241
CA	31.403	39.197	9.208	241
C	30.161	39.634	10.03	241
N	29.541	38.677	10.74	242
CA	28.389	38.928	11.634	242
C	28.922	39.445	12.965	242
N	29.23	40.726	13.017	243
CA	29.979	41.227	14.179	243
C	29.166	41.336	15.479	243
N	27.869	41.641	15.365	244
CA	27.01	41.8	16.525	244
C	25.541	41.663	16.124	244
N	24.714	41.288	17.095	245
CA	23.265	41.183	16.901	245
C	22.471	41.34	18.214	245
N	22.992	42.159	19.14	246
CA	22.299	42.418	20.414	246
C	21.578	43.767	20.452	246
N	20.339	43.726	20.935	247
CA	19.519	44.937	21.108	247
C	19.875	45.589	22.447	247
N	19.926	46.949	22.481	248
CA	20.021	47.653	23.765	248
C	18.861	47.372	24.715	248
N	19.094	47.528	26.018	249
CA	18.006	47.382	26.98	249
C	16.944	48.49	26.843	249
N	15.717	48.109	27.163	250
CA	14.526	48.907	26.95	250
C	13.882	49.255	28.294	250
N	13.132	50.374	28.345	251
CA	12.5	50.801	29.609	251
C	11.482	49.798	30.166	251
N	11.492	49.575	31.485	252
CA	10.59	48.621	32.148	252
C	9.126	49.063	32.114	252
N	8.903	50.382	32.01	253
CA	7.55	50.956	31.944	253
C	6.625	50.342	32.998	253
N	7.09	50.288	34.239	254
CA	6.263	49.779	35.32	254
C	6.131	48.283	35.501	254
N	6.707	47.468	34.6	255
CA	6.695	46.021	34.817	255
C	7.464	45.613	36.073	255
N	7.075	44.48	36.636	256
CA	7.751	43.897	37.781	256
C	8.546	42.679	37.333	256
N	9.843	42.689	37.642	257
CA	10.67	41.486	37.504	257
C	10.589	40.682	38.788	257
N	10.095	39.455	38.687	258
CA	9.998	38.542	39.825	258
C	11.179	37.598	39.911	258
N	11.593	37.261	41.135	259
CA	12.673	36.307	41.403	259
C	12.143	35.042	42.021	259
N	12.702	33.905	41.618	260
CA	12.315	32.613	42.153	260
C	13.149	32.256	43.388	260
N	14.075	33.146	43.74	261
CA	15.079	32.907	44.782	261
C	15.216	34.166	45.659	261
N	5.25	84.923	27.691	1
CA	4.304	85.736	28.475	1
C	4.13	86.021	29.947	1
N	3.886	85.671	31.203	2
CA	4.578	86.037	32.402	2
C	4.844	84.773	33.309	2
N	5.094	84.053	34.505	3
CA	5.069	84.42	35.988	3
C	5.547	83.805	37.436	3
N	6.295	82.725	38.03	4
CA	6.358	81.806	39.307	4
C	6.951	81.412	40.881	4
N	6.634	80.739	42.314	5
CA	5.734	81.868	42.738	5
C	5.922	82.328	44.187	5
N	6.315	81.403	45.066	6
CA	6.721	81.761	46.427	6
C	7.968	80.962	46.768	6
N	8.784	81.516	47.66	7
CA	10.015	80.873	48.129	7
C	10.443	81.5	49.428	7
N	11.756	81.496	49.672	8
CA	12.323	82.047	50.876	8
C	13.382	83.109	50.587	8
N	13.58	83.42	49.299	9
CA	14.504	84.496	48.872	9
C	13.942	85.881	49.21	9
N	14.775	86.917	49.092	10
CA	14.33	88.307	49.316	10
C	13.173	88.755	48.39	10
N	13.11	88.187	47.184	11
CA	12.087	88.538	46.183	11
C	10.723	87.861	46.382	11
N	10.724	86.622	46.869	12
CA	9.497	85.831	46.947	12
C	9.242	85.253	48.352	12
N	9.976	85.779	49.338	13
CA	10.062	85.203	50.687	13
C	8.961	85.628	51.628	13
N	9.059	85.225	52.912	14
CA	8.02	85.425	53.925	14
C	7.476	86.846	54.042	14
N	8.34	87.849	53.874	15
CA	7.9	89.247	53.92	15
C	7.062	89.655	52.703	15
N	7.108	88.851	51.639	16
CA	6.342	89.102	50.409	16
C	5.073	88.267	50.276	16
N	4.92	87.232	51.107	17
CA	3.885	86.226	50.853	17
C	2.46	86.762	50.831	17
N	2.204	87.796	51.643	18
CA	0.853	88.362	51.795	18
C	0.247	88.889	50.482	18
N	1.098	89.146	49.484	19
CA	0.641	89.576	48.145	19
C	-0.192	88.517	47.424	19
N	0.334	87.296	47.346	20
CA	-0.381	86.198	46.715	20
C	-1.217	85.395	47.709	20
N	-0.898	85.522	49.002	21
CA	-1.544	84.749	50.079	21
C	-1.928	85.679	51.21	21
N	-3.032	86.441	51.037	22
CA	-3.338	87.482	52.012	22
C	-3.549	87.035	53.446	22
N	-3.861	85.755	53.648	23
CA	-4.006	85.172	54.985	23
C	-2.681	85.2	55.79	23
N	-1.562	85.475	55.112	24
CA	-0.247	85.639	55.782	24
C	-0.32	86.626	56.947	24
N	-1.188	87.638	56.816	25
CA	-1.442	88.618	57.89	25
C	-2.635	88.302	58.793	25
N	-3.071	87.044	58.806	26
CA	-4.206	86.593	59.612	26
C	-3.949	86.546	61.112	26
N	-4.983	86.15	61.839	27
CA	-4.956	86.083	63.298	27
C	-4.516	84.75	63.877	27
N	-4.335	83.726	63.03	28
CA	-3.92	82.403	63.558	28
C	-2.695	81.876	62.818	28
N	-1.698	82.729	62.617	29
CA	-0.514	82.362	61.806	29
C	0.564	81.702	62.667	29
N	1.328	80.799	62.032	30
CA	2.415	80.049	62.657	30
C	3.702	80.259	61.865	30
N	4.878	80.04	62.461	31
CA	5.094	79.609	63.836	31
C	4.939	80.787	64.813	31
N	5.035	80.47	66.095	32
CA	5.006	81.487	67.153	32
C	6.14	81.259	68.143	32
N	6.444	82.304	68.92	33
CA	7.276	82.136	70.101	33
C	6.429	81.65	71.265	33
N	6.927	80.625	71.949	34
CA	6.269	80.143	73.149	34
C	6.929	80.774	74.369	34
N	6.199	81.713	74.971	35
CA	6.61	82.391	76.19	35
C	6.143	81.516	77.368	35
N	7.082	80.81	77.996	36
CA	6.717	79.779	78.995	36
C	6.024	80.346	80.242	36
N	6.302	81.615	80.543	37
CA	5.627	82.305	81.654	37
C	4.152	82.627	81.349	37
N	3.763	82.602	80.072	38
CA	2.386	82.887	79.649	38
C	1.56	81.623	79.282	38
N	2.162	80.441	79.393	39
CA	1.424	79.205	79.06	39
C	0.442	78.878	80.164	39
N	-0.64	78.2	79.798	40
CA	-1.657	77.781	80.762	40
C	-1.748	76.26	80.813	40
N	-1.627	75.683	82.005	41
CA	-1.9	74.257	82.148	41
C	-3.393	73.913	82.045	41
N	-3.707	72.959	81.166	42
CA	-5.093	72.589	80.878	42
C	-5.234	71.125	81.255	42
N	-6.058	70.836	82.269	43
CA	-6.205	69.485	82.798	43
C	-6.91	68.546	81.788	43
N	-7.595	69.119	80.792	44
CA	-8.305	68.32	79.781	44
C	-7.364	67.777	78.709	44
N	-6.128	68.275	78.661	45
CA	-5.132	67.713	77.706	45
C	-4.655	66.325	78.091	45
N	-5.029	65.34	77.275	46
CA	-4.579	63.98	77.52	46
C	-3.155	63.838	76.962	46
N	-2.422	62.788	77.38	47
CA	-1.13	62.51	76.721	47
C	-1.345	62.296	75.217	47
N	-0.353	62.652	74.413	48
CA	-0.487	62.298	73.005	48
C	-0.1	60.836	72.835	48
N	-0.787	60.168	71.917	49
CA	-0.568	58.764	71.63	49
C	-0.324	58.682	70.113	49
N	0.856	58.217	69.73	50
CA	1.115	57.993	68.296	50
C	1.171	56.498	68.053	50
N	0.46	56.082	67.019	51
CA	0.303	54.69	66.691	51
C	0.557	54.566	65.184	51
N	1.836	54.501	64.819	52
CA	2.226	54.496	63.406	52
C	2.585	53.094	62.954	52
N	2.313	52.799	61.684	53
CA	2.632	51.512	61.082	53
C	3.783	51.75	60.097	53
N	4.942	51.111	60.319	54
CA	6.074	51.433	59.434	54
C	5.824	51.028	57.961	54
N	4.881	50.112	57.742	55
CA	4.522	49.707	56.37	55
C	3.766	50.791	55.585	55
N	3.343	51.855	56.264	56
CA	2.737	52.988	55.549	56
C	3.769	53.951	54.919	56
N	5.07	53.823	55.214	57
CA	6.066	54.737	54.607	57
C	6.05	54.48	53.107	57
N	6.06	55.537	52.285	58
CA	5.882	55.37	50.829	58
C	7.004	55.952	49.97	58
N	7.233	57.253	50.099	59
CA	8.059	57.97	49.124	59
C	8.722	59.176	49.742	59
N	9.909	59.491	49.246	60
CA	10.613	60.726	49.573	60
C	10.702	61.556	48.284	60
N	10.42	62.843	48.405	61
CA	10.33	63.702	47.217	61
C	10.932	65.079	47.489	61
N	11.688	65.583	46.513	62
CA	12.191	66.932	46.551	62
C	11.115	67.874	46.015	62
N	10.644	68.772	46.889	63
CA	9.569	69.748	46.526	63
C	10.086	71.173	46.211	63
N	11.38	71.291	45.939	64
CA	11.944	72.573	45.527	64
C	12.422	73.423	46.679	64
N	11.553	73.697	47.646	65
CA	11.911	74.481	48.829	65
C	12.253	73.58	50.037	65
N	11.959	72.287	49.915	66
CA	12.167	71.347	51.025	66
C	12.13	69.953	50.427	66
N	12.108	68.934	51.283	67
CA	11.797	67.572	50.851	67
C	10.766	67.008	51.823	67
N	9.971	66.085	51.3	68
CA	8.891	65.453	52.059	68
C	9.034	63.943	52.073	68
N	8.711	63.333	53.221	69
CA	8.617	61.894	53.312	69
C	7.129	61.583	53.499	69
N	6.537	60.959	52.481	70
CA	5.093	60.734	52.422	70
C	4.713	59.325	52.783	70
N	3.527	59.21	53.382	71
CA	2.954	57.948	53.85	71
C	1.668	57.627	53.115	71
N	1.419	56.331	52.906	72
CA	0.127	55.881	52.364	72
C	-0.99	56.336	53.311	72
N	-2.016	57.004	52.803	73
CA	-3.023	57.555	53.749	73
C	-4.475	57.268	53.358	73
N	-4.681	56.079	52.778	74
CA	-6.011	55.604	52.347	74
C	-6.801	54.913	53.48	74
N	-6.159	54.727	54.621	75
CA	-6.801	54.129	55.8	75
C	-6.129	54.645	57.07	75
N	-6.609	54.201	58.22	76
CA	-6.106	54.658	59.518	76
C	-5.074	53.753	60.165	76
N	-4.233	53.092	59.359	77
CA	-3.146	52.302	59.929	77
C	-2.19	53.108	60.833	77
N	-1.954	54.394	60.472	78
CA	-1.007	55.284	61.186	78
C	-1.748	56.533	61.648	78
N	-1.896	56.655	62.973	79
CA	-2.745	57.737	63.529	79
C	-2.122	58.397	64.743	79
N	-2.523	59.65	64.945	80
CA	-2.239	60.393	66.161	80
C	-3.537	60.501	66.945	80
N	-3.435	60.273	68.251	81
CA	-4.61	60.36	69.159	81
C	-4.285	61.164	70.414	81
N	-5.318	61.533	71.169	82
CA	-5.068	62.136	72.5	82
C	-4.777	63.614	72.416	82
N	-4.056	64.131	73.414	83
CA	-3.79	65.573	73.493	83
C	-5.102	66.34	73.522	83
N	-5.272	67.311	72.618	84
CA	-6.496	68.119	72.578	84
C	-7.565	67.547	71.644	84
N	-7.345	66.338	71.135	85
CA	-8.187	65.793	70.073	85
C	-9.236	64.827	70.59	85
N	-10.429	64.89	70.008	86
CA	-11.44	63.875	70.304	86
C	-11.473	62.783	69.231	86
N	-10.91	63.093	68.061	87
CA	-10.831	62.194	66.896	87
C	-9.381	61.808	66.642	87
N	-9.154	60.649	66.014	88
CA	-7.844	60.293	65.429	88
C	-7.531	61.111	64.181	88
N	-6.268	61.534	64.055	89
CA	-5.778	62.223	62.853	89
C	-4.84	61.263	62.108	89
N	-4.946	61.244	60.785	90
CA	-4.215	60.283	59.942	90
C	-2.859	60.841	59.55	90
N	-1.796	60.091	59.864	91
CA	-0.417	60.467	59.414	91
C	-0.351	60.542	57.904	91
N	0.221	61.626	57.378	92
CA	0.509	61.652	55.931	92
C	1.935	61.979	55.546	92
N	2.699	62.631	56.432	93
CA	4.011	63.121	56.023	93
C	4.87	63.531	57.195	93
N	6.191	63.485	57.002	94
CA	7.033	64.339	57.843	94
C	8.02	65.083	56.98	94
N	8.5	66.195	57.524	95
CA	9.504	66.983	56.809	95
C	10.237	67.841	57.837	95
N	11.22	68.617	57.37	96
CA	12.027	69.442	58.236	96
C	12.093	70.889	57.73	96
N	12.473	71.773	58.656	97
CA	12.888	73.118	58.273	97
C	14.243	73.361	58.885	97
N	15.03	74.174	58.18	98
CA	16.373	74.525	58.618	98
C	16.702	75.933	58.174	98
N	17.846	76.418	58.646	99
CA	18.28	77.805	58.431	99
C	19.593	77.887	57.685	99
N	19.946	79.119	57.302	100
CA	21.196	79.339	56.57	100
C	22.419	79.086	57.454	100
N	22.242	79.235	58.777	101
CA	23.287	78.962	59.772	101
C	22.721	78.027	60.828	101
N	23.598	77.387	61.605	102
CA	23.13	76.622	62.787	102
C	22.433	77.414	63.894	102
N	22.609	78.732	63.926	103
CA	22.064	79.562	65.022	103
C	20.556	79.871	64.922	103
N	19.966	79.665	63.747	104
CA	18.52	79.833	63.593	104
C	18.045	79.075	62.407	104
N	17.501	77.913	62.689	105
CA	16.889	77.119	61.65	105
C	15.504	76.646	62.017	105
N	15.129	76.739	63.302	106
CA	13.788	76.286	63.69	106
C	12.749	77.316	63.273	106
N	11.484	76.92	63.337	107
CA	10.386	77.838	63.058	107
C	9.819	78.34	64.395	107
N	9.302	77.44	65.225	108
CA	8.952	77.82	66.591	108
C	10.194	78.182	67.408	108
N	9.977	79.056	68.386	109
CA	11.02	79.434	69.356	109
C	10.408	79.294	70.745	109
N	11.276	79.182	71.759	110
CA	10.819	79.037	73.134	110
C	11.552	80.069	73.992	110
N	10.778	80.982	74.577	111
CA	11.356	82.127	75.334	111
C	12.437	82.849	74.501	111
N	12.154	82.995	73.205	112
CA	13.03	83.672	72.251	112
C	14.224	82.873	71.745	112
N	14.381	81.632	72.193	113
CA	15.531	80.819	71.816	113
C	15.201	80.141	70.487	113
N	16.067	80.382	69.513	114
CA	16.007	79.785	68.181	114
C	16.844	78.527	68.176	114
N	16.249	77.443	67.678	115
CA	16.962	76.18	67.516	115
C	17.54	76.037	66.103	115
N	18.296	74.967	65.843	116
CA	19.001	74.795	64.567	116
C	18.112	74.285	63.437	116
N	17.05	73.552	63.79	117
CA	16.144	72.995	62.772	117
C	14.861	72.583	63.506	117
N	13.894	72.088	62.732	118
CA	12.631	71.647	63.31	118
C	12.058	70.516	62.458	118
N	11.522	69.506	63.154	119
CA	10.861	68.377	62.515	119
C	9.357	68.595	62.618	119
N	8.643	68.394	61.495	120
CA	7.171	68.452	61.474	120
C	6.597	67.113	61.046	120
N	5.683	66.582	61.855	121
CA	4.998	65.327	61.537	121
C	3.525	65.672	61.36	121
N	3.027	65.532	60.135	122
CA	1.73	66.101	59.761	122
C	0.652	65.048	59.598	122
N	-0.567	65.422	59.987	123
CA	-1.706	64.484	60.056	123
C	-2.978	65.206	59.609	123
N	-3.962	64.471	59.089	124
CA	-5.229	65.095	58.697	124
C	-6.452	64.435	59.308	124
N	-7.513	65.232	59.437	125
CA	-8.749	64.787	60.079	125
C	-9.649	63.934	59.161	125
N	-9.331	62.645	59.072	126
CA	-10.059	61.717	58.183	126
C	-11.42	61.317	58.729	126
N	-11.639	61.533	60.024	127
CA	-12.955	61.246	60.631	127
C	-14.009	62.241	60.157	127
N	-13.616	63.502	60.031	128
CA	-14.536	64.546	59.608	128
C	-14.585	64.727	58.088	128
N	-13.422	64.678	57.427	129
CA	-13.303	65.074	56.02	129
C	-13.061	63.897	55.092	129
N	-13.455	64.063	53.839	130
CA	-13.375	62.996	52.861	130
C	-11.975	62.828	52.265	130
N	-11.132	63.852	52.393	131
CA	-9.833	63.872	51.725	131
C	-8.914	64.908	52.382	131
N	-7.61	64.709	52.239	132
CA	-6.612	65.697	52.633	132
C	-6.849	67.016	51.89	132
N	-7.194	66.932	50.602	133
CA	-7.448	68.141	49.784	133
C	-8.518	69.019	50.438	133
N	-9.58	68.399	50.959	134
CA	-10.651	69.081	51.699	134
C	-10.198	69.517	53.084	134
N	-9.489	68.634	53.8	135
CA	-9.151	68.907	55.205	135
C	-8.176	70.067	55.341	135
N	-7.301	70.238	54.349	136
CA	-6.158	71.135	54.487	136
C	-6.526	72.609	54.706	136
N	-7.761	72.975	54.33	137
CA	-8.216	74.364	54.425	137
C	-9.211	74.604	55.563	137
N	-9.445	73.587	56.4	138
CA	-10.461	73.638	57.47	138
C	-9.777	73.88	58.803	138
N	-10.393	74.671	59.691	139
CA	-9.77	75.031	60.978	139
C	-9.338	73.808	61.793	139
N	-10.152	72.756	61.748	140
CA	-9.903	71.532	62.486	140
C	-9.328	70.425	61.597	140
N	-8.787	70.811	60.448	141
CA	-8.408	69.803	59.417	141
C	-7.074	69.086	59.589	141
N	-6.088	69.742	60.196	142
CA	-4.7	69.206	60.309	142
C	-4.182	69.249	61.729	142
N	-3.303	68.303	62.041	143
CA	-2.538	68.318	63.28	143
C	-1.074	68.119	62.935	143
N	-0.212	68.982	63.462	144
CA	1.23	68.836	63.217	144
C	2.013	68.771	64.536	144
N	2.851	67.748	64.698	145
CA	3.774	67.657	65.82	145
C	5.049	68.367	65.406	145
N	5.519	69.311	66.235	146
CA	6.813	69.953	65.987	146
C	7.835	69.596	67.064	146
N	9.049	69.293	66.603	147
CA	10.162	68.92	67.479	147
C	11.319	69.828	67.117	147
N	11.79	70.55	68.124	148
CA	12.971	71.395	67.978	148
C	14.219	70.558	67.947	148
N	15.128	70.925	67.049	149
CA	16.37	70.21	66.828	149
C	17.552	71.109	67.223	149
N	18.347	70.609	68.164	150
CA	19.464	71.372	68.753	150
C	20.797	70.85	68.22	150
N	21.597	71.716	67.584	151
CA	22.901	71.295	67.042	151
C	23.818	70.749	68.148	151
N	24.46	69.621	67.838	152
CA	25.368	68.952	68.802	152
C	25.777	67.639	68.185	152
N	25.61	66.555	68.926	153
CA	25.984	65.22	68.446	153
C	25.119	64.797	67.269	153
N	25.72	64.077	66.326	154
CA	24.962	63.432	65.238	154
C	23.837	62.581	65.766	154
N	22.701	62.673	65.093	155
CA	21.526	61.936	65.511	155
C	21.397	60.711	64.617	155
N	21.705	59.501	65.137	156
CA	21.696	58.369	64.198	156
C	20.318	57.966	63.695	156
N	19.256	58.429	64.362	157
CA	17.927	58.1	63.92	157
C	17.554	58.841	62.633	157
N	18.313	59.881	62.303	158
CA	18.179	60.559	61.002	158
C	18.839	59.836	59.83	158
N	19.59	58.752	60.092	159
CA	20.415	58.096	59.025	159
C	19.664	57.656	57.764	159
N	18.548	56.934	57.901	160
CA	17.816	56.46	56.719	160
C	17.372	57.651	55.883	160
N	16.927	58.727	56.561	161
CA	16.459	59.915	55.837	161
C	17.618	60.568	55.081	161
N	18.709	60.829	55.795	162
CA	19.85	61.503	55.161	162
C	20.455	60.682	54.009	162
N	20.531	59.363	54.188	163
CA	21.059	58.454	53.154	163
C	20.219	58.482	51.87	163
N	18.922	58.793	52.001	164
CA	17.998	58.797	50.862	164
C	18.118	60.055	49.984	164
N	18.726	61.102	50.529	165
CA	18.751	62.412	49.855	165
C	19.533	62.396	48.539	165
N	20.552	61.534	48.447	166
CA	21.33	61.427	47.192	166
C	20.476	61.033	45.974	166
N	19.292	60.461	46.19	167
CA	18.435	59.998	45.092	167
C	17.384	61.034	44.709	167
N	17.315	62.139	45.467	168
CA	16.305	63.191	45.224	168
C	16.93	64.583	45.186	168
N	18.061	64.717	44.48	169
CA	18.863	65.915	44.638	169
C	18.219	67.168	44.083	169
N	17.441	67.005	43.001	170
CA	16.814	68.144	42.327	170
C	15.278	68.12	42.392	170
N	14.68	69.282	42.145	171
CA	13.224	69.514	42.284	171
C	12.437	68.551	41.451	171
N	11.488	67.871	42.097	172
CA	10.636	66.897	41.409	172
C	11.105	65.457	41.445	172
N	12.382	65.215	41.797	173
CA	12.863	63.839	41.938	173
C	12.232	63.176	43.158	173
N	11.962	61.899	43.017	174
CA	11.329	61.1	44.053	174
C	11.932	59.711	44.078	174
N	11.795	59.034	45.214	175
CA	12.288	57.676	45.375	175
C	11.429	56.927	46.401	175
N	11.264	55.599	46.239	176
CA	10.613	54.83	47.308	176
C	11.323	54.986	48.668	176
N	10.529	55.096	49.731	177
CA	11.066	55.222	51.084	177
C	10.102	54.399	51.94	177
N	10.554	53.212	52.353	178
CA	9.652	52.218	52.939	178
C	10.112	51.715	54.298	178
N	9.167	51.117	55.027	179
CA	9.449	50.466	56.32	179
C	10.12	51.429	57.303	179
N	9.362	52.455	57.687	180
CA	9.889	53.496	58.573	180
C	8.774	54.047	59.435	180
N	9.01	53.988	60.749	181
CA	8.12	54.555	61.779	181
C	8.717	55.887	62.25	181
N	8.093	57.014	61.876	182
CA	8.666	58.309	62.225	182
C	8.538	58.676	63.71	182
N	7.822	57.876	64.507	183
CA	7.837	58.158	65.952	183
C	9.214	57.863	66.545	183
N	10.067	57.155	65.792	184
CA	11.458	56.94	66.195	184
C	12.267	58.257	66.266	184
N	11.757	59.3	65.602	185
CA	12.423	60.605	65.578	185
C	12.022	61.509	66.735	185
N	10.959	61.144	67.439	186
CA	10.433	61.955	68.546	186
C	11.329	61.852	69.784	186
N	11.297	62.87	70.656	187
CA	12.009	62.781	71.922	187
C	11.414	61.682	72.86	187
N	12.153	61.347	73.919	188
CA	11.732	60.31	74.882	188
C	10.414	60.653	75.569	188
N	10.324	61.887	76.078	189
CA	9.114	62.408	76.708	189
C	8.294	63.157	75.677	189
N	6.967	63.019	75.752	190
CA	6.058	63.705	74.839	190
C	5.215	64.779	75.56	190
N	5.774	65.373	76.637	191
CA	5.193	66.624	77.202	191
C	5.126	67.643	76.068	191
N	4.059	68.439	76.019	192
CA	3.862	69.319	74.884	192
C	3.119	70.611	75.208	192
N	3.28	71.569	74.306	193
CA	2.435	72.74	74.206	193
C	1.49	72.61	73.013	193
N	0.319	73.226	73.097	194
CA	-0.589	73.251	71.95	194
C	-1.231	74.62	71.733	194
N	-1.438	74.984	70.475	195
CA	-2.12	76.231	70.152	195
C	-2.72	76.091	68.753	195
N	-3.741	76.886	68.443	196
CA	-4.329	76.896	67.105	196
C	-3.528	77.777	66.15	196
N	-3.108	77.218	65.019	197
CA	-2.322	77.978	64.064	197
C	-2.519	77.602	62.606	197
N	-1.432	77.683	61.845	198
CA	-1.524	77.631	60.388	198
C	-0.408	76.775	59.82	198
N	-0.539	76.42	58.544	199
CA	0.671	76.049	57.766	199
C	1.713	77.156	57.83	199
N	2.999	76.812	57.935	200
CA	4.031	77.851	58.051	200
C	4.564	78.33	56.687	200
N	4.027	77.786	55.589	201
CA	4.338	78.328	54.266	201
C	3.06	78.344	53.395	201
N	3.102	79.006	52.22	202
CA	1.892	79.037	51.401	202
C	1.323	77.622	51.152	202
N	-0.002	77.448	51.194	203
CA	-0.985	78.543	51.163	203
C	-1.342	79.159	52.524	203
N	-0.638	78.761	53.595	204
CA	-0.753	79.461	54.922	204
C	-2.129	79.334	55.585	204
N	-2.879	78.298	55.202	205
CA	-4.199	78.046	55.773	205
C	-4.171	77.929	57.298	205
N	-5.153	78.531	57.961	206
CA	-5.249	78.456	59.416	206
C	-5.977	77.205	59.845	206
N	-5.337	76.072	59.543	207
CA	-6.004	74.782	59.626	207
C	-5.293	73.817	60.573	207
N	-4.285	74.307	61.283	208
CA	-3.396	73.413	62.049	208
C	-3.543	73.51	63.568	208
N	-3.796	72.375	64.23	209
CA	-3.612	72.278	65.687	209
C	-2.194	71.843	65.939	209
N	-1.382	72.731	66.52	210
CA	0.04	72.428	66.777	210
C	0.251	71.668	68.072	210
N	1.16	70.696	68.029	211
CA	1.634	69.969	69.192	211
C	3.144	70.218	69.181	211
N	3.642	71.086	70.075	212
CA	5.079	71.372	70.122	212
C	5.677	70.638	71.295	212
N	6.609	69.74	71.02	213
CA	7.245	68.972	72.124	213
C	8.104	69.896	73.019	213
N	8.016	69.714	74.336	214
CA	8.911	70.396	75.264	214
C	10.381	69.994	75.098	214
N	10.623	68.728	74.818	215
CA	11.974	68.237	74.695	215
C	12.478	68.307	73.254	215
N	13.73	68.722	73.079	216
CA	14.386	68.74	71.767	216
C	15.082	67.397	71.44	216
N	15.497	67.246	70.179	217
CA	16.339	66.134	69.708	217
C	17.613	66.749	69.119	217
N	18.645	65.929	68.948	218
CA	19.929	66.393	68.428	218
C	20.023	66.338	66.903	218
N	21.002	67.048	66.368	219
CA	21.364	66.957	64.957	219
C	22.793	67.528	64.894	219
N	23.649	66.982	64.036	220
CA	24.995	67.564	63.903	220
C	25.083	68.646	62.821	220
N	26.168	69.434	62.891	221
CA	26.472	70.435	61.865	221
C	26.534	69.812	60.465	221
N	27.118	68.63	60.368	222
CA	27.271	67.98	59.062	222
C	25.948	67.434	58.554	222
N	25.082	67.0	59.477	223
CA	23.751	66.537	59.058	223
C	22.93	67.689	58.497	223
N	22.987	68.846	59.158	224
CA	22.334	70.051	58.626	224
C	22.874	70.431	57.238	224
N	24.184	70.272	57.037	225
CA	24.791	70.599	55.736	225
C	24.256	69.657	54.639	225
N	23.917	68.409	54.98	226
CA	23.274	67.514	54.017	226
C	21.911	68.044	53.564	226
N	21.109	68.565	54.508	227
CA	19.834	69.196	54.113	227
C	20.112	70.338	53.119	227
N	21.105	71.171	53.46	228
CA	21.422	72.348	52.629	228
C	22.072	71.987	51.299	228
N	22.498	70.74	51.147	229
CA	23.069	70.229	49.892	229
C	22.006	69.841	48.868	229
N	20.744	69.729	49.316	230
CA	19.669	69.507	48.358	230
C	19.553	70.733	47.453	230
N	19.076	70.503	46.227	231
CA	18.991	71.558	45.199	231
C	17.54	71.939	44.931	231
N	17.283	73.252	44.869	232
CA	15.945	73.783	44.567	232
C	15.591	73.811	43.074	232
N	16.61	73.729	42.225	233
CA	16.408	73.762	40.755	233
C	16.006	72.397	40.209	233
N	15.482	72.349	38.976	234
CA	15.282	71.089	38.291	234
C	16.588	70.617	37.656	234
N	16.661	69.309	37.442	235
CA	17.796	68.637	36.824	235
C	18.203	69.323	35.528	235
N	19.508	69.529	35.371	236
CA	20.061	70.178	34.161	236
C	20.315	71.66	34.31	236
N	19.561	72.311	35.188	237
CA	19.757	73.728	35.453	237
C	20.935	73.906	36.409	237
N	21.488	75.12	36.462	238
CA	22.571	75.43	37.397	238
C	22.08	75.115	38.809	238
N	22.948	74.482	39.588	239
CA	22.618	74.039	40.951	239
C	22.425	75.207	41.913	239
N	21.297	75.21	42.631	240
CA	20.989	76.243	43.621	240
C	20.673	75.512	44.948	240
N	21.608	75.512	45.907	241
CA	21.376	74.802	47.188	241
C	20.16	75.34	47.961	241
N	19.475	74.446	48.672	242
CA	18.339	74.793	49.522	242
C	18.863	75.289	50.853	242
N	19.249	76.552	50.916	243
CA	19.971	77.065	52.07	243
C	19.119	77.226	53.325	243
N	17.826	77.533	53.154	244
CA	16.931	77.764	54.305	244
C	15.469	77.681	53.893	244
N	14.611	77.418	54.878	245
CA	13.161	77.313	54.598	245
C	12.353	77.532	55.88	245
N	12.85	78.4	56.765	246
CA	12.111	78.698	57.998	246
C	11.452	80.063	57.981	246
N	10.185	80.086	58.371	247
CA	9.408	81.335	58.521	247
C	9.682	82.009	59.867	247
N	9.787	83.361	59.883	248
CA	9.86	84.069	61.169	248
C	8.615	83.833	62.029	248
N	8.744	83.962	63.349	249
CA	7.575	83.875	64.22	249
C	6.578	85.03	64.012	249
N	5.301	84.692	64.195	250
CA	4.146	85.558	63.904	250
C	3.429	85.934	65.2	250
N	2.701	87.073	65.202	251
CA	2.09	87.452	66.482	251
C	0.978	86.533	66.954	251
N	0.949	86.283	68.266	252
CA	-0.083	85.453	68.901	252
C	-1.504	85.991	68.753	252
N	-1.649	87.326	68.712	253
CA	-2.958	87.971	68.505	253
C	-4.045	87.431	69.45	253
N	-3.68	87.277	70.714	254
CA	-4.628	86.907	71.762	254
C	-4.819	85.418	71.967	254
N	-4.141	84.587	71.157	255
CA	-4.203	83.129	71.331	255
C	-3.487	82.705	72.61	255
N	-3.921	81.577	73.154	256
CA	-3.34	80.97	74.336	256
C	-2.585	79.711	73.929	256
N	-1.342	79.628	74.385	257
CA	-0.579	78.398	74.306	257
C	-0.846	77.601	75.581	257
N	-1.405	76.409	75.427	258
CA	-1.681	75.53	76.549	258
C	-0.558	74.539	76.762	258
N	-0.312	74.169	78.019	259
CA	0.727	73.194	78.348	259
C	0.078	71.94	78.893	259
N	0.636	70.792	78.515	260
CA	0.181	69.509	79.019	260
C	0.783	69.182	80.395	260
N	1.766	69.962	80.816	261
CA	2.616	69.645	81.976	261
C	2.732	70.873	82.878	261
