ATOM	X	Y	Z	RESIDUE
N	-5.775	-41.067	-33.876	1
CA	-4.543	-41.862	-34.079	1
C	-3.401	-40.946	-33.683	1
N	-2.538	-41.172	-32.707	2
CA	-2.15	-42.327	-31.91	2
C	-0.68	-42.066	-31.541	2
N	-0.316	-42.331	-30.284	3
CA	1.034	-42.369	-29.689	3
C	1.521	-41.175	-28.846	3
N	1.433	-41.431	-27.536	4
CA	2.173	-40.884	-26.399	4
C	3.664	-41.28	-26.426	4
N	4.531	-40.433	-25.845	5
CA	5.783	-40.718	-25.087	5
C	6.675	-39.463	-25.157	5
N	7.421	-38.964	-24.169	6
CA	7.64	-39.24	-22.744	6
C	8.756	-38.279	-22.275	6
N	8.74	-37.885	-20.992	7
CA	9.869	-37.323	-20.202	7
C	10.258	-35.851	-20.457	7
N	10.665	-35.019	-19.494	8
CA	10.693	-35.013	-18.018	8
C	11.354	-33.68	-17.598	8
N	11.018	-33.153	-16.411	9
CA	11.712	-32.075	-15.671	9
C	11.327	-30.602	-15.954	9
N	10.143	-30.187	-15.482	10
CA	9.873	-28.811	-15.027	10
C	8.59	-28.775	-14.17	10
N	8.595	-29.461	-13.026	11
CA	7.489	-29.399	-12.064	11
C	8.023	-29.595	-10.65	11
N	8.351	-28.505	-9.945	12
CA	8.504	-28.475	-8.481	12
C	8.705	-27.033	-7.969	12
N	7.688	-26.166	-8.07	13
CA	7.485	-24.994	-7.187	13
C	6.052	-24.468	-7.36	13
N	5.069	-25.26	-6.92	14
CA	3.721	-24.811	-6.523	14
C	3.046	-25.95	-5.748	14
N	3.031	-25.921	-4.407	15
CA	2.002	-26.604	-3.647	15
C	1.139	-25.567	-2.92	15
N	-0.066	-25.378	-3.459	16
CA	-1.314	-24.981	-2.792	16
C	-1.206	-24.357	-1.374	16
N	-1.605	-23.083	-1.166	17
CA	-1.7	-22.478	0.174	17
C	-2.8	-23.096	1.068	17
N	-3.539	-24.1	0.583	18
CA	-4.625	-24.751	1.323	18
C	-4.191	-25.981	2.142	18
N	-3.032	-26.605	1.863	19
CA	-2.582	-27.811	2.597	19
C	-1.712	-27.53	3.829	19
N	-1.021	-26.388	3.915	20
CA	-0.214	-26.068	5.11	20
C	-1.079	-25.67	6.311	20
N	-2.229	-25.032	6.064	21
CA	-3.129	-24.563	7.119	21
C	-3.759	-25.704	7.933	21
N	-4.027	-26.867	7.331	22
CA	-4.683	-27.998	8.015	22
C	-3.747	-28.774	8.94	22
N	-2.458	-28.871	8.602	23
CA	-1.478	-29.615	9.394	23
C	-1.146	-28.938	10.739	23
N	-1.187	-27.603	10.79	24
CA	-0.845	-26.82	11.981	24
C	-1.92	-26.935	13.077	24
N	-3.205	-26.951	12.694	25
CA	-4.325	-27.138	13.625	25
C	-4.186	-28.404	14.481	25
N	-3.742	-29.507	13.875	26
CA	-3.501	-30.795	14.54	26
C	-2.432	-30.726	15.628	26
N	-1.4	-29.905	15.461	27
CA	-0.29	-29.829	16.42	27
C	-0.692	-29.016	17.655	27
N	-1.327	-27.854	17.459	28
CA	-1.852	-27.003	18.544	28
C	-2.858	-27.754	19.432	28
N	-3.681	-28.575	18.789	29
CA	-4.678	-29.439	19.39	29
C	-4.116	-30.495	20.352	29
N	-3.095	-31.24	19.917	30
CA	-2.47	-32.285	20.725	30
C	-1.799	-31.698	21.971	30
N	-1.114	-30.572	21.794	31
CA	-0.389	-29.899	22.864	31
C	-1.331	-29.246	23.887	31
N	-2.481	-28.733	23.439	32
CA	-3.542	-28.268	24.332	32
C	-4.104	-29.388	25.231	32
N	-4.317	-30.593	24.689	33
CA	-4.849	-31.725	25.453	33
C	-3.897	-32.155	26.585	33
N	-2.595	-32.235	26.299	34
CA	-1.581	-32.577	27.3	34
C	-1.442	-31.483	28.381	34
N	-1.556	-30.199	28.007	35
CA	-1.541	-29.081	28.96	35
C	-2.759	-29.098	29.894	35
N	-3.97	-29.287	29.363	36
CA	-5.185	-29.39	30.174	36
C	-5.107	-30.554	31.182	36
N	-4.499	-31.67	30.775	37
CA	-4.259	-32.818	31.644	37
C	-3.205	-32.521	32.728	37
N	-2.22	-31.661	32.45	38
CA	-1.22	-31.225	33.437	38
C	-1.818	-30.353	34.552	38
N	-2.766	-29.459	34.222	39
CA	-3.497	-28.635	35.207	39
C	-4.291	-29.526	36.17	39
N	-4.945	-30.571	35.653	40
CA	-5.705	-31.518	36.474	40
C	-4.823	-32.441	37.326	40
N	-3.607	-32.757	36.869	41
CA	-2.73	-33.745	37.525	41
C	-1.661	-33.134	38.43	41
N	-1.439	-31.816	38.372	42
CA	-0.402	-31.125	39.146	42
C	1.034	-31.539	38.792	42
N	1.233	-32.308	37.712	43
CA	2.554	-32.748	37.241	43
C	3.178	-31.679	36.351	43
N	4.496	-31.5	36.461	44
CA	5.235	-30.649	35.532	44
C	5.175	-31.245	34.125	44
N	4.61	-30.48	33.202	45
CA	4.616	-30.797	31.784	45
C	6.06	-30.707	31.253	45
N	6.591	-31.792	30.671	46
CA	7.972	-31.857	30.179	46
C	8.018	-32.157	28.677	46
N	8.139	-31.089	27.897	47
CA	8.148	-31.106	26.439	47
C	9.298	-31.923	25.817	47
N	10.447	-32.036	26.494	48
CA	11.654	-32.679	25.939	48
C	11.52	-34.183	25.642	48
N	10.501	-34.864	26.187	49
CA	10.256	-36.299	25.951	49
C	9.234	-36.599	24.849	49
N	8.463	-35.611	24.395	50
CA	7.35	-35.819	23.449	50
C	7.672	-35.405	22.002	50
N	8.867	-34.851	21.751	51
CA	9.249	-34.172	20.488	51
C	10.136	-35.032	19.57	51
N	10.528	-36.236	20.001	52
CA	11.423	-37.109	19.214	52
C	10.694	-37.734	18.003	52
N	9.359	-37.661	17.931	53
CA	8.575	-38.132	16.778	53
C	7.186	-37.467	16.752	53
N	6.868	-36.544	15.822	54
CA	5.502	-36.038	15.7	54
C	4.575	-37.2	15.295	54
N	3.461	-37.455	16.003	55
CA	2.489	-38.432	15.54	55
C	1.863	-37.91	14.241	55
N	1.96	-38.692	13.161	56
CA	1.392	-38.377	11.838	56
C	-0.149	-38.24	11.829	56
N	-0.814	-38.375	12.979	57
CA	-2.261	-38.301	13.117	57
C	-2.62	-37.787	14.517	57
N	-3.239	-36.609	14.597	58
CA	-3.918	-36.132	15.811	58
C	-5.416	-36.352	15.6	58
N	-6.171	-36.855	16.592	59
CA	-7.617	-36.992	16.458	59
C	-8.263	-35.626	16.188	59
N	-9.172	-35.544	15.209	60
CA	-9.944	-34.325	14.886	60
C	-10.651	-33.722	16.122	60
N	-10.904	-34.549	17.14	61
CA	-11.455	-34.163	18.44	61
C	-10.595	-33.126	19.175	61
N	-9.264	-33.251	19.143	62
CA	-8.374	-32.318	19.837	62
C	-8.351	-30.943	19.138	62
N	-8.419	-30.918	17.797	63
CA	-8.479	-29.68	16.992	63
C	-9.767	-28.938	17.286	63
N	-10.851	-29.704	17.297	64
CA	-12.174	-29.209	17.636	64
C	-12.196	-28.668	19.066	64
N	-11.531	-29.328	20.021	65
CA	-11.445	-28.875	21.408	65
C	-10.678	-27.55	21.559	65
N	-9.52	-27.395	20.912	66
CA	-8.727	-26.161	20.97	66
C	-9.487	-24.954	20.4	66
N	-10.029	-25.089	19.184	67
CA	-10.835	-24.035	18.562	67
C	-12.103	-23.752	19.375	67
N	-12.753	-24.798	19.898	68
CA	-13.905	-24.657	20.788	68
C	-13.546	-23.885	22.055	68
N	-12.385	-24.104	22.672	69
CA	-12.029	-23.429	23.922	69
C	-11.716	-21.941	23.741	69
N	-11.105	-21.542	22.623	70
CA	-10.862	-20.115	22.354	70
C	-12.17	-19.389	21.993	70
N	-13.074	-20.062	21.275	71
CA	-14.355	-19.495	20.843	71
C	-15.437	-19.54	21.933	71
N	-15.407	-20.559	22.795	72
CA	-16.451	-20.917	23.768	72
C	-15.872	-21.117	25.173	72
N	-14.942	-20.248	25.575	73
CA	-14.228	-20.36	26.855	73
C	-15.095	-20.209	28.114	73
N	-16.34	-19.726	27.997	74
CA	-17.292	-19.631	29.117	74
C	-16.92	-18.626	30.218	74
N	-15.941	-17.756	29.958	75
CA	-15.421	-16.754	30.886	75
C	-15.486	-15.351	30.265	75
N	-15.874	-14.36	31.069	76
CA	-15.947	-12.938	30.697	76
C	-15.115	-12.06	31.636	76
N	-14.755	-10.863	31.188	77
CA	-14.063	-9.854	31.983	77
C	-15.045	-9.158	32.944	77
N	-14.605	-8.753	34.147	78
CA	-15.506	-8.281	35.203	78
C	-16.025	-6.842	35.039	78
N	-15.563	-6.077	34.04	79
CA	-15.934	-4.66	33.88	79
C	-17.368	-4.435	33.364	79
N	-18.02	-5.488	32.877	80
CA	-19.415	-5.498	32.447	80
C	-20.067	-6.837	32.777	80
N	-21.295	-7.045	32.312	81
CA	-21.988	-8.324	32.461	81
C	-22.603	-8.788	31.137	81
N	-22.75	-10.101	30.976	82
CA	-23.22	-10.737	29.748	82
C	-24.58	-11.39	29.988	82
N	-25.516	-11.22	29.052	83
CA	-26.811	-11.913	29.042	83
C	-27.058	-12.487	27.647	83
N	-27.225	-13.801	27.541	84
CA	-27.627	-14.481	26.315	84
C	-29.133	-14.771	26.335	84
N	-29.833	-14.48	25.239	85
CA	-31.289	-14.635	25.1	85
C	-31.679	-15.369	23.821	85
N	-32.809	-16.064	23.864	86
CA	-33.432	-16.716	22.711	86
C	-34.211	-15.706	21.843	86
N	-34.082	-15.803	20.516	87
CA	-34.862	-15.021	19.545	87
C	-36.081	-15.854	19.083	87
N	-37.336	-15.344	19.11	88
CA	-37.777	-13.98	19.436	88
C	-38.305	-13.795	20.876	88
N	-38.258	-14.829	21.725	89
CA	-38.909	-14.843	23.048	89
C	-38.246	-13.917	24.079	89
N	-36.971	-13.562	23.876	90
CA	-36.091	-12.904	24.85	90
C	-35.889	-13.705	26.149	90
N	-36.163	-15.016	26.123	91
CA	-35.92	-15.931	27.244	91
C	-34.418	-16.023	27.519	91
N	-33.986	-15.774	28.756	92
CA	-32.567	-15.842	29.14	92
C	-32.068	-17.288	29.044	92
N	-31.071	-17.503	28.187	93
CA	-30.367	-18.769	27.978	93
C	-29.089	-18.873	28.814	93
N	-28.476	-17.745	29.166	94
CA	-27.31	-17.705	30.039	94
C	-26.979	-16.294	30.502	94
N	-26.274	-16.185	31.62	95
CA	-25.862	-14.922	32.221	95
C	-24.511	-15.073	32.925	95
N	-23.749	-13.99	33.049	96
CA	-22.536	-13.991	33.868	96
C	-22.876	-13.888	35.357	96
N	-22.059	-14.493	36.222	97
CA	-22.322	-14.512	37.674	97
C	-22.474	-13.103	38.278	97
N	-21.788	-12.105	37.713	98
CA	-21.844	-10.711	38.158	98
C	-23.077	-9.926	37.654	98
N	-23.949	-10.513	36.823	99
CA	-25.134	-9.825	36.284	99
C	-26.106	-9.373	37.379	99
N	-26.234	-10.132	38.476	100
CA	-27.095	-9.774	39.616	100
C	-26.685	-8.459	40.27	100
N	-25.38	-8.221	40.346	101
CA	-24.786	-7.108	41.08	101
C	-24.856	-5.834	40.241	101
N	-24.518	-5.944	38.952	102
CA	-24.607	-4.837	38.002	102
C	-26.043	-4.348	37.819	102
N	-26.994	-5.271	37.659	103
CA	-28.395	-4.912	37.472	103
C	-29.095	-4.536	38.778	103
N	-28.5	-4.805	39.946	104
CA	-29.078	-4.521	41.26	104
C	-30.297	-5.386	41.569	104
N	-30.189	-6.689	41.304	105
CA	-31.237	-7.688	41.55	105
C	-31.129	-8.331	42.946	105
N	-30.063	-8.031	43.697	106
CA	-29.831	-8.52	45.065	106
C	-30.888	-8.057	46.09	106
N	-31.677	-7.027	45.773	107
CA	-32.672	-6.411	46.662	107
C	-34.115	-6.912	46.47	107
N	-34.352	-7.93	45.633	108
CA	-35.662	-8.588	45.534	108
C	-35.857	-9.585	46.699	108
N	-36.961	-9.509	47.472	109
CA	-37.23	-10.454	48.551	109
C	-37.66	-11.804	47.961	109
N	-36.717	-12.725	47.771	110
CA	-37.019	-14.107	47.39	110
C	-37.284	-14.953	48.638	110
N	-38.543	-15.338	48.816	111
CA	-39.034	-16.304	49.801	111
C	-38.568	-17.723	49.462	111
N	-37.359	-18.116	49.873	112
CA	-36.975	-19.52	50.131	112
C	-35.489	-19.62	50.481	112
N	-35.192	-20.309	51.582	113
CA	-33.849	-20.608	52.07	113
C	-33.132	-21.637	51.171	113
N	-32.362	-21.184	50.184	114
CA	-31.233	-21.94	49.618	114
C	-30.139	-20.959	49.164	114
N	-28.877	-21.392	49.24	115
CA	-27.683	-20.543	49.37	115
C	-27.399	-19.534	48.247	115
N	-26.408	-18.666	48.492	116
CA	-25.96	-17.572	47.604	116
C	-25.711	-17.984	46.14	116
N	-25.443	-19.265	45.871	117
CA	-25.179	-19.801	44.532	117
C	-26.425	-20.08	43.661	117
N	-27.646	-20.14	44.212	118
CA	-28.857	-20.493	43.433	118
C	-29.573	-19.291	42.788	118
N	-29.228	-18.056	43.172	119
CA	-29.985	-16.859	42.755	119
C	-29.848	-16.537	41.263	119
N	-28.675	-16.788	40.68	120
CA	-28.377	-16.555	39.252	120
C	-29.113	-17.573	38.372	120
N	-29.184	-18.843	38.802	121
CA	-29.941	-19.892	38.098	121
C	-31.435	-19.585	38.021	121
N	-31.99	-18.915	39.033	122
CA	-33.396	-18.501	39.049	122
C	-33.784	-17.493	37.958	122
N	-32.818	-16.789	37.351	123
CA	-33.072	-15.854	36.246	123
C	-33.115	-16.542	34.874	123
N	-32.591	-17.766	34.767	124
CA	-32.606	-18.535	33.521	124
C	-34.057	-18.872	33.179	124
N	-34.468	-18.557	31.954	125
CA	-35.84	-18.755	31.499	125
C	-36.784	-17.56	31.681	125
N	-36.36	-16.479	32.343	126
CA	-37.131	-15.228	32.433	126
C	-36.942	-14.406	31.146	126
N	-37.932	-13.594	30.772	127
CA	-37.803	-12.613	29.688	127
C	-36.865	-11.466	30.104	127
N	-35.722	-11.332	29.429	128
CA	-34.698	-10.336	29.739	128
C	-35.198	-8.883	29.686	128
N	-36.252	-8.585	28.913	129
CA	-36.82	-7.226	28.802	129
C	-37.367	-6.724	30.136	129
N	-37.778	-7.639	31.014	130
CA	-38.294	-7.331	32.356	130
C	-37.251	-6.733	33.298	130
N	-35.962	-6.934	32.996	131
CA	-34.822	-6.436	33.769	131
C	-34.531	-4.948	33.513	131
N	-35.081	-4.38	32.438	132
CA	-34.852	-2.999	32.019	132
C	-36.133	-2.158	32.084	132
N	-36.006	-0.841	31.908	133
CA	-37.18	0.034	31.764	133
C	-38.003	-0.34	30.52	133
N	-39.329	-0.093	30.494	134
CA	-40.164	-0.427	29.334	134
C	-39.68	0.196	28.015	134
N	-39.145	1.423	28.06	135
CA	-38.53	2.079	26.898	135
C	-37.279	1.341	26.418	135
N	-36.415	0.909	27.341	136
CA	-35.231	0.101	27.025	136
C	-35.617	-1.256	26.429	136
N	-36.653	-1.912	26.968	137
CA	-37.178	-3.172	26.43	137
C	-37.719	-3.035	25.001	137
N	-38.375	-1.912	24.688	138
CA	-38.803	-1.584	23.329	138
C	-37.606	-1.33	22.396	138
N	-36.581	-0.605	22.858	139
CA	-35.343	-0.371	22.1	139
C	-34.581	-1.663	21.8	139
N	-34.477	-2.583	22.765	140
CA	-33.858	-3.901	22.57	140
C	-34.651	-4.762	21.58	140
N	-35.984	-4.763	21.685	141
CA	-36.855	-5.483	20.742	141
C	-36.721	-4.921	19.325	141
N	-36.638	-3.589	19.205	142
CA	-36.349	-2.917	17.939	142
C	-34.977	-3.337	17.415	142
N	-33.926	-3.305	18.232	143
CA	-32.576	-3.673	17.806	143
C	-32.466	-5.13	17.335	143
N	-33.109	-6.064	18.038	144
CA	-33.154	-7.466	17.631	144
C	-33.903	-7.68	16.306	144
N	-34.899	-6.851	15.975	145
CA	-35.643	-6.988	14.712	145
C	-34.846	-6.595	13.457	145
N	-33.712	-5.899	13.603	146
CA	-32.882	-5.497	12.466	146
C	-32.097	-6.692	11.916	146
N	-31.928	-6.76	10.594	147
CA	-31.114	-7.798	9.934	147
C	-29.649	-7.704	10.356	147
N	-29.122	-6.483	10.415	148
CA	-27.744	-6.182	10.79	148
C	-27.714	-5.428	12.127	148
N	-27.729	-6.193	13.224	149
CA	-27.836	-5.665	14.596	149
C	-26.658	-4.741	14.961	149
N	-25.471	-4.981	14.394	150
CA	-24.242	-4.227	14.681	150
C	-24.371	-2.722	14.438	150
N	-25.195	-2.295	13.475	151
CA	-25.385	-0.879	13.137	151
C	-26.13	-0.086	14.218	151
N	-26.92	-0.766	15.051	152
CA	-27.631	-0.148	16.171	152
C	-26.829	-0.181	17.472	152
N	-25.686	-0.87	17.493	153
CA	-24.813	-0.862	18.654	153
C	-24.096	0.502	18.782	153
N	-23.935	1.037	20.005	154
CA	-24.519	0.548	21.252	154
C	-25.971	1.029	21.434	154
N	-26.814	0.193	22.043	155
CA	-28.167	0.573	22.476	155
C	-28.109	1.033	23.93	155
N	-28.565	2.25	24.224	156
CA	-28.626	2.741	25.601	156
C	-29.814	2.113	26.343	156
N	-29.538	1.409	27.44	157
CA	-30.558	0.766	28.28	157
C	-30.404	1.164	29.742	157
N	-31.514	1.194	30.473	158
CA	-31.539	1.521	31.898	158
C	-32.041	0.321	32.698	158
N	-31.306	-0.063	33.748	159
CA	-31.766	-1.099	34.686	159
C	-33.085	-0.673	35.324	159
N	-34.024	-1.61	35.456	160
CA	-35.327	-1.328	36.057	160
C	-35.223	-0.96	37.537	160
N	-34.366	-1.648	38.291	161
CA	-34.263	-1.504	39.753	161
C	-33.364	-0.342	40.158	161
N	-32.216	-0.172	39.496	162
CA	-31.225	0.854	39.869	162
C	-31.285	2.11	39.01	162
N	-31.993	2.077	37.873	163
CA	-32.004	3.144	36.858	163
C	-30.606	3.521	36.335	163
N	-29.587	2.684	36.581	164
CA	-28.237	2.896	36.057	164
C	-28.225	2.696	34.535	164
N	-27.545	3.577	33.78	165
CA	-27.428	3.456	32.335	165
C	-26.321	2.468	31.943	165
N	-26.597	1.673	30.915	166
CA	-25.673	0.721	30.313	166
C	-25.67	0.876	28.795	166
N	-24.499	0.707	28.189	167
CA	-24.395	0.397	26.772	167
C	-24.67	-1.096	26.601	167
N	-25.75	-1.436	25.902	168
CA	-26.029	-2.79	25.452	168
C	-25.45	-2.987	24.049	168
N	-24.543	-3.95	23.913	169
CA	-23.942	-4.352	22.645	169
C	-24.468	-5.74	22.296	169
N	-25.207	-5.824	21.193	170
CA	-25.932	-7.021	20.798	170
C	-25.209	-7.741	19.656	170
N	-25.062	-9.058	19.787	171
CA	-24.447	-9.927	18.786	171
C	-25.298	-11.181	18.571	171
N	-25.643	-11.498	17.317	172
CA	-26.272	-12.786	16.978	172
C	-25.24	-13.911	17.022	172
N	-25.606	-15.002	17.681	173
CA	-24.852	-16.253	17.784	173
C	-25.736	-17.429	17.344	173
N	-25.174	-18.634	17.325	174
CA	-25.878	-19.87	16.963	174
C	-27.078	-20.197	17.868	174
N	-27.02	-19.828	19.15	175
CA	-28.086	-20.091	20.12	175
C	-29.133	-18.964	20.256	175
N	-28.895	-17.775	19.692	176
CA	-29.728	-16.591	19.925	176
C	-28.926	-15.289	19.883	176
N	-29.167	-14.379	20.827	177
CA	-28.506	-13.068	20.905	177
C	-27.728	-12.954	22.217	177
N	-26.458	-12.563	22.139	178
CA	-25.638	-12.167	23.292	178
C	-25.717	-10.654	23.454	178
N	-26.039	-10.201	24.662	179
CA	-26.072	-8.801	25.071	179
C	-24.956	-8.551	26.083	179
N	-23.924	-7.832	25.656	180
CA	-22.884	-7.326	26.544	180
C	-23.34	-5.986	27.124	180
N	-23.363	-5.881	28.45	181
CA	-23.796	-4.694	29.177	181
C	-22.592	-4.041	29.839	181
N	-22.235	-2.865	29.34	182
CA	-21.122	-2.073	29.847	182
C	-21.641	-0.813	30.551	182
N	-21.108	-0.448	31.728	183
CA	-21.576	0.727	32.454	183
C	-21.319	2.018	31.658	183
N	-22.345	2.868	31.551	184
CA	-22.253	4.187	30.926	184
C	-22.123	5.293	31.992	184
N	-21.353	6.353	31.708	185
CA	-21.238	7.518	32.605	185
C	-22.379	8.495	32.335	185
N	-23.137	8.869	33.365	186
CA	-24.164	9.916	33.294	186
C	-23.514	11.278	33.001	186
N	-23.56	11.73	31.746	187
CA	-22.919	12.967	31.27	187
C	-22.034	12.794	30.03	187
N	-21.833	11.561	29.559	188
CA	-21.163	11.294	28.287	188
C	-21.948	11.952	27.127	188
N	-21.354	12.839	26.303	189
CA	-22.037	13.436	25.148	189
C	-22.543	12.398	24.132	189
N	-22.113	11.136	24.247	190
CA	-22.705	10.002	23.543	190
C	-24.147	9.646	23.984	190
N	-24.674	10.227	25.072	191
CA	-26.019	9.947	25.604	191
C	-27.165	10.63	24.84	191
N	-26.899	11.697	24.085	192
CA	-27.943	12.536	23.465	192
C	-28.334	12.121	22.046	192
N	-27.56	11.256	21.379	193
CA	-27.777	10.844	19.986	193
C	-27.71	9.313	19.848	193
N	-28.611	8.715	19.067	194
CA	-28.713	7.261	18.938	194
C	-27.532	6.629	18.16	194
N	-26.853	5.653	18.779	195
CA	-26.1	4.582	18.105	195
C	-24.756	4.943	17.45	195
N	-24.347	4.095	16.498	196
CA	-23.086	4.13	15.748	196
C	-22.711	5.503	15.15	196
N	-23.703	6.347	14.842	197
CA	-23.539	7.679	14.232	197
C	-22.612	8.58	15.049	197
N	-22.794	8.647	16.372	198
CA	-21.973	9.524	17.213	198
C	-20.535	9.008	17.328	198
N	-20.378	7.688	17.422	199
CA	-19.079	7.014	17.412	199
C	-18.314	7.32	16.123	199
N	-18.993	7.262	14.978	200
CA	-18.382	7.544	13.682	200
C	-18.026	9.028	13.531	200
N	-18.863	9.96	14.019	201
CA	-18.536	11.402	14.071	201
C	-17.232	11.698	14.821	201
N	-16.917	10.954	15.887	202
CA	-15.655	11.115	16.626	202
C	-14.426	10.739	15.784	202
N	-14.572	9.78	14.867	203
CA	-13.499	9.335	13.984	203
C	-13.324	10.221	12.742	203
N	-14.348	10.982	12.323	204
CA	-14.315	11.789	11.084	204
C	-13.089	12.693	11.014	204
N	-12.762	13.427	12.086	205
CA	-11.587	14.32	12.088	205
C	-10.274	13.568	11.857	205
N	-10.126	12.391	12.466	206
CA	-8.956	11.533	12.279	206
C	-8.916	10.944	10.858	206
N	-10.07	10.559	10.308	207
CA	-10.183	10.046	8.936	207
C	-9.868	11.138	7.907	207
N	-10.406	12.349	8.074	208
CA	-10.109	13.5	7.214	208
C	-8.616	13.845	7.259	208
N	-7.99	13.806	8.448	209
CA	-6.534	13.962	8.599	209
C	-5.776	12.879	7.828	209
N	-6.172	11.616	7.977	210
CA	-5.55	10.48	7.296	210
C	-5.656	10.572	5.764	210
N	-6.808	11.001	5.239	211
CA	-7.041	11.174	3.798	211
C	-6.353	12.413	3.21	211
N	-6.026	13.407	4.042	212
CA	-5.32	14.622	3.613	212
C	-3.808	14.44	3.449	212
N	-3.258	13.302	3.883	213
CA	-1.833	13.014	3.752	213
C	-1.458	12.768	2.283	213
N	-0.279	13.238	1.834	214
CA	0.227	12.89	0.515	214
C	0.456	11.376	0.439	214
N	0.04	10.758	-0.667	215
CA	0.314	9.341	-0.9	215
C	1.802	9.065	-1.145	215
N	2.204	7.803	-1.025	216
CA	3.563	7.305	-1.252	216
C	4.366	6.984	0.013	216
N	3.854	7.297	1.209	217
CA	4.544	7.049	2.482	217
C	3.662	6.283	3.487	217
N	3.894	4.969	3.578	218
CA	3.218	4.088	4.543	218
C	3.626	4.431	5.987	218
N	4.839	4.948	6.21	219
CA	5.326	5.356	7.528	219
C	4.521	6.53	8.08	219
N	4.364	7.595	7.288	220
CA	3.561	8.765	7.659	220
C	2.09	8.419	7.961	220
N	1.515	7.464	7.216	221
CA	0.178	6.942	7.5	221
C	0.126	6.225	8.857	221
N	1.094	5.349	9.147	222
CA	1.175	4.642	10.427	222
C	1.332	5.613	11.61	222
N	2.204	6.616	11.479	223
CA	2.473	7.625	12.512	223
C	1.226	8.454	12.844	223
N	0.489	8.878	11.818	224
CA	-0.755	9.633	12.011	224
C	-1.818	8.799	12.73	224
N	-1.911	7.504	12.408	225
CA	-2.861	6.59	13.053	225
C	-2.524	6.37	14.525	225
N	-1.254	6.143	14.885	226
CA	-0.891	5.948	16.3	226
C	-1.168	7.202	17.125	226
N	-0.91	8.393	16.577	227
CA	-1.228	9.669	17.221	227
C	-2.728	9.847	17.463	227
N	-3.549	9.6	16.442	228
CA	-4.992	9.797	16.538	228
C	-5.63	8.755	17.469	228
N	-5.184	7.494	17.418	229
CA	-5.627	6.449	18.354	229
C	-5.197	6.786	19.782	229
N	-3.967	7.258	20.006	230
CA	-3.524	7.688	21.335	230
C	-4.354	8.871	21.843	230
N	-4.641	9.865	20.995	231
CA	-5.462	11.031	21.357	231
C	-6.9	10.642	21.711	231
N	-7.495	9.702	20.973	232
CA	-8.868	9.234	21.198	232
C	-9.005	8.355	22.448	232
N	-7.996	7.539	22.75	233
CA	-8.099	6.488	23.778	233
C	-7.327	6.805	25.063	233
N	-6.275	7.619	24.972	234
CA	-5.368	7.999	26.056	234
C	-4.519	6.851	26.617	234
N	-4.23	5.819	25.819	235
CA	-3.275	4.766	26.194	235
C	-1.849	5.326	26.351	235
N	-1.028	4.69	27.198	236
CA	0.327	5.197	27.489	236
C	1.272	4.949	26.311	236
N	1.06	3.848	25.587	237
CA	1.77	3.469	24.367	237
C	0.754	3.018	23.332	237
N	0.911	3.438	22.086	238
CA	0.158	2.941	20.932	238
C	1.15	2.641	19.819	238
N	1.034	1.469	19.205	239
CA	1.981	0.995	18.201	239
C	1.279	0.284	17.046	239
N	1.84	0.395	15.842	240
CA	1.441	-0.399	14.673	240
C	2.367	-1.604	14.578	240
N	1.771	-2.791	14.598	241
CA	2.435	-4.084	14.512	241
C	2.13	-4.723	13.152	241
N	3.098	-4.727	12.238	242
CA	2.965	-5.277	10.886	242
C	3.327	-6.765	10.871	242
N	2.549	-7.602	10.175	243
CA	2.914	-8.999	9.905	243
C	3.708	-9.12	8.596	243
N	4.833	-9.826	8.649	244
CA	5.66	-10.196	7.499	244
C	5.137	-11.468	6.808	244
N	5.789	-11.912	5.729	245
CA	5.334	-13.071	4.937	245
C	5.402	-14.409	5.687	245
N	6.366	-14.547	6.591	246
CA	6.562	-15.662	7.525	246
C	5.735	-15.512	8.817	246
N	4.808	-14.549	8.849	247
CA	3.889	-14.264	9.949	247
C	4.519	-13.76	11.258	247
N	5.839	-13.547	11.316	248
CA	6.419	-12.762	12.404	248
C	5.948	-11.312	12.272	248
N	6.021	-10.537	13.348	249
CA	5.644	-9.136	13.252	249
C	6.628	-8.159	13.846	249
N	6.512	-6.933	13.369	250
CA	7.438	-5.834	13.593	250
C	6.666	-4.602	14.054	250
N	7.216	-3.883	15.031	251
CA	6.688	-2.576	15.429	251
C	7.218	-1.501	14.482	251
N	6.401	-1.095	13.511	252
CA	6.797	-0.153	12.444	252
C	6.567	1.315	12.797	252
N	5.654	1.591	13.729	253
CA	5.375	2.936	14.241	253
C	4.942	2.854	15.701	253
N	5.309	3.858	16.494	254
CA	5.043	3.907	17.927	254
C	4.922	5.346	18.433	254
N	3.898	5.594	19.251	255
CA	3.817	6.755	20.134	255
C	3.696	6.292	21.583	255
N	4.405	6.958	22.494	256
CA	4.454	6.559	23.902	256
C	4.626	7.738	24.842	256
N	4.29	7.515	26.108	257
CA	4.711	8.362	27.221	257
C	6.242	8.337	27.325	257
N	6.837	9.485	27.633	258
CA	8.282	9.722	27.513	258
C	9.148	8.834	28.418	258
N	8.61	8.37	29.545	259
CA	9.262	7.533	30.561	259
C	9.389	6.044	30.196	259
N	8.642	5.555	29.203	260
CA	8.624	4.132	28.845	260
C	9.774	3.743	27.895	260
N	10.205	2.483	27.864	261
CA	11.223	2.044	26.887	261
C	10.636	1.969	25.464	261
N	11.329	2.401	24.398	262
CA	10.8	2.312	23.034	262
C	10.768	0.862	22.524	262
N	9.689	0.469	21.84	263
CA	9.586	-0.826	21.146	263
C	9.7	-0.71	19.624	263
N	9.82	0.512	19.102	264
CA	9.986	0.786	17.678	264
C	11.13	-0.032	17.045	264
N	10.82	-0.72	15.944	265
CA	11.728	-1.578	15.181	265
C	12.005	-2.95	15.803	265
N	11.323	-3.329	16.893	266
CA	11.449	-4.671	17.464	266
C	10.612	-5.686	16.682	266
N	11.253	-6.793	16.317	267
CA	10.629	-7.965	15.721	267
C	10.248	-8.982	16.797	267
N	9.091	-9.599	16.601	268
CA	8.488	-10.596	17.468	268
C	8.103	-11.821	16.623	268
N	8.529	-13.032	17.011	269
CA	8.161	-14.288	16.366	269
C	6.653	-14.479	16.178	269
N	6.281	-15.173	15.098	270
CA	4.891	-15.485	14.745	270
C	4.101	-16.173	15.877	270
N	4.802	-16.92	16.734	271
CA	4.239	-17.675	17.86	271
C	3.629	-16.794	18.954	271
N	4.003	-15.509	19.036	272
CA	3.436	-14.579	20.028	272
C	1.954	-14.284	19.764	272
N	1.525	-14.385	18.502	273
CA	0.126	-14.256	18.096	273
C	-0.251	-15.496	17.27	273
N	-0.716	-16.576	17.932	274
CA	-1.033	-17.837	17.269	274
C	-2.007	-17.661	16.104	274
N	-1.911	-18.523	15.091	275
CA	-2.745	-18.445	13.887	275
C	-4.252	-18.397	14.206	275
N	-4.714	-19.146	15.215	276
CA	-6.105	-19.106	15.671	276
C	-6.516	-17.722	16.208	276
N	-5.63	-17.038	16.94	277
CA	-5.871	-15.673	17.399	277
C	-5.903	-14.688	16.221	277
N	-4.99	-14.834	15.25	278
CA	-4.966	-14.021	14.019	278
C	-6.241	-14.197	13.194	278
N	-6.757	-15.422	13.092	279
CA	-8.04	-15.692	12.444	279
C	-9.214	-15.031	13.181	279
N	-9.222	-15.063	14.517	280
CA	-10.254	-14.387	15.307	280
C	-10.206	-12.866	15.161	280
N	-9.024	-12.256	15.039	281
CA	-8.9	-10.818	14.759	281
C	-9.49	-10.413	13.4	281
N	-9.554	-11.335	12.426	282
CA	-10.265	-11.077	11.162	282
C	-11.782	-10.99	11.354	282
N	-12.338	-11.753	12.3	283
CA	-13.773	-11.765	12.606	283
C	-14.157	-10.642	13.574	283
N	-13.456	-10.555	14.703	284
CA	-13.63	-9.526	15.714	284
C	-12.451	-8.549	15.656	284
N	-12.705	-7.374	15.08	285
CA	-11.679	-6.382	14.739	285
C	-11.179	-5.572	15.929	285
N	-11.862	-5.614	17.073	286
CA	-11.494	-4.836	18.261	286
C	-11.512	-5.722	19.493	286
N	-10.399	-5.748	20.223	287
CA	-10.287	-6.474	21.486	287
C	-9.727	-5.568	22.565	287
N	-10.465	-5.418	23.659	288
CA	-10.014	-4.685	24.84	288
C	-9.817	-5.648	26.011	288
N	-8.726	-5.466	26.744	289
CA	-8.446	-6.078	28.04	289
C	-8.304	-4.925	29.028	289
N	-9.269	-4.77	29.935	290
CA	-9.261	-3.644	30.876	290
C	-8.194	-3.781	31.959	290
N	-7.995	-5.004	32.441	291
CA	-7.033	-5.349	33.48	291
C	-6.664	-6.83	33.332	291
N	-5.386	-7.117	33.087	292
CA	-4.876	-8.481	32.967	292
C	-4.851	-9.244	34.3	292
N	-4.882	-8.536	35.434	293
CA	-4.834	-9.114	36.779	293
C	-6.232	-9.371	37.361	293
N	-7.285	-8.894	36.695	294
CA	-8.65	-9.062	37.163	294
C	-9.121	-10.519	37.023	294
N	-9.837	-11.015	38.035	295
CA	-10.365	-12.385	38.023	295
C	-11.51	-12.502	37.005	295
N	-11.448	-13.443	36.043	296
CA	-12.52	-13.635	35.073	296
C	-13.789	-14.181	35.741	296
N	-14.946	-13.801	35.207	297
CA	-16.275	-14.177	35.704	297
C	-16.837	-15.311	34.855	297
N	-17.455	-16.307	35.491	298
CA	-18.038	-17.457	34.798	298
C	-19.405	-17.117	34.201	298
N	-19.695	-17.703	33.04	299
CA	-21.023	-17.675	32.415	299
C	-21.808	-18.913	32.847	299
N	-22.963	-18.698	33.469	300
CA	-23.928	-19.739	33.829	300
C	-24.961	-19.827	32.717	300
N	-25.091	-21.005	32.115	301
CA	-26.007	-21.253	31.003	301
C	-27.067	-22.295	31.363	301
N	-28.168	-22.286	30.615	302
CA	-29.219	-23.298	30.678	302
C	-28.662	-24.682	30.343	302
N	-29.124	-25.709	31.058	303
CA	-28.785	-27.11	30.767	303
C	-29.326	-27.577	29.403	303
N	-30.279	-26.838	28.819	304
CA	-30.782	-27.06	27.457	304
C	-29.665	-26.888	26.395	304
N	-28.628	-26.086	26.682	305
CA	-27.501	-25.841	25.779	305
C	-26.406	-26.909	25.939	305
N	-26.327	-27.838	24.973	306
CA	-25.321	-28.927	24.94	306
C	-23.868	-28.459	24.792	306
N	-23.646	-27.237	24.305	307
CA	-22.316	-26.652	24.078	307
C	-22.217	-25.321	24.822	307
N	-21.022	-24.907	25.277	308
CA	-20.863	-23.589	25.872	308
C	-21.179	-22.482	24.859	308
N	-21.685	-21.339	25.319	309
CA	-22.015	-20.201	24.45	309
C	-20.798	-19.725	23.631	309
N	-21.03	-19.32	22.378	310
CA	-20.0	-18.715	21.534	310
C	-19.762	-17.258	21.948	310
N	-18.541	-16.94	22.385	311
CA	-18.16	-15.617	22.892	311
C	-17.238	-14.85	21.935	311
N	-17.04	-15.329	20.703	312
CA	-16.092	-14.738	19.735	312
C	-16.33	-13.24	19.514	312
N	-17.596	-12.857	19.345	313
CA	-18.006	-11.476	19.086	313
C	-18.245	-10.664	20.365	313
N	-18.24	-11.3	21.542	314
CA	-18.473	-10.598	22.804	314
C	-17.309	-9.658	23.116	314
N	-17.629	-8.408	23.445	315
CA	-16.669	-7.393	23.889	315
C	-16.066	-7.738	25.247	315
N	-16.784	-8.535	26.042	316
CA	-16.418	-8.94	27.394	316
C	-15.623	-10.248	27.432	316
N	-15.313	-10.885	26.296	317
CA	-14.6	-12.174	26.281	317
C	-13.293	-12.115	27.086	317
N	-13.097	-13.076	27.993	318
CA	-11.885	-13.149	28.805	318
C	-10.626	-13.439	27.954	318
N	-9.465	-12.85	28.296	319
CA	-8.189	-13.239	27.711	319
C	-7.773	-14.654	28.13	319
N	-6.978	-15.31	27.284	320
CA	-6.387	-16.603	27.624	320
C	-5.273	-16.408	28.665	320
N	-5.129	-17.328	29.626	321
CA	-4.184	-17.187	30.748	321
C	-2.71	-17.03	30.34	321
N	-2.293	-17.629	29.22	322
CA	-0.946	-17.396	28.678	322
C	-0.723	-15.927	28.282	322
N	-1.745	-15.28	27.715	323
CA	-1.641	-13.899	27.256	323
C	-1.71	-12.908	28.423	323
N	-2.486	-13.193	29.475	324
CA	-2.483	-12.344	30.681	324
C	-1.117	-12.34	31.354	324
N	-0.468	-13.501	31.455	325
CA	0.885	-13.578	31.996	325
C	1.93	-12.96	31.035	325
N	1.722	-12.996	29.708	326
CA	2.542	-12.245	28.735	326
C	2.479	-10.741	28.987	326
N	1.266	-10.206	29.12	327
CA	1.035	-8.796	29.421	327
C	1.68	-8.391	30.752	327
N	1.528	-9.225	31.788	328
CA	2.155	-9.01	33.089	328
C	3.692	-8.967	32.995	328
N	4.309	-9.888	32.244	329
CA	5.76	-9.908	32.033	329
C	6.258	-8.686	31.237	329
N	5.432	-8.145	30.336	330
CA	5.747	-6.962	29.523	330
C	5.5	-5.638	30.271	330
N	4.846	-5.676	31.439	331
CA	4.458	-4.484	32.201	331
C	3.216	-3.76	31.66	331
N	2.413	-4.42	30.819	332
CA	1.137	-3.897	30.32	332
C	-0.011	-4.443	31.167	332
N	-0.786	-3.559	31.798	333
CA	-1.946	-3.947	32.622	333
C	-3.231	-3.948	31.798	333
N	-3.426	-2.922	30.969	334
CA	-4.542	-2.842	30.031	334
C	-4.039	-2.862	28.586	334
N	-4.839	-3.441	27.69	335
CA	-4.536	-3.527	26.262	335
C	-5.763	-3.253	25.393	335
N	-5.568	-2.551	24.28	336
CA	-6.548	-2.4	23.205	336
C	-5.894	-2.8	21.884	336
N	-6.375	-3.863	21.248	337
CA	-5.9	-4.319	19.947	337
C	-6.972	-4.087	18.874	337
N	-6.59	-3.426	17.783	338
CA	-7.431	-3.112	16.631	338
C	-6.845	-3.778	15.378	338
N	-7.659	-4.49	14.603	339
CA	-7.204	-5.235	13.434	339
C	-7.103	-4.359	12.178	339
N	-5.966	-4.433	11.479	340
CA	-5.76	-3.798	10.172	340
C	-5.962	-4.865	9.096	340
N	-7.083	-4.783	8.383	341
CA	-7.461	-5.754	7.35	341
C	-7.368	-5.099	5.979	341
N	-6.636	-5.737	5.068	342
CA	-6.475	-5.302	3.674	342
C	-7.062	-6.374	2.759	342
N	-7.786	-5.974	1.709	343
CA	-8.281	-6.92	0.702	343
C	-7.222	-7.166	-0.369	343
N	-6.792	-8.42	-0.498	344
CA	-6.031	-8.888	-1.656	344
C	-6.952	-9.234	-2.832	344
N	-6.371	-9.718	-3.941	345
CA	-7.113	-10.083	-5.167	345
C	-8.234	-11.11	-4.913	345
N	-8.007	-12.081	-4.016	346
CA	-8.947	-13.194	-3.776	346
C	-9.469	-13.31	-2.328	346
N	-8.845	-12.651	-1.339	347
CA	-9.27	-12.758	0.07	347
C	-8.788	-11.605	0.96	347
N	-9.437	-11.43	2.117	348
CA	-9.014	-10.487	3.159	348
C	-7.815	-11.024	3.958	348
N	-6.7	-10.291	3.931	349
CA	-5.488	-10.566	4.714	349
C	-5.46	-9.659	5.952	349
N	-5.028	-10.21	7.088	350
CA	-4.698	-9.411	8.271	350
C	-3.293	-8.854	8.024	350
N	-3.178	-7.552	7.775	351
CA	-1.895	-6.906	7.476	351
C	-1.112	-6.609	8.756	351
N	-1.823	-6.24	9.821	352
CA	-1.225	-5.881	11.099	352
C	-2.264	-5.642	12.188	352
N	-1.798	-5.174	13.342	353
CA	-2.616	-4.736	14.471	353
C	-2.164	-3.347	14.938	353
N	-3.096	-2.493	15.356	354
CA	-2.782	-1.343	16.215	354
C	-2.994	-1.77	17.657	354
N	-1.95	-1.689	18.474	355
CA	-1.966	-2.16	19.861	355
C	-1.69	-0.994	20.802	355
N	-2.623	-0.727	21.712	356
CA	-2.48	0.219	22.81	356
C	-2.146	-0.507	24.109	356
N	-1.073	-0.119	24.799	357
CA	-0.693	-0.619	26.125	357
C	-0.799	0.489	27.177	357
N	-1.36	0.153	28.339	358
CA	-1.441	1.047	29.495	358
C	-0.819	0.367	30.712	358
N	-0.098	1.135	31.525	359
CA	0.545	0.626	32.739	359
C	-0.429	0.491	33.922	359
N	-1.667	0.969	33.777	360
CA	-2.734	0.858	34.776	360
C	-4.023	0.316	34.143	360
N	-5.001	-0.162	34.935	361
CA	-6.292	-0.578	34.402	361
C	-6.966	0.551	33.619	361
N	-7.452	0.255	32.41	362
CA	-8.068	1.262	31.536	362
C	-9.33	0.737	30.877	362
N	-10.408	1.497	31.027	363
CA	-11.669	1.253	30.34	363
C	-11.874	2.297	29.244	363
N	-12.064	1.831	28.008	364
CA	-12.451	2.67	26.87	364
C	-13.916	2.381	26.523	364
N	-14.816	3.377	26.642	365
CA	-16.227	3.231	26.291	365
C	-16.44	2.671	24.881	365
N	-17.497	1.873	24.693	366
CA	-17.83	1.293	23.387	366
C	-17.897	2.32	22.238	366
N	-18.494	3.526	22.394	367
CA	-18.509	4.512	21.313	367
C	-17.117	4.893	20.792	367
N	-16.132	5.029	21.685	368
CA	-14.749	5.319	21.293	368
C	-14.082	4.113	20.627	368
N	-14.361	2.892	21.095	369
CA	-13.848	1.669	20.456	369
C	-14.392	1.493	19.042	369
N	-15.676	1.774	18.841	370
CA	-16.306	1.734	17.526	370
C	-15.789	2.854	16.607	370
N	-15.497	4.04	17.159	371
CA	-14.803	5.109	16.436	371
C	-13.418	4.65	15.942	371
N	-12.63	4.014	16.814	372
CA	-11.331	3.45	16.451	372
C	-11.45	2.326	15.412	372
N	-12.473	1.47	15.495	373
CA	-12.74	0.464	14.462	373
C	-12.98	1.121	13.099	373
N	-13.811	2.164	13.058	374
CA	-14.1	2.891	11.827	374
C	-12.848	3.579	11.26	374
N	-12.003	4.151	12.127	375
CA	-10.689	4.675	11.748	375
C	-9.784	3.583	11.151	375
N	-9.766	2.364	11.71	376
CA	-8.992	1.247	11.142	376
C	-9.496	0.808	9.77	376
N	-10.805	0.885	9.517	377
CA	-11.352	0.584	8.193	377
C	-10.911	1.628	7.161	377
N	-10.956	2.916	7.52	378
CA	-10.436	3.99	6.676	378
C	-8.927	3.832	6.426	378
N	-8.163	3.475	7.461	379
CA	-6.737	3.19	7.339	379
C	-6.445	1.982	6.447	379
N	-7.202	0.889	6.577	380
CA	-7.075	-0.278	5.7	380
C	-7.337	0.05	4.226	380
N	-8.298	0.939	3.939	381
CA	-8.564	1.435	2.582	381
C	-7.409	2.292	2.047	381
N	-6.883	3.217	2.854	382
CA	-5.76	4.067	2.45	382
C	-4.492	3.238	2.213	382
N	-4.194	2.303	3.115	383
CA	-3.084	1.366	2.971	383
C	-3.227	0.506	1.706	383
N	-4.446	0.078	1.363	384
CA	-4.693	-0.639	0.114	384
C	-4.373	0.224	-1.114	384
N	-4.731	1.511	-1.096	385
CA	-4.394	2.441	-2.177	385
C	-2.877	2.606	-2.318	385
N	-2.145	2.727	-1.208	386
CA	-0.676	2.796	-1.227	386
C	-0.028	1.522	-1.771	386
N	-0.509	0.35	-1.35	387
CA	-0.014	-0.931	-1.859	387
C	-0.297	-1.097	-3.361	387
N	-1.44	-0.601	-3.844	388
CA	-1.764	-0.588	-5.273	388
C	-0.861	0.369	-6.052	388
N	-0.617	1.574	-5.53	389
CA	0.309	2.536	-6.125	389
C	1.729	1.956	-6.202	389
N	2.212	1.325	-5.128	390
CA	3.508	0.649	-5.104	390
C	3.589	-0.481	-6.149	390
N	2.521	-1.275	-6.301	391
CA	2.424	-2.304	-7.347	391
C	2.464	-1.702	-8.756	391
N	1.76	-0.594	-9.002	392
CA	1.778	0.099	-10.297	392
C	3.156	0.691	-10.617	392
N	3.841	1.261	-9.622	393
CA	5.209	1.757	-9.781	393
C	6.189	0.616	-10.087	393
N	6.018	-0.549	-9.455	394
CA	6.795	-1.748	-9.76	394
C	6.536	-2.259	-11.191	394
N	5.282	-2.267	-11.658	395
CA	4.93	-2.606	-13.048	395
C	5.524	-1.607	-14.053	395
N	5.477	-0.3	-13.756	396
CA	6.12	0.74	-14.577	396
C	7.637	0.544	-14.648	396
N	8.278	0.187	-13.528	397
CA	9.706	-0.167	-13.489	397
C	9.976	-1.389	-14.373	397
N	9.161	-2.443	-14.282	398
CA	9.293	-3.64	-15.116	398
C	9.118	-3.348	-16.62	398
N	8.167	-2.488	-17.007	399
CA	8.031	-2.027	-18.397	399
C	9.278	-1.273	-18.871	399
N	9.827	-0.365	-18.051	400
CA	11.089	0.328	-18.366	400
C	12.25	-0.659	-18.534	400
N	12.308	-1.703	-17.705	401
CA	13.279	-2.801	-17.827	401
C	13.108	-3.564	-19.148	401
N	11.88	-3.79	-19.626	402
CA	11.631	-4.408	-20.938	402
C	12.05	-3.508	-22.106	402
N	11.76	-2.204	-22.051	403
CA	12.257	-1.234	-23.045	403
C	13.782	-1.256	-23.102	403
N	14.43	-1.272	-21.935	404
CA	15.879	-1.382	-21.83	404
C	16.42	-2.68	-22.463	404
N	15.745	-3.819	-22.263	405
CA	16.112	-5.086	-22.91	405
C	16.023	-5.002	-24.444	405
N	15.009	-4.32	-24.985	406
CA	14.878	-4.073	-26.424	406
C	16.002	-3.174	-26.968	406
N	16.408	-2.138	-26.233	407
CA	17.533	-1.278	-26.632	407
C	18.864	-2.044	-26.626	407
N	19.063	-2.927	-25.641	408
CA	20.253	-3.782	-25.554	408
C	20.314	-4.816	-26.689	408
N	19.155	-5.275	-27.17	409
CA	18.998	-6.195	-28.301	409
C	19.488	-5.617	-29.632	409
N	19.37	-4.301	-29.807	410
CA	19.749	-3.595	-31.033	410
C	21.266	-3.367	-31.16	410
N	22.074	-3.82	-30.191	411
CA	23.525	-3.589	-30.177	411
C	24.286	-4.641	-30.987	411
N	25.206	-4.179	-31.834	412
CA	25.975	-5.022	-32.768	412
C	26.995	-5.964	-32.105	412
N	27.413	-5.675	-30.868	413
CA	28.447	-6.458	-30.177	413
C	28.044	-6.82	-28.756	413
N	28.369	-8.049	-28.36	414
CA	28.125	-8.588	-27.011	414
C	28.801	-7.743	-25.927	414
N	29.969	-7.171	-26.23	415
CA	30.664	-6.251	-25.326	415
C	29.877	-4.965	-25.08	415
N	29.107	-4.489	-26.066	416
CA	28.335	-3.256	-25.946	416
C	27.222	-3.356	-24.897	416
N	26.727	-4.56	-24.598	417
CA	25.764	-4.815	-23.512	417
C	26.348	-4.379	-22.15	417
N	27.664	-4.525	-21.97	418
CA	28.373	-4.158	-20.735	418
C	28.948	-2.745	-20.798	418
N	29.505	-2.345	-21.944	419
CA	30.303	-1.113	-22.041	419
C	29.5	0.145	-22.353	419
N	28.297	0.031	-22.922	420
CA	27.474	1.19	-23.285	420
C	26.343	1.396	-22.28	420
N	26.049	2.657	-21.974	421
CA	24.899	3.045	-21.162	421
C	23.656	3.208	-22.044	421
N	22.496	2.681	-21.635	422
CA	22.276	1.932	-20.397	422
C	22.874	0.51	-20.458	422
N	23.584	0.094	-19.412	423
CA	24.34	-1.163	-19.365	423
C	23.626	-2.258	-18.572	423
N	24.254	-3.433	-18.439	424
CA	23.707	-4.542	-17.622	424
C	23.443	-4.18	-16.148	424
N	24.083	-3.131	-15.618	425
CA	23.849	-2.635	-14.255	425
C	22.564	-1.808	-14.123	425
N	22.035	-1.256	-15.218	426
CA	20.785	-0.484	-15.193	426
C	19.547	-1.397	-15.204	426
N	19.739	-2.674	-15.556	427
CA	18.686	-3.686	-15.602	427
C	18.244	-4.134	-14.199	427
N	19.194	-4.239	-13.267	428
CA	19.022	-4.847	-11.94	428
C	19.757	-4.004	-10.906	428
N	19.209	-3.826	-9.694	429
CA	19.953	-3.131	-8.632	429
C	21.147	-3.99	-8.206	429
N	22.353	-3.614	-8.61	430
CA	23.594	-4.312	-8.276	430
C	24.74	-3.32	-8.056	430
N	25.752	-3.731	-7.292	431
CA	26.957	-2.919	-7.07	431
C	27.995	-3.126	-8.179	431
N	27.929	-4.262	-8.875	432
CA	28.752	-4.548	-10.04	432
C	28.214	-5.697	-10.878	432
N	28.766	-5.845	-12.075	433
CA	28.395	-6.883	-13.018	433
C	29.578	-7.277	-13.919	433
N	29.569	-8.513	-14.416	434
CA	30.61	-9.055	-15.276	434
C	30.049	-9.896	-16.428	434
N	30.714	-9.82	-17.579	435
CA	30.527	-10.729	-18.709	435
C	31.779	-11.59	-18.855	435
N	31.602	-12.906	-18.851	436
CA	32.64	-13.867	-19.199	436
C	32.282	-14.508	-20.538	436
N	33.021	-14.164	-21.593	437
CA	32.738	-14.637	-22.948	437
C	34.025	-14.963	-23.706	437
N	34.107	-16.182	-24.259	438
CA	35.271	-16.687	-25.021	438
C	36.615	-16.493	-24.302	438
N	36.624	-16.704	-22.986	439
CA	37.821	-16.598	-22.148	439
C	38.28	-15.17	-21.842	439
N	37.529	-14.144	-22.265	440
CA	37.735	-12.745	-21.875	440
C	36.706	-12.333	-20.829	440
N	37.118	-11.451	-19.927	441
CA	36.268	-10.909	-18.881	441
C	36.087	-9.394	-19.056	441
N	34.845	-8.92	-18.982	442
CA	34.503	-7.499	-18.913	442
C	33.853	-7.234	-17.561	442
N	34.413	-6.3	-16.795	443
CA	34.035	-6.003	-15.413	443
C	33.539	-4.558	-15.309	443
N	32.434	-4.331	-14.596	444
CA	31.882	-2.993	-14.327	444
C	31.379	-2.927	-12.886	444
N	31.697	-1.845	-12.173	445
CA	31.316	-1.66	-10.769	445
C	32.17	-2.481	-9.796	445
N	31.576	-2.89	-8.675	446
CA	32.221	-3.705	-7.636	446
C	32.157	-5.179	-8.031	446
N	33.269	-5.716	-8.531	447
CA	33.363	-7.11	-8.987	447
C	34.582	-7.817	-8.393	447
N	34.593	-9.161	-8.357	448
CA	35.828	-9.917	-8.186	448
C	36.821	-9.616	-9.321	448
N	38.107	-9.889	-9.097	449
CA	39.113	-9.776	-10.155	449
C	38.957	-10.901	-11.205	449
N	39.639	-10.791	-12.347	450
CA	39.486	-11.744	-13.46	450
C	39.795	-13.205	-13.07	450
N	40.767	-13.447	-12.177	451
CA	41.073	-14.806	-11.709	451
C	39.985	-15.364	-10.791	451
N	39.399	-14.531	-9.931	452
CA	38.275	-14.89	-9.065	452
C	36.983	-15.114	-9.857	452
N	36.695	-14.295	-10.876	453
CA	35.538	-14.52	-11.761	453
C	35.677	-15.851	-12.496	453
N	36.878	-16.175	-12.986	454
CA	37.144	-17.465	-13.631	454
C	36.955	-18.646	-12.671	454
N	37.399	-18.51	-11.424	455
CA	37.187	-19.515	-10.377	455
C	35.692	-19.721	-10.075	455
N	34.93	-18.629	-9.958	456
CA	33.482	-18.667	-9.752	456
C	32.739	-19.331	-10.926	456
N	33.116	-19.03	-12.174	457
CA	32.535	-19.672	-13.368	457
C	32.848	-21.17	-13.398	457
N	34.073	-21.582	-13.053	458
CA	34.413	-23.005	-12.959	458
C	33.568	-23.714	-11.891	458
N	33.397	-23.098	-10.716	459
CA	32.54	-23.626	-9.652	459
C	31.073	-23.766	-10.091	459
N	30.549	-22.798	-10.854	460
CA	29.196	-22.862	-11.418	460
C	29.042	-24.033	-12.398	460
N	30.024	-24.242	-13.278	461
CA	30.023	-25.348	-14.251	461
C	30.127	-26.706	-13.546	461
N	31.01	-26.838	-12.55	462
CA	31.231	-28.092	-11.814	462
C	30.024	-28.518	-10.967	462
N	29.368	-27.578	-10.274	463
CA	28.306	-27.907	-9.314	463
C	26.886	-27.808	-9.874	463
N	26.66	-27.014	-10.925	464
CA	25.318	-26.799	-11.472	464
C	25.112	-27.387	-12.882	464
N	26.16	-27.876	-13.559	465
CA	26.065	-28.622	-14.824	465
C	25.597	-27.807	-16.044	465
N	25.701	-28.408	-17.238	466
CA	25.374	-27.768	-18.531	466
C	23.877	-27.413	-18.698	466
N	22.982	-28.07	-17.949	467
CA	21.526	-27.855	-18.013	467
C	21.017	-26.767	-17.046	467
N	21.876	-26.226	-16.175	468
CA	21.471	-25.184	-15.231	468
C	21.191	-23.862	-15.935	468
N	20.022	-23.303	-15.636	469
CA	19.58	-22.02	-16.17	469
C	20.305	-20.806	-15.591	469
N	21.128	-21.011	-14.561	470
CA	21.71	-19.963	-13.733	470
C	21.543	-20.238	-12.236	470
N	22.147	-19.389	-11.403	471
CA	22.067	-19.43	-9.937	471
C	21.821	-18.018	-9.402	471
N	20.949	-17.876	-8.409	472
CA	20.778	-16.633	-7.643	472
C	20.935	-16.927	-6.158	472
N	21.827	-16.214	-5.476	473
CA	22.035	-16.322	-4.026	473
C	22.284	-14.95	-3.403	473
N	21.787	-14.739	-2.185	474
CA	22.076	-13.573	-1.344	474
C	23.37	-13.746	-0.521	474
N	23.846	-14.99	-0.38	475
CA	25.054	-15.391	0.349	475
C	25.808	-16.495	-0.395	475
N	26.988	-16.166	-0.92	476
CA	27.91	-17.141	-1.512	476
C	28.403	-18.179	-0.493	476
N	28.492	-17.795	0.785	477
CA	28.878	-18.7	1.877	477
C	27.802	-19.768	2.076	477
N	26.529	-19.363	2.141	478
CA	25.403	-20.289	2.325	478
C	25.12	-21.118	1.062	478
N	25.47	-20.595	-0.118	479
CA	25.415	-21.332	-1.381	479
C	26.531	-22.386	-1.53	479
N	27.563	-22.36	-0.676	480
CA	28.639	-23.354	-0.661	480
C	29.824	-23.064	-1.59	480
N	30.052	-21.807	-1.997	481
CA	31.227	-21.435	-2.796	481
C	32.5	-21.364	-1.921	481
N	33.541	-22.192	-2.163	482
CA	34.732	-22.243	-1.305	482
C	35.531	-20.931	-1.264	482
N	35.53	-20.173	-2.366	483
CA	36.228	-18.892	-2.486	483
C	35.515	-17.714	-1.814	483
N	34.309	-17.904	-1.261	484
CA	33.476	-16.822	-0.724	484
C	34.186	-15.999	0.364	484
N	34.953	-16.657	1.24	485
CA	35.692	-15.996	2.33	485
C	36.75	-15.023	1.779	485
N	37.33	-15.324	0.612	486
CA	38.364	-14.489	-0.014	486
C	37.815	-13.243	-0.716	486
N	36.529	-13.246	-1.089	487
CA	35.849	-12.097	-1.699	487
C	35.466	-11.029	-0.66	487
N	35.333	-11.429	0.608	488
CA	35.021	-10.537	1.722	488
C	33.644	-9.873	1.61	488
N	33.498	-8.719	2.262	489
CA	32.233	-7.97	2.323	489
C	31.876	-7.248	1.009	489
N	32.789	-7.212	0.034	490
CA	32.565	-6.543	-1.247	490
C	31.624	-7.33	-2.175	490
N	31.59	-8.665	-2.072	491
CA	30.746	-9.523	-2.918	491
C	30.183	-10.666	-2.079	491
N	28.909	-10.555	-1.708	492
CA	28.186	-11.571	-0.939	492
C	27.073	-12.228	-1.761	492
N	26.335	-11.439	-2.549	493
CA	25.269	-11.923	-3.425	493
C	25.72	-12.073	-4.868	493
N	25.256	-13.134	-5.532	494
CA	25.51	-13.395	-6.956	494
C	24.229	-13.815	-7.66	494
N	23.975	-13.216	-8.82	495
CA	23.066	-13.748	-9.825	495
C	23.868	-14.094	-11.085	495
N	23.783	-15.339	-11.544	496
CA	24.548	-15.875	-12.661	496
C	23.609	-16.439	-13.726	496
N	23.803	-16.06	-14.989	497
CA	23.019	-16.546	-16.12	497
C	23.938	-17.072	-17.233	497
N	23.916	-18.387	-17.464	498
CA	24.697	-19.038	-18.522	498
C	23.927	-19.088	-19.841	498
N	24.488	-18.543	-20.921	499
CA	23.879	-18.588	-22.266	499
C	24.595	-19.561	-23.223	499
N	25.738	-20.103	-22.805	500
CA	26.527	-21.152	-23.462	500
C	27.26	-21.948	-22.369	500
N	27.795	-23.137	-22.671	501
CA	28.411	-24.022	-21.659	501
C	29.633	-23.418	-20.953	501
N	30.206	-22.334	-21.492	502
CA	31.361	-21.634	-20.905	502
C	31.206	-20.117	-20.82	502
N	30.04	-19.573	-21.171	503
CA	29.829	-18.125	-21.235	503
C	28.69	-17.698	-20.294	503
N	28.991	-16.746	-19.407	504
CA	28.126	-16.336	-18.299	504
C	28.02	-14.814	-18.189	504
N	26.824	-14.355	-17.828	505
CA	26.58	-13.04	-17.241	505
C	26.483	-13.174	-15.721	505
N	27.11	-12.256	-14.993	506
CA	27.185	-12.255	-13.535	506
C	26.817	-10.87	-12.996	506
N	25.999	-10.82	-11.951	507
CA	25.701	-9.616	-11.173	507
C	26.095	-9.837	-9.717	507
N	26.636	-8.797	-9.088	508
CA	27.201	-8.836	-7.744	508
C	26.53	-7.813	-6.826	508
N	26.313	-8.215	-5.573	509
CA	25.892	-7.328	-4.482	509
C	26.824	-7.468	-3.287	509
N	27.145	-6.336	-2.687	510
CA	27.965	-6.214	-1.489	510
C	27.192	-6.656	-0.25	510
N	27.921	-6.846	0.847	511
CA	27.333	-7.057	2.159	511
C	26.443	-5.862	2.525	511
N	25.188	-6.132	2.859	512
CA	24.292	-5.142	3.447	512
C	24.104	-5.524	4.9	512
N	24.489	-4.633	5.816	513
CA	24.293	-4.854	7.241	513
C	22.79	-4.831	7.573	513
N	22.108	-5.966	7.412	514
CA	20.756	-6.148	7.924	514
C	20.861	-6.494	9.404	514
N	20.443	-5.555	10.244	515
CA	20.421	-5.73	11.68	515
C	18.963	-5.85	12.138	515
N	18.522	-7.069	12.448	516
CA	17.169	-7.318	12.959	516
C	17.218	-7.173	14.479	516
N	16.429	-6.25	15.035	517
CA	16.308	-6.083	16.488	517
C	15.205	-7.002	16.997	517
N	15.564	-8.067	17.697	518
CA	14.597	-9.015	18.245	518
C	14.142	-8.613	19.648	518
N	12.83	-8.66	19.887	519
CA	12.219	-8.542	21.209	519
C	12.265	-9.875	21.962	519
N	13.326	-10.101	22.738	520
CA	13.454	-11.252	23.64	520
C	13.836	-12.593	22.992	520
N	13.324	-12.947	21.803	521
CA	13.727	-14.167	21.078	521
C	13.648	-14.026	19.548	521
N	14.532	-14.75	18.845	522
CA	14.642	-14.813	17.378	522
C	13.536	-15.692	16.782	522
N	13.056	-15.368	15.581	523
CA	12.238	-16.287	14.784	523
C	13.136	-17.241	13.984	523
N	12.971	-18.558	14.126	524
CA	13.474	-19.501	13.13	524
C	12.342	-19.95	12.19	524
N	12.57	-20.064	10.868	525
CA	11.558	-20.567	9.924	525
C	11.108	-22.016	10.191	525
N	11.907	-22.768	10.964	526
CA	11.577	-24.114	11.459	526
C	10.886	-24.088	12.826	526
N	10.852	-22.935	13.499	527
CA	10.029	-22.709	14.685	527
C	8.577	-22.675	14.222	527
N	7.985	-23.861	14.21	528
CA	6.539	-24.024	14.226	528
C	6.051	-23.646	15.619	528
N	4.801	-23.191	15.733	529
CA	4.159	-22.912	17.024	529
C	4.46	-24.041	18.026	529
N	5.386	-23.767	18.948	530
CA	5.764	-24.671	20.023	530
C	4.656	-24.602	21.072	530
N	3.6	-25.388	20.876	531
CA	2.537	-25.488	21.868	531
C	2.969	-26.253	23.148	531
N	4.25	-26.622	23.267	532
CA	4.89	-27.152	24.468	532
C	5.45	-26.118	25.446	532
N	5.426	-24.832	25.09	533
CA	5.73	-23.718	25.996	533
C	4.782	-22.55	25.733	533
N	3.525	-22.663	26.167	534
CA	2.728	-21.471	26.513	534
C	3.246	-20.825	27.818	534
N	4.567	-20.675	27.955	535
CA	5.14	-19.757	28.92	535
C	5.297	-18.427	28.202	535
N	4.638	-17.367	28.674	536
CA	4.956	-16.048	28.172	536
C	6.438	-15.773	28.37	536
N	7.042	-15.091	27.396	537
CA	8.442	-14.679	27.479	537
C	8.679	-13.978	28.809	537
N	9.72	-14.397	29.515	538
CA	10.163	-13.742	30.746	538
C	11.025	-12.512	30.466	538
N	11.574	-12.397	29.251	539
CA	12.39	-11.265	28.822	539
C	11.903	-10.704	27.491	539
N	11.832	-9.377	27.431	540
CA	11.593	-8.578	26.228	540
C	12.825	-7.745	25.85	540
N	13.992	-8.063	26.427	541
CA	15.24	-7.341	26.158	541
C	15.576	-7.394	24.675	541
N	15.797	-6.222	24.084	542
CA	16.212	-6.101	22.699	542
C	17.611	-6.705	22.505	542
N	17.777	-7.575	21.512	543
CA	19.1	-7.99	21.046	543
C	19.19	-7.884	19.526	543
N	20.382	-7.546	19.041	544
CA	20.634	-7.297	17.629	544
C	21.148	-8.575	16.967	544
N	20.411	-9.095	15.994	545
CA	20.944	-10.073	15.058	545
C	21.578	-9.332	13.886	545
N	22.902	-9.412	13.785	546
CA	23.644	-8.887	12.639	546
C	23.886	-10.043	11.683	546
N	23.143	-10.084	10.578	547
CA	23.477	-10.994	9.493	547
C	24.778	-10.497	8.85	547
N	25.844	-11.291	8.959	548
CA	27.116	-11.014	8.286	548
C	27.165	-11.765	6.961	548
N	27.841	-11.175	5.977	549
CA	28.109	-11.788	4.669	549
C	26.847	-12.114	3.859	549
N	25.836	-11.243	3.939	550
CA	24.594	-11.333	3.163	550
C	24.346	-10.032	2.419	550
N	23.902	-10.153	1.182	551
CA	23.444	-9.026	0.372	551
C	21.933	-8.821	0.505	551
N	21.408	-7.756	-0.107	552
CA	19.967	-7.64	-0.329	552
C	19.466	-8.818	-1.189	552
N	18.317	-9.431	-0.855	553
CA	17.746	-10.521	-1.642	553
C	17.357	-10.051	-3.051	553
N	17.523	-10.919	-4.052	554
CA	17.151	-10.634	-5.444	554
C	15.624	-10.611	-5.594	554
N	15.069	-9.509	-6.104	555
CA	13.628	-9.373	-6.338	555
C	13.191	-10.28	-7.503	555
N	11.951	-10.781	-7.481	556
CA	11.421	-11.65	-8.554	556
C	11.496	-10.951	-9.923	556
N	11.186	-9.652	-9.983	557
CA	11.291	-8.853	-11.212	557
C	12.718	-8.751	-11.755	557
N	13.72	-8.777	-10.875	558
CA	15.13	-8.741	-11.269	558
C	15.56	-10.093	-11.842	558
N	15.113	-11.184	-11.214	559
CA	15.339	-12.553	-11.686	559
C	14.692	-12.76	-13.067	559
N	13.459	-12.286	-13.258	560
CA	12.746	-12.358	-14.538	560
C	13.454	-11.551	-15.643	560
N	14.002	-10.376	-15.313	561
CA	14.785	-9.565	-16.246	561
C	16.084	-10.271	-16.678	561
N	16.796	-10.894	-15.73	562
CA	18.007	-11.687	-15.995	562
C	17.686	-12.891	-16.891	562
N	16.601	-13.615	-16.603	563
CA	16.166	-14.742	-17.428	563
C	15.759	-14.315	-18.842	563
N	15.096	-13.166	-18.983	564
CA	14.724	-12.602	-20.285	564
C	15.962	-12.262	-21.118	564
N	16.952	-11.584	-20.521	565
CA	18.219	-11.267	-21.19	565
C	18.973	-12.533	-21.622	565
N	18.979	-13.573	-20.781	566
CA	19.602	-14.863	-21.106	566
C	18.975	-15.519	-22.338	566
N	17.642	-15.58	-22.407	567
CA	16.92	-16.179	-23.539	567
C	17.254	-15.449	-24.84	567
N	17.201	-14.122	-24.783	568
CA	17.557	-13.219	-25.872	568
C	18.985	-13.47	-26.381	568
N	19.967	-13.529	-25.477	569
CA	21.357	-13.755	-25.872	569
C	21.545	-15.144	-26.478	569
N	20.872	-16.169	-25.949	570
CA	20.951	-17.524	-26.506	570
C	20.445	-17.585	-27.955	570
N	19.364	-16.877	-28.285	571
CA	18.785	-16.844	-29.639	571
C	19.629	-16.047	-30.645	571
N	20.241	-14.936	-30.225	572
CA	21.11	-14.149	-31.111	572
C	22.372	-14.922	-31.528	572
N	22.865	-15.827	-30.673	573
CA	24.017	-16.684	-30.976	573
C	23.697	-17.926	-31.815	573
N	22.461	-18.432	-31.812	574
CA	22.08	-19.575	-32.664	574
C	21.725	-19.159	-34.096	574
N	21.433	-17.873	-34.326	575
CA	20.85	-17.363	-35.579	575
C	21.853	-16.748	-36.574	575
N	23.137	-16.62	-36.225	576
CA	24.137	-15.921	-37.051	576
C	24.733	-16.807	-38.17	576
N	24.0	-16.962	-39.287	577
CA	24.598	-17.159	-40.63	577
C	24.87	-15.775	-41.255	577
N	26.006	-15.558	-41.943	578
CA	26.53	-14.218	-42.199	578
C	25.789	-13.513	-43.343	578
N	25.255	-12.316	-43.081	579
CA	24.764	-11.382	-44.107	579
C	25.396	-10.003	-43.873	579
N	26.443	-9.741	-44.662	580
CA	26.825	-8.503	-45.368	580
C	26.66	-7.109	-44.699	580
N	27.792	-6.396	-44.694	581
CA	28.131	-5.014	-44.31	581
C	27.199	-3.848	-44.715	581
N	27.127	-2.805	-43.858	582
CA	27.102	-1.388	-44.294	582
C	26.255	-0.36	-43.499	582
N	26.927	0.477	-42.684	583
CA	26.635	1.885	-42.287	583
C	25.443	2.248	-41.349	583
N	25.73	2.699	-40.108	584
CA	24.733	3.224	-39.146	584
C	25.226	4.324	-38.18	584
N	25.411	5.577	-38.635	585
CA	25.861	6.709	-37.765	585
C	24.938	7.951	-37.825	585
N	23.804	7.916	-38.536	586
CA	22.967	9.111	-38.768	586
C	21.562	9.084	-38.124	586
N	21.243	8.101	-37.267	587
CA	19.886	7.944	-36.7	587
C	19.632	8.767	-35.422	587
N	20.628	8.95	-34.556	588
CA	20.406	9.427	-33.175	588
C	19.958	10.904	-33.028	588
N	20.36	11.82	-33.921	589
CA	19.994	13.247	-33.806	589
C	18.542	13.548	-34.235	589
N	18.013	12.745	-35.162	590
CA	16.626	12.858	-35.603	590
C	15.665	12.285	-34.558	590
N	16.088	11.275	-33.795	591
CA	15.287	10.702	-32.71	591
C	15.066	11.707	-31.57	591
N	16.096	12.463	-31.158	592
CA	15.961	13.472	-30.093	592
C	15.058	14.646	-30.505	592
N	15.185	15.096	-31.755	593
CA	14.353	16.181	-32.297	593
C	12.907	15.716	-32.479	593
N	12.717	14.473	-32.941	594
CA	11.407	13.823	-33.009	594
C	10.765	13.774	-31.628	594
N	11.501	13.319	-30.611	595
CA	11.03	13.243	-29.231	595
C	10.606	14.611	-28.663	595
N	11.391	15.679	-28.868	596
CA	11.021	17.035	-28.405	596
C	9.766	17.548	-29.119	596
N	9.654	17.334	-30.432	597
CA	8.442	17.673	-31.176	597
C	7.233	16.846	-30.713	597
N	7.448	15.581	-30.332	598
CA	6.402	14.74	-29.76	598
C	5.871	15.314	-28.453	598
N	6.775	15.702	-27.556	599
CA	6.403	16.283	-26.271	599
C	5.654	17.608	-26.436	599
N	6.137	18.516	-27.296	600
CA	5.469	19.809	-27.546	600
C	4.058	19.59	-28.076	600
N	3.856	18.626	-28.975	601
CA	2.512	18.372	-29.484	601
C	1.632	17.635	-28.472	601
N	2.15	16.701	-27.679	602
CA	1.382	16.118	-26.564	602
C	0.873	17.233	-25.642	602
N	1.696	18.254	-25.376	603
CA	1.309	19.441	-24.6	603
C	0.245	20.283	-25.332	603
N	0.446	20.589	-26.617	604
CA	-0.487	21.398	-27.424	604
C	-1.843	20.721	-27.686	604
N	-1.884	19.385	-27.7	605
CA	-3.101	18.587	-27.955	605
C	-3.777	18.069	-26.695	605
N	-3.205	18.336	-25.524	606
CA	-3.822	17.96	-24.27	606
C	-5.213	18.603	-24.144	606
N	-6.211	17.797	-23.777	607
CA	-7.568	18.271	-23.442	607
C	-7.612	19.046	-22.122	607
N	-6.492	19.055	-21.402	608
CA	-6.226	19.839	-20.212	608
C	-5.564	21.18	-20.595	608
N	-5.944	22.326	-19.997	609
CA	-5.144	23.546	-20.084	609
C	-3.736	23.301	-19.527	609
N	-2.718	23.529	-20.355	610
CA	-1.302	23.467	-19.992	610
C	-0.654	24.816	-20.284	610
N	0.028	25.395	-19.303	611
CA	0.768	26.643	-19.466	611
C	2.019	26.645	-18.59	611
N	3.139	27.133	-19.112	612
CA	4.429	27.178	-18.434	612
C	4.909	28.603	-18.203	612
N	5.711	28.791	-17.16	613
CA	6.439	30.024	-16.857	613
C	7.931	29.751	-16.682	613
N	8.763	30.749	-16.95	614
CA	10.193	30.719	-16.64	614
C	10.476	31.047	-15.158	614
N	11.756	31.09	-14.779	615
CA	12.198	31.427	-13.417	615
C	11.86	32.855	-12.962	615
N	11.443	33.737	-13.875	616
CA	10.984	35.099	-13.579	616
C	9.458	35.223	-13.474	616
N	8.712	34.136	-13.711	617
CA	7.245	34.131	-13.719	617
C	6.623	34.59	-15.044	617
N	7.428	34.725	-16.104	618
CA	6.95	35.079	-17.437	618
C	6.521	33.826	-18.201	618
N	5.411	33.907	-18.933	619
CA	4.842	32.764	-19.66	619
C	5.795	32.298	-20.774	619
N	6.181	31.019	-20.747	620
CA	7.024	30.356	-21.752	620
C	6.373	29.106	-22.382	620
N	5.173	28.733	-21.93	621
CA	4.351	27.685	-22.525	621
C	2.879	28.058	-22.417	621
N	2.103	27.852	-23.474	622
CA	0.686	28.213	-23.483	622
C	-0.058	27.368	-24.509	622
N	-0.614	26.241	-24.067	623
CA	-1.224	25.29	-24.98	623
C	-2.564	25.788	-25.531	623
N	-3.0	25.171	-26.627	624
CA	-4.266	25.504	-27.283	624
C	-5.474	25.52	-26.339	624
N	-5.607	24.539	-25.44	625
CA	-6.747	24.474	-24.512	625
C	-6.789	25.686	-23.573	625
N	-5.635	26.152	-23.094	626
CA	-5.532	27.366	-22.267	626
C	-5.911	28.615	-23.065	626
N	-5.476	28.704	-24.325	627
CA	-5.845	29.8	-25.219	627
C	-7.352	29.833	-25.527	627
N	-7.976	28.678	-25.773	628
CA	-9.423	28.561	-26.005	628
C	-10.243	28.97	-24.777	628
N	-9.816	28.539	-23.589	629
CA	-10.525	28.832	-22.346	629
C	-10.44	30.315	-21.98	629
N	-9.232	30.883	-22.002	630
CA	-8.988	32.282	-21.616	630
C	-9.333	33.275	-22.717	630
N	-9.346	32.858	-23.984	631
CA	-9.448	33.751	-25.139	631
C	-8.162	34.53	-25.447	631
N	-7.045	34.224	-24.771	632
CA	-5.736	34.826	-25.026	632
C	-4.868	33.883	-25.866	632
N	-4.49	34.323	-27.066	633
CA	-3.634	33.546	-27.964	633
C	-2.233	33.364	-27.368	633
N	-1.583	32.232	-27.657	634
CA	-0.226	31.956	-27.179	634
C	0.751	33.089	-27.54	634
N	0.712	33.607	-28.771	635
CA	1.551	34.738	-29.203	635
C	1.371	36.012	-28.374	635
N	0.186	36.215	-27.799	636
CA	-0.118	37.365	-26.95	636
C	0.157	37.087	-25.472	636
N	0.225	35.817	-25.07	637
CA	0.502	35.379	-23.707	637
C	2.008	35.248	-23.435	637
N	2.785	34.78	-24.417	638
CA	4.223	34.539	-24.275	638
C	4.965	35.805	-23.823	638
N	5.765	35.678	-22.762	639
CA	6.531	36.77	-22.156	639
C	5.752	37.68	-21.197	639
N	4.429	37.522	-21.053	640
CA	3.638	38.273	-20.06	640
C	3.801	37.716	-18.65	640
N	3.599	38.575	-17.65	641
CA	3.552	38.168	-16.239	641
C	2.248	37.419	-15.951	641
N	2.343	36.142	-15.561	642
CA	1.166	35.333	-15.216	642
C	0.384	35.944	-14.033	642
N	1.094	36.506	-13.049	643
CA	0.516	37.058	-11.823	643
C	-0.128	38.44	-12.002	643
N	0.44	39.291	-12.861	644
CA	-0.027	40.672	-13.03	644
C	-1.063	40.826	-14.143	644
N	-0.933	40.059	-15.229	645
CA	-1.699	40.315	-16.451	645
C	-2.87	39.347	-16.658	645
N	-2.764	38.1	-16.181	646
CA	-3.683	37.003	-16.537	646
C	-4.589	36.567	-15.38	646
N	-4.019	36.359	-14.191	647
CA	-4.745	35.858	-13.015	647
C	-5.554	36.977	-12.347	647
N	-6.768	36.662	-11.881	648
CA	-7.609	37.614	-11.144	648
C	-7.034	37.916	-9.751	648
N	-7.307	39.116	-9.23	649
CA	-6.782	39.603	-7.941	649
C	-7.067	38.633	-6.776	649
N	-8.227	37.972	-6.803	650
CA	-8.658	36.967	-5.823	650
C	-7.773	35.705	-5.783	650
N	-7.118	35.349	-6.895	651
CA	-6.263	34.154	-7.029	651
C	-4.765	34.475	-7.017	651
N	-4.387	35.756	-6.926	652
CA	-2.989	36.202	-7.001	652
C	-2.124	35.644	-5.868	652
N	-2.607	35.715	-4.627	653
CA	-1.892	35.178	-3.465	653
C	-1.672	33.654	-3.557	653
N	-2.631	32.923	-4.142	654
CA	-2.506	31.485	-4.367	654
C	-1.429	31.176	-5.419	654
N	-1.391	31.928	-6.527	655
CA	-0.367	31.775	-7.563	655
C	1.044	32.122	-7.057	655
N	1.211	33.222	-6.319	656
CA	2.52	33.626	-5.779	656
C	3.084	32.551	-4.836	656
N	2.229	31.957	-3.996	657
CA	2.611	30.805	-3.174	657
C	2.985	29.579	-4.02	657
N	2.231	29.297	-5.088	658
CA	2.431	28.152	-5.984	658
C	3.776	28.24	-6.733	658
N	4.123	29.431	-7.233	659
CA	5.375	29.697	-7.949	659
C	6.598	29.599	-7.033	659
N	6.537	30.201	-5.839	660
CA	7.636	30.153	-4.871	660
C	8.01	28.715	-4.487	660
N	7.014	27.846	-4.286	661
CA	7.225	26.425	-3.97	661
C	7.805	25.655	-5.157	661
N	7.223	25.807	-6.347	662
CA	7.676	25.079	-7.533	662
C	9.106	25.459	-7.971	662
N	9.523	26.717	-7.777	663
CA	10.902	27.172	-8.016	663
C	11.907	26.684	-6.957	663
N	11.43	26.212	-5.804	664
CA	12.227	25.502	-4.797	664
C	12.235	23.978	-5.03	664
N	11.547	23.497	-6.075	665
CA	11.406	22.077	-6.401	665
C	10.222	21.379	-5.722	665
N	9.328	22.126	-5.063	666
CA	8.116	21.61	-4.415	666
C	6.877	21.795	-5.317	666
N	6.348	20.695	-5.86	667
CA	5.154	20.668	-6.723	667
C	3.849	20.599	-5.9	667
N	2.824	21.374	-6.273	668
CA	1.494	21.374	-5.641	668
C	0.402	20.908	-6.614	668
N	-0.627	20.235	-6.084	669
CA	-1.748	19.677	-6.857	669
C	-3.079	20.294	-6.43	669
N	-4.013	20.396	-7.37	670
CA	-5.405	20.806	-7.152	670
C	-5.594	22.219	-6.582	670
N	-4.85	23.204	-7.091	671
CA	-5.028	24.616	-6.713	671
C	-5.987	25.298	-7.687	671
N	-7.058	25.91	-7.18	672
CA	-8.024	26.627	-8.019	672
C	-7.495	28.022	-8.37	672
N	-7.368	28.309	-9.665	673
CA	-7.03	29.624	-10.202	673
C	-8.197	30.18	-11.019	673
N	-8.55	31.442	-10.765	674
CA	-9.454	32.213	-11.622	674
C	-8.646	32.991	-12.653	674
N	-8.788	32.611	-13.918	675
CA	-8.156	33.288	-15.046	675
C	-9.125	34.307	-15.645	675
N	-8.599	35.479	-16.006	676
CA	-9.368	36.487	-16.731	676
C	-9.705	35.963	-18.128	676
N	-10.942	36.195	-18.564	677
CA	-11.369	35.937	-19.939	677
C	-11.118	37.173	-20.808	677
N	-10.399	37.0	-21.908	678
CA	-10.048	38.021	-22.889	678
C	-10.923	37.83	-24.139	678
N	-11.652	38.868	-24.562	679
CA	-12.522	38.816	-25.748	679
C	-13.872	39.518	-25.561	679
N	-14.366	40.158	-26.625	680
CA	-15.52	41.064	-26.617	680
C	-16.849	40.351	-26.32	680
N	-17.33	40.501	-25.085	681
CA	-18.72	40.837	-24.763	681
C	-18.774	41.295	-23.299	681
N	-18.45	42.573	-23.074	682
CA	-18.74	43.279	-21.825	682
C	-20.263	43.432	-21.683	682
N	-20.955	42.349	-21.325	683
CA	-22.302	42.435	-20.779	683
C	-22.186	42.501	-19.245	683
N	-22.696	43.556	-18.58	684
CA	-22.441	43.819	-17.155	684
C	-22.975	42.776	-16.156	684
N	-23.731	41.767	-16.603	685
CA	-24.497	40.869	-15.723	685
C	-23.965	39.424	-15.628	685
N	-22.868	39.083	-16.314	686
CA	-22.259	37.747	-16.238	686
C	-20.731	37.844	-16.148	686
N	-20.179	37.802	-14.93	687
CA	-18.736	37.629	-14.707	687
C	-18.32	36.219	-15.147	687
N	-17.992	36.055	-16.426	688
CA	-17.559	34.779	-16.998	688
C	-16.065	34.554	-16.755	688
N	-15.661	34.482	-15.491	689
CA	-14.304	34.067	-15.14	689
C	-14.113	32.583	-15.473	689
N	-12.902	32.226	-15.892	690
CA	-12.527	30.842	-16.188	690
C	-11.944	30.246	-14.915	690
N	-12.586	29.208	-14.386	691
CA	-12.126	28.526	-13.18	691
C	-11.35	27.273	-13.586	691
N	-10.06	27.227	-13.252	692
CA	-9.175	26.101	-13.576	692
C	-8.604	25.514	-12.296	692
N	-8.673	24.194	-12.153	693
CA	-7.996	23.459	-11.089	693
C	-6.635	22.988	-11.611	693
N	-5.515	23.507	-11.101	694
CA	-4.169	23.281	-11.666	694
C	-3.247	22.465	-10.759	694
N	-2.325	21.734	-11.387	695
CA	-1.166	21.078	-10.784	695
C	0.113	21.744	-11.311	695
N	1.098	22.027	-10.457	696
CA	2.405	22.566	-10.858	696
C	3.444	21.456	-11.047	696
N	4.315	21.602	-12.046	697
CA	5.411	20.689	-12.364	697
C	6.7	21.487	-12.592	697
N	7.782	21.16	-11.887	698
CA	9.048	21.9	-11.987	698
C	9.825	21.459	-13.23	698
N	10.103	22.387	-14.147	699
CA	10.908	22.119	-15.345	699
C	12.4	22.174	-15.007	699
N	13.157	21.118	-15.341	700
CA	14.615	21.021	-15.13	700
C	15.378	20.843	-16.443	700
N	16.609	21.339	-16.502	701
CA	17.535	21.075	-17.608	701
C	18.262	19.715	-17.462	701
N	19.11	19.355	-18.435	702
CA	19.891	18.102	-18.433	702
C	20.959	18.028	-17.324	702
N	21.223	19.145	-16.642	703
CA	22.094	19.246	-15.464	703
C	21.306	19.32	-14.151	703
N	19.992	19.048	-14.183	704
CA	19.052	19.112	-13.051	704
C	18.814	20.526	-12.471	704
N	19.181	21.608	-13.174	705
CA	18.852	22.969	-12.727	705
C	17.403	23.33	-13.074	705
N	16.716	24.028	-12.166	706
CA	15.335	24.489	-12.36	706
C	15.306	25.663	-13.35	706
N	14.574	25.502	-14.456	707
CA	14.446	26.503	-15.531	707
C	13.06	27.168	-15.591	707
N	12.053	26.613	-14.909	708
CA	10.686	27.136	-14.922	708
C	9.67	26.203	-14.263	708
N	8.383	26.5	-14.442	709
CA	7.254	25.742	-13.88	709
C	6.193	25.528	-14.96	709
N	5.73	24.296	-15.156	710
CA	4.638	23.921	-16.053	710
C	3.37	23.606	-15.246	710
N	2.244	24.228	-15.575	711
CA	0.945	23.987	-14.958	711
C	0.076	23.124	-15.865	711
N	-0.548	22.082	-15.317	712
CA	-1.541	21.238	-16.002	712
C	-2.844	21.312	-15.22	712
N	-3.94	21.73	-15.851	713
CA	-5.209	21.943	-15.161	713
C	-6.423	21.225	-15.736	713
N	-7.548	21.356	-15.039	714
CA	-8.875	20.897	-15.438	714
C	-9.836	22.09	-15.455	714
N	-10.615	22.216	-16.529	715
CA	-11.65	23.244	-16.655	715
C	-12.855	22.883	-15.783	715
N	-13.031	23.617	-14.685	716
CA	-14.148	23.444	-13.749	716
C	-15.182	24.567	-13.889	716
N	-15.146	25.338	-14.983	717
CA	-15.991	26.531	-15.154	717
C	-17.479	26.177	-15.158	717
N	-17.87	25.113	-15.869	718
CA	-19.274	24.675	-15.941	718
C	-19.773	24.115	-14.605	718
N	-18.946	23.31	-13.943	719
CA	-19.21	22.711	-12.634	719
C	-19.329	23.795	-11.56	719
N	-18.434	24.788	-11.595	720
CA	-18.464	25.943	-10.704	720
C	-19.67	26.834	-10.975	720
N	-20.037	27.077	-12.234	721
CA	-21.235	27.841	-12.582	721
C	-22.522	27.147	-12.112	721
N	-22.601	25.818	-12.23	722
CA	-23.713	25.023	-11.697	722
C	-23.746	25.145	-10.173	722
N	-22.607	24.938	-9.515	723
CA	-22.467	25.031	-8.056	723
C	-22.846	26.422	-7.548	723
N	-22.345	27.482	-8.177	724
CA	-22.64	28.868	-7.82	724
C	-24.095	29.239	-8.148	724
N	-24.698	28.675	-9.207	725
CA	-26.135	28.828	-9.496	725
C	-26.989	28.11	-8.456	725
N	-26.578	26.937	-7.977	726
CA	-27.219	26.253	-6.851	726
C	-27.073	27.05	-5.548	726
N	-25.909	27.661	-5.301	727
CA	-25.681	28.547	-4.151	727
C	-26.555	29.81	-4.26	727
N	-26.663	30.444	-5.437	728
CA	-27.535	31.621	-5.655	728
C	-29.031	31.279	-5.64	728
N	-29.415	30.064	-6.038	729
CA	-30.79	29.548	-5.96	729
C	-31.205	29.111	-4.543	729
N	-30.37	29.331	-3.519	730
CA	-30.723	29.137	-2.104	730
C	-31.951	29.947	-1.625	730
N	-32.608	30.726	-2.493	731
CA	-33.9	31.353	-2.219	731
C	-35.132	30.438	-2.324	731
N	-35.105	29.326	-3.082	732
CA	-36.338	28.556	-3.372	732
C	-36.125	27.026	-3.439	732
N	-35.472	26.507	-2.396	733
CA	-35.117	25.097	-2.175	733
C	-36.239	24.083	-2.485	733
N	-37.484	24.416	-2.129	734
CA	-38.635	23.512	-2.258	734
C	-38.965	23.21	-3.723	734
N	-38.737	24.179	-4.606	735
CA	-39.06	24.101	-6.034	735
C	-38.082	23.192	-6.78	735
N	-36.816	23.131	-6.352	736
CA	-35.777	22.307	-6.993	736
C	-35.958	20.827	-6.647	736
N	-36.164	20.495	-5.368	737
CA	-36.317	19.091	-4.934	737
C	-37.61	18.463	-5.47	737
N	-38.65	19.275	-5.687	738
CA	-39.954	18.829	-6.193	738
C	-40.102	18.937	-7.718	738
N	-39.145	19.55	-8.415	739
CA	-39.214	19.696	-9.866	739
C	-38.984	18.35	-10.557	739
N	-39.887	18.004	-11.476	740
CA	-39.817	16.802	-12.316	740
C	-38.863	16.97	-13.512	740
N	-38.034	18.019	-13.524	741
CA	-37.142	18.286	-14.642	741
C	-36.082	17.167	-14.751	741
N	-35.991	16.454	-15.893	742
CA	-35.022	15.374	-16.094	742
C	-33.555	15.822	-16.013	742
N	-33.283	17.131	-16.052	743
CA	-31.951	17.703	-15.835	743
C	-31.521	17.71	-14.358	743
N	-32.433	17.453	-13.414	744
CA	-32.103	17.418	-11.986	744
C	-31.534	16.033	-11.656	744
N	-30.278	15.945	-11.181	745
CA	-29.66	14.664	-10.867	745
C	-30.378	13.972	-9.695	745
N	-30.193	12.656	-9.507	746
CA	-30.641	11.966	-8.301	746
C	-30.035	12.61	-7.041	746
N	-30.898	13.081	-6.134	747
CA	-30.539	13.786	-4.896	747
C	-31.277	13.159	-3.713	747
N	-30.55	12.92	-2.627	748
CA	-31.118	12.621	-1.312	748
C	-30.462	13.497	-0.242	748
N	-31.059	13.603	0.944	749
CA	-30.47	14.379	2.036	749
C	-30.501	13.633	3.362	749
N	-29.465	13.819	4.176	750
CA	-29.412	13.327	5.549	750
C	-29.764	14.424	6.552	750
N	-30.41	14.037	7.647	751
CA	-30.46	14.848	8.863	751
C	-29.195	14.652	9.73	751
N	-29.184	15.251	10.923	752
CA	-28.084	15.143	11.891	752
C	-27.88	13.726	12.465	752
N	-28.881	12.851	12.318	753
CA	-28.91	11.465	12.785	753
C	-28.639	10.459	11.654	753
N	-28.212	10.934	10.477	754
CA	-28.023	10.125	9.274	754
C	-29.308	9.436	8.763	754
N	-30.489	9.93	9.138	755
CA	-31.758	9.493	8.568	755
C	-32.062	10.257	7.275	755
N	-32.744	9.592	6.344	756
CA	-33.146	10.179	5.076	756
C	-34.218	11.255	5.305	756
N	-33.851	12.515	5.082	757
CA	-34.741	13.676	5.188	757
C	-35.355	14.073	3.844	757
N	-34.688	13.752	2.732	758
CA	-35.177	14.02	1.379	758
C	-34.801	12.91	0.412	758
N	-35.664	12.72	-0.579	759
CA	-35.521	11.765	-1.668	759
C	-36.226	12.378	-2.878	759
N	-35.48	12.783	-3.909	760
CA	-36.065	13.476	-5.06	760
C	-36.644	12.496	-6.102	760
N	-37.405	13.014	-7.071	761
CA	-38.036	12.192	-8.111	761
C	-37.02	11.396	-8.96	761
N	-35.813	11.935	-9.161	762
CA	-34.745	11.231	-9.863	762
C	-34.212	10.027	-9.057	762
N	-34.149	10.108	-7.721	763
CA	-33.837	8.961	-6.856	763
C	-34.93	7.894	-6.886	763
N	-36.208	8.284	-6.907	764
CA	-37.315	7.329	-7.067	764
C	-37.192	6.553	-8.383	764
N	-36.888	7.251	-9.485	765
CA	-36.674	6.634	-10.802	765
C	-35.426	5.748	-10.849	765
N	-34.339	6.163	-10.197	766
CA	-33.075	5.426	-10.187	766
C	-33.178	4.132	-9.366	766
N	-33.778	4.218	-8.179	767
CA	-33.78	3.13	-7.191	767
C	-35.031	2.254	-7.238	767
N	-36.148	2.762	-7.766	768
CA	-37.459	2.109	-7.712	768
C	-38.157	2.212	-6.348	768
N	-37.559	2.91	-5.375	769
CA	-38.137	3.146	-4.05	769
C	-38.716	4.547	-3.954	769
N	-39.95	4.627	-3.477	770
CA	-40.66	5.891	-3.34	770
C	-40.195	6.684	-2.114	770
N	-40.347	8.009	-2.157	771
CA	-40.003	8.922	-1.06	771
C	-40.676	8.536	0.261	771
N	-41.912	8.039	0.221	772
CA	-42.658	7.656	1.423	772
C	-42.152	6.359	2.073	772
N	-41.526	5.46	1.308	773
CA	-40.912	4.235	1.842	773
C	-39.561	4.518	2.523	773
N	-38.846	5.552	2.063	774
CA	-37.445	5.817	2.433	774
C	-37.297	6.913	3.497	774
N	-38.194	7.901	3.553	775
CA	-38.075	9.0	4.524	775
C	-38.102	8.502	5.976	775
N	-37.21	9.062	6.799	776
CA	-37.064	8.73	8.218	776
C	-36.313	7.423	8.487	776
N	-35.923	6.69	7.438	777
CA	-35.068	5.502	7.522	777
C	-33.601	5.892	7.621	777
N	-32.815	5.095	8.335	778
CA	-31.377	5.316	8.468	778
C	-30.68	5.07	7.124	778
N	-29.888	6.039	6.655	779
CA	-29.201	5.931	5.367	779
C	-28.256	4.713	5.348	779
N	-27.374	4.522	6.349	780
CA	-26.684	3.254	6.572	780
C	-27.638	2.116	6.944	780
N	-27.479	0.946	6.325	781
CA	-28.161	-0.281	6.748	781
C	-29.605	-0.416	6.28	781
N	-30.487	0.554	6.546	782
CA	-31.865	0.485	6.033	782
C	-31.899	0.881	4.551	782
N	-31.563	2.136	4.217	783
CA	-31.612	2.632	2.827	783
C	-30.521	1.992	1.981	783
N	-29.251	2.227	2.304	784
CA	-28.1	1.608	1.646	784
C	-27.695	0.312	2.361	784
N	-28.641	-0.621	2.453	785
CA	-28.412	-1.975	2.956	785
C	-29.591	-2.897	2.659	785
N	-30.784	-2.605	3.188	786
CA	-32.002	-3.395	2.926	786
C	-32.654	-2.996	1.603	786
N	-32.917	-1.701	1.397	787
CA	-33.612	-1.207	0.201	787
C	-32.692	-1.184	-1.029	787
N	-31.523	-0.56	-0.893	788
CA	-30.47	-0.462	-1.898	788
C	-29.243	-1.234	-1.403	788
N	-29.148	-2.523	-1.744	789
CA	-28.032	-3.372	-1.298	789
C	-26.718	-2.839	-1.857	789
N	-25.794	-2.448	-0.985	790
CA	-24.446	-2.028	-1.386	790
C	-23.645	-3.259	-1.812	790
N	-22.872	-3.143	-2.898	791
CA	-22.156	-4.273	-3.517	791
C	-21.181	-4.961	-2.565	791
N	-20.397	-4.176	-1.834	792
CA	-19.387	-4.695	-0.928	792
C	-19.165	-3.763	0.267	792
N	-18.563	-4.304	1.329	793
CA	-18.282	-3.551	2.553	793
C	-17.422	-2.303	2.311	793
N	-16.522	-2.306	1.321	794
CA	-15.633	-1.158	1.082	794
C	-16.41	0.015	0.494	794
N	-17.341	-0.26	-0.427	795
CA	-18.241	0.751	-0.987	795
C	-19.151	1.319	0.111	795
N	-19.566	0.491	1.083	796
CA	-20.301	0.95	2.266	796
C	-19.417	1.816	3.174	796
N	-18.189	1.398	3.492	797
CA	-17.259	2.189	4.312	797
C	-16.95	3.534	3.65	797
N	-16.684	3.568	2.337	798
CA	-16.493	4.815	1.573	798
C	-17.723	5.72	1.65	798
N	-18.917	5.157	1.448	799
CA	-20.18	5.878	1.609	799
C	-20.341	6.455	3.024	799
N	-20.059	5.664	4.064	800
CA	-20.136	6.099	5.46	800
C	-19.16	7.238	5.753	800
N	-17.923	7.156	5.254	801
CA	-16.922	8.217	5.428	801
C	-17.46	9.524	4.838	801
N	-17.933	9.501	3.589	802
CA	-18.497	10.686	2.93	802
C	-19.765	11.208	3.606	802
N	-20.632	10.314	4.086	803
CA	-21.843	10.676	4.818	803
C	-21.508	11.434	6.106	803
N	-20.6	10.899	6.923	804
CA	-20.269	11.514	8.206	804
C	-19.35	12.726	8.083	804
N	-18.481	12.794	7.07	805
CA	-17.772	14.029	6.709	805
C	-18.768	15.143	6.369	805
N	-19.757	14.839	5.521	806
CA	-20.81	15.781	5.151	806
C	-21.658	16.253	6.34	806
N	-22.024	15.35	7.262	807
CA	-22.77	15.697	8.489	807
C	-21.898	16.492	9.477	807
N	-20.601	16.188	9.577	808
CA	-19.663	16.907	10.444	808
C	-19.326	18.319	9.929	808
N	-19.632	18.613	8.661	809
CA	-19.405	19.912	8.027	809
C	-18.063	20.042	7.301	809
N	-17.313	18.944	7.186	810
CA	-16.075	18.855	6.41	810
C	-16.391	18.856	4.902	810
N	-15.451	19.337	4.082	811
CA	-15.579	19.251	2.627	811
C	-15.405	17.787	2.21	811
N	-16.426	17.212	1.579	812
CA	-16.352	15.845	1.057	812
C	-15.567	15.878	-0.259	812
N	-14.537	15.028	-0.444	813
CA	-13.806	14.959	-1.706	813
C	-14.76	14.705	-2.884	813
N	-14.504	15.338	-4.033	814
CA	-15.469	15.497	-5.139	814
C	-15.927	14.204	-5.848	814
N	-15.448	13.014	-5.476	815
CA	-15.918	11.766	-6.096	815
C	-15.744	10.53	-5.213	815
N	-16.736	10.252	-4.367	816
CA	-16.857	8.925	-3.755	816
C	-17.717	8.025	-4.63	816
N	-17.13	6.968	-5.187	817
CA	-17.886	5.945	-5.91	817
C	-18.759	5.143	-4.938	817
N	-20.065	5.11	-5.198	818
CA	-21.034	4.275	-4.485	818
C	-21.644	3.287	-5.474	818
N	-21.542	2.005	-5.135	819
CA	-22.046	0.894	-5.94	819
C	-23.172	0.186	-5.177	819
N	-24.382	0.172	-5.73	820
CA	-25.543	-0.458	-5.096	820
C	-26.502	-1.06	-6.125	820
N	-27.423	-1.893	-5.651	821
CA	-28.485	-2.481	-6.463	821
C	-29.81	-1.759	-6.223	821
N	-30.57	-1.51	-7.29	822
CA	-31.931	-0.979	-7.184	822
C	-32.944	-2.064	-6.756	822
N	-34.223	-1.688	-6.617	823
CA	-35.331	-2.591	-6.25	823
C	-35.503	-3.793	-7.193	823
N	-35.138	-3.649	-8.466	824
CA	-35.2	-4.701	-9.496	824
C	-33.93	-5.574	-9.54	824
N	-32.921	-5.272	-8.714	825
CA	-31.623	-5.949	-8.725	825
C	-30.656	-5.455	-9.809	825
N	-30.959	-4.349	-10.501	826
CA	-30.049	-3.713	-11.462	826
C	-28.895	-3.041	-10.723	826
N	-27.683	-3.315	-11.192	827
CA	-26.456	-2.704	-10.698	827
C	-26.364	-1.227	-11.101	827
N	-26.049	-0.364	-10.137	828
CA	-25.847	1.071	-10.328	828
C	-24.482	1.45	-9.766	828
N	-23.713	2.152	-10.588	829
CA	-22.445	2.769	-10.224	829
C	-22.608	4.284	-10.36	829
N	-22.394	5.013	-9.266	830
CA	-22.555	6.459	-9.244	830
C	-21.451	7.142	-8.432	830
N	-21.012	8.311	-8.896	831
CA	-20.2	9.235	-8.104	831
C	-21.101	10.011	-7.144	831
N	-20.696	10.112	-5.881	832
CA	-21.398	10.809	-4.812	832
C	-20.67	12.11	-4.47	832
N	-21.388	13.226	-4.549	833
CA	-20.926	14.541	-4.082	833
C	-21.838	15.016	-2.958	833
N	-21.284	15.586	-1.889	834
CA	-22.062	16.027	-0.734	834
C	-21.926	17.538	-0.503	834
N	-23.044	18.22	-0.254	835
CA	-23.106	19.648	0.046	835
C	-23.843	19.894	1.364	835
N	-23.251	20.697	2.248	836
CA	-23.861	21.063	3.532	836
C	-24.888	22.185	3.382	836
N	-25.957	22.104	4.166	837
CA	-26.94	23.169	4.351	837
C	-26.849	23.684	5.778	837
N	-26.555	24.969	5.944	838
CA	-26.407	25.623	7.251	838
C	-27.625	26.478	7.598	838
N	-27.924	26.626	8.891	839
CA	-28.859	27.644	9.371	839
C	-28.207	29.041	9.325	839
N	-28.97	30.065	9.718	840
CA	-28.511	31.465	9.812	840
C	-27.323	31.612	10.788	840
N	-27.188	30.703	11.756	841
CA	-26.095	30.667	12.739	841
C	-24.86	29.882	12.245	841
N	-24.855	29.398	10.997	842
CA	-23.758	28.605	10.428	842
C	-23.716	27.134	10.872	842
N	-24.663	26.67	11.696	843
CA	-24.787	25.264	12.105	843
C	-25.356	24.432	10.954	843
N	-24.676	23.343	10.593	844
CA	-25.155	22.388	9.578	844
C	-26.463	21.751	10.059	844
N	-27.545	21.935	9.3	845
CA	-28.863	21.337	9.571	845
C	-29.01	20.015	8.813	845
N	-28.55	19.984	7.556	846
CA	-28.725	18.862	6.622	846
C	-27.531	18.753	5.688	846
N	-27.31	17.563	5.149	847
CA	-26.34	17.331	4.085	847
C	-27.06	16.77	2.854	847
N	-26.898	17.416	1.701	848
CA	-27.439	16.988	0.414	848
C	-26.409	16.164	-0.335	848
N	-26.819	15.007	-0.823	849
CA	-26.003	14.097	-1.601	849
C	-26.519	14.043	-3.032	849
N	-25.618	14.244	-3.982	850
CA	-25.866	14.251	-5.415	850
C	-25.223	12.998	-6.002	850
N	-25.992	12.196	-6.741	851
CA	-25.456	11.05	-7.469	851
C	-25.31	11.387	-8.949	851
N	-24.123	11.155	-9.492	852
CA	-23.863	11.172	-10.925	852
C	-23.661	9.738	-11.413	852
N	-24.585	9.241	-12.237	853
CA	-24.545	7.866	-12.75	853
C	-23.389	7.73	-13.74	853
N	-22.545	6.726	-13.529	854
CA	-21.474	6.363	-14.451	854
C	-22.052	5.302	-15.389	854
N	-22.652	5.741	-16.498	855
CA	-23.191	4.818	-17.494	855
C	-22.04	4.127	-18.239	855
N	-21.808	2.845	-17.938	856
CA	-21.341	1.9	-18.959	856
C	-22.549	1.579	-19.825	856
N	-22.658	2.22	-20.98	857
CA	-23.722	1.923	-21.931	857
C	-23.765	0.415	-22.246	857
N	-24.911	-0.18	-21.898	858
CA	-25.701	-1.137	-22.685	858
C	-25.028	-2.431	-23.161	858
N	-25.551	-3.551	-22.657	859
CA	-25.0	-4.882	-22.853	859
C	-25.063	-5.44	-24.273	859
N	-24.054	-6.248	-24.578	860
CA	-24.187	-7.492	-25.32	860
C	-23.032	-8.39	-24.866	860
N	-23.358	-9.566	-24.347	861
CA	-22.408	-10.653	-24.153	861
C	-21.888	-11.104	-25.524	861
N	-20.775	-10.535	-25.988	862
CA	-20.041	-11.006	-27.161	862
C	-18.53	-10.993	-26.846	862
N	-17.841	-12.15	-26.854	863
CA	-16.414	-12.251	-26.525	863
C	-15.475	-11.483	-27.473	863
N	-15.936	-11.1	-28.666	864
CA	-15.1	-10.561	-29.753	864
C	-14.712	-9.077	-29.566	864
N	-15.443	-8.298	-28.756	865
CA	-15.146	-6.865	-28.563	865
C	-13.944	-6.572	-27.649	865
N	-13.402	-7.571	-26.939	866
CA	-12.152	-7.372	-26.186	866
C	-10.969	-7.076	-27.111	866
N	-10.951	-7.649	-28.315	867
CA	-9.936	-7.338	-29.329	867
C	-10.179	-5.951	-29.942	867
N	-11.434	-5.589	-30.237	868
CA	-11.773	-4.261	-30.781	868
C	-11.428	-3.099	-29.839	868
N	-11.579	-3.266	-28.521	869
CA	-11.209	-2.234	-27.552	869
C	-9.684	-2.043	-27.461	869
N	-8.908	-3.123	-27.623	870
CA	-7.45	-3.045	-27.744	870
C	-7.062	-2.331	-29.042	870
N	-7.663	-2.704	-30.177	871
CA	-7.406	-2.052	-31.466	871
C	-7.813	-0.574	-31.496	871
N	-8.845	-0.154	-30.749	872
CA	-9.228	1.262	-30.664	872
C	-8.191	2.081	-29.881	872
N	-7.664	1.53	-28.782	873
CA	-6.584	2.159	-28.02	873
C	-5.283	2.197	-28.834	873
N	-4.961	1.122	-29.558	874
CA	-3.823	1.057	-30.484	874
C	-3.964	2.056	-31.642	874
N	-5.145	2.196	-32.258	875
CA	-5.392	3.199	-33.305	875
C	-5.319	4.628	-32.764	875
N	-5.815	4.861	-31.546	876
CA	-5.701	6.166	-30.878	876
C	-4.237	6.488	-30.596	876
N	-3.461	5.494	-30.156	877
CA	-2.014	5.593	-30.003	877
C	-1.328	5.883	-31.345	877
N	-1.539	5.096	-32.407	878
CA	-0.907	5.307	-33.73	878
C	-1.272	6.664	-34.348	878
N	-2.528	7.117	-34.23	879
CA	-2.921	8.485	-34.63	879
C	-2.163	9.529	-33.831	879
N	-2.012	9.271	-32.533	880
CA	-1.224	10.121	-31.676	880
C	0.26	10.05	-32.063	880
N	0.853	8.938	-32.472	881
CA	2.265	8.918	-32.887	881
C	2.491	9.57	-34.268	881
N	1.568	9.476	-35.244	882
CA	1.739	10.093	-36.591	882
C	1.516	11.616	-36.566	882
N	0.553	12.064	-35.753	883
CA	0.325	13.451	-35.322	883
C	1.6	14.32	-35.154	883
N	2.651	13.721	-34.579	884
CA	3.79	14.354	-33.886	884
C	4.832	14.763	-34.909	884
N	5.397	13.813	-35.672	885
CA	6.269	14.142	-36.776	885
C	5.525	14.98	-37.817	885
N	4.219	14.766	-38.05	886
CA	3.444	15.61	-38.969	886
C	3.416	17.083	-38.534	886
N	3.17	17.357	-37.249	887
CA	3.234	18.72	-36.725	887
C	4.653	19.305	-36.792	887
N	5.697	18.487	-36.611	888
CA	7.095	18.891	-36.799	888
C	7.421	19.255	-38.253	888
N	6.973	18.44	-39.215	889
CA	7.085	18.718	-40.656	889
C	6.351	20.022	-40.987	889
N	5.124	20.203	-40.481	890
CA	4.333	21.426	-40.693	890
C	4.95	22.669	-40.06	890
N	5.63	22.521	-38.927	891
CA	6.401	23.605	-38.326	891
C	7.607	23.983	-39.195	891
N	8.409	23.0	-39.619	892
CA	9.555	23.226	-40.501	892
C	9.127	23.861	-41.831	892
N	8.001	23.411	-42.376	893
CA	7.367	24.009	-43.533	893
C	7.017	25.485	-43.288	893
N	6.215	25.812	-42.263	894
CA	5.853	27.211	-41.959	894
C	7.072	28.12	-41.75	894
N	8.168	27.595	-41.192	895
CA	9.434	28.33	-41.1	895
C	10.054	28.594	-42.479	895
N	10.08	27.598	-43.368	896
CA	10.577	27.759	-44.737	896
C	9.726	28.747	-45.548	896
N	8.403	28.774	-45.363	897
CA	7.52	29.775	-45.99	897
C	7.885	31.216	-45.6	897
N	8.38	31.427	-44.373	898
CA	8.81	32.747	-43.884	898
C	10.201	33.181	-44.368	898
N	10.957	32.282	-45.003	899
CA	12.3	32.564	-45.516	899
C	12.279	33.069	-46.967	899
N	13.389	33.642	-47.441	900
CA	13.543	34.0	-48.856	900
C	13.645	32.731	-49.722	900
N	12.505	32.286	-50.254	901
CA	12.389	31.09	-51.098	901
C	12.217	31.445	-52.578	901
N	12.881	30.681	-53.446	902
CA	12.678	30.742	-54.898	902
C	11.279	30.252	-55.295	902
N	10.83	30.577	-56.512	903
CA	9.542	30.1	-57.029	903
C	9.429	28.559	-57.029	903
N	10.517	27.846	-57.355	904
CA	10.55	26.373	-57.315	904
C	10.419	25.812	-55.896	904
N	11.066	26.453	-54.917	905
CA	10.947	26.072	-53.51	905
C	9.54	26.351	-52.987	905
N	8.925	27.474	-53.381	906
CA	7.531	27.78	-53.038	906
C	6.571	26.703	-53.542	906
N	6.733	26.221	-54.774	907
CA	5.904	25.128	-55.297	907
C	6.093	23.815	-54.511	907
N	7.328	23.469	-54.118	908
CA	7.579	22.284	-53.281	908
C	6.96	22.408	-51.89	908
N	7.015	23.604	-51.302	909
CA	6.343	23.915	-50.047	909
C	4.826	23.78	-50.218	909
N	4.198	24.463	-51.177	910
CA	2.751	24.344	-51.438	910
C	2.285	22.886	-51.648	910
N	3.108	22.066	-52.31	911
CA	2.872	20.623	-52.485	911
C	2.979	19.858	-51.156	911
N	3.962	20.191	-50.311	912
CA	4.111	19.636	-48.956	912
C	2.921	19.989	-48.059	912
N	2.416	21.23	-48.097	913
CA	1.278	21.703	-47.265	913
C	0.028	20.911	-47.629	913
N	-0.164	20.671	-48.925	914
CA	-1.265	19.868	-49.417	914
C	-1.204	18.412	-48.914	914
N	-0.02	17.788	-48.921	915
CA	0.195	16.457	-48.344	915
C	0.005	16.457	-46.817	915
N	0.486	17.482	-46.115	916
CA	0.348	17.608	-44.661	916
C	-1.115	17.776	-44.231	916
N	-1.888	18.577	-44.975	917
CA	-3.339	18.715	-44.795	917
C	-4.053	17.39	-45.029	917
N	-3.69	16.63	-46.067	918
CA	-4.232	15.28	-46.274	918
C	-3.964	14.354	-45.086	918
N	-2.727	14.278	-44.578	919
CA	-2.408	13.424	-43.419	919
C	-3.195	13.889	-42.184	919
N	-3.307	15.204	-41.971	920
CA	-4.094	15.77	-40.864	920
C	-5.554	15.341	-40.97	920
N	-6.15	15.477	-42.157	921
CA	-7.518	15.034	-42.418	921
C	-7.667	13.536	-42.186	921
N	-6.763	12.669	-42.662	922
CA	-6.839	11.209	-42.426	922
C	-6.823	10.878	-40.924	922
N	-5.991	11.569	-40.139	923
CA	-5.874	11.331	-38.694	923
C	-7.133	11.801	-37.952	923
N	-7.697	12.945	-38.342	924
CA	-8.864	13.548	-37.685	924
C	-10.197	12.951	-38.167	924
N	-10.296	12.545	-39.437	925
CA	-11.497	11.968	-40.049	925
C	-11.591	10.472	-39.765	925
N	-11.845	10.117	-38.513	926
CA	-11.817	8.719	-38.079	926
C	-13.085	8.265	-37.393	926
N	-14.188	8.624	-38.029	927
CA	-15.403	7.85	-37.924	927
C	-15.588	7.087	-39.243	927
N	-14.898	5.94	-39.357	928
CA	-15.053	4.995	-40.476	928
C	-16.54	4.691	-40.714	928
N	-17.334	4.64	-39.632	929
CA	-18.791	4.498	-39.697	929
C	-19.461	5.695	-40.362	929
N	-19.032	6.928	-40.098	930
CA	-19.589	8.113	-40.767	930
C	-19.328	8.133	-42.277	930
N	-18.168	7.652	-42.745	931
CA	-17.899	7.506	-44.189	931
C	-18.751	6.37	-44.765	931
N	-18.864	5.248	-44.049	932
CA	-19.673	4.118	-44.497	932
C	-21.177	4.414	-44.539	932
N	-21.681	5.209	-43.596	933
CA	-23.071	5.666	-43.485	933
C	-23.368	6.906	-44.346	933
N	-22.352	7.51	-44.973	934
CA	-22.513	8.699	-45.81	934
C	-22.884	9.972	-45.034	934
N	-22.511	10.068	-43.752	935
CA	-22.809	11.205	-42.855	935
C	-21.675	12.228	-42.729	935
N	-20.551	12.007	-43.409	936
CA	-19.41	12.923	-43.377	936
C	-19.781	14.296	-43.973	936
N	-19.482	15.385	-43.259	937
CA	-19.587	16.744	-43.801	937
C	-18.381	17.039	-44.71	937
N	-18.64	17.587	-45.9	938
CA	-17.615	18.001	-46.865	938
C	-17.287	19.485	-46.665	938
N	-16.002	19.828	-46.604	939
CA	-15.545	21.216	-46.482	939
C	-15.351	21.796	-47.883	939
N	-16.071	22.859	-48.234	940
CA	-16.039	23.422	-49.594	940
C	-15.09	24.621	-49.646	940
N	-14.011	24.532	-50.429	941
CA	-13.034	25.609	-50.648	941
C	-12.725	25.836	-52.139	941
N	-12.171	27.008	-52.467	942
CA	-11.677	27.31	-53.813	942
C	-10.279	26.708	-54.02	942
N	-10.082	25.978	-55.118	943
CA	-8.791	25.394	-55.475	943
C	-8.582	25.338	-56.995	943
N	-7.328	25.146	-57.418	944
CA	-6.948	24.902	-58.82	944
C	-6.585	23.437	-59.028	944
N	-6.894	22.902	-60.209	945
CA	-6.643	21.496	-60.535	945
C	-5.144	21.16	-60.588	945
N	-4.321	22.099	-61.055	946
CA	-2.859	21.979	-61.086	946
C	-2.279	21.626	-59.706	946
N	-2.712	22.32	-58.647	947
CA	-2.243	22.068	-57.281	947
C	-2.602	20.651	-56.796	947
N	-3.761	20.115	-57.201	948
CA	-4.151	18.73	-56.892	948
C	-3.223	17.747	-57.606	948
N	-2.942	17.979	-58.89	949
CA	-2.084	17.115	-59.701	949
C	-0.65	17.071	-59.18	949
N	-0.056	18.228	-58.889	950
CA	1.292	18.318	-58.319	950
C	1.388	17.522	-57.013	950
N	0.357	17.635	-56.168	951
CA	0.277	16.908	-54.898	951
C	0.22	15.395	-55.107	951
N	-0.731	14.874	-55.891	952
CA	-0.886	13.415	-56.056	952
C	0.289	12.785	-56.809	952
N	0.882	13.511	-57.764	953
CA	2.061	13.048	-58.492	953
C	3.231	12.935	-57.516	953
N	3.471	13.957	-56.683	954
CA	4.581	13.957	-55.719	954
C	4.587	12.722	-54.804	954
N	3.405	12.225	-54.417	955
CA	3.237	11.068	-53.53	955
C	3.642	9.726	-54.162	955
N	3.637	9.606	-55.496	956
CA	4.025	8.367	-56.203	956
C	5.372	8.466	-56.921	956
N	5.957	9.666	-57.014	957
CA	7.198	9.894	-57.764	957
C	8.387	9.085	-57.24	957
N	8.499	8.873	-55.922	958
CA	9.58	8.056	-55.342	958
C	9.462	6.609	-55.843	958
N	8.265	6.015	-55.757	959
CA	7.995	4.641	-56.213	959
C	8.259	4.504	-57.719	959
N	7.828	5.478	-58.527	960
CA	8.062	5.474	-59.974	960
C	9.553	5.554	-60.331	960
N	10.338	6.365	-59.603	961
CA	11.793	6.486	-59.796	961
C	12.527	5.212	-59.401	961
N	12.217	4.64	-58.24	962
CA	12.772	3.349	-57.805	962
C	12.445	2.232	-58.805	962
N	11.269	2.318	-59.443	963
CA	10.804	1.375	-60.461	963
C	11.228	1.71	-61.904	963
N	12.032	2.753	-62.142	964
CA	12.398	3.235	-63.488	964
C	11.2	3.332	-64.461	964
N	10.032	3.745	-63.965	965
CA	8.794	3.807	-64.75	965
C	8.485	5.241	-65.181	965
N	7.998	5.418	-66.41	966
CA	7.691	6.739	-66.971	966
C	6.291	7.209	-66.56	966
N	6.142	8.478	-66.178	967
CA	4.836	9.109	-65.967	967
C	4.486	9.99	-67.174	967
N	3.296	9.811	-67.753	968
CA	2.757	10.65	-68.838	968
C	1.526	11.392	-68.331	968
N	1.511	12.72	-68.413	969
CA	0.397	13.549	-67.923	969
C	-0.145	14.394	-69.073	969
N	-1.417	14.203	-69.417	970
CA	-2.129	14.912	-70.485	970
C	-3.349	15.636	-69.895	970
N	-3.299	16.962	-69.787	971
CA	-4.394	17.768	-69.218	971
C	-4.691	18.916	-70.168	971
N	-5.963	19.115	-70.518	972
CA	-6.38	20.242	-71.351	972
C	-6.032	21.584	-70.672	972
N	-5.336	22.475	-71.389	973
CA	-4.852	23.771	-70.866	973
C	-5.977	24.648	-70.291	973
N	-7.182	24.536	-70.854	974
CA	-8.395	25.245	-70.428	974
C	-8.794	24.951	-68.97	974
N	-8.45	23.768	-68.446	975
CA	-8.863	23.318	-67.106	975
C	-7.757	23.533	-66.073	975
N	-6.479	23.506	-66.484	976
CA	-5.334	23.563	-65.554	976
C	-5.425	24.735	-64.574	976
N	-5.806	25.911	-65.075	977
CA	-5.83	27.171	-64.312	977
C	-7.225	27.594	-63.838	977
N	-8.267	26.817	-64.154	978
CA	-9.652	27.148	-63.821	978
C	-9.888	27.03	-62.297	978
N	-10.405	28.073	-61.614	979
CA	-10.777	27.98	-60.205	979
C	-12.044	27.131	-60.043	979
N	-11.91	26.058	-59.271	980
CA	-12.954	25.1	-58.93	980
C	-13.331	25.258	-57.455	980
N	-14.56	24.894	-57.092	981
CA	-15.039	24.97	-55.712	981
C	-15.548	23.6	-55.225	981
N	-14.993	23.09	-54.121	982
CA	-15.281	21.761	-53.559	982
C	-14.314	21.359	-52.434	982
N	-14.397	20.116	-51.948	983
CA	-13.468	19.594	-50.926	983
C	-12.158	19.122	-51.571	983
N	-11.189	20.043	-51.655	984
CA	-9.867	19.802	-52.247	984
C	-9.173	18.604	-51.603	984
N	-9.158	18.527	-50.27	985
CA	-8.351	17.548	-49.527	985
C	-8.908	16.137	-49.709	985
N	-10.238	15.966	-49.669	986
CA	-10.867	14.661	-49.942	986
C	-10.694	14.237	-51.397	986
N	-10.804	15.163	-52.356	987
CA	-10.552	14.846	-53.765	987
C	-9.104	14.401	-53.988	987
N	-8.141	15.095	-53.377	988
CA	-6.742	14.688	-53.439	988
C	-6.523	13.295	-52.827	988
N	-7.144	12.988	-51.678	989
CA	-7.065	11.673	-51.029	989
C	-7.565	10.544	-51.947	989
N	-8.708	10.753	-52.614	990
CA	-9.289	9.789	-53.562	990
C	-8.335	9.543	-54.735	990
N	-7.863	10.612	-55.382	991
CA	-7.027	10.505	-56.577	991
C	-5.636	9.929	-56.262	991
N	-5.059	10.262	-55.104	992
CA	-3.791	9.703	-54.644	992
C	-3.877	8.187	-54.415	992
N	-4.946	7.699	-53.773	993
CA	-5.114	6.266	-53.507	993
C	-5.318	5.461	-54.803	993
N	-6.118	5.978	-55.746	994
CA	-6.276	5.373	-57.076	994
C	-4.942	5.32	-57.836	994
N	-4.174	6.415	-57.838	995
CA	-2.888	6.48	-58.532	995
C	-1.847	5.547	-57.898	995
N	-1.759	5.484	-56.56	996
CA	-0.86	4.555	-55.847	996
C	-1.157	3.107	-56.228	996
N	-2.437	2.742	-56.285	997
CA	-2.886	1.414	-56.693	997
C	-2.503	1.074	-58.145	997
N	-2.604	2.038	-59.067	998
CA	-2.158	1.898	-60.463	998
C	-0.637	1.704	-60.541	998
N	0.143	2.528	-59.834	999
CA	1.616	2.454	-59.82	999
C	2.105	1.137	-59.213	999
N	1.46	0.667	-58.142	1000
CA	1.822	-0.583	-57.479	1000
C	1.604	-1.817	-58.368	1000
N	0.583	-1.801	-59.235	1001
CA	0.206	-2.915	-60.118	1001
C	0.653	-2.758	-61.578	1001
N	1.283	-1.638	-61.928	1002
CA	1.96	-1.502	-63.204	1002
C	3.125	-2.516	-63.285	1002
N	3.33	-3.182	-64.437	1003
CA	4.477	-4.054	-64.659	1003
C	5.795	-3.342	-64.324	1003
N	6.766	-4.05	-63.759	1004
CA	8.102	-3.523	-63.458	1004
C	9.155	-4.511	-63.985	1004
N	10.297	-4.066	-64.565	1005
CA	10.772	-2.684	-64.797	1005
C	10.361	-2.032	-66.134	1005
N	10.579	-0.71	-66.258	1006
CA	10.419	0.112	-67.48	1006
C	8.99	0.235	-68.05	1006
N	7.969	0.182	-67.198	1007
CA	6.591	0.466	-67.609	1007
C	6.312	1.972	-67.663	1007
N	5.106	2.332	-68.089	1008
CA	4.592	3.691	-68.039	1008
C	3.261	3.739	-67.282	1008
N	2.991	4.867	-66.636	1009
CA	1.703	5.203	-66.024	1009
C	1.23	6.511	-66.651	1009
N	-0.027	6.565	-67.08	1010
CA	-0.627	7.726	-67.734	1010
C	-1.708	8.366	-66.871	1010
N	-1.773	9.692	-66.824	1011
CA	-2.888	10.454	-66.254	1011
C	-3.422	11.359	-67.362	1011
N	-4.694	11.221	-67.734	1012
CA	-5.344	12.113	-68.698	1012
C	-6.592	12.754	-68.102	1012
N	-6.758	14.07	-68.234	1013
CA	-7.951	14.786	-67.758	1013
C	-8.579	15.556	-68.913	1013
N	-9.851	15.264	-69.175	1014
CA	-10.631	15.885	-70.249	1014
C	-11.869	16.597	-69.693	1014
N	-12.244	17.761	-70.254	1015
CA	-13.474	18.438	-69.883	1015
C	-14.654	17.732	-70.554	1015
N	-15.711	17.503	-69.79	1016
CA	-17.025	17.127	-70.288	1016
C	-17.907	18.354	-70.532	1016
N	-19.208	18.122	-70.705	1017
CA	-20.183	19.196	-70.912	1017
C	-20.295	20.105	-69.675	1017
N	-20.343	21.423	-69.892	1018
CA	-20.762	22.377	-68.862	1018
C	-22.268	22.253	-68.603	1018
N	-22.647	22.257	-67.328	1019
CA	-24.024	22.151	-66.863	1019
C	-24.341	23.385	-66.007	1019
N	-25.351	24.173	-66.386	1020
CA	-25.916	25.203	-65.497	1020
C	-27.007	24.584	-64.62	1020
N	-26.834	24.615	-63.292	1021
CA	-27.821	24.156	-62.292	1021
C	-27.834	25.109	-61.091	1021
N	-29.017	25.42	-60.558	1022
CA	-29.241	26.113	-59.272	1022
C	-28.273	27.274	-58.957	1022
N	-28.293	28.332	-59.78	1023
CA	-27.449	29.532	-59.628	1023
C	-25.922	29.272	-59.61	1023
N	-25.452	28.161	-60.186	1024
CA	-24.031	27.871	-60.384	1024
C	-23.733	27.263	-61.756	1024
N	-22.535	27.534	-62.281	1025
CA	-21.971	26.791	-63.414	1025
C	-21.196	25.595	-62.873	1025
N	-21.434	24.418	-63.435	1026
CA	-20.709	23.19	-63.126	1026
C	-19.997	22.695	-64.379	1026
N	-18.811	22.13	-64.2	1027
CA	-18.064	21.449	-65.253	1027
C	-17.952	19.967	-64.898	1027
N	-18.18	19.101	-65.883	1028
CA	-17.903	17.673	-65.75	1028
C	-16.422	17.435	-66.041	1028
N	-15.683	16.824	-65.123	1029
CA	-14.274	16.475	-65.299	1029
C	-14.139	14.957	-65.366	1029
N	-13.495	14.454	-66.42	1030
CA	-13.176	13.035	-66.552	1030
C	-11.671	12.821	-66.387	1030
N	-11.283	12.155	-65.302	1031
CA	-9.917	11.721	-65.027	1031
C	-9.753	10.266	-65.468	1031
N	-8.663	9.949	-66.169	1032
CA	-8.253	8.567	-66.441	1032
C	-6.833	8.33	-65.957	1032
N	-6.631	7.267	-65.186	1033
CA	-5.314	6.822	-64.715	1033
C	-5.033	5.439	-65.296	1033
N	-4.054	5.344	-66.193	1034
CA	-3.834	4.223	-67.112	1034
C	-2.503	3.536	-66.79	1034
N	-2.465	2.206	-66.844	1035
CA	-1.228	1.421	-66.856	1035
C	-1.348	0.219	-67.804	1035
N	-0.237	-0.278	-68.368	1036
CA	-0.243	-1.54	-69.094	1036
C	-0.341	-2.731	-68.125	1036
N	-0.636	-3.92	-68.652	1037
CA	-0.618	-5.181	-67.9	1037
C	-2.001	-5.726	-67.529	1037
N	-2.025	-6.767	-66.679	1038
CA	-3.231	-7.57	-66.36	1038
C	-4.304	-6.836	-65.533	1038
N	-3.993	-5.634	-65.056	1039
CA	-4.834	-4.852	-64.157	1039
C	-4.687	-5.23	-62.68	1039
N	-5.497	-4.601	-61.827	1040
CA	-5.567	-4.883	-60.388	1040
C	-6.042	-6.327	-60.088	1040
N	-5.69	-6.925	-58.938	1041
CA	-6.233	-8.206	-58.489	1041
C	-7.764	-8.187	-58.399	1041
N	-8.411	-9.299	-58.758	1042
CA	-9.879	-9.401	-58.734	1042
C	-10.46	-9.227	-57.329	1042
N	-9.733	-9.655	-56.294	1043
CA	-10.117	-9.505	-54.882	1043
C	-10.205	-8.029	-54.466	1043
N	-9.269	-7.183	-54.912	1044
CA	-9.299	-5.742	-54.622	1044
C	-10.458	-5.031	-55.328	1044
N	-10.757	-5.416	-56.577	1045
CA	-11.934	-4.897	-57.284	1045
C	-13.238	-5.388	-56.642	1045
N	-13.246	-6.621	-56.131	1046
CA	-14.353	-7.168	-55.35	1046
C	-14.568	-6.343	-54.082	1046
N	-13.52	-6.061	-53.304	1047
CA	-13.608	-5.227	-52.095	1047
C	-14.111	-3.795	-52.407	1047
N	-13.709	-3.215	-53.549	1048
CA	-14.11	-1.867	-53.98	1048
C	-15.595	-1.765	-54.384	1048
N	-16.107	-2.744	-55.142	1049
CA	-17.446	-2.696	-55.748	1049
C	-18.495	-3.58	-55.05	1049
N	-18.112	-4.656	-54.355	1050
CA	-19.06	-5.537	-53.662	1050
C	-19.495	-4.969	-52.301	1050
N	-20.781	-5.123	-51.994	1051
CA	-21.413	-4.73	-50.723	1051
C	-21.254	-5.784	-49.622	1051
N	-20.153	-6.546	-49.593	1052
CA	-19.902	-7.461	-48.468	1052
C	-19.544	-6.662	-47.209	1052
N	-20.078	-7.105	-46.072	1053
CA	-19.651	-6.666	-44.743	1053
C	-18.304	-7.329	-44.444	1053
N	-17.229	-6.574	-44.66	1054
CA	-15.848	-7.043	-44.575	1054
C	-15.014	-6.605	-45.778	1054
N	-13.709	-6.813	-45.674	1055
CA	-12.719	-6.582	-46.723	1055
C	-11.649	-7.665	-46.601	1055
N	-11.068	-8.079	-47.724	1056
CA	-9.997	-9.086	-47.734	1056
C	-8.631	-8.411	-47.683	1056
N	-8.486	-7.282	-48.378	1057
CA	-7.203	-6.59	-48.541	1057
C	-7.245	-5.155	-47.993	1057
N	-6.186	-4.669	-47.31	1058
CA	-6.125	-3.281	-46.837	1058
C	-6.261	-2.248	-47.968	1058
N	-5.661	-2.515	-49.135	1059
CA	-5.792	-1.653	-50.318	1059
C	-7.229	-1.676	-50.885	1059
N	-7.928	-2.818	-50.807	1060
CA	-9.341	-2.942	-51.177	1060
C	-10.27	-2.101	-50.293	1060
N	-9.997	-2.031	-48.982	1061
CA	-10.695	-1.122	-48.064	1061
C	-10.475	0.35	-48.45	1061
N	-9.235	0.737	-48.776	1062
CA	-8.902	2.084	-49.258	1062
C	-9.742	2.478	-50.475	1062
N	-9.743	1.628	-51.507	1063
CA	-10.526	1.833	-52.728	1063
C	-12.045	1.907	-52.471	1063
N	-12.578	1.091	-51.546	1064
CA	-13.996	1.115	-51.132	1064
C	-14.371	2.45	-50.483	1064
N	-13.534	2.954	-49.573	1065
CA	-13.733	4.25	-48.918	1065
C	-13.634	5.4	-49.93	1065
N	-12.654	5.365	-50.841	1066
CA	-12.501	6.354	-51.915	1066
C	-13.718	6.415	-52.84	1066
N	-14.33	5.27	-53.184	1067
CA	-15.589	5.237	-53.951	1067
C	-16.74	5.904	-53.192	1067
N	-16.943	5.572	-51.91	1068
CA	-18.023	6.16	-51.09	1068
C	-17.864	7.675	-50.921	1068
N	-16.644	8.143	-50.658	1069
CA	-16.323	9.572	-50.586	1069
C	-16.58	10.282	-51.924	1069
N	-16.17	9.681	-53.045	1070
CA	-16.419	10.232	-54.378	1070
C	-17.923	10.333	-54.694	1070
N	-18.723	9.344	-54.287	1071
CA	-20.185	9.36	-54.441	1071
C	-20.833	10.52	-53.667	1071
N	-20.346	10.841	-52.459	1072
CA	-20.785	12.032	-51.712	1072
C	-20.407	13.349	-52.411	1072
N	-19.347	13.347	-53.225	1073
CA	-18.911	14.485	-54.044	1073
C	-19.58	14.521	-55.432	1073
N	-20.678	13.78	-55.638	1074
CA	-21.375	13.635	-56.924	1074
C	-20.487	13.1	-58.064	1074
N	-19.473	12.304	-57.728	1075
CA	-18.621	11.616	-58.687	1075
C	-18.925	10.122	-58.798	1075
N	-18.346	9.481	-59.814	1076
CA	-18.373	8.026	-60.021	1076
C	-17.009	7.54	-60.479	1076
N	-16.646	6.322	-60.09	1077
CA	-15.414	5.656	-60.525	1077
C	-15.741	4.298	-61.136	1077
N	-15.066	3.964	-62.229	1078
CA	-15.091	2.645	-62.86	1078
C	-13.665	2.192	-63.163	1078
N	-13.443	0.881	-63.232	1079
CA	-12.164	0.31	-63.644	1079
C	-12.365	-0.519	-64.909	1079
N	-11.695	-0.132	-65.991	1080
CA	-11.817	-0.764	-67.307	1080
C	-10.54	-1.546	-67.59	1080
N	-10.688	-2.813	-67.984	1081
CA	-9.588	-3.654	-68.47	1081
C	-9.729	-3.823	-69.98	1081
N	-8.802	-3.264	-70.745	1082
CA	-8.63	-3.535	-72.177	1082
C	-7.406	-4.451	-72.367	1082
N	-7.276	-5.097	-73.531	1083
CA	-6.266	-6.146	-73.764	1083
C	-4.814	-5.695	-73.503	1083
N	-4.483	-4.43	-73.785	1084
CA	-3.123	-3.888	-73.61	1084
C	-2.987	-2.878	-72.463	1084
N	-4.104	-2.366	-71.937	1085
CA	-4.109	-1.302	-70.928	1085
C	-5.312	-1.417	-70.006	1085
N	-5.089	-1.163	-68.729	1086
CA	-6.147	-1.054	-67.739	1086
C	-6.154	0.364	-67.167	1086
N	-7.325	0.884	-66.807	1087
CA	-7.422	2.234	-66.262	1087
C	-8.59	2.429	-65.302	1087
N	-8.396	3.302	-64.311	1088
CA	-9.513	3.92	-63.598	1088
C	-10.059	5.077	-64.43	1088
N	-11.381	5.165	-64.564	1089
CA	-12.088	6.335	-65.079	1089
C	-12.929	6.934	-63.952	1089
N	-12.613	8.172	-63.578	1090
CA	-13.306	8.955	-62.552	1090
C	-14.021	10.114	-63.231	1090
N	-15.332	10.175	-63.058	1091
CA	-16.211	11.209	-63.585	1091
C	-16.721	12.055	-62.407	1091
N	-16.437	13.361	-62.38	1092
CA	-16.747	14.255	-61.255	1092
C	-17.394	15.562	-61.733	1092
N	-18.454	16.01	-61.057	1093
CA	-19.096	17.304	-61.318	1093
C	-18.671	18.329	-60.261	1093
N	-18.002	19.413	-60.672	1094
CA	-17.479	20.451	-59.758	1094
C	-17.962	21.838	-60.184	1094
N	-18.206	22.734	-59.221	1095
CA	-18.685	24.104	-59.467	1095
C	-17.539	25.03	-59.908	1095
N	-17.796	25.934	-60.857	1096
CA	-16.848	26.944	-61.376	1096
C	-17.298	28.371	-61.008	1096
N	-16.355	29.307	-60.81	1097
CA	-16.622	30.657	-60.252	1097
C	-16.63	31.825	-61.268	1097
N	-16.701	31.569	-62.576	1098
CA	-16.722	32.636	-63.592	1098
C	-18.068	33.404	-63.623	1098
N	-18.145	34.553	-62.925	1099
CA	-19.081	35.649	-63.245	1099
C	-19.693	36.452	-62.083	1099
N	-18.981	37.461	-61.552	1100
CA	-19.563	38.715	-61.003	1100
C	-18.562	39.868	-61.233	1100
N	-18.621	40.542	-62.385	1101
CA	-17.894	41.8	-62.636	1101
C	-18.834	43.017	-62.555	1101
N	-18.286	44.119	-62.022	1102
CA	-18.695	45.534	-62.145	1102
C	-19.762	46.108	-61.187	1102
N	-19.308	46.886	-60.182	1103
CA	-19.824	48.238	-59.84	1103
C	-19.043	48.895	-58.682	1103
N	-18.348	49.998	-58.99	1104
CA	-18.28	51.179	-58.111	1104
C	-17.039	51.38	-57.233	1104
N	-15.925	51.81	-57.826	1105
CA	-14.867	52.588	-57.155	1105
C	-15.263	54.064	-57.073	1105
N	-15.302	54.662	-55.878	1106
CA	-15.076	56.102	-55.643	1106
C	-14.925	56.374	-54.131	1106
N	-13.846	57.057	-53.717	1107
CA	-13.813	57.77	-52.428	1107
C	-12.568	57.618	-51.545	1107
N	-11.524	58.402	-51.857	1108
CA	-10.538	59.047	-50.948	1108
C	-9.824	58.188	-49.885	1108
N	-8.538	57.845	-50.004	1109
CA	-7.32	58.687	-49.986	1109
C	-7.043	59.452	-48.678	1109
N	-5.749	59.433	-48.296	1110
CA	-4.991	60.371	-47.424	1110
C	-5.18	60.18	-45.895	1110
N	-4.182	59.939	-45.021	1111
CA	-2.775	60.391	-44.919	1111
C	-1.982	59.509	-43.914	1111
N	-0.695	59.299	-44.251	1112
CA	0.456	58.669	-43.556	1112
C	0.654	57.165	-43.694	1112
