ATOM	X	Y	Z	RESIDUE
N	-0.201	26.716	11.984	1
CA	1.182	26.87	11.521	1
C	1.005	25.687	10.508	1
N	1.339	25.014	9.382	2
CA	1.803	23.599	9.351	2
C	1.098	22.35	10.005	2
N	1.599	21.249	9.496	3
CA	2.302	20.889	8.234	3
C	2.187	19.383	8.042	3
N	2.535	18.93	6.841	4
CA	2.488	17.522	6.577	4
C	3.624	17.208	5.594	4
N	4.08	15.973	5.601	5
CA	5.131	15.485	4.721	5
C	4.769	14.079	4.231	5
N	5.702	13.463	3.498	6
CA	5.623	12.032	3.172	6
C	6.625	11.169	3.949	6
N	7.273	11.71	4.97	7
CA	8.351	10.948	5.609	7
C	8.5	11.408	7.034	7
N	8.507	10.474	7.985	8
CA	8.738	10.839	9.424	8
C	7.453	11.163	10.195	8
N	7.535	11.866	11.36	9
CA	6.385	12.055	12.264	9
C	5.199	12.678	11.581	9
N	5.429	13.452	10.521	10
CA	4.301	14.118	9.836	10
C	3.822	13.47	8.542	10
N	4.347	12.279	8.234	11
CA	3.987	11.51	7.01	11
C	2.601	10.883	7.08	11
N	2.325	10.047	6.091	12
CA	0.957	9.71	5.789	12
C	0.168	8.97	6.875	12
N	0.818	8.207	7.756	13
CA	0.049	7.544	8.839	13
C	-0.506	8.479	9.917	13
N	0.038	9.685	9.959	14
CA	-0.323	10.753	10.902	14
C	-1.099	11.912	10.257	14
N	-1.382	11.861	8.942	15
CA	-2.25	12.905	8.315	15
C	-3.614	13.079	9.02	15
N	-4.215	11.957	9.409	16
CA	-5.525	11.929	10.062	16
C	-5.62	12.764	11.314	16
N	-4.486	12.948	12.026	17
CA	-4.459	13.791	13.206	17
C	-4.773	15.272	12.922	17
N	-4.209	15.843	11.893	18
CA	-4.536	17.254	11.582	18
C	-5.601	17.401	10.527	18
N	-5.908	16.329	9.804	19
CA	-6.774	16.448	8.615	19
C	-7.7	15.247	8.678	19
N	-8.851	15.408	9.319	20
CA	-9.592	14.233	9.706	20
C	-10.174	13.463	8.516	20
N	-10.368	14.119	7.36	21
CA	-10.864	13.357	6.176	21
C	-9.826	12.311	5.677	21
N	-8.549	12.457	6.059	22
CA	-7.535	11.487	5.623	22
C	-7.773	10.106	6.235	22
N	-8.55	10.089	7.347	23
CA	-8.949	8.832	8.041	23
C	-10.368	8.394	7.662	23
N	-10.976	9.079	6.721	24
CA	-12.411	8.833	6.472	24
C	-12.652	7.993	5.253	24
N	-13.849	8.052	4.716	25
CA	-14.209	7.174	3.638	25
C	-13.717	7.666	2.274	25
N	-13.896	6.792	1.286	26
CA	-13.606	7.099	-0.169	26
C	-12.145	7.566	-0.503	26
N	-11.132	7.012	0.177	27
CA	-9.801	7.595	0.021	27
C	-9.113	7.056	-1.196	27
N	-8.307	7.903	-1.812	28
CA	-7.41	7.518	-2.951	28
C	-5.918	7.724	-2.555	28
N	-4.944	7.116	-3.32	29
CA	-5.096	6.282	-4.533	29
C	-5.388	4.829	-4.198	29
N	-5.592	4.001	-5.234	30
CA	-5.961	2.577	-5.065	30
C	-5.172	1.715	-6.06	30
N	-5.212	0.389	-5.806	31
CA	-4.653	-0.537	-6.751	31
C	-5.766	-1.022	-7.688	31
N	-5.525	-0.883	-9.001	32
CA	-6.556	-1.129	-10.016	32
C	-6.313	-2.576	-10.474	32
N	-7.183	-3.497	-10.059	33
CA	-6.909	-4.931	-10.263	33
C	-8.216	-5.644	-10.533	33
N	-8.144	-6.78	-11.204	34
CA	-9.338	-7.372	-11.842	34
C	-10.569	-7.585	-10.934	34
N	-10.332	-7.984	-9.671	35
CA	-11.412	-8.305	-8.741	35
C	-12.333	-7.126	-8.514	35
N	-11.823	-5.902	-8.656	36
CA	-12.641	-4.726	-8.406	36
C	-12.976	-3.855	-9.652	36
N	-12.684	-4.377	-10.851	37
CA	-12.981	-3.694	-12.14	37
C	-14.237	-4.236	-12.798	37
N	-15.063	-3.341	-13.352	38
CA	-16.219	-3.756	-14.194	38
C	-16.41	-2.824	-15.369	38
N	-16.587	-3.418	-16.554	39
CA	-16.814	-2.625	-17.773	39
C	-18.139	-1.894	-17.721	39
N	-18.074	-0.6	-18.062	40
CA	-19.3	0.234	-18.161	40
C	-19.383	0.868	-19.529	40
N	-20.208	0.304	-20.41	41
CA	-20.297	0.758	-21.806	41
C	-20.864	2.179	-21.96	41
N	-21.497	2.715	-20.93	42
CA	-22.018	4.07	-21.024	42
C	-20.885	5.136	-20.881	42
N	-19.678	4.699	-20.501	43
CA	-18.524	5.64	-20.32	43
C	-17.945	6.124	-21.687	43
N	-18.177	7.395	-21.981	44
CA	-17.95	7.965	-23.307	44
C	-16.647	8.74	-23.248	44
N	-16.069	9.076	-24.434	45
CA	-14.838	9.848	-24.408	45
C	-15.032	11.229	-23.785	45
N	-14.097	11.655	-22.934	46
CA	-14.076	13.051	-22.532	46
C	-13.684	13.944	-23.718	46
N	-14.179	15.176	-23.734	47
CA	-13.683	16.145	-24.714	47
C	-12.906	17.21	-23.958	47
N	-11.694	17.456	-24.449	48
CA	-10.727	18.383	-23.87	48
C	-10.731	19.734	-24.621	48
N	-11.248	20.788	-23.983	49
CA	-11.51	22.028	-24.672	49
C	-10.623	23.115	-24.074	49
N	-10.093	23.985	-24.923	50
CA	-9.121	24.999	-24.425	50
C	-7.806	24.466	-23.865	50
N	-7.477	23.193	-24.132	51
CA	-6.169	22.561	-23.708	51
C	-4.968	23.098	-24.502	51
N	-5.221	23.597	-25.715	52
CA	-4.184	24.19	-26.561	52
C	-3.863	25.608	-26.11	52
N	-3.102	25.697	-25.021	53
CA	-2.853	26.967	-24.365	53
C	-2.118	27.952	-25.29	53
N	-2.519	29.214	-25.235	54
CA	-1.858	30.272	-25.997	54
C	-0.342	30.31	-25.783	54
N	0.448	30.064	-26.85	55
CA	1.91	30.261	-26.747	55
C	2.301	31.738	-26.464	55
N	1.363	32.685	-26.703	56
CA	1.613	34.121	-26.36	56
C	1.288	34.564	-24.914	56
N	0.835	33.578	-24.124	57
CA	0.471	33.675	-22.697	57
C	1.488	32.874	-21.884	57
N	1.763	33.293	-20.656	58
CA	2.561	32.513	-19.718	58
C	1.774	32.008	-18.484	58
N	2.192	30.838	-17.982	59
CA	1.549	30.135	-16.911	59
C	2.537	29.889	-15.772	59
N	2.116	30.143	-14.558	60
CA	2.973	30.087	-13.376	60
C	3.253	28.64	-12.904	60
N	4.532	28.311	-12.856	61
CA	5.012	27.062	-12.263	61
C	5.613	27.311	-10.877	61
N	5.259	26.486	-9.878	62
CA	5.518	26.775	-8.458	62
C	5.951	25.507	-7.712	62
N	7.057	25.617	-6.953	63
CA	7.448	24.607	-5.97	63
C	6.671	24.994	-4.691	63
N	5.66	24.21	-4.312	64
CA	4.829	24.573	-3.161	64
C	5.27	23.795	-1.908	64
N	6.412	23.114	-2.007	65
CA	6.981	22.363	-0.863	65
C	6.53	20.907	-0.791	65
N	5.524	20.541	-1.602	66
CA	5.037	19.175	-1.68	66
C	5.089	18.564	-3.083	66
N	5.061	19.406	-4.106	67
CA	5.119	18.996	-5.545	67
C	5.544	20.214	-6.404	67
N	5.63	20.054	-7.717	68
CA	5.844	21.183	-8.642	68
C	4.525	21.347	-9.375	68
N	3.965	22.567	-9.322	69
CA	2.576	22.79	-9.777	69
C	2.488	23.839	-10.899	69
N	1.737	23.563	-11.953	70
CA	1.564	24.576	-12.993	70
C	0.129	25.105	-12.963	70
N	-0.058	26.419	-12.784	71
CA	-1.423	26.96	-12.761	71
C	-2.047	26.849	-14.17	71
N	-3.35	26.581	-14.271	72
CA	-4.031	26.416	-15.568	72
C	-5.233	27.376	-15.582	72
N	-5.691	27.809	-16.786	73
CA	-6.762	28.808	-16.887	73
C	-8.127	28.233	-16.824	73
N	-9.074	29.035	-16.351	74
CA	-10.447	28.542	-16.233	74
C	-11.142	28.29	-17.579	74
N	-10.6	28.775	-18.704	75
CA	-11.228	28.439	-20.015	75
C	-10.867	27.05	-20.527	75
N	-9.909	26.398	-19.894	76
CA	-9.607	25.011	-20.162	76
C	-10.66	24.16	-19.411	76
N	-11.278	23.177	-20.05	77
CA	-12.252	22.362	-19.315	77
C	-12.489	21.008	-19.908	77
N	-13.107	20.125	-19.128	78
CA	-13.607	18.839	-19.616	78
C	-15.087	18.9	-19.874	78
N	-15.512	18.413	-21.022	79
CA	-16.898	18.192	-21.21	79
C	-17.177	16.714	-21.381	79
N	-18.391	16.354	-20.978	80
CA	-18.876	14.966	-21.042	80
C	-19.393	14.418	-19.711	80
N	-19.087	15.079	-18.598	81
CA	-19.647	14.718	-17.289	81
C	-20.959	15.488	-17.059	81
N	-21.687	15.253	-15.941	82
CA	-23.034	15.884	-15.743	82
C	-22.934	17.412	-15.787	82
N	-21.856	17.932	-15.173	83
CA	-21.51	19.358	-15.208	83
C	-20.194	19.525	-15.963	83
N	-19.939	20.761	-16.402	84
CA	-18.635	21.185	-16.894	84
C	-17.66	21.328	-15.746	84
N	-16.431	20.86	-15.961	85
CA	-15.376	21.022	-14.942	85
C	-14.264	21.843	-15.546	85
N	-13.86	22.9	-14.866	86
CA	-12.809	23.794	-15.372	86
C	-11.464	23.545	-14.698	86
N	-10.387	23.62	-15.504	87
CA	-9.0	23.332	-15.015	87
C	-8.587	24.301	-13.96	87
N	-7.8	23.828	-12.99	88
CA	-7.202	24.732	-12.024	88
C	-5.673	24.663	-11.928	88
N	-5.128	23.444	-12.031	89
CA	-3.668	23.302	-11.962	89
C	-3.297	21.881	-12.361	89
N	-2.017	21.639	-12.636	90
CA	-1.527	20.234	-12.774	90
C	-0.263	20.128	-11.918	90
N	0.14	18.901	-11.593	91
CA	1.32	18.669	-10.767	91
C	1.643	17.175	-10.876	91
N	2.752	16.774	-10.254	92
CA	3.249	15.387	-10.33	92
C	3.605	14.738	-8.962	92
N	3.837	13.441	-8.994	93
CA	4.182	12.568	-7.847	93
C	5.228	11.607	-8.354	93
N	6.321	11.426	-7.608	94
CA	7.39	10.516	-8.033	94
C	8.099	9.84	-6.874	94
N	9.041	8.94	-7.187	95
CA	9.796	8.166	-6.225	95
C	11.19	8.745	-5.987	95
N	12.238	7.946	-6.196	96
CA	13.611	8.435	-5.944	96
C	14.562	7.59	-6.76	96
N	15.806	8.033	-6.932	97
CA	16.677	7.261	-7.862	97
C	17.011	5.794	-7.479	97
N	17.031	5.458	-6.203	98
CA	17.263	4.082	-5.759	98
C	16.019	3.197	-5.88	98
N	14.834	3.805	-6.001	99
CA	13.601	3.024	-6.215	99
C	12.626	3.852	-7.064	99
N	12.846	3.857	-8.402	100
CA	12.185	4.839	-9.25	100
C	10.758	4.476	-9.672	100
N	9.917	4.263	-8.647	101
CA	8.561	3.725	-8.777	101
C	7.604	4.475	-7.878	101
N	7.295	5.714	-8.245	102
CA	6.476	6.629	-7.445	102
C	5.142	7.128	-8.009	102
N	4.455	6.321	-8.839	103
CA	3.053	6.623	-9.133	103
C	2.176	6.503	-7.871	103
N	0.975	7.056	-7.938	104
CA	0.038	6.952	-6.82	104
C	-0.863	5.711	-7.036	104
N	-1.535	5.691	-8.189	105
CA	-2.315	4.519	-8.542	105
C	-1.342	3.419	-9.034	105
N	-1.729	2.146	-8.861	106
CA	-0.939	1.021	-9.311	106
C	-1.918	0.155	-10.132	106
N	-1.4	-0.693	-10.993	107
CA	-2.286	-1.526	-11.845	107
C	-1.782	-2.945	-11.662	107
N	-2.667	-3.826	-11.211	108
CA	-2.319	-5.22	-10.881	108
C	-1.065	-5.24	-10.008	108
N	-1.032	-4.305	-9.073	109
CA	0.071	-4.234	-8.098	109
C	1.351	-3.547	-8.566	109
N	1.412	-3.228	-9.88	110
CA	2.511	-2.451	-10.566	110
C	2.539	-0.953	-10.256	110
N	3.604	-0.467	-9.613	111
CA	3.826	0.982	-9.535	111
C	4.515	1.495	-10.752	111
N	4.006	2.556	-11.379	112
CA	4.761	3.173	-12.488	112
C	5.752	4.17	-11.876	112
N	6.581	4.744	-12.744	113
CA	7.683	5.638	-12.35	113
C	7.162	6.919	-11.678	113
N	6.055	7.462	-12.201	114
CA	5.508	8.746	-11.788	114
C	4.046	8.86	-12.274	114
N	3.407	9.971	-11.935	115
CA	1.95	10.184	-12.217	115
C	1.703	11.684	-12.313	115
N	0.982	12.073	-13.347	116
CA	0.598	13.478	-13.568	116
C	-0.869	13.574	-13.167	116
N	-1.217	14.637	-12.457	117
CA	-2.635	14.949	-12.195	117
C	-3.051	16.303	-12.732	117
N	-4.149	16.317	-13.473	118
CA	-4.712	17.56	-14.036	118
C	-6.05	17.791	-13.309	118
N	-6.073	18.819	-12.486	119
CA	-7.129	19.006	-11.484	119
C	-8.141	20.02	-12.029	119
N	-9.425	19.628	-12.012	120
CA	-10.574	20.461	-12.443	120
C	-11.617	20.576	-11.335	120
N	-12.392	21.674	-11.352	121
CA	-13.489	21.866	-10.404	121
C	-14.814	22.047	-11.169	121
N	-15.903	21.717	-10.5	122
CA	-17.236	21.856	-11.083	122
C	-17.675	23.339	-11.095	122
N	-17.498	23.97	-12.235	123
CA	-17.661	25.428	-12.326	123
C	-19.095	25.816	-12.689	123
N	-19.889	24.83	-13.117	124
CA	-21.338	25.049	-13.258	124
C	-21.974	25.261	-11.854	124
N	-21.495	24.53	-10.843	125
CA	-22.13	24.532	-9.524	125
C	-21.414	25.455	-8.553	125
N	-20.113	25.65	-8.717	126
CA	-19.387	26.443	-7.72	126
C	-18.566	27.593	-8.295	126
N	-18.324	28.644	-7.482	127
CA	-17.539	29.844	-7.871	127
C	-16.085	29.588	-8.332	127
N	-15.324	28.814	-7.556	128
CA	-13.891	28.611	-7.813	128
C	-13.487	27.236	-7.204	128
N	-12.221	26.797	-7.366	129
CA	-11.755	25.484	-6.867	129
C	-11.817	25.359	-5.338	129
N	-11.387	26.398	-4.623	130
CA	-11.333	26.285	-3.16	130
C	-12.706	26.157	-2.518	130
N	-13.744	26.782	-3.079	131
CA	-15.099	26.436	-2.6	131
C	-15.675	25.121	-3.182	131
N	-15.295	24.744	-4.403	132
CA	-15.682	23.384	-4.895	132
C	-15.041	22.244	-4.056	132
N	-13.856	22.497	-3.498	133
CA	-13.021	21.458	-2.884	133
C	-13.711	20.548	-1.848	133
N	-14.451	21.148	-0.928	134
CA	-15.026	20.346	0.154	134
C	-16.526	20.141	0.009	134
N	-17.001	20.093	-1.239	135
CA	-18.421	20.008	-1.624	135
C	-18.618	18.824	-2.559	135
N	-19.806	18.228	-2.527	136
CA	-20.107	17.03	-3.305	136
C	-20.009	17.178	-4.854	136
N	-19.377	16.196	-5.505	137
CA	-18.952	16.24	-6.945	137
C	-18.313	17.626	-7.314	137
N	-17.489	18.132	-6.403	138
CA	-16.785	19.38	-6.589	138
C	-15.567	19.274	-7.506	138
N	-14.913	18.098	-7.516	139
CA	-13.637	17.977	-8.224	139
C	-13.616	16.835	-9.193	139
N	-12.948	17.037	-10.331	140
CA	-12.549	15.929	-11.2	140
C	-11.082	15.968	-11.551	140
N	-10.409	14.813	-11.46	141
CA	-8.959	14.77	-11.74	141
C	-8.662	13.7	-12.786	141
N	-7.923	14.101	-13.827	142
CA	-7.324	13.224	-14.801	142
C	-5.971	12.739	-14.352	142
N	-5.753	11.421	-14.382	143
CA	-4.429	10.871	-13.972	143
C	-3.74	10.228	-15.173	143
N	-2.484	10.621	-15.4	144
CA	-1.599	9.968	-16.365	144
C	-0.513	9.2	-15.648	144
N	-0.461	7.918	-15.955	145
CA	0.637	7.096	-15.433	145
C	1.891	7.269	-16.293	145
N	3.062	7.458	-15.638	146
CA	4.318	7.722	-16.38	146
C	5.312	6.583	-16.261	146
N	5.908	6.168	-17.347	147
CA	6.985	5.135	-17.203	147
C	8.307	5.576	-17.851	147
N	9.426	4.98	-17.426	148
CA	10.699	5.375	-17.95	148
C	10.919	4.746	-19.334	148
N	11.368	5.556	-20.276	149
CA	11.622	5.104	-21.686	149
C	12.101	6.204	-22.623	149
N	11.297	6.551	-23.639	150
CA	11.649	7.562	-24.623	150
C	11.51	8.96	-24.042	150
N	12.428	9.848	-24.402	151
CA	12.269	11.306	-24.143	151
C	10.922	11.829	-24.663	151
N	10.356	12.793	-23.929	152
CA	9.008	13.267	-24.217	152
C	9.129	14.791	-24.342	152
N	9.087	15.297	-25.577	153
CA	9.181	16.766	-25.781	153
C	8.161	17.612	-25.029	153
N	6.894	17.169	-25.004	154
CA	5.815	17.884	-24.332	154
C	6.023	17.954	-22.804	154
N	6.354	16.838	-22.124	155
CA	6.696	16.907	-20.662	155
C	7.907	17.818	-20.403	155
N	8.824	17.897	-21.373	156
CA	10.021	18.714	-21.197	156
C	9.708	20.234	-21.194	156
N	8.567	20.608	-21.781	157
CA	8.013	21.967	-21.63	157
C	7.864	22.348	-20.164	157
N	7.506	21.394	-19.307	158
CA	7.569	21.595	-17.851	158
C	8.964	21.327	-17.24	158
N	9.544	20.129	-17.495	159
CA	10.792	19.701	-16.842	159
C	12.037	20.623	-17.043	159
N	12.126	21.31	-18.182	160
CA	13.242	22.216	-18.466	160
C	13.312	23.375	-17.503	160
N	12.185	23.7	-16.837	161
CA	12.194	24.642	-15.702	161
C	12.615	24.181	-14.315	161
N	12.8	22.868	-14.116	162
CA	12.944	22.37	-12.783	162
C	14.133	22.943	-12.027	162
N	15.309	23.08	-12.681	163
CA	16.494	23.626	-11.992	163
C	16.368	25.105	-11.638	163
N	15.244	25.721	-12.006	164
CA	14.971	27.147	-11.674	164
C	13.831	27.311	-10.687	164
N	13.251	26.185	-10.259	165
CA	12.322	26.188	-9.119	165
C	12.731	25.163	-8.03	165
N	14.001	25.147	-7.631	166
CA	14.541	24.064	-6.775	166
C	14.036	24.049	-5.324	166
N	13.621	25.213	-4.821	167
CA	13.258	25.382	-3.404	167
C	11.848	25.902	-3.248	167
N	11.253	25.57	-2.118	168
CA	9.905	26.02	-1.763	168
C	9.672	27.506	-1.948	168
N	8.567	27.815	-2.606	169
CA	8.158	29.229	-2.819	169
C	8.614	29.821	-4.139	169
N	9.586	29.177	-4.825	170
CA	10.099	29.704	-6.101	170
C	9.151	29.465	-7.267	170
N	9.201	30.336	-8.277	171
CA	8.247	30.357	-9.392	171
C	9.025	30.554	-10.636	171
N	8.479	30.0	-11.713	172
CA	8.912	30.275	-13.083	172
C	7.675	30.487	-13.955	172
N	7.89	31.02	-15.158	173
CA	6.819	31.28	-16.141	173
C	7.039	30.313	-17.265	173
N	5.963	29.594	-17.649	174
CA	5.944	28.644	-18.724	174
C	5.024	29.126	-19.822	174
N	5.559	29.367	-21.059	175
CA	4.708	29.713	-22.191	175
C	3.706	28.606	-22.425	175
N	2.525	28.978	-22.913	176
CA	1.491	27.973	-23.21	176
C	1.923	27.017	-24.281	176
N	1.494	25.745	-24.121	177
CA	1.697	24.685	-25.07	177
C	0.471	23.783	-24.97	177
N	0.369	22.809	-25.866	178
CA	-0.779	21.917	-25.915	178
C	-0.774	20.857	-24.766	178
N	-1.584	21.075	-23.738	179
CA	-1.655	20.149	-22.568	179
C	-2.193	18.768	-22.995	179
N	-2.954	18.719	-24.078	180
CA	-3.405	17.436	-24.606	180
C	-2.209	16.538	-25.01	180
N	-1.063	17.165	-25.206	181
CA	0.147	16.402	-25.596	181
C	0.787	15.731	-24.395	181
N	0.293	16.007	-23.178	182
CA	0.698	15.201	-21.974	182
C	-0.13	13.91	-21.771	182
N	-1.219	13.774	-22.546	183
CA	-2.133	12.642	-22.456	183
C	-1.595	11.5	-23.29	183
N	-1.925	10.283	-22.865	184
CA	-1.421	9.065	-23.511	184
C	-2.264	8.685	-24.741	184
N	-1.875	7.61	-25.438	185
CA	-2.725	7.14	-26.57	185
C	-4.066	6.613	-26.096	185
N	-5.056	6.715	-26.974	186
CA	-6.382	6.179	-26.695	186
C	-6.984	6.668	-25.348	186
N	-7.143	7.988	-25.212	187
CA	-7.788	8.609	-24.032	187
C	-9.253	8.217	-23.797	187
N	-9.862	7.602	-24.808	188
CA	-11.201	6.991	-24.675	188
C	-11.201	5.801	-23.693	188
N	-10.067	5.113	-23.552	189
CA	-9.887	4.026	-22.582	189
C	-9.387	4.482	-21.233	189
N	-10.231	4.35	-20.188	190
CA	-9.89	4.816	-18.832	190
C	-10.587	4.047	-17.716	190
N	-10.037	4.186	-16.502	191
CA	-10.682	3.756	-15.279	191
C	-11.376	4.943	-14.651	191
N	-12.549	4.69	-14.085	192
CA	-13.396	5.713	-13.435	192
C	-13.9	5.285	-12.04	192
N	-13.705	6.142	-11.03	193
CA	-14.26	5.888	-9.71	193
C	-14.376	7.15	-8.878	193
N	-15.179	7.058	-7.808	194
CA	-15.301	8.088	-6.862	194
C	-14.257	7.969	-5.735	194
N	-13.473	9.016	-5.541	195
CA	-12.459	8.992	-4.454	195
C	-12.168	10.346	-3.87	195
N	-10.898	10.56	-3.495	196
CA	-10.52	11.711	-2.734	196
C	-9.285	12.364	-3.301	196
N	-9.024	13.592	-2.854	197
CA	-7.682	14.142	-3.004	197
C	-6.695	13.207	-2.28	197
N	-5.525	12.98	-2.886	198
CA	-4.487	12.039	-2.321	198
C	-3.524	12.746	-1.398	198
N	-3.79	14.032	-1.165	199
CA	-2.975	14.888	-0.328	199
C	-3.901	15.499	0.76	199
N	-3.379	15.819	1.958	200
CA	-4.263	16.54	2.908	200
C	-4.824	17.831	2.209	200
N	-6.115	18.219	2.451	201
CA	-7.052	17.673	3.462	201
C	-7.784	16.392	3.072	201
N	-7.321	15.683	2.043	202
CA	-7.94	14.408	1.603	202
C	-9.464	14.428	1.333	202
N	-9.987	15.524	0.823	203
CA	-11.47	15.658	0.673	203
C	-12.054	14.541	-0.218	203
N	-13.14	13.89	0.241	204
CA	-13.64	12.741	-0.481	204
C	-14.559	13.206	-1.613	204
N	-14.038	14.139	-2.412	205
CA	-14.891	14.884	-3.343	205
C	-14.472	14.758	-4.817	205
N	-13.675	13.755	-5.156	206
CA	-13.039	13.682	-6.495	206
C	-13.663	12.609	-7.343	206
N	-14.066	13.001	-8.537	207
CA	-14.327	12.013	-9.538	207
C	-13.03	11.715	-10.269	207
N	-12.519	10.483	-10.151	208
CA	-11.237	10.105	-10.817	208
C	-11.365	9.584	-12.211	208
N	-10.489	10.013	-13.123	209
CA	-10.305	9.354	-14.434	209
C	-8.825	9.03	-14.614	209
N	-8.496	7.734	-14.591	210
CA	-7.096	7.335	-14.735	210
C	-6.966	6.726	-16.112	210
N	-6.141	7.346	-16.952	211
CA	-5.989	6.776	-18.324	211
C	-5.393	5.363	-18.383	211
N	-5.98	4.499	-19.219	212
CA	-5.457	3.127	-19.317	212
C	-3.941	2.996	-19.661	212
N	-3.454	3.781	-20.626	213
CA	-2.125	3.641	-21.201	213
C	-1.182	4.644	-20.546	213
N	0.032	4.203	-20.172	214
CA	1.038	5.175	-19.659	214
C	1.665	6.026	-20.785	214
N	2.325	7.131	-20.428	215
CA	3.223	7.82	-21.391	215
C	4.664	7.458	-20.949	215
N	5.663	7.701	-21.826	216
CA	7.051	7.582	-21.421	216
C	7.757	8.943	-21.331	216
N	8.698	9.005	-20.405	217
CA	9.686	10.086	-20.308	217
C	11.074	9.413	-20.258	217
N	12.168	10.136	-20.579	218
CA	13.502	9.55	-20.598	218
C	14.065	9.362	-19.187	218
N	15.089	8.518	-19.099	219
CA	15.801	8.249	-17.827	219
C	16.329	9.565	-17.341	219
N	16.751	10.452	-18.252	220
CA	17.369	11.72	-17.856	220
C	16.283	12.643	-17.268	220
N	15.138	12.688	-17.939	221
CA	13.964	13.512	-17.465	221
C	13.481	13.002	-16.102	221
N	13.308	11.673	-15.948	222
CA	12.87	11.14	-14.688	222
C	13.885	11.478	-13.569	222
N	15.177	11.381	-13.883	223
CA	16.173	11.702	-12.841	223
C	16.15	13.189	-12.441	223
N	15.907	14.072	-13.427	224
CA	15.845	15.513	-13.176	224
C	14.646	15.752	-12.236	224
N	13.525	15.065	-12.506	225
CA	12.33	15.234	-11.672	225
C	12.589	14.787	-10.233	225
N	13.356	13.684	-10.067	226
CA	13.606	13.06	-8.771	226
C	14.695	13.808	-7.979	226
N	15.544	14.595	-8.65	227
CA	16.771	15.173	-7.999	227
C	16.871	16.686	-7.958	227
N	16.063	17.376	-8.759	228
CA	16.14	18.857	-8.849	228
C	15.627	19.585	-7.623	228
N	14.611	19.012	-6.98	229
CA	13.728	19.792	-6.09	229
C	13.849	19.433	-4.591	229
N	13.594	20.436	-3.758	230
CA	13.624	20.361	-2.277	230
C	12.289	20.82	-1.742	230
N	11.829	20.217	-0.644	231
CA	10.629	20.649	0.142	231
C	10.864	21.945	0.936	231
N	12.125	22.277	1.128	232
CA	12.44	23.406	2.007	232
C	12.894	24.689	1.291	232
N	12.811	25.83	1.994	233
CA	13.267	27.134	1.439	233
C	14.758	27.106	1.142	233
N	15.198	28.041	0.291	234
CA	16.585	28.19	-0.165	234
C	17.548	28.488	0.991	234
N	17.041	29.187	2.0	235
CA	17.826	29.57	3.212	235
C	18.092	28.431	4.233	235
N	17.307	27.35	4.146	236
CA	17.313	26.261	5.127	236
C	18.669	25.568	5.328	236
N	19.207	25.654	6.568	237
CA	20.48	25.007	6.891	237
C	20.39	23.481	6.754	237
N	19.173	22.937	6.801	238
CA	18.951	21.492	6.708	238
C	17.921	21.161	5.634	238
N	18.371	21.09	4.369	239
CA	17.426	20.828	3.291	239
C	16.808	19.422	3.346	239
N	15.575	19.29	2.844	240
CA	14.915	17.991	2.702	240
C	14.609	17.819	1.201	240
N	15.032	16.7	0.616	241
CA	14.818	16.433	-0.834	241
C	13.339	16.135	-1.098	241
N	12.805	16.614	-2.222	242
CA	11.45	16.309	-2.583	242
C	11.489	15.018	-3.397	242
N	11.32	13.904	-2.672	243
CA	11.33	12.549	-3.233	243
C	10.217	11.75	-2.568	243
N	9.809	10.65	-3.211	244
CA	8.796	9.774	-2.589	244
C	7.526	10.559	-2.183	244
N	7.123	11.514	-3.046	245
CA	5.9	12.36	-2.713	245
C	4.591	11.765	-3.285	245
N	4.362	10.47	-3.012	246
CA	3.175	9.74	-3.412	246
C	2.588	9.043	-2.141	246
N	1.248	8.89	-2.124	247
CA	0.566	8.225	-1.029	247
C	0.528	6.681	-1.29	247
N	0.695	5.854	-0.236	248
CA	0.458	4.38	-0.411	248
C	-0.994	4.147	-0.932	248
N	-1.239	3.096	-1.73	249
CA	-2.65	2.694	-2.003	249
C	-3.541	2.457	-0.751	249
N	-4.857	2.658	-0.883	250
CA	-5.798	2.687	0.251	250
C	-6.629	1.376	0.136	250
N	-7.2	0.894	1.25	251
CA	-8.206	-0.199	1.148	251
C	-9.324	0.24	0.18	251
N	-9.892	-0.715	-0.563	252
CA	-11.01	-0.426	-1.505	252
C	-11.794	-1.729	-1.511	252
N	-12.781	-1.761	-0.627	253
CA	-13.549	-2.977	-0.295	253
C	-15.033	-2.723	-0.569	253
N	-15.72	-3.749	-1.071	254
CA	-17.149	-3.678	-1.48	254
C	-17.502	-2.498	-2.403	254
N	-16.52	-2.095	-3.212	255
CA	-16.681	-1.029	-4.212	255
C	-16.223	-1.548	-5.58	255
N	-16.505	-0.77	-6.633	256
CA	-16.1	-1.078	-7.977	256
C	-15.541	0.156	-8.723	256
N	-14.541	-0.116	-9.516	257
CA	-13.964	0.847	-10.407	257
C	-14.555	0.443	-11.739	257
N	-15.026	1.411	-12.492	258
CA	-15.622	1.06	-13.835	258
C	-14.661	1.354	-14.94	258
N	-14.659	0.541	-15.99	259
CA	-13.712	0.774	-17.066	259
C	-14.409	1.078	-18.349	259
N	-13.811	1.925	-19.179	260
CA	-14.474	2.219	-20.488	260
C	-13.984	1.334	-21.619	260
N	-13.103	0.408	-21.284	261
CA	-12.55	-0.536	-22.24	261
C	-12.952	-1.879	-21.648	261
N	-12.961	-2.943	-22.472	262
CA	-13.384	-4.229	-21.938	262
C	-12.115	-5.02	-21.776	262
N	-12.153	-6.04	-20.949	263
CA	-10.998	-6.904	-20.851	263
C	-11.394	-8.388	-20.86	263
N	-10.599	0.343	25.603	1
CA	-11.364	-0.903	26.11	1
C	-11.292	-1.862	24.967	1
N	-10.284	-1.134	24.711	2
CA	-9.962	-0.94	23.348	2
C	-9.572	-1.888	22.254	2
N	-8.949	-1.03	21.297	3
CA	-9.579	-1.656	20.13	3
C	-9.962	-1.362	18.687	3
N	-9.866	-0.185	18.069	4
CA	-9.316	-0.091	16.635	4
C	-9.904	-1.161	15.723	4
N	-9.981	-0.899	14.407	5
CA	-10.487	-1.852	13.42	5
C	-9.675	-1.759	12.156	5
N	-10.1	-2.511	11.118	6
CA	-9.557	-2.334	9.738	6
C	-10.508	-1.64	8.751	6
N	-11.515	-0.964	9.248	7
CA	-12.488	-0.408	8.299	7
C	-13.198	0.694	8.992	7
N	-13.344	1.838	8.327	8
CA	-14.203	2.882	8.869	8
C	-13.313	3.822	9.65	8
N	-13.918	4.588	10.592	9
CA	-13.293	5.712	11.263	9
C	-12.175	5.342	12.202	9
N	-12.168	4.094	12.703	10
CA	-11.103	3.708	13.643	10
C	-10.133	2.753	12.947	10
N	-10.207	2.754	11.612	11
CA	-9.3	2.036	10.653	11
C	-7.857	2.502	10.64	11
N	-7.038	1.925	9.769	12
CA	-5.588	1.983	9.941	12
C	-4.994	3.393	9.793	12
N	-5.605	4.255	8.981	13
CA	-5.075	5.614	8.894	13
C	-5.3	6.396	10.22	13
N	-6.153	5.897	11.107	14
CA	-6.404	6.544	12.421	14
C	-5.671	5.883	13.598	14
N	-5.064	4.726	13.337	15
CA	-4.325	4.022	14.416	15
C	-3.357	4.928	15.158	15
N	-2.663	5.787	14.422	16
CA	-1.63	6.723	15.074	16
C	-2.171	7.672	16.126	16
N	-3.49	7.851	16.151	17
CA	-4.114	8.792	17.107	17
C	-3.965	8.268	18.552	17
N	-4.28	6.987	18.757	18
CA	-4.258	6.38	20.083	18
C	-2.952	5.594	20.307	18
N	-2.265	5.265	19.227	19
CA	-1.087	4.397	19.209	19
C	-0.024	5.063	18.404	19
N	0.76	5.976	19.015	20
CA	1.713	6.805	18.261	20
C	2.727	5.987	17.385	20
N	3.106	4.784	17.824	21
CA	4.105	3.996	17.083	21
C	3.577	3.583	15.743	21
N	2.242	3.589	15.578	22
CA	1.677	3.226	14.242	22
C	2.011	4.271	13.133	22
N	2.35	5.492	13.561	23
CA	2.994	6.457	12.665	23
C	4.484	6.728	12.926	23
N	5.199	5.771	13.522	24
CA	6.646	5.904	13.832	24
C	7.527	5.113	12.872	24
N	8.68	4.674	13.337	25
CA	9.737	4.079	12.527	25
C	9.499	2.598	12.377	25
N	10.217	2.03	11.417	26
CA	10.278	0.606	11.21	26
C	8.918	-0.094	11.026	26
N	7.943	0.546	10.394	27
CA	6.639	-0.138	10.232	27
C	6.556	-1.304	9.204	27
N	5.77	-2.345	9.514	28
CA	5.458	-3.449	8.644	28
C	3.942	-3.496	8.428	28
N	3.511	-4.215	7.413	29
CA	4.306	-4.997	6.45	29
C	4.86	-4.116	5.311	29
N	5.593	-4.737	4.378	30
CA	6.183	-4.035	3.242	30
C	6.035	-4.811	1.995	30
N	6.353	-4.162	0.876	31
CA	6.363	-4.913	-0.396	31
C	7.79	-5.358	-0.621	31
N	7.957	-6.665	-0.833	32
CA	9.266	-7.311	-1.131	32
C	9.508	-7.282	-2.644	32
N	10.4	-6.374	-3.071	33
CA	10.706	-6.14	-4.531	33
C	12.186	-5.878	-4.77	33
N	12.64	-6.035	-6.006	34
CA	14.084	-6.157	-6.275	34
C	14.909	-4.939	-5.83	34
N	14.335	-3.733	-5.915	35
CA	15.088	-2.499	-5.653	35
C	15.562	-2.412	-4.222	35
N	14.874	-3.118	-3.307	36
CA	15.202	-3.069	-1.872	36
C	15.808	-4.401	-1.331	36
N	16.085	-5.388	-2.195	37
CA	16.621	-6.695	-1.721	37
C	18.152	-6.74	-1.839	37
N	18.812	-7.43	-0.892	38
CA	20.266	-7.636	-0.945	38
C	20.606	-9.037	-0.39	38
N	21.268	-9.88	-1.181	39
CA	21.663	-11.224	-0.682	39
C	22.647	-11.072	0.472	39
N	22.42	-11.799	1.578	40
CA	23.379	-11.845	2.704	40
C	23.834	-13.316	2.874	40
N	25.041	-13.665	2.405	41
CA	25.505	-15.059	2.486	41
C	25.671	-15.549	3.933	41
N	25.74	-14.637	4.912	42
CA	25.845	-15.07	6.322	42
C	24.524	-15.558	6.999	42
N	23.384	-15.347	6.348	43
CA	22.11	-15.727	6.993	43
C	22.002	-17.263	6.99	43
N	21.861	-17.921	8.153	44
CA	21.752	-19.411	8.218	44
C	20.314	-19.927	8.355	44
N	20.066	-21.174	7.93	45
CA	18.697	-21.618	8.019	45
C	18.261	-21.73	9.458	45
N	16.997	-21.399	9.683	46
CA	16.435	-21.612	10.99	46
C	16.243	-23.107	11.29	46
N	16.288	-23.397	12.584	47
CA	15.951	-24.728	13.125	47
C	14.788	-24.538	14.083	47
N	13.804	-25.437	13.938	48
CA	12.514	-25.374	14.644	48
C	12.517	-26.517	15.651	48
N	12.5	-26.155	16.942	49
CA	12.647	-27.122	18.031	49
C	11.376	-27.128	18.872	49
N	10.916	-28.327	19.21	50
CA	9.768	-28.462	20.041	50
C	8.462	-28.115	19.318	50
N	8.471	-28.038	17.984	51
CA	7.249	-27.679	17.207	51
C	6.278	-28.86	17.116	51
N	6.767	-30.091	17.344	52
CA	5.873	-31.243	17.269	52
C	5.185	-31.37	18.654	52
N	4.029	-30.695	18.783	53
CA	3.311	-30.675	20.051	53
C	2.615	-31.988	20.321	53
N	2.711	-32.447	21.578	54
CA	2.09	-33.715	21.971	54
C	0.555	-33.728	21.735	54
N	0.085	-34.791	21.056	55
CA	-1.367	-35.035	20.862	55
C	-2.156	-35.189	22.159	55
N	-1.473	-35.51	23.283	56
CA	-2.119	-35.632	24.619	56
C	-2.211	-34.308	25.348	56
N	-1.494	-33.297	24.838	57
CA	-1.662	-31.945	25.341	57
C	-2.647	-31.183	24.484	57
N	-3.167	-30.089	25.02	58
CA	-3.998	-29.207	24.205	58
C	-3.668	-27.721	24.408	58
N	-4.191	-26.883	23.506	59
CA	-3.638	-25.518	23.223	59
C	-4.824	-24.624	22.952	59
N	-4.795	-23.42	23.483	60
CA	-6.043	-22.637	23.566	60
C	-6.219	-21.819	22.265	60
N	-7.34	-22.023	21.569	61
CA	-7.665	-21.228	20.389	61
C	-8.663	-20.092	20.812	61
N	-8.373	-18.844	20.418	62
CA	-9.125	-17.638	20.891	62
C	-9.44	-16.73	19.701	62
N	-10.655	-16.184	19.652	63
CA	-10.984	-15.064	18.747	63
C	-10.786	-13.827	19.592	63
N	-9.792	-12.999	19.231	64
CA	-9.413	-11.856	20.1	64
C	-10.057	-10.562	19.525	64
N	-10.985	-10.759	18.575	65
CA	-11.674	-9.627	17.958	65
C	-10.972	-9.052	16.72	65
N	-9.756	-9.536	16.408	66
CA	-8.945	-8.996	15.32	66
C	-8.42	-10.061	14.437	66
N	-8.229	-11.26	15.009	67
CA	-7.843	-12.467	14.234	67
C	-8.271	-13.696	15.07	67
N	-7.916	-14.88	14.621	68
CA	-8.04	-16.089	15.446	68
C	-6.593	-16.448	15.836	68
N	-6.313	-16.522	17.141	69
CA	-4.984	-16.978	17.639	69
C	-4.934	-18.38	18.256	69
N	-3.799	-19.071	18.106	70
CA	-3.5	-20.27	18.884	70
C	-2.39	-19.87	19.889	70
N	-2.55	-20.251	21.148	71
CA	-1.428	-20.077	22.162	71
C	-0.421	-21.182	21.991	71
N	0.863	-20.872	22.116	72
CA	1.891	-21.878	21.877	72
C	2.79	-21.891	23.085	72
N	3.416	-23.068	23.37	73
CA	4.164	-23.196	24.646	73
C	5.565	-22.628	24.571	73
N	6.077	-22.062	25.669	74
CA	7.394	-21.489	25.667	74
C	8.523	-22.516	25.473	74
N	8.223	-23.822	25.547	75
CA	9.204	-24.871	25.109	75
C	9.454	-25.01	23.576	75
N	8.544	-24.499	22.733	76
CA	8.849	-24.276	21.32	76
C	9.829	-23.131	21.116	76
N	10.909	-23.397	20.405	77
CA	11.995	-22.413	20.175	77
C	12.449	-22.364	18.724	77
N	13.073	-21.257	18.325	78
CA	13.79	-21.254	17.055	78
C	15.271	-21.062	17.336	78
N	16.086	-21.809	16.609	79
CA	17.515	-21.579	16.645	79
C	18.012	-21.002	15.317	79
N	19.058	-20.187	15.389	80
CA	19.617	-19.621	14.176	80
C	19.59	-18.114	14.178	80
N	18.98	-17.529	15.223	81
CA	19.083	-16.088	15.469	81
C	20.104	-15.892	16.588	81
N	20.469	-14.654	16.855	82
CA	21.539	-14.466	17.841	82
C	21.173	-14.879	19.267	82
N	19.922	-14.592	19.699	83
CA	19.398	-15.014	20.996	83
C	18.432	-16.144	20.716	83
N	18.167	-16.978	21.725	84
CA	17.021	-17.936	21.576	84
C	15.687	-17.184	21.725	84
N	14.717	-17.513	20.851	85
CA	13.379	-16.935	20.852	85
C	12.398	-18.12	21.079	85
N	11.457	-17.982	22.019	86
CA	10.508	-19.061	22.327	86
C	9.132	-18.66	21.834	86
N	8.326	-19.638	21.483	87
CA	7.014	-19.299	20.908	87
C	6.019	-18.7	21.939	87
N	5.063	-17.91	21.41	88
CA	3.936	-17.423	22.234	88
C	2.538	-17.69	21.617	88
N	2.371	-17.402	20.321	89
CA	1.103	-17.66	19.65	89
C	1.308	-17.707	18.142	89
N	0.314	-18.227	17.438	90
CA	0.21	-18.063	16.002	90
C	-1.207	-17.533	15.602	90
N	-1.276	-16.855	14.454	91
CA	-2.55	-16.265	13.99	91
C	-2.519	-16.022	12.507	91
N	-3.68	-15.688	11.915	92
CA	-3.787	-15.454	10.469	92
C	-4.315	-14.05	10.055	92
N	-3.986	-13.638	8.85	93
CA	-4.59	-12.467	8.193	93
C	-5.17	-12.91	6.866	93
N	-6.297	-12.336	6.504	94
CA	-6.947	-12.722	5.214	94
C	-7.762	-11.638	4.579	94
N	-8.34	-11.903	3.398	95
CA	-9.083	-10.864	2.664	95
C	-10.601	-11.041	2.761	95
N	-11.242	-11.187	1.602	96
CA	-12.708	-11.403	1.604	96
C	-13.114	-12.18	0.361	96
N	-14.308	-12.796	0.354	97
CA	-14.67	-13.699	-0.765	97
C	-14.687	-13.021	-2.147	97
N	-15.045	-11.738	-2.213	98
CA	-14.987	-11.028	-3.505	98
C	-13.6	-10.576	-3.949	98
N	-12.64	-10.634	-3.015	99
CA	-11.248	-10.209	-3.237	99
C	-10.31	-10.976	-2.286	99
N	-10.026	-12.258	-2.615	100
CA	-9.38	-13.188	-1.676	100
C	-7.886	-13.066	-1.789	100
N	-7.423	-11.85	-1.508	101
CA	-6.03	-11.502	-1.621	101
C	-5.641	-10.694	-0.414	101
N	-5.591	-11.342	0.76	102
CA	-5.373	-10.62	2.021	102
C	-4.125	-10.914	2.837	102
N	-3.027	-11.323	2.2	103
CA	-1.734	-11.381	2.906	103
C	-1.358	-9.935	3.304	103
N	-0.479	-9.813	4.26	104
CA	0.103	-8.522	4.701	104
C	1.303	-8.141	3.836	104
N	2.356	-8.977	3.832	105
CA	3.508	-8.768	2.916	105
C	3.1	-9.078	1.489	105
N	3.613	-8.267	0.565	106
CA	3.474	-8.516	-0.923	106
C	4.87	-8.827	-1.507	106
N	4.892	-9.511	-2.646	107
CA	6.142	-9.859	-3.36	107
C	5.972	-9.3	-4.787	107
N	6.819	-8.332	-5.134	108
CA	6.771	-7.68	-6.464	108
C	5.352	-7.167	-6.696	108
N	4.749	-6.576	-5.633	109
CA	3.44	-5.915	-5.701	109
C	2.194	-6.809	-5.624	109
N	2.429	-8.114	-5.581	110
CA	1.356	-9.134	-5.613	110
C	0.995	-9.617	-4.196	110
N	-0.293	-9.578	-3.907	111
CA	-0.79	-10.094	-2.607	111
C	-0.932	-11.587	-2.79	111
N	-0.774	-12.343	-1.718	112
CA	-1.255	-13.718	-1.65	112
C	-2.634	-13.786	-0.959	112
N	-3.229	-14.985	-0.937	113
CA	-4.602	-15.127	-0.417	113
C	-4.667	-14.802	1.031	113
N	-3.589	-15.142	1.756	114
CA	-3.586	-15.003	3.195	114
C	-2.17	-15.104	3.795	114
N	-2.042	-15.002	5.119	115
CA	-0.676	-15.031	5.691	115
C	-0.754	-15.558	7.131	115
N	0.166	-16.469	7.467	116
CA	0.214	-16.997	8.855	116
C	1.412	-16.318	9.551	116
N	1.276	-15.988	10.84	117
CA	2.364	-15.436	11.635	117
C	2.609	-16.326	12.823	117
N	3.866	-16.767	13.036	118
CA	4.261	-17.541	14.271	118
C	5.138	-16.633	15.125	118
N	4.568	-16.207	16.261	119
CA	5.164	-15.155	17.066	119
C	6.017	-15.792	18.176	119
N	7.216	-15.221	18.392	120
CA	8.211	-15.687	19.383	120
C	8.735	-14.463	20.1	120
N	9.204	-14.652	21.358	121
CA	9.837	-13.57	22.079	121
C	11.233	-14.0	22.495	121
N	12.077	-13.004	22.788	122
CA	13.473	-13.212	23.249	122
C	13.522	-13.716	24.722	122
N	13.565	-15.029	24.859	123
CA	13.531	-15.676	26.159	123
C	14.903	-15.657	26.906	123
N	15.97	-15.291	26.214	124
CA	17.266	-15.102	26.904	124
C	17.269	-13.773	27.639	124
N	16.556	-12.776	27.096	125
CA	16.498	-11.434	27.675	125
C	15.286	-11.202	28.563	125
N	14.172	-11.866	28.245	126
CA	12.88	-11.46	28.811	126
C	12.087	-12.664	29.321	126
N	11.28	-12.485	30.399	127
CA	10.548	-13.604	31.023	127
C	9.332	-14.112	30.227	127
N	8.729	-13.237	29.437	128
CA	7.484	-13.521	28.728	128
C	7.295	-12.559	27.573	128
N	6.285	-12.866	26.746	129
CA	6.009	-12.075	25.524	129
C	5.529	-10.642	25.801	129
N	4.707	-10.478	26.844	130
CA	4.151	-9.196	27.211	130
C	5.229	-8.166	27.582	130
N	6.211	-8.641	28.339	131
CA	7.357	-7.842	28.785	131
C	8.263	-7.555	27.586	131
N	8.482	-8.577	26.773	132
CA	9.352	-8.482	25.571	132
C	8.811	-7.55	24.47	132
N	7.488	-7.413	24.395	133
CA	6.814	-6.757	23.261	133
C	7.209	-5.301	22.972	133
N	7.612	-4.549	23.997	134
CA	8.009	-3.148	23.803	134
C	9.434	-2.879	24.229	134
N	10.286	-3.885	24.082	135
CA	11.677	-3.753	24.469	135
C	12.596	-4.148	23.343	135
N	13.819	-3.606	23.401	136
CA	14.816	-3.873	22.352	136
C	14.966	-5.349	22.122	136
N	14.909	-5.756	20.854	137
CA	15.152	-7.139	20.451	137
C	14.028	-8.087	20.917	137
N	12.868	-7.54	21.259	138
CA	11.94	-8.373	21.981	138
C	11.293	-9.522	21.236	138
N	10.981	-9.313	19.945	139
CA	10.117	-10.277	19.21	139
C	10.711	-10.758	17.849	139
N	10.332	-11.973	17.445	140
CA	10.734	-12.526	16.135	140
C	9.517	-13.245	15.553	140
N	9.042	-12.789	14.407	141
CA	7.864	-13.403	13.802	141
C	8.254	-14.162	12.564	141
N	7.695	-15.37	12.355	142
CA	7.893	-16.069	11.096	142
C	6.6	-15.875	10.326	142
N	6.694	-15.619	9.029	143
CA	5.529	-15.352	8.172	143
C	5.516	-16.336	7.021	143
N	4.362	-16.954	6.807	144
CA	4.188	-17.898	5.719	144
C	3.101	-17.375	4.819	144
N	3.38	-17.278	3.521	145
CA	2.409	-16.717	2.521	145
C	1.573	-17.906	2.137	145
N	0.249	-17.703	1.971	146
CA	-0.693	-18.795	1.652	146
C	-1.426	-18.492	0.332	146
N	-1.385	-19.406	-0.623	147
CA	-2.22	-19.314	-1.852	147
C	-3.264	-20.436	-1.989	147
N	-4.245	-20.253	-2.889	148
CA	-5.223	-21.329	-3.231	148
C	-4.521	-22.488	-3.908	148
N	-4.831	-23.712	-3.495	149
CA	-4.284	-24.878	-4.133	149
C	-5.002	-26.113	-3.687	149
N	-4.236	-27.176	-3.473	150
CA	-4.677	-28.427	-2.835	150
C	-5.041	-28.244	-1.342	150
N	-5.989	-29.06	-0.888	151
CA	-6.395	-29.157	0.5	151
C	-5.195	-29.486	1.376	151
N	-5.14	-28.824	2.507	152
CA	-4.022	-28.93	3.401	152
C	-4.506	-29.492	4.769	152
N	-4.184	-30.772	5.035	153
CA	-4.648	-31.454	6.267	153
C	-4.151	-30.719	7.513	153
N	-2.929	-30.187	7.441	154
CA	-2.331	-29.511	8.607	154
C	-2.993	-28.189	8.967	154
N	-3.227	-27.344	7.965	155
CA	-4.027	-26.118	8.267	155
C	-5.46	-26.477	8.717	155
N	-6.031	-27.592	8.238	156
CA	-7.324	-28.029	8.749	156
C	-7.356	-28.379	10.252	156
N	-6.197	-28.688	10.841	157
CA	-6.063	-28.831	12.27	157
C	-6.419	-27.589	13.081	157
N	-6.265	-26.406	12.468	158
CA	-6.824	-25.147	13.012	158
C	-8.269	-24.869	12.512	158
N	-8.456	-24.944	11.188	159
CA	-9.723	-24.515	10.568	159
C	-10.954	-25.324	10.99	159
N	-10.783	-26.604	11.291	160
CA	-11.941	-27.378	11.711	160
C	-12.57	-26.907	13.049	160
N	-11.898	-26.072	13.848	161
CA	-12.439	-25.634	15.139	161
C	-13.098	-24.279	15.056	161
N	-13.123	-23.682	13.851	162
CA	-13.423	-22.23	13.684	162
C	-14.833	-21.907	14.173	162
N	-15.791	-22.834	13.945	163
CA	-17.202	-22.577	14.338	163
C	-17.409	-22.505	15.869	163
N	-16.404	-22.859	16.659	164
CA	-16.516	-22.661	18.128	164
C	-15.901	-21.433	18.65	164
N	-15.346	-20.619	17.759	165
CA	-14.764	-19.361	18.206	165
C	-15.313	-18.205	17.348	165
N	-16.586	-18.308	16.932	166
CA	-17.154	-17.276	16.045	166
C	-17.16	-15.82	16.507	166
N	-17.288	-15.585	17.803	167
CA	-17.416	-14.199	18.298	167
C	-16.252	-13.846	19.176	167
N	-15.985	-12.543	19.305	168
CA	-14.86	-12.073	20.129	168
C	-14.881	-12.589	21.569	168
N	-13.759	-13.126	22.022	169
CA	-13.66	-13.558	23.386	169
C	-13.861	-15.039	23.536	169
N	-14.53	-15.699	22.572	170
CA	-14.725	-17.126	22.654	170
C	-13.417	-17.963	22.494	170
N	-13.413	-19.151	23.121	171
CA	-12.218	-19.974	23.243	171
C	-12.587	-21.422	22.997	171
N	-11.618	-22.19	22.502	172
CA	-11.764	-23.646	22.403	172
C	-10.367	-24.251	22.503	172
N	-10.238	-25.506	22.961	173
CA	-8.915	-26.166	22.922	173
C	-8.705	-26.967	21.665	173
N	-7.446	-27.024	21.242	174
CA	-7.019	-27.747	20.057	174
C	-5.927	-28.743	20.524	174
N	-6.11	-30.035	20.27	175
CA	-5.067	-31.032	20.61	175
C	-3.761	-30.74	19.898	175
N	-2.653	-31.041	20.575	176
CA	-1.347	-30.869	19.971	176
C	-1.208	-31.522	18.615	176
N	-0.573	-30.765	17.714	177
CA	-0.12	-31.247	16.381	177
C	1.265	-30.663	15.987	177
N	1.832	-31.132	14.879	178
CA	3.168	-30.696	14.461	178
C	3.096	-29.293	13.747	178
N	3.505	-28.251	14.454	179
CA	3.42	-26.897	13.931	179
C	4.293	-26.768	12.646	179
N	5.329	-27.599	12.539	180
CA	6.239	-27.498	11.391	180
C	5.563	-27.855	10.059	180
N	4.463	-28.584	10.125	181
CA	3.687	-28.89	8.927	181
C	2.989	-27.687	8.309	181
N	2.875	-26.592	9.062	182
CA	2.325	-25.321	8.517	182
C	3.333	-24.543	7.652	182
N	4.605	-24.94	7.74	183
CA	5.697	-24.228	7.068	183
C	5.851	-24.739	5.656	183
N	6.349	-23.877	4.752	184
CA	6.578	-24.344	3.411	184
C	7.809	-25.21	3.237	184
N	7.957	-25.602	1.969	185
CA	9.22	-26.042	1.338	185
C	10.452	-25.147	1.443	185
N	11.58	-25.816	1.669	186
CA	12.864	-25.18	1.626	186
C	12.821	-23.881	2.449	186
N	12.458	-23.998	3.736	187
CA	12.476	-22.84	4.656	187
C	13.811	-22.122	4.632	187
N	14.847	-22.708	3.998	188
CA	16.158	-22.074	4.11	188
C	16.181	-20.781	3.294	188
N	15.258	-20.677	2.327	189
CA	15.142	-19.479	1.473	189
C	14.124	-18.491	2.064	189
N	14.585	-17.326	2.505	190
CA	13.707	-16.332	3.145	190
C	14.193	-14.881	2.968	190
N	13.303	-13.926	3.281	191
CA	13.599	-12.5	3.394	191
C	13.705	-12.12	4.892	191
N	14.684	-11.318	5.286	192
CA	14.807	-10.971	6.682	192
C	14.896	-9.442	6.805	192
N	14.174	-8.822	7.728	193
CA	14.269	-7.364	7.924	193
C	13.761	-6.948	9.327	193
N	14.224	-5.78	9.825	194
CA	13.734	-5.221	11.067	194
C	12.453	-4.386	10.86	194
N	11.404	-4.72	11.613	195
CA	10.132	-4.012	11.458	195
C	9.348	-3.967	12.742	195
N	8.024	-4.068	12.63	196
CA	7.096	-3.791	13.764	196
C	5.996	-4.813	13.866	196
N	5.214	-4.72	14.969	197
CA	3.862	-5.346	14.919	197
C	3.025	-4.713	13.768	197
N	2.193	-5.513	13.075	198
CA	1.393	-4.957	12.002	198
C	-0.016	-4.532	12.519	198
N	-0.236	-4.592	13.836	199
CA	-1.443	-4.033	14.442	199
C	-1.031	-3.159	15.596	199
N	-1.976	-2.319	16.096	200
CA	-1.722	-1.604	17.336	200
C	-1.311	-2.59	18.413	200
N	-0.336	-2.198	19.243	201
CA	0.331	-0.887	19.319	201
C	1.494	-0.595	18.3	201
N	1.789	-1.528	17.37	202
CA	2.782	-1.34	16.222	202
C	4.251	-1.11	16.736	202
N	4.572	-1.654	17.911	203
CA	5.926	-1.589	18.454	203
C	6.984	-1.969	17.394	203
N	7.998	-1.08	17.209	204
CA	9.055	-1.316	16.206	204
C	10.072	-2.298	16.805	204
N	9.605	-3.491	17.166	205
CA	10.414	-4.378	17.991	205
C	10.522	-5.748	17.401	205
N	10.127	-5.917	16.126	206
CA	10.067	-7.239	15.508	206
C	11.158	-7.573	14.497	206
N	11.743	-8.761	14.608	207
CA	12.653	-9.273	13.575	207
C	11.788	-10.19	12.679	207
N	11.603	-9.802	11.42	208
CA	10.726	-10.535	10.487	208
C	11.505	-11.525	9.657	208
N	10.999	-12.763	9.526	209
CA	11.512	-13.707	8.582	209
C	10.269	-14.086	7.766	209
N	10.25	-13.737	6.48	210
CA	9.167	-14.133	5.58	210
C	9.713	-15.215	4.641	210
N	9.151	-16.429	4.66	211
CA	9.706	-17.501	3.828	211
C	9.422	-17.209	2.35	211
N	10.332	-17.608	1.456	212
CA	10.182	-17.278	0.061	212
C	9.033	-18.077	-0.545	212
N	8.868	-19.331	-0.126	213
CA	7.888	-20.253	-0.793	213
C	6.559	-20.286	-0.028	213
N	5.414	-20.21	-0.758	214
CA	4.083	-20.179	-0.173	214
C	3.618	-21.623	0.083	214
N	2.649	-21.75	0.965	215
CA	1.919	-23.008	1.104	215
C	0.619	-22.861	0.347	215
N	-0.054	-23.992	0.142	216
CA	-1.421	-24.074	-0.487	216
C	-2.493	-24.561	0.482	216
N	-3.656	-23.895	0.446	217
CA	-4.876	-24.396	1.109	217
C	-5.948	-24.444	0.009	217
N	-6.948	-25.332	0.133	218
CA	-8.041	-25.329	-0.876	218
C	-8.901	-24.046	-0.886	218
N	-9.672	-23.9	-1.967	219
CA	-10.636	-22.814	-2.074	219
C	-11.62	-22.915	-0.983	219
N	-11.985	-24.152	-0.591	220
CA	-13.039	-24.303	0.375	220
C	-12.53	-23.938	1.745	220
N	-11.271	-24.284	2.04	221
CA	-10.609	-23.923	3.304	221
C	-10.47	-22.392	3.41	221
N	-10.035	-21.768	2.338	222
CA	-9.928	-20.302	2.32	222
C	-11.304	-19.609	2.518	222
N	-12.355	-20.101	1.825	223
CA	-13.665	-19.523	1.966	223
C	-14.189	-19.679	3.432	223
N	-13.888	-20.827	4.063	224
CA	-14.239	-21.098	5.441	224
C	-13.621	-20.118	6.364	224
N	-12.34	-19.829	6.14	225
CA	-11.629	-18.888	6.994	225
C	-12.188	-17.458	6.831	225
N	-12.444	-17.056	5.602	226
CA	-13.025	-15.75	5.294	226
C	-14.45	-15.469	5.844	226
N	-15.227	-16.521	6.129	227
CA	-16.659	-16.387	6.452	227
C	-17.036	-16.85	7.882	227
N	-16.071	-17.385	8.64	228
CA	-16.372	-18.027	9.967	228
C	-16.561	-17.082	11.119	228
N	-15.797	-15.97	11.077	229
CA	-15.578	-15.204	12.271	229
C	-16.155	-13.802	12.194	229
N	-16.425	-13.294	13.392	230
CA	-16.88	-11.918	13.678	230
C	-15.926	-11.207	14.633	230
N	-15.69	-9.907	14.396	231
CA	-14.852	-9.077	15.321	231
C	-15.513	-8.728	16.652	231
N	-16.829	-8.912	16.726	232
CA	-17.659	-8.416	17.861	232
C	-18.051	-9.549	18.783	232
N	-18.412	-9.167	20.007	233
CA	-18.827	-10.065	21.063	233
C	-20.209	-10.579	20.708	233
N	-20.567	-11.745	21.231	234
CA	-21.895	-12.322	20.949	234
C	-23.136	-11.465	21.342	234
N	-22.959	-10.47	22.171	235
CA	-24.12	-9.573	22.407	235
C	-23.999	-8.129	21.838	235
N	-23.114	-7.932	20.851	236
CA	-22.945	-6.629	20.205	236
C	-24.141	-6.323	19.288	236
N	-24.816	-5.176	19.526	237
CA	-25.935	-4.79	18.667	237
C	-25.54	-4.389	17.221	237
N	-24.251	-4.103	16.987	238
CA	-23.745	-3.854	15.62	238
C	-22.609	-4.841	15.289	238
N	-22.973	-6.061	14.831	239
CA	-21.991	-7.129	14.504	239
C	-21.171	-6.785	13.295	239
N	-19.9	-7.165	13.306	240
CA	-19.08	-6.901	12.146	240
C	-18.292	-8.17	11.827	240
N	-18.334	-8.594	10.56	241
CA	-17.616	-9.828	10.104	241
C	-16.131	-9.602	10.144	241
N	-15.372	-10.67	10.414	242
CA	-13.932	-10.592	10.438	242
C	-13.393	-10.865	9.05	242
N	-13.246	-9.79	8.277	243
CA	-12.708	-9.832	6.916	243
C	-11.688	-8.702	6.683	243
N	-10.83	-8.861	5.673	244
CA	-9.775	-7.822	5.329	244
C	-8.974	-7.366	6.531	244
N	-8.637	-8.352	7.381	245
CA	-7.906	-8.053	8.649	245
C	-6.37	-8.007	8.392	245
N	-5.963	-7.272	7.361	246
CA	-4.527	-7.075	7.039	246
C	-4.242	-5.537	6.895	246
N	-3.056	-5.097	7.308	247
CA	-2.606	-3.732	7.079	247
C	-2.117	-3.508	5.629	247
N	-2.391	-2.334	5.036	248
CA	-1.678	-1.93	3.765	248
C	-0.169	-1.915	3.924	248
N	0.573	-2.126	2.821	249
CA	2.022	-2.094	2.966	249
C	2.5	-0.673	3.24	249
N	3.666	-0.575	3.891	250
CA	4.227	0.687	4.416	250
C	5.33	1.218	3.52	250
N	5.596	2.527	3.543	251
CA	6.811	3.018	2.89	251
C	8.052	2.341	3.489	251
N	9.031	2.105	2.613	252
CA	10.289	1.428	2.959	252
C	11.419	1.99	2.141	252
N	12.205	2.864	2.794	253
CA	13.056	3.853	2.073	253
C	14.426	4.003	2.71	253
N	15.472	4.006	1.878	254
CA	16.867	4.072	2.342	254
C	17.158	2.96	3.375	254
N	16.584	1.801	3.085	255
CA	16.676	0.633	3.95	255
C	16.57	-0.592	3.101	255
N	17.07	-1.698	3.64	256
CA	17.204	-2.885	2.848	256
C	16.611	-4.161	3.551	256
N	16.138	-5.065	2.726	257
CA	15.668	-6.364	3.153	257
C	16.757	-7.329	2.726	257
N	17.182	-8.226	3.621	258
CA	18.237	-9.151	3.254	258
C	17.681	-10.527	2.859	258
N	18.244	-11.175	1.84	259
CA	17.731	-12.461	1.421	259
C	18.745	-13.558	1.663	259
N	18.252	-14.759	1.943	260
CA	19.183	-15.906	2.137	260
C	19.386	-16.68	0.828	260
N	18.909	-16.109	-0.276	261
CA	18.936	-16.755	-1.589	261
C	19.382	-15.667	-2.555	261
N	20.193	-16.039	-3.549	262
CA	20.799	-15.014	-4.399	262
C	20.119	-15.064	-5.73	262
N	19.662	-16.084	-5.075	263
CA	20.574	-17.096	-5.655	263
C	20.841	-17.427	-7.102	263
N	33.337	29.704	55.465	1
CA	33.43	28.36	54.91	1
C	31.99	28.347	54.926	1
N	31.443	27.906	53.817	2
CA	31.558	27.345	52.474	2
C	32.142	26.016	52.04	2
N	32.134	24.89	51.174	3
CA	31.761	24.95	49.758	3
C	31.884	23.549	49.155	3
N	30.931	23.19	48.307	4
CA	30.895	21.826	47.829	4
C	31.963	21.642	46.761	4
N	32.354	20.384	46.532	5
CA	33.47	19.971	45.66	5
C	33.116	18.614	45.055	5
N	33.94	18.12	44.122	6
CA	33.833	16.762	43.645	6
C	34.792	15.754	44.29	6
N	35.539	16.163	45.322	7
CA	36.58	15.276	45.819	7
C	36.852	15.61	47.275	7
N	36.803	14.602	48.157	8
CA	37.206	14.751	49.587	8
C	35.953	14.901	50.448	8
N	36.092	15.354	51.72	9
CA	34.898	15.284	52.625	9
C	33.715	16.148	52.23	9
N	33.869	17.045	51.234	10
CA	32.739	17.9	50.843	10
C	32.216	17.49	49.47	10
N	32.641	16.279	49.074	11
CA	32.307	15.701	47.805	11
C	30.892	15.185	47.747	11
N	30.572	14.51	46.64	12
CA	29.169	14.308	46.274	12
C	28.22	13.51	47.216	12
N	28.761	12.53	47.947	13
CA	28.052	11.81	49.001	13
C	27.597	12.669	50.175	13
N	28.21	13.835	50.378	14
CA	27.724	14.706	51.412	14
C	27.06	15.985	50.916	14
N	26.92	16.151	49.606	15
CA	26.041	17.301	49.111	15
C	24.684	17.424	49.791	15
N	23.998	16.295	50.038	16
CA	22.729	16.309	50.755	16
C	22.781	16.976	52.148	16
N	23.946	17.061	52.807	17
CA	23.992	17.714	54.117	17
C	23.847	19.228	53.994	17
N	24.147	19.74	52.802	18
CA	24.147	21.159	52.542	18
C	23.005	21.614	51.645	18
N	22.52	20.684	50.837	19
CA	21.473	20.958	49.836	19
C	20.43	19.836	49.849	19
N	19.247	20.085	50.407	20
CA	18.308	18.983	50.615	20
C	17.938	18.199	49.342	20
N	17.772	18.881	48.2	21
CA	17.277	18.194	46.99	21
C	18.312	17.2	46.426	21
N	19.591	17.339	46.764	22
CA	20.638	16.357	46.355	22
C	20.431	14.953	46.914	22
N	19.682	14.825	48.039	23
CA	19.288	13.483	48.555	23
C	17.84	13.084	48.214	23
N	17.215	13.824	47.323	24
CA	15.789	13.606	47.012	24
C	15.49	12.796	45.807	24
N	14.279	12.973	45.322	25
CA	13.829	12.273	44.126	25
C	14.384	12.815	42.807	25
N	14.305	12.0	41.769	26
CA	14.467	12.489	40.336	26
C	15.911	13.01	40.023	26
N	16.917	12.444	40.689	27
CA	18.299	12.893	40.507	27
C	18.936	12.438	39.173	27
N	19.774	13.316	38.591	28
CA	20.593	13.028	37.385	28
C	22.051	13.16	37.73	28
N	22.995	12.606	36.93	29
CA	22.882	11.848	35.688	29
C	22.474	10.38	35.91	29
N	22.188	9.643	34.82	30
CA	21.837	8.229	34.872	30
C	22.621	7.45	33.817	30
N	22.566	6.114	33.933	31
CA	23.127	5.249	32.93	31
C	21.99	4.884	31.966	31
N	22.224	5.034	30.669	32
CA	21.175	4.849	29.653	32
C	21.446	3.477	29.124	32
N	20.539	2.522	29.425	33
CA	20.774	1.13	29.048	33
C	19.466	0.466	28.655	33
N	19.564	-0.653	27.938	34
CA	18.393	-1.259	27.224	34
C	17.131	-1.51	28.045	34
N	17.325	-2.029	29.259	35
CA	16.222	-2.474	30.134	35
C	15.287	-1.337	30.487	35
N	15.797	-0.108	30.539	36
CA	14.974	1.061	30.958	36
C	14.634	2.013	29.782	36
N	14.98	1.619	28.56	37
CA	14.641	2.412	27.364	37
C	13.244	2.041	26.792	37
N	12.442	3.052	26.424	38
CA	11.178	2.754	25.686	38
C	11.017	3.677	24.468	38
N	10.81	3.109	23.286	39
CA	10.597	3.957	22.098	39
C	9.323	4.808	22.259	39
N	9.394	6.086	21.887	40
CA	8.24	7.008	21.966	40
C	8.141	7.782	20.651	40
N	7.235	7.391	19.738	41
CA	7.139	8.055	18.44	41
C	6.675	9.524	18.564	41
N	6.112	9.913	19.713	42
CA	5.725	11.307	19.913	42
C	6.922	12.27	20.066	42
N	8.137	11.733	20.187	43
CA	9.32	12.595	20.374	43
C	9.855	13.118	19.049	43
N	9.437	14.336	18.703	44
CA	9.706	14.927	17.378	44
C	10.966	15.817	17.46	44
N	11.519	16.251	16.311	45
CA	12.794	17.009	16.417	45
C	12.597	18.317	17.126	45
N	13.606	18.748	17.881	46
CA	13.591	20.077	18.478	46
C	13.98	21.075	17.393	46
N	13.498	22.311	17.468	47
CA	14.038	23.36	16.605	47
C	14.838	24.356	17.441	47
N	16.071	24.619	17.022	48
CA	17.017	25.46	17.722	48
C	16.995	26.85	17.085	48
N	16.257	27.769	17.702	49
CA	16.121	29.124	17.141	49
C	17.023	30.151	17.779	49
N	17.598	31.016	16.942	50
CA	18.573	32.02	17.395	50
C	19.854	31.425	17.988	50
N	20.133	30.162	17.675	51
CA	21.445	29.53	18.007	51
C	22.593	30.097	17.2	51
N	22.282	30.685	16.038	52
CA	23.34	31.351	15.216	52
C	23.712	32.741	15.78	52
N	24.408	32.753	16.911	53
CA	24.775	33.99	17.588	53
C	25.573	34.974	16.709	53
N	25.227	36.242	16.836	54
CA	25.802	37.312	16.024	54
C	27.332	37.351	16.207	54
N	28.067	37.184	15.122	55
CA	29.541	37.335	15.162	55
C	29.946	38.752	15.594	55
N	29.007	39.699	15.519	56
CA	29.284	41.107	15.894	56
C	29.027	41.383	17.397	56
N	28.618	40.356	18.146	57
CA	28.377	40.513	19.562	57
C	29.431	39.684	20.277	57
N	29.562	39.899	21.576	58
CA	30.481	39.122	22.437	58
C	29.767	38.581	23.665	58
N	30.117	37.345	24.053	59
CA	29.436	36.612	25.095	59
C	30.414	36.287	26.24	59
N	29.97	36.463	27.484	60
CA	30.856	36.305	28.636	60
C	31.156	34.813	28.963	60
N	32.445	34.477	29.096	61
CA	32.92	33.161	29.55	61
C	33.512	33.357	30.964	61
N	33.104	32.489	31.883	62
CA	33.441	32.648	33.293	62
C	33.882	31.3	33.866	62
N	34.978	31.345	34.605	63
CA	35.347	30.222	35.485	63
C	34.613	30.46	36.835	63
N	33.639	29.592	37.164	64
CA	32.856	29.771	38.404	64
C	33.3	28.937	39.602	64
N	34.452	28.256	39.467	65
CA	34.964	27.475	40.568	65
C	34.567	26.015	40.444	65
N	33.58	25.707	39.594	66
CA	33.037	24.352	39.427	66
C	33.091	23.894	37.959	66
N	33.021	24.841	37.027	67
CA	33.058	24.546	35.58	67
C	33.523	25.832	34.893	67
N	33.532	25.82	33.557	68
CA	33.708	26.992	32.747	68
C	32.374	27.149	31.976	68
N	31.776	28.336	32.084	69
CA	30.412	28.555	31.54	69
C	30.395	29.766	30.55	69
N	29.639	29.642	29.492	70
CA	29.386	30.716	28.602	70
C	27.931	31.234	28.792	70
N	27.805	32.526	29.051	71
CA	26.506	33.152	29.092	71
C	25.849	33.17	27.69	71
N	24.576	32.836	27.661	72
CA	23.758	32.794	26.409	72
C	22.613	33.814	26.505	72
N	22.193	34.424	25.361	73
CA	21.158	35.479	25.402	73
C	19.735	34.884	25.399	73
N	18.783	35.548	26.064	74
CA	17.426	35.029	26.167	74
C	16.691	34.953	24.828	74
N	17.206	35.562	23.746	75
CA	16.529	35.358	22.43	75
C	16.742	33.983	21.809	75
N	17.786	33.274	22.237	76
CA	18.061	31.927	21.815	76
C	17.113	30.968	22.565	76
N	16.485	30.026	21.859	77
CA	15.48	29.157	22.477	77
C	15.265	27.831	21.79	77
N	14.712	26.883	22.525	78
CA	14.18	25.678	21.869	78
C	12.683	25.743	21.738	78
N	12.203	25.414	20.551	79
CA	10.805	25.31	20.3	79
C	10.517	23.841	19.939	79
N	9.299	23.409	20.187	80
CA	8.957	22.008	20.029	80
C	8.488	21.362	21.323	80
N	8.917	21.895	22.459	81
CA	8.369	21.434	23.735	81
C	7.022	22.136	24.002	81
N	6.326	21.781	25.092	82
CA	4.968	22.354	25.331	82
C	4.99	23.892	25.621	82
N	6.029	24.327	26.335	83
CA	6.392	25.724	26.443	83
C	7.683	26.03	25.71	83
N	7.911	27.33	25.485	84
CA	9.209	27.803	25.07	84
C	10.199	27.738	26.226	84
N	11.409	27.251	25.932	85
CA	12.538	27.345	26.877	85
C	13.62	28.263	26.327	85
N	13.988	29.307	27.037	86
CA	15.054	30.213	26.527	86
C	16.446	29.903	27.125	86
N	17.535	29.999	26.331	87
CA	18.88	29.697	26.827	87
C	19.347	30.633	27.918	87
N	20.146	30.09	28.834	88
CA	20.741	30.924	29.861	88
C	22.276	30.783	29.906	88
N	22.787	29.556	29.732	89
CA	24.247	29.332	29.727	89
C	24.61	27.953	29.206	89
N	25.87	27.773	28.8	90
CA	26.364	26.401	28.592	90
C	27.622	26.185	29.371	90
N	27.943	24.909	29.619	91
CA	29.122	24.598	30.424	91
C	29.515	23.144	30.178	91
N	30.652	22.779	30.738	92
CA	31.235	21.434	30.53	92
C	31.571	20.624	31.782	92
N	31.602	19.297	31.594	93
CA	32.08	18.334	32.647	93
C	33.145	17.411	32.04	93
N	34.205	17.127	32.807	94
CA	35.325	16.266	32.336	94
C	36.099	15.534	33.413	94
N	37.007	14.657	32.988	95
CA	37.722	13.749	33.921	95
C	39.121	14.283	34.23	95
N	40.154	13.49	33.917	96
CA	41.544	13.94	34.208	96
C	42.485	13.11	33.331	96
N	43.723	13.587	33.117	97
CA	44.632	12.935	32.134	97
C	44.942	11.449	32.447	97
N	44.93	11.079	33.727	98
CA	45.059	9.687	34.119	98
C	43.803	8.788	33.858	98
N	42.613	9.387	33.829	99
CA	41.355	8.641	33.595	99
C	40.375	9.536	32.822	99
N	40.633	9.745	31.519	100
CA	39.975	10.797	30.742	100
C	38.56	10.337	30.284	100
N	37.737	10.061	31.28	101
CA	36.374	9.587	31.053	101
C	35.445	10.269	32.037	101
N	35.141	11.545	31.808	102
CA	34.289	12.26	32.765	102
C	33.004	12.868	32.205	102
N	32.348	12.187	31.26	103
CA	30.913	12.495	31.04	103
C	30.091	12.256	32.308	103
N	28.902	12.836	32.37	104
CA	27.977	12.575	33.454	104
C	27.068	11.386	33.131	104
N	26.333	11.494	32.018	105
CA	25.534	10.387	31.542	105
C	26.463	9.322	30.986	105
N	26.061	8.066	31.139	106
CA	26.826	6.965	30.616	106
C	25.889	6.168	29.678	106
N	26.442	5.378	28.77	107
CA	25.593	4.583	27.827	107
C	26.048	3.145	27.907	107
N	25.123	2.248	28.24	108
CA	25.467	0.837	28.476	108
C	26.721	0.701	29.35	108
N	26.774	1.479	30.44	109
CA	27.913	1.481	31.304	109
C	29.124	2.329	30.922	109
N	29.234	2.725	29.641	110
CA	30.443	3.404	29.098	110
C	30.435	4.933	29.377	110
N	31.496	5.471	30.017	111
CA	31.625	6.937	30.189	111
C	32.203	7.484	28.919	111
N	31.788	8.693	28.499	112
CA	32.438	9.366	27.416	112
C	33.485	10.267	28.017	112
N	34.377	10.846	27.2	113
CA	35.468	11.728	27.672	113
C	34.977	12.945	28.421	113
N	33.894	13.559	27.941	114
CA	33.374	14.792	28.52	114
C	31.914	14.989	28.144	114
N	31.276	16.052	28.69	115
CA	29.892	16.338	28.362	115
C	29.615	17.847	28.328	115
N	28.815	18.246	27.356	116
CA	28.381	19.668	27.199	116
C	26.933	19.776	27.611	116
N	26.597	20.78	28.419	117
CA	25.21	21.056	28.82	117
C	24.839	22.422	28.344	117
N	23.725	22.497	27.608	118
CA	23.189	23.813	27.2	118
C	21.875	24.014	28.002	118
N	21.905	24.941	28.957	119
CA	20.845	25.082	29.982	119
C	19.792	26.125	29.5	119
N	18.5	25.793	29.608	120
CA	17.398	26.695	29.194	120
C	16.376	26.766	30.305	120
N	15.589	27.835	30.381	121
CA	14.506	27.93	31.397	121
C	13.166	28.202	30.715	121
N	12.079	27.903	31.421	122
CA	10.75	27.985	30.872	122
C	10.308	29.45	30.952	122
N	10.45	30.153	29.847	123
CA	10.195	31.581	29.827	123
C	8.731	31.962	29.565	123
N	7.894	30.97	29.26	124
CA	6.446	31.16	29.178	124
C	5.851	31.224	30.565	124
N	6.412	30.416	31.483	125
CA	5.946	30.351	32.875	125
C	6.711	31.258	33.83	125
N	8.004	31.506	33.59	126
CA	8.801	32.274	34.529	126
C	9.597	33.396	33.876	126
N	9.941	34.461	34.646	127
CA	10.595	35.645	34.061	127
C	12.096	35.537	33.771	127
N	12.811	34.682	34.505	128
CA	14.279	34.474	34.327	128
C	14.716	33.083	34.849	128
N	15.961	32.684	34.558	129
CA	16.515	31.377	34.987	129
C	16.508	31.193	36.521	129
N	16.877	32.248	37.266	130
CA	16.926	32.213	38.734	130
C	15.548	31.871	39.332	130
N	14.471	32.528	38.908	131
CA	13.175	32.124	39.449	131
C	12.583	30.798	38.893	131
N	12.941	30.419	37.672	132
CA	12.518	29.099	37.139	132
C	13.178	27.895	37.846	132
N	14.394	28.116	38.35	133
CA	15.313	27.009	38.638	133
C	14.75	26.022	39.634	133
N	14.07	26.553	40.661	134
CA	13.494	25.726	41.704	134
C	11.989	25.472	41.557	134
N	11.448	25.727	40.371	135
CA	10.022	25.657	40.146	135
C	9.591	24.626	39.089	135
N	8.315	24.231	39.195	136
CA	7.697	23.213	38.341	136
C	7.948	23.449	36.841	136
N	8.421	22.416	36.123	137
CA	8.857	22.529	34.706	137
C	9.783	23.749	34.394	137
N	10.622	24.09	35.36	138
CA	11.425	25.314	35.259	138
C	12.509	25.248	34.182	138
N	13.099	24.063	33.986	139
CA	14.369	23.947	33.213	139
C	14.366	22.871	32.182	139
N	15.119	23.107	31.086	140
CA	15.382	22.084	30.081	140
C	16.848	22.115	29.656	140
N	17.5	20.947	29.707	141
CA	18.934	20.856	29.383	141
C	19.177	19.936	28.19	141
N	20.029	20.386	27.269	142
CA	20.45	19.563	26.145	142
C	21.814	19.071	26.534	142
N	22.021	17.759	26.421	143
CA	23.354	17.143	26.746	143
C	24.009	16.574	25.481	143
N	25.246	16.995	25.235	144
CA	26.086	16.442	24.15	144
C	27.26	15.653	24.694	144
N	27.298	14.353	24.35	145
CA	28.383	13.456	24.736	145
C	29.59	13.73	23.874	145
N	30.767	13.886	24.517	146
CA	32.039	14.17	23.836	146
C	33.062	12.993	23.929	146
N	33.57	12.576	22.799	147
CA	34.632	11.563	22.769	147
C	35.928	12.095	22.175	147
N	37.04	11.408	22.426	148
CA	38.317	11.88	21.954	148
C	38.488	11.366	20.512	148
N	38.822	12.272	19.607	149
CA	38.936	11.903	18.164	149
C	39.426	13.044	17.292	149
N	38.633	13.405	16.28	150
CA	38.988	14.537	15.408	150
C	39.01	15.895	16.118	150
N	39.952	16.76	15.729	151
CA	39.924	18.2	16.159	151
C	38.577	18.805	15.769	151
N	38.035	19.669	16.635	152
CA	36.695	20.187	16.438	152
C	36.849	21.722	16.427	152
N	36.811	22.352	15.232	153
CA	36.956	23.814	15.213	153
C	35.956	24.593	16.056	153
N	34.701	24.142	16.07	154
CA	33.589	24.793	16.766	154
C	33.787	24.811	18.296	154
N	34.117	23.653	18.908	155
CA	34.485	23.637	20.366	155
C	35.71	24.531	20.628	155
N	36.622	24.646	19.633	156
CA	37.811	25.508	19.85	156
C	37.498	27.019	19.969	156
N	36.327	27.381	19.474	157
CA	35.796	28.766	19.666	157
C	35.637	29.067	21.152	157
N	35.319	28.058	21.976	158
CA	35.406	28.157	23.469	158
C	36.818	27.882	24.02	158
N	37.397	26.753	23.6	159
CA	38.618	26.252	24.258	159
C	39.835	27.209	24.099	159
N	39.844	27.97	23.019	160
CA	40.992	28.875	22.729	160
C	41.106	30.005	23.763	160
N	40.055	30.194	24.589	161
CA	40.049	31.178	25.697	161
C	40.396	30.639	27.057	161
N	40.61	29.316	27.144	162
CA	40.792	28.677	28.438	162
C	41.935	29.228	29.289	162
N	43.069	29.487	28.649	163
CA	44.257	30.088	29.301	163
C	44.063	31.498	29.806	163
N	42.888	32.081	29.562	164
CA	42.57	33.429	30.102	164
C	41.473	33.477	31.163	164
N	40.918	32.309	31.48	165
CA	40.017	32.16	32.622	165
C	40.514	31.015	33.562	165
N	41.827	30.943	33.833	166
CA	42.399	29.8	34.574	166
C	41.878	29.709	36.035	166
N	41.465	30.831	36.628	167
CA	41.227	30.853	38.056	167
C	39.812	31.307	38.328	167
N	39.298	30.912	39.486	168
CA	37.896	31.211	39.886	168
C	37.598	32.694	39.822	168
N	36.47	33.05	39.187	169
CA	36.063	34.464	39.078	169
C	36.546	35.14	37.811	169
N	37.528	34.55	37.123	170
CA	38.065	35.148	35.896	170
C	37.084	35.048	34.721	170
N	37.128	36.057	33.849	171
CA	36.16	36.215	32.726	171
C	36.857	36.575	31.426	171
N	36.241	36.195	30.307	172
CA	36.744	36.515	28.98	172
C	35.566	36.687	28.059	172
N	35.731	37.469	26.992	173
CA	34.717	37.583	25.955	173
C	34.964	36.642	24.802	173
N	33.881	35.988	24.354	174
CA	33.917	35.133	23.197	174
C	32.954	35.682	22.144	174
N	33.445	35.928	20.89	175
CA	32.489	36.437	19.876	175
C	31.444	35.415	19.529	175
N	30.264	35.897	19.124	176
CA	29.181	35.003	18.695	176
C	29.601	34.011	17.613	176
N	29.134	32.765	17.755	177
CA	29.231	31.787	16.711	177
C	27.98	30.943	16.733	177
N	27.814	30.107	15.739	178
CA	26.64	29.248	15.704	178
C	26.737	28.056	16.663	178
N	26.024	28.146	17.794	179
CA	25.965	27.087	18.845	179
C	25.513	25.713	18.328	179
N	24.697	25.713	17.281	180
CA	24.316	24.484	16.666	180
C	25.504	23.628	16.121	180
N	26.624	24.268	15.805	181
CA	27.865	23.566	15.431	181
C	28.43	22.707	16.63	181
N	27.923	22.914	17.86	182
CA	28.385	22.082	19.009	182
C	27.563	20.793	19.152	182
N	26.543	20.657	18.306	183
CA	25.595	19.55	18.391	183
C	26.096	18.449	17.474	183
N	25.681	17.198	17.752	184
CA	26.21	16.088	16.958	184
C	25.33	15.844	15.718	184
N	25.724	14.853	14.911	185
CA	24.919	14.357	13.791	185
C	23.587	13.783	14.268	185
N	22.568	13.864	13.393	186
CA	21.242	13.31	13.637	186
C	20.618	13.725	15.013	186
N	20.523	15.037	15.234	187
CA	19.892	15.534	16.483	187
C	18.447	15.088	16.703	187
N	17.746	14.642	15.646	188
CA	16.397	14.086	15.842	188
C	16.388	12.786	16.74	188
N	17.569	12.159	16.928	189
CA	17.752	10.913	17.651	189
C	18.274	11.191	19.042	189
N	17.404	10.998	20.043	190
CA	17.77	11.414	21.445	190
C	17.084	10.581	22.514	190
N	17.654	10.677	23.722	191
CA	17.07	10.173	24.924	191
C	16.364	11.333	25.643	191
N	15.201	11.034	26.188	192
CA	14.392	12.014	26.957	192
C	13.906	11.525	28.358	192
N	14.254	12.238	29.437	193
CA	13.68	11.856	30.782	193
C	13.543	13.034	31.726	193
N	12.75	12.861	32.784	194
CA	12.644	13.898	33.768	194
C	13.662	13.678	34.864	194
N	14.419	14.725	35.148	195
CA	15.465	14.613	36.189	195
C	15.824	15.941	36.845	195
N	17.125	16.162	37.128	196
CA	17.576	17.215	38.048	196
C	18.837	17.869	37.551	196
N	19.148	18.989	38.182	197
CA	20.472	19.581	37.996	197
C	21.463	18.58	38.563	197
N	22.643	18.486	37.96	198
CA	23.631	17.494	38.4	198
C	24.61	18.102	39.378	198
N	24.417	19.377	39.658	199
CA	25.238	20.012	40.697	199
C	24.298	20.594	41.78	199
N	24.818	20.885	42.991	200
CA	23.965	21.632	43.952	200
C	23.394	22.907	43.288	200
N	22.112	23.274	43.568	201
CA	21.248	22.701	44.602	201
C	20.472	21.399	44.2	201
N	20.841	20.805	43.061	202
CA	20.24	19.556	42.521	202
C	18.683	19.551	42.333	202
N	18.104	20.732	42.045	203
CA	16.648	20.84	41.978	203
C	16.109	19.839	40.972	203
N	15.016	19.129	41.316	204
CA	14.399	18.099	40.468	204
C	13.436	18.672	39.381	204
N	13.928	19.632	38.603	205
CA	13.089	20.481	37.754	205
C	13.531	20.477	36.282	205
N	14.316	19.482	35.888	206
CA	14.942	19.482	34.536	206
C	14.315	18.457	33.607	206
N	13.903	18.921	32.44	207
CA	13.56	18.023	31.382	207
C	14.878	17.756	30.565	207
N	15.366	16.513	30.608	208
CA	16.606	16.167	29.931	208
C	16.421	15.701	28.483	208
N	17.229	16.215	27.575	209
CA	17.434	15.593	26.182	209
C	18.941	15.323	25.977	209
N	19.316	14.048	25.955	210
CA	20.694	13.662	25.687	210
C	20.774	13.172	24.25	210
N	21.616	13.804	23.43	211
CA	21.656	13.333	22.014	211
C	22.252	11.947	21.91	211
N	21.707	11.149	20.993	212
CA	22.188	9.773	20.798	212
C	23.69	9.68	20.383	212
N	24.121	10.574	19.495	213
CA	25.457	10.492	18.942	213
C	26.397	11.466	19.607	213
N	27.634	11.016	19.892	214
CA	28.653	11.913	20.434	214
C	29.252	12.789	19.367	214
N	29.903	13.87	19.801	215
CA	30.825	14.684	18.949	215
C	32.255	14.288	19.33	215
N	33.256	14.605	18.463	216
CA	34.649	14.434	18.798	216
C	35.401	15.75	18.973	216
N	36.33	15.766	19.909	217
CA	37.355	16.825	20.084	217
C	38.715	16.089	20.08	217
N	39.801	16.794	19.826	218
CA	41.1	16.103	19.705	218
C	41.698	15.81	21.067	218
N	42.742	14.973	21.076	219
CA	43.421	14.646	22.344	219
C	43.987	15.938	22.947	219
N	44.443	16.844	22.082	220
CA	45.034	18.1	22.572	220
C	43.979	19.012	23.165	220
N	42.792	19.049	22.543	221
CA	41.667	19.863	23.115	221
C	41.202	19.281	24.451	221
N	41.035	17.955	24.488	222
CA	40.686	17.312	25.736	222
C	41.754	17.59	26.82	222
N	43.047	17.509	26.492	223
CA	44.078	17.687	27.544	223
C	44.035	19.125	28.054	223
N	43.776	20.048	27.13	224
CA	43.627	21.501	27.495	224
C	42.487	21.728	28.464	224
N	41.306	21.178	28.138	225
CA	40.171	21.296	29.025	225
C	40.492	20.73	30.455	225
N	41.256	19.619	30.512	226
CA	41.48	18.914	31.771	226
C	42.619	19.568	32.567	226
N	43.424	20.445	31.97	227
CA	44.659	20.899	32.657	227
C	44.74	22.412	32.778	227
N	43.854	23.149	32.108	228
CA	43.931	24.635	32.063	228
C	43.412	25.349	33.307	228
N	42.452	24.739	34.001	229
CA	41.581	25.499	34.958	229
C	41.745	25.087	36.421	229
N	41.695	26.07	37.322	230
CA	41.699	25.791	38.763	230
C	40.358	26.127	39.401	230
N	40.008	25.425	40.48	231
CA	38.78	25.699	41.247	231
C	38.891	26.94	42.092	231
N	40.123	27.258	42.472	232
CA	40.462	28.331	43.424	232
C	40.873	29.715	42.811	232
N	40.914	30.761	43.638	233
CA	41.311	32.103	43.173	233
C	42.779	32.177	42.86	233
N	43.167	33.177	42.066	234
CA	44.574	33.333	41.65	234
C	45.581	33.313	42.829	234
N	45.176	33.747	44.012	235
CA	46.146	33.81	45.127	235
C	45.944	32.76	46.236	235
N	45.248	31.669	45.92	236
CA	44.776	30.733	46.953	236
C	45.882	29.824	47.503	236
N	46.164	29.925	48.798	237
CA	47.228	29.125	49.416	237
C	47.063	27.626	49.163	237
N	45.819	27.16	49.164	238
CA	45.505	25.735	48.971	238
C	44.812	25.575	47.595	238
N	45.61	25.608	46.485	239
CA	45.116	25.499	45.063	239
C	44.52	24.137	44.802	239
N	43.533	24.044	43.902	240
CA	42.895	22.766	43.626	240
C	42.647	22.808	42.116	240
N	43.189	21.84	41.368	241
CA	42.937	21.785	39.938	241
C	41.48	21.455	39.709	241
N	40.915	21.887	38.572	242
CA	39.526	21.646	38.203	242
C	39.494	20.436	37.285	242
N	39.301	19.289	37.945	243
CA	39.309	17.969	37.32	243
C	38.216	17.112	37.886	243
N	37.736	16.134	37.112	244
CA	36.761	15.138	37.633	244
C	35.531	15.883	38.204	244
N	35.086	16.919	37.475	245
CA	33.878	17.696	37.865	245
C	32.581	17.103	37.266	245
N	32.406	15.788	37.417	246
CA	31.188	15.032	36.996	246
C	30.633	14.25	38.221	246
N	29.299	14.142	38.264	247
CA	28.59	13.376	39.308	247
C	28.505	11.896	38.867	247
N	28.585	10.953	39.813	248
CA	28.356	9.513	39.557	248
C	26.902	9.345	39.094	248
N	26.618	8.302	38.307	249
CA	25.223	8.057	37.935	249
C	24.352	7.709	39.178	249
N	23.037	7.994	39.084	250
CA	22.089	7.868	40.157	250
C	21.227	6.6	39.963	250
N	20.62	6.125	41.049	251
CA	19.607	5.048	40.952	251
C	18.453	5.561	40.077	251
N	17.844	4.665	39.313	252
CA	16.769	5.06	38.398	252
C	15.924	3.83	38.272	252
N	14.966	3.71	39.176	253
CA	14.142	2.489	39.344	253
C	12.673	2.837	39.158	253
N	11.953	1.862	38.587	254
CA	10.568	1.913	38.072	254
C	10.467	2.71	36.744	254
N	11.099	3.872	36.73	255
CA	10.983	4.835	35.64	255
C	11.801	4.532	34.386	255
N	11.418	5.198	33.299	256
CA	11.92	4.925	31.962	256
C	12.567	6.154	31.336	256
N	13.405	5.883	30.357	257
CA	13.976	6.919	29.519	257
C	13.264	6.664	28.199	257
N	12.758	7.746	27.614	258
CA	12.012	7.625	26.346	258
C	12.973	7.91	25.175	258
N	12.912	7.121	24.108	259
CA	13.807	7.369	22.971	259
C	13.068	7.695	21.674	259
N	13.626	8.599	20.864	260
CA	13.077	8.934	19.492	260
C	13.553	7.992	18.361	260
N	14.405	7.047	18.738	261
CA	14.97	6.065	17.833	261
C	14.642	4.698	18.416	261
N	14.555	3.631	17.608	262
CA	14.226	2.338	18.219	262
C	15.44	1.547	18.741	262
N	16.286	1.031	17.881	263
CA	17.488	0.302	18.431	263
C	17.243	-1.179	18.801	263
N	20.336	5.317	67.119	1
CA	20.733	5.191	65.702	1
C	20.341	5.377	64.206	1
N	20.715	4.514	63.276	2
CA	20.201	3.209	63.712	2
C	19.749	2.565	62.277	2
N	19.51	3.006	60.942	3
CA	18.988	2.129	59.743	3
C	18.289	2.487	58.269	3
N	18.009	3.741	57.576	4
CA	18.48	3.85	56.153	4
C	17.878	2.835	55.206	4
N	17.878	3.187	53.916	5
CA	17.314	2.408	52.805	5
C	18.149	2.557	51.518	5
N	17.722	1.9	50.448	6
CA	18.307	2.133	49.121	6
C	17.401	2.955	48.17	6
N	16.324	3.517	48.692	7
CA	15.291	4.132	47.824	7
C	14.725	5.33	48.521	7
N	14.734	6.493	47.89	8
CA	13.838	7.569	48.362	8
C	14.598	8.535	49.247	8
N	13.879	9.195	50.163	9
CA	14.498	10.213	51.055	9
C	15.626	9.695	51.924	9
N	15.593	8.401	52.308	10
CA	16.58	7.928	53.266	10
C	17.593	7.019	52.545	10
N	17.602	7.132	51.21	11
CA	18.57	6.438	50.331	11
C	20.016	6.853	50.371	11
N	20.851	6.274	49.478	12
CA	22.301	6.333	49.691	12
C	22.929	7.727	49.688	12
N	22.358	8.708	48.987	13
CA	22.962	10.053	49.006	13
C	22.778	10.729	50.352	13
N	21.856	10.209	51.177	14
CA	21.606	10.795	52.519	14
C	22.276	10.01	53.644	14
N	22.941	8.872	53.338	15
CA	23.585	8.051	54.398	15
C	24.606	8.811	55.234	15
N	25.321	9.711	54.586	16
CA	26.336	10.516	55.35	16
C	25.826	11.424	56.461	16
N	24.511	11.702	56.456	17
CA	23.906	12.598	57.478	17
C	24.12	11.986	58.835	17
N	23.767	10.702	58.97	18
CA	23.885	9.963	60.233	18
C	25.124	9.051	60.371	18
N	25.69	8.685	59.224	19
CA	26.904	7.865	59.162	19
C	27.986	8.566	58.323	19
N	28.817	9.439	58.956	20
CA	29.669	10.356	58.236	20
C	30.706	9.616	57.362	20
N	31.05	8.35	57.677	21
CA	32.073	7.647	56.893	21
C	31.551	7.326	55.518	21
N	30.23	7.357	55.383	22
CA	29.634	7.173	54.058	22
C	29.991	8.282	53.062	22
N	30.424	9.441	53.608	23
CA	30.933	10.538	52.785	23
C	32.451	10.721	52.913	23
N	33.138	9.694	53.43	24
CA	34.567	9.799	53.769	24
C	35.426	9.108	52.733	24
N	36.611	8.666	53.164	25
CA	37.623	8.097	52.326	25
C	37.378	6.646	51.965	25
N	38.112	6.152	50.944	26
CA	38.177	4.729	50.618	26
C	36.834	4.03	50.36	26
N	35.878	4.724	49.743	27
CA	34.516	4.098	49.614	27
C	34.412	3.07	48.517	27
N	33.611	2.024	48.789	28
CA	33.277	0.921	47.885	28
C	31.781	0.942	47.573	28
N	31.373	0.301	46.468	29
CA	32.061	-0.467	45.494	29
C	32.623	0.447	44.365	29
N	33.311	-0.124	43.373	30
CA	33.945	0.684	42.329	30
C	33.757	0.009	40.991	30
N	34.021	0.773	39.927	31
CA	34.117	0.181	38.595	31
C	35.551	-0.306	38.363	31
N	35.672	-1.603	38.104	32
CA	36.967	-2.258	37.765	32
C	37.221	-2.169	36.261	32
N	38.097	-1.215	35.902	33
CA	38.419	-0.839	34.517	33
C	39.886	-0.513	34.293	33
N	40.333	-0.65	33.034	34
CA	41.761	-0.627	32.696	34
C	42.53	0.528	33.299	34
N	41.974	1.754	33.266	35
CA	42.767	2.923	33.728	35
C	43.219	2.854	35.189	35
N	42.551	2.034	36.018	36
CA	42.904	1.926	37.448	36
C	43.528	0.546	37.853	36
N	43.778	-0.346	36.885	37
CA	44.274	-1.705	37.164	37
C	45.811	-1.823	36.981	37
N	46.463	-2.507	37.917	38
CA	47.87	-2.792	37.794	38
C	48.173	-4.193	38.287	38
N	48.876	-4.976	37.462	39
CA	49.3	-6.344	37.839	39
C	50.274	-6.283	39.0	39
N	50.043	-7.113	40.031	40
CA	50.965	-7.177	41.184	40
C	51.394	-8.651	41.31	40
N	52.62	-8.932	40.855	41
CA	53.179	-10.274	40.872	41
C	53.319	-10.9	42.28	41
N	53.214	-10.102	43.36	42
CA	53.403	-10.599	44.755	42
C	52.082	-11.116	45.395	42
N	50.958	-10.902	44.704	43
CA	49.652	-11.407	45.173	43
C	49.657	-12.922	45.088	43
N	49.333	-13.599	46.19	44
CA	49.323	-15.096	46.171	44
C	47.905	-15.678	46.247	44
N	47.731	-16.952	45.945	45
CA	46.339	-17.373	46.024	45
C	45.866	-17.565	47.478	45
N	44.607	-17.192	47.764	46
CA	44.058	-17.425	49.091	46
C	43.851	-18.93	49.328	46
N	43.951	-19.321	50.582	47
CA	43.608	-20.686	50.947	47
C	42.382	-20.6	51.851	47
N	41.372	-21.452	51.578	48
CA	40.11	-21.448	52.345	48
C	40.113	-22.609	53.321	48
N	40.053	-22.277	54.605	49
CA	40.177	-23.246	55.704	49
C	38.913	-23.328	56.522	49
N	38.407	-24.551	56.749	50
CA	37.248	-24.617	57.629	50
C	35.947	-24.218	56.923	50
N	35.982	-24.034	55.593	51
CA	34.793	-23.684	54.765	51
C	33.819	-24.873	54.613	51
N	34.292	-26.103	54.786	52
CA	33.371	-27.27	54.77	52
C	32.646	-27.419	56.117	52
N	31.589	-26.619	56.35	53
CA	30.864	-26.561	57.636	53
C	30.153	-27.904	57.94	53
N	30.241	-28.345	59.201	54
CA	29.688	-29.655	59.558	54
C	28.171	-29.692	59.277	54
N	27.744	-30.745	58.591	55
CA	26.339	-30.927	58.267	55
C	25.464	-31.136	59.529	55
N	26.117	-31.521	60.639	56
CA	25.478	-31.718	61.963	56
C	25.345	-30.459	62.848	56
N	25.996	-29.369	62.421	57
CA	25.841	-28.097	63.087	57
C	24.84	-27.271	62.262	57
N	24.324	-26.22	62.876	58
CA	23.321	-25.284	62.325	58
C	23.827	-23.851	62.312	58
N	23.399	-23.092	61.279	59
CA	23.861	-21.681	61.115	59
C	22.701	-20.743	60.893	59
N	22.723	-19.581	61.535	60
CA	21.498	-18.757	61.534	60
C	21.342	-17.936	60.243	60
N	20.246	-18.125	59.502	61
CA	19.912	-17.245	58.368	61
C	18.955	-16.115	58.868	61
N	19.265	-14.849	58.556	62
CA	18.473	-13.723	59.126	62
C	18.138	-12.752	57.999	62
N	16.916	-12.208	57.97	63
CA	16.626	-11.051	57.096	63
C	16.864	-9.833	58.021	63
N	17.907	-9.07	57.741	64
CA	18.257	-7.903	58.62	64
C	17.556	-6.585	58.209	64
N	16.638	-6.687	57.258	65
CA	16.022	-5.472	56.673	65
C	16.751	-4.897	55.423	65
N	17.972	-5.33	55.142	66
CA	18.794	-4.782	54.054	66
C	19.325	-5.828	53.125	66
N	19.472	-7.04	53.656	67
CA	19.892	-8.197	52.824	67
C	19.46	-9.477	53.529	67
N	19.808	-10.639	52.976	68
CA	19.677	-11.909	53.713	68
C	21.07	-12.33	54.082	68
N	21.295	-12.558	55.386	69
CA	22.617	-12.97	55.838	69
C	22.63	-14.364	56.502	69
N	23.706	-15.141	56.275	70
CA	23.957	-16.355	56.99	70
C	25.159	-16.101	57.938	70
N	24.955	-16.325	59.229	71
CA	26.066	-16.197	60.197	71
C	27.053	-17.346	59.932	71
N	28.353	-17.04	60.019	72
CA	29.419	-18.025	59.786	72
C	30.277	-18.138	61.039	72
N	30.895	-19.327	61.29	73
CA	31.661	-19.522	62.524	73
C	33.078	-18.927	62.418	73
N	33.65	-18.536	63.564	74
CA	35.034	-17.997	63.617	74
C	36.13	-19.052	63.347	74
N	35.752	-20.343	63.312	75
CA	36.704	-21.381	62.908	75
C	36.891	-21.558	61.375	75
N	36.212	-20.721	60.615	76
CA	36.34	-20.674	59.194	76
C	37.397	-19.499	58.943	76
N	38.462	-19.745	58.17	77
CA	39.542	-18.731	58.007	77
C	39.967	-18.548	56.568	77
N	40.576	-17.404	56.243	78
CA	41.38	-17.35	55.038	78
C	42.848	-17.174	55.401	78
N	43.684	-17.848	54.627	79
CA	45.125	-17.646	54.703	79
C	45.628	-17.082	53.368	79
N	46.639	-16.21	53.46	80
CA	47.205	-15.529	52.261	80
C	47.22	-13.995	52.323	80
N	46.667	-13.425	53.402	81
CA	46.793	-11.987	53.639	81
C	47.843	-11.838	54.737	81
N	48.248	-10.623	55.025	82
CA	49.314	-10.492	56.009	82
C	48.935	-10.941	57.435	82
N	47.67	-10.703	57.822	83
CA	47.132	-11.257	59.079	83
C	46.143	-12.374	58.72	83
N	45.879	-13.251	59.683	84
CA	44.815	-14.278	59.516	84
C	43.449	-13.618	59.728	84
N	42.477	-13.965	58.857	85
CA	41.137	-13.448	58.983	85
C	40.149	-14.608	59.214	85
N	39.139	-14.402	60.071	86
CA	38.125	-15.453	60.349	86
C	36.725	-14.969	59.922	86
N	35.892	-15.881	59.422	87
CA	34.541	-15.523	58.956	87
C	33.612	-14.975	60.058	87
N	32.677	-14.109	59.632	88
CA	31.535	-13.691	60.481	88
C	30.134	-13.862	59.813	88
N	29.991	-13.57	58.506	89
CA	28.678	-13.725	57.799	89
C	28.906	-13.706	56.285	89
N	27.947	-14.209	55.518	90
CA	27.876	-13.997	54.067	90
C	26.444	-13.443	53.789	90
N	26.28	-12.779	52.651	91
CA	25.014	-12.132	52.288	91
C	25.065	-11.752	50.821	91
N	23.968	-11.239	50.252	92
CA	23.929	-10.978	48.784	92
C	23.407	-9.579	48.474	92
N	23.6	-9.14	47.234	93
CA	23.034	-7.875	46.715	93
C	22.484	-8.2	45.341	93
N	21.381	-7.563	44.983	94
CA	20.71	-7.815	43.702	94
C	19.851	-6.64	43.219	94
N	19.328	-6.779	42.002	95
CA	18.538	-5.7	41.369	95
C	17.067	-5.943	41.451	95
N	16.396	-6.068	40.297	96
CA	14.95	-6.292	40.323	96
C	14.458	-6.942	39.009	96
N	13.254	-7.495	38.997	97
CA	12.867	-8.273	37.789	97
C	12.892	-7.5	36.422	97
N	12.595	-6.195	36.439	98
CA	12.633	-5.334	35.217	98
C	14.079	-4.953	34.8	98
N	15.012	-5.011	35.769	99
CA	16.395	-4.612	35.559	99
C	17.315	-5.473	36.421	99
N	17.539	-6.748	35.992	100
CA	18.163	-7.804	36.817	100
C	19.686	-7.702	36.771	100
N	20.193	-6.507	37.157	101
CA	21.603	-6.201	37.025	101
C	22.062	-5.477	38.262	101
N	22.12	-6.183	39.396	102
CA	22.364	-5.55	40.672	102
C	23.591	-5.917	41.485	102
N	24.672	-6.327	40.835	103
CA	25.986	-6.421	41.5	103
C	26.397	-5.044	42.012	103
N	27.264	-5.054	43.005	104
CA	27.86	-3.869	43.565	104
C	29.023	-3.455	42.691	104
N	30.065	-4.286	42.563	105
CA	31.151	-4.019	41.649	105
C	30.677	-4.171	40.252	105
N	31.225	-3.313	39.387	106
CA	31.166	-3.397	37.893	106
C	32.523	-3.682	37.248	106
N	32.521	-4.257	36.06	107
CA	33.789	-4.592	35.359	107
C	33.653	-3.942	33.975	107
N	34.505	-2.953	33.704	108
CA	34.433	-2.163	32.445	108
C	33.003	-1.638	32.212	108
N	32.39	-1.168	33.312	109
CA	31.153	-0.415	33.253	109
C	29.938	-1.339	33.366	109
N	30.161	-2.664	33.302	110
CA	29.042	-3.654	33.276	110
C	28.666	-4.224	34.644	110
N	27.356	-4.198	34.957	111
CA	26.863	-4.847	36.186	111
C	26.711	-6.314	35.888	111
N	26.875	-7.129	36.921	112
CA	26.397	-8.501	36.896	112
C	25.044	-8.593	37.576	112
N	24.427	-9.789	37.501	113
CA	23.044	-9.959	37.967	113
C	22.957	-9.738	39.49	113
N	24.017	-10.157	40.196	114
CA	24.008	-10.144	41.632	114
C	25.424	-10.345	42.145	114
N	25.581	-10.235	43.453	115
CA	26.923	-10.344	44.017	115
C	26.842	-10.977	45.425	115
N	27.762	-11.92	45.72	116
CA	27.881	-12.562	47.041	116
C	29.072	-11.933	47.801	116
N	28.933	-11.673	49.101	117
CA	30.038	-11.199	49.96	117
C	30.204	-12.148	51.102	117
N	31.428	-12.617	51.337	118
CA	31.771	-13.471	52.512	118
C	32.729	-12.596	53.356	118
N	32.251	-12.179	54.527	119
CA	32.928	-11.179	55.365	119
C	33.701	-11.862	56.46	119
N	34.905	-11.32	56.727	120
CA	35.826	-11.927	57.679	120
C	36.367	-10.768	58.451	120
N	36.818	-11.059	59.676	121
CA	37.463	-10.054	60.492	121
C	38.892	-10.486	60.834	121
N	39.732	-9.491	61.157	122
CA	41.127	-9.753	61.535	122
C	41.222	-10.322	62.961	122
N	41.316	-11.658	63.054	123
CA	41.318	-12.387	64.318	123
C	42.73	-12.446	64.982	123
N	43.73	-11.958	64.289	124
CA	45.06	-11.841	64.874	124
C	45.012	-10.567	65.711	124
N	44.248	-9.572	65.287	125
CA	44.281	-8.27	66.015	125
C	43.139	-8.024	66.993	125
N	41.981	-8.601	66.677	126
CA	40.743	-8.234	67.311	126
C	39.986	-9.53	67.681	126
N	39.227	-9.454	68.79	127
CA	38.491	-10.556	69.401	127
C	37.273	-11.014	68.575	127
N	36.598	-10.057	67.912	128
CA	35.326	-10.343	67.194	128
C	35.09	-9.295	66.069	128
N	34.13	-9.568	65.189	129
CA	33.835	-8.635	64.084	129
C	33.318	-7.279	64.553	129
N	32.466	-7.26	65.615	130
CA	31.991	-5.987	66.199	130
C	33.138	-5.051	66.605	130
N	34.149	-5.608	67.286	131
CA	35.344	-4.819	67.66	131
C	36.135	-4.433	66.428	131
N	36.296	-5.364	65.466	132
CA	37.176	-5.144	64.303	132
C	36.662	-4.112	63.306	132
N	35.349	-3.938	63.248	133
CA	34.728	-3.335	62.073	133
C	35.2	-1.902	61.839	133
N	35.336	-1.122	62.921	134
CA	35.708	0.277	62.769	134
C	37.182	0.57	63.116	134
N	38.032	-0.453	63.067	135
CA	39.425	-0.313	63.403	135
C	40.352	-0.646	62.207	135
N	41.587	-0.141	62.274	136
CA	42.651	-0.394	61.267	136
C	42.774	-1.858	60.89	136
N	42.81	-2.155	59.578	137
CA	42.966	-3.518	59.092	137
C	41.882	-4.483	59.615	137
N	40.719	-3.978	59.964	138
CA	39.712	-4.807	60.686	138
C	39.024	-5.89	59.889	138
N	38.784	-5.631	58.601	139
CA	37.901	-6.563	57.772	139
C	38.464	-7.012	56.419	139
N	38.049	-8.193	55.94	140
CA	38.345	-8.624	54.579	140
C	37.115	-9.331	53.991	140
N	36.696	-8.892	52.814	141
CA	35.483	-9.446	52.164	141
C	35.848	-10.078	50.827	141
N	35.361	-11.304	50.596	142
CA	35.497	-11.912	49.295	142
C	34.199	-11.598	48.523	142
N	34.306	-11.22	47.25	143
CA	33.128	-10.895	46.428	143
C	33.062	-11.826	45.251	143
N	31.933	-12.526	45.064	144
CA	31.711	-13.367	43.906	144
C	30.656	-12.701	43.035	144
N	30.972	-12.488	41.753	145
CA	30.003	-11.94	40.771	145
C	29.102	-13.062	40.285	145
N	27.803	-12.77	40.094	146
CA	26.804	-13.847	39.754	146
C	26.131	-13.445	38.454	146
N	25.989	-14.356	37.501	147
CA	25.224	-14.035	36.26	147
C	24.204	-15.124	36.009	147
N	23.246	-14.842	35.112	148
CA	22.245	-15.843	34.716	148
C	22.882	-16.938	33.892	148
N	22.45	-18.173	34.119	149
CA	23.083	-19.28	33.433	149
C	22.485	-20.575	33.899	149
N	23.297	-21.595	34.15	150
CA	22.666	-22.853	34.535	150
C	22.164	-22.888	36.022	150
N	21.199	-23.748	36.334	151
CA	20.815	-23.985	37.781	151
C	22.01	-24.338	38.712	151
N	22.061	-23.728	39.913	152
CA	23.206	-23.923	40.844	152
C	22.764	-24.577	42.165	152
N	22.929	-25.916	42.269	153
CA	22.506	-26.584	43.502	153
C	23.13	-26.014	44.78	153
N	24.367	-25.542	44.704	154
CA	25.022	-24.99	45.885	154
C	24.4	-23.67	46.389	154
N	24.164	-22.723	45.507	155
CA	23.372	-21.527	45.883	155
C	21.965	-21.877	46.366	155
N	21.383	-22.981	45.849	156
CA	20.117	-23.39	46.344	156
C	20.086	-23.783	47.826	156
N	21.243	-24.147	48.417	157
CA	21.395	-24.396	49.844	157
C	21.087	-23.175	50.751	157
N	21.135	-21.957	50.169	158
CA	20.627	-20.702	50.739	158
C	19.188	-20.432	50.235	158
N	18.974	-20.456	48.924	159
CA	17.743	-19.906	48.315	159
C	16.491	-20.741	48.663	159
N	16.704	-22.027	48.895	160
CA	15.602	-22.93	49.27	160
C	14.954	-22.601	50.634	160
N	15.58	-21.734	51.451	161
CA	15.054	-21.385	52.785	161
C	14.469	-19.966	52.858	161
N	14.424	-19.28	51.742	162
CA	14.05	-17.837	51.775	162
C	12.63	-17.558	52.192	162
N	11.71	-18.474	51.917	163
CA	10.324	-18.231	52.34	163
C	10.091	-18.229	53.862	163
N	11.105	-18.618	54.632	164
CA	10.992	-18.508	56.074	164
C	11.66	-17.293	56.62	164
N	12.225	-16.466	55.768	165
CA	12.831	-15.194	56.278	165
C	12.345	-13.987	55.466	165
N	11.071	-14.033	55.079	166
CA	10.486	-13.002	54.175	166
C	10.516	-11.592	54.727	166
N	10.323	-11.428	56.057	167
CA	10.189	-10.07	56.665	167
C	11.356	-9.724	57.609	167
N	11.622	-8.419	57.802	168
CA	12.702	-7.993	58.746	168
C	12.678	-8.663	60.133	168
N	13.839	-9.116	60.619	169
CA	13.927	-9.728	61.933	169
C	13.616	-11.213	61.963	169
N	13.037	-11.762	60.881	170
CA	12.778	-13.21	60.818	170
C	14.081	-14.032	60.57	170
N	14.143	-15.249	61.117	171
CA	15.392	-16.044	61.194	171
C	15.019	-17.492	60.989	171
N	15.988	-18.294	60.532	172
CA	15.838	-19.726	60.336	172
C	17.237	-20.359	60.329	172
N	17.372	-21.499	60.999	173
CA	18.679	-22.191	61.106	173
C	18.808	-23.083	59.903	173
N	19.996	-23.079	59.282	174
CA	20.307	-23.786	58.024	174
C	21.362	-24.794	58.445	174
N	21.261	-26.084	58.041	175
CA	22.444	-26.972	58.281	175
C	23.737	-26.611	57.5	175
N	24.883	-26.916	58.102	176
CA	26.159	-26.668	57.439	176
C	26.259	-27.258	56.043	176
N	26.944	-26.531	55.162	177
CA	27.363	-27.051	53.882	177
C	28.733	-26.447	53.521	177
N	29.345	-26.949	52.451	178
CA	30.679	-26.479	52.051	178
C	30.555	-25.112	51.354	178
N	30.946	-24.046	52.053	179
CA	30.928	-22.697	51.488	179
C	31.727	-22.537	50.196	179
N	32.819	-23.297	50.077	180
CA	33.71	-23.174	48.944	180
C	32.999	-23.534	47.635	180
N	31.901	-24.273	47.734	181
CA	31.047	-24.558	46.552	181
C	30.388	-23.268	45.934	181
N	30.291	-22.175	46.701	182
CA	29.754	-20.868	46.185	182
C	30.823	-20.059	45.441	182
N	32.071	-20.555	45.473	183
CA	33.189	-19.809	44.826	183
C	33.345	-20.151	43.344	183
N	33.879	-19.221	42.534	184
CA	33.986	-19.564	41.135	184
C	35.242	-20.362	40.839	184
N	35.39	-20.682	39.553	185
CA	36.618	-21.267	38.991	185
C	37.843	-20.321	39.147	185
N	39.018	-20.942	39.283	186
CA	40.284	-20.237	39.235	186
C	40.284	-19.031	40.221	186
N	39.993	-19.325	41.489	187
CA	40.015	-18.262	42.52	187
C	41.383	-17.544	42.617	187
N	42.465	-18.15	42.074	188
CA	43.775	-17.488	42.124	188
C	43.751	-16.147	41.348	188
N	42.828	-16.01	40.402	189
CA	42.688	-14.777	39.639	189
C	41.692	-13.818	40.244	189
N	42.174	-12.655	40.661	190
CA	41.283	-11.719	41.352	190
C	41.768	-10.258	41.237	190
N	40.913	-9.332	41.685	191
CA	41.197	-7.889	41.83	191
C	41.299	-7.616	43.32	191
N	42.284	-6.796	43.751	192
CA	42.427	-6.53	45.173	192
C	42.553	-4.998	45.404	192
N	41.85	-4.439	46.397	193
CA	42.044	-3.007	46.737	193
C	41.533	-2.726	48.162	193
N	41.965	-1.626	48.739	194
CA	41.434	-1.249	50.002	194
C	40.224	-0.374	49.805	194
N	39.178	-0.763	50.504	195
CA	37.919	0.022	50.494	195
C	37.165	-0.026	51.798	195
N	35.841	-0.007	51.69	196
CA	34.951	0.217	52.833	196
C	33.813	-0.79	52.852	196
N	33.048	-0.869	53.963	197
CA	31.744	-1.533	53.901	197
C	30.886	-0.762	52.871	197
N	29.998	-1.413	52.135	198
CA	29.232	-0.715	51.107	198
C	27.812	-0.295	51.616	198
N	27.573	-0.497	52.919	199
CA	26.368	-0.006	53.61	199
C	26.792	0.726	54.85	199
N	25.875	1.567	55.438	200
CA	26.192	2.199	56.75	200
C	26.619	1.108	57.73	200
N	27.62	1.384	58.587	201
CA	28.285	2.675	58.71	201
C	29.407	3.035	57.7	201
N	29.631	2.196	56.661	202
CA	30.578	2.486	55.555	202
C	32.042	2.536	56.04	202
N	32.39	1.806	57.123	203
CA	33.751	1.998	57.721	203
C	34.806	1.677	56.632	203
N	35.873	2.501	56.542	204
CA	36.889	2.356	55.448	204
C	37.95	1.333	55.874	204
N	37.488	0.145	56.206	205
CA	38.327	-0.86	56.888	205
C	38.446	-2.164	56.193	205
N	38.002	-2.226	54.932	206
CA	37.884	-3.525	54.248	206
C	38.985	-3.758	53.196	206
N	39.652	-4.896	53.296	207
CA	40.507	-5.402	52.205	207
C	39.623	-6.225	51.255	207
N	39.276	-5.664	50.088	208
CA	38.435	-6.376	49.112	208
C	39.229	-7.302	48.222	208
N	38.671	-8.504	47.975	209
CA	39.108	-9.416	46.947	209
C	37.843	-9.756	46.084	209
N	37.819	-9.279	44.843	210
CA	36.769	-9.651	43.851	210
C	37.326	-10.685	42.893	210
N	36.715	-11.875	42.838	211
CA	37.248	-12.862	41.92	211
C	36.96	-12.508	40.472	211
N	37.902	-12.849	39.601	212
CA	37.804	-12.506	38.202	212
C	36.609	-13.131	37.504	212
N	36.358	-14.391	37.821	213
CA	35.363	-15.172	37.071	213
C	34.042	-15.215	37.854	213
N	32.895	-15.16	37.137	214
CA	31.596	-15.196	37.733	214
C	31.115	-16.642	37.995	214
N	30.101	-16.772	38.844	215
CA	29.367	-18.058	38.926	215
C	28.028	-17.901	38.166	215
N	27.352	-19.002	37.847	216
CA	25.998	-18.942	37.215	216
C	24.904	-19.414	38.174	216
N	23.749	-18.738	38.211	217
CA	22.545	-19.288	38.845	217
C	21.42	-19.229	37.796	217
N	20.365	-20.047	37.883	218
CA	19.352	-20.014	36.814	218
C	18.458	-18.745	36.776	218
N	17.793	-18.494	35.649	219
CA	16.77	-17.414	35.631	219
C	15.755	-17.528	36.807	219
N	15.313	-18.743	37.118	220
CA	14.329	-18.944	38.15	220
C	14.897	-18.661	39.54	220
N	16.15	-19.043	39.762	221
CA	16.817	-18.794	41.041	221
C	17.004	-17.304	41.221	221
N	17.376	-16.591	40.154	222
CA	17.572	-15.138	40.257	222
C	16.249	-14.414	40.612	222
N	15.197	-14.753	39.88	223
CA	13.888	-14.229	40.152	223
C	13.409	-14.546	41.574	223
N	13.672	-15.761	42.095	224
CA	13.25	-16.124	43.427	224
C	13.972	-15.198	44.39	224
N	15.235	-14.947	44.123	225
CA	16.016	-14.097	45.061	225
C	15.447	-12.664	45.039	225
N	15.146	-12.144	43.848	226
CA	14.633	-10.777	43.71	226
C	13.204	-10.582	44.267	226
N	12.414	-11.661	44.403	227
CA	11.003	-11.571	44.771	227
C	10.645	-12.056	46.2	227
N	11.59	-12.681	46.925	228
CA	11.255	-13.385	48.2	228
C	10.99	-12.499	49.409	228
N	11.756	-11.397	49.479	229
CA	12.019	-10.726	50.732	229
C	11.511	-9.269	50.709	229
N	11.19	-8.798	51.885	230
CA	10.773	-7.427	52.16	230
C	11.72	-6.812	53.163	230
N	11.927	-5.493	53.061	231
CA	12.805	-4.73	53.966	231
C	12.162	-4.432	55.31	231
N	10.85	-4.65	55.36	232
CA	10.006	-4.192	56.486	232
C	9.619	-5.353	57.433	232
N	9.334	-5.04	58.715	233
CA	8.773	-5.987	59.694	233
C	7.427	-6.527	59.268	233
N	7.107	-7.76	59.649	234
CA	5.781	-8.338	59.329	234
C	4.538	-7.493	59.777	234
N	4.743	-6.5	60.654	235
CA	3.636	-5.624	61.068	235
C	3.78	-4.151	60.62	235
N	4.534	-3.93	59.538	236
CA	4.679	-2.577	59.01	236
C	3.448	-2.262	58.135	236
N	2.725	-1.149	58.464	237
CA	1.656	-0.692	57.575	237
C	2.16	-0.237	56.185	237
N	3.452	0.039	56.003	238
CA	3.932	0.438	54.656	238
C	5.071	-0.468	54.187	238
N	4.729	-1.661	53.626	239
CA	5.763	-2.699	53.271	239
C	6.563	-2.306	52.048	239
N	7.864	-2.615	52.068	240
CA	8.712	-2.296	50.949	240
C	9.419	-3.627	50.553	240
N	9.303	-4.025	49.287	241
CA	10.057	-5.171	48.708	241
C	11.539	-4.935	48.752	241
N	12.292	-5.99	49.102	242
CA	13.757	-5.994	49.095	242
C	14.334	-6.225	47.691	242
N	14.487	-5.096	46.975	243
CA	15.009	-5.018	45.633	243
C	16.049	-3.859	45.531	243
N	16.929	-3.935	44.532	244
CA	17.943	-2.895	44.262	244
C	18.738	-2.553	45.502	244
N	19.077	-3.592	46.268	245
CA	19.846	-3.409	47.515	245
C	21.378	-3.443	47.241	245
N	21.839	-2.624	46.274	246
CA	23.23	-2.457	45.919	246
C	23.544	-0.929	45.967	246
N	24.751	-0.593	46.422	247
CA	25.192	0.793	46.315	247
C	25.729	1.163	44.892	247
N	25.474	2.403	44.45	248
CA	26.179	2.929	43.245	248
C	27.727	2.943	43.412	248
N	28.437	2.731	42.301	249
CA	29.877	2.75	42.268	249
C	30.372	4.171	42.638	249
N	31.515	4.187	43.292	250
CA	32.113	5.387	43.871	250
C	33.279	5.943	43.027	250
N	33.554	7.249	43.175	251
CA	34.759	7.846	42.598	251
C	35.937	7.04	43.085	251
N	36.904	6.79	42.181	252
CA	38.127	6.088	42.553	252
C	39.25	6.712	41.768	252
N	40.078	7.527	42.423	253
CA	40.854	8.592	41.736	253
C	42.205	8.668	42.391	253
N	43.262	8.668	41.577	254
CA	44.661	8.56	42.047	254
C	44.887	7.4	43.033	254
N	44.026	6.394	42.905	255
CA	43.977	5.207	43.768	255
C	43.969	4.016	42.815	255
N	44.355	2.837	43.308	256
CA	44.637	1.696	42.41	256
C	44.137	0.3	42.893	256
N	43.704	-0.487	41.924	257
CA	43.289	-1.848	42.147	257
C	44.379	-2.742	41.558	257
N	44.801	-3.746	42.319	258
CA	45.856	-4.639	41.858	258
C	45.291	-5.952	41.387	258
N	45.794	-6.504	40.271	259
CA	45.286	-7.779	39.804	259
C	46.321	-8.864	39.98	259
N	45.857	-10.096	40.187	260
CA	46.789	-11.209	40.381	260
C	47.097	-11.858	39.034	260
N	46.587	-11.266	37.947	261
CA	46.661	-11.832	36.589	261
C	47.141	-10.713	35.646	261
N	48.095	-10.991	34.769	262
CA	48.629	-9.917	33.941	262
C	47.761	-9.833	32.694	262
N	46.963	-10.866	32.471	263
CA	46.232	-10.992	31.21	263
C	45.181	-12.038	31.472	263
